84
99
46
85
86
87
88
89
90
189
1
190
191
192
193
194
195
196
197
198
198
2
199
200
201
202
203
204
205
206
207
207
3
208
209
210
211
212
213
214
215
216
216
1
41
217
218
219
220
221
222
223
224
225
224
1
225
226
227
228
229
134
95
41
117
112
34
136
137
119
114
119
114
119
114
39
145
93
137
97
67
121
113
78
148
149
140
12
50
124
113
32
147
92
142
96
29
143
155
146
157
130
113
130
113
32
130
113
27
149
94
22
131
121
131
118
131
118
131
115
31
164
95
165
133
116
163
88
134
119
134
117
20
134
117
23
134
119
161
95
135
122
135
121
172
176
137
122
167
138
121
28
180
139
134
139
135
139
123
17
139
123
41
180
92
280
141
123
40
141
123
39
283
185
143
123
64
286
195
145
125
145
124
20
145
146
194
147
125
36
196
189
84
35
190
150
151
205
193
84
60
194
198
155
156
156
125
8
156
125
853
206
209
309
218
219
218
287
27
288
289
290
291
292
293
294
295
296
296
28
297
298
299
300
301
302
303
304
305
305
29
306
307
308
309
310
311
312
313
314
314
30
315
316
317
318
319
320
321
322
323
323
31
324
325
326
327
328
329
330
331
332
332
32
333
334
335
336
337
338
339
340
341
349
8
350
351
352
353
354
355
356
357
349
1
350
351
352
353
354
355
356
357
358
358
2
359
360
361
362
363
364
365
366
367
367
3
368
369
370
371
372
373
374
375
376
397
398
399
400
401
402
403
404
405
1129
419
420
421
422
423
389
1
2
388
1
421
422
423
424
393
426
427
55
426
427
428
429
430
431
432
433
430
431
432
433
434
435
436
437
438
411
1
1134
412
413
414
415
416
417
418
419
420
419
1
420
421
422
423
424
425
426
427
428
428
12
429
430
431
432
433
434
435
436
437
437
9
438
439
440
441
442
443
444
445
446
446
14
447
448
449
450
451
452
453
454
455
455
11
456
457
458
459
460
461
462
463
464
464
16
465
466
467
468
469
470
471
472
473
473
7
474
475
476
477
478
479
480
481
482
482
8
483
484
485
486
487
488
489
490
491
491
9
492
493
494
495
496
497
498
499
500
500
10
501
502
503
504
505
506
507
508
509
561
562
563
564
565
566
567
568
567
568
569
570
571
572
573
574
575
526
55
1069
527
528
529
530
531
532
533
534
535
579
580
581
582
583
584
584
585
586
587
588
589
590
591
591
592
593
594
595
596
595
596
597
598
599
600
601
602
603
612
613
614
615
616
617
618
619
572
54
573
574
575
576
577
578
579
580
581
644
645
646
647
648
649
650
651
652
653
654
592
17
593
1
1
598
599
1
602
603
604
605
606
607
607
18
608
609
610
611
612
613
614
615
651
38
615
1
615
21
616
617
618
622
658
621
622
623
624
664
665
627
627
91
628
629
631
671
632
633
634
635
636
637
638
638
90
639
640
641
642
643
644
645
646
647
647
24
648
649
650
651
652
653
654
655
656
656
25
657
658
659
660
661
662
663
664
665
692
693
694
695
696
697
635
106
699
700
701
700
701
702
703
704
705
706
707
683
26
684
685
686
687
688
689
690
691
692
692
27
693
694
695
696
697
698
699
700
701
701
9
702
703
704
705
706
707
708
709
710
710
10
711
712
713
714
715
716
717
718
719
771
772
773
774
775
776
777
778
779
728
11
729
730
731
732
733
734
735
736
737
789
790
791
792
793
794
795
796
797
746
12
747
748
749
750
751
752
753
754
755
807
808
809
810
811
812
813
814
812
813
814
815
816
817
819
820
783
784
822
786
787
788
789
826
1
1
831
832
833
834
835
836
839
751
752
840
793
1
24
794
795
844
847
798
799
800
801
802
803
804
803
1
767
852
807
808
809
810
811
859
813
814
815
816
885
738
79
10
887
888
889
890
742
159
892
872
894
895
896
827
3
828
829
830
831
832
833
834
835
836
836
4
837
838
839
840
841
842
843
844
845
824
846
5
769
77
6
1
850
851
852
853
854
855
856
857
858
857
7
911
912
860
861
862
916
864
865
866
867
846
922
923
1
841
842
875
843
32
8
844
876
9
877
900
901
1
884
883
884
907
886
855
856
889
945
978
979
893
864
820
74
2
896
984
898
899
901
902
903
904
905
906
907
908
909
907
11
908
909
910
911
1001
1002
914
1004
916
918
12
918
919
920
922
923
924
925
926
924
1
925
926
927
928
929
930
931
932
933
933
2
934
935
936
937
938
939
940
941
942
1009
1010
1011
1012
1013
1014
1015
1016
1017
951
3
952
953
954
955
956
957
958
959
960
970
971
972
973
974
975
976
977
978
983
984
985
986
987
988
989
990
991
1042
1043
1044
1045
1046
1047
1048
1049
1050
1069
1070
1071
1072
1073
1074
1075
1076
995
4
996
997
998
999
1000
1001
1002
1003
1004
1004
48
1005
1006
1007
1008
1009
1010
1011
1012
1013
1011
51
1012
1013
1024
1025
1026
1
1
1119
1120
1023
1024
1025
1124
1027
1006
43
968
1029
1008
965
966
1
1
1038
1138
1031
1042
1
1
1047
1048
1049
1050
1051
1052
1053
1055
49
1056
1057
1058
1059
1060
1061
1062
1063
1064
1146
1147
1148
1149
1150
1151
1152
1153
1154
1170
1128
1130
1131
1174
1149
1177
1151
1136
1179
1180
1181
63
1
1
1024
1017
1018
1018
1
1057
1017
1018
1190
1020
1021
1021
1022
1022
1023
1079
1024
1025
1025
1026
1
1
1
1
1
1
1
1040
1041
1041
1042
1042
1043
1043
1044
1044
1045
1
1
1
1
1
1
1
1
1
1
1
1
1
1
1
1
1
1
1
1
1
1
1
1
1
1
1
1
1
1
1
1
1
1
1
1
1
1
1
1
1
1
1
1
1
1
1
1
1
1
1
1
1
1
1
1
1
1
1
1
1
1
1
1
1
1
1
1
1
1
1
1
1
1
1194
1195
1
1
1
1201
1202
1
1
1
1
1
1
1
1
1
1
1
1
1
1
1
1
1
1
1
1
1
1
1
1
1
1
1
1
1
1
1
1
1
1
1
1
1
1
1
1
