798
186
1
184
2
797
185
156
203
373
1
25
189
10
26
27
28
375
302
4
48
351
5
115
114
180
66
67
975
367
165
165
46
48
50
44
47
50
47
1
164
305
3
164
321
128
322
207
208
304
910
322
321
614
222
119
333
989
116
117
49
794
2
33
231
164
186
186
49
50
166
51
303
304
305
305
51
190
299
116
306
184
15
15
18
438
190
598
204
360
361
168
362
597
1
790
860
171
369
860
371
3
361
319
204
1
204
201
1
170
789
1
374
50
375
171
406
119
205
789
409
190
83
82
410
84
71
2
121
1
910
329
378
20
228
522
29
51
38
172
410
81
30
21
23
202
210
207
51
1
382
42
383
2
1
172
211
335
201
227
1
174
339
959
174
175
176
383
123
210
784
1
2
122
1
206
582
223
223
2
436
1
129
206
179
384
959
50
1
51
385
2
1
105
128
128
907
10
1
573
574
781
782
783
52
1
66
129
387
366
53
369
335
129
1
2
332
539
335
83
1
314
1
194
419
993
30
419
211
197
212
420
388
180
393
964
335
212
181
53
182
374
116
1
323
333
340
1
11
213
214
215
2
1
429
430
25
77
205
431
217
127
780
128
1
346
136
219
128
118
344
262
390
389
391
32
265
560
1
346
347
1
128
1
348
349
223
346
398
398
118
350
1
61
126
350
351
414
415
189
416
517
518
600
389
615
4
775
227
228
2
1
1
420
62
42
3
190
359
129
360
234
235
105
236
465
466
226
140
228
124
272
272
403
6
15
230
144
424
31
179
52
53
11
422
456
94
457
237
12
95
106
469
470
471
424
901
367
5
311
1
237
32
462
95
463
6
69
210
469
358
225
239
471
472
442
211
147
8
6
465
466
467
468
469
2
239
244
245
2
2
388
2
249
249
280
281
1
2
2
1
248
1
248
762
763
247
1
249
250
2
1
4
901
391
63
902
1
966
202
967
456
252
204
285
254
765
512
250
18
254
1
39
399
142
400
402
459
105
61
139
509
505
140
507
508
249
40
109
110
657
226
464
238
248
401
1
34
61
468
69
8
250
10
100
1002
537
538
11
289
812
43
431
510
356
543
813
2
260
263
260
262
32
141
403
69
472
74
209
304
264
1
263
1
406
264
408
409
267
268
304
2
267
1
1
312
268
269
493
212
482
270
29
271
1
63
488
461
1
457
127
592
279
280
489
490
1
3
231
231
422
393
5
395
537
259
260
2
113
538
3
753
61
106
539
240
783
3
151
265
281
4
201
517
3
285
601
602
286
550
603
118
1
1
430
148
104
431
252
750
253
31
536
105
147
284
433
148
6
433
1
283
464
1
221
222
284
223
1
224
222
284
72
1
505
284
436
152
437
223
224
1
423
2
287
3
218
558
238
559
509
3
50
1
1
442
107
70
7
550
38
551
508
1003
514
223
515
512
515
966
516
15
2
450
450
451
1
1
452
449
452
453
454
455
3
3
2
65
305
306
307
305
1
1
2
296
154
307
307
463
464
1
305
2
465
155
466
603
463
293
465
899
466
1
54
154
467
468
469
316
173
469
74
125
81
209
544
75
489
2
153
470
5
628
629
376
638
151
639
172
2
152
314
318
2
319
320
268
510
195
243
550
5
495
552
78
319
475
422
14
156
361
575
763
1013
86
213
348
43
559
11
354
555
1
1
54
41
77
556
77
557
76
120
1011
121
482
483
4
484
485
224
477
481
515
479
958
3
1
484
485
486
487
3
486
486
635
636
487
151
1
335
2
487
887
488
275
2
507
567
146
613
278
42
614
125
338
151
334
734
574
238
575
573
491
519
2
339
170
3
154
338
336
1
155
886
1
2
493
155
886
1
340
2
252
1
1
368
528
578
242
66
585
586
587
1
286
654
655
1038
152
656
625
657
658
659
285
317
18
501
160
510
521
18
18
17
129
286
130
131
287
507
86
508
352
509
510
156
510
166
6
600
601
14
517
370
1
1
155
362
366
367
358
256
363
1
132
368
1
369
2
370
2
366
1
530
159
531
532
374
375
3
3
3
6
2
432
347
1
348
3
160
538
539
7
7
1
379
723
379
1
246
162
355
1
1
515
542
1
1
445
233
2
79
1
1
1
1
549
550
884
107
387
2
388
2
1
1
390
1
164
1
390
556
1
164
391
11
567
884
165
556
166
259
1
391
976
652
261
653
386
393
166
2
97
657
658
560
166
560
547
561
170
396
563
562
561
1
166
167
563
551
167
399
3
399
400
317
57
732
397
398
880
566
567
314
1
316
1
1
569
570
884
571
2
2
405
379
1
407
457
310
406
407
408
716
1
408
716
1
407
716
110
379
519
483
147
1
582
582
888
583
308
383
200
1
306
1
12
304
1
1
1
366
525
371
736
1
420
166
5
1
599
84
297
600
430
232
113
169
116
3
3
654
606
9
17
1
117
457
124
604
608
105
15
168
714
715
716
273
722
440
1
375
722
32
443
389
723
719
105
221
53
614
2
615
615
109
894
1
447
337
448
153
448
375
448
263
1
585
449
1
450
172
239
1
623
307
308
358
317
782
298
153
779
780
274
113
13
172
628
894
626
457
458
717
1
41
736
628
230
109
77
1002
32
265
459
1
1
461
461
462
2
128
1
33
98
486
306
126
625
1
1
625
15
175
663
176
442
475
1
171
475
476
1
649
3
653
647
654
7
1
243
722
92
141
336
269
830
831
766
1033
896
3
3
2
281
238
896
658
897
898
1
98
583
584
759
760
487
486
725
488
283
725
652
487
256
489
2
9
491
492
25
232
492
724
270
232
1
473
1
463
414
1
1
1
225
225
501
502
503
225
17
224
225
225
504
730
505
1
53
224
1
224
224
1
1
1
1
1
1
1
1
1
46
215
421
215
649
520
249
111
1
1
294
234
529
773
524
245
1
707
708
709
93
209
274
71
206
602
1
1
1
594
2
2
2
217
1
1
198
198
1
1
197
310
293
544
119
196
1
1
1
1
1
1
380
136
190
1
1
330
1
1
1
467
184
535
1
1
697
181
185
610
208
219
178
1
857
504
667
177
413
179
570
608
609
178
1
178
180
1
180
1
27
180
1
1
183
223
182
1
1
104
699
1
182
1
1
1
188
1
1
1
1
185
185
1
294
1
1
188
1
1
1
1
595
523
780
1
187
1
1
1
1
1
1
1
181
342
1
1
180
314
2
1
178
774
182
1
1
776
667
1
189
1
408
1
