279
265
429
851
862
21
992
147
694
318
326
83
996
894
193
836
662
978
50
71
364
580
803
108
755
969
48
739
454
469
383
205
362
86
415
524
287
117
85
192
14
132
229
279
258
583
713
240
39
150
49
699
325
194
301
348
244
727
103
313
315
334
353
339
118
53
164
397
713
509
72
29
637
597
215
704
99
655
646
60
171
61
681
499
231
483
119
711
14
118
163
16
473
246
26
262
193
398
21
424
111
183
590
88
423
65
299
11
770
132
934
857
760
680
326
671
841
910
945
700
289
486
669
200
245
107
631
130
809
62
853
152
498
79
15
343
957
564
172
761
412
634
589
69
104
127
261
117
861
808
181
673
70
873
126
430
628
301
1040
217
432
230
125
452
656
76
193
46
163
201
547
307
418
643
532
182
48
522
501
670
109
353
334
559
345
240
226
234
202
301
148
74
283
309
269
310
695
38
339
744
284
237
24
1
70
389
548
46
179
268
660
344
646
145
651
426
123
86
183
358
273
401
322
491
606
140
379
618
147
465
345
45
105
879
984
886
640
35
447
674
276
745
1008
1079
1102
377
393
174
364
93
102
17
1018
583
893
19
1004
193
673
347
834
3
7
753
120
1019
805
1036
779
614
394
423
857
824
470
552
1050
401
473
393
803
867
199
26
803
998
749
94
665
301
109
902
403
976
978
651
732
896
239
314
280
83
610
134
784
617
366
31
350
253
294
53
261
194
613
22
239
137
715
157
20
41
112
313
265
177
244
201
151
196
139
674
260
361
783
279
156
75
762
162
3
152
701
33
674
146
122
623
770
722
93
175
82
334
731
591
307
316
298
441
709
454
650
694
928
9
637
14
796
749
17
361
16
121
793
409
1034
362
425
994
379
969
944
171
326
44
443
549
775
260
259
554
60
314
345
214
495
179
831
528
677
274
42
849
637
87
939
911
219
161
509
23
617
117
930
366
796
234
75
486
227
125
711
482
626
651
803
521
329
131
508
201
128
605
36
290
666
273
596
149
252
214
219
649
168
390
651
286
688
24
295
286
258
376
640
655
317
410
118
335
322
194
668
319
7
37
421
57
49
362
486
121
189
690
442
165
230
56
243
171
387
447
527
288
752
254
167
641
359
818
877
50
211
668
156
196
462
692
93
109
200
492
349
560
811
454
247
441
201
401
73
192
39
161
137
631
863
39
48
93
902
1056
611
767
787
511
474
1112
553
111
724
821
353
1050
784
628
740
787
445
641
20
960
340
654
914
210
1042
1018
81
109
793
75
332
231
809
219
273
24
251
400
306
288
81
162
411
441
243
129
289
232
69
292
89
431
322
417
352
110
356
124
488
175
143
405
541
197
381
439
88
44
578
362
279
401
84
53
61
445
476
127
24
937
170
1003
15
129
114
525
236
808
16
179
680
128
618
158
384
44
666
452
562
301
383
165
360
361
18
307
559
284
476
943
962
9
824
14
218
10
28
476
44
345
664
999
425
1040
580
573
119
6
659
354
854
154
407
182
420
181
390
317
10
473
336
594
410
154
37
170
241
354
654
91
373
612
9
255
216
49
178
284
205
111
199
183
685
199
540
670
429
149
92
441
415
111
162
211
505
16
267
314
86
20
347
661
196
312
303
118
289
11
514
17
666
22
492
254
167
47
340
321
601
414
91
466
401
42
753
671
550
770
1104
864
74
979
453
754
1009
182
1060
748
608
972
360
504
21
208
601
862
518
520
132
792
379
618
1027
1063
971
382
17
156
645
716
304
1002
84
141
384
462
214
341
298
506
147
80
620
237
647
91
59
261
712
91
788
133
787
92
10
92
486
198
349
334
213
403
215
645
372
171
716
337
363
97
257
200
664
454
296
129
426
78
395
565
46
580
310
274
174
499
591
792
19
666
487
964
50
326
117
526
452
312
151
734
601
656
267
409
602
617
179
138
11
9
27
390
648
269
398
266
523
423
234
475
62
683
168
108
322
193
20
521
179
231
85
371
24
647
158
331
353
145
5
312
529
33
560
434
378
271
583
154
418
282
425
651
366
204
780
704
670
127
282
399
789
340
164
96
322
117
294
820
368
426
32
203
23
818
992
30
338
63
142
198
321
341
148
177
331
757
32
249
699
604
683
9
68
543
271
388
129
501
206
108
57
873
516
107
422
76
717
837
168
290
44
376
28
207
696
735
102
226
230
468
779
796
476
413
232
155
255
38
852
135
830
208
73
32
657
209
660
52
68
316
534
857
201
242
203
750
702
651
15
53
192
728
708
62
65
184
830
510
154
908
34
92
463
662
883
580
91
236
38
470
68
433
528
587
922
4
420
646
320
166
493
1022
728
533
539
805
109
12
104
346
384
62
196
573
515
446
177
336
604
305
313
209
179
35
477
377
125
281
261
218
440
131
428
417
281
75
139
708
84
92
201
440
373
398
238
324
191
307
306
207
249
690
392
189
625
6
379
692
365
680
139
356
142
260
427
159
189
482
136
292
303
46
225
294
60
231
147
439
685
752
429
356
248
1
180
421
236
167
279
465
608
315
85
9
397
414
435
224
53
325
449
47
74
398
423
198
186
434
12
685
53
310
440
205
10
349
267
515
743
783
492
304
509
215
645
720
948
269
554
580
38
421
349
57
446
175
24
540
227
348
569
402
301
340
278
295
945
671
544
746
611
513
555
572
948
690
576
323
430
733
54
339
505
283
206
773
308
761
1050
205
1131
533
326
613
909
291
433
644
106
799
434
395
299
973
330
901
469
1096
326
653
65
212
83
271
276
153
127
404
364
598
629
159
242
650
150
251
142
262
551
923
438
400
89
618
764
518
376
221
375
213
74
805
833
276
281
23
217
681
76
24
81
790
4
228
93
316
305
251
363
116
148
72
167
400
16
89
527
543
319
709
115
45
351
207
877
848
397
11
1054
295
626
937
859
802
998
175
345
173
678
440
327
265
66
754
421
4
360
1
314
889
718
677
619
167
338
844
47
399
195
502
709
826
38
562
173
613
747
375
377
137
899
172
835
233
798
32
175
516
893
6
88
45
589
903
138
906
912
920
497
482
805
108
243
118
796
26
295
104
158
372
634
629
501
272
81
547
79
488
295
470
317
65
476
68
41
137
150
205
226
36
488
428
42
310
10
126
8
226
224
351
577
357
95
619
129
379
574
64
179
237
601
422
440
155
447
344
397
117
15
420
286
485
445
408
611
157
343
24
234
67
278
203
240
302
377
488
354
673
7
519
353
304
12
173
593
62
654
613
649
158
287
398
296
435
322
306
78
830
456
128
460
879
42
126
359
156
228
618
51
23
787
535
268
806
866
437
904
471
597
813
792
883
772
928
974
39
29
100
292
847
929
423
985
139
812
601
814
781
103
333
197
73
18
139
853
702
227
42
387
774
785
511
619
69
94
832
5
91
166
394
285
165
290
649
232
64
119
475
283
243
536
70
455
669
484
212
3
519
119
275
271
44
524
508
9
5
103
300
138
124
244
158
441
163
166
688
737
525
182
524
660
573
110
365
603
657
401
195
698
172
219
189
342
677
324
326
25
136
354
265
562
384
374
666
576
328
246
117
673
786
349
503
80
208
233
192
415
56
907
830
37
862
911
736
232
19
100
556
215
436
243
401
431
94
425
254
507
313
294
68
250
381
594
155
146
384
58
235
333
613
318
63
836
114
58
134
243
577
622
615
207
478
23
683
749
262
1018
483
174
668
852
913
219
589
351
702
234
25
45
870
679
678
533
281
179
401
396
920
395
538
100
157
198
83
49
808
250
28
1056
338
954
18
376
786
518
529
600
101
344
91
549
656
70
463
505
264
58
646
333
409
426
371
381
654
251
340
635
436
172
262
33
204
350
213
161
972
269
344
1024
710
860
359
907
597
1072
526
719
366
408
777
121
20
78
94
127
281
290
431
54
151
573
229
241
823
71
767
188
19
625
827
95
309
420
773
979
46
219
75
971
389
594
637
108
243
686
370
579
883
78
150
866
289
253
621
473
548
193
659
227
86
188
212
350
307
288
143
221
640
623
197
189
354
461
104
295
497
161
44
88
518
294
19
665
378
50
176
138
398
332
535
529
428
531
148
220
545
369
527
216
117
560
503
308
385
252
107
919
58
101
1
482
586
2
896
346
472
752
672
25
41
393
551
1018
804
18
778
582
392
198
69
55
319
429
865
84
193
240
519
625
599
467
22
605
680
189
615
478
231
504
191
171
582
783
1107
559
380
245
6
761
166
539
124
532
37
440
545
576
407
385
159
236
638
59
728
583
459
129
119
94
493
141
653
308
355
372
347
351
364
154
87
100
445
685
184
47
314
190
19
113
333
150
358
326
15
267
451
376
499
211
383
159
860
935
46
202
205
533
832
79
105
906
406
236
2
578
762
176
216
66
754
823
477
172
930
743
122
329
389
503
610
108
674
123
231
555
179
641
319
503
609
194
120
103
937
867
2
985
277
146
585
313
432
706
414
869
692
55
696
483
536
591
732
654
7
957
994
914
301
759
323
436
173
9
236
25
562
459
524
72
505
118
143
57
742
575
76
769
87
257
392
919
478
5
848
721
70
27
935
353
646
750
227
495
106
218
445
209
275
85
181
660
392
191
348
655
701
6
932
501
23
411
1031
143
745
676
672
97
244
440
530
1001
767
30
430
451
61
479
263
729
54
465
272
233
520
91
426
471
288
487
247
277
236
259
101
545
507
292
53
203
177
306
405
532
457
108
96
482
521
374
212
333
175
423
162
759
199
13
37
779
673
558
218
737
505
248
148
250
754
560
255
171
153
796
541
628
1007
788
454
123
199
588
363
536
779
86
388
299
1077
191
10
982
578
758
293
551
35
256
243
68
262
252
655
329
738
729
772
115
616
21
324
608
17
873
66
638
234
146
444
723
466
49
753
419
132
788
985
214
12
212
58
379
764
663
261
205
54
570
287
180
87
257
113
130
417
107
238
358
262
449
229
485
724
106
355
800
456
735
144
226
765
273
685
492
704
30
314
830
283
130
53
352
298
335
167
183
626
58
12
363
362
527
462
644
416
129
50
249
423
225
289
294
75
107
473
84
346
597
270
15
175
852
640
76
127
16
153
435
212
331
764
711
364
638
364
651
329
55
489
302
272
44
666
392
237
574
109
274
69
676
547
455
695
694
686
775
280
150
988
185
1097
1117
213
261
774
466
565
907
468
18
177
962
509
365
222
185
205
370
359
279
896
140
60
220
230
106
279
676
603
326
80
617
321
149
406
677
126
1055
900
299
683
200
1
144
327
467
792
723
709
528
308
353
511
2
99
293
526
43
441
157
375
533
142
351
211
440
277
351
686
113
477
1026
511
905
871
328
44
985
1062
58
711
697
364
544
186
1120
263
22
224
417
943
1115
936
483
492
102
912
223
227
71
972
247
20
904
655
118
189
227
147
418
160
312
187
141
378
721
591
157
83
404
121
599
133
197
712
269
38
884
218
99
128
75
731
72
663
764
347
547
14
450
111
589
386
255
444
272
56
324
394
257
162
220
148
40
903
80
1056
629
213
49
555
613
2
691
207
293
823
549
992
475
196
264
992
116
69
215
392
13
801
100
202
195
355
620
286
126
269
331
216
150
626
366
475
30
62
199
209
154
735
267
373
254
43
905
67
107
838
162
44
637
594
9
519
326
442
197
59
158
280
652
599
421
246
412
41
94
213
429
97
370
21
310
311
95
471
197
154
342
37
301
258
160
324
155
415
571
106
147
184
506
273
439
281
509
526
568
118
57
310
107
446
335
34
530
398
19
491
265
252
587
98
429
314
240
182
119
77
378
369
299
241
733
874
397
573
409
389
370
313
56
424
414
235
103
688
184
173
18
174
618
38
827
344
571
16
16
915
547
365
364
673
68
654
392
262
664
432
578
25
358
429
219
307
226
293
413
113
55
186
840
102
280
197
547
41
616
465
239
368
138
271
141
163
503
70
45
337
821
742
105
259
799
299
25
383
21
201
837
171
264
586
157
464
333
115
634
381
680
119
62
136
45
191
694
41
567
156
24
320
237
34
306
94
340
60
111
192
233
454
820
402
354
862
41
285
43
485
301
422
562
548
132
262
148
264
177
398
580
89
251
333
452
466
58
117
110
549
48
397
379
297
366
340
69
330
179
34
60
366
110
437
808
21
311
104
460
422
557
200
266
309
394
465
221
430
328
249
187
45
226
348
670
235
252
373
354
109
492
348
393
57
271
64
335
280
489
434
257
297
165
351
18
496
561
102
495
827
686
429
79
342
63
29
1
389
603
608
558
566
311
895
108
14
885
105
230
494
561
335
101
76
257
111
265
57
412
457
344
416
500
395
10
257
436
460
418
149
358
366
44
517
28
465
318
295
163
45
276
84
517
615
494
492
527
260
600
80
31
62
666
98
122
595
9
609
622
829
644
26
780
77
98
464
141
695
896
80
17
49
427
101
314
333
368
818
39
906
381
216
661
17
625
860
9
362
277
20
225
290
42
521
213
1004
168
280
752
600
1022
501
867
584
407
272
95
121
241
299
552
424
90
347
336
29
139
540
470
300
25
404
47
496
177
378
736
243
735
685
306
237
679
285
441
590
5
707
355
207
946
248
1059
291
982
562
962
690
1010
1058
809
7
756
924
462
387
804
799
458
588
551
258
593
512
116
398
1046
131
1045
88
1008
104
359
306
319
717
51
314
439
603
507
155
38
995
386
292
80
217
448
343
642
648
227
8
618
429
244
92
238
156
185
149
59
542
450
36
921
274
495
114
45
331
151
359
447
184
105
566
150
497
413
280
424
230
274
461
391
328
360
294
395
414
618
328
306
361
204
298
360
261
371
90
464
185
442
210
832
437
467
348
131
258
387
435
343
253
127
59
148
523
855
405
125
831
67
351
594
393
230
379
132
143
92
25
1119
813
288
922
527
942
257
2
14
25
603
532
451
656
581
226
92
186
425
1110
596
613
889
617
383
131
961
542
62
1016
35
213
36
487
336
234
352
579
128
231
364
39
186
293
49
12
287
68
190
274
11
541
44
983
677
134
318
115
65
184
19
75
503
336
707
884
150
927
871
725
82
240
121
656
405
739
121
625
661
139
866
374
530
208
469
629
845
179
856
662
173
97
34
158
306
1055
449
289
183
299
73
897
613
912
236
1028
313
28
614
41
13
503
298
248
7
44
138
617
465
68
507
837
757
458
262
158
764
167
196
114
54
422
571
108
336
183
97
477
121
58
513
57
166
281
75
678
185
579
509
90
154
335
500
248
89
66
28
14
58
382
197
739
107
175
68
440
448
230
70
207
98
518
285
617
327
358
419
446
246
42
496
462
218
445
348
248
495
280
173
1094
753
925
1048
32
693
357
162
139
646
344
705
122
75
228
451
641
161
493
24
28
869
122
30
580
512
599
13
20
168
824
64
494
161
546
592
86
465
886
904
795
705
417
519
403
392
72
283
472
633
885
262
1018
450
316
504
129
558
20
941
381
847
919
575
32
59
17
836
274
68
602
818
20
50
589
102
609
253
268
785
1040
188
883
647
1013
514
846
45
353
124
220
229
472
387
10
383
201
568
135
431
237
180
62
142
520
419
344
418
400
499
210
487
202
517
441
612
379
450
225
131
171
395
83
113
606
132
591
391
375
1008
158
662
73
1013
773
888
565
623
40
45
670
117
828
648
679
310
17
23
700
358
1038
956
92
377
13
869
1026
934
230
92
222
88
377
457
634
645
704
791
704
912
648
399
106
732
68
26
606
703
826
614
862
775
740
227
869
425
257
244
156
101
550
113
285
187
278
38
115
281
160
559
449
441
833
196
361
879
1056
282
544
36
416
374
502
189
654
216
281
19
145
34
474
192
239
392
289
650
52
59
46
602
192
45
107
320
301
910
347
1
891
839
767
558
337
928
931
329
418
557
290
811
562
252
268
360
151
204
81
432
33
9
237
349
81
249
333
279
451
554
941
84
845
173
85
716
375
929
700
660
342
628
74
209
372
707
532
611
214
56
265
77
62
354
133
87
928
889
865
321
397
1066
376
452
760
314
64
869
804
889
18
225
59
444
527
283
180
580
87
308
197
109
857
236
297
805
335
65
89
928
8
526
210
393
502
352
389
169
397
527
191
319
408
257
132
360
273
200
138
160
494
208
262
899
306
692
790
384
517
795
754
1081
821
1126
731
177
816
639
505
931
433
422
83
1125
155
165
583
792
727
304
776
691
130
678
99
414
367
174
594
383
85
129
694
31
319
436
292
177
606
152
363
468
165
369
297
548
31
784
79
824
432
613
95
42
603
62
208
112
629
63
56
659
155
428
147
811
700
926
383
541
339
114
378
315
133
395
5
40
935
985
385
1053
810
235
891
594
932
31
802
1062
633
443
1028
264
615
480
346
108
723
631
90
523
208
270
182
289
852
390
24
262
361
1043
684
962
365
651
110
315
152
28
18
695
955
351
26
876
525
363
834
983
716
552
441
12
212
598
679
603
203
31
366
42
597
269
299
174
560
163
98
292
352
382
130
141
668
655
790
234
840
10
635
113
72
594
389
150
180
377
9
273
80
737
518
240
85
567
255
674
225
216
395
165
226
524
824
150
41
574
39
21
911
861
512
55
778
643
321
52
899
921
551
860
840
697
617
555
79
538
249
354
212
500
348
556
430
27
467
205
263
4
84
420
389
240
9
204
519
318
421
457
11
273
211
904
298
901
354
954
714
448
627
373
295
164
818
602
7
800
419
655
145
40
647
121
145
244
438
674
47
234
193
239
19
629
344
10
138
150
591
124
149
55
279
227
434
368
280
603
283
289
4
230
486
370
69
291
732
86
227
52
215
300
155
35
288
266
56
140
121
644
262
409
506
287
71
151
486
467
839
363
575
888
852
11
588
292
557
1030
116
977
318
358
1000
618
505
441
773
942
541
130
368
499
117
589
302
320
51
372
517
389
50
228
400
60
144
213
112
540
477
347
489
335
78
140
648
308
98
398
479
65
287
72
513
193
189
703
578
369
352
463
255
302
197
327
414
25
325
355
226
766
306
351
111
17
679
595
97
134
528
334
696
209
558
221
1058
240
1030
896
269
125
1117
954
990
863
151
899
485
390
208
397
790
877
656
115
750
130
138
905
144
880
540
8
98
588
762
655
38
542
276
238
61
18
633
873
480
198
81
217
89
385
849
189
655
771
283
938
1
74
259
66
844
462
220
274
343
759
76
195
473
93
234
121
230
645
386
409
4
162
4
531
553
70
136
711
186
661
167
583
314
438
129
273
623
101
431
348
797
717
648
59
554
580
66
21
731
112
626
136
721
128
658
177
50
28
174
746
183
260
130
669
825
961
897
202
683
294
358
59
365
440
159
756
414
113
910
96
93
516
395
349
490
259
157
267
416
589
213
83
519
30
129
203
349
738
588
150
42
63
182
688
227
749
475
394
239
653
766
83
538
2
104
661
51
13
317
621
845
583
940
596
304
725
279
38
395
242
530
224
49
266
40
102
269
67
52
540
69
369
651
301
392
845
335
615
353
544
350
373
69
492
563
323
71
286
130
290
11
679
568
341
385
130
141
432
552
863
547
331
285
171
21
568
142
224
174
307
657
663
44
78
20
277
685
930
817
29
634
350
476
323
209
433
26
559
758
11
237
448
370
641
113
19
258
667
283
289
13
520
74
602
274
686
333
398
148
200
124
338
335
633
259
246
377
232
376
679
573
402
765
118
396
146
124
79
60
565
864
462
356
740
969
13
379
662
277
204
266
87
317
573
7
495
202
258
357
233
670
364
187
484
108
521
604
220
243
332
46
121
420
59
221
540
772
255
209
677
834
852
426
257
472
515
176
310
539
562
676
704
572
298
61
33
599
290
70
494
335
474
284
467
184
211
3
539
596
678
345
287
106
24
324
15
233
325
407
158
509
872
42
208
726
240
550
177
622
193
521
430
554
201
846
562
372
159
690
438
28
826
739
691
783
348
3
224
47
44
274
117
65
290
172
768
176
699
638
174
810
63
313
572
161
407
606
75
258
198
310
6
94
451
471
592
264
108
600
192
446
356
1019
34
668
346
6
166
983
887
521
463
739
390
643
825
859
875
423
186
74
583
683
115
585
98
164
552
627
473
417
384
465
509
578
245
73
258
311
440
947
812
109
649
122
338
780
718
196
37
64
260
725
436
151
356
256
278
340
457
244
551
56
48
477
899
585
395
8
417
340
154
491
175
549
476
158
161
67
35
750
4
918
471
540
384
199
124
317
470
71
592
609
25
497
244
664
69
941
902
57
724
857
606
872
833
321
104
720
357
105
24
125
637
137
308
36
118
605
119
781
485
719
156
383
303
20
652
221
6
604
310
406
200
60
216
8
436
60
109
315
96
119
721
96
190
502
223
883
140
659
303
74
75
34
695
148
853
219
881
366
497
741
519
683
452
112
358
373
72
578
138
432
350
255
42
14
624
672
201
374
17
257
301
805
689
487
27
723
951
102
610
215
575
107
73
180
165
43
270
262
13
28
46
429
430
730
193
678
319
448
566
44
70
351
736
227
222
756
8
549
166
66
132
708
255
527
220
233
514
517
509
463
437
251
133
215
417
300
656
224
495
339
149
704
665
17
381
594
660
589
271
431
59
119
304
203
480
418
354
476
10
515
831
186
889
350
1008
11
6
895
992
151
656
854
548
695
510
283
485
264
48
35
128
367
138
102
520
162
136
175
337
126
170
505
173
267
162
130
217
401
24
438
731
570
128
716
254
371
655
422
761
290
82
582
19
353
94
270
115
828
466
559
289
428
436
384
710
77
209
560
201
168
648
906
1031
312
627
33
389
416
451
238
345
689
259
566
372
488
197
655
284
209
364
75
522
703
265
67
821
574
1019
989
566
137
914
532
168
98
757
714
680
663
275
719
86
229
58
446
324
661
216
99
281
51
211
292
507
473
358
341
108
154
188
272
45
392
434
162
93
331
224
497
122
183
97
312
259
17
51
251
207
165
94
296
481
422
67
877
616
558
484
549
732
46
1086
238
189
43
37
864
89
283
458
167
939
396
451
389
671
316
421
255
210
475
418
324
130
279
244
401
337
119
47
226
304
95
308
202
418
187
18
188
597
311
124
482
210
79
408
259
632
153
426
74
596
279
216
658
33
527
781
355
159
52
34
576
318
568
604
121
819
403
635
190
514
943
897
76
215
181
821
327
368
559
702
45
163
34
927
185
889
296
234
22
219
249
590
97
434
239
744
669
693
402
314
82
52
626
99
237
120
167
123
483
807
683
440
808
213
505
267
461
752
144
439
164
506
688
431
125
308
50
812
825
513
31
548
765
402
686
176
736
919
462
398
178
760
896
812
374
263
55
36
721
255
71
103
674
342
435
388
74
77
287
18
375
68
610
517
482
427
239
245
169
622
837
643
434
10
11
209
654
609
371
275
400
235
841
1069
701
585
180
653
579
312
69
380
62
563
544
625
246
467
286
574
581
416
453
506
658
245
37
722
131
475
650
680
640
590
346
267
165
295
539
267
171
101
102
229
152
440
978
4
168
186
252
454
716
748
282
240
251
278
428
204
38
639
146
667
272
314
644
765
879
145
217
464
443
89
26
704
199
579
281
302
14
156
242
182
600
66
9
498
297
608
86
183
427
617
733
128
293
134
218
101
126
324
157
41
166
86
274
104
576
468
438
698
203
607
125
227
577
494
262
293
78
16
462
754
84
658
383
334
289
624
131
597
623
157
307
113
229
62
543
468
252
166
617
82
344
34
163
222
665
74
68
365
86
527
216
235
317
822
282
149
118
396
232
214
36
308
183
522
18
182
164
704
339
763
291
221
573
78
116
291
772
697
27
325
6
645
257
158
667
329
231
509
421
682
252
332
84
495
223
782
442
379
375
474
182
703
264
211
668
106
273
726
683
215
54
96
669
1072
173
752
727
369
175
481
406
140
674
92
689
146
905
370
49
265
162
766
721
316
58
447
956
898
768
729
234
81
61
799
387
781
438
812
233
375
163
159
744
34
209
42
363
58
45
632
269
253
128
235
366
272
466
579
905
211
707
724
4
583
374
31
527
84
167
905
345
165
287
150
254
140
239
419
625
441
472
147
404
318
431
114
419
710
305
913
743
987
686
720
312
119
194
850
775
656
581
75
50
895
550
491
32
163
600
641
235
878
180
525
575
50
461
345
698
395
945
18
451
80
100
238
262
178
372
45
184
48
582
895
441
892
5
529
761
20
523
500
380
296
262
66
303
445
665
53
35
395
311
310
281
250
456
208
53
377
90
902
64
61
729
39
608
113
316
292
738
785
214
938
116
353
583
1
7
237
261
68
325
568
451
36
90
495
245
129
393
313
289
93
139
627
642
232
766
781
198
24
478
586
1064
91
709
94
105
423
496
17
198
227
513
181
694
241
351
191
34
534
549
6
15
568
528
583
139
233
724
49
222
621
561
820
