2
2
327
328
329
330
343
1
2
3
344
346
1
2
3
4
5
6
7
8
9
10
11
12
13
14
15
16
17
18
19
20
21
22
23
24
25
26
27
28
29
30
31
32
33
34
35
36
37
38
39
40
359
41
360
361
362
363
1
2
21
335
23
24
26
27
318
30
32
34
336
36
37
39
39
16
17
42
44
45
1042
1043
1045
1046
1047
1048
1049
1050
1051
1052
1053
1054
41
694
1
2
695
696
3
679
1060
5
6
54
290
7
8
55
56
57
58
59
11
60
61
62
63
64
13
66
68
69
14
70
994
71
2063
2064
15
1062
2066
16
17
18
20
21
23
24
25
26
28
29
72
31
32
34
35
36
38
39
73
5620
5619
1343
74
75
698
374
699
701
680
40
76
77
78
2082
2085
80
81
421
82
83
702
84
85
86
427
87
88
2097
428
89
90
91
92
1039
1040
1041
56
1
383
2
729
3
4
5
122
987
5903
941
940
985
997
595
53
277
291
6
980
55
54
53
52
51
50
49
48
47
45
44
43
42
41
40
39
38
37
36
35
7
34
33
32
31
30
29
939
978
976
594
273
272
271
28
270
8
269
268
267
212
145
27
26
25
54
55
56
57
9
58
10
60
61
11
62
63
12
95
96
65
125
67
68
13
97
98
69
995
70
247
2062
126
14
968
966
266
127
5587
562
5901
5734
7
265
264
263
262
261
260
964
962
960
959
957
956
955
953
15
16
17
18
19
20
21
22
23
24
25
27
129
28
29
71
30
31
32
33
34
35
36
37
38
72
131
99
5611
5586
259
637
258
5733
5900
1342
73
74
257
47
49
39
75
722
45
3988
101
76
132
102
256
77
79
133
104
255
254
5585
80
253
252
938
5584
134
944
251
5583
135
136
250
137
249
248
5582
748
943
247
5581
138
40
92
6009
5616
5736
6182
848
44
382
694
1
728
365
3
4
6
55
8
9
10
11
67
12
125
13
563
14
15
16
17
18
19
20
21
22
23
25
27
28
70
29
30
32
33
34
35
36
37
73
48
74
78
762
79
137
150
39
723
142
727
144
146
760
2
3
4
2047
982
5
6
7
8
96
12
125
961
14
15
16
17
18
19
20
21
25
26
27
69
31
32
33
34
36
1340
71
156
37
73
74
130
258
75
522
523
524
525
526
527
77
160
779
131
3900
2080
102
161
528
781
38
722
1
2
119
990
5906
944
943
988
1000
598
50
280
294
3
37
726
1
118
295
2
3
4
5
6
7
8
9
10
11
12
13
14
15
16
17
18
19
20
21
22
23
24
25
67
26
27
28
29
30
31
32
33
34
70
43
35
71
117
296
1
52
2
3
4
5
6
7
8
9
10
11
12
13
14
15
16
17
18
19
20
21
22
124
23
24
66
25
26
27
28
29
30
31
32
33
116
945
984
982
600
279
278
277
34
2
275
274
273
218
32
50
3
121
11
1336
67
70
126
127
258
255
34
1003
993
991
601
723
47
297
63
62
61
60
59
58
57
56
55
54
53
52
51
50
49
48
47
46
45
44
43
42
38
41
40
39
38
37
36
152
32
3
4
5
6
7
8
9
10
11
12
13
14
15
16
17
18
19
20
21
22
64
23
24
25
26
27
28
29
30
31
67
40
42
32
68
73
284
281
140
48
1
61
2044
2546
9
64
2050
2053
2034
2058
2060
2065
154
125
740
236
237
238
79
2040
2041
2124
45
299
36
481
49
1
50
2
53
54
3
85
86
87
56
116
59
4
89
60
61
6
7
8
9
10
11
12
13
14
15
16
17
18
19
20
62
21
24
25
26
27
29
63
253
65
38
30
66
67
123
68
260
94
261
144
124
473
374
31
45
47
48
35
49
50
51
1
52
53
2
84
85
86
55
115
57
58
3
87
88
59
1005
60
237
2052
4
978
976
330
5
6
7
8
9
10
11
12
13
14
15
16
17
18
19
61
20
21
22
23
24
25
26
27
28
62
261
121
192
64
37
39
29
65
91
259
952
262
373
30
43
301
44
45
46
47
48
34
51
52
1
83
84
85
54
114
56
57
2
87
58
59
4
5
6
7
8
9
10
11
12
14
15
16
17
18
60
19
20
21
22
23
24
25
27
61
260
191
63
36
28
64
258
92
259
142
269
29
81
43
44
45
46
47
48
33
82
83
84
53
113
55
56
1
85
86
57
58
235
2
328
3
4
5
6
7
8
9
10
11
12
13
14
15
16
17
59
18
19
20
21
22
23
24
25
26
60
259
119
190
62
35
27
63
68
277
278
279
280
281
282
283
371
28
80
992
41
303
42
43
44
45
46
48
49
50
51
225
57
234
20
2
3
4
5
6
7
8
9
12
13
14
16
58
19
20
21
22
23
24
25
59
34
26
62
27
79
993
81
82
304
41
42
43
44
45
46
47
48
49
50
52
54
55
1
2
3
5
6
8
9
10
11
13
14
57
16
17
19
20
21
24
35
25
61
66
814
54
1
2
3
4
5
6
7
8
9
10
11
12
13
14
56
15
16
17
19
20
21
22
23
96
59
32
34
24
60
1717
147
725
726
832
727
100
728
102
368
53
1
2
3
4
5
6
7
8
9
10
11
12
13
55
14
15
16
17
18
19
21
22
58
31
33
23
59
64
52
579
1
2
3
4
5
6
7
8
9
10
11
12
54
13
14
15
16
17
18
19
20
21
57
30
32
22
58
62
136
63
121
366
2023
81
51
1012
2045
27
1
2
3
5
6
7
8
9
10
11
12
13
16
18
20
56
29
57
251
135
1
2
3
4
5
6
7
8
9
10
52
11
12
13
14
15
16
17
18
19
55
30
20
56
61
49
25
582
1
2
3
4
5
6
7
8
9
51
10
11
12
13
14
15
16
17
18
54
29
19
55
59
60
118
24
1
2
3
4
5
6
7
8
50
9
10
11
12
13
14
15
16
17
53
26
18
54
248
132
1
2
3
4
5
6
7
49
8
9
10
11
13
14
15
16
52
25
27
17
53
46
1
2
3
4
5
6
48
7
8
9
10
11
12
13
14
15
26
16
52
95
360
71
72
45
21
1
2
3
5
47
6
7
9
10
11
12
14
50
23
25
15
51
44
1
2
3
4
46
5
6
7
8
9
10
11
12
13
49
350
352
22
24
14
50
354
355
638
357
96
341
342
344
358
15
466
704
43
1
2
3
45
4
5
6
7
8
9
10
11
12
21
13
49
243
127
1
2
44
3
4
5
6
7
8
9
10
11
47
20
22
12
48
17
1
2
3
4
5
6
7
8
9
10
46
21
11
16
42
1
2
3
4
5
6
7
8
9
45
10
46
240
124
94
337
338
354
11
700
41
1
3
4
5
6
8
605
44
17
19
9
45
389
604
968
603
602
601
600
599
598
597
596
595
594
593
591
98
663
38
40
14
2
3
4
5
7
231
43
16
18
8
44
49
352
37
39
1
3
4
5
6
457
205
15
17
7
43
334
2827
38
2
3
4
5
41
14
16
6
42
2
4
40
13
15
41
34
1592
36
10
1299
1301
1984
5202
1
2
3
1307
1318
39
12
14
4
40
1325
95
35
9
1
2
38
11
3
39
233
234
117
2345
34
1
10
2
38
346
33
9
11
1
37
30
280
284
286
492
278
250
253
124
225
1
226
227
228
2
230
121
122
123
287
288
289
125
126
26
317
372
6539
2957
32
8
10
36
279
491
225
226
227
1
229
120
121
286
287
288
124
125
224
25
318
490
223
226
131
256
290
285
138
286
128
226
284
51
311
151
152
153
19
305
107
20
303
22
178
301
1
155
295
638
46
148
15
16
483
486
1
3
9
11
174
157
13
14
16
17
358
125
2897
3161
329
482
485
127
2
313
174
3
176
178
6
8
312
179
12
13
296
15
181
183
185
187
189
16
327
357
362
124
480
1
124
127
128
129
6
487
8
10
11
294
189
142
14
329
355
360
122
18
3
5
7
309
9
10
293
121
412
2
4
306
294
28
27
10
4
5
288
7
8
335
116
354
472
302
103
30
2
3
286
5
29
28
6
18
19
21
22
14
15
16
1
284
112
283
111
281
109
466
19
312
111
469
315
1342
124
1049
283
284
304
245
125
997
126
300
44
11
41
4
127
128
129
130
99
100
131
132
1225
133
134
135
136
137
138
139
343
341
108
1877
1883
8
211
212
262
1
3
4
5
2
87
104
105
88
106
107
108
90
2229
18
17
1
2
1
641
2
3
4
5
6
7
8
9
2
3
809
1042
52
683
684
685
654
687
655
1019
689
643
690
1027
5943
1025
1037
635
13
317
331
5546
1020
813
673
1018
1016
634
14
15
16
17
18
19
20
21
22
23
54
55
56
25
27
28
57
58
29
1035
30
2022
1008
1006
814
693
1004
1002
1001
1000
999
997
996
995
994
993
32
59
1321
1322
1323
991
626
33
657
660
2537
817
818
819
679
820
821
1085
1087
762
61
62
1307
63
682
64
65
686
984
983
66
826
828
829
1089
438
439
440
982
1340
692
1096
694
695
696
697
858
1039
1040
1041
698
699
867
868
67
1043
1341
442
443
68
69
70
72
1116
73
74
76
2696
79
80
1124
1126
1128
84
4021
2264
1005
1016
166
47
221
170
1661
171
14
17
174
175
176
580
39
43
185
186
51
52
215
55
56
224
119
1920
3300
225
3378
37
41
42
44
45
46
2907
376
11
1
1
2
3
4
1
3
4
1
4
5
6
7
1
3
4
2
6
4
3
10
11
12
13
14
15
91
1
73
86
3411
11
253
1
1
1
34
79
270
256
80
81
4
33
4770
5
32
6
271
87
272
31
30
3385
99
78
35
1
1
98
1
2
3
4
5
6
7
8
9
10
11
12
13
14
15
1
2
3
4
5
6
7
8
9
10
11
12
13
14
15
1
2
3
4
5
6
7
8
9
10
11
13
15
16
17
18
19
20
21
22
23
24
25
26
27
28
29
30
31
1
2
3
4
5
7
8
9
10
11
12
16
43
23
24
26
44
45
2
3
4
5
6
8
9
10
11
17
45
46
19
47
48
49
50
51
1
2
3
5
6
8
9
51
12
52
53
54
55
56
57
13
15
16
17
58
26
59
11
1
2
3
4
5
6
7
8
9
53
13
59
15
16
43
60
61
62
63
64
44
65
17
66
67
68
69
71
45
73
74
46
76
77
19
20
21
22
23
24
41
42
78
79
80
82
1
2
3
4
5
6
8
10
52
54
11
3016
83
12
325
13
5682
4344
324
322
58
321
320
351
318
14
317
316
315
85
86
15
42
59
60
61
62
87
63
43
64
16
17
88
65
66
89
67
68
70
44
73
45
75
76
18
314
19
20
312
21
22
23
24
93
95
96
40
25
98
99
26
101
564
103
105
107
108
109
110
112
113
114
115
116
1
2
3
4
5
6
7
48
9
49
50
51
52
54
10
116
38
84
117
18
55
19
21
119
121
123
125
126
39
40
1
3
4
5
6
1
2
4
5
7
9
10
11
13
15
16
18
19
20
90
37
38
125
126
127
2
3
4
6
48
79
8
9
54
10
81
11
38
55
56
57
58
59
39
60
13
61
62
63
64
66
127
40
68
69
41
42
71
72
14
15
16
17
19
89
36
37
128
73
129
130
1
2
3
1
2
4
6
7
33
13
16
87
34
35
1
3
5
6
7
79
8
9
10
37
11
12
13
14
15
16
33
96
2
44
3
127
75
4
330
50
6
77
7
34
51
52
53
54
55
35
56
8
9
80
57
58
59
60
62
123
36
64
65
37
38
67
68
10
128
11
12
13
14
15
85
32
33
124
91
69
1
95
125
126
129
6
39
40
41
42
43
44
45
1
166
3
4
75
167
9
46
14
47
31
168
169
38
39
40
41
42
43
44
1
47
3
31
52
32
77
59
173
7
188
1009
189
125
190
45
13
46
85
191
192
87
193
90
194
158
195
196
197
198
199
200
201
202
203
204
205
206
40
71
1
140
105
211
46
2
73
165
3
30
168
47
48
49
50
75
51
31
52
4
76
54
55
56
58
32
60
61
33
172
63
64
6
7
8
9
10
11
81
176
28
29
191
65
89
141
142
143
257
40
41
42
258
139
104
26
6
28
260
246
247
141
36
38
40
41
44
3002
339
4358
336
335
334
332
331
330
329
6565
346
71
1
28
45
46
47
48
49
29
50
2
74
51
52
75
167
53
56
30
169
59
31
133
61
62
4
171
185
186
122
328
5
187
42
6
326
7
8
9
134
10
43
79
172
81
82
37
43
70
71
102
162
260
27
165
44
45
46
47
72
48
28
49
1
2
50
51
166
52
53
55
116
29
57
168
58
30
31
169
60
61
3
170
103
7
42
78
171
172
173
107
111
112
25
252
26
27
36
42
43
44
45
46
47
48
69
72
49
50
73
51
52
54
28
56
57
29
59
60
54
25
26
35
41
42
43
44
45
46
47
68
48
49
50
51
53
55
56
28
130
58
59
1
3
78
24
25
26
27
28
34
40
41
42
43
44
46
47
48
49
50
52
54
55
57
58
69
71
113
162
163
165
167
118
1
2
3
5
75
168
1
2
3
4
21
22
9
1
2
3
4
20
21
9
10
11
1
2
1
18
19
26
28
30
31
32
61
33
135
2180
5310
5293
4937
82
136
4578
137
168
297
1
2
5
7
299
8
300
301
302
3367
26
30
152
33
1
34
35
36
210
6200
19
39
3
4
6
541
73
7
74
75
76
77
78
79
80
154
29
34
157
83
568
1257
2
3
5
297
172
68
591
84
85
994
993
1050
39
1995
676
2079
344
1
2
3
4
5
6
7
8
9
10
12
14
44
17
1999
2010
19
2005
2008
1989
2013
2015
2017
152
153
895
154
235
650
649
706
383
696
5612
694
14
3008
1020
5215
237
238
239
240
241
242
243
244
245
246
247
248
249
250
251
253
254
255
256
257
258
259
260
261
262
648
687
685
303
18
19
20
263
22
23
24
79
146
264
266
345
346
347
348
349
350
351
352
353
354
356
416
358
359
704
361
538
677
675
25
29
673
671
670
669
668
665
664
663
363
295
431
367
424
5686
74
37
39
42
652
17
38
1
2
3
4
487
5
6
7
8
9
40
41
42
11
71
13
14
43
44
15
1049
16
193
37
2
3
4
5
6
7
8
39
40
41
10
70
12
13
43
14
15
192
17
76
1
2
3
4
6
38
40
9
69
12
41
42
13
1051
14
16
206
45
207
20
420
76
46
35
1
2
3
4
5
6
37
38
39
8
68
10
11
40
41
12
13
15
44
207
208
209
210
211
34
1
2
3
4
5
36
37
38
7
67
9
10
39
40
11
1053
12
69
620
14
33
1
2
3
4
35
37
6
66
8
38
39
10
11
188
214
215
216
15
32
1
2
3
5
65
7
8
37
1055
10
12
1282
1502
1574
1504
10
216
31
1
2
4
6
9
11
216
217
218
30
1
32
33
34
3
63
5
6
35
36
7
8
185
10
69
219
220
221
222
223
224
29
1043
31
32
33
2
62
4
5
34
35
6
7
9
68
38
13
240
224
225
27
29
30
31
60
2
3
32
33
4
5
182
7
216
217
220
221
58
25
27
28
29
31
2
3
5
230
456
24
26
27
28
30
1
2
1027
3
4
6
7
230
11
12
56
25
26
27
1
631
3
230
34
211
64
205
231
15
3134
3057
3274
27
1122
31
33
34
35
36
39
40
42
1068
53
55
24
25
26
28
177
2
61
132
3059
3042
77
204
214
215
216
217
218
219
220
221
247
3030
1935
3021
720
1989
1930
3006
947
254
255
3004
8
10
145
1674
359
49
12
13
47
123
38
261
37
154
28
140
141
225
118
33
12
31
18
21
29
15
2426
2425
2424
2422
19
120
22
2736
262
257
658
263
264
265
266
60
44
24
23
15
14
11
69
213
616
63
61
620
2691
125
102
2
226
7
22
1300
21
3360
42
4
40
5
6
7
39
10
9
23
1672
71
40
138
28
919
70
69
68
67
66
120
7756
100
25
17
7677
7778
63
3
24
22
4
61
53
20
22
23
24
25
26
175
1
9
113
54
55
56
57
1970
285
132
11
1269
220
1268
156
158
143
147
823
8
1215
700
704
596
710
844
1651
3
59
4
2560
2561
4178
3662
3181
261
262
81
1930
910
1053
25
1032
656
2529
27
25
1
22
29
1
3
3194
160
295
161
162
22
163
164
723
152
154
156
157
1346
1675
1665
32
2
545
69
3
30
70
71
29
72
157
292
158
159
19
160
161
169
1
726
149
151
153
154
1343
1678
29
5
28
26
56
1
64
65
211
66
67
51
1056
50
55
333
312
311
310
596
84
3
52
1661
53
54
55
7339
62
89
41
40
35
32
29
8
51
49
86
35
32
219
59
399
72
400
641
58
3
214
75
1713
1
42
141
39
291
187
243
244
55
3
6
164
81
1
69
82
177
2
158
1
2
135
1
138
17
18
19
20
45
21
1
22
46
23
24
47
139
25
26
28
89
2
30
141
31
3
105
4
142
33
34
143
10
16
43
21
22
23
46
138
24
27
88
1
29
140
30
2
104
3
32
33
142
143
9
15
16
17
18
19
20
42
29
1
31
32
51
57
59
70
8
14
15
17
18
19
20
21
22
23
24
26
102
1
139
30
31
140
48
141
142
143
7
13
14
15
16
17
18
19
20
21
22
23
25
27
28
40
42
44
86
138
29
30
6
12
13
14
15
16
17
18
19
20
21
22
24
26
27
39
43
85
1
2
3
4
5
6
1
2
3
4
5
35
6
7
1
2
3
4
5
1
2
3
6
33
128
7
8
9
10
35
11
12
13
14
37
129
15
16
18
79
131
21
132
23
24
133
4
5
41
134
135
136
137
138
1
2
3
138
139
1
2
3
139
140
141
142
143
144
1
2
136
137
1
7114
122
1
2
3
4
29
5
6
7
8
31
123
9
10
12
73
14
125
15
126
17
127
143
35
128
38
185
186
187
188
189
1
2
3
28
4
5
6
7
30
122
9
11
72
13
124
14
16
17
126
34
127
128
129
26
121
1
2
27
3
4
5
6
121
7
8
10
71
12
123
13
124
15
16
125
33
126
127
128
25
120
1
26
2
3
4
5
28
120
6
7
9
70
11
122
12
123
14
15
124
32
125
126
127
24
119
25
1
2
3
4
27
119
5
6
8
69
10
121
11
85
122
13
14
123
31
124
125
126
23
118
1
2
3
26
118
4
5
7
68
9
120
10
12
13
122
123
146
147
102
22
24
117
262
1
2
25
117
3
4
6
67
8
119
9
120
11
12
121
29
122
123
124
21
23
116
1
24
116
2
3
66
7
118
8
119
10
11
120
28
121
122
123
20
22
115
23
115
1
2
4
65
6
117
7
81
118
9
10
119
27
120
121
122
19
21
114
1
3
64
5
116
6
80
117
8
9
118
26
119
120
121
18
20
22
113
114
2
63
4
115
5
116
7
8
117
25
118
119
120
17
19
21
112
113
2
113
3
114
5
6
115
23
116
117
118
15
17
110
111
1
75
112
21
114
116
17
108
109
111
2
3
112
20
113
114
115
12
14
16
58
107
108
110
1
110
18
111
112
113
114
10
12
14
56
105
106
108
109
71
109
17
110
111
112
9
11
13
55
104
105
107
108
56
57
178
22
6285
155
831
3341
156
157
158
160
162
163
233
7360
1459
3337
3336
3334
3333
3332
3331
3157
3330
3156
164
4783
126
5193
830
222
165
166
167
128
168
74
169
170
1458
171
172
173
174
175
176
177
178
179
181
183
184
186
188
190
147
191
192
194
196
198
199
200
201
202
203
249
5203
68
56
4349
46
27
3
126
6732
4
5
7
8
10
184
932
11
6067
254
62
64
66
67
255
256
257
68
69
26
258
74
3351
3564
4151
259
260
4297
261
262
263
264
4363
4361
4356
293
72
274
923
4630
73
74
75
76
77
78
79
80
94
81
82
83
84
96
97
85
86
277
87
88
89
90
91
92
93
95
98
99
103
100
101
102
71
4022
2033
4024
4029
2207
3087
3154
3292
4032
774
1762
1918
64
67
28
70
166
3157
779
782
82
167
259
168
748
30
346
344
35
38
43
47
52
57
96
97
768
770
771
772
2
125
209
6733
1
2
4
6
7
6229
10
420
125
1
35
3
36
580
4
964
579
37
631
5
230
6
578
180
576
128
38
574
6459
122
2
3
4
5
6231
12
6
8
1
2
3
177
2228
1021
50
119
2
176
3
3445
3391
4312
4310
3430
120
122
1
1716
1670
1714
1726
1324
6235
1709
124
16
1668
1707
1705
1323
1697
1695
125
4
634
1315
128
129
130
10
131
132
626
7
3
137
140
3
5
6
7
8
169
9
10
2953
75
76
77
53
92
190
95
4
96
46
99
100
8
101
196
197
198
102
103
37
172
93
199
173
174
175
176
177
69
200
180
201
32
91
182
91
189
36
40
181
94
96
97
98
6
99
100
101
93
20
92
42
94
95
96
4
97
98
99
4288
125
91
174
35
173
116
130
131
6710
132
6662
6239
113
54
94
95
35
36
87
91
36
63
105
114
104
105
124
2
109
110
111
125
126
127
128
488
140
127
143
123
124
125
1
122
123
124
157
1
3
5
7
9
140
61
154
156
149
35
131
2
4
6
8
128
127
126
2
6
153
2
4
55
2
35
149
51
1
16
6
7
8
9
10
11
109
2
1
2
3
4
6
7
8
1352
312
9
10
11
12
13
5371
14
15
16
1354
17
18
20
21
22
23
24
25
26
27
28
29
30
31
32
33
34
35
36
37
38
39
40
41
42
43
44
45
46
47
48
49
50
51
52
53
54
55
56
57
58
153
109
110
111
262
263
264
265
266
267
268
99
100
101
247
248
257
259
7
23
26
13
4744
82
83
84
85
11
569
4746
623
567
930
4747
86
4930
866
87
88
674
665
566
567
89
90
565
91
92
1916
93
94
562
95
96
97
467
98
334
99
100
101
102
103
105
107
109
110
111
112
113
114
115
116
117
390
118
119
120
121
122
123
468
124
125
126
127
128
129
130
131
132
133
134
135
59
136
137
138
139
140
141
142
143
144
145
146
147
148
149
150
151
152
153
154
155
156
157
158
159
160
161
162
163
164
165
166
167
79
81
1018
166
184
19
20
185
186
183
160
161
162
164
165
166
958
1
30
240
6362
45
46
47
3980
3977
3913
3973
232
73
3970
4049
74
4015
4010
36
20
38
40
41
42
43
44
3990
4371
3948
227
229
231
105
106
108
109
193
194
195
20
3059
42
44
54
50
2
374
7
11
12
4037
14
15
19
24
27
32
40
69
23
22
207
47
46
209
209
210
216
215
38
37
36
35
34
31
29
23
32
1
166
167
165
165
166
164
124
1
2
123
1
122
170
171
344
174
175
20
173
183
235
192
197
196
140
388
1
2
3
4
5
6
7
8
9
10
386
1
2
3
4
5
6
7
377
376
8
1
2
3
4
7
10
1
2
3
6
1
2
1
4
3
5
86
83
82
81
183
184
9
8
7
6
5
4
120
119
77
185
118
117
74
1
2
3
126
1751
23
24
25
4
5
97
26
1014
171
1954
42
1558
41
40
38
36
34
293
31
33
32
31
35
30
29
28
1092
706
15
20
22
4683
169
1
2
125
1
124
1749
43
40
38
36
123
129
1
44
43
16
195
41
196
39
197
198
19
13
171
4679
14
172
186
51
384
62
63
64
250
1
211
134
2045
2057
210
176
177
133
57
116
56
55
54
53
52
51
50
49
59
1
1
81
80
79
78
77
76
75
74
73
378
1
2
379
3
380
4
376
375
374
3
4
373
372
371
370
5
369
368
367
366
365
364
363
362
361
360
359
6
7
8
9
10
4035
11
12
13
14
15
17
19
21
22
23
24
25
26
27
358
357
356
28
2308
29
30
31
32
34
35
36
37
38
39
355
40
41
42
43
350
2307
44
346
45
345
46
48
344
50
52
342
53
54
55
56
339
57
59
381
40
42
400
44
46
48
49
50
51
52
53
54
55
56
1
2
2076
379
3
4
5
381
7
9
56
11
12
13
57
14
15
58
16
17
59
751
382
385
442
386
4411
389
390
391
393
443
64
1109
2084
2085
398
401
402
451
455
18
19
65
20
4444
2087
2090
406
408
410
414
66
21
26
2633
67
461
30
68
69
70
32
428
34
37
71
72
73
74
86
87
1
4
5
6
8
55
12
56
13
58
74
17
64
19
20
25
75
87
1
1112
6418
2
4
5
6
7
54
9
10
55
12
13
56
14
15
57
1113
1114
4409
386
1107
5775
1115
1116
1117
79
1118
17
63
80
2106
7762
7763
19
24
81
82
84
1123
1124
85
86
87
66
67
88
89
68
1126
90
1127
92
96
98
99
100
101
102
103
105
106
107
108
1
109
110
396
2
323
365
4
111
4032
14
20
22
112
29
33
34
37
38
39
82
113
52
107
108
109
376
241
370
240
11
17
20
113
337
21
32
37
38
330
1
6
9
10
56
15
79
141
89
142
140
733
734
771
1
737
2
4417
2064
5
135
6
52
18
19
20
7
136
8
2169
37
21
9
2065
53
10
11
23
2170
54
12
24
13
25
791
814
1
2063
4
53
651
2214
1082
38
1101
13
16
45
46
85
89
744
30
784
785
790
791
813
3
812
56
57
372
325
324
3015
4
61
5
4030
59
8
9
10
12
14
62
16
17
112
20
21
22
74
60
4063
4046
4048
4050
4051
4052
4053
4054
4055
4056
4057
25
27
29
31
33
35
63
4058
65
80
67
69
40
47
50
51
58
73
76
78
79
125
126
1
6
8
128
201
202
203
204
76
69
205
79
206
207
81
208
209
210
211
212
213
214
215
216
217
218
123
57
200
201
202
203
130
68
204
232
233
78
234
205
220
122
125
47
2
3
4
48
5
6
7
50
381
393
10
56
11
73
399
12
439
60
236
81
82
83
25
213
85
129
46
390
33
398
402
11
40
41
237
238
239
1
3
4
37
71
72
83
1
45
3
4
1208
6
7
53
8
402
403
9
14
57
19
80
82
242
44
2
3
242
1249
1250
387
1251
6
52
1252
8
552
56
243
244
79
21
245
246
247
87
248
43
126
44
4397
389
67
4
5
6
394
52
7
12
55
76
78
249
25
43
1
3
4
50
67
6
77
249
250
43
251
3
4
66
5
10
252
21
41
42
137
194
1
2
60
9
11
16
19
21
198
199
22
23
200
24
25
26
28
29
30
201
31
1
3017
2
59
201
107
3
4028
4
57
5
6
202
7
8
10
12
60
58
9
17
32
202
203
21
4025
3
57
12
15
22
211
212
213
214
42
215
216
56
3403
3921
4024
4022
4021
4018
3302
4013
3325
3400
3399
3261
3111
19
3918
4391
208
16
18
21
210
211
220
23
24
221
25
26
27
4006
3997
3981
222
223
4354
3422
6
25
30
43
5
55
10
15
729
730
732
22
25
28
737
740
40
217
54
726
728
1
4
54
13
19
217
57
176
59
3024
3
5
8
11
61
65
18
24
26
216
217
56
175
218
71
58
60
52
9
560
204
17
27
205
42
191
192
2
5
7
100
8
13
15
17
19
20
21
23
24
216
25
35
37
217
218
49
189
3029
48
3
6
2427
217
193
2749
2751
218
2425
2426
47
87
4
5
51
84
186
187
43
8
13
16
191
24
81
30
80
44
45
1
94
356
2
2370
70
360
341
1
70
826
676
69
4
8
12
15
44
17
18
19
680
68
67
66
65
64
63
2372
1
5
10
11
13
15
188
43
16
17
189
20
27
63
30
31
42
1
49
51
50
49
48
53
47
46
87
46
45
1
97
47
2
64
39
41
4
63
2
7
64
50
12
71
72
51
73
18
75
245
37
62
4407
4409
4411
388
1
96
37
1200
103
4
11
101
2771
5521
70
75
1
66
67
68
69
140
1
10
268
85
4
208
8
9
10
198
38
157
40
20
35
138
139
140
3
4
180
18
2169
138
78
3
32
5
6
7
12
321
80
1
177
15
85
95
94
93
29
78
394
29
2
194
3
8
10
4
28
119
588
5
29
9
10
13
16
20
22
36
37
422
3017
97
174
329
34
94
11
27
277
3015
171
191
197
72
75
26
1
6
71
25
269
52
84
53
54
380
67
69
147
70
57
31
38
39
56
105
42
40
217
7
41
15
17
51
134
135
21
28
116
115
335
214
78
85
84
38
72
372
63
79
210
98
87
88
107
108
109
110
111
20
4
112
113
114
115
13
105
116
117
118
464
119
120
98
748
9
10
96
97
2
8
1995
15
74
1181
1956
69
68
67
873
92
126
3
4
518
127
200
12
1
415
1
6
108
4
6
59
60
58
59
60
61
63
66
67
68
69
70
71
72
73
74
75
76
77
78
79
80
81
97
98
967
82
9
99
11
1938
100
2007
101
102
103
104
105
106
107
108
109
83
1
434
387
4900
26
4897
194
386
26
13
205
1208
11
88
91
217
85
218
78
27
23
22
21
19
17
165
166
197
519
140
147
148
149
2990
4516
171
172
173
174
146
2109
2247
1937
147
107
181
1064
976
8
9
11
124
893
1040
19
1199
161
122
1151
121
118
117
5
89
83
1873
230
88
227
78
99
98
97
96
23
19
17
18
176
21
165
35
67
68
70
7054
1011
78
100
174
80
81
82
88
3
85
958
85
88
143
2027
104
210
123
133
134
2230
135
13
4
10
146
3
294
68
265
264
70
72
11
12
75
62
96
3424
95
1095
5431
171
2384
775
3415
773
94
92
1094
90
156
159
1
107
109
111
113
1203
161
176
103
104
155
158
31
2
110
4
176
177
178
179
10
103
4692
4691
4690
4689
4688
4687
4801
1385
84
113
83
82
144
93
92
80
148
79
77
76
75
74
91
72
71
68
90
66
65
109
64
63
62
108
61
60
59
428
58
57
56
107
100
55
1433
54
50
47
45
43
4976
6452
3126
414
132
297
1
76
77
78
65
268
79
80
262
2
267
1
1559
2
8
83
10
11
1558
1
2817
2811
82
83
58
93
91
162
166
91
988
5
8
10
12
13
144
1
170
62
35
8
1186
99
1016
559
1133
156
98
858
980
47
3344
97
96
95
39
40
46
54
1
53
178
179
180
41
3
131
8
17
50
58
84
212
44
127
128
14
92
46
47
49
123
125
126
3
143
2198
184
4489
100
127
192
196
146
44
45
47
124
141
142
143
152
583
2
846
828
830
1
922
82
83
1
94
1
2
3
3
4
5
162
143
141
5722
154
172
174
163
168
1768
1
128
129
145
120
119
146
1
2
1
2
1
26
28
47
72
648
1972
45
44
43
41
40
39
90
38
37
36
626
624
623
35
34
33
32
31
30
29
28
27
26
25
617
24
23
22
21
20
18
16
3
1
2
1
1
2
1
107
1
2
3
3
4
5
6
7
8
9
10
11
12
13
46
216
38
6
7
217
218
219
1
5
4
1
31
1
2
4
6
7
8
3
8
9
10
11
401
12
13
14
15
16
17
18
19
20
21
2
6
21
22
23
2
3
4
22
1
20
1
105
246
247
248
110
1
250
251
111
75
2
3
112
113
253
115
116
117
118
119
121
123
126
129
131
133
135
137
138
139
156
140
142
143
145
146
147
148
149
150
151
152
153
254
9
22
154
155
157
158
258
159
9
10
163
11
157
109
245
246
23
248
249
250
110
1
2
112
251
252
253
5
6
7
8
1
111
250
251
6043
182
886
659
193
197
199
201
203
208
210
222
229
252
4
5
6
7
19
8
20
9
231
156
103
108
109
244
245
246
247
248
249
73
24
110
249
250
251
3
4
5
6
7
8
9
159
102
107
108
243
244
245
246
247
72
25
194
195
197
200
201
202
203
205
206
192
193
62
258
239
238
99
106
1
2
3
15
4
16
5
14
1
2
3
4
5
1
13
2
14
3
225
40
12
96
12
1
13
2
155
3
175
879
186
203
215
6036
1
10
11
29
41
37
48
216
1
2
3
1
1
102
101
100
939
94
1
3
6
8
9
10
11
13
15
16
18
20
691
24
26
5372
2332
31
33
34
37
38
40
42
44
136
3
137
138
139
5
6
2350
140
7
2335
5
144
145
146
7
539
147
148
149
150
10
151
14
18
152
153
154
25
155
27
18
157
158
134
1
4
130
132
133
3
158
131
132
133
139
141
2
534
142
143
144
145
5
795
150
7
146
149
9
151
148
680
147
556
557
588
146
145
144
147
1213
1440
1214
1215
1216
1217
563
140
142
3
5
144
7
138
11
20
137
138
141
137
135
137
138
2
141
4
156
141
529
134
2
158
155
673
154
153
6
151
141
15
16
157
527
132
133
134
136
137
671
4
153
138
11
13
142
14
160
20
161
162
525
131
124
123
92
21
140
119
146
137
448
531
172
417
171
2511
831
828
79
146
227
113
138
10
105
104
140
118
31
23
2503
7091
119
342
124
27
28
208
125
113
70
126
209
32
207
38
43
127
168
128
129
130
24
160
120
2010
19
21
48
110
112
5833
129
130
2
3
9
129
15
1
7
126
128
35
14
109
1
120
8
2
4
6
8
9
10
2
4
6
7
8
10
11
2
4
5
6
1642
8
9
10
11
2
3
4
1
2
1
1
48
49
50
51
52
53
2844
54
55
56
57
58
402
59
60
61
62
63
64
1580
403
6123
65
66
67
68
69
4081
70
71
72
73
74
75
76
77
78
79
80
2213
82
85
87
89
90
91
92
93
94
95
96
97
98
99
100
101
102
103
104
105
106
107
108
109
404
110
111
112
113
114
37
46
125
126
127
128
129
130
51
124
1
1
2
7
8
9
10
11
6
93
174
175
1
2
2
3
4
1061
5
6
7
3346
8
9
10
11
12
13
14
15
16
17
267
18
19
20
266
265
264
263
262
21
62
2
1063
3
6
7
9
10
17
64
58
89
1065
25
1
4
5
6
8
15
6670
6676
158
159
160
161
162
163
164
165
166
167
168
169
170
171
172
174
175
176
177
178
179
180
181
182
183
184
67
185
187
5861
12
54
3553
5375
5689
5522
205
1102
55
2049
57
1085
5157
5444
5521
2011
5393
5435
5291
5434
5384
5850
5846
5844
5842
5840
5835
5833
5823
5821
5688
5814
2429
5252
5251
2050
1069
1070
1071
1073
911
999
1187
1189
1185
1000
1001
1199
1003
1005
61
60
59
58
57
56
55
356
4864
5558
648
37
27
1114
29
5552
1106
70
2928
5250
2052
58
59
5691
65
988
5404
5403
5524
5970
24
3
4
5
6
7
14
137
6641
137
6
7
8
272
56
91
89
1519
1529
99
1
4
11
1
3
10
11
2
9
153
152
109
151
1
7
152
151
150
149
147
146
145
1841
111
1
2
1
59
144
60
61
88
87
174
1
2
3
5
232
1
197
196
195
194
193
1
2
232
230
1
2
2
231
231
235
233
230
1
2
3
5
8
9
10
11
12
13
14
15
16
17
18
19
20
21
22
23
1
2
4
7
8
9
10
11
12
13
14
15
16
17
18
19
20
21
22
1
6
7
8
10
11
17
18
20
21
22
1362
23
24
25
26
27
28
29
30
31
32
33
2
5
6
7
8
9
10
11
12
13
14
15
16
17
18
19
20
4
5
6
7
8
9
10
11
12
13
14
15
16
17
18
1
2
4
5
11
12
14
15
16
20
22
26
27
28
29
1
2
3
4
5
6
7
8
9
10
11
12
13
14
27
1
2
3
4
6
7
8
9
10
11
12
13
1
2
3
4
5
6
7
8
10
11
12
27
1
2
4
5
6
7
8
9
11
2
3
4
5
6
7
8
9
10
1
2
3
4
5
7
8
9
22
1
2
3
4
6
7
8
1
2
3
5
6
7
1
2
4
5
6
1
3
4
5
1
2
3
4
2
4
8
10
14
15
1
2
1
14
4
6
10
11
17
154
153
15
16
101
101
102
103
157
104
105
99
4
147
147
113
2
6
7
4
5
1
154
105
1
136
137
46
138
106
1501
45
138
139
140
141
142
307
22
6
17
18
19
20
13
172
170
14
15
12
13
102
1
2
1
38
34
285
26
14
43
105
106
47
30
107
353
2
112
113
2168
1
2
3
4
5
6
7
8
1
2
8
4963
4962
1971
9
10
2949
11
12
13
14
1
5
6
7
14
15
16
17
18
19
4962
20
2
4
6
13
15
20
18
2
3
20
20
19
20
20
21
22
191
192
9
11
193
13
134
49
742
48
47
46
5469
45
80
137
42
79
40
39
78
38
37
161
45
46
47
3492
3494
48
49
641
50
51
5005
3484
2485
170
246
100
167
147
144
248
110
161
140
160
17
108
101
126
978
280
61
60
59
68
2050
116
61
31
184
2
7
187
18
20
21
22
1
91
343
92
5
93
94
344
91
92
93
94
117
116
95
94
93
92
91
90
35
88
87
86
98
85
97
135
38
172
6550
158
6532
6531
115
1
3
4
5
6
4
1
3
4
2
4
4
133
131
433
836
114
113
112
111
2
3
4
5
6
3014
7
8
9
5030
10
11
7
8
9
10
11
12
1
12
13
14
15
16
17
7302
1787
2
3
2391
4
5
6
11
12
13
17
18
19
14
20
21
15
16
13
6036
644
14
15
6307
16
4612
17
18
19
20
6033
21
22
23
24
376
25
26
906
27
28
29
377
30
31
32
33
378
34
35
36
37
38
18
1
3
4
159
160
1
2
1
127
1
44
110
109
108
429
6219
103
102
100
1266
99
4784
42
41
430
471
40
39
358
38
37
36
35
34
33
359
87
360
230
506
483
63
96
95
773
4305
93
62
457
540
88
86
83
130
388
21
270
16
244
249
1938
1165
2162
29
75
76
2
3
77
78
2213
79
80
4855
5153
130
169
86
3
44
84
64
1107
136
1241
583
974
73
77
75
75
36
106
1
55
134
133
2
91
93
8
94
88
1086
122
123
124
1094
1612
35
1095
6056
6058
1538
3131
6069
47
3132
125
126
66
127
128
129
130
131
132
5420
1082
1083
222
70
442
1056
71
213
773
72
73
74
63
206
1022
75
76
77
78
444
79
81
28
4310
45
44
1
43
42
5854
89
186
91
3
6
7
187
114
8
49
9
188
11
13
16
17
21
23
141
139
64
150
6256
6257
82
14
14
13
11
589
54
55
56
57
59
60
76
77
63
70
72
74
92
93
94
95
96
96
1
110
13
21
97
98
99
3
184
109
87
147
2
184
13
105
107
167
168
133
133
1
181
148
83
85
132
180
97
49
98
107
72
96
95
178
41
1
106
56
130
40
80
105
101
1160
10
45
11
13
27
28
67
6
95
68
30
70
205
148
44
1219
151
21
166
102
101
144
143
72
66
6
89
143
83
39
73
27
959
144
145
168
124
146
145
144
71
1
1
2
3
1
127
128
126
128
1
1
1
2
3
69
68
68
68
67
66
65
64
63
62
1
2
3
4
5
6
7
8
1
2
4
5
6
7
8
9
2644
10
11
12
13
14
15
16
1
2
4
5
6
16
10
11
12
17
18
19
20
1
10
20
21
1
2
3
4
14
11
21
15
22
23
1
22
8
23
1
23
1424
25
653
4
28
29
30
31
32
5
5
6
7
11
19
60
57
4
21
151
145
146
147
116
168
148
149
115
114
113
6811
112
150
111
4167
109
156
105
155
154
153
104
157
153
152
151
150
103
149
102
101
148
147
100
99
3
146
145
144
98
143
142
97
141
140
96
1
81
83
60
45
56
58
60
62
1
66
52
20
50
207
61
275
402
279
134
155
156
1
410
53
298
71
465
117
10
106
1
104
103
107
105
104
60
1
59
12
61
49
60
81
80
79
78
77
151
150
29
30
36
38
40
41
42
366
43
44
110
47
58
59
60
61
62
63
63
46
47
48
49
1
1
2
3
4
5
6
1
4
155
127
1
3
126
125
124
5408
1
2
3
129
128
1
2
3
4
1
1
3
4
4
150
152
151
150
2
1626
1
41
74
4744
6
123
124
104
103
102
1
1
105
104
8
103
102
101
100
98
1
2
2
2
2
1
1
171
96
1
94
93
97
96
9
62
63
64
65
66
84
86
87
88
67
68
69
70
71
73
75
77
79
45
44
43
42
41
40
12
39
31
38
37
87
36
129
23
24
156
131
94
107
128
68
67
66
133
135
136
142
144
145
156
5
3
2
145
96
139
90
91
92
93
1
143
142
159
86
99
160
19
31
160
29
26
104
104
105
104
103
103
103
102
182
181
105
41
59
25
46
47
68
66
75
82
80
79
103
104
170
131
100
1
2
1
2
2
1
157
150
149
140
19
112
111
1
2
122
123
3
2
5
123
124
1
124
5
122
6
7
124
4
416
121
5
6
7
125
33
32
31
1
145
144
145
146
117
2
118
119
115
2
4
6
8
9
10
11
12
13
14
16
18
19
20
21
2
4
6
7
8
9
10
11
12
14
16
17
18
19
20
21
2
4
5
6
7
8
9
10
12
14
15
16
17
19
2
3
4
5
6
7
8
10
12
13
14
15
18
19
16
17
21
1
2
3
4
5
6
8
10
11
12
13
1
2
3
4
5
7
9
10
11
12
21
13
14
1
2
3
4
6
8
9
10
11
12
13
1
2
3
5
7
8
9
10
14
1
2
4
6
7
8
9
13
1
3
5
6
7
8
17
9
10
2
4
5
6
7
16
17
11
18
8
9
13
2
3
4
5
15
17
18
9
19
1
2
3
5
1
2
3
4
1
5
1
2
1
78
7730
107
207
111
13
2
3
3
4
5
6
7
8
9
10
11
741
11
12
13
14
15
100
77
78
79
80
81
82
83
84
85
86
87
88
89
3847
68
72
73
74
115
35
209
206
1
61
1
2
19
62
61
61
63
60
4623
4622
81
2
82
83
84
85
86
3
87
88
89
80
98
80
1
2
24
25
90
215
80
81
82
83
84
87
212
79
26
39
1
3
4
5
6
7
8
2
34
3
4
5
6
7
1
2
3
4
5
1
2
3
4
1
2
3
39
1
2
1
1
47
47
47
56
1
401
6
31
295
136
134
42
41
60
236
1
40
1
226
52
1068
3
411
23
1
2
3
4
5
2
3
4
1
2
10
1
7
9
11
12
13
16
17
5
6
8
10
77
11
2
48
47
48
47
106
130
126
1
2
1
2
3
4
5
7
9
11
13
14
250
408
614
17
19
2
20
21
22
6
23
24
8
25
26
27
28
29
30
1012
10
1
107
112
110
108
174
173
265
263
251
250
267
259
257
249
1283
82
267
170
153
149
122
146
121
6
120
119
118
117
115
364
113
112
625
576
111
110
108
106
105
103
102
18
145
138
3881
4179
805
29
18
133
132
25
109
65
270
188
455
1008
15
22
24
126
147
10
67
131
55
155
2
29
98
25
21
15
14
31
1
2
3
1
2
3
4
5
6
1
2
125
1
2
3
18
1
2
25
3
1
15
1
1
2
3
4
15
1
1608
360
2
14
130
129
128
127
126
124
123
122
1
119
16
1
188
1
2
3
4
5
7
8
3
6
11
9
5
8
3356
3
10
11
12
8
13
9
14
15
17
19
21
23
6
25
27
29
27
29
3352
30
3
31
65
66
8
67
68
921
116
117
12
1
3
97
5
2
4
2
99
11
18
19
21
97
101
9
19
99
9382
8121
1529
10070
1269
1073
85
84
83
11
82
81
79
77
16
648
17
363
546
1023
3976
25
29
30
31
3024
32
33
34
2299
652
35
36
1
37
38
39
40
41
42
43
44
45
40
41
42
43
92
93
4298
4299
246
239
231
4359
3530
119
212
211
210
268
209
208
207
206
26
27
198
66
26
97
24
7
11
1
2
6661
93
86
87
95
151
34
110
123
108
108
94
90
1
3
2
41
48
7391
45
3
5
6
9
11
19
2
3
4
78
79
80
1
81
82
83
84
85
86
87
77
80
90
87
2
91
92
4
18
16
14
59
16
1521
1519
15
4670
9
1
10
169
86
232
3
73
83
28
120
120
120
120
118
194
192
178
177
141
122
377
6
3
4
5
7
9
108
17
21
1
110
2
1
112
1
2
4
6
113
114
10
115
116
117
1
3
5
2
4
12
2
115
10
15
8
13
162
160
159
158
8
157
11
135
134
5
3
184
183
114
182
1
90
91
191
42
41
40
58
83
84
85
59
4
86
87
88
89
90
210
91
5
92
93
94
95
96
97
98
99
100
67
80
175
159
155
152
150
149
127
123
85
131
66
65
64
105
62
60
58
57
56
55
54
53
52
51
50
49
48
47
46
87
45
44
292
260
99
962
206
8157
7
742
1207
1272
204
202
201
200
953
274
272
73
140
114
900
65
72
211
55
82
83
41
39
84
80
969
1254
93
544
29
1214
30
209
31
32
208
33
34
35
36
282
224
1
223
1
222
221
220
219
224
55
173
172
51
91
1
2
3
4
5
4
6
7
9
10
11
12
13
14
211
210
209
207
160
14
206
2
3
1
34
36
1
1
2
3
4
5
6
5
6
7
3
7
6
7
120
1
1
97
133
132
131
130
129
1
1
2
4
5
6
8
10
11
254
252
250
248
247
52
134
55
3
5
7
9
57
138
137
1
2
4
6
1
5
2
4
37
2
1307
150
1309
66
67
68
69
40
166
23
146
22
21
20
19
2
3
1
1
310
312
214
113
114
8
7
4
6
5
4
247
1
1
2
3
4
17
262
263
296
1
264
297
2
265
263
1
2
261
300
301
302
303
304
1
16
212
18
1
1
1
2
3
4
5
6
7
8
9
10
11
12
13
14
159
1
4
5
161
163
164
7
165
167
168
169
12
251
158
1
2
169
3
4
160
5
170
162
163
164
7
166
167
9
168
11
250
1
168
2
3
159
4
169
161
162
5
163
6
165
166
1
2
160
166
2
167
159
3
161
4
163
164
165
8
247
165
156
1
166
158
2
160
3
162
5
21
286
164
287
288
7
289
51
290
291
292
293
294
295
296
297
2707
285
298
299
155
164
157
158
1
159
2
161
4
163
6
245
154
156
157
164
158
1
160
161
5
298
153
155
157
163
159
160
161
4
1053
41
42
1
16
3316
151
153
154
155
160
1
159
2
285
286
288
289
291
292
280
241
44
45
39
1055
14
88
3355
15
3333
89
3314
149
151
153
155
156
157
158
159
239
1
1
2
4
6
1
2
1
2
206
207
208
2
4
8
10
1056
21
22
23
24
25
27
28
29
31
320
1
2
336
3
4
5
6
7
19
20
21
22
23
24
25
26
27
21
2
19
20
308
21
22
23
24
16
25
26
28
30
32
34
317
36
37
316
314
38
13
14
15
16
19
38
39
681
4974
3000
17
2999
37
38
3300
39
40
7625
41
3299
19
43
1735
298
44
297
26
45
2998
28
49
30
7624
52
2
6
8
34
35
975
36
37
664
658
651
4
6
3281
36
37
33
34
35
38
41
28
29
30
31
32
34
2303
26
335
27
608
49
2
30
72
1
2274
266
267
268
269
272
34
81
2680
166
167
168
1
2
165
166
167
1
164
165
166
163
164
165
1
265
160
161
162
249
10
75
187
76
62
69
307
27
303
25
305
231
2
3
8
23
24
26
309
57
60
4462
3
1012
25
47
2379
19
77
78
79
2
80
81
82
4
3384
6
7
83
84
76
4
291
6
16
17
18
77
2
2035
2025
5
25
2027
2036
81
26
27
76
2024
37
78
36
2
267
34
9
4
24
14
266
75
77
252
1
3380
2
3
23
79
73
74
75
76
77
78
265
266
6
287
3379
7
2
264
72
73
74
75
76
39
38
4
250
6355
77
169
170
173
3142
285
3329
41
171
184
314
288
323
10
221
180
393
392
391
389
257
67
20
21
33
260
261
683
685
682
670
22
23
69
71
24
2
4
5
54
1718
55
7
72
1
9
13
678
669
73
59
302
74
300
75
299
76
668
29
395
394
145
248
432
1827
65
356
15
1716
4
25
3
183
9
30
11
166
78
167
168
1560
150
19
22
3318
96
649
63
175
174
1
9
2
9
72
62
17
18
19
25
14
49
1
2
8
53
68
69
71
212
15
16
24
28
53
70
60
223
224
225
14
15
27
48
51
12
60
177
2
66
309
69
13
14
16
47
50
58
311
309
2
63
79
7
8
10
41
58
246
3375
78
2174
3350
1775
61
245
246
247
248
2360
2004
4284
4283
249
250
1936
1644
2386
251
252
2608
253
254
255
256
257
258
259
260
261
243
244
262
263
1937
264
265
266
267
4285
268
269
270
271
272
273
274
51
55
57
58
59
1
2
86
79
56
57
17
58
19
21
29
31
468
4419
4
411
114
471
115
1
257
3075
472
3781
116
117
53
118
55
109
119
120
121
122
123
124
125
474
3793
127
129
130
132
4509
133
135
137
139
141
10
3045
47
238
240
241
270
271
3
37
7
52
164
53
56
46
273
275
276
9
100
237
12
1
2
3337
30
33
1697
34
6
164
202
11
52
38
55
3074
97
45
2716
2715
278
8
236
1069
32
33
140
20
1
4811
32
37
101
118
119
120
121
7
8
9
11
17
39
319
44
64
139
25
26
27
29
31
32
33
34
4
101
49
50
99
43
270
58
271
104
6
7
8
10
15
16
238
4
1
93
94
128
3340
1694
144
34
1970
5
1070
5034
3343
267
270
272
275
276
263
77
73
3349
217
190
3
19
229
276
230
231
232
233
224
234
235
236
1689
306
176
127
129
177
344
40
707
326
36
266
205
206
30
3
28
4425
28
4418
89
43
5615
34
105
1
31
103
92
4119
234
44
279
280
281
2
282
283
4
5
6
284
285
1116
67
66
280
278
154
276
159
246
1
1
2
238
275
33
34
35
36
37
38
306
305
39
40
41
42
43
44
240
45
46
47
48
49
50
51
52
53
54
55
56
738
57
58
59
1068
60
61
63
65
67
68
69
70
71
72
73
74
75
76
77
78
79
80
81
82
83
84
85
86
87
88
302
89
90
91
92
93
94
95
96
97
98
99
100
102
103
1959
104
105
106
107
108
109
110
111
112
113
5
32
1
1
2
3
1
140
1
1
2
60
52
48
39
37
25
23
22
89
20
1
2
3
1
3
4
130
131
229
76
124
75
125
72
5999
122
183
1
2
3
2
1
2
88
1
144
5876
5938
5869
5868
5875
5874
3
5
6
155
5873
5864
5871
5870
5862
5860
5880
5877
46
47
2
48
9
11
393
87
88
91
93
95
96
97
98
5626
4964
2
169
5896
5676
6540
170
171
8999
133
6339
31
106
287
167
168
44
45
46
7
9
391
344
1
373
2612
2046
797
2047
2651
2735
73
74
75
2736
76
77
70
2
78
79
80
81
82
83
84
85
86
87
88
90
91
92
93
3265
221
710
712
222
223
224
225
226
227
228
229
230
231
233
234
235
236
237
238
239
240
241
242
243
244
245
246
247
248
662
5
6
249
7
9
10
132
250
251
252
11
50
720
58
59
721
3147
143
2983
12
14
1111
1182
2342
29
144
1112
455
145
146
42
36
1283
147
148
149
150
151
152
153
154
257
155
156
157
158
159
2767
160
161
162
163
164
2361
3028
4230
172
173
133
39
384
10
3943
3034
186
3252
187
188
189
190
3894
3895
521
3762
3896
3897
191
2785
192
193
37
382
192
193
194
195
345
374
138
72
139
140
141
76
3
77
78
1
2
31
4
189
190
175
9
186
1
30
3
152
176
174
8
185
208
201
29
2
151
175
187
188
7
184
5166
1
27
5
182
168
2
296
297
613
4
7
8
9
12
13
14
15
176
177
178
179
180
298
4390
33
382
85
2949
1687
299
300
443
301
302
87
303
614
24
25
304
90
92
93
615
305
95
306
96
126
181
4480
182
307
308
4985
421
3016
294
295
611
35
83
440
445
615
509
298
3044
441
299
300
85
301
616
88
90
91
617
613
4984
303
93
304
94
419
28
2
3
4
5
7
1626
8
9
10
11
6
7
8
19
124
1
5
6
8
18
29
28
27
1
4
5
6
26
2
3
4
5
363
25
16
24
22
20
18
16
15
14
1
2
1
2
46
280
281
16
15
14
13
3626
1
30
14
12
10
162
1
2
19
233
9
234
235
236
237
238
239
240
241
232
231
65
235
129
173
82
232
236
78
237
4560
174
175
4603
2634
4092
2
201
3053
177
619
634
4
41
23
254
2
262
104
102
101
99
105
1
94
72
71
168
1852
71
93
70
69
73
72
167
68
66
1853
65
64
63
62
61
59
226
232
227
228
229
880
886
225
1040
230
231
58
1
4
3
190
74
187
189
16
1
137
1
1
20
1
3
4
2
3
5
6
7
8
9
10
11
1
3
13
4
14
5
6
8
9
15
16
18
19
20
21
11
12
2
12
3
10
1
2
4
6
1
3
4
5
102
104
9
1
3
4
8
1
2
3
7
1
2
6
1
5
168
162
4
179
2
3
4
1
2
3
4
1
2
3
4
43
45
1
2
46
48
4151
1
44
168
172
173
44
43
1
2
3
4
5
2
3
4
5
6
2
1
2
3
4
5
324
1
1
2
1
186
189
1
192
178
4
193
194
195
196
197
198
199
200
21
201
202
203
204
205
191
69
177
1
2
112
3
4
111
68
192
193
67
110
109
214
3306
66
190
1
113
2
112
191
192
68
111
110
213
67
54
53
70
176
189
114
1
113
190
191
112
111
3304
68
18
175
188
114
190
113
112
3303
69
51
50
49
115
188
113
70
48
47
1
46
65
173
654
227
35
37
39
40
228
229
230
239
226
41
42
43
240
44
45
46
30
3416
3375
50
6278
1
2
2
3
4
6
7
8
203
191
192
193
194
195
1374
1
2
1
1
213
201
1
1
2
3
4
5
6
7
8
9
35
1
37
36
231
1
232
2
1
3
5
2
4
233
2
227
4
11
1
3
6
11
12
225
1
113
112
138
1
4
5
1
198
199
200
197
55
109
56
59
60
61
6101
62
63
64
65
103
44
43
42
41
40
39
38
37
35
33
31
53
2
52
54
55
1
163
90
93
89
172
173
2246
134
171
206
127
126
170
136
137
1
97
96
95
41
39
43
5
39
29
40
101
199
200
201
215
206
209
148
209
182
218
1
1
1
2
3
184
178
1
2
2
3
4
5
6
7
8
9
10
10
1
2
3
4
1
3
2
4
186
187
2
184
1
1
3
4
30
23
1
2
1
2
3
4
5
190
1
2
194
2
197
198
1
2
3
1
3
4
1
4
1331
5
6
7
8
3
8
9
6
197
12
13
15
4
227
239
1
90
171
132
89
86
142
1
1
1
3218
268
269
270
271
272
273
274
275
1281
7264
602
276
277
3222
278
603
279
163
164
73
72
71
70
2
4
5
193
194
204
6
7
8
205
9
10
12
192
2
3
191
192
193
202
189
4
5
6
203
8
9
190
1
189
190
191
200
187
2
3
4
201
5
7
192
8
31
188
987
188
189
190
199
186
1
2
3
200
4
5
6
191
7
217
31
187
198
1
2
199
3
4
5
186
187
189
1
3
4
189
30
5
185
188
197
1
2
3
183
184
186
187
1
2
28
194
1
29
30
31
32
183
185
180
184
145
146
22
192
25
183
184
160
119
88
2658
1
2
3
4
5
7
8
10
12
13
14
15
16
17
18
19
21
16
23
25
26
27
15
27
28
29
30
31
32
34
36
38
40
41
42
1
10
23
24
25
26
40
38
9
37
61
62
63
62
60
61
5
61
62
63
6
64
65
2
7
32
9
13
28
17
19
21
64
64
1314
64
65
10
645
66
336
67
33
53
34
644
643
641
68
69
70
71
72
73
74
75
76
636
77
78
79
78
80
82
83
25
5
2
3
1
2
23
143
21
79
80
105
186
187
188
189
190
191
192
200
1
2
4
195
196
10
12
1
2
1
10
201
77
2
4
76
8
75
74
111
95
62
64
82
65
2
84
54
188
189
8
57
58
15
1
2
12
1
35
93
94
32
33
369
18
1439
149
150
4
16
9
151
11
37
176
120
1
7
175
185
78
77
92
141
141
142
1458
1454
123
124
125
126
127
128
129
128
137
138
139
141
142
143
144
868
669
135
670
136
671
673
869
147
148
134
149
150
151
152
153
154
155
156
157
158
159
678
121
124
126
127
180
86
83
1
2
4
77
713
200
76
75
199
39
403
40
41
42
43
201
56
57
58
107
108
106
1
3
199
8
105
827
2
711
7
196
1041
156
160
5
161
162
491
158
120
121
457
883
122
123
28
42
145
146
147
140
1
8
1
1
2
3
449
171
82
172
83
56
174
176
53
1086
84
179
1170
1
562
85
1092
5378
2
1
1
2
2
3
4
5
6
7
8
9
10
11
12
13
14
15
7
8
9
10
11
12
13
168
1
2
3
1
2
3
169
4
1
2
168
3
169
170
171
172
2
172
166
74
163
1
1
2
3
4
5
1
52
90
96
53
4
2053
25
2
121
122
2
22
21
1
1
2
3
117
1
2
2
3
4
4
5
1
6
91
1
2
88
136
13
86
44
2
6406
6521
129
37
8
38
91
3
5
6
2
3
4
2
1
2
66
112
5
6
192
189
121
106
1
187
186
185
186
106
66
94
1
2
3
4
1
2
3
76
77
78
94
95
80
81
96
97
98
99
86
88
89
100
101
102
91
103
104
2
77
104
87
88
104
105
73
74
75
105
107
78
93
94
95
96
143
144
85
145
146
432
86
147
97
148
149
6811
1
2
1
49
32
10
13
49
34
32
4410
4411
31
30
1
2
3
1
2
1
3
10
159
1
14
1
2
13
1
42
4
52
51
2
22
118
117
27
115
114
113
112
1
1
2
3
1
322
262
257
255
253
1
107
4706
263
258
256
254
4705
1
2
3
4
5
1
2
3
4
7
120
119
292
14
1
2
3
4
5
6
1
2
5
298
4
299
3
114
1
302
1
274
5
1193
1
2
3
4
39
1023
2644
1
285
284
122
121
1
2
299
170
8
936
1913
154
153
152
151
240
269
268
267
266
554
264
258
257
254
301
253
19
643
20
21
52
51
15
1
2
3
12
13
1
12
1
10
11
10
1
8
279
159
4119
6735
1
48
47
46
46
48
34
279
278
1
246
289
288
15
16
244
286
243
235
233
231
78
75
30
29
95
1
222
2
92
1
224
1
200
74
2647
73
245
199
72
71
70
69
68
67
66
65
62
198
197
59
58
57
56
55
54
53
52
51
50
106
49
221
60
257
190
57
206
17
63
186
303
1
1
2
274
1
2
3
4
3
4
5
6
7
8
655
654
9
653
652
651
10
10
10
1
2
3
4
5
3
9
1
2
3
9
10
1
2
10
11
12
13
14
15
16
17
1926
8
661
9
656
655
660
654
7
18
19
3
659
658
657
4
32
33
6
33
7
173
86
5
6
1
20
19
235
233
231
229
5
1
2
1267
3
1
1268
27
1
1
2
3
41
40
307
306
95
1
2
3
4
5
5
1
4
5
6
7
7
635
2
8
9
10
11
12
1
285
2
285
37
192
286
179
177
175
173
170
1
157
156
155
27
28
8990
29
30
1
2
31
32
33
34
35
313
311
622
309
653
3670
601
652
306
308
305
303
300
296
294
307
293
291
29
1
38
30
216
9496
2677
2671
31
213
219
21
1
1
51
1
2
4
3066
3065
1
3060
3
2
190
48
31
224
1
2
3
4
5
32
6
7
33
34
1
2
3
4
5
32
33
1
2
3
4
1
2
3
4
7
43
232
230
1
2
3
223
222
219
216
204
202
32
43
1
1
27
262
293
71
51
52
1
25
243
1
170
1
101
285
280
278
277
635
49
11
1
68
1
379
2
107
294
23
22
21
27
1
4
5
27
9
241
239
2
5
115
113
2
115
1
7
41
116
41
2
4
40
6
48
44
1
1
1
1
55
1
2
3
4
5
1
2
3
4
5
1
2
3
1685
4
5
6
7
8
9
1
2
1
2
219
2020
218
217
216
215
214
213
212
211
210
209
208
50
1
1
2
1
2
3
4
5
6
7
8
9
10
11
4
11
272
305
257
2900
54
11
130
129
128
127
1
2
3
4
1
2
3
4
5
6
6
7
8
1
8
331
330
329
1
2
3
1
2
3
4
5
6
7
8
9
10
11
12
13
1
2
13
14
15
16
10
11
12
17
18
299
298
297
1
2
3
4
5
6
7
11
296
295
294
12
293
292
291
1
228
2
3
4
5
6
2
3
5
1
2
3
9
229
228
2
3
551
550
1
2
1
300
234
231
1
2
1
109
107
307
306
305
1
2
3
4
5
102
1
238
237
2
1
20
2
3
308
2
238
298
1
142
141
137
1
36
1
7
18
31
2
3
36
37
17
38
39
1
2
1
36
16
31
23
22
21
284
20
3669
283
282
281
3670
3671
280
5325
279
273
272
270
269
316
268
267
266
265
264
263
262
3672
4006
307
3673
306
2
7394
8
9
1
40
270
335
224
260
256
1944
1448
108
193
192
11
191
190
189
188
358
4
195
80
147
1
81
77
75
271
117
1
35
5713
7
38
37
117
1
1
2
275
93
92
91
90
89
2
4
5
6
7
8
9
10
1
2
18
21
22
23
1
17
24
1139
44
43
1
2
3
4
5
6
282
281
280
279
278
277
1
2
3
5
1
3
4
5
282
2
3
274
1
2
275
285
6779
274
273
1
273
272
271
270
295
297
2
70
113
1589
300
96
35
114
95
97
267
46
45
44
43
52
42
41
8
233
7
47
270
128
45
98
61
60
1
2
3
4
5
1
3
4
1
4
5
1
2
1
58
45
1
1
2
3
4
5
6
7
8
9
10
11
12
13
14
15
16
17
18
19
20
21
22
23
24
25
26
27
28
29
30
31
32
33
34
108
107
106
5496
1
7
1
291
105
14
56
26
94
67
101
92
296
294
292
99
35
9
3348
10
8952
11
190
12
13
14
15
16
17
18
18
176
1
2
2
3
3
4
63
1
1
2
14
71
33
1
2
1
2
3
4
5
6
7
1
2
3
4
5
6
7
1
2
3
1
2
1
4
31
235
234
172
1
264
263
262
261
1
2
3
4
260
303
302
1
2
258
300
257
256
255
1
259
301
258
233
232
231
230
229
228
227
304
303
302
259
241
212
239
305
304
129
128
126
125
124
123
8
124
125
124
123
135
124
123
122
137
214
213
124
269
342
336
335
225
223
333
220
219
1
3
1
2
118
1
2
3
1
2
252
251
249
247
245
240
239
238
237
110
236
235
234
233
232
231
2
4993
1
2
3
1
2
1
1
2
2
3
114
132
113
115
1
8
9
10
278
277
68
22
46
141
1
140
306
138
137
298
2
136
3
4
5
135
171
134
133
6
7
132
1
137
2
3
4
136
135
134
5
6
306
7
89
87
86
85
138
1
2
3
173
136
135
4
5
274
620
621
505
623
625
396
628
1619
275
6002
276
277
109
7
393
139
1
2
138
137
136
3
7322
5
84
6
7294
140
138
137
2
3
84
83
82
146
141
139
138
1
82
1008
81
4
80
78
142
141
140
3
148
143
142
140
636
501
19
1
2
178
4923
679
114
113
112
286
229
181
2
97
194
196
96
94
98
149
1
150
143
142
3
25
48
152
78
1
1
48
92
1
266
1
71
2
72
72
1
2
269
1
73
236
75
275
226
274
281
1
253
190
192
142
141
140
107
140
155
73
79
78
99
7
6913
4321
8
9
10
11
6929
295
7
1
1
1
2
3
150
1
2
3
4
3
4
5
2
4
1683
4
5
6
7
8
9
10
11
12
13
14
15
16
5706
17
18
19
20
136
135
134
131
306
32
200
175
5726
5591
5725
5893
312
311
310
309
308
5763
307
306
1319
135
5973
305
304
303
302
301
300
299
298
3757
5609
5894
3770
5729
5728
5727
5706
69
271
121
120
119
120
119
204
118
117
119
119
4425
120
78
3
121
121
325
324
328
327
3
45
45
177
175
2
181
180
179
178
1
1
286
1
290
289
252
288
251
145
250
249
287
1
2
1
3
2
310
1
1
2
3
4
5
6
7
8
9
10
11
12
13
14
15
16
17
18
1
2
318
127
130
126
125
326
128
114
1
1
2
98
97
96
155
99
1
177
176
175
174
173
172
171
170
169
1
3
4
168
167
166
165
178
1
1
3
10
11
12
7
8
328
329
318
1
1
1
1
2
400
266
265
264
263
262
44
138
738
46
739
740
47
263
47
34
339
246
313
1
1
45
3
46
2
45
93
94
95
96
43
67
2
1
3
4
147
2
3
148
150
145
1
2
4
6
8
2
4
6
8
10
12
13
14
13
79
281
7
282
283
284
2
1
2
8
9
10
249
1
213
213
1
1
2
3
1
2
3
4
1
4
5
6
7
8
2
9
10
11
7
9
10
2
1
308
203
1
56
57
115
59
37
7
15
17
241
4
218
184
2
4
2
4
6
144
77
1
164
165
166
1
2
2
3
4
1
164
1
2
2
2
3
4
1
6
8
10
12
13
4
6
16
1
3
284
6
281
282
1
1
2
3
4
5
200
201
202
203
203
227
204
228
199
200
201
197
1
1
2
2
3
3
4
5
17
18
2
11
19
20
21
4
22
23
10
50
9
8
7
2
6
7
55
56
58
59
3319
48
183
34
163
164
9
10
216
29
2
154
221
27
47
1
2
45
4
44
5
7
8
9
10
12
1315
13
16
7675
3684
18
19
43
42
20
41
3050
40
39
38
1577
21
22
23
24
25
3049
36
35
130
34
26
33
27
118
3
9
12
17
19
21
23
24
26
120
121
1887
2303
1202
124
126
128
117
33
3
131
5
6
7
8
10
1313
132
11
14
90
6
9
14
16
18
20
21
22
39
26
2415
2414
2413
2412
2411
2726
3086
267
2410
268
589
269
84
2
4
5
7
8
11
2
3
6
9
761
125
126
84
860
861
89
11
15
85
409
577
90
728
862
863
410
2653
31
87
91
578
286
285
2897
579
368
92
33
100
93
766
94
580
95
770
772
96
97
98
99
100
101
102
909
1
3
4
7
2
3
6
10
12
15
17
1
4
103
3
7
9
12
14
100
133
134
2
4
135
50
73
78
115
2
8
74
76
80
153
155
157
2
4
5
158
6
74
78
151
155
3
4
736
13
132
356
22
12
898
1955
4
164
10
248
135
15
58
59
3079
2961
2603
2959
2958
2951
1934
6
138
53
58
95
8242
295
44
93
236
309
215
48
69
70
50
57
103
5
5523
208
75
79
2742
108
163
116
80
81
168
170
171
172
2790
95
236
1
5
7
2
143
16
80
79
4
81
33
72
104
105
46
120
122
124
23
166
1
164
51
52
53
57
1
133
3
133
127
4
132
2
134
135
34
1
2
3
285
4
5
6
7
8
10
11
12
13
14
15
16
17
18
19
20
284
21
22
23
24
12
13
14
15
16
750
2
104
106
1013
124
150
151
746
428
431
2
5540
39
11
35
12
34
14
32
112
31
30
29
18
25
453
21
17
58
113
59
60
61
62
63
624
64
1
3
4
245
9
11
34
16
69
71
72
75
78
79
224
225
229
232
1420
2
8
9
10
12
35
13
32
15
16
17
18
19
144
1421
109
167
168
169
132
1
131
1564
1565
80
5654
79
77
75
165
281
166
188
7
38
33
15
120
18
350
17
16
101
113
114
115
116
117
119
120
25
121
122
123
6
9
10
37
11
13
8707
17
124
125
6207
104
126
127
2468
46
241
152
1
153
154
46
571
155
2
156
4
153
47
154
1
45
44
43
40
106
62
167
5478
168
573
239
48
150
151
152
154
2
1583
177
178
532
179
15
180
1467
1469
1471
151
13
179
236
5755
1
45
2
3
43
6
102
7
8
9
152
141
154
25
142
10
157
158
202
83
143
203
50
45
3
44
43
4
42
41
40
151
140
2
3
4
9
208
209
43
4
47
7
208
209
210
48
47
1
5
48
215
49
2
5
50
47
1
2
3
99
223
51
48
47
1
3
477
227
52
460
458
449
430
222
1
78
79
80
81
214
83
215
216
25
164
282
165
166
168
53
54
50
218
219
217
194
1
2
3
1
3
3
4
5
6
3
6
1
106
200
1
1
2
233
121
205
1
2994
1
2
3
37
84
85
87
89
90
92
93
94
178
180
182
184
115
27
28
29
30
31
80
76
75
167
25
143
134
139
1
1
3
4
2
4
5
6
7
8
9
6
80
78
1
1
149
158
171
1
1
2
3
6567
57
58
89
1
5
6
7
7
8
4
10
11
11
1
52
51
6
7
183
2
1
3
5
7
9
11
12
14
15
16
42
39
38
3
2
4
221
222
1
2
1
2
2
221
222
1
2
1
2
2
3
4
5
80
154
57
1
56
2
4
7
5
7
9
2
4
2
184
182
48
49
50
68
86
89
90
153
154
155
150
151
177
148
111
165
110
164
112
104
103
102
101
105
96
95
97
95
94
50
51
51
52
62
61
146
147
3
152
151
152
1
1
2
4
5
6
7
8
9
10
11
1
3
4
5
6
7
2
3
4
5
6
1
2
3
4
1
2
3
4
1
2
1
88
1
1
1
1
2
33
39
38
115
114
2
1
1
3
4
5
253
252
2
3
2
2
4
6
2
109
110
111
112
1
66
65
64
62
59
64
186
187
59
37
36
35
34
6
4
3
2
178
73
72
77
123
124
137
138
144
145
162
159
171
172
68
50
49
48
47
46
53
52
63
45
44
43
42
44
154
21
36
35
40
39
38
37
32
2
31
35
34
33
33
37
36
35
34
48
47
48
49
48
92
93
1
115
110
111
112
113
129
130
126
1
135
44
85
136
98
104
109
134
32
107
115
1
90
1
2
3
4
5
6
7
4
13
15
1
2
1
4
5
6
7
8
9
10
11
12
13
14
15
16
17
19
20
21
22
286
22
3
23
4
5
6
7
8
24
9
25
10
11
12
13
26
27
14
28
30
32
34
15
36
37
39
40
16
1
2
3
4
5
9
36
19
53
1
2
3
4
52
20
7
11
50
18
19
54
1
2
3
53
19
6
7
9
10
17
18
1
2
54
18
3
5
6
7
8
24
9
52
50
16
17
56
1
55
15
16
14
15
4
51
55
50
2
30
11
50
532
1
3
4
10
2
3
9
51
50
49
14
49
1
5
7
24
4
6
1
2
2
17
51
1
71
70
2
69
72
71
1
69
68
67
66
73
72
64
61
61
88
2
2
4
6
110
111
112
113
114
1071
115
116
117
118
119
120
121
109
127
1
135
83
74
1
2
75
78
3
131
128
129
20
123
124
124
124
121
124
1
2
3
1261
4
1
2
3
4
5
6
7
8
1
2
11
3
4
5728
1
2
3
11
20
21
22
23
24
25
26
27
28
29
16
17
1
2
18
19
20
55
8
55
50
56
57
7
65
66
1
67
68
69
65
66
67
68
120
119
118
63
58
59
60
61
62
49
203
177
24
23
13
58
142
141
46
74
101
104
105
106
107
108
109
110
111
112
113
99
100
56
84
2
3
4
98
1
2
138
139
110
112
113
115
117
119
121
123
124
1
125
1
1
1
2
135
132
130
1
2
3
4
1
2
3
1
2
1
111
40
179
180
181
182
183
19
20
22
11
10
176
86
85
1
2
1
2
3
1
2
2
3
4
108
3
4
5
24
1
25
26
27
28
29
24
1
1
2
3
4
5
67
2
4
6
2
4
2
1
2
1
2
3
4
5
6
7
8
9
1
2
1
1
2
3
1
2
1
72
73
191
81
82
83
85
79
47
46
1
1
1
2
3
5
1
2
4
5
1
3
2
6
8
9
10
11
12
13
60
63
65
67
57
98
99
100
97
100
101
132
160
136
115
116
118
123
1114
1037
45
178
179
180
93
91
22
35
134
153
151
149
147
144
143
565
50
39
52
127
40
129
72
1728
120
123
55
125
56
100
126
51
50
48
46
45
44
95
5606
125
124
36
28
35
231
111
112
113
114
115
80
77
76
74
75
73
81
58
55
71
7
156
151
150
149
133
125
124
121
123
58
21
126
79
78
77
80
1
151
62
63
54
52
51
49
48
47
46
50
41
163
161
56
41
62
63
64
1
69
70
146
82
83
84
85
89
90
85
96
95
186
94
1
49
94
95
96
97
164
93
92
93
93
92
91
90
90
66
1
1
2
3
4
56
48
33
1
111
109
106
51
47
48
107
49
50
1
2
3
4
3
1
3
4
5
6
7
8
3
6
1
1
2
11
13
6
7
1
10
179
4
12
177
174
14
5
6
90
118
117
116
194
9
78
4
154
9
2
7
8
181
10
5
200
7
24
54
55
116
45
2
201
28
6
102
29
30
6664
36
694
1
2
1
1
218
1
1
2
1
4
5
6
1
6
2
5712
6
161
84
19
22
56
57
58
36
37
1
2
1
2
3
4
5
1
89
90
3
1
5
155
157
8
1
1
2
3
5
1
2
4
1
3
4
5
7
9
13
14
15
16
17
18
2
3
6
13
15
17
18
1
11
14
15
165
164
16
4
8
9
11
13
3407
4
59
2
4
67
179
1
1
135
64
65
2
4
5
6
3
4
1
2
1
34
35
36
37
38
5774
39
40
224
223
54
89
91
92
94
95
96
97
99
100
101
103
105
107
108
109
110
111
113
115
116
1
118
4002
119
2
4
5
6
7
8
10
13
16
120
18
5932
57
55
54
53
52
51
49
1184
33
186
185
1
2
1
2
3
13
7
210
208
206
204
202
200
124
123
122
120
118
116
243
1
155
1
2
1
2
1
446
1
659
2
3
4
660
5
6
30
38
105
107
109
6819
813
449
113
114
116
6823
120
122
124
126
128
130
132
6825
135
137
139
450
141
6118
143
145
147
149
151
1153
154
156
157
5879
5880
5881
5885
141
1
79
2
3
140
45
44
43
69
42
11
1
299
236
246
226
21
143
11
12
13
1
1396
1386
14
15
16
222
44
45
47
33
32
31
30
29
28
27
26
25
24
1
22
1
2
2
2
35
2
4
6
4
197
196
195
71
24
1
2
3
4
5
1
3
4
2
1
5
6
8
9
10
2
1
2
3
1
2
4
1
5
6
7
8
2
261
259
1
54
1
1
52
38
40
37
215
7239
214
8841
113
4844
213
212
616
826
2947
8510
4
211
210
209
825
208
207
206
205
204
203
202
187
49
49
48
181
47
46
50
51
52
12
10
5713
4331
8
113
1
2
3
232
204
4007
4009
3798
231
1826
230
229
228
227
226
225
190
187
182
181
180
179
69
68
201
168
148
144
142
167
1
2
209
139
130
137
135
129
128
127
133
131
125
123
122
121
120
119
118
33
34
35
68
36
37
3056
38
1
2
28
70
203
146
143
1
125
204
250
177
172
149
10
25
80
78
77
76
1
185
236
82
85
3210
66
64
132
71
23
1
1
1
2
3
1
2
3
1
1
1
2
2
3
27
26
1
1
2
3
1
2
1
2
3
4
5
6
7
90
86
84
82
5
42
45
49
80
63
1
1
237
236
219
194
232
126
24
181
144
139
176
175
177
127
150
435
16
17
18
19
20
21
22
23
24
9
5638
14
323
671
141
31
1
88
1
1
2
3
4
6
1
2
3
5
1
1
2
3
4
5
4
5
6
7
1
6
6
1
90
173
89
174
1
2
3
4
1
2
3
1
3
4
5
6
7
8
9
10
11
12
13
1
2
3
4
5
13
8
9
11
2
12
13
7
8
10
1
2
3
1
2
290
5
289
288
6
7
8
1
227
226
225
224
1
1
1
18
17
16
15
14
5
7
8
10
11
12
13
14
16
18
21
24
26
28
30
32
33
34
35
36
37
38
39
40
41
42
43
44
45
46
47
48
49
50
57
6
2
3
48
2
64
2090
67
1
126
1
2
3
4
6
8
11
14
1
3
5
7
10
13
15
17
19
21
22
23
40
24
25
26
27
28
29
30
31
32
33
34
35
36
37
2
4
6
9
12
14
16
18
20
13
15
17
19
36
39
141
142
41
2
4
7
10
12
14
16
18
19
20
21
23
27
28
29
30
31
32
33
2
5
8
10
12
14
16
17
18
35
19
20
21
22
23
24
25
26
27
28
29
30
31
32
3
6
8
10
12
14
3
135
5
7
9
11
12
13
30
14
15
16
17
18
19
20
21
22
23
24
25
26
27
2
4
6
8
1
18
2
4
8
9
10
11
12
13
14
17
1
2
3
4
5
6
7
8
9
10
11
12
13
14
6
7
8
9
10
11
12
2
3
4
8
12
15
4
5
6
7
8
9
10
1
2
6
10
13
1
5
9
12
4
8
11
1
2
3
4
5
6
1
2
3
4
5
1
2
3
4
16
210
1
2
3
7
1
2
1
212
211
3
3
219
1952
84
51
85
115
254
1464
253
251
1726
1
118
5
255
254
253
1721
287
2
1
283
281
279
277
275
273
345
168
274
5315
5579
139
229
228
264
269
266
264
262
261
259
1
5
8
4
7
2
996
3
994
89
87
86
77
226
194
147
35
186
185
135
134
2
133
137
103
53
181
137
104
9
11
40
42
103
102
100
98
6033
2
704
11
15
17
19
21
26
28
38
40
47
99
98
97
4
6
30
29
32
88
693
689
687
685
683
678
676
666
664
657
84
83
82
81
261
80
94
79
78
77
76
75
74
113
2
31
33
17
15
414
416
29
31
15
2
34
8
10
15
17
27
29
36
18
16
14
12
12
11
2
4
6
11
13
23
32
2
4
9
11
30
14
2
7
9
19
21
28
5
7
17
19
26
7
6678
5
4
36
3
1
2
14
21
10
12
1016
19
2
18
16
14
12
10
145
8
6
5
3
1
1
1
2
3
8
10
12
2
9
7
52
51
50
1
627
6
7
8
182
181
180
200
199
5321
201
75
76
144
1
2
1
2
3
4
5
6
7
8
9
10
11
12
13
14
15
16
17
18
19
20
21
22
23
24
25
26
27
28
29
30
31
32
33
34
35
36
37
38
39
40
41
42
43
5308
44
45
46
149
1
2
3
4
5
6
7
8
9
10
11
12
13
14
15
16
17
18
19
20
21
22
23
24
25
26
1
2
3
4
5
6
7
8
9
10
12
13
14
15
18
19
20
21
22
24
25
26
27
28
29
149
5453
148
147
1
2
3
4
5
6
7
8
9
10
11
12
13
14
15
16
17
18
19
20
21
22
23
24
25
26
27
28
1
2
3
4
5
6
7
8
9
10
11
12
13
14
15
16
17
18
19
20
21
22
23
24
25
26
27
1
2
3
4
6
7
8
9
10
11
12
13
14
15
16
17
18
19
20
21
22
23
24
25
26
149
215
1
2
3
5
6
7
8
9
10
11
12
13
14
15
16
17
18
19
20
21
22
23
24
25
216
1
2
3
4
5
6
7
8
9
10
11
12
13
14
15
16
17
18
19
20
21
22
23
24
1
3
4
5
6
7
8
9
10
11
12
13
14
15
16
17
18
19
20
21
22
23
1
2
3
4
5
6
7
8
9
10
11
12
13
14
15
16
17
18
20
21
22
205
1
2
3
5
6
7
9
10
11
12
13
14
15
16
17
20
1
2
3
4
5
6
7
8
9
10
11
12
13
14
15
16
17
19
20
1
2
3
4
5
6
7
8
9
10
11
12
13
14
15
16
17
19
1
2
3
4
6
7
8
9
10
11
13
14
15
17
18
1
2
3
4
5
6
7
8
9
10
11
12
13
14
15
16
17
224
2
3
4
5
6
7
8
9
10
11
12
13
15
16
1
2
3
4
5
6
7
8
9
10
11
12
13
14
15
1
2
3
4
5
6
7
8
9
10
1
2
3
4
5
6
7
8
9
10
11
12
13
1
2
3
4
5
6
7
8
9
10
11
12
1
2
3
4
5
6
7
10
11
1
2
3
4
5
6
7
9
10
231
1
2
3
4
5
6
7
8
9
1
2
3
4
5
6
7
8
2
3
4
6
7
1
2
3
4
5
6
235
1
2
3
5
169
168
167
166
165
164
1
2
3
4
242
240
239
1
3
237
236
235
234
233
232
5628
229
151
227
150
149
221
148
147
146
145
144
143
142
141
140
139
245
244
243
2
239
5560
5559
231
98
5558
5556
5554
97
96
1
84
83
4726
82
240
239
238
237
236
235
232
230
80
1
98
96
1
219
2
2
4
6
8
10
11
12
13
14
15
16
17
18
19
20
2
161
160
10
164
6
162
8
11
161
14
16
160
166
80
27
12
1
2
3
4
1
4
5
1
3
4
575
5401
214
220
221
222
576
577
223
224
5394
1
2
4
5350
107
253
254
5529
205
166
9
85
8
206
84
256
186
199
187
202
2
3
5
1591
73
1
3
4
7
260
95
262
2
6
270
248
111
112
113
2
114
115
3
4
116
117
118
119
121
124
128
109
7
110
111
112
1
1
3
110
111
110
320
322
71
121
280
109
1
2
3
4
4
2
4
2
50
7
8
6
14
16
18
19
6725
232
48
233
234
91
93
89
270
272
268
284
197
2
3
4
7
8
10
12
14
17
20
21
23
26
4
247
24
4
6
12
13
15
25
11
23
25
26
22
18
1
1
2
199
200
201
202
203
204
205
2839
206
207
208
209
13
433
434
685
184
186
188
93
56
3991
94
54
120
121
122
123
124
219
11
1
222
224
221
223
224
224
172
83
224
3015
118
476
335
120
336
121
123
124
125
126
338
128
129
139
298
340
2716
2715
1
3
4
5
6
7
8
9
4
5
6
9
1
2
1
273
156
2
4
2
3
4
344
20
22
23
6
2
16
2536
403
62
63
66
129
292
293
75
68
114
183
2
80
81
79
154
155
13
78
156
157
159
160
161
162
163
164
165
166
167
6208
168
169
153
12
16
169
155
2653
1
2
3
4
2654
2655
2656
2657
2
4
5
6
7
1
2
3
1365
6
7
8
9
10
1
2
1
1367
4
5
6
8
9
10
11
12
222
223
106
1
1
2
3
16
3023
323
324
325
2
51
52
53
54
55
56
51
52
56
57
1
48
231
231
47
230
46
238
239
240
45
308
309
311
312
313
314
315
316
317
1683
305
306
307
195
179
1
1
2
3
4
6
8
10
12
13
158
159
157
191
192
1
193
189
162
163
88
89
10
2
1
1
2
3
4
5
254
1
257
266
253
265
268
1
1
22
1
24
21
26
28
30
187
1
246
247
245
244
224
146
145
225
117
144
143
226
142
227
83
219
220
220
112
163
1791
74
1296
2
276
65
231
2
150
224
56
248
249
53
55
58
59
60
63
65
67
94
69
70
71
72
95
43
44
45
46
47
48
49
50
51
1
177
174
1
2
3
4
5
2
1
4
5
6
7
8
1
2
8
9
10
11
12
13
14
15
16
17
18
20
3
21
22
23
24
25
26
27
4
28
29
30
31
32
5
6
7
33
34
35
36
37
38
39
40
41
42
9
41
10
23
27
30
31
32
34
35
42
36
18
17
1
1
2
1
1
1
2
1
4
128
126
127
17
18
19
70
62
188
107
218
2
3
219
220
6
221
222
104
217
248
52
238
49
72
129
1
151
148
1
1
150
151
252
253
71
85
83
1
239
491
1
2
3
4
6
2
7
3713
8
10
12
14
17
223
222
276
279
280
281
282
2
283
46
284
285
371
153
43
42
279
280
140
1
2
53
54
1
589
54
55
56
1
2
3
4
5
6
1
2
4
5
23
1
3
4
22
1
2
3
104
105
106
107
108
1
2
1
19
107
109
172
398
2545
66
5
130
357
653
367
21
651
256
257
258
7424
1
259
3
6
260
261
262
263
264
7427
216
217
219
215
220
221
222
1
2
3
21
4
5
1
2
3
4
7
1
2
3
6
40
1
2
5
7
86
91
23
22
21
1
4
47
4058
43
21
20
19
46
3
149
966
36
37
81
257
96
97
98
2
3
5
99
100
106
107
88
89
90
91
92
93
94
95
99
139
140
133
134
135
142
144
146
138
3776
21
9
10
15
17
16
22
23
409
21
15
77
78
79
81
82
170
83
84
76
170
3607
257
1
4
258
259
187
179
1
179
180
1
3
104
178
180
181
179
857
103
181
49
180
181
183
200
206
207
586
181
27
239
182
132
13
188
189
15
465
106
107
108
104
241
2
2
3
5
7
9
10
11
12
13
212
1
2
4
6
8
8
9
10
80
108
110
111
112
114
611
5
6
1
2
6
26
27
29
31
32
8
9
10
1
5
5720
22
34
35
36
37
39
40
4
24
25
27
30
34
380
615
14
382
1975
2
31
32
240
108
107
2
116
117
617
618
87
74
1
199
25
4
24
87
113
245
40
120
39
38
37
36
35
1
37
36
1
2
12
3
5
85
14
15
6
11
1
11
2
12
3
4
84
14
5
10
10
1
11
2
3
83
13
9
1
2
11
12
3
15
17
4784
20
22
24
26
28
30
4584
8
1
81
10
11
7
80
9
10
1
6
7
8
685
27
8
116
117
118
119
25
116
89
10
2
1
134
2
2046
132
1
44
221
43
31
54
2174
1529
202
203
126
51
147
4
18
1
117
2
116
115
114
13
114
77
35
75
33
200
202
203
104
28
150
1
4
3
5
10
2
5
152
90
255
196
197
186
40
59
58
56
57
54
53
1
2
38
3
6
2
1
3
358
2
218
3
5
7
8
22
10
11
183
21
12
14
121
122
5
175
113
123
124
125
126
127
128
129
130
131
132
133
5
134
2333
135
4
136
119
70
68
26
27
49
141
356
140
355
48
46
40
350
28
29
30
31
32
33
34
727
25
36
134
135
636
12
153
15
12
132
133
215
216
1
3
4
5
6
8
9
19
214
5
7
198
213
1
2
3
212
214
5
211
1
3
4
210
3
13
76
76
208
1
11
207
107
108
109
648
53
52
1
3
2
51
50
49
48
47
46
45
44
43
41
39
36
35
34
31
29
27
25
24
23
22
1
21
20
18
17
69
99
100
33
30
1025
37
28
35
23
2661
1
532
3
7
41
67
68
69
4
5
6
66
170
64
1
2662
2668
122
120
117
2661
1
6
44
43
2782
57
33
1
2
1
70
8
70
1
64
6
72
76
75
75
46
47
48
49
45
137
138
75
1
2
3
4
5
6
8
10
12
14
16
17
18
19
1
3
4
5
7
9
11
13
15
16
19
20
3
6
14
15
19
17
1
2
6
8
10
13
16
19
20
17
21
1
3
5
7
9
11
12
16
20
2
4
6
8
14
15
19
4
6
8
9
13
17
18
19
2
4
7
10
18
2
5
8
9
16
13
2
3
6
7
14
11
1
11
167
4
51
1
52
8
4
77
136
137
1
156
1
1
66
106
89
108
1
2
1
2
3
4
5
6
7
8
9
10
11
12
4
9
11
1
34
103
104
155
1
5
7
153
41
6
77
3
51
2
50
51
48
1
11
12
6
93
154
94
155
156
157
158
159
160
98
161
162
163
1910
164
165
166
112
168
169
170
171
113
172
173
153
30
167
397
2
172
94
45
44
173
8
488
131
116
1
26
24
124
1
1
2
3
4
67
39
1
38
37
85
87
190
89
1
37
143
106
29
105
2
4
2
25
3022
3708
26
27
28
29
30
24
1123
160
84
86
87
12
32
1
2
3
4
5
6
1
2
3
4
5
51
1
2
3
4
1
2
3
1
2
1
96
8
127
153
39
38
37
37
247
68
45
44
1
2
3
4
5
1
1
2
1
2
3
4
3
4
2
2
4
1
6
129
4
132
128
29
28
57
16
17
60
1
1
2
3
4
5
7
8
2
7
1
7
8
9
10
5
10
11
1
1
1
1
2
3
4
5
1
41
40
39
38
42
59
58
20
57
56
21
1
194
195
1204
196
1
3
4
6
11
12
13
22
23
16
17
18
2
3
4
5
1
3
2
1
57
2
56
55
58
1
57
56
59
58
57
1
2
1
56
54
47
48
75
76
1073
4
5
1
2
1
1
2
3
4
1
2
3
49
4
5
2
49
3
50
2
51
1
2
1
1119
26
25
24
23
22
21
20
19
18
2
17
16
3
27
1120
26
25
24
23
22
21
20
19
1
18
17
2
95
89
16
3900
15
14
13
28
106
193
180
107
179
53
1
93
20
21
15
134
2767
62
61
1
2
3
1
2
73
74
75
1
1
2
1291
2
3
4
5
35
39
42
18
52
1
8
3
9
10
11
12
13
14
1
2
2
1
119
172
39
38
37
36
35
143
142
37
141
18
17
16
15
40
20
21
22
23
24
64
25
34
40
41
42
108
964
1
1
2
1
146
145
28
144
143
46
32
1
2
1
4
5
147
1
2
1
1
41
41
2
415
1
19
117
118
119
120
121
1
2
1
118
117
7
89
906
2151
105
79
78
77
76
75
3
11
13
166
1
167
10
12
15
16
1
107
124
23
22
24
183
25
26
22
23
15
46
45
2
3
1
1
2
1
2
1
2
1
2
3
4
6
1
2
3
5
1
2
4
1
3
5
7
9
2
4
6
8
2
4
2
70
74
73
72
1
74
74
75
76
77
73
141
142
10
2
4
6
7
8
9
1
2
4
5
8
1
3
4
7
2
3
5
6
1
2
3
4
3
85
1
120
1
2
1
2
4
6
8
9
11
13
14
15
16
1
3
79
80
81
82
2039
77
78
1
120
107
263
3074
3
120
117
29
179
1
2
3
4
5
7
9
11
12
13
14
15
16
17
18
19
20
21
22
23
3
11
2
6
12
14
4
31
8
29
1
13
67
7
66
65
24
1
2
4
8
10
11
12
13
14
15
16
17
36
104
60
1
3
7
9
10
11
12
13
14
104
15
16
59
2
8
9
15
67
16
17
104
58
107
108
109
104
4
6
7
8
9
10
11
12
13
40
82
83
84
81
85
2
3
4
5
6
7
97
8
9
1
2
3
4
5
6
7
9
1
2
3
4
5
6
1
2
3
93
4
5
193
184
192
108
194
1
2
92
3
4
1
2
3
90
1
2
1
2
88
1
88
134
133
132
53
54
86
118
108
98
7
1
7
6
43
42
41
40
39
44
44
46
48
1
42
27
58
1
31
9
83
82
1
81
80
79
65
2
85
95
1
83
96
43
93
1
92
91
90
94
93
92
113
112
1
4
5
2
3
4
1
2
1
77
146
1
2
2
1
139
35
8
215
1
137
136
138
136
1
1
1
177
24
28
30
176
9
370
34
81
300
221
214
213
82
81
80
79
134
477
476
368
68
206
274
221
293
1
2
3
4
79
1
2
3
4
1
2
1
2
215
214
213
212
211
210
50
209
208
207
206
82
204
202
2679
216
79
198
333
71
186
3195
229
15
14
7
33
20
107
198
205
236
27
3
5
9
239
1
3
4
6
7
8
241
2
3
5
6
7
242
211
3
4
5
244
2
3
4
1
2
247
248
59
252
313
251
116
114
250
249
798
18
17
1
16
51
1
2
3
4
5
6
1
2
4
5
6
7
8
9
10
11
12
13
14
15
16
17
18
19
20
21
22
23
24
25
26
2
26
27
28
29
30
27
28
263
163
1
2
1
2
206
205
1
213
211
209
208
207
29
28
1
2
50
1
160
158
155
153
151
150
149
147
145
1
1
2
22
23
24
25
26
27
21
184
81
69
67
71
40
28
27
26
1
21
30
34
90
1
62
51
299
2
287
53
286
305
303
64
122
141
248
5
6
7
256
2
4
1
4
240
239
238
1
1
42
41
137
317
316
315
314
318
22
8
50
491
41
137
39
275
1
186
1
1
218
217
216
215
1
213
1
93
87
143
149
1
332
88
330
328
326
325
324
337
334
335
287
323
324
336
83
84
102
101
176
175
100
1
103
99
98
2
171
169
104
103
101
177
176
179
244
1
2
3
4
5
6
7
8
9
10
11
1
2
4
8
9
1
6
7
8
9
2
5
6
7
8
3
5
2
178
138
137
136
135
134
133
336
335
1
2
1
1
2
3
2671
121
1
1
194
190
189
42
264
8215
188
186
184
195
1
2
3
271
4
1
2
272
3
1
273
274
272
128
1
1
2
31
30
1
1
2
227
226
85
249
63
65
64
1
307
1
278
1
2
3
71
34
4
70
33
35
1
2
3
71
1
73
2
72
74
1
74
75
197
1
2
3
2
6
6
7
7
1
2
3
8
1
2
320
98
205
204
39
37
2
38
1423
115
114
186
36
1
2
1
118
1
1
2
3
4
5
6
7
8
9
1
2
1
193
5
190
187
187
128
68
16
1
1
2
2
3
252
1
327
328
3
169
170
165
166
166
28
163
1
1
1
1
242
243
27
148
147
270
271
272
273
269
39
1693
2
4
6
8
74
2
4
242
2
241
2
238
240
239
236
240
241
247
183
253
177
179
256
313
2486
70
40
41
42
37
274
38
248
49
129
130
130
1
22
8
12
232
233
231
14
15
16
11
249
22
23
24
75
11
12
7
9
204
4
3
49
57
271
1
240
1
1
249
109
1
2
226
227
228
1
1
2
1
1
2
1
1
2
1
2
1
3
5
214
217
99
21
101
7
20
1
1
2
2
686
8
10
12
683
13
14
15
16
20
21
23
25
26
27
28
29
30
590
101
6
99
124
126
127
129
130
98
135
136
137
138
3
139
119
121
122
209
210
211
212
213
95
2
72
74
75
76
77
78
79
80
1
2
136
148
84
135
74
75
77
78
147
37
76
77
143
126
78
127
152
128
129
130
12
131
264
122
209
70
138
78
255
161
163
2
206
181
182
3
2
123
120
1
2
1
1
2
17
19
29
141
139
1
2
3
1
8716
1
2
1
248
1
2
54
39
1
51
1
22
61
149
141
89
1
39
1
1
2
155
156
1
9
2
3
201
202
203
3
2
3
1
4
3
186
1
2
1
2
3
211
48
6
1
2
3
4
1
2
3
4
5
8
10
1
11
13
14
15
14
14
220
216
218
2
4
98
99
100
101
102
46
48
49
50
45
164
165
38
37
3
35
14
15
37
132
1
133
134
103
133
40
38
11
12
52
54
1
2
3
4
5
6
166
7
8
9
10
11
12
14
167
165
1
2
3
4
5
6
7
8
9
133
10
11
13
77
78
150
79
80
151
153
154
75
90
1
2
3
4
164
5
6
7
8
132
9
46
10
12
1
2
3
163
4
5
6
7
131
8
9
11
151
1
2
4
5
6
130
7
8
10
74
75
76
78
72
2
3
4
5
129
6
7
9
160
1
2
3
4
128
5
6
8
48
1
2
3
127
4
5
7
89
91
92
48
47
159
69
1
2
126
3
4
6
1
125
2
3
124
2
4
156
1
3
50
155
2
154
122
120
96
95
93
91
89
97
274
1
1
3
26
25
30
49
42
43
45
47
40
1
3
3
5
7
9
2
29
4
6
26
27
27
4
24
25
162
163
28
1446
164
165
166
23
25
159
21
195
196
197
1
2
3
4
5
6
7
5
2
3
91
1
3
4
1
2
3
4
5
6
7
8
9
10
11
12
13
14
6
1
2
215
216
217
1
2974
1
2
3
28
27
175
17
172
57
58
59
2922
60
1618
61
62
63
56
1
2
3
4
5
6
7
8
10
12
15
16
17
20
22
24
26
27
28
1
2
3
4
5
6
7
9
11
14
15
16
19
21
23
25
26
27
1
2
3
4
5
6
8
10
13
14
15
18
20
22
24
25
26
1
2
3
4
5
7
9
12
13
14
17
19
21
23
24
25
1
2
3
4
6
8
11
12
13
16
18
20
22
23
24
1
2
3
5
7
10
11
12
15
17
19
21
22
23
1
2
4
6
9
10
11
14
16
18
20
21
22
1
3
5
8
9
10
13
15
17
19
20
21
2
4
7
8
9
12
14
16
18
19
20
2
5
6
7
10
12
14
16
17
18
3
4
5
8
10
12
14
15
16
1
2
5
7
9
11
12
13
1
4
6
8
10
11
12
3
5
7
9
10
11
12
2
4
6
7
8
2
4
5
6
2
3
4
1
2
1
7
8
1
67
1
54
53
52
1
1
2
3
1
67
143
144
139
66
189
1
1
2
3
1
2
1
1
3
2
3
4
1
2
1
1
1
92
125
1
126
42
2
145
1
47
174
46
4
1
41
47
40
39
3
173
1
1
2
2
3
7354
37
1
2
3
2
3
3
3
133
5
6
7
9
10
11
1
57
58
57
56
31
81
82
142
20
2
1
120
119
1
1
2
3
5
3656
30
2
4079
8
1
125
106
4077
124
32
3658
15
13
55
1
2
3009
5
8
10
12
14
115
94
95
96
92
1
7
1
214
7
86
85
84
2
38
106
13
39
38
37
36
35
34
40
760
19
20
21
23
24
26
27
49
51
94
19
50
104
1
105
483
93
92
158
7
121
119
117
113
114
123
1
2
51
50
48
44
43
42
47
170
198
200
2
95
124
122
125
5
7
9
13
15
16
17
8
16
18
21
2
4
10
19
22
24
4
6
21
20
55
54
53
52
51
50
49
48
45
41
38
56
4
5
1
141
142
99
143
100
35
33
36
3
15
66
67
70
63
55
54
53
52
1
1661
186
183
18
1
3
5
2
3
7
61
114
1
112
110
109
89
1
2
1
2
3
95
97
1
2
1
2
2
3
4
5
5
143
154
157
136
127
128
62
119
24
79
1
113
5
4
8
9
3
8
4
214
215
1140
91
12
2
3
4
6
177
75
74
73
72
5
13
164
1
2
3
103
1
112
113
114
115
111
111
112
115
110
6
199
198
200
3
41
41
42
2
38
38
24
25
18
22
2
74
1
2
4
2
1
2
3
4
5
6
7
8
9
10
1
2
3
4
5
6
7
8
9
10
11
12
13
1
4
5
6
8
9
10
13
14
15
11
12
1
2
3
4
5
6
7
8
9
1
2
3
4
5
6
7
8
1
2
3
4
6
7
1
2
3
4
6
7
8
1
2
3
5
1
2
3
4
5
6
1
3
1
2
3
1
1
2
69
23
22
21
20
52
19
18
17
188
16
5
6
7
153
4
112
113
114
1
2
3
3
4
170
2400
1
2
2
3
1
3
5
6
7
8
9
10
11
12
2
4
5
8
9
11
12
2
3
6
7
1
3
4
5
2
3
4
96
98
2
1
97
1
51
2
39
1
3
37
2
49
47
35
1
1
2
3
85
86
87
88
89
91
236
141
128
54
55
56
51
52
64
119
120
1
73
66
1
76
85
1
4
6
187
186
185
184
183
6352
188
6
7
10
11
122
12
21
29
75
28
76
2
4
2
50
49
1
1
2
1
1
2
160
158
157
155
162
1
156
138
136
175
1
678
1
2
1
1
72
71
2
4
2
6
7
9
8
1
1
1
1
1
1
2
1
1
200
192
191
190
56
6
57
58
54
55
167
178
165
122
163
159
120
14
119
31
28
118
121
1
28
17
222
51
105
53
23
22
19
18
17
20
214
31
8
133
32
33
4
34
32
1
1
17
17
18
19
1
2
3
4
92
93
8
9
94
4
48
74
94
93
71
64
27
1
2
1
1
2
12
1
1
2
1
1
1
87
86
2
85
2
4
2
49
48
53
1
2
3
4
1
2
3
3
2
10
1
6
7
8
1
171
171
170
169
3
3
1
34
35
6
8
311
33
34
1
2
3
4
21
19
1
2
3
20
18
1
2
19
17
1
18
16
17
17
15
88
86
123
123
1
1
2
3
4
5
7
1
3
108
112
111
110
8
1
3
8
959
177
1
1
1
1
27
28
1
2
114
1
2
1
11
181
179
178
177
176
175
174
173
10
11
140
139
138
5
6
7
8
9
198
197
4
152
26
30
34
35
15
2
44
59
58
95
94
93
96
142
91
740
148
147
11
232
212
46
45
44
235
221
220
1
2
3
4
5
6
218
214
213
212
211
210
209
216
191
151
1
149
2
3
148
4
189
5
1
2
3
1
2
3
1
2
1
148
12
11
88
24
24
11
223
222
221
9
270
268
41
17
1
2
1
1
2
3
4
5
6
7
1
3
5
6
75
74
1
2
3
4
5
1
2
3
70
1
2
1
2
72
77
1
1
208
1
1
1
1
1
2
3
4
5
119
149
3
2
16
17
1
1
1
2
3
4
5
6
7
4
5
7
2
5
1
3
4
3
3
1
3
4
5
6
33
28
24
116
1
1
2
3
237
152
150
153
189
188
28
1
27
190
189
152
124
1
124
123
122
121
36
4417
38
8
11
187
186
185
189
37
194
191
196
111
1
2
1
5
5
13
275
250
248
247
1
2
246
248
231
230
229
228
227
1
2
3
65
4
2
5
161
104
1
1
1
3
4
2
105
249
247
244
242
1
17
11
215
7149
214
2495
213
212
211
210
94
95
111
213
4
212
211
210
2
237
236
235
238
240
125
230
159
4
13
162
13
165
169
168
168
178
6
7
52
30
73
74
1
7
264
263
260
1
2
266
265
264
155
156
40
165
60
61
1
74
73
2
3
5
7
9
11
13
14
15
16
1
3
5
7
9
11
2
4
6
8
10
2
4
6
8
9
10
244
243
242
241
240
239
2
4
6
2
4
2
27
253
28
29
1
1
3
5
6
7
8
9
1
2
3
3
3
1
262
261
260
32
27
26
25
24
1
2
2
225
224
1
2
3
4
2
144
129
128
2
225
223
222
221
226
143
60
61
104
1
105
55
1
54
56
56
1
2
3
3
1
1
2
138
149
145
140
150
1
1
2
1
2
1
1
2
12
1
231
230
1
1
2
3
4
5
6
7
280
279
1
3
263
183
182
181
2
265
274
1
2
1
2
3
3
4
316
44
301
300
303
1
1
2
3
88
87
43
42
290
291
289
175
273
271
270
1
2
3
5
4
6
8
10
263
264
2
4
1
2
4
6
4
6
8
8
10
10
50
169
171
173
49
165
167
281
280
1
2
2
4
37
38
39
40
41
193
191
1
116
3
2
85
268
91
92
93
90
1
237
240
48
2
4
1
2
3
153
152
7
1
2
2
4
214
215
67
21
106
1
1
1
1
4
6
202
152
2
7
63
2
2
4
140
32
2
3
4
3
1
1
1
2
235
1
1
2
3
276
4
1
3
4
5
6
4
239
5
6
21
3
4
236
1
52
53
54
55
20
1
228
229
230
231
232
233
172
171
177
178
179
175
1
1
2
3
5
49
50
51
52
52
142
143
46
161
162
160
242
181
215
1
180
1168
226
2
163
164
162
1
2
3
4
5
6
7
8
9
1
2
4
5
6
7
8
1
3
4
5
6
7
2
3
4
5
6
7
8
5
8
1
2
3
4
1
2
3
1
2
1
1
2
1
2
1
1
2
193
83
82
1
2
2
2
3
4
5
6
74
10
208
1
1
2
4
1
2
3
4
5
6
5
1
1
31
2
4
5
1
80
217
131
155
156
157
158
1
155
155
1
2
3
1
2
3
2
141
1
133
76
135
137
126
74
75
151
106
152
153
105
57
40
1
54
55
68
27
26
25
28
28
119
118
110
18
1
2
3
1
2
1
17
889
2
2
1
2
5
2
3
4
1
2
3
1
2
7
8
1
71
11
49
1
2
3
1
3
2
2
3
210
74
46
209
2
3
5
1
3
1
2
1
1
1
2
2
3
4
6
149
150
14
148
19
13
22
21
36
11
12
9
221
222
220
80
1
2
1
1
2
2
271
1
2
21
22
23
24
25
20
136
37
40
1
3
5
6
7
2
4
6
1
55
56
57
54
57
58
54
59
60
55
61
62
63
53
145
146
147
148
149
150
143
1
6
3
7
4
5
8
9
10
11
134
135
133
14
1
2
69
68
1
7
48
67
55
115
117
118
119
109
61
9
10
11
12
14
3
12
12
13
14
1
2
14
15
16
17
18
19
133
1
2
1
2
129
45
43
68
5
57
139
204
151
150
153
1
135
9
2
1
166
51
5
61
57
57
46
1
2
3
1
3
6
9
8
1
2
1
100
2
3
6
2
5
98
3
1
1
1
2
3
4
5
6
7
8
1
129
130
1
1
2
3
4
5
6
7
8
9
10
1
68
86
123
124
1
1
2
4
5
7
123
121
1
2
1
8
1
1
7
8
3
7
8
3
4
1
6
998
150
169
17
18
64
62
67
3
2
1
2
3
4
5
6
20
21
22
23
24
25
19
14
45
1
1
1
29
1
1
2
3
72
73
108
1
112
1
1
2
3
62
63
64
54
76
2
3
65
100
1
3
4
9
11
13
14
15
16
17
6
27
28
13
2
7
1
2
10
84
81
83
70
179
181
104
103
1
4
160
48
2
99
100
98
1
1
3
1
1
2
1
102
64
63
62
61
60
3
1
1
3
194
2
196
2
20
50
142
1
1
2
3
4
5
6
1
2
5
1
4
3
41
43
46
1
2
7
1
1
2
3
4
5
3
4
127
126
130
1
2
1
2
1
2
3
3
4
103
1
1
66
206
205
204
202
199
197
194
192
208
94
24
1
1
133
1
2
3
2
3
1
2
3
46
43
1
1
205
15
1
4
3
5
6
9
10
9
10
11
1
3
1
155
2
202
5
102
1
2
1
63
68
2
250
6
67
96
106
124
70
71
72
3
1
1
168
201
167
1
2
3
4
4
77
1
2
244
139
3
5
8
7
2
1
160
90
17
134
1
129
127
2
3
5
7
2
2
2
28
30
31
33
34
35
32
64
64
63
64
63
62
61
3
5
6
7
8
3
6
51
1
2
3
1
2
1
2
3
1
2
1
210
1
3
1
2
13
12
12
13
12
13
160
159
158
157
156
155
154
21
171
1
2
3
1
3396
3
17
9
8
9
2
3
4
5
1
67
68
68
68
67
5
1
1
1
1
2
3
4
5
7
8
9
1
1
73
43
1
2
1
2
3
4
5
5
1
201
52
41
1
1
2
1
229
2
2
3
4
1
46
45
39
18
19
1
1
1
6
7
117
116
120
195
1
2
357
60
267
266
58
57
98
220
59
244
243
242
242
204
203
52
2
1
2
3
1
2
1
1
2
3
1
2
1
1
2
3
4
5
5
3
2
1
2
1
1
91
90
92
1
123
2
3
4
1
3
4
1
4
5
3
1
2
1
1
22
1
1
242
6
1
3
4
2
1
115
114
112
110
117
2
4
153
2
155
157
1
2
1
2
3
4
5
6
3
4
5
1
6
7
5
1
3
2
4
6
8
73
55
53
1
2
15
5
6
1
2
1
1
1
1
2
101
3
3
150
231
1
6
67
1
25
24
3
36
35
5
1
13
1
2
2
3
58
193
194
7
1
10
9
2
1
2
1
2
25
1
26
251
2
4
227
1
10
1
1
2
1
252
135
1
296
135
281
295
1
1
1
1
2
1
2
3
4
4
1
5
6
7
258
255
1
2
3
2
3
298
1
5
1
3
257
254
2
255
5
1
2
1
202
203
201
1
252
253
251
56
55
97
1
2
274
275
273
2
3
1
2
2
91
92
151
7
6
5
1
3
4
1
1
2
1
2
3
4
5
6
1
4
1
1
1
2
1
1
3
2
232
2062
117
65
1
2
3
4
6
1
2
3
5
1
2
4
1
3
2
2
3
1
158
183
153
1
2
3
3
189
1
1
230
1
1
1
1
1
2
3
4
39
40
41
42
38
1
1
89
90
91
1
1
2
1
2
1
2
3
1
6
5
1
209
1
2
2
3
4
2
1
1
2
3
2
4
2
1
3
2
272
217
1
1
1
2
3
4
6
7
8
1
40
55
1
3
5
1
3
3
9
11
13
4
65
64
1
1
121
1
95
94
1
2
3
1
3
4
1
2
4
1
3
4
2
1
139
53
54
153
1
2
3
4
5
6
7
1
2
3
4
5
6
2
3
4
5
6
7
1
2
3
4
2
3
4
5
6
1
2
3
4
1
1
1
18
1
1
2
4
2
6
7
4
166
167
168
169
170
171
86
67
68
69
70
1
204
2
4
2
3
7
8
10
1
5
10
12
4
1
1
2
86
6
7
1
2
3
1
2
3
1
175
174
2
6
3
2
110
47
1
2
3
3
4
1
4
12
1
2
3
4
8
1
2
3
7
1
2
6
1
5
7
9
4
227
7
8
143
144
158
158
159
2
4
7
8
2
5
9
5
42
63
61
102
1
147
148
134
146
1
90
2
79
1
1
1
2
185
186
11
12
13
1
4
4
1
80
1
11
11
10
1
148
15
1
2
1
2
3
4
71
70
1
1
2
3
1
1
1
188
1
189
188
2
4
3
4
1
3
2
27
1
2
3
1
1
2
14
2
3
6
7
165
1
4
5
122
3
139
140
141
4
9
13
1
1
1
1
116
1
2
1
2
3
1
110
111
79
2
146
143
1
2
1
179
178
164
3
3
5
7
2
2
80
101
22
23
24
1
2
3
4
5
1
3
132
4
2
112
1
1
2
3
1
2
117
62
63
61
2
3
1
1
2
16
17
15
18
2
1
1
1
2
1
2
34
54
53
2
47
48
49
1
1
1
7
1
2
3
81
80
1
2
82
81
1
6
1
1
2
3
113
111
2
4
2
4
6
14
16
82
83
23
2
2
5
3
1
11
1
1
2
2
113
3
1
2
3
1
42
41
1
9
73
3
2
1
8
1
2
1
1
2
1
1
2
1
2
3
1
2
3
3
4
121
120
123
1
2
4
4
104
1
1
2
3
1
2
1
1
2
1
1
19
20
116
69
178
1
1
37
91
1
2
1
23
1
2
5
64
1
5
4
1
29
28
1
56
55
1
1
2
4
5
6
2
7
3
1
2
3
4
5
2
1
205
1
1
1
2
3
245
168
169
31
3
4
4072
2
36
37
3
1
1
1
1
1
86
88
140
1
1
2
3
1
2
1
1
2
4
9
1
1
3
104
65
64
1
1
1
1
1
1
2
3
4
1
11
10
29
2
3
1
1
1
182
181
2
23
2
3
211
210
1
2
1
22
23
233
1
264
263
2
4
2
4
6
8
1
1
1
263
262
1
2
1
9
184
183
187
128
127
1
2
1
1
1
1
1
2
1
2
1
1
20
1
2
3
4
3
294
295
1
166
162
2
2
40
308
4
105
171
2
208
256
1
2
313
274
1
1
2
3
1
2
1
94
171
270
4
3
2
1
162
163
1
1
2
3
1
2
1
1
1
2
1
2
3
4
5
6
1
1
2
215
1
2
1
2
3
4
1
2
3
3
125
3
2
1
1
2
3
4
5
6
7
9
1
2
1
3
2
1
1
1
1
2
1
1
2
1
1
3
4
38
37
2
1
1
1
1
1
2
3
4
5
4
11
9
156
154
1
1
2
3
4
197
182
52
281
23
22
55
57
1
3
1
2
1
1
2
2
2
4
5
156
157
155
2
4
4
1
1
1
1
1
1
1
1
1
1
2
1
172
174
170
1
1
2
3
256
1
1
1
145
1
2
1
2
1
2
121
122
120
173
1
17
18
19
1
2
3
4
5
6
1
6
2
111
126
2
1
3
5
6
3187
168
1
2
1
1
1
1
2
3
4
3
2
1
1
2
3
1
2
3
1
1
2
1
1
130
2
1
14
50
52
1
2
4
200
3
1
1
1
123
1
1
2
9
2
89
1
149
1
2
3
4
1
2
3
4
5
6
1
2
4
1
2
3
1
2
7
9
203
204
1
1
1
2
78
1
1
1
1
123
124
192
73
1
1
2
1
2
2
1
1
1
1
139
1
2
1
96
39
40
41
148
1
2
3
2
1
2
1
2
19
1
1
2
3
4
5
6
1
2
3
4
5
6
1
2
3
5
1
2
3
4
6
1
2
3
1
2
1
1
103
2
45
1
1
2
1
2
1
2
2
3
1
2
1
1
2
158
159
157
4
88
9
1
115
116
114
114
113
7
71
1
1
1
39
1
118
1
2
1
82
1
43
44
1
1
1
1
1
1
33
1
2
1
1
23
14
1
1
2
3
4
1
1
1
1
5
1
2
3
4
5
1
1
35
1
1
2
1
63
2
4
2
61
1
1
40
1
3
1
2
3
1
2
3
1
2
57
28
1
1
2
3
1
2
3
1
2
3
1
1
1
1
1
2
3
1
2
1
2
1
22
27
28
1
2
3
1
2
3
4
5
1
1
1
2
1
2
1
5
8
7
1
1
10
1
1
1
3
16
1
2
2
2
1
1
1
1
2
4
2
2
4
6
8
1
2
1
1
1
