10
56
29
53
34
33
12
41
13
28
1
67
97
160
96
34
55
8
201
132
87
126
1
59
61
27
14
29
3
96
167
102
13
115
47
97
4
84
202
234
38
67
31
5
44
121
15
28
33
18
26
73
98
39
5
87
86
14
18
41
76
77
92
89
36
140
27
81
18
61
23
33
53
6
49
15
1
103
55
43
45
74
29
2
44
45
1
15
31
36
35
304
60
66
6
42
29
68
6
25
53
43
7
55
129
173
45
73
27
113
103
193
204
6
88
4
2
93
24
44
97
282
24
76
2
238
74
45
118
156
1
206
149
1
151
43
284
80
44
7
76
46
75
79
73
141
31
109
44
82
110
126
40
49
66
163
168
47
69
124
83
61
115
63
95
108
128
54
150
110
99
1
103
24
20
79
78
16
19
4
118
137
72
28
20
115
105
82
104
1
6
51
81
80
156
36
45
36
2
88
89
45
173
83
124
78
109
29
128
176
90
55
27
3
4
61
9
7
34
43
41
10
8
16
9
11
18
16
29
22
21
1
37
49
41
89
7
8
12
25
35
44
60
14
99
9
8
27
98
5
32
33
43
42
10
13
14
53
21
83
82
24
23
39
9
89
58
1
57
125
10
108
64
8
6
44
97
204
60
19
23
23
79
38
114
45
60
99
58
137
54
131
72
2
73
47
43
30
18
86
44
24
68
46
148
119
40
125
89
109
16
61
183
154
51
3
128
1
51
71
98
27
49
25
136
161
1
5
128
195
72
67
61
137
104
38
190
222
300
287
122
25
1
55
158
101
5
42
159
97
163
141
217
284
143
108
18
38
142
37
147
7
1
75
21
104
159
67
133
63
47
26
107
163
93
95
1
140
64
86
208
165
223
224
77
3
114
96
130
4
70
63
64
169
222
61
168
63
77
23
104
174
39
83
37
76
8
57
23
166
142
53
112
44
165
45
106
189
134
135
167
73
109
151
12
139
120
179
60
34
27
56
35
40
38
42
69
68
145
47
12
7
1
11
59
141
26
144
4
25
106
69
59
46
17
161
162
72
144
138
240
43
97
20
180
97
139
70
34
96
43
72
30
50
8
22
83
6
4
36
25
1
13
15
17
98
48
27
2
20
6
22
5
7
4
15
2
50
109
43
37
50
13
117
42
188
2
38
10
174
88
141
155
168
2
131
21
12
85
75
159
23
8
112
33
134
132
102
138
131
16
22
66
99
62
6
87
188
105
4
69
52
129
26
2
155
143
75
157
75
11
142
102
127
53
206
129
207
101
3
126
234
129
42
253
130
31
205
53
80
145
63
68
50
73
126
97
34
46
33
61
1
72
88
25
107
140
157
10
184
134
103
180
141
135
166
134
156
1
16
147
102
152
77
128
89
165
44
54
78
161
181
23
101
21
171
80
81
206
35
4
162
47
114
126
178
166
6
43
106
110
66
91
70
154
101
56
140
2
52
141
185
162
3
78
7
97
87
228
56
177
58
166
138
192
113
55
11
82
128
54
36
124
77
59
11
40
46
61
134
131
1
86
97
98
2
125
120
117
1
119
8
34
110
48
76
7
52
9
44
57
38
58
73
14
75
27
99
102
18
29
42
46
1
13
16
56
62
9
1
50
15
32
90
106
73
57
44
18
1
47
138
44
60
1
43
98
114
27
39
32
78
24
105
1
87
46
20
57
65
104
22
1
24
1
52
12
28
57
78
25
1
54
56
15
12
51
26
60
22
3
65
88
9
10
40
26
62
53
36
1
27
98
83
39
45
60
88
50
83
17
23
45
101
16
87
6
118
6
86
54
35
148
61
112
119
63
15
38
14
23
27
7
17
21
33
13
48
38
70
61
30
53
75
4
73
52
7
59
1
49
20
35
29
24
17
11
5
18
38
10
51
39
31
56
8
76
29
111
40
57
54
23
103
48
65
29
27
85
17
21
24
28
29
12
13
50
29
16
15
3
12
28
1
19
25
3
38
23
42
44
6
8
57
18
33
30
3
36
13
9
29
3
7
5
1
2
9
6
1
2
1
33
12
16
15
1
26
16
30
29
2
4
55
7
57
23
5
6
26
34
17
46
42
26
23
22
51
50
32
47
46
6
10
20
18
23
17
3
5
10
16
17
14
9
11
12
12
20
28
15
13
17
23
21
3
39
25
14
57
54
15
13
72
1
57
21
17
39
24
14
33
2
35
24
19
18
54
11
13
17
27
18
12
18
2
6
13
21
3
11
3
21
36
41
40
35
17
8
25
11
29
53
27
32
28
53
30
52
29
47
9
112
36
85
79
1
23
14
40
16
55
37
17
45
1
55
68
16
85
23
76
101
40
1
46
3
15
172
32
163
143
102
11
189
195
62
111
5
6
8
115
15
100
99
174
26
78
75
84
117
126
96
96
126
100
200
152
104
25
61
47
51
36
169
47
117
137
122
85
94
82
6
72
85
6
122
131
21
68
57
108
62
47
78
106
46
107
16
61
157
88
27
111
4
101
127
38
37
60
15
119
92
100
81
3
143
60
112
111
14
109
42
85
86
87
105
1
106
81
25
80
166
114
167
1
24
59
125
56
81
20
66
26
99
79
35
169
95
40
104
80
54
120
119
8
74
58
50
16
124
45
20
34
48
19
54
79
32
81
61
43
76
134
75
2
88
105
31
50
35
40
35
120
134
116
50
64
22
111
67
3
90
54
10
86
155
85
32
35
109
90
169
27
171
22
99
62
26
47
85
87
123
59
132
182
144
16
10
94
103
152
151
3
20
1
215
84
133
212
146
40
87
43
57
103
213
53
111
54
132
22
76
83
75
108
83
71
83
82
43
42
94
53
4
34
160
233
4
161
127
226
229
225
106
2
200
29
40
168
18
167
49
105
206
47
92
78
154
40
128
127
42
155
2
57
148
107
147
67
6
43
106
146
69
128
62
56
101
5
69
41
126
151
148
149
18
59
168
167
110
164
55
91
90
58
155
162
60
53
1
156
97
111
225
200
63
106
157
96
82
36
4
62
126
155
118
224
2
40
58
75
34
202
128
154
166
154
41
32
186
23
3
22
2
202
112
90
123
74
22
20
119
115
39
34
75
90
143
1
70
1
86
53
140
146
17
73
74
115
94
72
126
14
82
31
67
144
88
83
203
3
22
40
221
114
62
161
103
194
200
119
176
11
62
2
185
147
208
81
226
170
172
122
65
123
128
111
55
99
161
64
79
2
309
77
43
131
209
60
150
80
232
22
50
80
70
250
82
47
16
72
103
29
37
101
35
59
11
32
14
24
50
191
1
142
70
1
104
28
63
189
190
87
188
100
91
73
72
104
41
81
142
24
45
42
18
30
22
80
25
17
40
90
7
104
219
271
83
1
67
57
121
130
72
142
56
114
113
141
119
160
5
92
244
238
18
89
30
50
66
262
43
159
124
12
43
127
140
5
52
91
200
120
201
116
212
87
167
55
184
39
127
252
72
145
14
106
19
112
79
105
32
292
208
66
2
58
34
217
1
56
36
11
221
218
181
3
115
232
204
137
8
6
80
72
29
100
52
36
48
49
21
90
20
32
15
70
35
9
123
1
60
17
121
55
6
87
49
142
69
57
74
2
35
49
61
29
1
48
30
45
44
74
47
53
7
64
34
28
1
48
65
8
43
26
24
3
35
76
37
87
39
2
21
59
52
2
40
62
5
13
11
55
46
32
26
57
67
39
78
85
2
84
39
9
74
116
97
115
61
63
4
98
105
8
52
27
7
41
11
129
71
202
54
48
100
60
138
148
4
75
64
144
6
50
19
244
50
42
94
70
79
17
51
75
206
208
43
62
123
49
119
96
65
105
37
156
15
1
17
91
90
62
80
71
50
16
72
13
35
18
36
153
211
206
48
120
127
189
84
171
72
170
80
88
24
52
22
21
7
3
17
15
28
53
58
20
1
25
107
58
22
27
89
94
32
36
38
71
63
1
32
29
26
39
10
42
1
63
36
77
37
64
75
65
35
22
16
39
8
50
39
81
25
53
54
38
73
74
88
42
13
8
1
4
18
11
29
4
20
59
25
8
4
34
49
30
4
48
32
3
84
113
32
56
52
81
64
77
15
14
2
5
47
11
13
21
17
13
52
59
11
5
13
10
8
26
54
33
28
15
32
27
13
40
8
9
5
18
1
1
4
19
8
32
15
44
74
13
38
10
37
59
13
54
66
19
36
5
2
18
154
8
77
23
136
43
121
120
95
55
43
36
75
18
107
198
69
5
130
143
97
17
14
148
57
151
69
48
163
171
131
74
126
75
159
79
112
134
71
79
152
260
77
40
6
22
74
28
225
262
78
34
111
100
29
74
89
100
98
74
10
108
120
119
112
1
232
131
84
16
26
257
256
18
80
63
96
151
67
2
140
37
56
130
98
62
1
96
181
117
62
113
25
58
52
68
85
156
74
96
21
59
162
93
155
22
60
68
7
15
90
6
1
58
56
40
81
58
33
59
41
21
18
11
20
69
29
59
100
227
169
5
85
99
79
10
71
91
86
57
25
7
94
89
152
32
34
140
108
81
166
36
140
76
110
216
31
109
60
105
244
28
54
135
55
139
30
188
75
34
292
108
241
123
8
103
177
19
52
89
15
116
64
123
148
12
49
103
47
72
175
69
67
45
97
104
96
1
264
129
2
67
128
68
227
59
26
191
135
266
36
55
98
52
101
22
28
16
71
120
8
88
36
133
17
12
105
100
169
19
104
160
1
128
190
1
255
153
105
100
165
28
35
257
136
17
104
126
18
162
125
68
98
22
194
176
230
1
76
224
82
207
123
81
44
18
21
60
40
15
10
18
6
81
124
31
94
42
61
2
41
45
79
12
37
17
38
5
14
47
125
103
41
38
40
60
65
92
117
76
116
94
50
54
55
46
11
12
40
60
32
4
105
129
96
37
68
108
79
52
141
82
78
165
81
145
77
275
1
1
63
96
207
237
1
97
121
206
181
103
78
1
61
124
75
25
21
64
272
77
89
166
103
76
235
136
66
7
163
1
186
68
169
130
72
83
1
206
86
180
12
65
167
180
1
168
61
13
115
134
51
9
124
125
128
30
59
218
101
32
267
158
100
3
80
32
160
92
108
47
76
76
54
77
18
155
29
252
188
208
69
228
65
111
49
154
94
130
50
2
243
48
69
38
71
242
205
203
204
99
172
147
215
157
89
39
38
1
57
83
183
59
93
47
222
217
218
67
177
51
285
21
44
4
48
241
157
24
122
110
76
118
258
276
71
9
135
72
74
33
124
37
51
52
6
57
58
30
89
43
91
20
58
27
117
14
69
96
70
38
202
88
95
57
87
27
146
107
145
71
26
173
1
4
88
85
98
135
6
99
32
111
91
2
69
173
3
88
136
53
92
87
22
13
39
134
80
157
155
81
78
102
17
111
236
277
68
177
278
152
110
109
37
112
39
44
107
116
202
164
6
29
92
155
141
89
49
120
121
150
91
77
46
63
30
75
123
110
156
130
41
13
128
92
170
17
79
62
36
66
199
252
170
142
188
233
136
83
35
72
230
278
69
103
142
207
25
80
104
63
82
90
132
33
40
150
99
78
128
26
114
112
110
136
27
92
154
25
40
1
120
59
94
95
93
59
11
15
62
93
12
59
44
59
73
49
93
87
1
61
103
44
102
48
72
46
68
57
117
75
36
80
1
1
48
42
18
9
51
60
28
1
18
29
14
2
157
69
32
12
56
42
43
18
61
74
54
49
61
13
25
13
9
140
48
15
27
32
44
26
9
118
49
15
2
65
30
67
22
155
102
18
64
101
55
56
48
27
90
27
3
87
120
117
35
77
9
26
20
14
50
3
94
74
17
41
99
82
29
38
31
27
15
109
44
111
49
2
119
181
48
66
130
100
68
35
115
160
29
20
111
163
110
36
234
169
176
136
60
76
5
132
165
125
40
20
164
74
130
2
42
43
1
44
3
218
131
72
115
80
78
87
2
180
188
28
58
103
8
150
52
194
102
23
41
126
26
66
128
2
44
70
22
88
73
16
94
95
162
1
16
107
56
47
57
72
22
41
158
92
22
89
38
50
27
31
29
72
47
56
62
123
106
85
33
94
19
60
10
29
58
86
87
22
9
48
19
50
26
30
31
70
40
29
21
5
47
2
62
26
80
25
26
3
36
40
18
38
57
17
43
40
8
68
108
31
32
11
60
67
1
126
116
23
106
40
84
79
44
4
5
52
83
37
28
38
81
1
87
1
174
1
43
173
175
52
7
42
123
26
68
97
74
59
56
171
13
48
115
114
61
101
36
25
64
15
1
153
187
50
67
131
56
122
152
72
137
30
119
108
69
121
50
89
82
11
91
117
55
48
76
6
64
14
120
111
78
40
106
66
42
49
66
62
7
108
8
37
30
48
6
111
17
24
9
4
7
21
39
25
36
43
102
105
14
18
79
69
1
91
145
66
3
68
91
42
3
20
45
112
65
70
49
44
35
14
20
79
23
14
45
70
66
18
4
16
53
41
46
12
16
13
28
41
66
54
8
105
19
62
82
17
81
56
25
2
56
58
51
7
105
102
3
1
4
3
44
2
49
24
6
30
6
63
12
24
22
17
39
21
15
7
6
11
15
3
22
1
3
65
22
15
16
17
3
20
1
3
29
19
6
20
10
5
8
6
4
5
16
1
9
6
10
11
4
25
19
13
5
8
13
21
5
30
16
13
2
24
25
26
1
14
45
3
34
11
43
42
17
23
10
11
12
1
24
13
22
40
16
35
54
10
19
9
62
2
53
47
19
47
17
49
18
8
23
42
64
5
26
6
1
9
40
11
31
12
20
57
46
37
35
4
35
49
25
24
9
32
3
21
45
6
2
29
6
14
1
24
35
5
35
13
3
3
10
13
25
23
2
24
34
1
10
6
23
6
4
60
26
15
54
16
40
11
8
39
29
31
43
14
53
29
29
12
42
9
99
61
25
90
30
49
38
60
14
15
48
3
87
56
11
90
1
98
53
36
35
50
30
12
90
15
38
12
9
56
20
41
18
5
43
24
22
6
45
21
2
17
28
23
24
11
8
13
5
19
26
7
10
30
18
26
14
15
20
23
12
35
1
5
32
25
23
1
73
1
56
42
39
74
1
45
67
49
101
97
18
127
65
4
97
26
69
56
89
90
32
115
80
63
78
107
106
17
152
1
105
140
47
63
123
91
15
110
85
77
25
36
33
101
23
124
22
77
69
102
99
79
80
45
8
63
1
165
8
87
62
11
102
125
51
167
95
23
96
113
72
42
54
30
1
102
29
56
96
8
73
136
132
86
46
4
173
49
56
46
30
252
1
70
86
69
117
48
16
32
79
77
101
192
3
49
162
78
129
131
41
125
50
53
91
30
124
116
75
23
94
48
52
259
19
66
118
71
240
15
20
48
193
32
8
225
233
3
38
202
2
87
194
192
164
230
63
62
200
43
90
101
58
138
80
22
5
89
134
58
107
45
2
62
88
58
135
150
192
193
92
191
194
1
108
200
57
203
8
214
126
155
195
8
11
17
178
121
163
160
164
128
9
88
78
166
113
146
33
110
145
160
35
125
32
157
58
129
128
71
1
105
1
75
104
68
104
136
117
73
179
36
173
172
68
1
104
2
234
69
19
61
106
194
1
7
202
88
1
190
53
112
235
113
169
68
59
101
183
114
113
9
114
128
68
47
207
92
186
123
60
278
73
31
139
205
123
85
200
185
134
160
66
103
104
205
127
182
107
3
78
119
46
23
115
136
197
15
21
25
36
26
106
73
178
15
90
193
163
61
1
74
65
31
75
30
66
16
120
48
56
104
33
48
15
90
93
42
3
126
96
39
61
29
84
22
90
54
55
1
65
53
85
115
13
60
129
30
64
102
73
69
84
68
170
37
125
58
16
74
1
47
135
57
121
133
12
145
78
88
67
71
73
10
2
65
63
63
64
136
131
88
89
79
63
92
13
2
11
83
5
93
96
72
20
77
129
97
59
60
36
109
78
38
116
88
1
28
27
96
71
114
72
3
76
120
75
43
87
183
44
38
110
96
110
160
1
14
63
126
159
62
77
139
139
112
1
77
63
27
33
216
90
42
183
174
160
115
122
235
113
236
49
106
132
1
31
3
186
76
121
123
45
2
32
30
8
28
99
42
20
210
91
190
189
56
119
187
1
57
63
243
120
151
32
141
31
4
110
69
54
111
106
114
65
165
11
5
156
39
8
161
191
133
132
65
68
103
195
1
30
196
1
99
56
20
156
168
67
2
197
69
119
35
154
188
33
104
155
137
82
49
26
88
132
202
33
187
117
56
220
70
70
173
116
113
121
110
140
14
52
38
160
3
237
118
163
69
61
153
222
188
121
1
170
3
99
92
64
7
37
112
159
35
44
129
34
85
2
47
40
45
131
38
124
49
213
173
30
73
109
36
106
149
11
162
176
128
85
223
37
95
226
138
13
122
44
46
74
93
167
39
33
41
109
1
101
146
32
22
59
148
102
299
6
126
125
196
229
307
305
137
89
43
1
48
169
49
37
168
251
12
71
72
263
33
175
2
143
78
2
4
80
152
177
149
15
74
181
179
72
73
11
107
106
118
73
197
103
79
117
32
78
103
66
13
25
38
18
37
94
152
12
134
195
64
131
67
110
1
29
58
43
189
15
20
112
73
113
19
204
90
111
201
17
22
30
202
218
124
172
48
69
52
16
21
5
121
15
39
106
73
42
105
1
54
90
247
58
57
31
151
148
182
38
172
3
134
53
175
67
189
190
2
74
122
178
41
188
75
127
73
132
52
137
207
10
85
54
21
195
166
189
29
113
6
54
142
55
92
40
52
211
3
16
56
2
208
206
18
154
107
19
62
94
57
156
181
99
161
73
91
88
48
84
70
61
136
36
2
47
145
38
9
116
140
147
6
107
159
24
208
46
141
63
162
187
78
145
187
6
84
205
5
200
21
45
197
179
66
78
55
203
164
113
24
148
109
150
2
53
54
36
227
277
265
41
12
61
135
74
46
127
120
137
7
81
307
1
51
301
106
119
118
50
136
78
195
179
117
1
149
62
178
61
100
1
61
62
63
56
18
151
71
62
74
140
77
95
1
86
85
127
42
3
63
70
68
67
108
96
29
65
1
126
1
164
127
15
140
1
175
38
112
213
43
74
191
155
152
36
76
188
112
181
69
141
90
71
2
20
92
72
107
179
72
141
105
191
187
86
1
37
125
101
38
139
62
51
85
43
97
4
21
60
11
125
162
81
92
140
48
104
141
49
87
46
11
136
82
42
31
83
124
35
83
54
29
34
59
109
44
110
5
10
103
50
72
54
140
62
10
53
139
47
31
63
41
178
59
65
137
85
38
100
9
157
52
58
148
92
1
78
37
66
172
260
136
88
80
129
18
41
124
133
98
1
1
125
126
150
170
117
130
53
168
1
161
210
58
169
72
268
164
141
71
19
125
52
84
55
39
111
68
209
123
179
92
91
44
87
88
1
43
87
99
88
21
12
131
119
120
59
94
80
112
81
84
182
13
3
67
95
55
70
169
15
106
154
12
135
48
210
1
118
162
67
198
62
1
129
211
184
61
16
77
61
68
38
29
12
20
40
70
29
59
23
121
78
49
97
58
72
67
61
39
35
97
62
66
32
75
37
83
60
14
102
52
46
50
43
29
30
91
1
60
6
18
16
29
7
24
27
2
31
39
20
84
50
35
96
26
55
58
11
70
85
45
67
81
64
88
86
2
29
22
2
108
106
80
66
18
79
31
14
48
3
45
68
88
67
51
20
127
52
96
21
105
107
118
51
126
1
12
28
41
60
13
61
69
1
48
52
23
60
58
29
18
1
59
36
19
55
41
37
54
93
103
96
10
69
7
102
113
114
7
114
1
107
26
20
53
133
31
77
33
54
121
153
46
6
85
44
35
52
87
79
75
126
76
67
3
51
2
50
52
50
186
79
49
80
136
28
31
62
129
72
70
88
32
132
2
160
44
100
59
103
162
163
57
107
1
164
106
39
77
241
9
67
122
116
6
209
164
45
232
139
72
164
67
231
237
195
193
3
6
42
2
3
196
107
193
209
102
111
92
27
4
71
11
31
16
67
1
82
31
44
127
12
48
83
9
115
106
19
60
18
9
125
42
1
43
9
52
2
105
134
53
54
61
29
32
111
84
74
143
27
158
168
16
156
23
175
99
86
1
27
72
64
76
95
140
7
76
83
1
82
75
2
1
14
30
38
97
139
13
33
36
46
3
106
52
9
103
68
95
43
1
59
95
27
42
141
36
99
85
67
68
66
135
141
33
143
69
84
75
96
15
12
42
112
54
11
100
81
43
10
53
10
18
30
63
90
48
78
72
127
94
6
28
97
33
30
100
55
43
41
31
32
2
12
66
35
58
30
71
35
34
10
19
74
101
29
2
61
19
31
43
42
40
12
28
1
19
10
16
7
46
13
14
15
15
3
8
17
5
14
30
55
20
44
38
27
75
50
113
12
36
23
81
82
65
83
24
2
22
44
133
25
68
158
134
17
90
107
75
21
25
13
43
10
34
51
1
18
9
26
2
23
21
52
35
12
17
17
24
8
25
17
1
4
13
2
2
11
9
15
6
24
62
59
5
3
5
18
19
2
18
43
1
73
25
48
45
11
9
32
3
20
49
29
23
17
6
59
30
61
48
23
56
11
109
29
1
30
27
12
39
67
53
50
141
102
88
167
164
44
37
3
79
28
123
82
1
107
2
3
83
95
53
1
109
96
81
29
52
56
125
52
39
89
199
91
110
46
80
19
126
203
234
268
61
82
77
117
115
123
8
40
86
126
65
73
128
77
157
156
108
55
53
51
14
234
1
146
37
147
34
44
190
234
36
45
163
191
118
1
110
103
15
111
96
102
1
132
118
112
133
6
28
34
21
13
101
148
52
65
166
100
200
131
231
44
198
13
69
82
83
107
133
1
105
82
190
45
154
17
219
134
71
176
109
236
65
127
62
179
142
85
117
26
63
61
51
110
10
82
120
28
64
71
11
2
109
163
86
111
25
54
22
95
35
73
32
23
82
46
23
44
38
16
23
39
7
1
38
67
6
44
50
55
92
46
24
8
96
12
87
43
49
108
229
6
2
118
93
121
180
110
36
105
208
59
135
165
101
53
141
112
300
6
64
32
73
65
96
60
8
78
44
165
153
145
42
152
79
68
103
127
31
185
232
96
5
58
174
32
80
112
89
194
109
217
1
147
23
47
108
50
188
128
108
247
55
78
23
272
49
26
109
27
132
29
158
80
82
201
60
115
105
283
10
168
40
178
64
161
138
158
20
38
141
93
128
108
179
57
55
236
148
231
35
138
196
165
133
124
32
74
200
199
75
95
37
58
61
153
59
92
54
38
97
31
77
99
135
25
106
130
125
165
22
58
164
106
113
7
47
48
8
107
131
135
1
124
1
125
60
40
99
65
127
24
168
37
193
91
131
20
103
230
3
151
106
69
49
204
102
105
57
43
207
164
119
48
73
49
167
122
118
121
211
189
86
65
172
29
125
103
166
46
107
113
102
99
23
106
6
32
122
129
154
83
45
100
4
55
193
35
41
215
138
83
52
77
53
31
79
175
30
129
74
110
55
158
213
54
76
184
103
159
18
76
130
216
42
177
168
141
38
37
82
27
86
63
81
164
96
144
34
222
178
208
1
98
120
209
21
87
143
110
188
121
108
68
8
21
122
205
60
29
78
49
101
216
74
116
18
190
208
52
60
71
95
108
36
108
131
48
23
156
24
70
102
101
32
1
52
96
29
53
49
20
59
102
59
20
1
19
86
67
33
34
34
62
63
42
68
42
79
39
37
100
75
21
25
113
187
55
104
33
74
142
34
58
27
69
92
68
96
110
23
87
28
24
33
108
28
31
98
141
31
1
18
97
96
45
17
67
50
81
79
43
135
48
31
92
87
159
17
147
2
194
149
59
129
45
5
137
39
184
24
73
71
31
40
33
60
258
30
25
52
22
207
9
126
121
130
198
77
135
58
5
63
136
251
208
111
63
174
77
132
74
55
1
123
55
19
166
9
56
169
82
181
37
162
18
205
80
44
120
124
126
76
250
87
87
119
114
174
71
144
73
73
29
2
233
44
20
77
57
51
148
167
277
94
147
60
117
1
49
64
133
116
65
15
109
124
44
29
122
58
59
1
163
270
162
184
43
198
104
97
60
14
73
68
51
142
141
93
91
90
17
92
46
241
61
32
7
272
8
152
264
29
13
1
37
98
117
233
219
38
218
277
23
130
58
86
21
28
119
153
85
49
35
107
108
68
176
134
91
28
72
44
45
1
106
68
236
100
130
38
24
95
58
246
167
60
61
141
3
182
105
79
242
80
6
58
127
173
46
7
131
149
49
52
53
185
1
239
87
49
73
238
74
152
136
179
21
140
43
24
158
175
19
213
48
113
197
161
65
17
22
101
102
56
209
84
21
36
92
31
71
170
73
48
97
116
218
53
98
34
102
52
86
193
90
1
91
141
228
24
107
132
166
87
96
5
79
131
108
172
1
1
103
173
3
102
105
124
180
66
183
1
144
201
104
158
57
45
101
153
56
153
30
235
97
123
19
104
78
75
25
53
100
210
39
96
110
95
94
54
153
43
1
77
135
207
58
246
174
72
110
189
44
20
32
170
209
161
34
179
202
29
79
16
129
39
173
43
87
4
133
191
207
16
45
189
63
50
144
86
38
91
117
76
158
74
129
41
42
191
82
209
127
101
249
248
147
57
71
1
93
14
141
45
32
234
137
74
89
90
163
48
121
72
3
92
73
18
63
89
55
198
81
117
46
94
120
163
74
92
40
88
26
132
48
46
104
150
138
31
42
47
63
123
136
31
48
83
105
29
131
94
223
102
50
157
39
117
62
107
112
88
60
196
13
136
266
28
115
143
89
2
53
115
116
16
78
55
173
1
99
118
172
100
38
232
270
24
41
106
129
65
100
23
77
63
121
71
14
172
50
188
123
16
121
85
183
204
4
21
1
125
34
200
15
89
88
104
53
74
114
115
73
51
19
102
124
17
14
80
34
41
94
92
167
124
95
21
81
2
116
3
121
39
80
119
60
2
105
90
6
96
22
74
44
81
44
11
82
125
33
96
71
1
25
20
58
39
19
45
1
32
14
11
81
60
43
49
46
32
49
24
17
8
12
21
79
77
46
67
159
100
83
92
9
33
88
42
45
59
37
57
100
29
14
61
13
41
22
53
74
31
105
106
96
52
1
55
9
24
72
15
16
1
19
31
78
33
65
15
13
15
2
63
32
28
13
12
33
1
1
39
65
40
64
21
26
24
2
43
34
37
22
74
19
90
37
38
18
41
51
10
53
59
46
52
43
69
86
17
13
30
47
43
5
48
75
98
27
72
71
56
1
41
94
3
53
19
91
120
42
72
104
30
62
84
47
33
3
40
42
91
44
57
6
67
53
51
43
101
12
94
82
23
91
58
16
21
42
58
63
136
37
106
51
138
94
87
39
66
232
51
166
30
24
4
100
18
62
117
60
122
128
69
62
57
14
63
48
2
71
124
6
111
58
49
65
53
67
96
22
29
136
156
89
107
114
20
166
30
94
62
64
52
13
53
32
20
204
116
54
40
184
128
89
45
217
215
170
85
22
45
67
97
196
164
40
59
99
57
90
126
78
147
106
69
151
107
1
37
1
206
119
45
36
207
87
215
135
134
1
73
14
69
74
4
44
75
16
109
188
8
59
83
79
180
64
40
220
92
24
102
144
68
104
44
106
148
42
86
66
89
39
23
66
8
16
54
42
94
163
1
196
3
166
162
138
30
49
58
135
4
79
104
25
23
58
2
60
9
25
44
51
19
126
107
118
61
