70
103
112
476
321
174
630
1368
107
173
1389
635
335
420
233
198
415
123
172
110
580
323
171
219
170
1385
13
1269
1287
95
1268
1271
97
700
92
1265
1275
1297
1272
703
66
56
712
662
664
758
952
757
132
982
696
666
679
965
117
62
499
120
236
329
265
372
164
1396
237
500
1386
461
382
246
96
95
421
348
94
93
92
91
165
172
90
322
437
586
89
162
88
87
86
567
85
84
83
82
1234
1237
754
1233
130
1231
120
705
752
1241
1262
1234
128
1238
1241
733
119
1232
751
28
1239
736
1365
1362
38
660
114
509
284
68
202
246
121
201
2
183
137
98
69
167
231
1408
25
203
548
76
200
56
518
93
191
528
462
132
46
198
45
40
351
182
30
546
187
139
525
741
611
61
156
490
44
343
254
49
147
709
172
460
545
276
732
73
345
485
422
199
189
62
102
36
517
442
81
408
248
338
184
427
712
275
209
281
198
181
152
433
735
117
391
452
186
642
253
55
339
153
405
197
196
581
178
419
463
94
507
77
438
113
392
230
381
2
1326
21
1337
1324
1350
661
33
1335
1325
659
1323
28
660
1333
1346
1340
1330
1331
138
405
418
503
504
505
506
627
386
507
423
646
543
414
527
431
387
509
497
471
553
399
438
440
511
586
416
512
530
388
513
389
515
73
516
208
459
461
390
391
496
469
392
413
519
590
452
481
454
523
433
522
447
837
505
521
455
1
268
520
796
267
415
266
558
518
413
550
476
475
533
265
517
1402
264
263
262
622
261
260
2
259
258
514
560
621
257
256
255
254
448
253
510
1372
51
441
252
251
693
436
434
250
432
597
794
249
316
706
248
804
508
427
1410
247
700
268
422
421
246
699
245
418
244
531
290
243
242
241
752
795
412
240
239
409
1401
406
238
237
236
155
235
182
403
402
234
401
233
400
232
231
617
230
229
288
228
444
445
481
113
25
95
1395
227
482
226
636
306
139
225
600
224
1230
1228
1258
1260
125
133
1224
129
1247
130
121
99
659
1531
668
755
98
97
96
757
733
837
25
1334
1397
642
1333
278
1359
488
26
310
503
504
311
1
565
54
1332
1338
1377
21
96
1351
631
1356
1
7
18
1
8
9
10
1
21
17
2
11
15
6
16
5
3
14
20
22
19
4
12
13
53
61
48
63
57
58
50
68
67
469
349
104
1144
348
79
347
1144
699
742
951
827
18
757
698
1263
137
1237
1235
134
1229
1230
1231
745
403
986
199
400
935
714
1297
670
1034
747
756
653
928
973
1193
1480
824
751
107
650
106
1261
1120
105
804
104
961
1533
1477
103
102
101
190
1285
314
195
1087
1069
214
949
978
413
410
1348
1364
617
100
92
363
124
345
55
346
6
249
267
257
1364
180
365
371
1348
239
279
1248
1264
1228
1230
1254
106
129
1229
122
118
1227
509
516
525
548
538
510
511
545
409
581
622
512
474
524
522
466
481
528
508
178
521
612
480
525
389
436
527
459
443
441
405
526
514
497
460
1397
418
411
439
616
476
522
595
3
515
146
486
500
574
457
518
446
177
176
641
175
449
20
426
408
174
475
411
437
173
172
150
427
860
565
492
2
1347
1366
1350
1346
12
640
13
198
73
383
267
110
142
12
257
381
285
275
389
494
130
663
297
1366
62
324
35
438
95
333
325
1348
1360
1349
1271
791
882
352
466
1169
1140
1303
74
1185
1287
1016
1278
1251
1097
1103
1162
1064
792
942
467
468
469
347
1163
1267
1044
789
1076
1305
346
644
612
854
1067
1177
1138
995
1284
345
1248
914
1276
1040
969
1130
1160
834
470
1126
758
471
342
1264
756
341
340
339
975
472
1144
337
1031
978
1188
1297
922
849
1159
998
36
959
1218
793
1077
755
921
1290
794
1300
1017
48
1194
1279
1200
1004
1254
473
1250
906
1005
1179
833
1229
1226
38
1062
919
929
1168
1132
1256
1272
1274
1084
1281
799
1315
890
1133
1292
1275
1346
43
827
1115
1202
1270
1308
1142
913
72
1295
918
1207
1262
1025
1277
1189
1331
1052
1286
928
1043
810
1269
1176
1171
1244
335
451
474
333
1039
1311
1105
1186
958
1206
1086
968
475
58
1152
476
330
1029
329
477
1197
1280
1099
960
478
326
324
1141
752
323
1113
751
322
479
480
939
319
1233
1216
318
1219
1201
874
817
749
807
481
748
1238
747
1302
930
1234
1180
316
315
974
746
314
1237
889
1019
313
455
1096
312
311
744
941
1312
310
743
868
1184
869
1298
457
459
482
742
1214
585
943
1253
483
1007
1245
307
1174
1252
44
484
305
769
485
303
1161
830
302
486
886
1087
1018
487
1319
1051
221
825
738
1128
972
967
220
2
1175
3
4
712
917
1129
1091
1136
1157
21
488
489
1167
979
1182
977
490
1239
734
1208
733
953
1313
8
491
732
893
1322
492
816
1273
949
1283
1310
1296
1242
952
493
1088
1333
1048
1147
1060
1235
1070
12
1195
13
14
805
597
987
730
15
521
278
232
1033
254
132
872
590
776
815
709
144
94
749
420
517
442
483
404
143
196
142
93
141
437
503
424
556
558
510
477
140
139
451
346
138
553
413
137
304
136
450
135
104
430
134
610
133
1393
620
223
427
132
131
130
129
593
569
128
165
468
449
127
126
660
125
1412
124
417
123
676
447
266
416
122
615
414
697
751
121
222
120
797
51
119
118
403
338
395
117
409
116
115
114
319
113
112
111
110
109
108
626
693
107
106
1394
1149
1168
1184
1158
206
1162
1031
99
760
859
201
858
512
1293
1309
1273
54
712
61
77
86
1278
79
1295
203
26
514
590
515
594
210
1193
171
987
986
358
991
366
1152
943
819
88
104
214
103
800
102
712
876
849
103
515
1365
983
1256
1224
1109
1099
985
977
1081
1091
1069
1354
1295
645
1100
872
871
888
1331
1213
11
1263
16
918
1114
52
1304
1236
1285
1212
1296
905
48
51
16
16
20
19
1368
1379
15
18
1360
4
83
1301
1308
258
1285
73
7
1300
1331
1243
1196
1307
1258
1025
1186
1252
1192
162
1329
825
1030
601
1277
767
1316
945
1326
1328
809
1269
1121
947
24
1330
948
1103
764
949
1194
858
953
987
1010
745
901
743
22
1087
964
965
850
602
851
741
1042
857
1051
1136
1058
973
19
1056
726
603
1296
860
1335
811
697
1191
692
1283
884
342
1099
913
604
350
822
1172
1132
685
684
364
365
1263
605
606
926
385
387
676
1356
675
397
861
674
5
1291
1117
1189
1156
1024
1264
630
1283
1057
67
1055
1231
1088
38
1273
1266
1250
1188
1082
1081
1280
1116
47
1286
1151
631
742
952
1056
632
1110
1300
744
1150
1149
633
1256
1309
984
1336
1102
1330
1227
1255
1316
1259
57
1148
1230
943
942
1292
1313
1147
1318
1289
1085
1267
937
330
1146
1211
686
1207
37
1145
1036
1190
1274
935
1009
1311
634
1192
1172
1282
928
979
977
1144
1285
1069
1242
980
1206
974
976
1142
798
1050
69
1101
1253
941
635
1052
636
1034
1115
1213
1276
366
1238
1210
1304
1200
369
1091
371
637
1064
902
1066
1221
1275
1224
879
638
639
380
890
1191
383
665
640
786
785
50
387
641
970
390
1092
1324
782
1141
1262
781
396
898
1279
1220
1315
1247
855
73
398
1174
1140
642
1310
1261
1165
404
1181
1139
643
409
1003
6
8
174
27
203
18
135
175
102
267
64
1289
698
650
72
117
128
694
73
74
120
1272
663
1166
662
1322
815
128
625
513
572
999
1001
1370
1240
39
1272
1115
1125
1107
1085
215
888
1290
1370
157
285
1370
202
292
187
201
317
550
505
362
361
140
120
131
490
63
91
61
278
212
200
255
796
189
97
167
435
779
455
670
469
198
389
320
226
199
772
556
198
56
197
711
1199
119
268
765
147
43
162
135
610
219
97
851
1236
121
1246
94
1253
117
1250
1243
123
214
32
8
1120
500
57
1243
1224
125
1233
1230
1239
134
1228
1256
1229
865
306
757
756
46
44
1348
41
1365
45
1406
29
951
1038
1341
1309
1333
1215
1361
1153
1279
44
1175
594
1064
1199
1317
1169
1264
1165
856
50
954
908
52
55
1071
28
815
1083
59
60
940
68
1179
595
74
81
957
90
91
1153
323
360
784
323
120
423
268
422
1043
297
1045
932
353
796
43
1332
1126
45
1324
1280
1174
1316
953
1278
967
14
965
1227
855
1154
956
1307
1169
1277
1172
1282
1164
443
1340
1214
1195
915
1168
1198
1273
445
814
447
812
811
668
1145
1120
1310
781
1241
888
787
516
112
1156
892
1086
1154
658
1280
944
702
503
115
1013
117
119
517
485
463
1177
518
519
1362
968
772
611
76
130
1288
595
897
131
828
1005
874
694
37
1347
924
520
1337
521
522
797
1257
1203
523
1020
696
1179
524
1242
1318
1133
1088
1173
525
1198
1223
1273
33
526
1248
1221
1260
997
921
1286
1317
1308
1276
1205
1039
527
1111
1070
1145
1104
1266
692
1170
1284
1233
1108
1022
1174
1229
1182
1129
1285
1189
916
1306
760
1094
528
515
690
1042
1240
1291
1099
1217
1178
1328
1083
754
1219
1185
147
771
700
1090
1271
1237
448
1160
1283
1147
1067
1311
1253
959
1245
922
684
1153
1050
972
837
1193
1058
1054
637
865
148
150
529
818
1053
1190
1200
1202
530
963
481
709
531
482
716
32
1204
154
155
156
157
1140
484
1026
685
1192
920
1132
1208
1139
1002
1025
982
980
1211
1316
1087
1218
1313
1063
532
159
808
733
1274
533
1349
682
162
1252
1128
1298
69
594
1106
945
471
901
1014
1047
647
1141
998
1287
163
845
730
1278
1163
761
474
164
534
166
167
981
1300
1162
974
796
701
23
1
1063
927
426
74
1
176
84
432
741
86
436
1384
447
115
146
517
85
130
824
197
84
645
160
177
1378
83
40
82
81
80
464
1
1323
90
1275
709
1284
89
6
1273
1301
1274
702
119
706
521
204
572
1288
11
668
648
162
119
182
290
43
1393
352
38
402
110
297
342
1399
282
596
130
1388
135
1409
73
1407
262
548
573
34
549
112
103
266
39
702
426
313
349
59
36
143
323
192
382
163
61
502
540
97
164
615
453
363
255
100
288
943
371
545
467
514
489
535
406
463
566
408
564
174
522
431
520
173
469
519
698
260
519
473
172
515
441
542
523
500
527
280
518
554
524
171
490
531
170
516
435
525
521
517
105
568
589
1394
1393
474
966
369
11
1178
1317
1247
942
925
581
52
1219
1315
1262
1318
1019
517
926
738
1229
1264
1151
1119
1274
740
36
1029
1044
567
1340
582
1085
1228
671
1287
980
1009
1056
1231
26
1227
1234
1011
1238
20
1082
1278
1249
1241
1313
1271
28
1338
29
548
1306
847
167
572
782
188
165
690
573
12
899
984
562
691
92
56
846
1180
146
1013
698
144
1321
143
1323
1319
1305
616
617
701
138
854
137
618
619
983
1014
942
1309
1292
133
1124
1227
1165
1198
132
1289
910
131
130
129
128
1299
1028
802
702
703
704
124
808
859
122
861
1074
120
977
705
1060
1020
118
117
853
1080
1271
1096
707
620
114
113
1171
1199
708
1021
768
111
1324
110
109
108
621
622
1031
1300
1179
1206
105
873
895
710
104
103
766
1156
822
101
623
1255
652
714
97
1049
715
767
95
624
625
1236
92
91
90
1214
88
87
86
85
84
855
628
3
855
1092
1364
1254
383
1236
1152
1092
686
44
1059
379
1071
1208
1317
783
1018
707
636
233
845
47
3
71
193
1105
822
203
851
842
44
20
1108
1306
1237
860
1098
627
628
1329
1320
1050
1181
758
1325
1097
852
875
942
624
1166
871
46
1272
879
761
623
1252
1350
1074
81
613
80
1293
844
1126
1271
1115
629
1019
686
78
941
1207
1089
845
811
895
1204
1301
894
597
31
1172
1248
1175
63
75
1263
1108
854
74
1034
767
883
1190
608
943
1307
978
1004
72
71
911
939
1324
739
984
737
625
1130
30
720
70
724
892
630
1264
1322
65
1045
64
604
631
56
744
992
1213
1029
922
712
1315
60
1310
1325
1310
1304
1307
343
684
1300
1316
54
685
1315
1330
1164
671
184
620
616
549
372
550
935
20
664
730
705
667
630
2
721
91
92
897
150
954
1205
1223
1204
130
155
1214
1226
1333
780
589
1309
358
910
886
1156
1345
352
1377
969
1313
1326
540
1244
1102
351
1148
1295
1055
951
1343
12
1280
42
711
1197
11
1149
1352
1171
1373
348
716
1322
681
752
665
716
1154
1151
834
1152
1160
1173
1175
1331
1312
10
1317
1337
638
38
665
48
1327
1336
769
619
719
1165
412
1261
934
11
1040
835
1073
5
821
806
716
410
409
1276
696
44
587
1135
1258
15
1148
901
944
1128
1263
943
700
565
608
1358
393
426
215
312
122
1385
313
431
98
203
1379
432
176
440
178
669
38
375
46
239
314
315
431
130
316
445
317
274
1078
1263
1242
167
1275
1224
173
50
174
1200
1267
1319
179
951
1272
1086
667
1165
1298
1164
1312
1316
1136
1257
507
1383
1268
56
803
912
182
1176
186
192
1197
199
200
805
885
814
213
742
1157
598
224
227
1182
809
210
743
799
331
642
1334
395
755
300
752
36
499
562
722
497
41
575
263
791
167
303
308
945
965
1333
1332
489
613
18
1342
28
641
504
505
363
364
429
365
501
979
980
208
220
232
1114
1055
1088
77
1068
1281
983
1040
1136
1310
1307
512
1306
1318
1323
717
693
1283
1167
1244
1249
1284
791
1222
1144
1256
1140
926
233
1237
1205
1115
1109
1277
737
1242
1198
1183
1266
934
1201
1101
954
959
958
831
1184
882
1226
803
828
1210
1132
1083
1288
941
866
270
1139
545
1135
998
947
995
1169
1206
1193
277
1232
479
976
1141
287
289
294
1117
779
876
1275
490
1176
845
1325
918
991
548
1317
812
1164
495
296
868
419
1073
1008
1072
683
1312
858
579
1145
580
821
853
54
1002
1241
1348
1273
1218
542
1161
1181
1314
519
347
984
1278
747
1252
1143
883
834
887
736
546
767
1255
484
1049
829
994
999
778
1301
473
1212
713
1006
1178
342
335
719
1090
312
310
1033
308
304
10
15
46
581
90
95
582
672
1172
578
1173
936
583
584
1311
585
1280
144
1243
1150
1300
201
550
1043
985
38
964
1346
374
1308
1319
1246
586
691
72
1131
1279
1298
109
124
1130
137
1257
139
1134
979
1265
373
1285
1230
843
752
587
39
1304
79
307
159
396
346
357
205
77
621
677
676
662
1322
724
817
816
80
812
815
249
811
163
248
247
239
185
154
699
746
152
810
246
294
212
109
539
245
1240
1201
1048
1203
1219
1131
1005
1258
1293
1134
475
1208
1238
1006
870
1281
1309
37
1276
1210
1118
690
189
1063
1301
1243
834
1187
1282
1215
1206
806
1086
537
995
787
1271
1245
1123
758
688
1297
1017
467
1088
47
1316
1251
1168
191
1286
1084
1307
1326
41
1270
486
1085
1305
1044
1304
1289
943
1109
192
1172
1227
1083
1264
1166
1202
1024
193
1207
1042
859
1153
633
1051
194
1060
478
195
1198
196
197
528
1081
1029
773
917
538
753
1114
752
841
539
1234
1217
454
893
875
920
815
1074
665
808
202
840
779
1239
748
931
1235
455
929
1038
72
648
785
514
747
1053
1269
1152
1020
930
656
203
942
700
540
541
207
208
209
1144
807
211
212
811
873
216
542
944
1246
1175
1253
43
966
218
660
861
831
1069
919
719
219
220
659
1221
769
1315
842
1320
2
856
1171
1129
973
968
1176
441
1190
918
1130
1092
1037
224
465
980
1183
1067
225
956
954
226
1314
228
1274
1284
1311
953
494
1049
852
1196
828
863
731
1169
543
1272
792
77
883
544
680
1262
1126
1136
1186
879
1296
507
42
1104
1337
865
1065
793
468
899
231
1012
1263
1045
790
1077
1306
913
655
645
1159
1178
1139
996
1285
924
1249
232
506
915
44
716
1257
233
1041
653
1161
234
835
1132
1127
1149
235
1177
532
976
236
651
1145
1191
1032
710
981
1056
650
244
246
35
960
545
105
745
107
1241
110
1249
1262
1264
200
165
444
80
259
199
1397
1383
594
1385
792
198
197
231
147
196
464
264
100
354
535
460
195
178
203
278
434
44
1398
194
193
262
843
982
846
1002
6
853
980
925
774
865
866
775
869
915
899
600
116
40
779
1277
1149
601
602
1246
838
127
1067
16
46
1072
99
75
1259
1256
1249
735
642
104
105
106
1264
405
134
267
17
750
620
683
828
1329
425
1144
1341
432
46
939
1343
1256
1223
1339
680
446
967
1053
1246
1344
1048
1108
324
1134
323
1149
1219
1185
1051
621
672
622
791
1143
23
789
758
970
39
1391
1039
958
965
1335
255
245
76
449
263
338
619
1339
453
24
1343
724
1221
771
434
1243
147
435
755
110
1016
10
59
13
1214
971
1225
13
235
1157
1127
490
692
884
577
54
164
622
474
41
14
232
373
186
40
1395
511
156
57
330
148
165
146
39
71
267
635
466
535
303
432
38
239
87
60
78
238
807
136
379
37
36
485
63
101
428
449
64
35
34
33
32
31
704
763
495
23
1172
709
414
415
416
417
68
151
418
419
339
319
469
598
420
630
173
421
683
708
1084
1093
878
748
1068
786
994
1180
998
1365
106
575
1224
1200
114
1226
1023
694
1139
1138
1000
886
1163
1298
495
1147
979
1169
1251
1320
1265
1268
1213
1232
42
1325
935
1216
912
714
1114
1116
1283
1220
1311
124
964
469
1092
967
728
1193
125
997
576
135
1222
1276
1225
898
1288
823
1244
1170
1240
32
138
703
1314
1243
1058
1117
1089
577
46
1102
1231
750
947
1130
953
1236
829
462
1310
1190
1228
816
1331
836
1024
900
1057
1008
1134
1312
1097
1322
140
1211
1142
1049
1005
578
496
1214
1091
961
959
738
792
1279
1316
1256
1248
1066
144
1255
68
1040
1293
37
1109
988
990
1082
834
1011
1254
1305
1031
1262
1046
1136
1137
1150
986
1051
928
579
977
1061
551
1004
147
506
81
309
1355
521
207
398
619
253
520
14
79
157
1359
659
729
1248
757
1239
123
111
1239
112
1248
122
102
1252
784
1202
149
771
1225
1026
1416
789
583
634
576
251
385
216
435
282
386
776
154
102
387
137
108
279
105
169
54
283
336
390
316
388
59
38
117
585
100
79
387
248
86
55
246
91
487
228
1395
330
53
254
256
422
268
470
71
237
89
151
265
273
461
615
63
96
485
188
183
218
473
577
687
243
388
1375
1410
1374
1269
89
168
167
166
504
133
1387
165
326
211
36
164
266
68
137
149
70
535
462
106
64
450
163
176
335
162
527
81
43
357
101
58
274
161
417
37
125
71
160
628
565
114
11
771
178
1171
1479
118
66
1100
133
65
557
438
270
699
126
125
124
123
38
122
27
121
65
128
120
419
213
433
1379
774
763
722
44
44
45
952
15
1281
1197
1331
46
1173
1279
47
522
49
766
523
46
51
52
1286
1211
1306
756
1163
805
1276
524
641
1144
854
1213
1277
866
54
1040
56
525
526
754
49
710
247
220
337
246
678
245
108
44
244
37
1249
709
1084
711
500
1190
1187
180
174
175
805
159
686
285
284
283
680
1177
282
145
281
452
63
1281
642
655
177
68
368
818
530
448
74
60
813
678
1302
138
673
63
196
135
62
61
786
137
784
777
1170
815
1171
1374
1250
1319
1307
1069
511
963
787
1305
27
741
1185
1225
56
1265
48
1145
510
740
1284
1088
658
1141
58
49
1264
28
657
50
924
954
644
51
52
1161
1155
1274
739
1201
1267
948
1148
755
1294
53
873
874
738
753
854
1311
1269
460
515
47
744
877
55
56
943
57
516
1159
59
517
61
62
63
842
64
65
66
1004
801
736
1236
715
1247
102
1249
1060
1335
1107
1091
885
815
1238
1084
1083
1039
1330
1031
1282
1118
1108
1125
1214
1334
617
244
994
1228
747
1046
1076
881
1332
958
949
618
619
953
1300
1111
1099
863
696
933
932
620
1333
1339
1182
735
671
995
232
231
1136
230
1312
1051
310
262
485
695
40
1390
156
331
286
271
53
539
549
534
234
382
682
148
50
172
36
230
161
1391
324
228
294
592
97
401
108
440
686
88
589
672
295
490
805
538
1364
514
296
336
843
762
223
882
60
159
100
399
1392
460
766
574
446
147
447
79
103
463
271
99
211
410
485
256
259
221
322
431
328
20
354
91
19
18
48
869
102
83
401
471
17
97
169
583
40
84
371
544
1103
928
88
970
1134
463
29
38
162
6
347
48
404
491
129
1333
360
547
122
877
720
1096
681
754
666
76
811
1191
1049
972
792
1147
1024
662
671
1252
1084
890
701
1044
1312
728
1140
1256
74
1130
925
12
806
67
1280
1136
758
757
717
293
566
15
516
567
200
943
295
278
920
95
648
453
454
376
585
152
641
587
16
250
1103
16
35
31
20
12
6
331
1339
1329
1326
665
4
20
1334
1349
658
149
1285
1340
1338
1336
1337
141
1186
174
792
1199
1352
86
1267
1285
1315
1318
1071
1152
1027
1260
1200
1329
900
1306
62
516
1158
517
1287
1092
1178
1255
1089
1211
97
719
985
1325
657
1262
1293
99
518
849
1184
929
1196
1291
1175
926
1154
1097
886
1205
850
509
1055
965
1156
716
874
1252
1281
32
1120
1138
1151
1009
102
46
859
1177
1335
1283
48
1039
1280
643
519
1248
757
1219
63
951
1072
1081
105
906
453
927
1046
520
1320
860
872
521
1356
1074
1005
1274
522
1008
2
136
1146
129
1253
124
1318
77
113
3
116
1200
719
115
114
809
1149
1389
1278
48
922
1416
731
856
126
691
812
1049
814
226
1106
1050
620
621
222
1310
1306
1308
216
39
215
721
1170
846
682
1280
925
683
1207
1213
1317
1237
1098
987
861
1316
1169
686
1331
999
204
1001
1209
1312
1232
622
199
198
920
196
1037
1199
1007
1008
994
883
911
1009
470
65
778
765
1256
92
95
104
1265
265
1351
212
776
334
433
335
1368
764
1364
116
434
68
45
443
505
624
336
340
1018
976
910
22
145
960
1186
182
156
723
787
638
790
1190
78
857
902
692
723
684
696
979
680
775
679
79
674
716
802
701
813
809
676
957
769
948
722
1179
1017
764
80
826
1519
526
48
530
527
528
1199
82
81
745
1267
619
911
115
1241
1238
735
1252
272
271
270
269
650
268
252
172
158
267
619
266
265
668
160
1001
13
349
232
371
350
106
30
372
308
53
273
373
31
91
121
374
375
548
376
239
1355
271
592
1348
16
337
1357
618
1324
42
1314
680
196
121
126
17
16
110
15
112
1256
1321
14
111
13
1012
46
12
878
925
40
193
1192
1153
196
1176
8
3
134
645
196
70
899
69
1396
994
708
951
604
854
850
384
987
989
1328
1194
875
1256
825
1008
1101
928
1311
1033
1134
943
809
293
773
1276
607
290
608
982
1204
1056
1267
932
855
286
1065
1216
284
1040
283
1169
1015
281
776
729
772
771
609
659
748
1130
276
275
906
1203
1112
673
1192
1025
271
61
882
270
657
1023
1022
1094
610
1014
900
878
1079
1333
262
261
660
259
258
256
1032
254
963
1038
253
252
251
1119
250
249
1128
248
18
563
723
1261
78
749
544
721
205
418
80
205
77
1143
1
1
150
155
1217
18
1033
451
46
1235
1121
921
667
950
799
797
1329
458
459
48
1060
1277
461
1287
1313
1123
26
668
1014
1066
465
980
688
669
1171
1155
1165
1067
248
709
1120
1151
740
791
467
15
1290
840
27
33
45
295
131
215
521
177
84
296
297
279
172
67
65
374
91
209
1390
182
17
293
552
1351
236
551
1374
1079
1088
260
237
275
97
1061
290
299
726
102
133
390
1196
727
8
6
7
25
35
5
23
24
3
934
637
718
39
686
12
663
133
801
1005
708
1224
641
1308
840
872
1302
992
270
685
1324
271
1325
916
1253
918
1053
1270
1291
1330
274
1012
1303
1278
655
1308
1102
1273
34
1047
555
872
1205
1305
1176
1304
935
1155
276
982
657
277
1116
925
897
1294
985
993
810
279
556
1321
999
770
284
623
837
285
286
701
1201
1109
772
288
812
289
670
291
557
293
558
295
716
940
296
297
298
960
559
300
560
1080
1091
717
603
302
303
304
307
791
308
1021
669
447
439
1039
68
433
893
703
800
207
398
593
93
37
151
351
21
103
130
682
1305
46
1316
33
23
1244
881
102
13
190
1237
1135
130
93
787
681
402
413
956
960
75
74
699
73
37
1320
1336
1302
49
47
58
1311
1323
105
641
918
1021
49
784
1379
1062
28
63
114
1205
113
59
1316
636
50
74
68
65
67
311
13
67
304
76
831
86
23
25
64
1384
288
33
112
155
339
55
453
197
201
19
122
54
268
242
653
71
72
968
700
679
704
938
660
711
1017
1455
905
860
717
73
702
872
930
697
705
677
956
1161
701
693
820
800
1136
1178
672
763
958
1137
796
843
1019
875
1135
924
1299
416
417
418
419
234
615
661
177
467
856
756
2
219
75
378
360
383
470
361
649
62
85
758
403
183
402
21
105
1072
544
545
742
1204
76
548
305
141
487
201
200
1263
199
651
730
556
642
680
50
1254
439
438
638
967
903
771
436
890
433
633
1089
444
1222
1020
1287
431
430
1321
1053
429
428
857
1130
969
1129
445
446
1110
424
1093
423
1001
1271
1087
957
955
1315
422
1112
447
895
1086
419
1173
788
52
1217
1244
1081
989
1170
1228
448
1273
789
415
1071
1251
1141
1036
1289
1084
1280
41
984
866
1066
449
928
925
1277
1162
1148
1128
413
759
1058
952
412
1146
982
1047
640
1107
996
1295
1172
1177
1317
1290
36
411
1132
1259
450
34
1209
1316
962
927
1306
409
1192
971
1207
739
1127
1211
1307
1270
46
931
1009
954
1181
1171
1312
934
1049
44
70
1063
1285
1131
1294
892
40
1220
1115
657
1045
919
1208
1169
1264
886
1276
1057
1275
915
884
975
54
1038
1144
1247
53
1221
1283
1133
768
1224
1258
1070
408
908
770
1064
1041
818
1135
1027
1263
451
405
960
452
1043
1088
403
772
1189
627
1282
702
1082
402
801
993
1143
453
454
842
776
398
397
1218
777
1272
396
455
850
894
392
1075
1139
1025
391
390
780
1240
592
456
887
1310
939
1054
1113
891
968
50
457
1098
1279
386
848
458
383
870
871
382
459
460
461
1216
1029
376
462
374
783
782
463
677
464
1296
1176
1334
330
1306
321
824
823
322
87
323
174
324
71
19
154
59
139
264
56
52
157
128
76
857
173
502
446
1327
658
833
40
32
440
366
734
772
694
100
10
40
652
101
1260
1244
950
1307
555
62
1334
1022
112
111
1230
2
35
2
20
169
504
281
152
1012
167
109
108
722
934
998
130
636
902
925
943
506
224
686
482
59
90
691
102
720
1271
1297
1339
1345
1271
991
1328
1151
1303
204
1242
1123
1089
1221
1301
1272
1207
1295
985
1156
1268
1147
1164
1047
987
1270
1206
917
1215
1333
726
1015
1293
508
58
1088
1235
1011
1326
905
1125
1063
1236
1294
1246
862
205
206
1265
283
783
866
594
469
878
1218
1376
465
20
61
59
47
57
58
57
442
56
55
435
54
53
52
25
145
621
334
1363
51
479
166
50
881
991
1031
1029
566
98
11
1
1
1059
327
1046
339
1095
1097
790
1201
538
1052
1054
998
1137
1139
1141
1211
225
6
947
10
1288
1250
1194
1257
726
679
1338
21
1348
987
951
296
1212
1293
1283
813
817
1205
437
113
436
1397
35
23
515
29
889
945
824
61
1110
738
49
1246
1128
1264
1060
731
1261
1262
1198
1158
1182
1138
1178
1231
1291
1308
1222
891
1300
1142
1152
1153
66
1332
67
871
935
1058
505
1018
1251
68
71
951
852
1131
1148
752
896
868
1288
950
1266
1159
1015
72
1170
516
517
735
1221
1011
733
1220
1107
751
1047
892
1126
874
1092
1038
728
830
78
518
82
69
726
788
84
1033
87
985
88
769
1450
949
510
215
1367
383
1229
1182
1117
381
1309
5
632
384
269
824
63
7
1276
632
59
643
1040
93
1140
128
897
52
716
51
659
621
1219
883
1198
1024
768
1038
111
1005
1122
87
78
167
191
151
302
209
126
348
106
409
49
460
58
478
208
476
1394
54
201
179
302
652
651
650
649
961
239
567
1155
1155
91
605
584
1375
421
398
244
146
523
572
569
319
123
618
315
300
82
90
652
605
149
453
604
585
443
438
437
26
727
114
125
1248
661
1374
1332
640
1353
729
542
179
1075
1315
1342
856
1084
1181
1078
1186
472
1225
1099
1092
1232
1193
1027
274
1305
1329
1237
951
1202
981
1294
1151
1243
496
1261
1311
1275
1267
568
1138
276
660
55
1377
51
348
209
349
278
267
595
35
114
431
33
670
206
243
86
523
589
350
429
351
470
352
353
1334
670
349
660
631
1215
197
1340
1068
195
194
700
1243
21
13
1265
1247
1204
1335
1282
1048
182
706
825
1313
633
1200
1269
171
922
1329
713
167
921
1186
114
655
122
530
149
558
99
933
1320
1109
975
1221
1210
1340
1277
1123
1319
1042
1284
1106
1286
180
518
785
1217
1065
992
1323
1164
1070
181
1230
1292
1237
917
491
1144
182
1268
1257
663
1295
1151
928
547
186
1056
891
1157
188
829
1253
189
1067
823
1102
1185
748
1293
1112
548
995
429
559
183
244
243
49
242
668
711
76
85
1284
1
2
1
115
92
25
173
636
605
1287
1152
736
1055
25
606
1095
34
1148
1043
753
29
1163
909
697
683
1295
929
977
903
1447
1275
150
1149
1224
587
700
991
939
1056
1328
1103
1190
1084
572
1209
1204
391
4
1331
935
47
634
1228
1099
387
686
381
1326
865
1289
444
776
1
909
1194
906
982
934
1159
969
161
160
1005
999
1005
92
112
15
333
120
1249
1231
157
448
158
30
1048
916
725
825
1280
1318
1115
1304
606
837
698
607
714
869
1025
724
419
1314
726
892
1122
274
270
739
875
750
758
1063
199
868
1111
121
1450
108
799
783
891
683
800
762
1178
159
10
6
936
3
384
818
383
382
195
81
1085
160
62
294
295
296
1154
1283
297
300
37
1360
198
1330
774
81
1213
96
188
45
173
623
1
849
2
92
791
646
60
455
476
790
124
1110
124
506
142
507
1261
108
508
672
35
63
607
547
219
315
135
40
104
165
208
30
166
225
235
263
508
46
617
1146
117
116
667
34
588
749
1359
750
32
1002
340
1159
93
297
308
1429
244
1307
1015
1212
173
1187
1248
1361
1324
687
1199
1306
1342
1223
1340
459
41
1366
174
1186
679
613
1293
535
28
32
220
668
1247
81
80
565
693
81
1397
895
882
131
1263
1155
836
113
105
807
425
30
59
322
1156
1
1
646
645
109
1252
747
91
450
332
520
497
90
110
331
66
65
547
290
64
1345
1030
1284
1224
1299
184
1151
860
167
873
1139
174
969
24
944
483
799
163
688
618
660
355
850
491
61
686
687
1268
737
211
68
8
123
667
183
483
10
210
37
247
12
47
246
1218
855
63
1328
1398
727
969
889
1358
64
882
65
1306
1154
1261
66
67
190
138
365
703
124
248
20
46
53
43
80
251
372
433
22
262
49
765
190
24
770
83
892
1375
82
1069
140
637
681
72
1371
41
52
454
640
757
868
54
672
1315
175
75
182
17
1412
3
5
275
379
372
140
857
326
24
22
33
1336
7
1138
971
810
87
796
794
1253
883
859
57
264
344
287
142
75
489
135
80
457
399
69
166
205
206
197
98
87
97
96
46
1077
1236
1308
1004
18
362
335
334
110
1071
1156
96
125
673
73
84
857
368
206
988
397
47
1226
83
177
774
702
1256
141
152
85
687
701
1286
53
67
174
13
152
1206
700
210
171
1198
78
1291
77
88
1281
1213
75
693
1294
897
877
876
84
707
1021
797
19
757
1065
1090
9
726
53
1316
54
449
201
987
77
1176
1133
55
1117
645
414
415
610
74
76
315
817
798
799
65
64
876
57
320
1044
171
37
189
1321
16
8
2
606
1402
1413
44
50
1319
184
685
214
214
1229
307
140
125
87
691
1282
278
1080
237
1121
103
104
48
253
78
89
707
327
328
329
330
331
332
537
333
260
180
395
187
280
379
834
53
1256
1
1
914
198
705
754
1178
700
958
443
798
387
1031
227
1142
336
940
222
1107
80
1267
1270
1004
961
329
272
323
606
906
466
659
822
533
356
324
325
326
255
825
524
327
600
602
328
1114
705
694
69
835
1
1160
724
756
263
1002
851
978
474
379
378
795
376
374
373
473
371
1102
475
369
368
367
953
800
476
853
365
364
854
607
15
993
