329
1
213
311
2
330
312
331
116
3
4
332
88
55
134
36
5
334
407
18
6
7
126
144
145
35
107
296
381
335
324
212
3
195
213
203
202
193
323
6
328
2
78
301
1
327
17
317
326
116
193
5
45
17
688
331
329
311
135
106
6
18
44
437
330
2
212
4
333
266
133
626
19
1
406
36
5
20
409
377
43
3
522
129
214
332
97
96
3
12
20
66
193
134
214
40
21
30
22
56
210
32
46
75
41
207
4
313
112
2
643
601
371
3
388
715
328
105
330
134
13
505
132
3
9
37
177
310
6
111
30
332
4
438
137
324
4
93
196
340
260
138
40
223
2
357
49
722
617
566
163
214
270
275
1
40
306
6
205
325
117
1
660
312
205
313
403
197
347
297
215
712
25
16
20
3
4
11
18
452
10
22
5
484
179
497
6
66
7
37
21
536
152
455
429
33
135
207
187
517
561
426
624
351
49
508
235
3
48
404
331
2
14
447
38
141
342
351
325
324
4
181
306
349
348
359
332
347
358
526
357
164
261
171
269
206
669
225
326
259
198
327
517
244
73
295
346
272
492
50
33
34
229
9
10
124
39
38
1
135
48
12
483
479
31
2
136
227
3
4
5
99
133
17
313
15
54
226
6
20
46
97
14
40
5
2
442
395
389
3
516
72
583
408
4
512
81
443
413
48
418
7
8
246
170
194
506
2
193
59
220
239
515
153
219
442
206
269
227
292
267
266
155
66
255
254
200
7
265
52
184
226
244
238
229
104
5
264
58
205
236
253
404
90
100
3
4
411
139
49
140
317
2
517
381
13
40
329
1
530
2
105
188
193
73
369
196
317
142
110
255
341
248
340
607
407
231
186
508
106
315
362
175
128
100
449
129
388
7
271
580
31
56
401
57
4
671
126
2
1
349
5
298
3
438
587
144
21
562
6
11
60
510
90
389
84
110
39
114
355
535
16
28
192
639
387
17
215
7
62
430
347
8
41
516
111
381
425
433
158
515
10
356
379
338
121
504
239
137
431
15
620
305
690
51
184
547
512
530
9
13
272
50
417
18
66
378
69
698
203
49
373
187
699
399
107
419
432
416
231
416
495
15
132
6
96
2
10
53
525
411
306
232
494
517
26
12
273
3
2
445
99
507
441
1
189
223
1
33
524
7
47
31
7
268
21
1
242
188
543
147
2
338
345
1
283
7
5
3
365
4
8
183
550
238
173
479
511
474
557
222
7
740
486
220
29
475
21
502
1
7
279
156
508
1
235
651
2
307
348
1
356
349
2
357
350
764
5
3
426
475
517
322
244
4
520
296
250
321
784
17
962
893
370
209
6
89
242
2
88
2
710
4
3
737
296
29
859
753
953
871
335
9
48
37
473
5
1
543
8
232
2
132
114
1
3
419
5
60
3
672
183
4
14
6
107
113
5
125
36
30
4
64
430
174
28
649
341
1
5
484
66
482
273
109
105
575
203
726
78
63
671
41
2
112
1020
785
287
8
729
786
744
669
743
784
59
788
620
1065
668
732
2
1006
761
1026
464
263
3
1095
368
58
369
6
663
492
500
350
674
586
350
358
85
79
61
629
251
3
266
429
504
412
408
59
533
349
427
1
675
659
351
565
129
339
489
356
4
566
300
336
2
479
292
178
172
184
29
183
691
580
182
181
171
192
191
110
157
144
1
23
629
574
747
286
4
290
202
204
222
190
628
640
122
423
321
274
100
3
670
554
289
294
543
378
567
92
51
386
440
345
116
418
4
200
1
2
47
1
2
3
18
85
86
30
4
102
33
395
40
281
68
52
127
1050
960
923
944
256
6
753
7
241
1045
255
669
469
958
129
406
3
8
2
61
673
592
213
480
197
407
205
219
60
214
196
411
234
217
239
487
215
231
218
362
176
225
497
516
220
2
233
110
294
428
446
385
350
541
161
215
2
45
436
36
930
1030
912
446
155
1
355
942
280
279
315
304
313
356
308
285
322
780
779
314
343
3
239
120
309
326
283
810
2
352
413
281
6
277
77
429
172
577
549
578
2
477
478
540
3
425
364
566
579
573
344
291
2
549
595
618
364
563
29
854
17
87
136
329
169
789
1
134
177
95
31
542
16
405
406
377
387
424
2
221
332
463
176
561
488
398
507
481
474
243
500
536
382
467
462
410
362
473
412
213
529
71
114
1
2
389
902
1
388
291
794
1028
793
856
391
13
93
9
57
916
3
2
802
934
537
829
865
976
382
41
24
131
63
142
479
499
1
5
441
237
31
799
152
302
40
164
42
37
11
163
2
36
162
177
45
75
2
498
4
35
27
23
49
1
29
213
3
211
9
56
27
36
25
264
62
455
17
22
43
23
1
346
18
19
215
55
24
54
28
634
23
311
33
8
8
9
10
34
1
202
14
13
206
509
3
292
470
639
44
2
45
596
292
3
4
246
5
346
191
638
120
1
2
21
26
5
194
6
16
7
3
38
46
320
47
97
1
113
4
87
102
7
2
103
3
1
174
193
665
4
645
2
766
774
767
772
725
781
1
210
173
192
175
158
2
8
9
2
607
1
3
1
10
9
11
3
27
4
12
25
17
42
51
2
1
5
3
3
6
52
83
14
525
35
9
319
4
368
449
152
24
19
3
4
18
29
3
25
47
31
121
42
1
4
376
5
101
15
1
1
5
8
7
42
12
14
186
177
2
319
16
64
222
4
20
42
41
32
55
3
22
65
371
275
370
389
320
1
514
444
3
312
298
420
145
2
16
24
48
455
10
90
28
551
86
1
328
3
58
257
70
3
397
22
31
3
47
476
45
41
486
43
224
40
48
21
201
420
335
382
488
214
398
480
300
564
4
29
370
5
781
1
377
1055
1068
942
582
747
448
634
749
890
1008
439
581
829
1110
891
820
837
968
843
71
4
90
5
324
249
288
250
218
738
979
753
661
793
6
587
638
330
2
643
337
4
576
588
618
3
3
2
400
610
52
600
403
225
358
415
62
132
543
494
36
97
426
16
1
1
601
585
414
474
334
522
384
55
511
278
7
71
63
255
435
361
587
110
47
370
277
249
410
20
491
3
4
218
2
23
5
2
18
455
495
450
449
428
1
2
476
825
4
220
565
6
454
415
5
52
98
124
410
411
61
84
4
8
51
129
49
43
90
65
508
28
4
50
165
29
3
4
174
840
45
306
23
129
102
482
137
680
65
640
1
458
589
2
561
110
377
449
135
220
712
80
575
150
210
678
208
359
410
643
16
25
1
2
2
48
329
185
255
352
488
362
355
309
168
361
34
189
21
191
18
21
6
23
190
1
3
508
268
10
23
26
292
28
2
15
224
6
516
613
610
1
490
398
387
841
391
178
6
25
22
14
1
5
4
7
22
143
5
4
1
7
6
411
14
7
1
9
3
5
128
30
25
137
402
2
181
130
119
21
224
4
563
592
400
564
3
703
569
2
446
7
157
6
333
432
5
407
4
8
35
22
6
8
5
7
439
4
3
4
262
5
759
30
2
418
421
2
606
7
76
12
621
157
147
3
353
5
268
212
291
267
194
118
404
166
489
224
21
11
114
3
23
6
3
775
2
4
4
696
699
5
355
411
185
36
368
50
2
66
4
443
132
100
51
1
426
111
400
4
97
678
631
238
732
468
300
192
257
261
283
260
129
352
346
159
125
1
358
657
458
10
5
349
52
6
46
7
13
20
61
13
51
19
6
5
4
52
3
2
14
11
574
1
498
107
9
7
22
471
60
211
250
155
244
500
54
307
21
18
475
14
102
4
32
183
25
42
10
4
12
6
36
3
2
19
1
95
930
57
167
661
4
5
260
22
82
1
115
11
92
33
950
2
1
546
94
125
119
55
398
93
421
4
62
8
3
9
4
4
1
9
452
438
432
3
1
16
9
466
8
26
462
422
16
119
31
5
57
972
495
494
3
709
1
458
489
471
3
6
1
13
830
54
408
19
7
31
3
6
38
2
409
187
721
717
106
617
349
25
44
28
1
2
37
194
43
69
1
4
3
47
13
629
15
42
3
29
192
466
43
175
112
70
23
354
462
449
7
1
22
170
168
68
12
43
1
223
13
3
182
2
4
448
33
5
8
503
326
250
36
31
144
15
488
10
49
39
14
6
11
145
25
12
18
29
5
17
221
1
2
5
1
128
2
6
4
472
616
631
1
4
102
2
1000
877
221
29
103
9
21
514
498
874
1
456
2
771
330
509
5
93
86
441
58
1
54
97
64
43
96
1
71
102
7
111
303
46
86
130
108
287
618
82
70
288
31
287
6
474
203
121
24
219
657
29
32
166
159
15
494
2
8
14
6
38
687
3
1
341
264
266
269
267
333
796
578
53
706
1
19
7
6
61
344
42
363
644
570
5
2
547
131
94
3
57
8
52
5
6
441
778
319
206
532
557
284
40
4
20
46
743
8
125
13
51
716
337
62
7
6
52
124
3
71
5
858
122
20
97
137
244
17
10
328
336
17
173
1
713
597
63
2
806
684
850
720
736
893
19
526
6
612
443
877
8
570
605
96
174
7
80
729
735
719
618
15
435
531
196
595
6
7
340
342
229
5
3
557
660
655
131
190
537
111
540
433
467
191
341
445
619
1
396
109
613
422
418
186
435
565
525
264
11
10
17
6
153
49
307
109
170
146
976
20
6
100
29
25
182
5
46
4
776
2
4
3
878
135
644
14
8
19
27
7
3
281
5
6
1
23
32
143
280
33
6
2
816
622
35
8
34
24
169
755
617
82
3
73
89
149
178
3
167
186
7
279
61
70
193
276
12
673
50
1
81
187
18
84
17
2
19
90
255
2
68
3
657
371
5
6
49
79
20
1
4
47
881
44
5
448
305
9
993
8
5
43
11
304
10
97
4
52
16
773
1
974
947
170
2
680
9
2
886
412
1
19
181
54
617
6
315
3
190
307
27
397
1
913
25
45
8
51
4
42
3
772
11
10
801
1
314
53
890
619
411
181
656
123
6
4
55
14
28
306
152
5
180
61
52
29
778
13
27
230
5
2
3
3
4
5
7
7
1
6
656
68
5
400
155
127
18
22
176
1
151
130
54
81
82
47
144
5
76
96
5
762
359
90
4
774
225
1
5
2
5
3
6
4
534
37
913
3
8
202
2
3
5
3
394
194
1
214
82
4
216
6
7
1
55
5
420
4
511
121
439
6
2
469
122
9
263
2
4
11
7
134
478
231
95
5
344
277
129
3
10
464
471
591
6
457
3
488
1
233
5
93
213
1
3
2
132
539
55
159
210
2
266
257
6
10
580
585
457
1
399
134
408
25
494
25
18
5
32
527
3
4
4
1
504
508
415
281
520
406
302
284
430
275
208
241
463
441
361
263
13
403
1
417
2
397
837
57
2
34
1
514
518
1
293
139
217
44
39
22
300
409
153
1
1030
455
84
109
42
399
1
17
215
130
1
248
3
96
641
476
3
416
223
613
1
18
1
2
2
4
7
42
22
63
75
869
1
35
786
8
1
3
434
694
12
2
15
360
36
27
105
469
116
1
148
4
712
258
263
1
324
253
13
265
58
192
7
2
3
23
53
171
5
10
1
2
194
86
18
21
145
1
6
37
492
262
318
7
6
40
27
73
361
3
5
10
1
2
42
11
613
274
162
102
55
135
3
3
462
39
134
74
44
491
26
126
47
1
141
78
127
632
2
8
33
42
33
5
7
128
41
198
208
212
3
1
95
181
178
7
197
196
33
46
24
133
51
154
49
54
3
123
168
29
47
68
65
2
17
314
44
8
124
5
1
562
114
327
6
7
5
3
2
1
217
244
45
6
10
39
11
7
98
8
622
2
296
431
248
543
103
2
587
120
47
2
735
179
320
496
424
457
659
4
465
500
264
781
497
1
498
239
33
593
619
597
1
286
1
27
2
765
722
727
673
6
4
447
457
715
131
199
718
113
163
4
36
1
79
7
2
67
123
13
71
201
18
80
29
565
83
532
272
107
561
41
244
75
3
106
162
214
2
11
17
67
4
13
1
534
48
112
28
200
26
531
66
268
70
22
3
71
453
45
3
89
98
5
46
116
400
29
33
118
88
1
14
1
21
172
468
205
407
7
9
203
95
59
56
286
3
422
10
4
259
368
338
184
754
648
4
1
40
42
12
355
26
334
12
100
213
1
4
25
269
3
243
30
21
51
459
210
186
140
219
219
228
201
217
368
212
192
132
482
45
742
708
272
360
8
18
552
119
1
355
205
44
107
550
81
288
5
38
164
524
520
175
30
190
4
20
6
11
8
7
32
12
9
25
290
249
3
5
1
10
26
2
84
37
2
26
6
243
14
118
181
313
203
319
132
127
1
177
370
238
242
253
201
92
471
29
206
168
5
139
270
112
72
210
213
2
3
11
211
40
588
125
24
1
96
9
201
12
4
3
1
4
19
199
4
1
2
4
620
4
452
2
453
2
357
414
410
417
2
390
276
3
565
617
493
199
1
326
35
1
233
83
2
4
126
297
4
722
718
613
452
1
143
87
700
1
2
2
152
434
146
344
124
755
54
426
131
754
756
5
839
6
32
64
480
74
741
649
418
3
25
8
142
315
855
953
621
364
2
950
16
934
952
945
21
884
3
930
550
515
500
308
360
454
343
1
566
503
451
505
362
333
374
368
224
7
325
420
27
9
2
18
490
335
60
53
35
11
15
64
1
19
625
2
764
761
732
670
5
610
576
4
6
2
720
11
82
374
2
709
942
75
143
67
2
136
376
18
100
21
168
1
219
645
8
40
693
4
48
3
74
669
286
275
604
809
845
65
234
2
5
2
1
293
61
644
241
608
478
535
583
144
3
1
984
715
74
1
3
2
23
5
1011
148
25
409
1
103
207
292
531
298
58
206
1
959
6
129
1005
130
1
29
153
4
3
493
26
38
15
35
13
12
43
6
4
5
54
28
1
6
58
163
3
273
130
86
7
3
6
909
697
54
1
5
4
40
36
436
121
439
3
368
453
93
132
292
608
270
556
574
603
277
120
1
499
717
4
458
11
47
6
2
8
252
1
2
505
125
5
4
50
3
48
3
1
97
726
29
80
9
94
310
14
114
4
7
25
6
737
15
134
100
67
34
18
36
79
20
52
6
5
5
9
82
38
1
2
7
453
6
1
19
66
355
770
5
741
224
198
167
870
171
235
730
690
854
111
6
680
893
759
7
1
93
408
53
36
44
6
42
26
75
8
5
164
26
7
5
120
1
957
153
14
8
4
7
212
692
49
56
2
6
137
1
1
335
7
18
289
284
290
37
357
285
7
18
342
45
27
64
218
335
58
6
534
590
4
475
481
5
6
8
2
1
13
198
4
92
760
6
921
493
695
683
747
924
306
820
920
7
14
3
2
3
328
2
885
924
9
1
3
7
4
5
17
6
15
34
34
29
3
5
8
31
30
74
79
2
7
24
8
22
4
425
319
3
423
390
7
100
13
15
2
476
2
180
8
179
2
252
54
301
293
363
131
12
10
19
13
51
204
53
51
29
35
209
2
3
15
6
1
1
4
5
7
205
64
203
797
390
41
14
139
44
100
905
412
138
2
4
18
24
33
567
5
6
3
507
5
1
3
7
13
53
9
197
38
28
24
638
27
4
6
14
2
154
1
833
866
7
815
1
12
460
2
1
1
6
2
3
4
14
247
1
821
3
191
12
24
2
8
6
73
5
861
79
880
474
913
63
90
48
290
123
1
787
664
770
79
2
2
525
3
106
1
552
527
91
4
1
5
83
3
2
8
76
505
112
277
288
23
2
783
246
244
240
208
3
239
787
3
75
312
228
463
4
12
216
185
643
1
26
65
76
1016
493
70
81
18
57
783
79
5
74
81
70
9
346
2
57
1
77
305
347
349
837
575
280
290
762
355
3
348
1
945
685
358
2
397
2
232
1
4
354
43
426
58
2
76
265
351
761
1
279
3
2
4
217
94
3
117
184
2
218
34
278
15
108
4
100
997
107
106
104
14
1
137
94
71
26
423
27
1
280
16
91
6
842
581
826
1
645
2
141
200
962
84
34
2
743
16
9
22
257
12
82
96
60
1
54
175
587
20
1
2
735
443
89
544
85
981
954
395
672
1014
140
313
625
812
254
1
535
31
402
679
490
106
541
109
867
175
706
154
81
2
415
12
154
15
3
1
2
17
116
1
90
86
415
442
291
611
336
356
1
139
61
184
211
650
2
792
564
63
176
191
72
328
7
66
200
458
194
1
195
236
68
2
207
101
31
256
469
3
1
658
3
2
12
73
19
6
6
1
2
1
12
35
123
4
27
2
78
69
83
9
3
50
23
19
287
13
8
229
234
64
31
121
2
381
14
7
4
1068
7
2
925
1
497
120
25
5
1
108
25
829
138
59
9
2
3
4
3
16
8
5
5
2
6
4
5
540
31
2
306
1
3
165
4
283
768
418
722
130
60
3
33
38
100
9
11
2
2
13
10
8
29
3
5
4
4
151
109
203
143
783
152
4
113
719
427
653
540
261
164
730
299
469
731
312
722
3
168
164
71
349
472
10
666
1021
603
660
97
96
50
5
89
21
427
890
69
66
70
44
73
649
269
110
162
34
6
1
2
4
653
657
9
652
14
372
3
439
857
26
493
499
519
168
44
71
76
147
81
70
10
11
1
97
316
2
43
74
14
6
5
1
3
257
3
1
5
367
7
96
311
307
316
2
1
136
127
1
4
2
5
207
863
2
1096
692
752
36
3
7
290
516
23
8
4
94
13
306
309
317
311
269
261
256
292
32
2
21
710
228
5
2
2
43
767
2
55
63
3
638
2
235
2
104
32
13
16
1
18
38
2
3
2
22
3
14
10
39
4
7
15
6
162
227
1
49
13
312
470
2
9
123
11
1
28
650
569
51
16
605
15
825
772
60
219
92
75
2
964
1
14
12
11
29
19
18
11
3
7
2
1
13
59
723
237
8
2
243
242
44
8
3
9
2
12
1
9
3
58
5
138
1
10
9
13
236
41
10
11
21
13
10
5
44
5
198
39
175
7
6
46
30
21
15
31
20
5
245
3
1
3
730
502
4
32
107
6
696
35
3
6
8
92
198
203
289
1
26
71
22
36
23
5
6
4
5
202
8
3
2
29
105
6
78
120
81
7
3
838
47
3
711
40
160
1
419
61
105
7
62
255
3
4
2
1
662
1
667
3
178
680
1
3
4
93
1
2
9
20
2
7
28
17
73
180
14
546
3
142
3
30
14
699
1
2
16
11
18
7
8
94
101
39
3
164
46
1
5
45
483
5
1
5
74
265
220
172
149
760
1
240
536
3
2
628
486
186
1
111
603
495
356
571
246
3
1
2
1
2
3
84
20
278
273
4
51
5
82
53
188
21
271
3
33
676
25
4
1
81
13
78
24
5
4
7
14
195
9
243
82
2
37
34
526
276
62
4
3
5
7
178
179
21
12
258
5
175
167
1
634
4
6
141
5
2
20
7
417
24
431
884
18
2
5
7
5
2
19
465
471
401
447
310
5
422
441
425
477
426
433
4
480
135
5
325
3
8
326
1
1
379
435
5
142
269
448
73
4
11
2
5
460
1
447
20
9
227
1
22
266
257
185
80
288
5
82
618
419
479
7
130
447
1
31
20
40
4
6
31
2
30
9
3
5
524
11
10
1
42
13
882
3
62
510
2
2
3
5
9
12
7
1
208
11
4
204
65
39
96
458
42
479
650
45
7
1
2
605
265
271
2
150
2
463
1
171
437
236
5
177
714
718
712
2
1
673
6
17
179
115
392
15
140
312
8
3
89
53
324
3
2
9
2
55
32
1
5
1
808
1
438
1
440
51
1
23
3
1056
871
89
30
948
35
70
12
256
1
2
4
109
36
5
61
16
11
311
2
15
7
3
10
1
435
433
28
755
406
29
9
26
32
693
1
5
47
19
887
4
1
4
87
2
528
1
713
860
939
1
798
3
23
2
2
1
3
4
5
21
17
44
283
24
15
6
7
39
4
8
11
3
1
2
10
3
23
18
22
1
6
380
5
2
1
4
6
6
4
2
10
1
1
444
254
5
214
40
125
211
186
2
1
11
9
5
6
3
6
8
359
14
299
43
203
31
608
605
1
700
642
6
402
587
271
86
183
3
232
702
1
27
2
5
2
4
32
15
17
9
54
7
324
32
227
491
8
3
72
41
1
230
14
5
3
2
323
393
2
1
330
408
13
3
391
394
431
395
389
157
131
387
392
379
1
388
11
405
386
391
78
317
6
25
3
9
78
83
76
79
75
17
30
2
507
35
88
23
20
6
1
6
359
31
13
5
24
497
317
25
42
2
12
11
293
13
9
16
7
15
19
6
5
26
3
4
2
1
1
24
47
44
3
2
303
43
1
3
5
2
521
3
455
23
2
2
17
26
3
46
353
4
3
281
282
286
310
1
4
3
265
7
181
1
4
2
400
250
5
307
426
1
128
310
619
1
729
744
579
248
11
55
5
8
87
54
10
32
897
253
770
730
4
2
5
6
430
5
398
3
11
31
408
2
373
12
40
1
322
85
38
118
73
71
75
62
1
3
5
63
76
23
4
1
28
3
51
6
4
187
8
15
6
7
217
249
258
4
809
831
1
8
4
2
3
1
270
3
712
6
288
1
4
3
4
3
335
287
3
3
5
315
347
1
3
2
532
4
206
6
54
1
930
5
1
190
3
196
77
8
25
10
714
335
4
71
879
627
597
637
36
562
290
5
320
211
546
2
502
3
496
963
339
495
624
199
207
206
197
203
210
205
204
273
6
5
174
4
9
6
107
5
7
67
73
317
74
270
2
309
1
6
327
760
7
27
20
383
26
616
97
4
47
3
4
5
284
4
7
472
2
6
8
5
4
20
7
24
18
4
1
21
2
891
7
394
29
4
321
326
10
388
55
18
2
52
499
22
322
3
316
17
6
15
173
4
5
34
3
276
6
3
4
7
13
5
11
105
4
49
188
6
7
537
774
217
538
130
907
539
692
287
914
3
387
29
1
718
634
7
196
182
37
6
6
101
383
16
799
8
1
156
200
4
15
6
7
4
3
40
20
14
39
17
65
5
59
179
6
11
1
8
7
2
378
15
5
8
655
23
169
647
648
680
653
487
654
651
4
1
3
195
328
71
6
68
7
70
7
50
1
2
97
72
1
26
522
6
1
1
3
2
4
154
78
24
63
155
27
16
1
11
1
131
6
2
4
431
29
88
36
93
434
1
1
4
2
7
3
29
47
3
34
1
290
573
6
1
2
9
13
3
4
5
554
11
6
325
782
435
2
12
186
2
4
76
4
92
306
5
2
12
16
67
3
4
310
2
1
5
4
1
2
96
1
15
63
47
978
1
238
366
173
483
1
3
14
2
3
34
59
37
33
7
6
16
13
10
1
1
2
4
3
20
17
45
8
40
11
2
1
201
3
163
2
190
389
10
122
1
3
2
20
5
1
1
26
45
3
1
243
24
537
1
857
151
181
210
44
3
399
90
447
3
2
72
80
194
40
271
5
395
220
176
759
259
19
1
264
4
716
355
415
6
2
1
2
4
3
454
55
6
18
87
11
5
6
2
8
56
1
4
5
235
233
119
7
4
6
162
467
118
34
1
6
3
16
11
155
156
4
4
7
193
267
5
4
1
74
20
8
7
2
4
6
5
91
83
46
68
54
192
252
162
412
253
836
45
8
122
125
646
7
4
6
13
3
2
5
1
73
3
8
2
4
1
3
1
6
72
2
1
767
10
9
6
8
7
101
2
20
29
5
3
2
32
1
8
1
1
19
7
5
1
1
4
1
4
13
70
1
6
37
48
79
694
77
294
4
6
5
14
61
12
37
19
1
4
3
2
1
4
3
6
1
1
310
1
275
3
2
3
1
3
4
10
73
2
4
1
771
2
3
12
2
1
10
7
2
6
6
295
4
5
1
5
357
71
3
1
3
152
958
2
1
1
5
2
3
4
7
5
30
39
7
2
5
15
6
244
3
6
362
172
71
2
6
6
9
523
2
6
5
41
5
73
77
1
4
310
292
6
309
5
502
189
1
2
3
1
2
1
1
3
10
7
4
20
11
660
1
659
665
661
663
5
5
4
6
2
2
597
6
1
191
15
2
4
2
513
514
516
517
2
50
13
2
1
1
6
4
13
2
1
4
3
4
4
7
178
3
1
3
4
4
2
13
5
2
1
4
1
161
2
1
3
31
5
3
1
145
2
1
5
1
2
18
1
2
1
3
3
4
7
37
14
369
36
7
7
17
1
7
3
1
4
8
2
3
7
4
8
4
2
2
190
6
3
182
180
3
2
4
1
1
2
1
373
7
11
2
1
5
3
4
1
2
3
3
48
4
7
4
1
3
382
