1
3
428
4
5
6
7
8
10
564
275
12
14
15
140
269
560
559
558
264
22
557
24
556
553
550
29
835
146
245
561
31
11
139
9
23
33
35
21
36
2
7
559
38
5
4
6
39
565
429
543
560
247
267
148
9
3
4
33
26
560
245
103
541
5
567
431
563
562
100
137
244
399
2
561
553
19
242
45
155
241
278
695
694
51
240
156
157
43
44
45
47
32
48
49
51
52
54
56
58
136
59
60
496
61
450
62
1
803
522
8
235
71
179
75
181
1
24
7
31
75
519
135
565
79
555
84
2
232
192
517
82
17
196
778
16
565
366
134
516
83
771
515
23
6
514
765
85
764
763
762
4
69
9
2
85
15
762
22
14
228
4
207
250
16
272
208
132
658
222
2
138
86
87
26
88
89
91
130
92
14
58
93
218
217
136
94
220
96
98
100
215
102
103
213
104
230
232
233
236
86
235
323
682
236
89
174
586
94
6
5
4
97
98
14
8
79
80
81
83
48
133
12
11
7
3
1
3
5
430
9
150
13
566
714
12
264
17
10
713
128
572
134
2
380
253
662
63
137
23
1
24
27
28
29
98
20
10
30
35
22
36
99
42
84
43
45
46
47
48
49
66
484
87
50
51
228
53
55
56
126
58
60
63
60
66
800
243
528
71
98
19
676
789
73
41
21
779
780
572
68
44
116
70
28
73
358
104
77
78
79
80
6
100
81
43
76
82
85
88
91
93
95
96
98
101
104
106
107
108
109
111
112
115
20
116
118
120
122
103
123
125
61
293
305
81
82
83
4
316
7
173
3
18
97
296
10
1
582
98
172
98
17
99
1
9
627
92
100
46
667
643
101
103
42
106
107
250
108
109
317
47
100
96
44
320
41
316
168
92
111
20
680
580
91
92
415
292
132
22
27
93
242
25
94
96
536
76
98
100
293
26
182
480
102
508
515
499
423
12
181
50
246
187
325
537
107
119
324
20
44
479
109
572
564
10
114
837
107
257
15
118
161
94
320
634
82
181
1
19
385
316
403
27
313
415
123
125
552
126
161
460
457
406
637
774
395
838
23
555
319
689
263
21
648
692
785
96
20
267
412
556
72
453
73
451
53
12
41
309
15
256
113
232
297
26
44
114
82
8
89
408
122
32
10
203
118
4
39
285
74
84
86
2
4
77
3
93
312
271
117
7
432
309
149
177
13
670
175
447
247
42
241
307
51
618
37
91
89
8
10
38
30
13
705
7
487
48
723
24
106
7
10
12
16
19
557
21
156
18
20
24
28
31
32
34
38
12
42
44
77
110
71
47
50
112
75
101
67
76
19
4
266
88
517
460
20
470
7
177
21
517
8
457
459
72
28
255
404
402
354
94
2
74
23
730
60
64
188
41
123
32
99
50
150
110
90
82
84
51
485
38
55
57
96
198
58
62
91
31
90
44
152
219
447
460
76
575
144
71
206
72
294
47
203
206
572
176
383
30
2
3
195
6
887
388
8
63
735
351
9
108
547
110
9
885
113
115
7
390
251
767
348
65
403
535
77
765
336
368
69
201
346
385
233
190
5
366
74
490
58
486
455
4
360
496
70
174
22
450
70
137
42
390
329
290
154
61
408
267
215
67
488
213
520
71
358
209
45
3
522
359
9
68
69
316
70
502
95
71
72
73
74
75
59
76
77
138
371
495
716
494
315
73
124
79
32
3
80
500
492
81
622
117
97
83
100
141
375
312
152
344
374
400
375
127
84
619
85
104
142
96
248
77
88
35
83
84
85
29
87
88
71
90
91
641
594
68
93
94
340
203
558
17
92
44
474
55
513
54
222
95
472
3
50
4
523
334
493
97
499
333
87
84
13
48
30
17
12
107
196
20
11
84
29
393
28
118
24
25
106
23
165
27
84
203
21
224
264
295
447
444
26
22
454
22
116
174
233
395
83
386
592
799
757
69
267
38
77
15
1
16
14
58
69
113
13
84
103
27
64
123
6
19
35
11
10
91
67
703
30
20
9
2
8
106
81
372
453
224
276
361
38
135
301
526
65
422
53
262
233
578
223
14
156
848
908
852
303
492
60
455
162
2
82
398
78
3
192
103
5
45
258
5
309
229
92
177
211
257
768
933
127
467
363
75
44
245
9
11
409
120
43
506
13
439
903
669
47
12
166
675
406
320
687
168
420
323
350
324
318
37
537
347
581
254
312
11
12
9
150
363
4
13
564
442
5
527
561
431
950
100
57
316
5
28
25
63
1
83
77
52
112
754
228
523
99
106
33
35
23
76
65
57
38
88
89
111
18
62
82
53
15
56
488
40
84
23
91
6
1
23
11
24
26
27
28
29
2
95
17
96
19
30
9
13
73
31
32
34
35
239
36
75
38
18
1
8
12
16
40
5
95
94
72
592
43
96
363
173
14
43
45
222
532
489
49
619
51
497
170
182
485
7
11
16
15
93
4
94
17
34
52
53
90
62
86
31
463
4
502
54
11
498
499
30
58
188
2
3
344
67
317
190
195
184
151
93
225
109
607
13
12
7
18
9
44
56
57
58
107
10
59
16
26
2
7
16
55
86
59
8
10
23
21
5
24
84
57
43
14
15
12
58
340
59
13
19
60
307
232
238
4
5
82
83
6
47
57
20
57
80
61
29
31
59
637
60
452
43
19
52
48
9
79
85
53
1
57
171
47
361
60
360
359
61
79
2
62
357
475
50
8
356
366
430
372
628
355
42
666
526
28
519
607
579
16
56
36
67
11
265
9
37
57
270
9
48
91
54
194
108
62
51
231
77
230
62
63
242
46
63
227
40
64
50
65
76
283
316
266
347
225
54
348
218
114
171
209
49
325
653
69
639
471
78
131
367
410
75
211
643
79
27
199
795
508
929
212
60
43
72
68
280
483
77
233
80
507
731
753
735
760
329
67
5
610
219
510
78
79
31
486
35
81
560
83
77
43
483
6
11
303
660
302
654
849
94
229
353
29
141
754
509
58
368
367
59
13
61
651
743
345
873
162
533
588
73
38
137
925
5
31
216
643
359
708
329
461
464
3
34
303
2
23
5
14
38
139
41
68
29
31
893
57
513
655
7
37
29
31
89
172
927
514
787
63
348
61
147
117
195
194
67
136
15
59
160
201
57
133
181
28
42
865
52
39
41
172
85
38
40
33
290
304
143
215
186
180
74
5
67
72
745
540
621
542
12
518
536
593
526
7
115
664
19
18
491
538
53
455
48
138
784
38
55
372
63
368
27
33
85
159
55
115
43
32
57
102
39
214
45
299
51
45
63
44
22
43
55
13
59
1
68
36
78
49
4
70
40
49
20
314
88
54
4
306
3
6
562
49
113
41
29
58
40
65
39
8
49
17
359
46
29
7
50
49
45
61
10
70
43
57
18
453
15
40
448
341
71
457
445
443
69
461
12
65
52
292
76
11
98
10
7
29
16
13
11
133
90
7
341
4
370
246
18
53
57
9
56
16
12
10
8
533
5
4
1
1
995
971
252
248
209
2
221
4
49
29
302
42
304
7
51
67
57
31
317
23
90
310
3
29
43
3
5
44
52
5
68
6
11
19
65
17
70
531
125
97
3
73
107
26
883
589
150
391
106
23
10
48
300
190
439
953
96
230
27
7
43
8
22
1
440
372
4
135
441
362
1063
219
669
1007
816
679
65
68
58
55
28
60
13
5
35
15
1
19
26
16
18
21
59
23
29
3
34
217
27
12
373
11
37
33
78
17
42
38
41
409
407
56
39
9
45
6
21
40
71
39
61
57
50
76
29
30
36
31
32
33
66
69
35
28
37
175
183
23
38
1
39
41
43
44
45
55
18
47
31
32
48
291
456
435
449
494
431
34
470
12
70
6
27
96
8
22
21
15
325
106
31
20
57
34
280
59
7
45
298
2
42
27
51
577
280
37
28
11
61
46
23
6
60
17
101
1
33
610
31
21
28
22
77
46
32
23
33
144
676
675
868
401
661
1018
329
13
15
54
26
71
767
44
6
41
79
14
25
22
84
5
8
17
24
72
5
90
104
42
4
8
842
332
9
102
2
54
22
432
66
21
4
40
541
81
24
3
103
43
7
49
14
104
566
176
20
106
17
59
39
52
64
31
12
45
43
51
49
70
47
66
38
34
25
80
41
68
53
23
61
47
66
49
54
356
49
36
20
21
45
39
38
40
68
8
42
80
32
48
121
16
111
703
42
264
358
23
18
82
280
41
44
45
13
10
41
87
36
37
2
84
20
14
13
20
351
709
803
702
689
7
65
29
54
100
58
119
14
94
165
99
39
25
782
6
105
20
36
14
22
9
79
1037
424
33
33
53
29
13
115
101
260
44
3
506
38
41
77
33
76
174
42
107
43
22
42
123
11
105
30
4
937
35
12
1
615
42
343
275
34
36
147
38
128
577
484
80
263
79
12
25
120
42
177
115
77
5
131
135
20
25
55
280
179
341
107
127
100
241
61
128
178
29
955
718
11
75
591
713
165
87
91
88
186
162
606
113
703
16
582
70
27
166
73
464
553
382
579
47
184
111
275
670
332
178
73
101
238
99
240
349
165
719
596
106
140
219
158
20
33
544
88
1
168
16
263
351
233
463
644
718
267
6
364
13
321
9
58
399
5
16
82
86
71
41
5
160
53
52
545
88
71
127
31
449
176
85
89
84
6
91
77
82
621
628
624
29
83
79
3
75
87
6
82
89
2
88
72
50
8
74
84
446
80
177
86
82
78
90
53
89
627
157
5
124
655
134
136
309
140
4
5
360
107
74
138
7
123
30
111
9
11
12
25
135
18
133
140
13
137
20
262
24
553
553
134
102
137
61
27
4
29
132
313
2
58
166
86
16
316
20
98
2
4
82
12
214
54
27
8
93
10
452
397
169
137
449
16
12
538
359
8
558
173
6
42
24
78
2
259
509
10
540
9
326
8
118
7
17
88
12
44
83
2
6
111
4
70
14
329
31
351
177
255
577
106
12
112
82
7
116
19
114
181
11
18
15
16
38
10
18
106
2
4
119
5
6
9
84
8
11
13
233
99
102
106
180
18
63
27
2
87
258
1
97
46
268
535
266
95
118
464
2
80
184
28
142
2
3
92
4
106
5
109
6
782
301
955
26
4
433
10
11
50
43
266
15
18
24
176
152
177
234
90
13
178
544
522
5
253
136
48
19
7
13
135
1
495
17
19
6
89
5
12
16
28
56
7
212
20
502
75
508
77
122
646
69
400
59
37
33
72
206
42
9
197
153
152
758
12
154
128
44
10
53
65
50
715
660
890
144
537
533
676
529
55
26
48
51
56
362
22
61
55
5
612
521
854
109
817
855
102
112
930
143
220
218
266
845
519
908
53
903
898
23
7
309
557
351
217
11
21
78
1020
44
78
19
20
79
56
2
28
494
205
29
460
230
3
619
74
316
530
308
73
60
16
48
303
16
510
884
50
28
105
55
24
50
21
39
23
42
7
22
82
20
55
186
44
10
684
27
3
48
7
73
36
48
46
372
54
37
85
17
71
296
732
230
399
52
27
199
395
28
54
14
51
58
55
42
57
65
7
298
57
48
47
49
38
54
50
21
646
4
31
71
67
41
25
65
48
58
49
18
61
48
60
16
56
43
7
39
651
441
669
391
56
45
49
64
5
54
1
14
46
63
53
19
80
22
31
24
19
807
52
69
34
42
61
44
27
49
59
41
13
25
147
44
53
81
47
30
307
253
46
14
33
13
26
17
56
196
31
70
29
66
12
57
16
43
48
60
41
13
304
41
83
387
358
647
44
38
32
43
49
35
34
38
39
8
18
64
24
11
304
13
226
29
377
138
445
382
303
145
222
378
12
51
10
680
35
3
13
39
75
84
59
80
36
34
22
8
48
13
47
669
712
777
26
48
25
90
419
412
377
512
296
52
42
7
48
689
662
19
831
40
25
42
89
2
30
41
16
13
84
10
50
5
78
39
24
49
18
93
27
75
422
20
35
36
42
77
23
15
27
5
80
20
39
32
14
19
57
38
22
3
96
95
11
46
48
19
41
16
45
9
57
17
30
79
87
42
39
14
26
13
35
38
12
30
30
19
43
43
1029
44
22
10
82
43
15
14
81
256
11
84
17
259
422
693
818
702
37
96
88
66
17
30
7
35
12
1094
1
13
28
110
32
53
124
72
5
324
52
54
7
53
1027
55
1032
17
27
396
12
4
1
31
99
863
697
676
1033
54
104
250
17
50
48
94
49
416
412
698
812
109
10
104
29
442
6
30
100
115
8
3
12
11
81
20
70
13
23
27
6
15
99
84
94
5
118
16
107
8
23
73
3
22
327
412
344
703
137
7
114
332
55
1105
6
87
97
23
52
46
133
110
35
15
398
19
16
65
108
3
66
56
5
106
17
421
55
123
71
9
55
271
102
81
1
92
126
13
113
513
56
54
112
398
14
14
34
15
34
10
11
12
35
9
41
588
647
454
384
730
137
147
110
18
137
447
185
457
354
87
88
358
373
397
10
60
11
3
10
13
14
41
31
302
149
81
168
297
11
12
110
79
190
7
40
82
188
139
36
44
153
341
606
116
142
97
115
8
83
143
296
188
274
10
6
61
25
20
85
77
79
542
12
190
195
227
19
88
103
55
50
188
16
18
130
323
87
294
349
292
577
261
255
12
16
73
28
110
27
6
62
38
80
334
416
4
325
86
197
188
47
60
339
347
38
74
89
95
8
428
87
48
248
199
152
414
81
18
80
39
87
237
165
101
44
5
15
430
121
428
315
39
38
338
41
379
335
562
55
135
253
239
412
722
6
39
3
27
385
1
5
151
562
272
383
4
203
66
11
572
81
26
42
23
12
14
367
17
1
2
393
268
167
496
418
1
497
127
60
906
343
407
371
99
2
55
109
316
54
45
289
12
62
279
23
39
37
49
36
4
294
35
123
11
75
123
357
126
24
167
240
29
26
23
89
389
90
22
39
13
37
19
14
760
21
26
67
11
352
299
383
292
122
35
34
188
90
12
167
132
271
471
124
25
24
89
23
7
594
8
25
438
108
12
36
2
7
134
130
1
93
37
129
92
10
95
26
28
31
24
104
102
32
384
43
22
8
150
128
3
8
63
139
2
136
9
86
3
266
123
62
48
135
517
134
54
12
168
90
73
133
135
843
558
589
219
694
10
121
36
192
597
811
12
122
270
120
12
46
198
128
125
5
136
10
383
88
142
133
311
1
126
107
20
2
98
52
94
138
22
132
2
110
19
676
122
842
222
1
290
48
114
31
42
121
5
1
119
118
117
30
264
2
3
41
248
137
24
109
737
729
10
314
293
72
60
27
127
1
131
249
57
52
130
111
168
137
125
17
20
159
560
225
145
128
79
108
103
110
564
23
7
206
25
24
27
100
29
312
32
36
74
87
114
138
34
38
45
56
94
76
114
27
72
115
74
71
93
18
14
76
40
276
8
145
34
59
3
720
4
5
103
121
5
1
12
432
446
5
431
28
13
8
106
107
6
56
103
105
7
113
9
11
115
42
2
17
13
17
101
6
7
14
555
437
98
114
100
89
37
347
91
63
82
244
53
84
82
182
195
77
47
682
79
3
81
82
84
4
5
287
8
10
88
11
14
80
78
83
15
257
3
17
154
91
29
409
519
86
695
687
288
370
2
3
4
427
103
8
12
1
45
81
94
14
68
50
67
97
16
120
103
724
256
8
57
410
2
3
1
5
2
599
9
291
3
25
732
597
730
731
1
815
40
5
804
97
32
4
7
8
10
335
246
219
8
109
138
14
9
91
88
18
99
963
35
3
292
327
795
37
23
69
30
479
2
61
41
98
477
804
3
75
79
100
669
52
97
72
3
7
14
13
3
104
6
16
485
3
8
338
738
87
101
7
1
27
3
11
34
754
28
6
96
22
31
11
93
10
30
36
98
43
10
786
367
4
8
76
17
16
79
41
1040
170
78
13
82
39
22
68
2
42
49
80
355
39
1
66
438
29
208
198
158
54
541
89
44
8
62
1
79
424
68
439
40
350
65
137
197
413
62
64
47
44
55
33
39
62
42
49
71
45
18
58
92
24
37
27
31
438
349
64
68
78
378
389
57
339
445
98
495
493
188
453
436
141
7
490
307
69
193
91
196
574
101
587
215
13
35
562
152
261
40
33
46
49
32
31
8
372
358
45
87
31
305
129
27
12
188
48
207
176
574
17
26
300
321
3
47
109
61
140
350
2
449
44
18
17
8
357
568
493
137
39
298
59
285
17
447
34
16
87
31
25
46
34
15
44
32
42
39
195
35
41
13
87
24
222
29
30
43
79
12
328
785
32
56
58
28
39
122
70
68
50
55
193
430
65
30
50
21
348
157
60
55
8
195
47
53
119
34
60
16
14
13
16
12
66
10
62
9
8
57
49
35
68
20
12
6
22
89
19
130
25
345
47
130
313
6
181
68
146
22
67
23
35
54
49
52
16
22
14
20
19
39
56
751
19
215
38
161
159
381
410
466
244
84
60
488
16
11
416
80
427
15
159
156
16
14
149
134
316
397
594
181
14
5
39
38
12
48
322
393
15
2
17
18
63
71
119
28
97
18
76
25
98
80
403
511
24
454
75
19
79
750
553
32
51
124
658
30
38
68
9
111
66
56
59
19
42
27
72
23
58
45
18
53
40
7
163
91
64
2
62
13
117
64
16
6
109
13
82
115
71
72
35
8
29
20
18
7
503
606
268
10
24
17
22
310
14
26
21
26
64
2
35
16
96
1
8
42
29
57
43
78
99
140
110
73
17
35
7
73
9
2
66
472
271
249
138
88
72
15
78
18
24
17
73
110
15
8
13
17
31
11
12
83
81
112
169
130
35
100
81
106
488
34
96
218
9
5
45
853
596
100
545
871
37
111
577
68
99
7
15
31
579
5
52
1
2
22
7
10
4
3
6
2
1
4
74
81
99
5
53
27
20
70
5
54
47
2
3
1
4
23
75
817
72
1
3
4
6
89
73
1
2
7
46
3
56
18
66
132
15
227
819
76
78
110
1
57
6
2
67
104
9
1
49
87
9
116
81
39
24
88
5
114
103
14
41
95
19
479
59
109
108
4
116
28
92
5
90
73
12
118
88
84
409
64
115
89
248
96
102
20
83
299
41
39
121
112
1
236
58
28
14
80
109
74
78
28
65
77
33
26
23
169
82
17
104
105
96
39
30
101
48
13
104
107
77
16
8
10
720
23
44
86
122
120
779
50
97
1
95
82
89
9
69
37
79
53
46
30
51
124
7
555
542
144
252
131
4
68
126
347
904
460
599
110
76
456
128
997
563
28
72
269
111
433
24
119
115
1
2
1
6
24
4
75
2
117
23
81
117
2
79
257
76
126
91
122
102
423
127
1
3
116
121
130
128
92
134
117
5
73
151
2
9
66
123
294
4
83
111
63
117
114
5
2
131
133
40
114
113
135
7
107
123
95
57
40
26
5
105
261
12
15
148
5
41
135
127
16
96
87
134
55
82
130
432
104
29
54
57
2
20
76
14
135
58
92
45
55
133
8
2
98
134
36
38
100
93
157
70
102
101
2
103
330
60
285
1
95
6
1
110
257
26
443
1
262
190
42
401
83
473
107
159
56
143
87
91
52
67
100
36
39
31
4
57
93
23
3
2
5
40
99
98
105
36
472
13
15
15
44
11
108
17
11
115
30
19
8
5
12
626
175
13
665
41
91
733
3
278
28
285
158
7
109
6
768
116
18
130
460
370
126
39
15
58
7
436
68
199
16
151
164
13
6
40
947
120
11
3
73
53
38
96
35
35
27
30
27
47
10
164
560
367
6
361
31
273
80
94
804
521
71
67
558
4
18
82
559
10
65
69
80
14
79
6
31
89
215
41
72
23
43
45
3
21
37
35
20
1
235
17
8
102
29
18
63
78
71
552
36
13
14
20
25
116
159
143
96
91
173
204
26
85
23
43
21
88
51
57
27
66
78
72
39
55
8
56
20
38
22
47
37
6
35
12
34
33
24
32
31
47
18
48
41
21
28
55
26
9
31
20
33
28
38
590
76
29
225
212
70
301
35
257
57
32
16
17
49
15
26
123
82
751
36
41
5
1045
40
16
580
908
74
584
507
780
409
584
36
812
34
48
35
11
39
38
207
82
65
48
37
54
39
63
9
51
5
11
42
37
65
6
5
51
67
38
10
65
1
38
11
58
2
34
64
39
10
3
8
68
98
181
58
39
8
251
57
235
62
30
38
56
61
31
72
39
6
14
45
38
23
22
56
2
37
61
60
116
46
35
55
4
73
60
2
54
58
75
235
61
60
54
33
28
31
57
49
16
61
77
34
25
57
48
54
51
56
40
39
9
49
53
36
48
42
25
2
9
36
31
52
166
28
19
58
39
33
56
22
51
44
305
45
61
55
58
33
163
4
93
58
32
49
24
5
23
6
253
196
7
730
115
616
865
705
178
2
93
2
491
95
64
66
14
51
104
102
60
13
551
24
68
95
61
14
3
2
215
55
259
19
9
102
250
3
81
56
391
1
411
208
533
313
57
59
55
72
54
30
11
60
14
2
9
37
83
86
22
59
79
115
114
105
104
106
142
150
98
156
118
108
6
67
16
78
99
4
122
8
120
105
2
8
82
79
103
20
138
6
106
58
94
558
292
59
10
2
744
93
497
79
63
81
5
463
78
120
119
7
113
89
30
95
557
236
108
119
7
241
137
112
141
123
385
86
47
722
701
10
293
25
86
148
241
244
389
126
104
102
85
71
130
100
96
120
127
119
106
107
9
86
21
85
127
114
490
24
501
117
7
2
37
116
6
159
77
120
80
160
37
840
40
131
132
127
128
90
112
87
113
100
82
93
116
90
82
134
80
121
40
32
3
106
131
268
131
120
133
344
122
43
30
554
31
4
53
59
318
110
50
44
102
2
101
41
250
94
35
75
118
295
34
26
28
59
45
30
4
234
73
86
44
137
94
55
331
325
57
668
230
59
26
30
235
60
499
3
743
2
81
99
417
244
148
108
51
107
257
35
511
115
8
55
6
32
47
81
48
16
15
83
89
45
82
58
19
35
49
533
638
44
6
1
51
4
57
52
3
22
5
21
13
27
46
25
9
26
11
7
39
2
105
1
247
290
22
18
24
378
9
100
8
10
123
292
405
25
294
110
6
23
33
43
44
207
26
49
576
174
5
21
2
10
410
300
369
399
45
41
38
396
571
60
34
29
16
13
54
69
37
59
23
55
1
25
40
2
55
26
31
63
5
34
35
39
25
50
80
14
528
4
58
29
325
17
64
17
81
372
362
15
41
88
9
26
497
86
49
5
3
16
10
2
5
333
74
68
59
23
865
344
78
345
20
22
30
92
8
65
66
2
62
68
35
24
21
7
6
82
50
47
46
16
45
100
74
70
60
34
6
163
86
154
88
26
22
242
308
16
51
49
564
66
22
296
55
40
83
60
17
30
249
416
268
6
446
625
395
47
5
47
292
122
43
64
58
1
94
366
89
90
78
74
37
352
760
380
34
37
62
611
495
9
88
132
27
45
90
96
95
102
130
122
57
69
45
97
102
46
26
132
43
116
120
10
47
40
72
76
96
193
62
192
21
73
18
66
23
97
78
76
68
20
74
1
7
66
55
8
6
86
22
24
41
55
26
30
4
97
3
79
9
34
86
64
83
81
74
7
93
94
182
52
41
9
57
56
4
2
55
1
297
7
47
6
54
1
53
5
41
34
143
1
47
19
17
14
15
11
8
12
4
46
58
12
6
74
5
30
27
3
48
83
76
21
868
36
1
33
42
47
19
40
31
39
36
716
40
30
24
43
11
6
21
7
31
11
20
33
31
29
25
8
6
61
35
4
12
15
50
22
19
40
7
28
49
54
16
19
47
2
26
7
19
17
5
20
10
31
11
72
62
61
76
79
2
59
169
3
43
13
10
257
821
8
6
2
45
8
18
63
74
68
62
19
77
76
65
72
20
45
157
91
14
372
10
12
84
98
3
28
37
91
87
80
78
2
81
3
79
13
1
80
18
56
347
66
2
4
8
2
6
4
12
29
2
55
54
716
10
49
29
54
3
44
12
51
46
41
51
9
17
701
52
1
140
36
23
4
2
26
25
28
30
11
55
45
22
20
33
63
32
13
11
3
38
37
42
12
53
391
56
11
31
46
35
36
59
34
3
2
8
1
7
3
6
49
80
78
22
2
21
16
16
29
5
10
6
34
6
5
31
50
54
89
100
38
92
2
23
79
94
35
85
54
1
56
97
53
55
96
57
88
35
5
30
79
60
17
42
52
11
6
56
5
5
50
45
52
69
45
4
2
43
12
41
2
10
39
40
2
13
41
36
1
34
9
