1
29
1
3
4
7
8
9
1
18
1
3
4
5
6
7
8
9
10
1
6
1
2
3
5
7
8
9
10
13
1
10
1
2
3
4
5
6
7
8
9
2
15
2
3
4
5
6
7
8
9
10
2
28
1
2
3
4
5
18
19
20
71
2
47
4
6
3
11
2
37
2
4
2
40
1
66
3
4
9
10
17
65
62
2
12
57
3
7
3
28
9
1
57
1
4
12
4
1
2
3
5
18
2
1
4
7
3
8
19
2
27
1
48
2
36
3
31
1
38
1
2
3
11
80
4
19
1
15
6
16
1
28
1
10
1
13
1
8
1
4
7
1
2
1
6
1
4
1
11
1
43
1
45
1
45
1
27
1
43
3
71
1
67
1
49
1
75
1
51
1
78
1
2
1
35
1
27
1
1
52
1
34
1
1
72
1
51
1
54
1
40
1
2
3
4
5
6
7
8
9
1
29
1
2
3
4
5
6
7
8
9
1
18
1
2
3
4
5
6
7
8
9
1
7
1
2
3
4
5
6
8
9
10
1
5
1
2
3
4
5
6
7
9
11
1
83
1
2
3
4
5
6
7
8
9
1
19
2
4
5
6
7
9
11
12
1
33
1
2
3
4
5
6
7
8
9
1
44
1
2
3
4
5
6
7
8
9
1
55
1
2
3
4
5
6
7
8
9
1
200
1
2
3
4
5
6
7
8
29
2
4
5
6
7
106
3
6
8
10
15
17
1
17
18
19
20
21
22
23
24
25
18
1
24
25
26
27
28
29
30
31
20
1
40
4
6
8
10
11
12
13
15
50
52
51
50
48
46
44
43
41
39
57
1
2
3
4
5
6
7
8
9
3
64
1
2
4
5
6
8
10
12
14
2
72
2
3
7
8
9
10
11
12
13
1
18
1
2
3
4
5
6
7
8
9
1
13
1
2
3
4
5
6
8
9
11
1
7
1
2
3
4
5
6
8
9
10
1
5
1
2
3
4
5
6
7
8
9
1
7
1
2
4
5
6
7
8
9
10
1
2
1
2
3
5
7
8
9
11
13
2
19
1
2
4
6
7
8
9
10
11
1
32
1
2
3
4
5
6
7
8
9
1
43
1
2
3
4
5
6
7
8
10
1
55
1
2
3
4
5
6
7
1
64
1
2
3
4
5
9
12
14
1
1
2
3
4
45
5
6
7
8
9
1
150
1
2
4
5
6
1
34
1
2
3
4
5
6
7
1
247
1
2
3
4
5
1
25
1
2
3
4
5
6
7
8
1
71
2
4
6
8
9
10
11
1
78
1
2
3
4
5
6
7
8
9
1
26
67
81
79
78
77
76
75
74
73
72
1
90
1
7
8
11
12
14
16
17
19
1
1
1
1
111
2
3
5
7
9
11
13
14
17
1
7
6
5
4
3
2
3
15
12
2
5
4
1
1
2
3
19
20
21
21
1
2
1
2
3
4
5
6
7
8
9
1
4
3
2
7
6
191
1
25
6
1
10
1
2
3
4
5
6
7
8
10
1
23
1
2
3
5
7
9
11
12
13
1
145
2
3
4
5
6
7
8
9
10
1
25
1
2
3
4
5
6
7
8
9
1
54
5
2
1
53
1
2
3
4
5
6
7
8
9
1
64
1
2
3
4
5
8
10
12
14
2
129
1
3
5
6
7
8
9
10
11
1
55
1
2
3
4
5
6
7
8
9
1
142
1
2
3
4
5
6
7
8
1
152
1
2
3
4
5
6
7
85
84
1
23
1
2
3
4
5
6
7
8
1
13
1
2
3
4
5
6
7
8
9
3
1
2
4
5
6
8
9
10
25
1
3
4
5
6
7
8
9
10
1
1
1
5
1
1
8
1
2
4
5
6
7
8
9
10
1
2
3
4
5
6
7
8
9
20
1
1
2
4
15
16
17
19
20
37
23
1
201
3
5
6
7
14
18
20
21
2
9
1
40
1
32
1
2
3
4
5
6
7
8
9
1
135
1
2
3
4
5
6
7
8
9
2
48
6
8
9
10
11
12
13
14
15
1
46
1
1
234
2
3
4
7
9
10
12
14
24
2
1
67
74
1
57
1
1
152
1
2
3
4
65
64
63
62
61
1
1
2
9
1
55
56
57
60
2
19
22
26
10
17
37
1
3
92
1
5
7
9
12
14
16
17
18
1
112
1
2
3
4
5
6
7
8
9
2
77
78
79
1
1
2
3
4
5
1
74
3
5
7
8
9
10
11
12
15
1
57
2
3
4
6
8
12
15
17
18
1
8
1
2
3
4
5
6
7
8
1
18
1
2
3
4
5
6
7
8
9
1
29
1
2
3
4
5
6
7
8
38
1
2
3
4
5
6
8
10
11
1
51
1
2
3
5
6
8
9
10
2
65
1
2
3
4
5
6
7
2
31
2
3
4
5
6
7
8
9
10
1
153
1
2
4
6
7
8
9
10
12
1
34
1
2
9
10
12
15
17
20
1
1
2
2
1
1
21
1
1
1
1
58
76
75
74
73
72
71
70
85
1
1
10
1
2
3
4
5
6
7
8
9
1
49
1
2
3
2
288
5
6
8
392
271
52
16
632
4
1032
667
836
1103
1
5
1
35
1
6
1
46
57
1
40
1
7
1
1
1
44
2
46
1
2
2
1
1
1
1
1
45
1
44
1
67
1
26
1
26
82
1
3
2
1
2
1
2
2
1
1
2
2
1
1
1
1
3
2
2
4
2
3
1
1
1
2
1
1
1
1
1
1
1
1
1
1
1
1
1
1
1
1
3
1
1
1
1
1
2
2
2
1
2
1
1
2
3
3
1
1
1
1
1
1
1
1
2
1
1
2
2
1
2
1
1
4
2
1
1
1
31
5
4
6
1
1
1
1
1
1
1
1
1
1
1
1
1
1
1
1
1
1
2
2
1
1
1
1
1
1
1
1
1
1
1
1
1
1
1
1
1
