125
29
115
4
5
6
116
7
8
23
24
25
26
23
24
22
3
4
9
7
26
27
3
4
5
18
23
5
21
25
26
4
7
8
15
16
18
23
3
11
12
105
28
101
38
5
18
49
19
20
70
330
16
17
18
19
20
72
127
2
30
31
19
152
136
179
87
18
137
12
16
17
26
7
8
12
14
15
16
24
50
25
59
27
28
14
346
16
19
21
16
59
17
10
11
1
2
11
17
19
21
22
3
5
89
29
30
109
571
79
28
30
31
78
153
141
142
145
150
26
50
45
44
8
19
24
3
4
6
7
10
24
25
26
27
28
4
247
33
195
6
7
52
14
7
8
11
11
10
11
7
2
1
16
21
4
6
9
13
23
29
5
7
9
10
44
11
2
44
45
18
43
83
84
50
89
1
8
734
505
9
2
24
33
23
18
7
23
30
4
1
20
18
23
26
9
21
6
7
8
9
10
11
1
8
9
10
12
277
677
225
114
113
101
15
20
16
6
28
27
405
406
25
26
60
30
31
103
14
15
24
158
145
146
2
147
148
60
61
29
30
18
23
1
29
7
8
27
4
5
16
17
18
278
274
276
620
676
677
277
16
42
17
22
28
25
31
22
24
31
5
6
9
10
27
37
6
4
3
40
41
5
6
7
8
13
1
29
3
6
118
27
9
336
10
23
24
4
6
22
23
17
1082
7
1058
1059
23
15
17
23
223
20
19
16
26
31
8
9
10
13
262
19
24
235
282
20
7
1566
21
22
1565
4
7
8
9
5
8
95
8
13
30
1105
7
8
1106
10
28
29
14
15
18
26
1544
9
14
1566
15
16
1
4
5
9
18
17
18
19
20
2
1
19
20
21
22
3
7
6
5
8
9
8
1
16
13
19
22
12
1
2
3
4
6
27
17
18
19
24
976
9
13
14
17
12
47
48
49
60
23
24
6
95
10
12
77
19
10
11
856
12
100
13
541
540
22
514
229
219
9
24
29
30
31
255
197
3
214
14
15
271
29
16
14
22
27
28
1144
24
26
12
13
14
15
3
21
18
10
6
5
9
2
14
15
10
190
57
62
13
14
126
13
14
7
5
17
3
4
5
7
1
24
4
17
148
18
131
130
24
141
139
15
16
149
19
212
18
17
1
386
413
57
414
22
23
24
29
31
2078
2079
5
6
10
11
12
15
17
7
11
24
25
34
32
191
14
15
16
93
30
28
7
601
8
10
18
28
10
11
42
18
36
19
28
30
2
14
17
18
10
92
4
5
10
11
48
284
280
16
17
52
20
1
113
16
6478
6477
3
4
21
25
26
505
582
27
30
10
11
12
13
21
15
16
17
177
187
22
25
26
27
114
14
2
6
9
13
16
37
17
1
15
17
18
20
27
3
6
7
8
1
31
554
553
17
28
550
16
17
27
3
7
83
9
10
7
8
9
20
53
21
94
23
1090
24
1093
1110
1112
26
13
9
35
170
8
7
6
8
32
6
2956
2955
5
15
23
33
7
29
28
26
11
41
42
16
1
2
3
4
37
38
4
19
18
2
10
62
24
29
30
31
5
11
16
2
22
23
4
5
6
27
111
2
19
20
124
3
4
5
6
7
986
29
990
13
20
22
27
13
19
20
21
930
29
21
4
9
7
8
4
126
107
7
143
106
105
2
24
25
28
29
14
10
13
6
59
60
61
62
1
12
13
3
35
49
46
45
28
17
15
28
26
24
22
21
20
25
24
15
14
1
60
30
22
7
6
5
5
23
22
14
20
4
23
14
13
35
5
18
13
12
8
6
1
356
10
350
1
349
5
3
2
4
40
7
39
203
11
40
5
3
2
38
39
3
2
168
5
15
16
17
18
190
19
20
6
10
10
9
8
2
113
112
110
2
5
24
6
8
9
10
135
3
27
56
30
26
27
123
260
5
97
76
28
5
478
382
174
380
379
365
364
27
60
11
12
21
29
8
9
12
1
24
27
11
46
13
26
5
6
11
45
15
16
29
16
17
18
98
4
5
106
16
18
21
22
43
134
48
28
1
30
19
3
18
8
28
15
17
18
21
24
28
29
30
9
12
389
17
25
26
371
368
5
7
22
2
10
26
27
8
13
14
16
19
1
26
5
11
12
13
20
21
29
3
7
8
9
10
15
24
25
5
6
8
10
2
52
182
4
168
169
29
31
17
18
237
4
5
6
239
240
25
481
13
14
26
25
24
480
16
28
20
461
1
2
3
5
6
3
4
6
7
8
31
52
3
4
21
22
22
7
104
103
8
9
102
31
20
2
3
6
7
8
18
58
39
13
118
119
125
58
18
131
20
28
3
6
17
24
27
13
14
24
1
3
4
7
8
29
11
12
25
1719
1722
1723
18
19
20
93
263
19
20
22
24
8
9
10
11
3
5
6
7
8
9
24
26
7
1880
10
15
53
1140
1141
1147
6
7
22
16
8
6
5
10
5
31
15
117
13
6
5
4
3
4
10
97
8
28
46
7
8
42
9
10
30
9
76
8
9
48
13
14
15
16
18
19
22
13
6
32
33
18
19
3
15
14
72
13
11
8
7
6
14
78
57
4
5
74
77
86
17
20
21
74
130
22
69
7
3
4
5
76
11
19
113
114
20
22
26
7
8
11
17
18
1642
1703
1727
1726
1716
24
3
5
14
15
106
16
14
13
137
11
10
3
18
17
16
13
15
16
11
1
17
16
6
361
4
17
4
14
7
6
129
136
135
151
150
3
13
14
7
9
3
1
76
75
74
3
7
73
75
2
5
4
4
5
7
8
55
651
7
8
650
727
1
709
40
27
507
6
5
39
2
727
1065
13
1066
50
10
1051
1052
1054
680
8
672
674
837
64
45
47
48
25
1
24
92
5
88
147
14
13
9
2
12
820
14
15
20
4
16
17
1
11
58
27
9
10
11
12
38
48
5
49
7
51
13
6
5
3
2
1
27
3
4
5
7
11
4
84
88
3
2
1
2
6
7
9
10
8
11
51
12
13
25
26
27
6
9
20
21
12
13
15
16
4
8
9
10
11
12
6
7
1985
19
29
6
7
8
9
22
23
28
29
9
10
11
20
80
19
16
20
6
1
2
3
4
8
2
6
10
11
12
16
27
3
1588
4
8
9
10
26
28
20
22
23
26
5
6
12
9
13
25
16
7
8
9
11
13
91
66
67
14
69
90
24
72
73
140
150
10
7
8
9
10
23
24
2
5
6
99
446
450
10
11
473
476
449
9
465
470
7
96
8
9
17
18
19
51
61
11
14
15
50
27
28
4
23
11
10
9
36
26
1
19
20
21
33
35
18
34
25
44
45
220
212
1
213
251
74
2
18
16
15
14
13
11
16
13
10
9
8
7
5
672
18
19
23
24
686
3
4
12
14
3
20
21
22
36
62
29
28
25
14
30
112
23
14
13
11
10
9
6
5
4
3
8
22
1
3
107
5
6
30
29
24
9
8
7
60
22
45
44
31
23
22
18
16
15
10
82
6
5
1
27
28
113
23
15
90
11
10
27
17
58
54
14
13
1128
1153
1
1154
1155
23
248
10
247
246
244
9
7
17
63
14
13
16
15
13
12
447
9
2
5
9
5
4
3
2
3
4
5
6
2
12
916
42
24
23
13
12
11
68
5
4
14
16
17
8
6
2
15
19
11
6
229
232
22
23
11
7
216
1
249
29
12
1
261
26
9
1
260
13
11
10
258
259
260
271
12
275
3
19
9
1
4
5
12
11
8
7
19
966
2
1
1
2
5
16
5
4
3
11
8
3
4
5
35
36
12
50
6
7
8
40
88
83
82
39
10
32
6
193
169
9
14
10
7
2
19
15
9
8
7
5
18
19
20
22
23
26
10
19
6
7
8
15
17
16
76
111
12
13
5
193
16
18
101
79
187
7
5
17
18
102
61
1
3
4
28
17
9
16
7
5
4
2
1
12
13
16
112
111
110
57
17
8
7
5
4
5
3
1
5
6
3
543
541
18
20
21
14
16
520
552
21
22
7
6
3
15
17
20
1
21
22
23
24
4
15
17
19
20
23
2
4
5
6
8
102
119
7
4
31
4
5
8
21
4
1
3
5
49
48
7
27
13
14
17
18
62
74
2
75
110
3
4
6
31
9
48
27
28
49
2
10
7
11
16
3
11
13
14
8
11
10
8
18
12
11
7
6
5
14
9
12
10
2
4
408
3
2
12
13
14
15
1
20
12
11
73
6
3
2437
4
12
17
19
20
21
2425
12
2
3
9
8
1
2
22
19
18
72
74
9
8
7
15
27
26
25
21
15
17
105
253
35
240
6
5
4821
9
4808
2
3
35
1
2
17
2480
15
4852
252
22
18
17
16
13
249
109
27
26
4868
16
7
21
23
24
60
31
17
16
28
27
13
12
2
17
16
14
13
9
9
6
27
26
22
13
7
4
22
21
5
20
30
107
29
26
25
2
16
14
13
8
20
18
17
140
6
1
12
16
15
140
3
2
20
100
111
106
47
27
26
11
10
9
7
6
83
5
6
5
16
1
28
55
1213
1185
41
25
1209
1212
26
1833
24
1213
28
10
26
19
23
26
8
5
21
3
13
17
18
20
21
1705
25
24
18
14
23
1713
4
3
1716
2
419
44
15
2138
14
31
2
3
4
5
8
121
128
3
132
4
5
133
5
4
2
10
31
32
33
47
45
12
13
16
27
5
4
11
12
15
17
6
4
5
8
9
10
2
1
14
16
17
18
23
7
5
9
14
15
519
16
17
540
512
11
564
518
481
24
26
27
461
5
6
11
12
15
9
181
14
26
18
19
27
8
22
50
53
12
32
6
8
26
2
3
4
21
168
11
10
9
19
2
100
99
98
143
16
15
14
139
22
23
25
26
4
3
13
15
18
2
13
17
18
21
574
43
567
556
4
5
22
42
3
7
45
11
32
44
45
46
4
6
31
30
25
1
43
6
13
30
27
44
10
11
12
13
15
16
21
22
23
1
6
20
21
22
26
6
4
38
9
11
149
151
34
9
106
108
7
6
5
4
2
14
268
17
18
19
20
21
5
21
8
7
6
5
4
4
5
7
4
3
9
14
13
12
9
8
6
7
12
8
7
122
2
3
55
20
237
236
119
114
14
15
57
9
25
22
19
16
15
9
15
13
11
10
14
1249
166
25
11
8
7
5
1095
89
3
16
2
87
75
11
13
14
70
1
6
14
24
89
1
2
3
6
12
10
7
7
8
9
21
18
6
63
116
13
8
6
115
1
2
6
7
9
895
12
920
902
901
9
2
26
536
24
23
22
535
20
53
23
47
13
24
16
14
4
3
3
26
23
22
20
18
8
7
6
1
296
285
171
5
4
284
161
287
255
286
173
172
1
2
21
20
19
7
6
1
22
16
17
18
9
17
8
31
9
11
40
12
57
22
23
24
40
41
4
5
25
17
16
9
4
25
19
17
16
16
15
13
57
3
11
17
16
15
11
11
12
13
24
39
21
22
13
11
6497
27
20
5
6
9
10
37
21
38
25
26
58
18
19
4
3
21
22
28
3
7
21
9
10
10
5
18
19
20
21
8
9
6
30
113
4
6
12
13
5
5
12
14
15
16
2
154
8
155
156
9
1
28
9
10
18
4
307
301
13
20
174
154
9
10
14
15
59
6
7
10
11
4
19
23
24
25
3
4
9
11
1053
1100
1101
1038
1040
10
1102
1110
1111
4
7
10
16
4
20
21
22
21
1065
1064
22
1063
25
1
3
13
19
20
1
4
12
19
20
27
28
29
919
9
10
11
28
2
3
10
11
12
13
18
1
8
12
13
14
27
11
12
15
1
3
16
17
18
19
20
21
5
6
9
12
16
20
22
23
24
8
10
18
19
23
24
11
25
23
33
9
2507
2508
2509
5
4
63
2420
14
13
71
70
12
1
2
404
24
23
22
403
20
1
20
112
132
131
128
1
14
15
16
18
19
1
3
6
25
22
21
20
15
5
5
22
11
10
3
18
16
11
108
10
14
3
2
22
24
157
1
4
30
18
17
16
54
53
12
3
6
20
19
9
22
18
11
10
43
9
8
12
13
16
17
41
12
116
28
8
3
3
4
6
20
18
17
5
6
19
13
1103
4
14
13
11
29
1
49
116
17
18
8
49
19
6
158
895
2
1
946
914
431
9
10
7
6
5
2
412
10
8
7
1115
459
425
4
1
34
36
379
12
401
3
4
23
21
20
1
23
22
21
9
4
3
4
13
7
19
1
62
2
14
12
11
33
406
5
402
21
16
887
12
11
1
19
14
119
13
147
150
15
120
111
110
162
69
4
21
19
18
16
70
5
12
952
7
35
34
21
20
2
896
902
17
872
880
881
52
6
5
4
6
7
960
959
4
163
6
966
3
148
147
2
17
4
32
8
15
3
1
6
7
52
11
12
53
17
29
51
52
60
18
19
23
16
2347
10
3
42
7
14
15
17
83
19
66
21
6
16
25
26
27
24
1
8
12
13
45
14
28
107
108
6
110
31
111
226
380
376
7
9
234
26
4
9
10
11
12
15
2
27
28
29
85
20
21
17
19
20
22
23
24
25
87
86
6
17
7
75
8
18
67
27
14
15
21
669
668
27
666
698
28
3
11
12
24
26
28
16
17
38
19
23
35
5
40
32
6
23
6
7
8
11
18
21
26
27
28
14
18
19
1
4
8
18
22
29
5
15
17
18
19
23
24
37
24
49
51
52
4
27
26
8
25
24
17
15
11
10
19
18
16
61
34
4
3
1
28
16
15
14
13
9
7
31
29
15
12
11
6
132
131
130
129
20
1
22
20
18
17
1
21
20
18
16
33
12
13
11
10
2
21
18
17
12
46
185
27
20
184
19
18
181
22
21
18
17
8
7
45
199
22
3
30
2
21
20
19
52
51
50
22
30
29
8
36
9
1
21
7
6
3
37
22
21
20
7
29
24
22
21
20
200
1
26
24
101
23
20
112
27
59
22
21
97
24
67
65
23
22
33
30
53
52
20
3
17
12
13
16
27
9
18
1
25
61
23
18
17
16
26
17
75
76
34
28
18
15
14
15
16
18
22
21
49
16
15
19
18
22
9
11
18
17
16
12
11
387
388
389
390
391
392
413
10
11
789
20
788
16
22
21
18
17
5
3
9
8
7
5
359
366
362
20
6
257
87
23
277
271
31
22
12
362
278
11
10
9
43
25
24
7
6
61
27
118
119
120
37
22
15
4
3
1
192
163
23
187
4
193
24
23
170
14
1
50
49
40
51
42
24
29
1
25
157
158
30
34
4
12
193
1
3
18
156
17
16
192
190
4
3
2
162
17
2
16
5
8
28
163
145
190
155
18
8
130
131
102
25
1
155
25
189
46
52
89
88
24
82
51
1
2
25
20
19
15
14
130
104
25
10
9
8
129
29
26
139
22
11
10
8
107
26
52
36
12
9
7
1
20
19
17
18
17
358
18
5
4
1
17
16
111
245
29
10
9
12
14
19
12
11
10
30
125
9
49
22
9
8
41
6
114
112
107
106
22
103
24
23
69
14
13
4
26
14
5
4
1
100
99
1
97
1
6
4
98
11
5
92
33
7
5
111
23
68
59
19
18
17
383
117
26
116
22
110
361
182
183
23
184
26
23
186
19
12
11
10
22
21
1
68
34
15
10
17
18
69
13
17
18
22
10
24
116
23
114
506
20
19
34
59
60
16
15
16
15
14
49
14
48
16
15
959
1
138
26
11
10
390
517
537
2
23
22
21
20
421
11
10
422
431
6
548
432
25
24
13
419
456
11
9
10
19
23
24
1
25
19
18
10
4
3
19
18
17
13
11
1
100
15
14
10
9
8
101
9
100
101
102
8
21
11
10
9
4
1
2
5
9
1
3
4
9
1
11
8
18
17
14
13
12
7
30
29
46
1
105
8
9
17
16
13
7
6
27
22
21
19
6
5
10
9
8
7
5
3
4
18
17
12
64
101
94
16
3
2
170
169
168
167
165
66
11
347
5
345
346
342
355
351
1
20
19
17
16
15
1
31
22
38
1
6
9
14
12
10
9
6
8
26
25
39
13
360
4
18
17
16
1
393
21
18
394
2
20
358
33
13
12
1
19
18
3
958
422
22
20
26
966
1
38
17
58
8
53
7
52
18
12
11
10
9
121
136
134
14
10
9
8
23
19
17
16
20
30
6
17
16
15
14
65
22
19
17
82
9
1
22
21
20
10
23
22
41
141
142
58
28
26
18
16
14
1
6
13
36
4
5
8
14
8
1
3
16
15
14
13
1
2
22
14
47
48
55
17
1
23
20
21
20
19
332
333
339
340
13
1
15
282
13
4
17
16
14
12
64
22
21
20
19
17
95
86
84
120
148
23
150
1
6
174
5
4
15
13
7
6
1
4
16
1
2
30
17
1
29
30
31
15
20
19
28
26
14
141
18
151
629
17
20
19
18
16
6
5
4
2
9
496
8
6
5
11
9
6
20
19
18
13
12
11
52
11
10
6
5
15
8
7
6
5
4
27
9
6
5
655
654
4
1
1847
17
16
76
13
5
10
9
8
5
1079
18
13
9
7
6
25
19
15
72
22
35
37
21
77
76
15
14
13
122
107
106
105
26
101
13
12
106
11
4
26
16
15
14
6
22
123
125
17
123
4
96
3
131
103
15
14
94
12
12
11
10
9
8
7
6
28
145
27
14
8
21
16
14
13
1
19
104
45
20
19
17
16
102
103
1
129
58
166
27
26
25
22
5
1
4
351
5
338
15
4
19
16
156
6
1
42
40
26
73
19
71
72
123
124
20
19
347
24
23
122
21
20
19
373
372
371
13
3
126
374
373
14
12
11
119
219
221
333
23
21
16
127
12
11
10
2
18
23
10
8
376
359
15
16
10
9
8
20
18
15
14
13
6
7
9
18
27
21
6
4
3
1
21
19
18
16
4
29
11
10
9
6
1698
1699
84
83
1666
15
14
13
1727
12
9
8
6
5
2
18
17
30
1
6
7
11
4
3
16
22
15
13
12
8
4
1
29
21
18
17
14
22
20
19
6
5
8
9
14
13
11
9
27
62
23
16
15
14
13
64
63
168
169
170
74
17
261
6
280
276
275
22
21
20
18
7
276
275
263
9
8
7
1927
1
255
256
1923
19
1926
28
25
24
4
1898
20
19
1859
20
1851
1849
19
3
2
1839
1856
21
1822
19
18
19
18
15
13
8
1858
1836
1837
11
26
22
1869
1
12
11
8
7
1114
1884
1115
27
1116
1870
1075
6
56
30
29
101
9
25
24
127
12
10
9
7
82
16
14
13
2933
2938
2940
38
9
24
22
9
38
8
6
2
21
18
15
14
13
36
11
10
42
7
2408
15
6
14
2788
2805
16
15
14
13
12
24
23
16
7
6
22
21
20
19
15
2
14
9
8
6
15
14
12
55
35
10
10
9
8
1
11
10
45
12
46
49
12
43
44
45
10
1
254
3
2
324
275
22
326
4
23
22
21
73
8
4
3
2
24
20
19
18
17
158
12
11
142
143
1
2
16
15
9
5
4
1
16
15
16
42
15
14
11
9
20
3
16
4
33
11
40
10
1
7
23
24
75
74
5
34
36
5
31
32
38
37
5
23
7
1
3
4
11
2
9
20
38
10
1
10
4
25
23
11
7
5
26
28
5
29
26
7
5
38
4
11
10
9
27
229
8
6
5
4
21
230
232
11
29
23
226
227
2332
280
26
25
19
17
16
5
3
4
2319
31
7
24
21
18
12
11
2
9
8
7
92
120
104
102
13
1
5
23
22
4
25
23
22
21
35
14
13
316
314
57
56
23
279
21
20
5
277
3
282
24
280
1
57
51
50
13
12
52
13
12
11
10
9
28
25
19
15
13
12
3
109
14
12
1
2
15
14
59
117
11
15
60
23
104
106
22
107
108
17
61
15
1
2
27
109
25
1
2
27
26
24
28
22
21
21
22
23
104
19
15
12
11
9
8
6
268
5
14
13
260
7
261
1
291
15
260
261
297
1
25
20
19
18
11
30
23
22
21
19
49
290
21
16
298
19
40
38
36
67
25
22
7
6
5
204
203
202
201
199
25
24
21
25
51
24
23
22
21
7
96
22
21
122
19
118
110
18
75
26
291
13
12
11
10
9
6
20
19
15
13
12
12
11
10
7
1
15
5
6
28
1
16
7
6
56
18
17
7
19
18
15
14
4
3
1
191
193
23
21
20
19
6
5
4
3
4
17
15
13
5
28
26
16
6
5
4
24
15
1
3
14
13
29
26
25
24
23
26
25
24
22
6
23
106
124
126
1
22
21
2
22
524
19
17
1
22
21
20
19
24
11
63
23
1030
21
19
64
1029
19
18
12
46
39
35
8
7
6
15
14
13
26
52
709
16
13
47
46
15
9
8
31
28
20
15
622
14
1093
46
31
1094
1102
1
15
11
6
17
16
9
7
5
110
109
19
106
105
6
25
24
23
22
7
2
29
25
8
157
158
12
8
7
25
511
484
500
501
220
212
13
28
27
13
12
11
10
23
22
20
19
18
15
14
1079
31
28
526
7
18
17
481
10
9
14
192
20
19
19
1
20
19
18
13
11
18
1
33
12
11
17
20
14
13
12
19
18
111
78
77
76
9
67
8
2
669
9
8
7
5
4
24
16
15
14
13
666
667
9
829
31
28
153
27
17
862
190
15
14
32
51
48
18
17
14
1
10
828
829
8
5
9
45
6
46
1
29
55
5
4
30
29
751
18
765
16
15
15
2
11
10
5
4
3
7
4
3
2
21
20
14
6
5
4
215
1
22
17
15
14
13
25
176
18
17
16
1
31
49
25
17
71
16
95
125
2
172
50
27
26
4
22
15
14
6
13
1
8
7
6
5
16
13
12
8
6
15
8
7
4
5
6
19
46
13
12
11
10
18
17
16
15
170
191
29
30
29
10
9
6
20
19
18
103
102
12
21
20
19
18
281
22
21
20
297
27
24
22
21
1
19
14
13
12
317
318
1
33
15
13
12
11
48
8
1
339
20
19
324
18
17
29
14
19
18
17
13
1
327
10
8
7
1
328
8
317
9
372
21
20
19
18
25
55
10
49
35
15
25
27
29
14
9
8
6
26
25
27
28
14
13
12
1
18
15
10
9
8
1
19
17
16
15
14
21
20
19
9
4
1579
16
1
1599
1944
1
18
16
20
19
1
4
7
6
1
2
3
7
1
1538
1512
23
8
6
11
1505
23
22
21
20
16
38
56
18
17
1
8
7
5
6
25
18
11
9
1570
1554
14
13
12
1
18
23
10
9
23
464
9
8
10
9
8
7
5
4
17
16
15
14
15
426
16
23
22
25
1
14
13
12
1
25
17
12
11
9
4
12
26
10
5
14
13
12
1
20
18
16
29
59
18
17
4
8
9
36
1
2
4
1
38
20
65
5
21
20
19
8
7
1
21
15
13
8
14
13
10
9
7
16
6
1
12
10
9
7
3
6
8
16
10
9
1
5
10
9
8
27
26
4
5
9
9
2
19
2
1
2454
2463
13
12
14
8
7
5
1623
1626
7
5
1615
1614
1
4
20
1067
1079
4
21
6
5
3
2
20
34
12
11
10
20
14
38
1075
22
13
9
8
1
6
28
12
11
55
50
4
5
12
50
49
15
21
18
17
16
13
12
18
17
7
6
9
8
7
17
6
16
11
11
14
1
110
21
46
45
43
1
22
21
11
19
17
31
12
1
2
20
19
17
16
19
18
70
17
34
55
22
21
18
16
14
13
12
8
1028
21
1029
1044
1045
19
18
17
1
7
4
3
2
13
12
11
10
9
7
5
1
17
16
15
48
50
6
16
15
126
14
13
10
123
24
23
1014
22
8
6
5
10
8
7
5
23
22
21
20
12
16
8
30
6
19
18
48
84
17
23
16
15
20
19
23
22
21
18
16
25
24
17
143
144
16
26
24
22
16
80
15
14
13
75
6
5
48
45
3
140
30
12
11
10
8
218
5
1
20
19
18
17
1
21
19
15
13
384
383
10
9
361
1
17
16
13
1
20
18
17
187
185
16
21
35
20
19
25
36
21
12
11
10
8
28
27
8
7
6
389
10
9
408
407
403
400
1
380
12
11
23
374
375
379
15
27
28
12
11
7
114
35
34
28
26
25
24
12
11
10
7
6
5
26
1527
1525
1524
1436
1432
759
683
676
30
44
12
11
10
34
8
35
36
7
22
64
32
31
18
24
35
33
32
21
49
38
37
25
36
35
1
22
20
116
22
21
20
19
18
17
13
7
6
20
8
6
644
1
2
26
25
24
23
22
1
26
626
18
622
15
13
20
19
15
14
12
11
10
9
39
17
14
42
17
40
15
13
12
11
1
49
28
47
26
4
50
49
121
27
26
120
16
13
29
30
12
10
21
20
19
8
7
27
26
22
13
12
11
8
3
23
23
24
13
12
4
1
2
614
612
6
5
18
9
1
18
11
10
31
595
30
28
27
28
20
219
19
17
21
20
19
18
197
19
205
16
6
7
218
10
9
23
22
21
4
45
34
42
55
26
27
15
192
21
20
588
590
19
1
24
23
2
12
24
1
21
3
4
3
12
1
2
5
4
3
1
9
11
4
1
21
17
22
19
18
6
8
9
20
17
16
15
29
19
11
10
7
6
24
2
5
7
11
12
2
4
6
8
5
18
19
2
5
12
13
16
2
11
12
27
13
32
2
11
16
11
12
24
25
14
9
5
6
28
29
31
3
1
5
6
10
11
5
6
8
9
10
11
18
19
20
21
11
12
17
22
23
15
14
1
4
12
13
194
22
24
25
2
4
5
4
5
8
21
9
10
11
15
19
7
11
12
23
1
6
22
28
15
22
23
27
1
14
135
16
151
21
22
13
16
20
1
5
8
398
406
9
7
8
9
15
16
17
20
257
22
8
9
286
19
2
17
19
20
9
11
14
38
16
28
1
11
13
14
16
1
29
15
17
42
21
5
15
16
18
20
1
8
16
19
43
55
20
22
13
15
16
17
15
16
20
26
2
19
20
21
95
24
10
14
15
16
17
2
8
102
9
10
23
25
97
84
168
21
22
9
20
23
102
103
25
1
31
5
7
8
9
10
8
9
42
11
19
11
13
14
16
17
64
77
45
8
9
7
13
56
16
60
26
21
11
16
17
1
8
9
16
3
7
15
16
4
5
35
6
7
1
16
18
21
24
4
13
15
16
23
63
61
57
56
7
8
9
1
11
12
13
17
604
609
449
16
605
160
2
3
4
628
5
5
464
465
468
430
445
18
605
444
443
1
7
8
27
28
29
88
89
7
11
13
9
10
12
13
17
19
20
21
25
26
8
9
247
10
11
12
22
23
24
25
11
8
10
11
14
42
7
8
9
20
21
22
45
11
12
43
13
14
16
42
210
10
23
24
6
7
8
9
10
13
1
47
46
5
6
20
29
1
10
22
23
9
11
17
21
1
21
24
25
27
17
19
20
25
26
1
13
19
20
21
23
36
11
12
19
1
2
12
27
31
1
30
1
10
11
12
16
3
20
25
26
28
34
1
7
8
12
23
20
2
35
10
13
14
18
287
867
16
3
20
21
22
1
10
13
14
20
21
8
9
20
21
26
1154
17
19
22
1168
1169
852
10
11
851
15
23
9
98
21
23
13
15
16
965
985
986
18
10
11
67
13
14
1
13
15
16
18
10
11
12
17
1
72
94
15
16
17
2
14
15
16
21
83
22
14
68
6
9
10
25
890
10
11
12
14
16
851
850
829
828
824
21
3
14
15
16
1
8
9
10
12
13
9
10
11
23
10
11
12
19
20
21
24
25
55
57
17
18
24
27
59
1
4
7
23
24
25
1
3
12
81
13
16
22
6
7
8
102
82
21
16
21
22
24
25
26
10
11
25
1
17
19
21
23
24
16
17
18
19
2
122
28
29
110
106
30
3
14
6
21
22
23
24
56
60
210
26
28
206
16
17
18
90
100
3
16
4
5
15
17
18
13
14
36
17
18
13
20
1
21
24
28
26
2
6
18
19
20
21
29
28
9
11
12
13
20
22
23
57
8
7
25
6
105
14
15
18
115
1
19
20
23
24
22
23
24
212
217
19
20
23
211
24
5
163
15
16
17
23
24
211
202
24
26
27
28
29
32
20
5
6
8
19
1
10
11
20
214
24
215
9
23
107
109
165
27
28
14
10
1
2
26
27
28
29
250
23
24
27
28
12
412
56
28
29
5
16
25
54
28
391
392
96
25
26
103
28
29
4
23
24
3
1
31
7
69
24
9
8
7
68
6
8
9
70
15
27
252
28
1
12
13
152
12
13
22
84
151
35
89
9
11
12
1
2
16
21
24
1
123
16
17
23
6
7
8
9
15
19
20
2
3
20
21
22
55
60
61
20
62
22
11
54
10
9
1
19
20
189
188
21
22
14
18
21
22
13
2
15
16
17
20
1
17
18
27
25
66
19
22
24
39
26
2
3
89
90
27
30
24
27
11
12
20
21
1
28
9
10
13
86
88
74
8
1
27
23
11
31
5
6
8
10
11
13
22
23
24
11
13
16
17
18
19
3
88
26
27
21
24
23
24
25
26
27
17
15
106
17
19
1
2
19
22
23
11
12
13
14
1
4
10
21
22
5
1
20
27
28
29
170
49
48
26
169
28
167
166
165
1
22
23
24
26
1
3
9
10
11
15
10
11
12
13
21
22
3
11
12
18
19
4
84
30
7
8
6
7
8
9
2
7
11
12
13
14
15
16
18
4
12
20
21
23
1
8
11
27
23
28
25
24
7
10
21
22
491
492
26
599
478
15
70
16
71
487
17
25
8
21
22
13
12
27
12
18
21
22
23
9
461
10
11
21
23
26
1
23
220
8
26
20
22
12
23
9
1
18
19
20
21
28
19
23
24
25
26
27
65
184
23
25
26
1
2
10
11
25
92
3
8
17
19
20
19
20
95
119
94
24
2
218
9
10
27
28
2
19
24
25
8
51
13
25
17
20
21
22
33
25
22
13
12
10
20
21
24
25
28
17
19
23
128
123
12
13
110
14
15
5
9
10
17
18
17
18
182
20
214
13
15
16
11
20
135
136
144
268
129
22
134
137
1
13
25
28
25
23
24
25
11
27
19
20
13
21
38
22
12
1
23
24
25
26
18
7
11
24
25
5
7
35
8
37
135
12
32
17
5
4
23
48
49
25
27
1
2595
14
2603
16
17
22
2594
13
14
19
8
103
10
11
1
8
19
21
2575
7
8
17
18
8
15
18
273
8
18
8
3
291
2298
6
2318
2319
15
17
2347
2348
2
1
2399
2301
1
17
57
50
18
59
16
58
1
14
15
16
17
18
19
1
6
11
12
13
18
8
7
17
13
12
11
10
7
2054
2048
4
3
2
2049
400
13
25
401
400
1
8
433
14
15
444
1
11
414
12
1
4
415
13
14
15
13
14
15
50
14
17
18
1
118
5
10
11
9
81
82
10
11
15
9
14
15
18
9
10
15
17
3
14
17
443
23
48
9
41
2380
14
13
432
367
7
11
12
14
1
2
4
21
22
8
7
5
1
125
41
124
9
8
113
20
125
7
2428
2468
14
440
17
18
19
22
42
39
10
2451
2446
2445
11
6
2454
2452
2438
13
2416
2445
12
11
74
7
2426
24
5
2352
15
2363
50
1
12
4
9
4876
12
5
4
13
12
11
8
7
31
34
5
4
1
21
20
12
11
10
22
21
20
18
2358
7
18
17
14
13
1
43
9
42
8
41
17
10
9
44
9
2
3
9
8
5
4
11
12
26
25
22
19
11
1
69
54
18
2
1
19
1
3
2
50
3
5
4
2
3
1
4
6
7
5
3
9
7
6
1
68
16
12
11
71
59
3
15
13
70
71
10
225
21
20
18
17
15
19
18
2
246
242
9
7
45
6
20
19
18
11
10
9
6
1
2
23
16
13
11
70
6
7
4979
4898
4897
4978
4965
1
69
11
10
67
15
14
11
6
15
14
9
7
1
20
16
4875
8
4872
19
4873
17
4874
1
16
15
13
613
20
16
15
14
626
621
3
10
11
635
12
30
32
652
5
40
41
42
1
636
16
15
9
8
7
20
19
16
15
10
3
4
5
20
19
6
599
18
29
30
16
3
2
578
478
500
1
31
1
35
102
9
1
29
17
14
1
22
28
16
15
113
21
114
19
18
17
16
15
1
17
53
52
54
16
13
12
11
15
9
8
7
1
19
18
17
12
11
20
12
6
1
13
11
10
9
8
7
4
1
11
10
188
2
156
23
4
25
16
15
12
11
8
26
25
10
9
12
11
6
9
19
17
16
15
14
21
12
16
15
1
6
5
4
9
18
1
16
5
4
7
8
20
17
5
36
20
16
15
10
37
1
16
15
13
7
16
14
15
8
17
13
22
23
151
5
4
152
11
10
1052
1051
9
50
49
17
16
15
14
39
19
11
10
7
1
22
21
17
879
796
22
19
18
16
18
1
15
12
11
10
9
1
865
11
68
10
6
3
11
9
8
7
6
39
2
88
12
7
9
1
780
89
3
2
90
16
14
4
1
6
20
19
15
14
12
20
19
17
16
7
797
869
868
782
422
423
1
280
469
468
18
13
9
281
13
12
11
10
12
189
268
1
17
16
12
11
8
4
18
74
10
9
26
18
9
8
1
1235
1234
1232
27
3
1223
28
10
9
23
2
22
15
14
12
11
92
91
88
12
68
67
6
73
5
75
19
12
7
6
5
4
621
1
4
7
622
624
4
5
625
17
16
12
11
10
9
7
6
5
8
10
11
12
14
1796
2
3
7
1809
9
2
6
1
4
5
60
50
1
2
5
6
15
1
5
72
8
9
10
12
30
14
2
3
5
6
8
22
11
13
1789
1788
13
1793
36
8
9
10
1790
1
2
1762
1803
3
9
18
19
15
15
16
11
17
18
19
1754
1736
11
1723
1719
1760
17
18
1765
4
46
1
5
11
12
13
21
1
10
11
6
7
8
9
12
28
7
32
18
15
61
2111
35
13
14
15
16
25
4
2097
2095
2094
2093
1736
16
18
19
1735
7
15
16
17
1732
1733
1735
1736
6
1744
2
18
19
21
22
20
21
49
371
4
370
6
7
1
12
14
1
2092
2091
16
1
2093
15
2065
1
2175
2168
16
17
18
19
2160
1
15
16
21
10
11
12
13
14
16
17
51
52
11
13
14
19
20
1
12
13
14
15
30
168
12
13
37
2049
4
7
21
22
2079
1
6
7
8
20
7
15
16
18
19
1
2194
14
142
15
1
17
19
20
24
18
23
2083
2075
6
7
8
9
7
8
9
11
12
13
14
15
16
17
8
70
14
21
22
24
26
71
1
2
18
19
20
21
22
1
16
17
18
2100
2099
2098
2094
2066
2064
17
25
10
20
21
1
4
29
1
34
5
4
44
26
28
1
3
4
43
47
25
2
43
6
46
18
14
16
17
38
7
9
10
25
526
26
5
11
13
15
4
10
13
14
7
17
18
7
21
24
25
26
28
453
43
21
22
529
528
23
475
83
76
28
531
530
529
1
510
14
474
2
505
509
13
20
99
103
110
59
113
115
116
11
13
85
84
40
34
14
15
16
24
36
43
56
1
2
190
23
1
189
23
25
22
347
324
177
8
17
522
18
21
23
524
9
164
30
163
187
194
21
354
199
215
1
6
12
141
144
21
22
23
24
28
30
141
143
12
20
1
34
120
9
11
38
58
8
10
11
12
166
10
182
17
190
23
24
1
2
17
22
1
16
19
20
21
39
202
206
221
8
17
149
255
254
24
16
90
20
21
1
9
24
25
26
11
8
22
23
3
9
10
123
11
12
1
9
13
14
16
17
20
8
11
13
14
119
5
6
120
1
13
20
22
23
1
11
12
13
15
19
14
17
18
19
18
8
31
5
99
18
124
98
16
100
17
98
18
96
2
9
13
60
15
48
9
57
59
13
60
61
63
14
7
35
12
30
19
20
23
14
32
12
16
15
23
24
5
11
10
28
11
1
10
11
405
27
412
10
404
405
12
13
26
5
13
16
22
23
477
459
458
19
453
591
588
587
1
20
23
24
19
23
408
496
497
14
16
54
17
56
615
617
7
618
619
15
408
16
17
29
372
3
7
8
9
401
11
36
14
371
387
30
363
163
4
5
155
153
23
151
27
164
175
6
8
10
177
1
154
13
21
12
15
55
20
18
20
21
22
1
173
19
21
174
173
21
156
27
28
215
23
38
1
10
11
16
18
3
44
45
47
23
5
9
18
19
2
5
9
1
11
17
18
1
16
17
18
19
16
17
20
21
1
13
59
60
12
59
13
15
23
10
11
26
12
22
17
18
121
19
20
21
99
18
19
22
76
20
21
22
14
23
130
129
17
21
125
124
123
119
121
14
17
22
23
14
19
21
22
23
24
2
16
3
4
14
15
23
1
7
10
11
12
14
11
12
13
13
16
18
59
25
26
401
294
8
402
16
17
157
158
18
1
12
123
17
19
20
2
7
11
21
6
19
20
6
5
26
49
27
7
18
25
52
7
8
9
19
20
21
2
5
6
15
1
2
3
13
1
11
12
1
628
146
57
56
22
58
9
11
1
2
15
18
19
20
26
15
17
18
14
12
10
11
12
13
14
15
16
1
13
16
17
18
44
7
9
11
12
17
3
8
16
8
1
11
9
1
2
5
7
10
9
5
6
7
11
23
24
20
18
7
1
3
11
9
2
10
208
204
22
21
20
19
4
3
12
11
9
8
7
3
76
18
14
13
12
11
5
4
3
1
3
5
11
8
1
2
3
4
2
3
4
13
14
1
6
8
10
5
5
6
7
11
16
15
14
12
13
12
10
8
7
6
13
71
17
72
15
25
24
22
21
238
233
134
1
7
8
11
12
13
14
15
7
8
9
47
51
52
17
6
50
10
58
57
240
1
25
19
18
17
16
126
18
17
16
3
98
107
71
16
44
43
72
148
143
19
18
128
151
14
129
13
23
22
19
18
1255
1254
26
154
2
26
25
24
2
15
14
9
8
6
22
21
19
17
2
24
23
22
7
19
18
1
129
27
26
25
17
26
20
18
64
28
103
112
117
118
21
16
18
15
14
13
12
4
17
119
16
3
44
17
119
16
35
14
53
52
51
49
16
14
13
12
86
8
71
93
123
20
122
121
92
22
21
20
19
378
377
18
405
404
387
55
409
408
52
23
406
18
25
17
16
366
15
12
10
9
1284
1286
5
4
1
17
10
5
30
28
27
26
23
18
6
41
94
26
25
24
22
9
7
58
5
53
17
16
10
3
5
12
11
10
7
6
5
4
14
13
11
329
10
9
8
1
4
10
502
3
3
4
12
11
8
10
11
7
4
6
7
388
8
10
33
32
6
424
3
4
12
11
37
36
29
15
14
13
1
7
23
16
21
2
24
21
20
11
537
535
527
571
22
23
1072
18
17
14
24
21
20
19
26
25
20
15
13
27
26
13
12
11
10
9
16
27
28
9
38
39
20
21
1
8
7
2
10
9
37
25
24
23
22
15
7
1
28
27
26
25
21
27
24
23
22
13
12
11
1
14
11
100
5
17
15
6
5
3
34
2
1
24
40
100
23
99
18
101
24
31
29
28
9
101
21
100
20
19
25
8
24
29
19
9
8
7
13
12
9
8
2
3
42
40
38
11
3
23
20
19
16
15
1
43
17
37
44
5
42
38
3
15
14
6
1
5
611
6
12
11
10
1
17
15
13
11
18
12
10
9
49
15
6
5
11
18
51
17
50
16
17
16
100
94
13
12
1
2
95
12
154
1
94
12
11
18
14
12
10
9
13
9
70
8
7
32
106
100
42
58
59
92
170
28
91
21
16
13
2
11
69
7
50
18
17
16
3
19
14
13
9
8
1
9
13
8
7
358
359
9
366
1
36
28
11
1
37
15
18
17
16
15
22
25
19
10
9
8
6
5
60
25
21
20
14
1
54
55
57
85
8
7
86
12
11
10
7
6
1
22
59
21
17
1
22
21
18
21
90
12
7
87
30
29
28
21
27
22
20
19
18
16
63
64
15
11
1
32
16
9
8
1
2
13
14
15
6475
6474
6507
17
18
17
5
1
18
17
13
35
19
16
14
68
1
14
13
12
29
94
84
81
80
159
15
13
12
10
9
9
6
5
6
6
5
4
6437
6435
12
11
16
128
6365
14
6363
123
127
118
15
11
10
3
2
3
14
13
7
13
10
9
8
76
6
15
10
5
75
52
23
24
28
29
5
127
2
126
25
52
9
8
6
3
27
9
142
8
6493
12
11
3
6484
13
4
22
1
19
8
8
9
27
1
4
17
7
10
20
5
9
1
9
11
13
10
28
12
88
87
4
5
6
2
23
14
33
15
37
36
6
7
37
3
4
7
18
17
15
8
9
10
2
10
20
11
1
2
10
12
50
20
7
8
11
19
352
6
359
7
8
13
13
126
15
48
18
23
1
2
3
5
7
8
19
7
8
9
15
16
54
18
7
44
9
25
27
28
29
30
346
7
8
20
21
26
29
25
5
22
8
1
18
19
126
22
3
15
16
17
18
19
2
8
9
10
11
14
15
24
57
24
25
26
57
27
31
7
22
23
56
5
6
24
25
1
4
5
6
7
9
3
8
9
21
1
4
9
12
14
8
305
9
10
13
351
4
357
46
47
4
6
304
17
19
23
25
22
18
17
2
14
15
110
19
1
84
16
18
5
6
108
109
17
4
15
20
7
106
12
13
14
44
45
86
47
4
20
24
19
13
14
1
7
31
30
8
11
5
6
65
12
14
15
83
85
12
8
54
55
6
10
13
12
19
24
82
310
309
5
8
151
21
87
78
77
71
3
9
13
14
15
9
10
12
13
14
939
1
10
15
13
14
15
22
23
10
11
247
12
16
926
919
6
10
11
247
248
249
14
15
21
24
25
26
11
13
16
17
20
21
24
24
79
8
78
77
1
4
5
10
17
4
9
1
19
20
21
8
1
18
20
1
72
68
14
64
63
2
10
11
69
13
15
17
19
11
6451
10
28
31
2
3
4
5
6
20
9
10
11
1
2
3
1
4
8
10
6
7
9
86
11
19
21
6519
6443
921
5594
5585
13
15
5583
5575
5573
9
10
11
13
10
12
14
17
4896
4
5478
5451
5448
144
145
1
141
143
161
167
168
142
143
8
160
31
12
13
15
23
5
23
43
44
24
25
26
39
22
42
12
7
58
13
14
1
75
53
52
12
8
7
76
10
9
8
1
17
16
11
8
12
10
9
3
6
7
41
35
4
55
121
48
7
3
5
58
6
7
10
77
10
9
45
44
6
13
12
126
125
4
6
7
8
9
78
79
4
5
7
13
10
11
12
17
3
4
20
21
22
23
1
2
3
4
5
1
4903
3
19
18
19
4972
114
13
14
15
18
1
4
13
14
15
16
14
15
16
17
42
44
83
84
4
7
17
1
2
17
18
4817
19
10
11
16
18
13
4819
17
18
14
4853
4852
15
21
20
19
4869
4870
5
1
2
2418
12
11
2381
13
2358
2357
13
2383
50
8
9
19
10
2482
2
3
404
22
21
13
12
2415
2417
11
10
6
12
11
10
8
6
25
24
22
17
16
14
12
1
23
22
18
25
23
405
21
20
271
341
342
16
241
242
372
345
17
10
8
7
6
5
17
11
9
8
6
5
4
23
5
6
7
9
14
8
15
16
17
7
8
39
16
37
13
12
10
23
22
20
19
24
23
21
19
18
20
14
12
23
21
19
18
17
23
22
13
12
11
10
30
28
16
101
27
20
7
18
17
10
1
20
37
36
35
14
13
11
10
7
36
18
16
15
13
2
18
122
121
12
9
8
28
19
18
15
14
10
123
122
110
10
2
24
15
13
27
26
25
24
19
31
28
22
50
49
21
540
17
18
17
10
15
25
22
467
21
20
5
19
399
410
8
578
568
22
21
19
10
189
188
184
182
599
1
19
18
435
433
16
34
20
17
17
440
24
432
431
2
23
20
38
1
23
12
11
8
24
1098
1099
15
1110
14
13
2
25
24
20
19
2
24
15
25
24
18
17
1
2
13
11
23
9
8
1
22
27
116
123
12
117
10
91
86
124
20
123
122
53
13
12
11
13
12
119
111
110
109
20
17
16
15
2
17
16
15
9
8
7
1
1069
2
11
1063
12
11
10
1062
12
1118
15
48
14
17
16
46
47
15
14
1
20
22
20
19
18
23
22
21
2
17
16
15
12
17
13
12
11
10
9
34
17
16
15
14
13
14
13
60
54
6
630
22
629
21
622
20
621
18
2
880
882
883
886
1488
887
1489
429
428
421
451
14
453
439
433
882
883
895
896
10
879
880
881
19
18
14
86
13
12
7
1
14
55
10
49
48
8
952
31
31
18
28
57
27
26
19
29
26
19
25
24
23
22
5
55
10
50
49
894
19
13
32
1
27
3
4
13
12
28
34
14
961
960
18
922
921
903
976
14
8
30
22
12
11
9
6
53
52
36
16
30
7
13
6
1
5
19
18
37
4
16
14
18
17
1
13
408
12
409
16
15
14
408
1
25
24
18
17
63
21
20
16
15
2
9
8
9
42
51
52
1
33
27
26
25
1
16
14
15
15
28
391
23
22
21
20
1
19
18
17
12
11
9
27
22
20
407
11
10
30
15
10
9
8
7
1
429
430
434
435
436
26
18
27
22
21
20
19
81
73
72
20
62
19
12
16
34
35
36
55
11
24
23
18
17
14
12
10
415
416
62
61
28
26
396
399
1
442
441
440
1
415
17
3
441
19
18
4
1
4
23
21
20
18
67
6
10
123
56
58
6
11
9
8
34
47
46
26
25
44
12
11
6
21
20
19
50
126
127
161
145
146
24
23
109
152
1
18
17
150
20
19
3
15
14
185
1
2
20
17
16
25
22
21
18
17
15
1
25
22
9
7
137
138
411
140
412
26
25
24
9
3
53
52
45
21
20
194
15
23
15
8
11
10
11
10
9
8
4
3
1
4
29
45
6
5
152
24
46
23
7
48
25
24
17
15
13
12
10
12
10
9
29
30
95
29
28
13
963
1
27
19
16
65
29
28
16
123
15
94
65
8
7
6
5
92
90
27
23
8
5
102
103
29
49
56
24
23
22
20
12
11
10
1
11
10
6
3
11
10
8
7
1
797
117
9
7
116
109
963
13
8
45
25
39
24
23
22
36
1
21
83
82
81
77
85
84
82
44
17
58
947
16
9
952
977
15
976
945
16
15
14
895
897
875
899
21
19
913
24
153
157
1
2
25
152
16
1
151
152
159
25
160
24
23
24
21
20
18
17
1
34
21
20
18
4
21
3
4
19
17
20
1
944
23
943
21
20
19
8
919
22
916
915
914
1
21
13
11
22
13
12
10
21
20
18
17
1981
139
1924
1928
1930
1931
1955
1962
9
21
17
16
15
13
11
6
1
2
47
10
8
1
34
9
6
6
8
49
8
7
21
19
1991
1990
1981
1991
19
15
1990
2319
2360
10
9
2339
2340
27
4
28
3
350
349
27
4
24
23
22
21
28
27
26
12
12
11
10
9
7
94
23
22
16
362
466
364
366
18
18
17
366
13
1
365
15
14
7
5
367
137
18
16
9
8
1
137
13
12
143
135
20
136
19
14
14
17
16
16
17
20
55
13
12
11
32
19
20
35
58
15
56
13
47
46
14
13
59
6
1
3
26
134
21
173
135
22
19
18
8
73
72
68
67
1
2
6
66
10
69
7
67
64
8
581
582
68
644
646
5
4
3
2
18
17
16
15
1
4
7
16
15
14
18
17
16
19
17
16
14
13
12
673
76
793
791
75
20
1
17
16
11
42
43
18
41
81
24
22
20
73
21
20
19
17
1
23
22
20
11
1
24
12
11
25
12
11
87
30
693
27
22
12
29
12
11
10
9
8
136
9
235
8
406
260
83
16
259
22
13
11
3
1
3
21
111
20
16
1
2
22
13
9
7
1
4
21
14
13
23
22
87
108
93
20
18
17
16
15
43
10
7
19
9
8
7
1
16
21
113
6
1
26
25
8
7
27
9
44
7
5
584
16
15
18
14
56
55
54
53
44
36
35
482
483
484
477
478
479
12
225
7
5
4
12
6
4
3
483
505
6
502
496
22
14
13
12
12
11
8
6
31
10
25
5
14
25
24
21
17
6
42
38
37
19
18
17
10
5
1
2
5
20
19
9
17
10
17
9
17
19
8
9
28
3
14
15
16
9
25
26
43
42
18
10
9
8
43
25
10
19
9
21
23
24
8
30
29
10
19
9
106
24
9
8
1
46
13
45
114
113
25
41
7
101
13
100
1
2
3
10
4
8
10
11
12
1
35
8
9
23
7
48
6
41
21
10
2370
2331
6
7
9
98
10
11
12
13
14
79
36
1
37
73
2
79
101
104
113
7
5
80
81
8
1
36
11
13
14
12
13
14
1
2
3
5
4
18
1
15
16
1
2
15
1
2
7
1
3
34
1
2
4
5
1
2
3
1
1
17
1
16
2
1
44
43
2
5
45
4
1
7
8
25
27
45
46
6
1
3
8
40
4
5
1
1
1
1
2
1
107
109
1
106
48
54
105
49
158
159
4
1
2
7
1
2
1
4
5
1
3
13
15
1
2
21
12
22
2
165
169
2
3
1
3
4
6
1
2
154
23
4
1
3
167
157
156
1
2
4
5
10
20
1
10
1
16
5
15
1
3
56
13
85
1
2
55
15
84
2
75
1
5
6
8
9
1
2
4
1
1
2
178
1
179
196
19
1
30
18
1
178
177
1
2
2
176
28
13
14
12
1
27
102
180
9
78
77
76
2
105
106
111
1
1
77
78
1
3
103
2
102
37
38
43
10
42
79
75
28
27
2
45
4
51
43
1
40
43
2
41
1
3
6
41
10
2
30
31
1
11
12
1
2
1
2
3
34
1
12
32
30
31
29
1
1
1
3
1
2
28
1
3
4
1
27
344
25
6
343
7
1
1
2
92
1
2
3
4
9
91
1
90
1
336
334
1
2
369
1
2
1
342
335
341
31
371
1
6
402
396
2
372
3
6
371
370
369
1
1
2
1
2
3
1
425
575
558
398
1
397
1
398
1
31
30
28
1
4
6
799
1
5
1
3
4
807
4
21
811
1
2
21
828
2
3
803
1
810
1
806
1
2
811
1
12
17
18
19
809
1
3
4
11
808
807
1
773
778
2
30
780
1
2
3
4
4
1
2
13
14
5
1
3
4
11
2
6
8
10
1
3
4
37
38
1
3
4
37
2
27
1
28
26
1
7
51
750
780
1
845
1
3
4
846
672
859
25
821
769
175
184
187
1
7
8
9
1
5
7
1
112
116
111
112
1
17
1
4
33
1
2
111
1
112
15
16
111
106
97
3
4
5
2
7
19
110
300
1
1
2
1
2
1
354
84
2
82
6
1
85
86
88
89
1
84
88
82
83
1
1
2
4
5
1
2
3
1
2
1
183
1
5
1
2
3
4
8
7
8
9
1
3
25
104
137
5
6
1
2
22
18
1
2
3
19
25
27
8
1
127
6
7
1
128
129
109
129
127
164
1
2
17
1
32
2
26
14
16
37
1
1
143
142
143
144
145
1
1
1
1
1
2
239
83
59
58
1
4
5
6
60
1
179
2
175
240
181
1
3
4
17
1
4
5
16
17
18
2
3
65
1
2
70
69
66
1
12
73
1
30
4
5
1
3
13
74
2
3
5
1
34
5
6
3
33
4
10
1
2
1
31
30
6
1
16
2
10
12
15
1
8
9
10
98
1
7
8
1
5
6
61
90
29
87
80
27
25
100
60
1
99
90
3
98
1
19
2
88
724
725
726
18
636
93
1
4
730
729
1
30
6
5
39
31
1
17
669
18
1
15
3
1
2
16
1
2
17
266
265
1
2
4
19
10
264
1
262
263
1
6
7
126
6
29
1
2
3
1
2
115
1
2
120
115
117
118
119
1
2
4
3
1
2
13
1
2
11
12
1
2
1
4
6
2
3
1
85
1
12
84
1
21
22
73
85
1
2
84
1
20
1
85
92
1
92
3
95
4
84
83
91
6
2
90
89
9
1
6
7
28
92
5
11
1
2
1
91
384
96
2
485
20
486
18
14
95
94
1
3
4
16
1
206
205
207
205
204
3
15
1
2
35
36
1
209
1
1
1
1
27
1
1
3
8
1
2
3
4
5
7
1
25
2
26
1
1
2
4
1
2
3
1
32
81
76
1
1
2
5
18
17
18
3
481
15
16
1
11
1
78
2
5
77
76
1
3
2
1
33
31
2
4
30
1
34
2
33
32
1
2
33
1
2
1
34
1
432
1
431
430
432
127
467
35
1
466
1
432
36
1
3
428
467
465
1
35
1
2
1
1
2
36
1
38
35
34
2
4
1
3
4
430
2
431
1
43
1
16
41
42
1
434
8
1
435
1
436
4
437
1
2
3
116
115
1
20
1
1
1
4
1
2
3
32
31
6
1
2
3
1
1
1
1
10
17
19
1
9
1
88
3
7
8
111
1
89
88
112
91
3
4
5
89
88
22
1
44
91
22
1
6
1
23
4
5
25
24
1
25
27
1
2
26
1
2
1
105
94
106
1
107
11
1
2
6
8
106
1
1
4
1
3
9
1
2
1
16
23
2
15
1
14
13
98
1
110
108
111
112
113
2
1
3
4
8
110
1
2
96
1
1
2
1
2
4
1
12
13
1
2
11
1
117
22
2
3
4
118
139
1
4
3
1
3
4
5
8
13
1
2
12
11
1
1
2
1
3
4
19
20
21
9
1
3
118
1
12
13
149
10
11
2
159
1
2
1
2
1
78
3
77
7
1
75
2
16
5
70
77
76
25
24
23
17
1
5
52
1
1
1
2
47
1
48
1
3
4
47
2
1
25
7
1
3
1
2
1
1
1
4
5
2
3
18
3
1
2
3
5
1
1
2
1
2
14
15
400
1
386
14
1
2
75
1
77
1
3
78
1
2
12
13
1
2
3
4
11
1
377
1
341
3
376
1
340
5
7
339
347
348
4
338
8
372
391
3
4
7
19
372
2
373
374
1
1
1
3
1
2
4
5
1
2
3
12
13
12
1
2
8
10
1
6
1
2
4
5
1
2
3
128
127
15
1
133
120
1
50
2
3
5
130
13
12
11
18
1
164
10
1
8
1
1
45
46
1
1
345
344
1
6
71
1
4
63
5
75
6
8
9
1
71
3
72
73
2
74
23
71
75
8
52
7
1
51
52
38
3
72
49
50
6
4
66
1
1
16
15
14
1
10
488
487
8
2
9
1
2
3
1
4
6
68
233
69
3
1
2
6
302
1
234
4
1
12
16
36
1
2
10
11
1
8
9
296
297
1
1
2
4
1
2
1
2
1
350
1
295
349
1
53
2
3
54
2
55
1
1
2
1
6
5
1
1
3
4
1
2
1
51
48
52
1
3
6
1
2
5
1
2
16
18
57
10
14
1
2
22
47
1
15
21
58
56
54
14
1
2
1
4
1
2
86
3
1
84
85
4
111
5
4
67
68
1
17
18
19
23
27
1
83
16
1
2
84
14
15
1
3
13
86
1
2
87
1
2
1
173
2
3
2
10
1
167
2
171
168
1
2
3
1
6
7
8
1
172
6
169
171
2
169
1
170
646
1
2
6
169
652
3
166
1
4
5
1
6
5
1
649
637
444
441
17
7
1
5
12
650
1
2
3
4
649
1
1
5
6
1
2
4
8
1
2
3
1088
47
102
6
1
2
3
1
1
1081
1082
1084
1081
1082
1083
1
4
3
2
1
3
4
1
2
6
7
1
4
1
21
11
10
2998
1
37
23
22
2959
2960
2961
1
1
1143
4
1843
1142
2
3
4
1140
1
5
55
2
4
1
1
2
1
2
4
1847
15
1848
1
1842
1843
1920
3
1830
1842
1
60
1
108
107
1
60
61
59
63
1
4
5
2
4
1
7
8
2
4
6
1
2
80
97
100
5
79
1
2
78
1
2
20
1
79
1
78
1
4
1917
3
17
18
1
3
4
11
1
14
13
14
7
8
36
1
2
7
17
16
1650
17
3
1
2
11
10
11
12
13
1
42
41
9
24
1
43
45
1
2
3
1
3
46
6
1
2
1
11
42
1
40
43
1
3
92
1
2
1
69
1
119
4
1
2
3
4
110
1
99
6
93
7
2
4
101
100
1
2
1
2
1
106
105
1
2
4
5
1
1
2
1
4
6
1
3
5
150
1
2
1
2
1
99
1
2
1
111
112
115
1
360
1
13
1
6
11
12
2
5
7
144
145
3
1
142
141
1
2
3
4
5
114
2
95
116
1
5
1
4
1
2
3
1
1
2
1
56
57
63
595
651
8
400
1
2
6
344
346
1
2
1
1
2
1
2
52
1
1
4
5
51
1
2
1
52
2
33
32
39
1
1
1
8
50
657
1
6
7
9
658
1
660
693
694
1
659
34
24
1
2
3
12
11
10
34
1
6
13
35
7
34
28
1
5
6
3
4
58
1
2
70
71
1
2
4
5
6
1
1
2
2
3
1
1699
6
1
3
1700
25
1
2
8
9
27
1
2
6
7
1
1
2
3
4
1
1
23
1
1784
24
1
1785
1
1781
1786
33
32
1
3
11
1
71
72
5
3
4
7
1
2
14
1
2
3
17
1
16
10
80
1
1
81
8
80
1
2
4
7
79
20
1
12
106
57
59
1
2
11
1
3
2
3
1
3
4
7
36
1
6
1
1739
1740
1707
1
33
19
20
2
3
30
32
1
17
9
10
1
5
6
9
1
4
8
3
94
3
1
10
4
1
94
3
11
95
93
2
79
2
1
14
2
3
2
80
19
15
15
14
1
274
13
14
5
273
7
8
12
82
80
266
13
12
2
1
15
1
1
2
186
1
241
1
2
3
1
11
12
11
1
2
3
4
1
1709
2
6
1708
1703
1
4
3
4
1
1706
1670
1671
2
5
1705
1
36
38
37
1
1
1666
1
1
1
269
1667
1
1843
3
4
1842
1843
1841
1
1831
9
28
10
1
7
1
3
6
1
2
1
11
12
2
3
10
1
5
8
9
2
8
44
1
3
6
7
43
37
2
19
20
1
2
18
17
1
11
13
1
2
40
1873
3
1
38
1832
1833
1
2
3
4
5
1
2
6
7
5
1
1
2946
2945
1
5
1
94
13
12
14
3
4
5
82
92
1
2
1
2
1
1
94
68
2903
2902
92
93
77
1
16
26
17
2971
2962
48
1
8
9
49
55
56
47
1
2
1
1
52
4
46
45
44
1
3
21
46
1
2
18
20
1
50
49
51
1
3
1
2
6
7
6
2949
2950
1
4
1
9
1
1
1
2
1
156
131
2943
1
155
2
3
148
152
153
1
4
142
147
1
3
146
1
2
1
2
138
14
18
1
124
123
3
4
5
1
2
4
1
9
304
126
19
1
2
8
5
6
7
17
1
18
1
68
1
67
25
66
41
1
40
57
4
1
1
1
2
1
1
4
5
1
2
3
294
295
16
1
19
18
291
283
20
19
1
2
8
290
1
287
285
1
3
4
291
321
2
3
30
31
10
1
320
3
319
321
16
3
41
322
323
305
1
322
49
1
2
269
1
54
55
5
268
264
25
274
53
3
4
1
21
50
20
108
107
1
1
55
3
58
1
1
4
1
2
3
57
1
58
71
1
13
1
12
26
25
1
28
27
2812
25
30
31
10
11
1
6
14
1
2
4
6
3
4
5
2
4
29
1
43
42
20
4
13
1
3
99
1
102
71
1
31
30
68
69
70
1
38
239
1
36
18
238
35
1
31
3
19
34
2
1
36
32
26
25
17
34
1
36
2
33
1
2
52
53
23
22
49
34
33
1
21
24
22
3
2403
2
29
4
25
3
5
2441
1
26
2
5
28
2
3
1
2
396
1
2052
2316
1
250
254
1
249
248
249
1
2
247
4
1
249
251
1
2
3
1
2
1
2
8
1
1
3
6
1
2
13
1
9
11
12
32
10
1
2
4
43
8
2
3
2348
6
2350
2351
2349
47
1
2
24
1
2303
2352
17
2302
48
49
8
51
1
47
46
43
40
2350
2335
1
12
14
15
2396
2400
113
8
11
12
1
3
4
18
2304
2283
1
2
17
1
2
96
3
16
1
98
1
4
99
2
3
97
8
1
106
107
105
1
2
44
1
4
6
43
2
41
40
45
43
1
44
38
1
5
6
2
4
1
2
4
1
42
3
1
43
303
1
2
256
3
4
1
45
1
7
44
1
4
6
1
3
1
6
1
2
5
1
42
2
3
4
1
2
1
1
2
1
40
1
89
38
88
1
123
30
119
124
123
121
1
1
1
46
2
127
45
1
82
2
6
2
129
1
2
18
1
1
371
17
1
3
370
1
2
32
1
2
5
367
1
2
4
8
7
8
365
1
29
2
363
6
28
347
2
362
6
7
8
1
2
3
6
5
1
4
124
126
1
4
7
275
4
5
6
5
2322
1
2323
2324
1
1
294
2302
1
2
3
1
1
36
17
18
1
2
15
1
3
4
5
9
2
13
15
16
206
25
24
1
7
14
6
13
1
4
345
1
360
1
2
21
7
8
19
3
5
18
1
17
16
19
39
8
18
2
3
20
1
183
20
2
1
2
3
1
174
190
1
15
16
17
1
3
16
1
2
10
15
1
2
3
8
9
1
4
163
1
101
103
102
1
86
87
1
103
85
2
102
24
84
1
41
23
100
40
22
99
1
3
7
8
1
2
5
6
1
3
4
7
63
1
2
29
17
36
1
8
16
4
74
1
67
75
76
3
7
1
92
75
167
1
16
1
2
3
4
1
12
14
1
7
9
11
1
72
77
6
7
70
1
2
71
1
4
5
1
17
8
1
5
1
2
3
70
1
75
74
73
72
71
1
76
72
78
77
259
1
200
199
182
181
1
200
11
201
1
20
1
2
19
16
17
40
2
24
23
1
3
4
17
7
10
1
2
6
3
544
396
5
6
7
1
400
2
21
49
48
405
401
1
2
1
2
1
2
31
1
356
355
1
358
3
4
357
1
356
355
357
1
357
358
1
1
354
357
356
355
402
1
401
399
1
2
1
2
148
550
1
546
548
2
7
543
542
2
3
1
2
4
5
1
10
1
2
549
499
1
551
549
1
1052
1048
1051
2
24
491
1
15
16
1
13
14
497
498
1049
1048
1
1
1
77
1760
1125
635
2
3
7
8
637
644
8
1
635
634
633
721
8
636
6
7
640
642
86
1
4
1
3
1
2
1
2
726
1
1
5
642
88
2
1
90
60
89
101
29
40
52
41
1
11
5
10
3
636
1
1
3
5
1
1
2
92
1
91
35
34
33
1
57
92
93
53
55
56
40
1
5
1
3
4
2
1
2
4
1
2
1
1
32
695
31
677
726
1
2
4
18
725
3
6
7
8
1
2
10
11
16
1
2
8
9
1
3
1
2
3
5
6
4
204
178
5
1
1
2
200
199
197
198
199
200
1
520
2
519
518
516
515
1
28
2
26
27
26
30
33
34
1
2
1
3
1
1
1
1
2
212
1
1
2
3
1
2
18
1
16
1
2
3
1
38
1
1
1
9
10
1
8
1
1
108
84
1
2
3
25
87
1
24
88
2
1
4
1
2
3
22
1
222
20
21
1
16
19
1
2
91
13
15
1
11
12
93
10
33
1
1
1
4
5
1
3
1
2
8
5
7
9
1
5
6
838
2
1
834
1
2
54
4
1
4
5
7
8
50
52
1
2
10
1
2
6
1
2
3
4
58
1
1
1
2
1
246
247
3
201
204
8
250
1
2
3
194
1
6
1
4
5
1
44
1
2
5
1
3
4
1
2
1
8
1
7
1
3
5
1
808
2
807
800
1000
1
2
1
3
5
2
1
1
217
211
218
201
200
1
2
6
17
1
3
4
5
9
1
3
13
14
15
1
2
7
8
13
1
6
242
1
1
1
3
4
5
220
1
24
19
17
18
19
1
35
36
1
8
34
7
1
2
3
4
1
1
2
4
17
1
14
2
1
14
15
1
3
4
5
6
13
12
2
13
14
1
2
45
20
1535
1
28
29
30
2
43
1
2
14
27
25
52
12
13
1
2
5
8
1
2
1
2
3
1
66
77
1
2
10
65
1
2
3
6
5
6
7
8
1
3
4
1
1
1
1
1
2
3
44
1
54
55
43
48
52
1
9
10
1
91
1
3
4
1
2
1
1
47
51
48
1
319
3
4
15
1
9
1
2
11
1
2
3
5
6
1
5
9
1
1
2
1
10
11
7
9
1
2
4
1
1
307
2
306
317
305
5
11
2
3
4
12
5
7
1
4
2
3
1
6
1
2
4
5
1
2
1
21
7
2
362
363
1
2
20
365
1
1
362
363
45
1
17
18
1
3
43
2
11
13
2
3
4
39
1
2
1
2
3
1
1
43
41
2
1
2
5
1
2
3
1
25
1
26
27
1
1559
1555
1
2
3
4
1
1587
1580
1
2
2
7
1
2
1
2
5
1
15
1
2
35
4
12
11
1581
2
1
1580
1579
1
1581
2
1
38
1
1583
39
42
47
1
4
6
7
9
1
20
2
6
40
5
41
18
16
18
23
60
56
1
2
3
2
1
4
5
37
39
3
1
32
1
2
4
5
1
19
1
2
9
18
7
8
17
18
19
1
7
1
4
5
1
2
3
19
18
88
1
3
17
1
2
9
11
1
7
1
3
5
6
35
2
34
14
1
2
10
18
1
15
33
2
7
14
5
73
6
1
3
2
2
1
1
4
14
1
2
3
13
1
4
1978
1
1
79
89
1
7
6
1
2
1
3
7
8
9
2
1
87
347
348
88
4
1
3
4
27
346
347
344
1
21
35
36
37
50
25
1
20
24
440
441
1533
1
14
1
1974
1532
1531
1972
1967
1966
1
12
13
441
10
11
403
1
3
5
39
1539
1541
402
1571
1572
1578
1
2
8
9
1973
1
2
6
7
1
2
1
4
7
8
1
5
1
3
1
2
1
2
1947
1964
1
1945
1
2
17
1
16
18
14
4
17
18
1
2
1
5
6
7
1
2
4
17
1
18
2
60
1
3
6
7
13
2
1
2
1
2
4
2
1581
1584
1585
43
44
46
47
2
3
1
3
1581
8
1
2
1584
1
1565
1541
1585
7
19
1584
3
1589
4
20
1
3
1
3
1
21
5
1
22
1609
23
1
2
3
2
181
183
1
2
49
48
184
1
6
2472
232
2471
2454
5
2704
2705
2706
1
2707
2708
1
1
2
1087
2706
17
1619
12
1
2
1
1618
1620
1
2
3
7
8
10
12
1619
1610
1586
1
1
1
5
12
1
3
4
10
2
7
8
9
1
5
44
43
5
1
2
1
1
1099
1050
2
1
8
49
1
2
1048
4
5
1050
1049
1
1
6
4
5
1
2
13
15
1
2
7
12
1
4
5
1
2
1
89
64
11
87
3
1
2
12
26
4
24
1
20
11
25
1
4
1
3
1
24
1
3
23
1
24
31
1
2
3
7
1
1
1
4
1
3
5
1
15
3
14
13
12
1
16
1
1
11
15
1
12
14
4
5
15
1
8
9
4
5
7
170
145
3
1
2
19
1
2
14
18
1
169
1
2
168
12
1
7
1
2
1
3
1
61
6
1
62
1
2
64
1
1
160
98
62
1
2
1
2
5
1
10
2
9
1
6
141
7
142
6
134
7
1
2
1
4
1
6
1103
1064
147
1
1137
3
1
4
5
8
1
3
992
22
23
1140
1
2
971
970
1
11
13
981
972
1
1
2
3
1
7
8
1
6
141
1
67
3
64
62
61
100
35
1
69
27
40
2
7
8
46
6
68
65
1
2
5
1
2
1
3
994
35
1000
5
1
2
1
2
1
3
919
1035
1034
1
12
8
7
6
1
2
9
1
2
3
4
21
12
11
36
1
62
1
1
59
47
46
26
25
47
48
4
5
6
7
13
8
1
2
3
9
175
14
1
6
7
8
9
1
5
3
4
17
1
13
12
1
1
2
1
2
3
4
1
3
4
1
1
3
4
6
42
1
2
1
2
1
2
1
249
250
70
72
73
69
36
38
2
1
184
180
1
2
5
2
1
1
3
4
1
2
72
1
2
9
10
213
1
2
24
43
1
21
22
23
1
20
94
1
56
3
13
96
69
57
1
2
27
1
4
7
25
3
24
22
5
12
2
19
20
8
9
11
14
19
2
3
4
18
1
205
4
2
204
1
202
203
1
150
201
151
148
149
1
1
2
352
1
2
1
351
1
4
1
24
2
3
25
373
26
399
3
1
397
396
5
6
7
8
1
3
4
8
2
1
8
5
7
1
4
1
38
43
3
1
35
37
1
2
1
5
1
7
1
6
8
12
11
2
3
1
3
1
2
1
3
4
2
1
24
25
1
2
3
36
27
1
1
71
70
43
42
4
1
33
1
12
13
14
1
2
7
8
11
1
1
2
6
1
2
666
673
1
3
4
12
664
1
5
1
4
1
2
19
1
17
18
1
3
1
2
6
5
7
55
1
2
54
53
56
1
10
56
8
655
1
669
64
654
14
1
1
3
4
2
1
2
1
650
651
1
1
4
7
650
1
3
651
662
11
1
2
1
3
1
2
1
3
1
2
19
42
64
76
23
22
10
12
15
16
5
17
1
18
1
2
3
4
10
608
3
4
1
2
7
15
31
1
4
5
6
9
10
11
609
3
8
9
611
612
1
6
7
1
2
607
1
606
605
1
1
5
1
2
4
1
1
2
27
602
1
2
37
1
1
39
7
3
4
5
9
10
1
11
8
1
4
5
6
1
3
19
15
1
2
605
21
1
22
605
1
606
604
28
34
1
4
35
1
630
631
632
629
1
1
6
67
1
3
8
68
4
84
89
90
75
94
2
6
15
64
1
2
4
26
25
5
1
4
1
2
1
1
3
1
2
13
1
217
14
31
1
218
30
42
1
177
43
6
19
196
396
3
198
203
42
41
38
30
1
8
6
10
9
8
1
76
9
79
77
1
2
80
81
1
80
2
13
13
1
4
5
1
3
37
23
78
1
2
18
22
1
2
16
17
1
5
6
8
14
15
2
3
4
16
17
1
2
1
1
4
3
1
2
3
6
7
8
1
2
22
23
1
3
1
2
6
22
1
5
1
3
4
1
2
1
1
4
1
16
2
3
1
3
8
9
10
12
15
14
115
114
110
1
1
2
15
1
3
4
17
18
17
1
2
3
22
1
1
113
1
3
5
1
2
163
112
25
51
18
14
13
12
11
10
189
188
1
37
36
1
5
8
13
1
2
4
1
2
1
2
1
2
1
2
3
1
5
7
1
2
3
1
22
21
1
1
2
1
6
26
11
5
5
27
29
33
1
32
14
15
16
48
1
3
7
14
2
4
6
2
22
2
18
19
20
2
7
16
2
4
13
14
2
6
7
11
1
2
3
4
1
1
1
1
179
15
3
5
5
19
1
1
12
11
2
1
5
22
11
2
5
6
8
3
1
17
1
16
1
13
14
15
1
2
12
1
4
5
1
3
1
2
207
1
3
4
208
1
2
16
1
38
5
1
4
5
15
20
22
1
3
19
1
2
17
18
1
2
16
15
227
3
1
20
17
1
3
212
1
2
1
213
212
2
1
211
210
1
5
8
230
1
1
2
3
1
3
25
1
2
222
1
221
200
1
199
3
4
399
200
211
10
11
1
5
1
423
406
403
424
391
1
2
1
31
33
12
17
1
11
12
2
4
16
28
392
1
2
1
391
392
1
1
3
393
1
2
1
3
4
10
11
2
2
8
1
3
4
5
1
1
2
1
2
33
397
1
89
398
99
1
2
309
1
279
9
35
30
1
5
1
4
1
2
275
3
1
277
278
1
279
8
278
2
4
11
277
10
13
264
34
1
2
8
9
11
1
2
7
1
2
1
3
2
97
24
1
121
5
6
120
1
4
23
116
121
3
4
2
3
10
12
16
1
2
5
9
1
8
27
1
1
28
3
27
1
2
1
1
4
5
4
1
2
230
1
4
5
229
24
3
1
12
1
11
3
4
1
2
1
1
2
4
1
5
6
1
2
116
134
1
209
115
1
71
15
1
7
9
12
135
6
75
11
1
2
4
1
1
2
1
2
3
4
1
2
83
82
4
3
1
85
1
11
7
86
43
1
2
86
94
1
77
14
1
11
12
13
14
11
32
33
1
4
5
32
31
3
1
36
37
3
8
1
2
4
5
17
1
4
17
23
24
45
15
16
5
13
14
1
2
4
1
2
4
1
2
9
8
5
6
7
1
72
80
4
63
68
71
1
3
5
1
2
1
1
2
1
3
1
5
2
3
4
7
8
1
3
5
1
4
3
1
2
3
1
203
204
2
201
202
1
3
4
5
1
2
1
5
202
1
4
1
3
1
7
615
1
2
284
207
1
4
286
1
3
77
1
287
173
172
1
76
77
1
174
175
1
459
1
2
1
13
176
460
11
12
459
463
2
3
1
1
625
622
626
1
2
1
3
4
5
6
623
3
4
1
1
1
1
4
5
1
3
1
2
1
4
5
1
4
1
3
2
1
2
73
4
5
10
9
2
3
4
1
2
3
70
69
1
163
73
1
236
237
1
1
4
5
237
238
1
2
6
1
4
237
2
3
1
5
6
238
239
1
4
3
1
232
14
1172
1171
1169
1
1148
1147
218
1
8
24
1
2
7
1
29
1171
32
6
1170
3
24
23
1
1141
1139
1153
1154
1
2
3
5
23
12
1
2
1
5
27
1
2
4
1
2
3
1
18
1
3
35
32
20
2
2
3
1
13
4
5
6
12
1
2
3
1
1
1
1
4
79
53
1
3
6
52
7
48
47
1
2
59
1
52
57
58
75
1
3
5
1
14
33
13
1
2
1
3
59
60
24
61
1
55
1
2
220
234
235
1
2
31
4
219
1
36
34
33
37
21
1
2
60
58
1
2
22
1
1
2
6
1
278
35
2
277
285
2
3
4
276
4
6
7
8
215
33
277
278
280
1
2
3
1
25
32
1
3
28
22
58
1
4
26
3
1
2
30
29
1
2
4
19
1
2
14
1
35
15
12
13
14
15
14
15
20
1
2
3
283
1
1
2
3
953
6
8
1
875
952
1
5
6
89
11
12
13
4
5
1
1
1
2
3
5
1
5
3
4
2
1146
1
2
33
1123
1144
1145
1
1144
35
1156
1
21
4
5
1
2
1
1
5
1
2
1
79
78
91
1
5
73
13
78
4
1
78
79
2
77
1
21
947
1
77
20
3
4
16
19
20
1
7
78
1
1
2
36
35
12
1
34
2
4
84
105
3
85
2
86
87
1
102
1
103
104
35
90
85
79
1
2
54
1
55
2
1
57
3
5
224
56
54
280
274
1173
1184
1182
1
2
5
6
1
3
4
2
1
2
3
4
5
7
1
6
1
899
1
14
15
1
2
13
5
11
12
1
1
2
1
1
5
6
1
3
4
11
1
2
10
1
901
29
9
1
6
7
902
1
2
5
1
1
2
3
916
1
917
3
4
915
1
4
11
1
914
2
1
1
5
7
9
1
916
8
1
13
1
11
12
2
1
24
43
6
7
2
23
909
908
1
872
21
1
19
1
2
4
16
18
1
15
1
2
111
110
844
1
39
2
5
956
845
38
37
1
2
3
5
4
1
2
3
1
961
4
6
7
1
2
1
5
1
2
1
1
20
1
19
28
27
93
1
5
85
8
9
3
4
7
1
2
1
4
31
6
4
1
20
3
92
90
19
20
2
36
17
18
19
23
112
19
18
20
2
1
2
6
7
18
1
9
1
2
4
8
1
7
1
2
1
96
1
2
97
25
1
24
19
99
1
3
5
1
2
37
1
2
38
1
2
1
2
1
6
1
4
1
3
1
2
5
1
3
53
1
2
4
5
55
52
2
1
1
2
13
19
1
12
1
49
50
7
33
48
32
1
80
81
1
2
3
4
1
1
4
9
1
3
4
1
3
2
1
5
1
2
3
1
5
6
1
3
2
194
188
187
1
2
5
1
188
1881
2
1
2
11
9
1
2
3
1
18
13
3
4
20
19
1
191
192
155
84
1
1
42
24
1
3
4
3
2
18
1
2
9
6
5
4
1
1
3
5
2
71
73
2
2
74
75
72
2
74
1
2
1
2
1
2
7
73
1
2
3
5
1
1
1
2
3
4
27
26
40
1
4
5
9
1
36
2
66
1
39
40
39
47
14
1
2
3
1
11
9
8
1
3
1
2
277
4
266
383
20
16
280
11
78
357
28
3
3
279
1
9
278
269
7
8
9
1
3
6
7
79
1
2
80
93
13
1
2
3
1
6
7
9
1
3
7
8
1
2
4
1
135
1
2
4
1
1
2
9
1
8
2
1
2
1
3
1
1
106
80
1
5
6
3
23
4
5
7
8
1
235
2
234
233
1
1
2
7
25
27
1
2
23
9
1
2
26
1
1
4
1
1
2
1
3
32
1
1
209
1
2
1
6
1
2
1
119
2
3
40
41
22
1
2
18
1
44
1
2
43
1
42
41
32
41
1
1
40
1
1
2
1
2
3
1
1
61
1
2
3
4
2
1
2
3
1
2
16
1
18
2
18
15
14
52
1
1
2
53
1
53
7
8
9
51
52
1
20
51
50
46
21
1
4
5
3
12
1
2
554
9
10
12
1
2
8
1
1
1
3
11
1
2
9
2
8
7
8
1
2
3
564
1
25
9
26
8
536
55
3
20
21
1
2
3
23
24
2
561
1
20
21
562
1
3
19
2
2
20
561
623
22
1
2
4
5
63
62
1
2
3
8
16
1
16
14
15
1
5
4
69
68
121
3
4
125
1
123
4
122
3
5
1
5
74
75
2
4
1
8
1
2
7
1
3
6
1
2
69
47
7
9
98
103
114
115
1
68
1
5
48
42
1
3
4
1
2
1
1
34
1
6
1
16
17
15
1
7
58
10
1
9
8
11
1
2
3
89
1
88
5
1
52
54
51
2
6
48
1
2
18
24
23
37
1
11
16
1
54
10
55
5
8
9
1
57
63
55
56
54
416
434
6
17
18
471
1
2
1
2
470
6
5
6
10
472
466
1
465
3
4
1
6
1
5
1
3
4
1
2
1
34
32
1
2
1
1
2
5
573
1
3
1
2
1
4
1
2
3
1
1
2
1
1
3
4
40
1
2
3
6
1
1
36
1
2
1
2
1
3
4
3
35
3
210
209
206
1
2
190
212
1
2
3
4
5
4
43
2
3
24
1
5
23
207
1
2
1
118
2
4
117
116
1
3
119
5
6
2
1
4
5
12
3
11
1
929
1
114
928
115
1
2
4
1005
1
2
4
3
4
7
1001
1
2
1000
1
9
1
8
2
3
7
1
2
3
5
1
4
5
1
39
38
2
1
39
40
11
12
1
2
38
9
10
1
2
3
8
1158
1
1
2
1
1
1117
1
1116
1115
2
1
1116
1117
1109
1
1106
1104
1157
1110
1
2
3
1109
1
38
39
1
2
37
1
2
1
35
53
1
55
53
54
1
2
5
1
52
7
12
10
11
1
57
58
59
2
1
9
201
1
7
198
231
202
2
8
6
1
1
1
1
1
1
3
4
5
6
1
2
5
6
7
429
1
1
428
1
5
1
4
5
2
4
1
115
2
114
1
5
6
112
115
4
1
2
8
8
28
30
6
23
2
17
113
111
1
2
3
49
8
7
8
11
12
25
1
43
44
47
24
1
3
4
25
1
2
24
1
98
25
1
3
12
13
94
2
6
93
18
92
89
88
40
111
1
6
8
15
16
17
2
4
5
124
1
1
2
1
4
5
1
3
2
23
3
5
1
7
1
1
1
2
1
2
3
27
1
3
4
25
2
22
24
1
4
7
1
19
6
20
1
2
1
1
21
25
4
9
1
8
4
5
7
2587
1
1
129
2588
5
4
2459
1
3
2458
2459
2464
2465
2455
9
1
4
7
1
3
6
1
1
4
5
1
1
1
2
1
2596
33
105
32
1
2
72
1
4
33
35
1
2
3
1
3
107
1
1
110
111
1
2
3
112
75
1
39
37
1
40
41
1
2
1
3
1
1
2
6
7
1
2
5
1
2
3
1
1
1
1
68
1
5
67
1
1
1
2
1
2
1
14
412
1
13
1
2
3
1
62
3
1
426
428
425
426
427
6
11
12
413
1
5
9
65
420
8
2
5
26
25
1
1
2
1
59
1
34
1
2
106
32
3
130
1
2
113
107
131
1
2
132
130
1
2
1
2
14
130
1
12
14
116
1
2
115
1
5
1
4
3
11
1
8
9
1
70
72
2
74
1
1
360
4
12
1
2
3
186
10
11
372
180
4
1
8
9
1
2
7
1
1
5
4
1
2
1
1
197
4
5
196
4
197
1
1
1
27
133
134
1
12
193
1
192
133
1
5
13
1
4
14
1
2
3
19
15
1
21
20
50
49
1
48
22
1
14
15
1
5
6
13
49
1
5
3
4
1
2
1
9
1
8
5
6
7
424
423
426
1
2
1
1
4
3
1
1
31
2434
11
2394
32
11
26
2380
4
6
7
8
2
29
36
35
26
27
1
2
1
8
4888
1
7
8
1
1
3
1
2
43
44
1
2
4
5
6
81
1
37
1
1
2
17
80
1
2
1
7
8
14
15
1
5
6
1
2
3
2406
1
2405
1
1
3
4
1
2
1
84
1
32
35
2
1
3
33
14
2
3
35
47
5
82
1
3
4
32
1
2
21
11
11
1
3
1
88
86
2
82
87
1
2
5
50
53
54
6
1
2
4
1
2
1
47
63
45
46
1
4
5
1
4
16
14
15
1
47
3
4
1
2
1
3
1
3
84
1
2
10
15
1
8
9
1
87
88
148
51
1
2
199
1
31
12
13
230
1
275
11
262
12
47
1
2
32
11
1
30
9
10
34
33
31
231
1
229
6
8
1
2
1
235
3
3
19
39
1
2
4
227
1
14
16
1
2
1
6
7
5
1
2
1
3
1
2
36
1
37
38
1
2
3
1
2
3
4
1
38
1
4817
40
39
4777
4775
2
31
1
2
4777
1
243
2
4776
1
2
5020
6
4777
1
19
29
1
4
18
1
3
16
17
1
2
10
15
5025
1
38
5013
7
9
5026
245
5
7
12
240
1
1
2
16
1
14
15
3
4
13
2
2
4
5
1
3
2
50
82
70
32
49
50
18
19
20
21
1
17
81
78
76
16
1
4975
4961
31
81
14
80
81
2
4894
4906
1
83
93
3
2
4895
11
12
4892
4894
4891
2
150
12
4892
5041
5474
4891
4890
4889
583
606
1
26
27
2
4
23
1
8
1
2
1
3
620
1
2
629
27
1
611
1
2
3
4
41
5
1
90
2
92
1
49
45
31
1
4
17
18
1
3
16
1
2
14
1
50
46
47
49
1
1
2
1
581
628
29
1
2
100
3
1
46
1
2
134
3
4
3
103
10
22
5
28
29
44
136
1
137
3
136
101
28
27
2
1
35
134
1
38
172
136
2
129
36
1
4
37
134
1
2
3
35
1
36
1
2
1
1
3
4
1
1
1
2
5
6
1
5
1
20
1
3
1
2
1
5
13
1
3
4
2
6
1
7
8
280
6
7
179
178
1
1
9
17
1
8
1
7
1
5
6
449
450
1
2
4
448
1
773
18
447
1
2
774
1
3
1
2
1
1
36
41
862
10
40
1
8
34
1
3
6
7
1
2
3
5
1
17
1
15
16
2
2
5
18
1
2
17
1
1
28
29
1
1
3
4
27
2
23
1
1
3
5
30
1
1062
1049
9
23
1064
1063
1
2
21
5
7
1
2
6
23
27
26
1
1
1
27
26
26
886
874
30
912
1
911
2
1
3
5
9
10
11
12
912
1
881
2
877
911
1
2
1041
1
2
160
1043
1
12
13
157
2
24
11
883
156
155
4
157
159
160
2
21
22
1
154
19
21
24
20
135
30
86
1
27
28
29
1
27
34
32
26
1
2
1
2
10
5
28
27
58
1
2
4
13
12
1
2
3
15
14
15
15
1
7
9
12
13
1
2
6
1
1
3
4
904
1
2
903
1
2
4
5
83
1
2
1
3
4
78
79
791
1
790
429
1
2
1
1
31
30
1
3
2
34
33
73
72
22
23
26
108
1
95
36
1
2
12
1
2
3
4
1
18
21
26
28
1
17
1
2
14
15
16
19
10
9
1
4
13
27
3
1
14
3
13
1
3
4
1
11
10
1205
1
1204
1
1203
18
1
1204
1202
1
1
2
1
1203
1205
2
1
1
5
1
4
2
3
1
10
1
5
9
4
273
1
1
1
59
5
1
4
1
2
4
5
64
65
1
64
1
2
1
5
1
1
2
1
4
5
22
21
1
1
17
32
1
4
5
16
19
22
2
3
5
15
1
5
6
7
14
3
46
4
13
1
2
15
17
1
80
1
3
1
2
1
56
49
1
4
6
7
1
2
1
1
2
1
1
50
53
1
2
3
1
1
2
6
1
1
4
1
3
601
1
2
16
600
1
15
3
9
2
5
6
8
9
3
6
2
21
4
5
23
2
3
1
2
28
1
1226
1
2
8
9
1
7
1857
4
51
1806
1
584
620
36
1
2
3
1
64
2
1
1790
10
11
66
67
10
1
66
62
4
1
3
1
2
8
23
7
1
1798
1797
3
42
2
16
1
42
2
5
6
41
5
1
2
6
1800
1801
1
1
1
2
1
2
3
1
9
1
28
3
8
29
1
30
31
29
1
2
3
4
3
26
1
4
32
1
6
5
1
2
28
30
3
1
136
134
26
137
136
182
189
115
15
17
21
1
2
7
161
1
2
162
1
4
17
5
27
1
13
3
12
14
1732
1727
11
1733
5
1741
1743
1728
1718
3
8
1
1730
1
12
13
1
14
180
74
4
194
2
3
4
2
3
8
1
1
5
4
1
10
36
1
2
3
4
1
1
1
3
4
5
1718
375
1
2
1719
29
1
4
8
9
376
1
7
1
6
1
2
5
1
3
4
5
2
4
30
31
2
1
27
28
1
27
26
1
363
1
3
4
5
2
3
9
2
1
2
1
6
1
2
5
1
32
33
18
3
19
23
31
1
3
5
16
17
1
2
1
2107
1
2
3
5
2102
20
17
1
2
1
8
1
2
6
7
1
2
3
5
2115
1
2107
2116
2184
8
1
67
42
68
2
5
25
1
1
2
1
20
1
2
4
5
1
2
37
10
11
12
1
8
29
9
1
2
7
1
2
1
2
5
1
1
3
1
1
5
6
20
1
2
4
1
14
1
2
1
9
1
2
8
1
26
27
25
1
1
1
5
1
4
1
2
3
2057
2052
1
3
8
2058
1
1
2
3
5
1
1
2
4
1
2
3
1
2066
1
2071
2068
2067
2106
1
2072
2107
54
1883
2074
2053
1
2
19
21
1
3
1
2
16
17
1
3
15
1
5
1
7
12
1
2
130
1
3
4
110
62
1
131
6
20
1
43
42
1
130
129
1
1
3
128
2122
3
2119
2118
37
1
7
1
2
3
4
6
1
2081
1
2080
1
2
2
26
29
30
3
1
1
2
1
1
2
1
45
2
15
44
1
7
14
1
6
13
4
37
1
2
3
17
38
4
11
12
35
16
34
1
3
15
18
3
12
17
16
15
9
8
9
1
2
73
74
24
1
59
2
58
1
2
4
6
57
114
58
57
59
1
1
4
5
3
4
5
1
2
8
9
11
6
7
8
2
3
6
1
1
2
1
1830
2
3
51
1829
1881
1880
1858
1
2
53
49
51
49
1
2
1
2
4
1
21
22
1
2
20
1
3
12
13
14
19
2
1
51
2
3
8
50
7
8
9
1
49
1
2
1
1
21
19
22
20
23
24
32
1
1
3
8
9
1
2
1
1
5
1
4
1
2
3
1
3
1
2
1
1
5
31
3
4
1
2
1
487
482
36
1
461
2
6
460
6
558
459
99
1
6
7
98
1
5
1
4
42
44
1
506
3
1
505
8
504
510
7
503
6
1
1
551
1
553
1
550
551
1
2
552
51
1
46
1
52
3
500
499
5
51
1
2
1
5
6
7
1
503
5
504
2
4
1
3
504
12
7
2
1
333
332
160
2
1
2
3
10
11
1
154
2
4
155
9
129
3
1
2
48
13
129
1
2
47
1
1
2
6
7
1
4
5
2
3
172
14
15
1
14
20
13
21
17
18
1
169
163
162
1
2
3
5
1
168
1
163
162
1
1
2
5
1
4
9
8
1
58
271
59
58
1
2
3
60
1
62
2
61
63
1
213
63
106
5
6
1
108
110
106
107
1
101
100
1
2
102
1
6
8
103
1
5
1
2
4
1
1
2
1
2
114
1
36
18
19
76
78
1
8
17
1
6
7
111
1
5
1
4
2
3
1
4
5
4
8
9
1
2
3
1
1
1
2
3
2
5
1
1
3
1
2
1
2
57
33
55
1
1
20
2
21
10
22
31
54
2
55
56
1
2
1
2
3
38
1
1
37
38
37
35
1
2
1
2
117
1
2
26
1
42
23
43
48
49
5
1
44
1
2
114
116
1
14
13
38
16
1
5
6
7
22
392
4
47
432
430
4
45
479
1
18
2
12
16
17
1
2
3
4
11
1
483
10
1
484
1
485
83
2
1
2
395
2
402
394
1
393
1
394
5
393
3
4
15
2
1
14
16
398
394
22
19
1
3
4
2
11
12
13
44
4
10
1
9
38
25
18
372
2
3
5
15
13
1
2
3
37
58
1
1
2
1
40
4
6
8
1
22
21
1
23
133
1
7
140
2
3
8
1
6
1
2
1
1
385
85
89
1
2
4
1
39
611
11
1
606
600
138
1
2
3
1
19
18
14
11
1
4
5
20
1
2
3
1
5
6
1
25
3
4
1
24
23
12
14
27
25
1
11
12
11
393
1
417
391
170
1
2
11
24
1
561
1
3
4
169
2
1
2
1
2
7
8
9
1
182
181
4
5
175
176
1
2
42
43
44
1
43
38
37
1
4
1
3
1
38
40
1
2
3
4
5
39
1
1
1
1
1
3
1
2
1
2
193
192
177
1
13
12
178
5
6
177
172
1
2
4
5
1
1
2
1
3
13
1
2
1
2
21
1
2
19
39
42
8
7
17
24
1
3
41
16
1
2
9
1
2
8
19
17
1
25
2
1
2
1
18
54
17
37
6
1
7
33
4
5
1
6
4
5
3
5
1
3
1
3
1
2
1
4
1
3
1
36
39
37
36
1
2
5
9
10
1
4
1
1
4
8
139
6
7
34
140
145
106
12
13
29
1
94
1
2
3
1
37
107
144
1
2
1
3
4
5
3
1
3
5
7
1
2
6
5
1
2
1
2
1
5
4
5
7
1
1
1
2
46
43
42
1
48
28
1
1
3
20
1
112
2
111
110
108
106
1
2
1
2
1
2
1
2
3
2
3
1
140
1
139
1
2
34
33
140
107
108
1
1
394
393
286
287
1
2
107
1
286
282
1
2
3
4
1
17
15
1
20
18
1
1
3
1
30
2
24
29
58
30
25
1
28
5
29
2
3
29
16
1
203
204
23
17
32
202
1
3
46
7
1
2
1
9
227
2
4
20
10
1
2
15
16
18
19
1
2
18
40
1
46
11
12
13
39
1
2
6
1
1
4
1
3
1
2
3
4
1
34
1
43
35
1
32
29
31
1
2
77
75
1
1
2
4
78
1
8
5
7
1
2
1
37
2
4
1
2
41
42
43
4
1
2
1
1
2
1
39
1
41
40
31
30
2
206
205
13
2
8
1
1
2
3
1
2
103
102
1
5
101
1
2
4
1
24
2
29
25
1
97
30
96
31
127
126
125
1
1
2
1
4
5
1
2
1
199
198
180
1093
1
19
1
4
1
2
3
4
1
7
14
15
2
4
5
6
1
218
219
1
3
1
218
2
1
2
4
1
2
7
1
5
6
1
2
19
1
40
21
22
24
1
20
21
39
5
19
1
2
4
1
1
2
1
141
1261
1273
13
14
140
1
3
5
127
9
1
2
1
17
18
19
2
7
8
16
1
4
5
6
4
5
121
118
17
1
2
3
22
138
1
2
1
2
5
20
1
3
5
6
5
7
8
1
2
3
2
1
12
13
1
11
1
4
5
7
1
3
2
1
1
2
3
2
1
2
4
5
6
87
1
2
34
29
28
1
7
35
34
2
1
2
1
3
2
1
2
41
1
5
4
1
2
3
1
1
4
1
3
1
2
3
4
2
2
3
1
2
1
101
105
115
1
4
9
1
2
8
35
34
1
19
6
7
1
3
16
35
1
2
3
220
217
1
3
1
2
2
66
1
1
2
3
68
67
1
1
68
1
3
1
2
5
17
1
2
3
4
1
1
6
1
2
5
1
2
4
5
24
25
1
40
1267
1271
1272
3
1
23
24
1
7
14
15
25
2
24
25
1
5
6
3
1
2
4
1
1
2
1
2
3
4
7
1
1
1
2
3
4
1
3
1229
1
1226
1227
128
1
3
131
12
1
2
4
2
3
1
1
1269
28
29
1
1297
1
1296
5
1
2
1289
1
2
4
1293
1290
1
5
26
1
2
18
1297
17
1296
1
2
15
16
1
6
7
14
31
4
5
4
7
8
37
1
2
3
1
35
1
2
1
3
2
5
1
2
3
4
1
3
1
9
29
30
3
6
8
1
1
1
2
82
3
1
84
83
70
71
69
1
86
14
85
19
2
18
102
1
17
85
84
37
81
11
12
30
3
17
47
18
103
1
2
4
7
1
1
2
1
7
1
3
6
2
73
74
452
3
4
5
1
7
8
391
2
29
1
3
4
383
1
2
1
9
12
13
1
8
387
1
4
1
3
1
2
17
1
13
15
16
1
8
9
1
4
7
1
2
3
378
1
906
457
3
1
907
908
3
3
1363
1
14
16
17
8
13
14
1
1360
6
7
1359
1360
1363
5
454
1
455
2
1311
3
1
1
3
1313
1
1314
2
1313
1
2
49
1362
1358
1
1
3
4
1
2
6
1
2
4
5
1
1
2
1
6
1
2
340
43
383
339
333
6
8
390
391
1
3
6
1
2
1
3
1
848
2
846
847
335
336
891
892
510
2
45
846
512
510
508
338
339
1
515
2
514
1
43
3
513
2
1
2
4
5
37
1
512
8
2
1
3
1
32
505
593
504
1
31
1090
1099
30
1098
1
2
3
4
1059
1
1
1
1055
1
2
3
4
1
9
1
3
4
8
1
2
1
1
1
4
9
1
3
7
8
1
2
17
5
6
1
2
4
1097
1
1098
593
1
2
594
11
13
1
591
2
3
8
9
1
2
13
602
1
4
5
12
1
11
3
12
10
1
2
4
1
2
1
14
1
2
3
1
5
3
4
1
6
8
9
1
5
6
1
2
5
615
3
14
15
617
1
612
2
4
615
613
1
2
1
5
2
4
11
1
3
50
19
22
23
36
2
52
51
50
1
2
3
54
1
2
6
55
1
2
9
86
1
2
4
1
2
1
50
2
31
4
49
46
1
1
27
28
29
25
26
1
1
1
27
1
2
47
1
18
2
1
1
20
18
1
4
5
20
19
22
2
4
1
7
119
9
11
12
2
6
7
10
16
20
1
3
5
15
1
2
12
14
11
12
293
294
346
349
350
13
1
2
3
1
2
110
1
2
94
93
109
107
105
111
1
105
97
96
76
75
106
1
2
8
21
1
16
6
4
17
1
1
2
1
77
1
602
1
2
81
1
2
7
600
1
2
6
1
4
5
6
1
5
1
498
4
499
502
32
607
1
500
532
531
534
501
33
32
1
8
34
38
78
77
7
9
79
2
3
8
1
87
1
2
1
1
10
1
3
8
9
26
2
7
21
20
19
1
2
3
30
1
2
27
2
3
4
5
1
3
1
2
1
2
624
623
17
25
1
38
42
1
2
1
2
49
12
1
47
33
1
80
37
1
92
61
11
12
4
15
1
82
81
34
60
1
83
3
9
2
3
1
2
5
6
1
3
1
2
1
31
1
32
1
1
2
4
7
8
1
6
1
2
1
166
1
6
3
4
5
1
1
2
14
16
1
41
12
78
1
64
63
142
2
63
16
1
2
97
6
65
1
55
65
99
1
96
93
56
101
102
103
3
94
93
58
57
1
6
15
98
14
1
4
5
3
1
2
4
5
32
1
1
30
31
30
41
21
1
2
28
1
3
1
2
4
5
26
1
2
3
1
1
280
1
281
1
52
2
3
11
12
1
5
11
1
10
1
3
337
373
2
36
375
1
374
1
3
4
375
41
58
1
44
1
17
18
70
3
4
5
6
11
19
20
52
1
1
72
71
1
74
73
19
20
1
2
18
6
9
13
17
69
1
8
9
70
1
5
6
1
4
2
3
1
1
1
2
5
1
2
3
1
1
79
80
1
81
5
80
7
9
11
1
2
3
4
5
14
16
15
6079
3
4
1
42
2
41
9
10
11
40
37
3
32
1
3
2
2
4
40
1
2
1
84
120
2
3
36
118
35
1
5
6
7
84
1
3
4
83
1
2
1
19
35
1
6
18
1
5
1
2
3
4
77
79
1
2
1
2
1
75
74
61
6499
6064
1
4
1
2
3
5
9
12
7
10
26
1
2
1
2
13
1
2
3
4
1
11
15
1
43
9
14
1
26
27
28
1
2
6510
15
3
4
3
16
1
6495
6470
25
1
3
8
14
15
1
2
14
23
1
4
5
1
16
15
16
1
1
2
1
3
1
2
1
6
79
1
1
80
1
3
4
79
6
80
25
1
2
24
1
22
23
1
21
2
3
15
19
20
1
67
2
1
2
3
5
6
75
1
74
1
1
2
6453
11
12
1
2
6452
6453
1
69
1
73
6423
68
69
70
72
1
1
2
9
1
4
1
3
35
12
14
1
3
4
6349
5
6350
6351
6354
1
1
3
27
1
2
1
3
8
1
3
4
6
1
2
5
15
1
2
83
84
1
2
1
81
25
24
1
2
1
27
25
30
1
2
3
5
19
18
77
1
2
25
23
3
1
15
16
27
8
12
14
2
11
13
15
16
26
3
9
2
6
6487
3
4
6489
6490
1
1
6488
1
2
1
34
33
1
1
6523
6524
6560
6522
6523
1
6
37
1
2
5
1
2
3
4
1
1
1
4
21
13
20
17
12
10
9
1
3
1
2
1
2
3
4
5
97
95
17
16
121
117
116
1
2
3
16
1
18
2
15
1
2
14
21
36
1
12
13
16
3
19
1
2
16
3
4
40
9
1
17
19
1
18
17
5
4
5
1
44
62
435
42
44
22
1
4
3
8
22
1
2
3
2
3
18
1
5
1
4
2
3
15
1
12
13
12
35
3
30
1
2
5
6
9
1
210
211
212
229
3
4
33
209
140
1
242
246
141
1
149
386
387
32
31
1
4
5
1
5
7
4
1
145
148
386
354
390
1
1
4
5
1
16
14
15
16
17
2
3
6
1
4
35
37
2
38
2
3
24
1
7
1
23
17
24
39
8
18
15
351
2
13
36
18
5
6
148
353
3
5
28
27
3
1
2
1
1
2
1
143
144
4
1
2
1
142
140
143
1
2
4
1
2
3
9
10
1
2
4
6
7
1
1
2
1
2
1
2
1
1
2
4
1
1
2
1
33
1
1
18
19
1
1
1
2
8
328
1
2
6
327
1
1
4
12
1
2
316
3
1
159
160
161
314
313
1
5
313
7
2
3
4
1
2
22
20
159
1
2
26
25
23
1
318
3
6
7
28
2
3
5
8
320
1
321
320
321
1
1
5
4
5
1
2
3
5
4
36
35
1
2
3
1
2
47
48
1
1
5
10
95
47
94
6
1
96
89
47
4
1
7
105
8
99
100
6
90
1
2
7
94
1
2
1
2
4
5
1
1
2
1
2
1
5
1
2
4
1
107
2
3
103
108
92
145
109
9
107
105
100
106
2
4
7
2
33
84
1
9
40
3
2
71
70
69
67
39
38
71
1
15
12
43
1
30
16
19
21
29
30
19
4
1
1
2
1
2
49
48
6
1
1
51
1
2
52
60
1
54
53
48
55
62
1
17
6
5
6
16
7
1
54
1
2
3
13
53
1
4
11
1
9
10
11
1
2
4
5
6
8
1
7
2
1
10
11
14
1
13
1
12
1
2
4
5
6
1
2
3
1
1
1086
1
1
3
15
13
85
1
84
2
3
86
1
2
7
1174
1088
1
23
86
1
5
22
1
4
8
19
21
2
1
928
947
5
927
925
1
924
1
2
4
925
1
1
2
1
1
235
1
165
233
231
236
2
3
1
1
69
68
3
1
71
72
20
21
2
3
1
3
8
96
91
90
1
2
91
1
1
2
4
5
1
1
2
1
2
30
1
104
103
32
1
3
4
5
2
70
1
1
24
1
23
3
1
1
1
1
6468
2
3
7
6469
1
2
6466
3
9
10
71
65
6474
6475
12
1
1
30
29
1
6441
6440
1
4
1
3
7
1
2
3
26
25
1
1
1
2
1
3
28
1
6
31
77
1
4
16
2
3
15
1
4
80
5
1
4
8
17
77
1
2
6462
942
76
1
5598
3
4
1
3
8
9
2
8
11
5588
5
2
7
8
1
3
4
1
2
1
2
1
1
3
1
2
5594
5592
5593
2
1
2
27
4
1
5590
3
5592
1
138
135
2
3
16
1
3
7
8
9
1
2
8
152
1
1
151
4
6
152
1
20
147
5
1
17
1
16
4
15
1
2
21
17
1
23
5593
1
4
1
3
1
2
3
1
2
20
1
11
19
2
1
65
45
20
3
66
25
8
1
65
2
63
64
1
13
41
63
15
14
1
2
64
1
2
1
4
7
62
1
3
1
2
1
3
1
71
2
167
74
172
170
169
168
2
3
7
8
9
8
32
98
9
1
2
135
6
73
1
2
17
1
5
22
19
18
1
4
1
1
133
4
1
121
27
122
134
1
120
135
14
12
254
148
147
1
36
20
1
2
37
20
40
39
1
2
41
1
2
27
1
107
108
1
2
1
107
100
80
99
1
7
1
1
2
5
1
3
1
2
4
1
3
5
19
1
2
3
4
5
3
4988
4
20
1
2
1
4991
4992
16
1
5
3
4
9
1
9
10
1
8
6
7
1
4
5
1
3
9
10
8
3
4
5
1
1
1
30
1
1
12
13
10
1
2
9
12
29
28
1
37
1
2492
2512
7
36
63
54
53
30
1
27
2513
2454
28
2495
1
20
1
2
2494
1
1
4867
1
2496
4865
2371
2369
2396
21
1
25
2350
2349
1
27
65
28
1
2404
2406
37
2403
2
1
63
58
2
3
62
28
2
56
1
9
58
59
1
58
1
2
59
1
58
59
1
3
2426
2427
1
6
9
1
2
5
1
3
4
385
2423
2
1
4
5
1
23
4
1
1
2
2424
1
2425
2423
380
1
20
21
1
2802
2817
2818
2819
2
15
3
12
13
382
381
2
380
379
5
1
3
4
358
383
1
2
382
349
9
10
258
384
1
1
4
33
1
2
23
1
3
1
23
29
28
29
1
21
1
22
24
2
1
2
4
1
2
246
248
267
268
1
1
2
3
20
21
1
2
1
5
12
4
5
1
2
4
11
1
2
6
40
5
36
9
44
45
3
4
5
1
7
1
119
4
5
1
2
117
118
114
115
133
1
14
18
19
1
13
115
1
10
1
116
117
1
24
9
27
26
25
1
1
27
2
26
33
6
7
1
2
1
7
1
5
6
1
4
1
2
3
1
1
2
1
1
1
17
16
103
10
113
1
2
7
1
6
9
3
1
2
1
1
4
110
8
1
1
9
3
5
8
106
107
3
4
1
106
1
104
107
2
1
2
27
5
1
4
5
6
22
3
23
22
1
2
9
10
1
26
1
7
5
6
11
1
1
519
26
514
25
5
523
4
20
23
1
2
6
5
13
17
2
4
5
488
1
2
487
19
518
1
100
101
489
1
1
177
590
178
3
1
2
5
1
10
45
11
6
8
9
1
2
1
417
2
1
418
11
417
448
11
416
419
8
1
3
41
10
31
2
1
37
402
1
16
17
403
1
15
33
1
4
1
2
32
439
18
34
2
1
35
36
3
34
41
1
2
1
2
6
7
12
1
34
41
4
33
31
2
4
7
1
2
33
1
32
1
33
1
2
34
32
1
2
4
3
1
2
5
6
34
5
1
2
3
1
1
149
150
3
7
1
143
1
5
111
6
1
4
5
4
1
2
1
144
113
1
2
1
5
6
5
40
1
2
3
4
41
1
95
1008
1012
42
38
1
96
1
112
107
45
1
3
5
1
2
5
6
1
3
1
2
9
4
6
1
2
1
1
2
1
2
1
1
2
1072
1103
1070
1
3
4
62
1
11
1
8
9
1
2
1
1050
1
1
1116
1
1115
1112
1113
1114
1
4
7
1
2
3
1
1
11
1
3
10
1
9
4
8
1
1
1
1
8
655
47
1
608
656
1
4
6
1124
1
2
3
655
1125
1
1126
1
2
1125
1
3
4
466
1
418
1
656
658
657
656
2
608
465
1
419
1
3
1
2
12
1
604
3
4
603
601
602
601
1
14
603
73
1
76
85
23
72
12
13
74
75
76
1
3
4
6
2
1
8
53
1
24
23
53
109
108
1
47
3
24
160
25
45
46
7
4
899
5
7
8
44
39
20
942
21
1
7
17
18
19
1
5
6
4
904
1
906
33
2
903
1
944
926
906
32
904
903
1
31
6
1
37
904
906
5
10
1
2
1
904
10
905
902
1
901
1
3
19
18
904
905
3
17
903
16
902
1
887
903
902
901
899
1
61
60
14
1
2
61
1
36
66
65
62
1
42
37
1
43
1
2
3
20
2
19
1
3
17
1
16
61
68
1
8
32
33
1
19
20
19
20
1
1
2
3
4
1
1
424
24
1
1
420
421
401
1
3
4
5
400
1
2
1
2
3
4
1
1
1
2
459
30
1
427
1
6
5
31
457
1
3
5
1
2
1
7
2
5
6
7
26
1
1
3
6
27
19
2
46
1
3
18
1
9
19
17
3
8
1
2
4
5
7
1
3
5
418
1
500
2
53
498
1
447
499
6
1
5
1
3
4
2
1
460
1
1
2
3
1
10
1
9
1
1
34
32
1
2
3
33
1
43
1
1
42
43
42
36
1
17
109
19
1
2
3
6
15
16
1
14
1
5
454
456
1
458
2
3
4
1
39
2
1
496
1
2
33
495
1
2
30
31
40
1
1
2
3
2
1
2
4
1
3
1
2
3
1
2
3
15
1
2
9
174
8
165
182
3
4
9
1
2
6
7
60
1
2
3
5
1
1
126
127
65
2
128
62
66
67
1
2
66
67
129
180
179
1
3
2
1
52
51
1
4
5
1
2
3
1
5
1
30
1
13
31
3
9
11
12
279
173
169
168
1
2
270
106
9
5
1
6
7
2
84
171
109
1
170
92
85
279
1
2
3
86
278
272
1
1
5
6
141
9
1
3
8
1
2
8
1
146
142
147
5
1
146
273
272
271
1
272
1
2
1
1
15
1
13
14
15
1
7
8
36
12
4
5
37
39
2
40
41
1
1
2
1
41
1
2
3
179
5
44
1
1
182
175
176
181
1
4
170
6
175
174
171
1
152
4
2
151
1
150
149
23
22
1
19
1
3
16
174
2
3
4
7
1
1
4
1
3
1
2
1
2
7
1
1
2
142
1
143
144
1
1
1
2
143
1
2
3
144
1
147
79
1
2
7
1
2
80
1
8
9
78
85
86
3
8
5
6
7
1
4
5
2
3
1
7
1
2
4
1
2
83
1
87
1
130
129
130
5
1
2
5
7
8
1
7
18
2
3
1
2
3
4
1
2
1
2
4
5
7
950
1
1
2
10
11
1
3
5
20
9
1
2
1
2
1
2
1
943
14
15
1
14
19
1
2
15
109
110
1
3
2
94
110
1
9
108
8
1
16
17
109
1
4
5
16
1
2
3
110
1
2
1
1
1
1
41
43
3
11
2
5
6
38
1
2
1
4
1
43
3
44
1
45
46
44
1
3
1
43
6
8
962
961
959
1
5
1
4
2
3
1
2
1
4
5
6
7
177
9
1
4
1
3
956
7
2
957
956
960
958
961
962
2
1
1
960
962
961
1
963
184
185
184
164
1
2
18
19
20
1
3
1
2
15
16
1
13
14
1
3
43
1
2
1
920
1
921
1
2
15
1
3
8
9
922
2
1
1
4
5
1
2
3
1
5
1
3
912
913
2
909
1
907
6
908
1
909
913
4
1
2
10
11
15
1
2
3
9
1
24
1
6
23
7
1
30
2
10
12
29
7
36
4
37
2
1
15
1
2
14
1
1
22
23
24
15
17
21
13
3
14
1
2
1969
1968
4
5
6
2
1970
4
11
1
1972
1
4
1
3
1
2
6
7
1
2
346
5
1975
376
2348
2319
2351
1
29
31
30
32
1
31
30
32
31
376
344
1
2
3
9
32
31
2
367
1
54
32
31
10
21
33
1
53
369
100
1
4
6
108
379
8
1
2
3
1
1
2
1
2
4
1
114
117
116
115
2
44
45
119
1
2
4
5
6
486
487
1
1
485
371
102
486
269
69
41
1
383
2
380
108
110
384
3
102
1
100
2
3
103
106
3
104
5
102
385
384
488
487
485
484
1
4
146
489
1
2
1
5
383
379
2
155
1
146
1
2
4
6
147
1
3
4
156
5
1
2
1
31
3
74
76
2
2
1
73
74
1
32
4
5
6
38
152
1
3
1
2
1
1
1
114
151
1
38
155
1
1
3
77
14
76
1
2
152
151
11
1
8
10
11
1
3
156
157
158
163
1
2
1
2
3
152
1
44
4
151
150
153
2
2
3
1
3
69
5
6
1
2
48
17
107
1
67
66
64
59
57
1
2
3
4
5
1
63
62
61
1
1
62
61
1
1
62
649
14
647
589
1
2
1
651
48
2
3
652
46
1
3
655
1
656
663
2
7
31
1
1
2
1
5
1
3
4
660
2
661
1
663
662
715
1
1
4
5
15
3
14
2
4
5
11
1
2
772
773
777
3
1
52
53
55
1
2
3
93
1
2
5
1
91
89
88
90
3
4
89
93
1
2
92
1
1
11
1
93
867
1
774
1
868
867
1
5
6
838
839
28
1
255
2
3
4
837
254
1
13
258
3
4
582
1
8
9
11
12
1
7
1
2
6
1
1
4
1
2
3
1
1
1
1
2
128
244
1
1
372
1
99
243
3
245
246
1
5
13
579
1
1
2
4
15
16
1
21
3
9
8
19
21
6
7
18
2
12
1
115
19
20
11
116
25
9
10
2
134
137
141
1
14
15
16
21
132
15
135
1
127
128
114
113
112
1
2
110
1
4
1
1
113
3
112
116
695
1
4
1
112
568
113
1
567
566
1
33
32
31
1
3
1
32
40
10
1
2
7
8
1
2
6
1
2
39
2
1
38
1
2
3
5
6
7
31
30
1
2
1
2
1
6
226
1
4
5
1
3
1
577
2
578
579
1
36
35
32
1
3
4
20
1
3
10
2
726
232
229
1
2
1
496
496
498
1
2
5
1
2
491
497
1
2
8
15
61
1
3
1
2
4
6
1
2
3
1
7
8
1
2
1
2
3
1
7
1
2
1
2
19
4
5
1
23
1
22
18
1
21
17
2
3
19
1
2
3
4
7
1
1
4
1
2
3
7
1
1
35
36
4
1
1
28
27
46
26
5
26
1
3
4
5
10
9
1
27
24
4
28
2
26
25
7
21
1
22
1
21
22
24
1
17
19
1
2
16
17
1
2
16
1
28
29
31
32
24
1
111
87
10
14
87
115
86
73
14
28
29
1
5
13
1
2
1
32
82
1
3
4
8
1
2
1
4
9
1
15
68
3
16
1
83
1
16
82
80
15
65
1
64
62
2
66
65
1
2
5
1
66
67
68
64
65
1
9
1
8
1
5
6
7
5
7
32
85
1
1
2
7
6
25
72
5
41
3
5
48
12
38
1
2
3
6
7
39
1
1
3
42
1
43
1
43
1
2
4
7
42
1
1
2
3
2
3
4
1
107
2
3
108
1
4
106
1
111
1
112
15
111
35
1
97
1
76
14
15
75
3
4
14
110
75
76
77
1
3
73
1
2
77
76
1
5
8
10
2
1
2
3
1
2
3
5
1
2
3
1
2
1
1
