125
255
1
2
3
285
284
4
18
52
53
54
55
59
76
28
120
46
47
117
54
55
17
18
19
35
40
12
40
43
44
20
23
2755
50
51
53
57
59
39
40
52
53
58
59
62
24
25
29
31
171
12
49
50
51
52
170
168
1
7
57
60
36
56
38
39
43
167
169
28
32
2405
55
6
7
11
13
14
16
43
109
44
490
45
57
33
235
35
1249
37
47
49
50
7
8
4
1
27
35
37
39
40
11
4
32
36
37
275
11
59
61
63
64
287
51
42
43
45
50
58
27
33
34
35
47
49
29
30
36
37
26
94
28
29
30
31
134
24
96
35
37
38
62
53
8
10
26
57
58
59
14
19
20
21
48
24
26
29
33
46
56
10
12
14
129
15
16
1
345
17
18
53
8
10
17
18
1
32
33
34
35
3
52
53
8
10
18
43
112
46
6
83
17
54
59
37
47
26
27
28
29
30
65
2
731
732
7
9
49
749
52
16
17
41
42
47
44
23
24
25
26
27
56
57
143
142
141
34
35
36
53
59
34
35
36
37
38
57
58
59
60
29
36
2
56
33
36
57
33
34
48
49
50
50
45
47
112
747
111
48
34
35
36
41
47
55
58
357
51
248
5
218
7
8
51
15
4
1
1
267
268
4
5
6
7
10
17
332
20
22
23
54
20
21
22
44
45
2
4
50
51
5
55
1
3
4
29
43
45
1941
1939
1850
1849
1847
52
64
102
103
16
21
62
8
13
43
48
45
46
1027
47
48
1026
23
26
27
28
4
7
8
44
45
61
9
10
11
12
18
74
68
46
47
48
57
59
44
49
59
50
51
3
6
7
10
35
8
9
10
11
3
44
12
13
14
15
33
11
9
8
28
29
55
1
1012
29
1011
32
35
12
13
14
17
19
1086
1134
1135
19
44
45
32
40
41
45
173
35
36
37
51
53
177
23
5
25
27
39
51
23
24
1272
25
296
18
27
28
29
55
5
46
47
51
57
58
59
62
141
4
17
18
182
39
188
24
26
183
28
29
30
59
62
45
46
47
48
17
33
28
5
8
9
268
3
278
17
36
46
47
53
54
55
63
6
82
4
3
51
5
6
7
9
1
24
176
14
888
17
890
891
24
26
27
12
13
887
14
13
12
11
5
7
59
61
62
42
44
46
50
51
9
11
12
13
17
18
19
36
40
64
60
790
43
44
48
63
13
14
15
29
28
61
31
282
32
305
55
47
27
28
29
715
4
5
45
717
43
12
14
15
33
40
54
56
60
61
43
32
72
3
4
11
12
1
45
54
6876
6875
4
5
138
133
19
22
25
49
64
38
39
40
41
55
182
181
180
7
21
24
29
30
103
44
52
3
8
57
61
21
22
23
2
21
24
25
27
50
27
30
31
34
1
64
177
176
39
51
165
38
39
50
3
24
28
29
30
54
55
57
12
14
15
16
18
3
694
25
42
44
675
50
26
305
54
13
12
11
23
12
13
14
15
21
16
40
13
9
2
1
56
12
347
346
17
13
12
11
10
9
8
59
90
1
5
43
44
36
57
58
59
81
10
16
3
50
51
6
7
8
59
13
14
23
24
31
88
33
35
36
37
37
63
64
41
43
31
58
15
49
50
51
52
60
13
23
24
27
28
9
22
49
50
212
52
213
3
53
54
57
58
14
23
60
16
48
49
50
52
1
59
60
9
10
47
44
43
5
4
2
27
26
24
22
21
20
25
24
17
16
7
8
41
22
15
14
13
9
29
28
27
18
8
29
23
20
376
370
313
48
47
32
30
1
10
44
3
393
4
3
395
394
10
11
10
9
13
15
17
7
5
4
15
16
5
4
53
4
10
13
14
15
16
18
19
26
29
18
17
16
23
12
13
15
17
18
50
7
9
10
11
14
2
50
51
54
37
51
372
625
19
20
585
57
4
5
6
8
10
11
32
33
38
39
9
11
43
53
20
21
24
1
32
39
10
12
13
38
2
3
10
11
19
20
62
23
24
25
46
4
93
94
23
25
28
30
31
32
36
46
48
50
132
133
224
11
48
28
30
133
138
52
55
56
60
34
42
2426
43
48
49
4
8
10
11
49
6
32
49
50
11
16
17
19
22
106
56
26
36
37
39
48
49
52
27
39
121
120
40
45
52
55
27
31
33
35
22
23
24
90
95
96
58
60
20
21
13
15
16
17
24
27
53
12
14
15
17
18
19
20
21
55
47
1
2
3
4
6
7
28
29
31
34
35
1
24
28
29
43
44
54
167
102
177
42
43
44
1
14
17
18
21
22
23
26
51
22
25
240
241
44
55
235
3
4
50
16
19
29
48
52
21
22
54
30
32
33
41
42
54
9
10
48
38
40
364
41
42
361
54
15
35
36
37
47
16
17
18
19
14
17
18
19
20
21
35
36
2354
2349
2348
29
8
13
14
23
24
25
37
17
12
10
9
16
23
18
17
15
14
7
6
4
2
52
6
5
96
57
31
39
40
41
42
43
36
44
45
49
32
31
5
6
7
8
10
11
14
2519
42
43
44
45
2489
2576
11
10
9
8
2521
2528
4
3
56
57
26
31
35
48
51
55
17
87
20
21
26
27
116
37
27
31
32
33
13
23
24
25
27
29
34
13
14
17
21
22
31
32
4
5
17
18
41
223
77
13
7
272
12
11
10
8
7
1
46
45
44
41
307
38
37
1
32
31
14
11
10
32
29
28
15
14
26
17
18
12
11
8
25
26
17
13
6
116
2
3
4
104
5
6
120
12
4
5
15
16
21
23
11
21
22
23
24
779
772
4
22
36
664
688
12
20
1814
1813
50
649
55
56
4
26
28
29
24
26
167
165
8
30
16
14
13
12
21
30
181
26
25
10
17
16
13
7
10
11
12
13
18
2
31
32
15
19
58
186
43
45
46
154
14
18
19
20
1876
28
30
10
12
13
14
1
42
24
25
26
29
52
19
20
24
27
28
17
23
28
29
120
121
27
30
31
32
38
53
54
55
6
9
16
17
6
7
9
10
2
148
149
38
39
47
18
19
21
30
61
25
26
27
28
47
48
40
41
11
12
13
6
5
4
3
12
15
21
26
27
28
30
3
24
28
29
30
34
54
9
10
11
14
15
16
39
41
21
23
24
56
7
12
44
45
46
55
37
38
39
40
42
43
3
32
33
34
35
53
54
10
11
19
35
36
7
8
9
10
50
51
6
8
9
45
64
60
46
47
48
62
123
17
41
47
37
43
45
46
25
27
28
47
57
19
22
23
46
197
47
192
8
205
9
10
11
16
1
3
4
5
6
16
2
15
24
25
26
98
29
85
30
32
80
79
32
29
28
27
26
22
122
5
149
3
2
1
66
31
32
33
37
40
49
33
34
49
50
47
12
13
14
12
37
35
33
31
25
56
39
38
28
27
22
21
20
17
16
15
14
54
55
32
34
42
44
46
67
3
47
4
3
2
54
26
20
19
59
40
39
34
32
31
57
55
44
43
38
18
17
51
49
14
9
8
7
56
28
17
27
24
63
54
13
5
4
3
47
25
22
21
20
19
18
16
42
31
30
29
28
26
587
22
248
19
10
6
10
7
6
5
4
1036
5
6
7
4
1019
1018
9
8
6
1
387
388
10
12
11
17
19
20
17
13
5
18
51
361
19
7
9
354
353
53
48
8
7
6
4
4
1
46
44
17
1
47
37
24
18
49
48
44
26
25
21
1
50
30
21
13
12
17
16
13
12
45
17
16
15
14
13
10
56
37
36
35
4
54
8
7
6
10
12
79
75
4
5
6
97
11
16
101
21
22
26
3
2
69
23
56
4
18
26
28
55
16
17
18
20
31
32
33
39
41
48
16
32
33
34
35
39
145
144
9
7
21
83
15
6
7
9
555
212
12
5
4
507
38
39
41
819
821
742
12
51
22
1
9
10
11
13
14
20
21
25
12
11
10
6
31
19
18
16
15
6
4
13
46
47
9
20
22
23
25
26
12
16
42
46
47
48
15
14
11
17
24
28
1
38
39
40
41
9
31
34
36
37
40
1
16
17
18
21
22
39
265
6
9
291
10
13
240
4
15
17
19
21
22
23
4
22
23
30
31
9
5
6
7
9
10
13
15
5
18
33
37
38
41
3
18
15
29
34
7
19
22
23
16
12
97
96
14
33
32
28
27
26
1
7
26
24
23
25
36
5
4
14
16
17
18
1
57
50
48
47
37
7
3
16
17
21
23
24
25
36
23
36
37
21
18
4030
23
40
4011
39
48
44
40
39
38
6
1284
45
44
43
28
51
50
49
48
41
8
7
20
21
19
11
14
17
20
22
7
8
9
10
23
74
78
21
20
17
16
13
11
10
8
7
58
39
41
42
44
15
11
10
52
51
29
28
6
33
32
30
29
25
10
1073
25
1033
17
1085
9
6
48
47
25
24
45
44
32
56
40
2
17
13
12
32
19
57
18
17
22
3
4
15
14
11
4
3
60
7
15
9
758
1362
764
12
11
10
6
5
10
61
5
4
1363
1392
11
47
623
2
1
1371
30
769
21
19
18
768
1321
32
16
1340
1341
41
20
17
16
15
118
8
9
10
120
19
21
22
17
13
25
21
3
2
819
2
4
3
21
822
22
820
19
20
21
23
28
58
14
20
21
22
23
24
53
54
18
26
27
28
29
30
32
33
34
39
54
56
4
12
13
730
726
55
4
5
9
10
11
58
59
27
29
30
31
45
47
49
792
5
6
783
7
9
56
39
42
46
47
57
23
25
26
48
27
28
145
46
147
46
51
6
7
36
37
2
51
52
46
49
50
181
17
19
199
33
4
5
14
18
13
12
11
27
53
14
16
17
20
17
16
15
14
43
44
46
47
55
56
26
30
40
27
10
15
16
19
58
30
31
669
34
47
53
29
33
36
37
49
4
14
15
16
56
17
18
20
35
1
53
18
24
25
33
52
21
22
23
25
27
16
21
40
41
53
21
33
34
35
38
47
2
3
25
27
28
29
35
4
2
36
43
279
278
40
53
155
29
31
32
33
336
34
46
35
11
10
9
8
7
45
46
10
7
6
9
36
35
34
31
30
35
36
9
5
4
3
27
31
23
22
17
16
27
30
9
10
19
15
45
44
41
38
37
33
37
35
21
34
925
2
930
938
863
867
46
44
40
9
7
6
5
4
19
43
45
46
11
19
24
2
48
49
13
28
29
52
29
31
36
110
54
55
65
5
37
12
15
14
8
6
5
14
15
2
3
3
24
115
116
28
27
2
21
27
23
22
21
20
19
10
18
20
12
5
384
9
7
16
373
16
40
29
28
23
21
6
5
4
1
3
7
9
21
22
23
42
234
235
6
7
8
1
2
4
5
6
21
37
1
3
33
34
35
21
34
35
60
61
49
592
597
63
36
42
43
45
46
118
51
5
85
13
90
50
5
11
12
13
8
9
12
13
34
48
8
9
11
27
24
25
26
43
44
56
59
32
34
35
48
47
11
12
15
16
54
57
58
34
35
46
24
35
36
37
39
40
55
56
24
26
35
36
58
4
24
25
26
27
27
28
32
43
44
44
29
5
6
7
56
17
19
20
22
336
28
32
33
34
27
312
57
296
9
25
55
9
16
17
25
111
5
29
30
34
35
21
25
26
30
31
59
42
46
47
48
21
22
5
8
26
27
26
25
23
20
19
11
10
21
94
24
7
30
39
40
41
40
671
672
41
42
46
1
50
16
37
38
1
51
15
37
38
6250
46
6249
7
12
13
14
6250
46
551
4
5
6
7
507
1
11
16
17
18
53
15
16
24
2
53
29
30
31
32
34
35
54
55
244
44
28
33
35
36
37
1
6508
11
12
17
18
4
6
8
7
6
9
11
12
2566
41
37
30
13
11
10
2515
2516
12
300
31
354
28
353
27
24
1
18
19
37
66
35
5
10
11
13
15
17
1
3
23
35
32
31
30
25
8
22
32
21
20
20
28
26
21
32
33
25
109
110
355
36
4
3
10
11
31
30
29
17
18
23
5
9
43
42
28
32
28
17
14
13
12
11
4
5
9
10
16
37
30
29
25
20
6
8
10
42
36
35
21
22
550
24
19
26
18
17
15
57
17
98
100
32
33
239
202
5
15
46
16
27
26
25
23
10
392
12
367
17
16
13
12
27
25
24
23
21
14
12
2
3
6
13
44
7
4
5
48
46
45
4
44
43
42
13
7
385
386
20
18
17
2
3
5
400
38
37
1
13
12
9
22
13
12
9
8
339
117
116
27
26
20
476
455
366
17
16
15
33
32
61
27
26
24
24
26
2
6
128
16
15
14
13
19
47
1776
1752
4
21
22
56
17
18
19
37
38
152
22
27
1574
1613
6
41
42
203
1
57
15
16
17
56
11
12
16
17
57
58
59
60
49
1
5
2
19
20
21
3
54
351
20
2
50
155
25
24
6
7
20
145
8
14
41
44
45
46
118
97
132
29
135
30
31
60
3
5
6
40
288
289
57
8
12
13
37
38
58
4
39
41
42
43
44
2
57
58
59
26
41
42
38
40
41
44
45
46
55
24
25
26
53
26
84
27
42
83
59
37
38
44
8
9
23
24
29
30
53
15
16
45
47
51
102
103
6
105
17
50
15
16
17
18
51
18
19
20
23
50
9
34
35
36
4
6
7
190
52
31
225
44
1
138
27
35
36
37
38
39
45
139
148
146
37
4
56
55
35
54
53
46
44
38
37
48
47
45
44
13
12
11
1
57
43
42
41
40
36
34
60
58
42
39
38
61
40
39
38
37
5
1
47
45
43
42
2
46
45
43
40
1
46
22
19
18
5
47
43
42
24
23
89
52
46
45
44
43
85
28
27
26
25
22
21
42
38
37
40
1
4
233
46
232
48
234
47
46
1
2
10
24
19
1
49
48
25
2
8
50
236
235
48
14
44
43
42
41
39
1
49
38
37
36
30
51
50
35
33
31
30
24
23
21
20
19
1
6
63
64
27
5
30
29
28
27
37
36
31
1
40
39
35
28
27
26
41
27
19
18
376
40
31
327
30
29
28
27
51
50
49
403
47
32
322
43
42
32
22
21
20
37
36
35
33
32
31
30
29
1835
34
33
13
25
14
21
27
26
23
22
12
2
16
15
14
12
11
54
50
25
13
3
28
27
26
17
1
408
18
13
407
20
124
409
19
51
50
48
47
1
32
37
49
48
47
49
43
3
2
1
2
4
259
134
306
1
258
30
31
20
1
56
55
19
57
21
130
1
2
49
122
123
1
6
50
29
1
125
4
30
120
28
27
124
3
33
32
118
1
43
42
41
38
6
5
1
44
6
5
45
6
1
3
43
40
2
41
40
36
34
29
30
31
48
32
30
1
2
36
30
38
25
23
1
41
40
21
20
19
1
46
42
21
14
23
22
20
15
42
31
25
24
21
19
1
37
38
28
29
27
9
20
6
5
2
42
41
36
5
1
26
25
20
18
15
18
17
16
14
13
12
81
49
38
37
116
33
525
41
34
33
32
534
36
33
32
31
30
17
39
31
18
17
1
5
4
2
1
1
197
11
2
21
12
1
15
14
12
11
55
54
16
12
11
10
253
57
352
56
205
11
48
44
43
41
40
46
38
36
31
23
22
21
35
33
1
68
66
31
29
28
27
69
33
28
27
23
22
311
310
53
308
52
16
307
2
47
30
29
28
29
27
26
30
29
28
29
28
2155
436
101
56
22
21
17
12
282
2
39
38
37
36
19
17
16
15
233
232
14
13
41
40
22
21
19
17
55
54
45
20
19
18
17
45
44
36
23
22
45
44
43
39
37
80
176
41
40
36
35
34
124
46
44
43
42
48
45
25
24
23
17
1
2
11
23
1
9
10
23
1
25
24
32
31
28
27
26
25
1
2
178
1
40
38
37
34
33
20
90
91
83
39
38
36
91
92
41
40
39
38
35
2
3
17
16
10
130
46
15
14
2408
101
23
22
21
20
84
29
30
2475
2492
39
38
17
5
1
2513
18
17
14
13
12
1
2
20
22
1
32
22
34
31
29
28
26
25
28
27
26
17
16
5
2419
36
35
1
40
39
37
41
6
43
42
19
18
17
1
39
38
64
1719
2437
2424
40
56
65
1
2
37
28
27
24
23
21
38
32
31
30
28
27
96
94
17
11
10
9
37
25
20
19
30
29
5
28
27
24
23
3
32
38
28
18
45
1
27
25
23
16
28
26
41
22
21
28
27
25
11
9
7
1
6
47
45
4
5
9
48
38
1
4
23
22
21
20
2
3
31
21
32
31
22
21
1
33
28
29
28
27
29
28
23
2531
22
1
41
39
37
7
43
42
38
35
2607
2570
2571
46
45
43
11
37
2653
2633
29
28
25
1
21
20
19
16
45
43
22
20
1
5
46
1
2
51
47
1
52
51
50
57
50
49
30
49
58
51
26
25
24
23
51
50
49
47
7
6
5
3
36
111
84
7
6
38
32
7
47
46
45
40
39
38
37
20
19
15
14
27
17
16
15
14
12
41
50
53
54
23
22
21
1
44
43
42
41
35
26
887
25
888
24
19
24
18
15
13
927
2644
2636
41
39
23
22
21
20
42
41
37
36
35
51
34
33
32
31
12
18
17
16
15
6
19
18
113
12
10
17
16
14
11
9
15
14
13
2
54
53
52
11
10
38
37
36
35
34
33
32
56
54
53
40
34
50
42
40
39
71
29
17
26
100
99
57
56
55
54
3
5
49
37
36
35
34
31
12
1
5
125
6
149
11
5
16
12
23
15
1
158
180
182
52
151
54
53
18
17
152
16
130
156
155
19
153
17
16
28
27
26
24
1
49
29
28
25
9
50
24
23
81
155
21
22
12
11
10
9
8
194
234
24
8
229
29
11
10
40
35
32
30
46
44
41
40
39
242
29
241
27
26
19
11
413
412
4
48
46
45
43
6
61
20
19
18
15
579
28
26
25
13
17
16
15
14
13
13
12
7
6
5
50
49
2
4
44
43
41
36
35
27
44
30
28
27
22
20
1
2
36
33
32
29
37
35
34
41
40
38
37
13
12
10
8
53
7
45
15
14
13
12
5
6
41
40
39
19
16
328
87
50
46
45
40
39
38
36
26
16
17
18
415
414
7
190
191
415
8
7
378
1
32
30
29
197
33
569
9
1836
1829
55
53
52
548
1
7
2384
51
50
49
48
36
35
29
27
21
1
9
8
7
15
10
8
2
67
12
10
9
19
18
17
16
14
9
8
20
53
49
48
7
6
33
32
31
14
13
12
10
21
29
27
26
2348
2406
2408
23
21
40
38
21
20
15
9
2
18
14
201
202
27
26
24
23
16
2477
32
31
30
356
355
342
53
52
51
50
49
21
20
200
209
15
26
25
24
23
15
1
17
56
23
21
50
49
46
45
12
11
24
23
22
1
25
24
27
26
22
19
34
30
29
26
25
1
4
4
3
2
31
27
6
5
28
27
26
22
12
9
8
7
44
28
26
25
24
2
51
50
21
20
1
2
23
22
14
11
10
1
23
22
23
22
20
19
16
15
25
23
2511
22
1
16
15
69
8
16
68
69
73
15
12
1
7
12
11
10
9
7
38
37
35
1
3
10
38
2
14
41
40
39
1
13
8
48
47
12
13
9
13
11
8
115
114
21
14
13
68
134
135
4
47
35
24
20
18
17
35
33
31
6
46
40
38
37
115
43
35
34
28
27
112
8
26
25
23
21
20
33
30
28
27
26
9
9
8
6
6
45
24
22
12
1
5
46
45
4
49
46
45
44
66
35
6
7
119
34
33
54
53
33
52
8
81
83
72
55
54
1
34
33
32
31
30
34
31
30
29
28
27
51
48
40
33
31
30
4
49
48
43
1
3
49
48
47
28
17
49
48
48
47
45
44
316
315
52
50
47
265
264
49
48
47
1
8
54
218
52
55
50
49
30
29
28
27
26
21
318
18
15
14
13
18
17
264
35
33
270
32
43
89
263
33
32
27
1
41
36
35
34
25
45
40
39
37
35
47
46
45
306
40
25
24
23
22
20
34
27
24
85
23
34
33
32
31
14
15
135
138
48
46
147
146
45
44
34
1
46
45
42
38
37
112
35
46
43
9
48
47
46
45
44
4
53
52
50
48
47
47
46
45
42
1
39
36
28
313
1
40
29
28
47
42
41
29
24
23
22
21
18
17
1
31
29
28
26
25
24
10
9
8
7
10
28
26
24
9
43
42
27
10
9
8
47
45
44
43
148
39
62
60
59
58
57
43
42
41
38
8
88
184
136
34
1
38
37
2
38
37
22
20
1
646
28
23
22
52
21
705
645
25
24
22
5
725
721
50
13
12
80
76
9
8
7
16
15
14
44
35
34
43
30
29
28
15
9
8
51
45
36
29
28
27
730
55
54
52
28
1
42
15
10
44
43
13
11
9
30
28
26
25
24
19
53
52
51
50
12
3
32
231
191
16
15
16
12
11
1850
1
59
25
24
1149
1142
22
61
60
28
27
26
25
40
39
35
34
33
30
29
30
28
647
683
21
35
34
29
20
19
38
30
25
112
94
1
38
37
50
31
22
20
1
3
23
22
21
18
25
24
23
19
27
26
20
1958
1959
17
1973
16
1
2031
19
1998
18
15
14
48
24
23
22
21
191
2032
19
18
35
235
28
234
39
38
36
35
34
5
47
42
40
38
34
1
23
22
21
20
16
21
18
17
16
1
48
47
12
10
49
47
42
18
48
47
46
43
2
47
46
41
40
39
43
40
39
38
56
55
50
42
41
40
32
1
92
97
11
10
98
15
72
96
14
12
2
128
15
98
42
40
39
12
11
1
37
17
12
96
5
36
32
31
30
29
1
24
23
22
21
33
29
28
24
22
31
24
23
22
21
20
11
33
14
13
12
11
36
34
33
32
38
14
13
144
36
11
10
142
47
46
45
13
12
42
48
47
46
43
54
16
15
14
13
19
18
16
15
1
40
35
34
33
2
3
5
6
36
34
33
32
20
19
1
396
393
32
291
31
30
390
27
32
31
30
26
1
33
238
30
29
1
34
30
2
31
30
34
31
30
29
25
32
26
25
1
26
25
23
21
20
25
24
22
57
56
24
23
21
20
19
1
31
22
17
15
14
2
46
44
43
42
41
34
33
32
15
8
1000
40
15
1028
14
1
46
44
48
47
131
126
39
38
1
4
5
93
3
7
1082
81
92
39
34
6
36
35
34
33
29
48
23
17
16
1
44
43
42
41
21
52
87
45
2
32
10
9
8
2
42
39
27
26
47
65
8
7
9
8
7
6
3
2
17
16
14
13
119
35
34
33
118
84
1
24
23
22
1
46
44
30
29
27
22
48
47
28
23
24
23
292
1
30
28
26
2
47
28
27
24
22
21
19
1
2
16
1
23
22
21
17
23
1307
1306
20
19
1290
18
12
120
1270
1410
22
21
20
18
15
12
6
35
122
33
27
4
51
49
32
12
11
1
52
12
11
10
55
54
53
52
50
11
2126
29
19
2129
18
9
16
15
115
33
32
29
1274
49
2100
2102
48
47
1
4
2098
50
48
3
2097
5
4
3
2
48
10
9
8
7
44
13
12
52
50
10
8
7
1
9
10
33
32
937
930
4
8
33
31
30
27
42
39
38
37
34
33
39
38
23
22
25
24
23
21
20
37
31
28
27
135
35
33
32
31
28
1
102
44
412
43
41
40
411
1
3
937
37
35
278
37
36
35
277
1
39
940
40
34
32
30
1249
1248
27
47
45
44
38
37
18
17
16
1
5
2
1
160
40
39
38
1179
1181
34
29
6
42
41
40
36
34
4
21
20
19
18
17
11
32
31
29
28
27
6
4
3
48
1067
28
26
27
26
25
24
12
30
28
22
21
21
20
19
18
89
16
15
14
22
21
53
52
51
48
46
55
54
47
46
45
44
56
54
52
23
19
14
13
12
41
12
11
48
9
4
495
60
12
11
71
69
177
489
1
37
293
36
35
296
38
37
30
11
6
7
30
29
13
1
42
41
34
1
46
43
42
393
395
405
47
46
45
44
51
47
46
32
31
30
26
186
185
17
16
15
1
28
27
26
25
22
19
1
28
21
20
19
36
35
29
24
200
18
17
16
13
19
18
17
16
14
13
12
28
27
26
23
22
19
1075
41
39
38
142
150
459
440
447
32
31
78
11
77
140
45
44
43
42
44
42
41
40
36
50
49
42
41
39
297
53
52
51
50
268
1
36
34
33
36
35
38
37
36
35
31
21
20
38
22
20
19
1
316
19
17
16
15
14
315
18
14
13
11
10
280
32
31
36
13
10
9
37
38
37
26
91
90
37
35
34
29
28
27
1
46
43
42
40
15
47
46
45
41
40
37
49
44
18
17
16
14
56
55
54
12
11
285
59
57
17
16
15
12
10
58
24
23
17
16
11
1
3
28
26
17
16
43
34
2
43
36
35
57
37
35
34
33
60
34
33
32
30
47
46
45
44
62
122
38
37
36
34
20
6
5
123
57
56
14
12
11
6
58
20
18
17
16
32
80
79
31
30
1
330
49
47
35
50
48
46
5
22
21
19
1
4
23
22
18
3
22
20
19
1
23
11
24
13
12
26
25
24
52
56
12
11
48
38
9
8
5
4
60
11
18
19
21
22
1
2
3
4
18
30
31
1
18
24
25
29
1
24
25
26
27
36
1
26
33
27
28
30
31
32
322
28
29
38
39
343
283
1
28
29
33
22
28
29
31
32
33
34
39
40
41
42
5
6
11
49
50
16
17
18
27
190
191
203
45
47
48
1
2
3
13
14
24
42
28
29
30
36
40
15
18
19
59
64
114
12
43
28
5
17
21
1
37
38
80
54
59
81
36
54
58
1
14
17
92
84
19
16
18
31
27
28
29
283
18
21
18
19
20
38
3
36
38
39
20
22
25
28
35
1
2
30
32
38
40
75
1
33
35
37
62
90
109
110
11
13
1
63
62
12
13
22
25
27
36
63
62
38
13
113
14
21
1
13
14
139
140
19
35
37
38
39
40
2
22
24
25
26
40
42
139
16
181
17
18
25
37
40
42
43
44
1
4
19
23
24
25
26
24
25
27
29
36
30
32
119
33
34
59
25
26
75
28
5
34
16
25
14
15
22
23
84
85
1
9
10
26
2
8
25
26
226
225
118
7
8
258
50
51
54
285
6
24
208
25
27
11
12
16
17
18
19
20
1
15
16
17
21
26
1
2
20
25
1
322
23
24
25
321
253
17
18
24
46
7
284
62
8
9
2
9
10
38
40
41
48
49
8
14
16
11
12
14
15
28
37
38
39
41
50
16
619
623
17
18
19
32
33
34
35
36
18
20
21
22
16
17
18
19
41
42
43
25
30
31
32
33
34
36
40
33
46
57
58
25
26
310
27
28
32
317
22
23
24
25
288
360
1
22
34
35
21
23
29
33
189
53
56
57
58
50
53
136
55
131
1
51
52
53
54
56
44
49
50
52
1
2
20
60
63
1
62
7
139
138
38
52
11
163
58
59
165
1
9
15
16
20
22
26
5
8
20
23
25
29
2
3
27
1
28
29
1199
1221
7
36
37
92
1262
1215
1214
41
42
47
1
27
1198
1201
1209
1122
23
1118
1119
24
1121
28
27
37
39
42
21
23
24
27
28
1143
30
38
39
40
42
43
1
42
122
121
44
39
40
41
43
1
2
20
37
38
39
3
36
37
38
16
17
18
19
22
27
30
31
46
1211
31
32
33
35
37
1277
25
26
27
31
1279
3
21
22
23
1
15
16
17
19
20
16
17
18
41
17
18
19
37
38
39
42
43
32
34
35
36
42
51
53
1
3
20
27
28
29
1
2
298
299
61
58
26
19
20
21
294
298
25
28
32
33
35
36
37
10
11
12
1
152
44
46
48
49
151
152
43
44
1
4
29
30
31
35
41
2
16
18
55
56
57
393
270
390
27
28
40
41
50
52
53
61
2
16
17
21
22
49
52
53
10
11
15
16
18
60
25
1
34
38
39
45
4
8
31
32
33
34
38
39
49
39
40
41
46
37
47
40
41
42
44
6
20
30
31
34
47
1
34
35
37
38
36
37
38
39
40
117
34
37
38
189
58
66
26
27
28
4
67
5
25
190
192
38
40
41
53
14
17
18
19
38
1
26
27
34
37
38
39
25
37
166
41
81
79
78
39
46
1
4
53
54
55
56
57
50
51
54
55
24
54
56
17
18
57
7
14
15
17
18
19
69
198
45
84
55
56
42
44
238
237
1
8
15
19
43
19
18
17
14
14
16
17
18
24
52
53
55
1
27
28
37
27
28
31
35
36
2
74
146
31
44
1
2
31
37
43
1
28
31
32
42
11
13
14
15
30
35
36
1
2
46
47
48
35
49
50
29
51
27
43
46
48
49
527
568
382
20
21
22
23
40
41
504
503
42
3
20
21
22
25
1
44
45
58
59
1
46
49
51
52
57
2
3
49
50
51
54
40
51
25
26
38
39
1
52
23
24
27
46
52
21
22
713
13
15
34
22
21
727
729
14
15
17
33
34
35
15
17
20
21
22
25
2
14
61
62
11
13
14
15
232
233
187
18
51
52
54
56
1
2
52
58
59
14
15
16
17
1
4
13
57
58
5
65
36
7
6
41
49
124
50
72
26
24
55
56
57
1
58
59
60
62
192
2
38
39
40
180
52
53
54
55
57
58
74
53
54
104
55
17
18
22
49
50
20
21
22
23
194
7
10
11
233
12
13
14
17
192
40
166
41
45
2
38
39
22
31
34
35
36
36
37
42
43
39
48
49
50
448
24
25
26
27
470
233
11
18
31
32
33
34
43
24
28
31
37
38
22
215
214
23
36
38
57
1
38
42
43
57
35
37
38
39
42
1
28
29
30
31
43
29
38
46
40
45
44
3
16
17
18
19
2
7
6
7
20
21
13
23
37
39
40
41
42
12
13
17
18
1
97
8
9
107
108
1
40
45
46
8
39
40
106
34
40
41
42
62
35
38
39
105
40
23
43
45
46
49
39
40
45
1
7
33
34
36
37
38
6
17
18
34
35
124
39
41
42
39
40
427
48
14
15
16
17
34
35
3
283
15
282
1
14
21
25
4
19
20
21
22
24
22
23
43
46
47
2752
2749
1
2535
51
52
53
18
19
24
51
52
12
14
15
285
20
26
28
1
38
41
42
36
23
37
38
40
1
2
25
27
28
2017
2015
1
24
25
42
19
21
22
42
1
25
38
40
41
24
27
36
37
27
34
37
1
15
37
18
17
36
50
5
3
306
169
252
52
150
151
152
47
45
1
22
23
30
45
19
21
22
1
27
28
29
30
31
32
1
10
24
25
26
31
12
11
30
27
28
30
34
39
78
52
20
19
18
53
42
34
40
41
42
2850
14
2812
52
53
2877
2778
30
2766
33
1
6
12
15
16
2812
15
2811
19
17
18
24
25
1
18
24
19
22
20
19
20
21
25
30
9
18
19
23
9
10
20
22
3
2797
26
27
31
1
2804
24
28
4132
2859
7
22
24
43
44
46
1
1244
3
1354
1275
40
39
38
1243
43
42
1228
41
40
30
31
15
23
29
1
23
24
25
26
27
30
33
32
30
24
29
30
31
26
36
23
51
35
28
29
33
30
1
22
84
38
1
85
20
4190
37
1
31
14
22
23
31
15
14
32
31
30
27
21
20
17
15
14
4034
165
36
31
30
29
4199
4070
21
19
4191
36
1295
1294
18
17
1
43
1289
1290
40
39
1351
1288
41
6
1415
9
10
30
28
26
25
26
27
31
30
27
20
14
1
9
18
159
260
261
160
1
24
23
20
16
26
25
15
16
1
2
4
12
10
1
14
12
11
292
8
257
276
46
44
13
259
18
16
336
15
13
106
12
11
9
7
9
28
27
5
118
99
22
20
17
15
29
28
27
24
23
22
15
2
3
21
18
15
12
11
36
37
13
12
11
10
24
1
13
11
10
19
18
17
11
8
8
7
133
1
1
195
9
198
2
196
14
13
10
197
1
9
8
5
41
14
9
7
6
26
31
32
29
30
31
32
38
10
9
146
23
24
25
1
11
10
9
132
131
130
15
14
10
141
133
3
5
6
39
38
17
112
110
35
34
32
23
22
21
20
33
34
37
21
20
19
14
1
35
33
29
2
41
36
31
30
30
29
28
1041
15
1043
14
13
1
33
31
29
32
29
25
24
23
27
21
20
19
1
199
198
20
15
14
200
15
7
1
16
14
13
12
11
8
5
8
14
13
10
1
14
12
9
49
170
169
46
45
42
854
13
860
861
45
44
42
40
19
18
17
16
11
2
16
13
12
96
80
16
81
10
7
1
1080
15
14
107
106
1076
1079
15
14
40
1090
39
31
29
1
40
39
34
23
40
38
37
24
41
39
33
1187
14
12
11
7
19
57
17
56
14
54
53
37
36
35
30
29
21
12
11
9
1
181
180
56
16
175
181
178
57
55
33
154
18
15
14
178
13
41
7
24
21
141
31
35
100
102
11
10
9
45
38
8
6
16
18
1
4
31
11
10
30
24
32
12
1
9
17
15
8
7
4
16
12
10
9
29
28
27
28
14
12
11
2
762
780
41
13
7
1
764
769
766
3
1
22
18
5
1
13
11
4
2
8
5
14
767
6
7
26
13
7
8
1
31
30
28
27
12
13
28
6
7
10
11
19
1
1
3
4
2
3
6
1371
1372
1373
2
1369
1
1370
3
17
23
25
27
32
1
3
734
16
2
11
738
737
735
44
43
41
40
39
38
35
33
32
5
6
7
8
10
7
9
11
1344
28
1343
9
13
8
11
12
14
26
1
3
12
13
24
2
12
14
17
18
19
20
21
26
1305
49
20
1108
1107
26
18
21
1351
19
21
45
48
1
1372
3
4
1
2
43
42
41
36
17
16
30
21
20
19
18
17
16
241
258
37
36
32
45
18
17
204
197
45
1
7
34
33
32
24
1
35
34
39
38
37
36
33
1
13
61
35
32
77
1
12
33
32
31
30
16
9
33
31
30
29
46
31
29
28
47
40
32
31
30
51
50
47
46
41
26
29
24
23
303
22
43
238
42
53
52
51
39
38
3
38
35
1
30
26
24
4
31
25
24
1
1724
41
11
10
9
8
1755
2
12
11
6
42
41
39
38
78
74
37
15
14
20
18
14
9
8
1
30
29
28
27
1
124
30
29
25
1778
4
26
9
8
1779
1
27
26
25
10
26
15
14
12
11
3
1716
33
32
31
1
13
11
1787
1783
12
1784
1783
52
45
44
43
42
44
43
42
37
37
36
34
32
31
30
865
27
856
21
20
18
16
15
1
3
25
23
22
21
20
2
27
26
24
41
40
39
35
28
25
26
74
28
23
22
1
52
16
1
74
51
52
47
19
17
1
5
6
48
43
20
4
48
47
44
27
46
44
43
22
21
122
121
6
5
4
48
81
42
40
8
46
42
41
39
37
36
48
33
30
29
28
26
1
42
41
23
13
12
11
24
23
14
17
16
15
14
1
29
27
26
2
34
30
28
9
113
9
143
31
30
26
25
30
26
25
24
82
4
138
137
136
664
665
45
34
1
2
5
40
1
4
39
37
40
1
39
38
36
30
47
46
42
40
39
11
41
16
15
1
9
43
39
38
18
62
7
39
38
36
61
25
24
23
19
1
45
98
38
1
1
42
40
39
38
164
18
40
39
38
37
4
37
27
17
10
9
8
1
2
30
25
1
31
28
27
26
21
53
49
91
86
30
21
20
19
14
22
21
17
16
70
28
58
28
24
7
42
13
12
1
27
26
25
24
23
1
98
12
11
103
10
7
97
14
12
101
30
29
28
26
1
16
9
8
7
1
18
17
15
12
10
13
206
11
208
39
38
3
47
42
41
40
39
261
43
42
39
260
36
5
301
36
35
29
1
40
39
36
35
34
33
31
30
43
36
35
8
25
24
16
15
2
35
30
16
15
14
3
306
262
1747
41
1
624
19
18
3
625
20
19
1092
18
17
4
6
17
15
8
7
2
11
10
627
5
4
84
83
1
11
8
7
12
8
620
625
626
22
20
19
18
16
30
28
27
26
25
14
13
12
11
1
2
6
17
16
9
1
21
18
16
1
17
13
11
1
5
6
32
30
24
18
17
1
36
35
33
31
47
1
32
46
27
45
32
52
28
30
28
27
26
1
52
29
27
53
52
27
24
720
717
28
26
25
3
46
695
701
45
37
46
45
43
38
8
42
16
15
661
691
49
1
30
12
11
117
13
12
87
88
129
30
26
25
1
28
25
24
29
25
23
21
14
39
37
36
35
22
20
19
115
113
18
17
2
39
56
59
27
29
28
27
16
15
11
12
44
59
39
38
37
33
57
38
35
30
29
38
33
31
30
29
28
2
54
51
50
23
22
15
1
40
27
26
25
23
26
25
24
687
58
56
17
16
44
14
13
12
10
21
20
18
17
16
1
26
25
17
123
124
3
331
27
286
13
34
32
15
14
11
9
8
7
37
12
11
32
31
30
283
284
20
1
4
5
41
1
2
3
42
1
44
43
1
95
32
16
282
310
17
46
44
1
2
29
26
25
24
3
29
27
26
12
10
330
32
329
31
30
29
28
1
14
11
10
9
29
27
18
16
15
10
3
19
11
52
1
55
53
1
3
22
20
54
53
22
21
20
55
26
25
24
22
52
1
25
56
54
26
55
126
122
60
59
58
57
38
37
49
48
45
43
41
37
6
108
55
54
53
109
50
31
30
1
12
10
48
47
1
13
12
11
13
12
11
50
45
1
21
13
8
43
22
15
14
25
42
41
40
38
52
51
49
47
46
45
115
108
56
55
54
53
52
49
48
43
3
17
16
45
23
21
20
19
18
16
936
937
133
6
2
1
946
24
962
21
54
49
48
2
56
44
43
42
41
1
125
124
123
60
59
44
56
55
40
39
37
37
125
45
44
38
34
40
39
38
49
48
45
44
47
46
43
42
3
42
41
40
3
45
44
42
41
10
36
35
33
31
2
41
40
39
37
29
28
1
2
44
43
42
27
43
30
28
259
48
45
29
24
23
277
272
29
26
25
24
318
1
46
42
41
266
28
308
24
23
22
20
37
36
35
33
22
20
19
18
15
14
67
44
43
42
242
252
116
23
49
48
47
11
186
242
52
51
30
20
109
108
17
385
191
16
38
35
34
55
33
26
44
43
42
40
21
20
1
48
44
21
112
46
45
44
54
49
22
1
58
57
56
55
53
26
23
22
12
59
23
22
17
14
12
19
18
29
26
25
24
23
49
120
48
47
45
44
43
1
5
30
212
214
4
5
32
31
11
8
7
27
14
13
12
11
10
8
1750
1749
44
1746
8
7
63
62
1
2
10
28
1412
1413
1
209
1411
37
30
2
41
30
29
27
40
38
218
219
31
47
48
1199
1198
41
34
27
26
25
36
35
26
21
18
44
43
29
14
15
28
27
26
1
2
37
36
35
34
33
1
39
35
1
41
40
39
92
62
61
93
60
52
71
45
44
128
127
43
57
54
53
28
83
42
41
1
28
24
23
8
30
29
9
237
11
10
9
1
22
21
16
15
343
351
17
16
58
56
55
20
34
29
28
26
25
184
33
32
60
25
9
8
7
15
14
11
10
3
4
25
21
18
13
8
33
28
27
22
20
1
27
26
8
28
11
113
9
2
18
17
12
75
50
60
45
61
44
43
1
19
17
14
118
20
119
117
14
477
40
30
29
484
41
40
39
38
555
41
40
576
193
37
35
1
2
3
35
23
1
2
35
34
42
37
35
33
32
32
47
46
45
28
3
37
113
112
27
26
47
46
45
42
33
31
28
2
14
26
11
9
23
22
21
3
24
17
16
13
12
197
41
37
218
216
57
56
21
20
56
1
45
37
1
57
18
22
20
19
18
75
38
37
24
23
22
20
19
50
49
39
38
27
1
236
58
56
18
22
21
19
26
25
24
21
19
1
21
20
19
16
2
20
19
17
37
36
28
22
21
46
45
44
38
39
21
249
19
18
38
35
34
33
29
3
22
18
28
27
4
3
9
8
6992
7
6
4
6995
22
21
11
1
22
21
14
27
23
17
15
1
2
35
34
33
46
45
71
35
34
33
37
35
28
18
17
30
26
25
15
26
25
24
26
24
6867
6868
6842
8
6921
37
35
5
7
39
38
32
31
22
2
53
35
34
3
61
31
30
29
5
4
36
31
5
1
29
19
18
15
14
44
30
28
27
25
20
47
46
43
27
20
46
45
44
6929
49
48
6983
6982
112
47
46
45
50
49
39
38
36
1
4
44
36
32
19
38
33
1
33
31
28
32
31
29
9
8
38
37
36
98
97
46
45
43
44
43
40
39
44
43
42
39
33
25
24
38
37
36
44
36
35
34
1
2
54
52
28
25
90
89
53
26
2
368
48
309
46
44
38
32
31
30
27
24
460
24
23
22
20
19
683
441
46
43
5
225
2
223
50
109
48
20
18
17
16
14
366
50
49
25
24
19
255
306
28
25
16
1
23
22
21
19
28
36
25
24
23
38
2
28
27
26
49
54
55
23
38
23
22
21
15
14
1
29
25
24
16
22
21
18
17
1
23
22
21
308
306
24
307
306
21
1
8
39
35
33
40
39
38
37
34
1
51
50
32
30
54
51
31
29
27
23
20
19
14
13
1
42
52
41
57
71
19
17
15
104
103
42
41
56
33
17
12
142
141
43
42
39
42
41
39
38
6
6
8
44
43
42
1
31
15
14
13
30
17
30
32
42
39
38
18
15
14
51
50
49
48
43
39
20
13
11
78
49
48
47
43
103
52
51
40
39
29
70
87
39
38
37
41
40
38
37
35
34
505
40
6293
45
6798
44
29
28
34
33
32
31
13
46
40
39
34
32
31
68
67
22
21
15
10
9
8
19
18
13
12
9
8
5
24
22
50
51
21
1
50
22
8
1
23
9
1
13
12
11
10
1
14
12
1
2
34
33
27
26
39
38
37
35
34
17
15
13
6872
6869
56
15
12
11
18
17
16
15
11
532
533
534
13
12
536
1
36
29
27
31
30
28
24
23
28
27
26
25
23
1
27
24
23
22
13
8
28
26
23
21
24
22
19
16
2
3
60
18
14
13
12
6771
44
6785
40
33
32
14
13
6730
6731
1
27
26
20
11
550
29
28
27
26
25
24
37
30
29
29
27
25
24
23
53
50
28
27
26
37
5
3
2
16
15
1
24
23
18
15
19
17
16
1
4
41
25
19
190
19
12
11
10
189
23
22
11
177
12
5
42
41
27
26
122
45
44
13
202
12
10
9
8
6
16
6556
15
6555
14
11
23
22
21
17
48
46
20
19
18
17
50
49
47
46
45
1
47
31
14
15
14
13
27
21
20
18
15
60
2
14
13
68
12
8
48
7
6
32
6635
30
29
21
12
6
1
2
11
10
7
6
15
70
12
7
39
9
8
7
11
10
7
6
3988
62
61
7
6
4040
1
2
2
59
57
55
60
8
7
59
57
48
6572
17
15
6573
14
3
4
39
37
36
54
53
51
49
48
47
45
49
48
2580
47
44
272
53
276
296
49
46
44
1
39
38
19
41
39
37
36
35
4
104
103
59
53
52
36
85
60
59
87
58
57
56
56
43
35
34
31
30
13
6654
12
11
6600
35
34
33
31
30
29
18
17
34
32
29
28
27
26
50
49
47
46
50
37
35
34
33
35
27
26
50
48
46
45
44
51
340
30
29
28
27
57
55
43
40
1
51
49
48
47
40
2
50
41
40
39
32
44
42
41
39
41
37
35
34
32
66
37
125
124
31
27
26
58
38
37
34
33
28
58
57
78
40
3
58
43
76
61
60
59
58
54
1
54
48
47
46
66
67
111
47
46
65
73
49
46
45
44
40
11
32
30
15
14
1
43
42
34
32
44
42
41
38
36
35
1
38
37
36
34
33
1
39
34
35
5
6
48
31
3
48
41
13
574
45
31
30
18
529
40
39
26
25
542
543
4
528
529
540
46
2
50
37
51
50
40
39
1
2
101
104
105
39
38
1
104
110
41
50
43
42
40
51
46
45
44
33
32
53
45
43
42
38
37
30
22
21
20
36
33
32
31
2
33
32
31
25
24
23
1
669
19
27
22
28
27
26
23
33
682
55
683
54
56
55
54
53
51
50
1
661
682
49
48
47
681
536
50
2
43
42
41
38
43
39
38
37
34
32
25
43
42
41
40
39
40
39
37
20
19
418
419
51
46
45
44
43
434
1025
52
996
51
48
47
46
45
370
1
2
30
29
1075
356
23
1445
1444
39
38
14
31
29
1076
51
50
43
42
41
40
1354
2
1435
1636
1429
41
1633
40
38
3
4
39
38
37
244
243
36
1
47
1636
1635
46
45
44
1623
48
1637
43
1635
42
39
20
19
1
5
6
7
19
18
4
21
20
9
10
38
36
35
13
12
11
9
1
41
27
116
114
25
43
42
26
25
1
27
26
25
1
70
111
29
28
71
25
408
354
355
1
26
24
23
21
29
28
27
22
3
42
41
337
336
1
41
328
404
402
10
46
45
44
42
40
39
8
9
46
45
44
1
405
43
44
403
61
57
21
20
19
18
1
31
27
26
23
22
19
55
39
32
22
21
20
58
26
20
19
18
16
1
844
842
53
990
989
52
44
53
48
47
46
45
39
394
393
408
37
36
41
40
39
38
35
22
21
34
33
423
424
32
29
27
1
2
45
37
32
30
29
26
1
32
31
22
1
2
28
24
23
30
29
25
1
7
134
132
47
45
1
54
53
21
20
18
16
21
19
18
1
58
57
52
30
31
58
56
55
48
47
46
6
1
2
3
42
41
21
20
13
10
1
15
14
22
17
16
3
44
43
24
1
2
50
46
45
139
52
51
47
46
43
191
45
138
37
35
185
184
29
27
26
25
24
23
172
4
52
51
33
30
28
26
20
53
34
33
229
228
38
37
36
35
31
30
1
4
5
33
9
8
7
35
34
33
10
37
36
34
22
19
16
15
13
15
13
12
1
2
139
120
127
45
1
1
53
49
46
137
101
54
38
12
239
238
1
34
33
32
31
30
28
31
5
28
31
28
26
44
43
36
39
38
37
34
13
12
11
1
12
11
7
5
12
11
9
8
130
1726
36
24
22
21
15
5
103
108
49
41
40
39
38
37
32
1
36
55
22
21
104
51
54
22
38
24
22
20
22
20
19
23
22
98
149
29
28
27
5
1730
25
22
21
1708
1705
43
42
39
1
2
44
43
26
1
44
43
37
36
35
34
33
34
31
30
28
27
1
4
31
30
28
27
24
28
26
22
23
25
1
85
84
1643
49
47
46
36
24
1755
22
21
20
1
24
16
14
25
16
15
13
48
47
45
44
5
537
1654
47
45
44
43
26
24
49
45
43
42
41
40
37
1
2
39
87
85
1
4
86
37
36
34
41
39
38
33
31
30
29
1
339
338
47
46
7
8
340
47
46
45
44
43
42
39
51
50
43
40
35
34
33
32
40
39
38
24
24
23
22
21
13
22
21
20
14
224
46
45
42
38
38
37
36
35
65
37
142
36
40
14
13
36
209
207
26
25
187
36
196
35
29
150
23
151
22
9
21
20
19
18
17
14
35
28
27
26
1
28
27
23
52
19
37
29
20
19
43
42
41
15
1
42
41
36
35
38
37
36
33
32
22
21
20
14
13
1
2
13
12
24
15
14
13
445
15
422
423
14
24
22
17
459
14
64
20
19
17
49
1
2
49
14
12
242
81
15
13
121
189
41
39
38
122
123
38
37
412
36
31
201
43
42
37
35
52
244
236
45
37
35
31
30
33
344
32
360
1
35
34
33
24
1
36
25
24
37
25
24
43
54
339
39
35
25
41
25
24
23
22
21
20
22
20
19
50
20
19
18
17
54
215
14
228
63
2
107
46
43
36
64
65
44
42
40
38
1
10
43
106
3
45
44
50
48
40
39
28
27
26
23
22
21
16
29
18
17
16
1
51
33
32
15
1
55
54
17
16
56
18
16
15
13
240
393
27
26
25
28
27
26
25
17
9
7
1
646
2
630
23
632
19
25
627
629
24
38
16
14
13
1
29
25
24
21
30
23
22
21
21
20
17
15
1
35
33
13
12
53
52
36
13
7
42
38
37
36
35
34
45
34
1
2
5
38
37
34
33
26
33
27
194
35
28
26
6
9
191
8
7
26
9
8
44
43
34
17
16
15
44
43
26
22
21
19
17
16
15
55
54
22
21
16
95
15
26
25
11
40
39
37
36
35
44
43
36
208
206
205
43
42
41
14
1
36
33
32
31
3
8
7
24
49
44
10
9
1
52
51
348
405
34
33
31
26
30
29
28
26
22
2
27
24
23
22
21
45
44
42
32
23
27
26
23
18
1
229
200
16
15
17
16
15
1
2
3
5
4
20
1
17
18
1
2
17
1
2
7
1
3
45
1
2
4
5
1
2
3
1
1
38
1
37
2
1
2
3
4
7
1
6
1
18
19
28
31
1
2
17
1
3
8
15
4
5
1
1
1
1
2
1
4
42
1
3
7
1
2
6
37
1
4
36
1
6
37
38
1
4
5
1
3
31
34
1
2
29
30
28
3
1
6
41
40
1
4
5
19
1
2
4
5
16
1
15
47
39
2
1
2
4
5
8
12
1
8
1
8
3
7
100
1
4
5
1
2
101
104
21
1
11
12
99
1
2
9
11
1
2
98
1
41
100
47
141
139
78
11
186
2
31
1
2
1
6
7
1
5
1
23
28
29
1
187
1
2
36
1
2
4
5
29
30
35
1
2
1
1
1
6
24
5
23
2
4
11
9
10
1
3
4
5
6
89
2
3
1
4
83
2
3
87
1
6
86
1
3
5
1
2
1
1
2
1
2
1
2
92
89
1
283
91
2
3
1
3
1
354
358
1
4
1
3
14
15
1
2
5
13
3
4
5
1
1
1
8
355
1
3
4
349
348
356
7
2
1
3
4
7
8
1
2
1
25
1
24
1
2
3
23
1
9
10
1
4
8
1
2
3
1
1
2
1
2
4
1
1798
1774
1766
1
2
1
2
1
1
8
9
11
1
4
6
47
1
5
1
3
4
37
38
1806
1
2
3
49
1843
2
37
43
1
1
4
6
1
2
3
1
44
1848
1847
46
1
2
5
7
43
1
2
1
34
30
3
6
8
1
2
3
4
4
1
2
11
12
4
1
2
3
9
1
3
6
8
33
5
6
13
30
1
39
2
3
38
1
2
3
1
2
36
37
2
5
1
1
2
5
6
1
2
19
24
23
24
1
7
17
1
4
5
6
1
2
4
1
210
211
209
166
1
2
43
1
1
2
3
165
104
61
87
1
1
5
26
2
3
4
1
6
47
1
1
1
1
2
1
2
1
1
394
392
2
9
1
4
5
7
8
1
3
7
1
2
1
1
2
4
5
1
2
3
1
2
1
172
1
5
1
2
3
4
19
18
19
21
1
3
8
9
15
16
17
1
2
5
1
2
3
4
1
32
130
35
1
3
31
32
1
2
1
7
1
3
4
1
2
21
1
63
58
11
18
20
1
59
1
2
1
2
3
5
1
2
86
1
1
2
191
1
15
16
1
4
5
6
14
1
205
2
201
192
207
1
3
4
40
1
4
5
39
40
41
2
3
9
1
2
4
5
8
1
35
1
17
18
27
28
1
3
15
16
2
3
5
1
5
6
74
3
4
5
12
1
2
1
2
1
7
1
6
66
1
4
5
1
10
68
714
712
2
9
67
2
6
7
1
2
1
1
6
8
10
6
7
1
5
722
710
4
782
1
3
2
3
5
7
783
1
12
2
5
10
11
2
23
1
3
794
21
1
2
18
1
725
2
1
1
2
727
1
2
726
41
40
1
2
4
724
730
39
1
37
38
1
726
727
4
726
6
1
2
3
1
2
5
1
2
722
3
725
724
723
1
162
2
1
1
164
11
163
566
9
10
729
728
1
5
8
2
4
1
1
2
24
1
2
21
22
23
1
2
3
1
3
19
1
2
1
1
2
6
262
7
341
1
1
45
2
3
4
38
1
5
6
10
1
4
36
1
2
1
255
7
1
31
32
35
36
27
28
29
30
3
8
9
25
1
2
3
1
6
7
6
22
1
4
149
1
1
2
1
150
2
1
5
1
1
3
9
1
2
4
5
6
8
1
2
3
1
1
1
2
4
1
2
3
1
1
1
78
77
1
82
79
4
3
4
3
22
85
86
1
18
1
2
3
7
1
1
1
4
3
1
1
4
5
7
8
1
2
3
1
1
2
3
1
1
2
1
1
1
1
1
3
4
2
5
2
3
62
63
1
1
59
226
224
217
1
3
4
285
1
2
1
291
290
289
1
1
4
5
2
4
1
3
4
8
2
7
1
26
1
23
24
25
1
4
8
1
3
1
2
4
1
220
2
3
1
217
300
270
218
1
1
4
1
2
3
13
12
13
1
2
3
1
1
2
1
20
28
30
1
19
89
1
12
17
18
1
3
88
4
2
1
3
4
5
1
2
1
92
10
11
9
1
9
1
3
7
8
1
2
1
1
4
1
3
1
1
2
1
2
9
1
1
6
7
1
339
335
3
5
340
1
4
1
3
13
1
2
1
340
7
338
339
1
2
1
2
1
2
12
1
1
2
10
1
3
4
8
9
1
2
1
1
1
2
1
2
4
1
126
127
1
2
125
1
2
3
12
13
14
1
1
1
4
3
1
3
4
5
10
12
1
2
11
10
1
1
42
41
5
84
21
22
23
43
1
43
1
1
12
13
43
10
11
2
53
1
2
103
104
1
2
5
1
31
1
3
17
18
27
30
1
2
8
9
10
17
1
6
7
1
1
1
3
1
2
3
2
4
5
1
2
1
7
8
1
3
1
2
1
1
1
5
6
3
4
1
10
1
2
3
7
1
1
2
1
4
1
2
13
1
12
1
1
2
3
1
1
2
4
1
1
2
2421
2422
1
2
2380
2381
2420
2378
2384
1
3
4
6
1
2
37
39
1
27
28
36
1
26
1
23
2
3
6
22
2383
1
1
2384
2383
1
1
3
1
2
4
5
1
2
3
16
17
16
1
2
8
14
1
6
1
2
4
5
1
2
3
87
86
87
1
5
77
1
1
68
70
4
1
72
11
13
13
2
5
7
1
10
3
1
2
1
1
1
7
8
1
5
94
1
97
105
4
3
9
11
12
1
2
96
1
63
93
94
2
30
25
28
27
26
1
4
5
107
54
1
2
3
10
55
9
1
1
7
101
102
1
26
27
79
80
2
25
1
2
3
1
15
21
101
2
2609
14
2508
2
2612
2611
1
8
2614
1
15
19
20
1
2
13
14
1
11
12
1
2
1
1
2
4
1
2
1
2
1
2512
2509
2
3
1
2
3
4
1
3
1
1
1
2
1
6
5
1
1
3
4
1
2
1
2
5
1
1
3
8
1
2
7
1
2
13
15
1
6
11
158
1
119
5
159
17
39
1
3
157
142
1
2
1
2595
161
160
2590
2594
1
2750
2751
8
9
10
9
14
15
1
26
27
28
31
2741
1
4
25
1
2
3
23
24
1
5
22
1
3
4
2
3
4
1
3
4
5
4
17
1
5
6
1
4
1
2
3
1
10
12
13
1
7
11
1
6
5
1
3
4
1
76
77
5
1
4
5
4
1
4
71
1
32
31
1
76
979
977
46
43
33
1
6
903
1
2
3
4
5
1
1
1
4
5
1
911
3
2769
912
1
2
6
16
1860
1858
1
2
912
1
1
2
3
5
2
3
4
1
7
931
6
1
3
4
1
2
7
10
1
5
1
26
14
13
1
2
12
28
27
10
65
11
3
1
2
5
7
1
3
4
5
2
1
1877
1876
2
1878
1
1881
1880
1
2
45
495
494
493
1
18
19
20
44
1
18
1
1
1
2
1
2
3
4
1
5
1
4
5
2
4
1
8
9
2
4
7
1
2
2
17
20
21
1
2
3
1
4
5
18
1
3
1
2
1
3
24
2
12
13
213
1
2
9
1
10
9
10
7
8
215
1
2
7
42
41
42
43
3
1
2
11
10
36
37
38
1
209
210
9
10
1
208
1
5
7
8
1
3
4
11
1
2
1
14
1
2
7
1
1
3
4
1
2
1
124
1
2
5
2
3
4
5
10
1
8
66
65
9
2
4
6
7
1
2
1
2
1
1
2
79
80
1
2
1
1
79
80
76
73
1
4
6
8
1
2
1
3
2
1
75
58
1
1
74
1
1
4
1
14
1
4
12
13
2
3
5
1
2
4
1
2
3
136
2
6
7
8
4
5
1
1
1
5
1
4
1
2
3
1
1
2
1
859
1
12
13
846
773
159
2
3
11
1
61
59
60
1
1
2
1
221
2
3
1
8
9
1
4
5
2
3
13
1
12
25
26
11
1
9
10
1
2
7
8
11
1
3
76
77
78
1
73
2
22
1
2
73
29
26
24
1
75
6
30
76
68
1
8
1
6
7
4
5
1
2
3
12
13
1
2
4
5
6
1
1
2
2
3
1
5
6
1
2
4
65
1
2
8
599
67
1
2
6
7
1
1
2
3
4
1
1
43
1
45
44
1
46
607
604
47
15
535
1
4
13
1
115
556
557
3
109
8
1
2
28
1
107
110
96
106
30
11
1
3
1
2
9
1
2
3
5
8
1
14
1
10
11
20
15
1
2
9
1
3
2
3
1
4
97
5
118
1
4
520
1
519
405
404
114
1
2
4
92
19
21
1
3
16
17
1
89
88
7
96
90
6
6
1
6
1
36
32
1
2
6
37
1
3
5
6
2
1
3
94
95
91
2
47
44
44
43
1
2
36
37
9
1
30
31
35
89
5
29
90
91
94
1
4
1
1
2
24
1
22
1
2
3
1
10
11
10
1
2
4
5
1
2
3
5
1
3
1
2
1
2
1
2
5
6
402
7
1
1
3
1
2
1
1
1
1
1
407
42
1
560
1
3
4
559
540
1
19
20
10
17
19
1
7
1
3
6
1
2
1
43
35
2
3
42
1
39
38
41
3
40
1
2
4
7
8
1
7
2
32
33
1
2
31
30
1
15
17
1
2
4
5
6
1
2
1
1
1
2
3
4
2377
1
2
7
8
6
1
2373
2374
1
55
58
54
7
45
44
40
3
4
5
20
8
1
2
1
2
1
1
3
4
2433
2431
1
2
25
1
27
1
28
2437
1
1
2
13
2438
1
11
12
2
1
2
1
6
7
4
5
10
11
1
3
8
9
1
2
6
7
1
1
6
1
2425
215
1
2210
2206
2205
2206
37
36
1
4
1
9
1
1
1
2
1
32
34
2169
1
31
2
3
23
28
29
1
3
4
22
1
2
21
224
1
225
1
1
2
301
224
1
2
13
16
18
1
305
303
306
294
1
11
13
1
2
12
9
10
11
77
1
76
1
4
1
3
1
2
1
79
80
1
8
1
1
79
1
78
1
4
5
1
2
3
4
295
43
1
46
45
1
48
47
46
291
294
49
2
3
4
12
1
104
3
1
110
105
2
111
110
343
1
2
4
5
1
19
12
233
1
2
20
1
1
29
7
8
1
2
3
4
137
1
31
139
138
1
29
30
1
26
28
25
1
2
3
1
1
4
3
4
1
5
1
3
4
1
2
1
15
1
14
1
13
1
2
1
3
2
2135
81
1
86
8
7
1
5
88
1
2
3
5
2
3
4
1
3
1
85
11
10
9
7
11
1
3
4
1
1
2
88
1
89
2
3
5
1
87
170
50
51
40
31
1
3
8
47
90
2
3
2
1
5
26
25
18
1
2
3
4
1
54
2
101
47
44
43
42
1
3
2
40
107
42
1
63
65
2
5
3
4
5
54
1
2
3
5
1
1
2
1
2
62
1
72
3
1
3
8
1
2
1
2
1
2
3
5
1
1
2
1
2
3
1
2
1
2
7
1
1
3
5
1
2
7
1
265
5
6
260
4
85
1
83
79
2
1
2
3
1
2
1
3
4
1
2
41
1
2
3
34
1
201
1
185
81
202
6
7
11
16
1
31
1
27
29
30
203
199
16
18
26
27
1
3
4
44
45
219
1
2
43
1
2
4
5
42
1
2
1
5
1
3
4
2
33
1
32
33
31
1
3
1
2
7
8
1
270
5
6
269
266
1
266
221
1
4
45
1
3
1
2
7
1
2
6
41
1
1
1
126
1
2
3
1
4
85
2
3
1
4
87
1
3
1
4
82
83
3
1
6
10
80
79
1
2
1
1
2
1
4
1
10
7
9
90
1
349
6
91
1
6
90
1
1
3
5
1
2
4
1
2
5
270
272
1
2
48
1
1
43
47
1
3
42
1
2
352
1
2
7
39
1
2
6
36
35
36
37
1
3
4
33
34
2
7
8
32
62
5
6
345
1
2
6
351
1
5
1
2
1
3
6
296
304
1
305
5
1
2
1
2
1
303
53
54
1
2
3
1
1
5
43
44
1
2
40
1
56
2
55
50
57
44
42
2
14
16
17
1
7
16
6
15
57
5
1
2
24
1
2
3
9
10
1
5
7
1
2
3
4
1
12
14
1
6
7
11
1
172
5
2
1
2
46
1
1
12
120
10
11
167
1
3
47
1
2
43
46
1
2
3
41
42
1
11
167
1
3
1
2
1
35
36
1
4
34
2
3
29
33
1
19
28
1
18
27
1
80
1
76
75
1
81
2
4
80
322
1
320
8
403
402
8
352
15
1
6
51
2
1
2
7
1
2
3
6
1
77
101
178
1
112
1
2
326
3
1
9
10
328
313
2
8
329
2
7
15
16
328
1
2
327
1
4
5
1
42
45
1
5
1
2
3
9
1
4
5
6
7
8
1
3
7
1
2
30
1
19
20
28
29
1
19
13
18
1
3
1
315
2
1
313
36
1
35
349
1
3
106
105
12
15
1
2
11
4
5
9
10
11
12
109
95
3
1
4
5
6
14
109
1
108
1
109
1
2
1
2
3
1
2
5
8
1
1
2
3
1
1
1
2
3
1
4
1
2
3
98
1
97
5
1
102
1
2
4
6
1
1
4
3
8
15
16
2
3
1
2
4
5
1
17
1
2
4
6
1
2
8
674
3
2
677
6
7
9
1
33
34
1
31
32
37
36
3
4
1
1
671
1
1
2
1
3
6
14
15
2
23
24
1
2
14
15
16
22
1
12
21
9
11
14
3
8
2
5
2
3
1
2
5
1
1
7
8
1
4
1
3
1
2
714
1
11
712
713
1
10
5
9
3
1
1
1
3
4
1
700
1
1
699
2
7
8
9
1
6
701
1
2
4
5
1
1
5
1
3
4
2
1
2
4
1
2
1
1841
1839
1
2
33
1
2
3
5
32
1
3
5
6
7
1
2
26
27
29
1
2
24
25
1
2
78
1
2
79
22
1
4
8
56
1
1
77
1121
1120
1
1044
2
3
1043
339
1
704
338
1
2
1
2
339
4
3
4
337
340
341
1
2
1
3
1
1
1
1
2
5
1
1
2
3
1
2
9
1
7
87
86
1
1
18
87
1
87
2
3
1
89
1
3
31
33
1
3
4
29
1
2
28
1
9
1
4
1
2
3
25
1
20
21
24
1
17
20
1
2
3
14
16
1
12
13
1
11
6
1
1
1
1981
2
1978
1980
1
2
8
5
7
14
1979
5
6
1
3
1
5
1
2
3
9
1
4
5
1985
1984
6
1
1
2
4
1
1990
1986
1
2
3
4
1990
1
1
1
2
1
2
1
3
87
90
1
2
1
2
3
24
1
5
1
3
4
2
1
1896
1895
1892
1
3
4
1
2
1
8
1
7
1
3
5
1893
1
2
1892
7
24
1
2
1
3
5
2
1
1
2
8
1
16
17
1
2
6
15
1
3
4
5
6
1
3
11
12
13
1
2
4
5
11
1
3
1
2
1
108
4
5
6
1
108
2
1
23
24
25
1
21
22
1
8
20
7
1
2
3
4
1
1
2
7
8
1
4
5
1
10
11
1
4
28
5
32
9
1
3
1
2
1
25
65
68
1001
24
1
2
3
4
40
1
2
38
2
4
32
36
37
27
28
1
4
1
2
1
2
27
1
7
28
29
28
1
6
1
2
3
6
5
6
7
29
1
3
4
1
1
1
1
22
133
132
101
155
4
5
54
1
5
6
104
105
1
55
1
3
4
1
2
1
1
5
1
4
1
3
4
5
105
1
3
1
91
100
1
2
3
5
6
1
5
9
1
1
2
1
20
21
17
19
1
2
4
1
1
261
2
260
271
259
5
11
2
3
4
360
5
7
1
4
2
3
1
6
1
2
4
5
1
2
1
3
4
268
270
1
3
4
28
1014
269
1
2
1
6
1
23
24
1
3
4
2
18
19
8
9
10
1
6
2
1
2
3
1
1
1
3
2
1
2
5
1
2
3
1
3
1
2
1
2
1073
1069
1
2
3
4
1
1074
1067
1066
1
2
7
1
2
1
2
5
1
11
1
2
5
6
8
7
1
4
1067
1
3
1
1066
2
1
1
2
1068
1
2
3
1
4
6
139
7
137
1
2
138
140
1
3
1
3
25
30
139
31
1
2
3
2
1
2
3
25
27
1
1
22
1
2
4
5
1
20
1
2
9
19
7
8
18
19
20
1
7
1
4
5
1
2
3
30
29
180
1
3
28
1
2
10
12
1
8
1
4
6
7
23
3
22
1
13
14
20
46
1
12
20
2
9
11
5
7
8
1
3
2
2
1
1
108
13
1
2
109
12
1
101
2
111
1
1
6
1
2
1
1
2
1
3
72
6
71
2
1
3
109
108
2
75
1
3
4
28
29
28
33
1
170
4
5
6
25
26
1
169
25
106
18
85
1
39
1
103
84
83
1
8
9
1
37
38
84
35
36
2
3
5
7
1
21
23
1
15
16
20
1
2
8
9
14
1
2
6
7
1
2
1
4
7
8
1
5
1
3
1
2
1
2
3
5
1
1
1
1286
2
1285
1
3
1
2
1282
1
1
2
1
3
4
5
1283
1285
2
1
2
1
1283
4
1
3
6
7
1288
2
1
2
1
2
4
2
109
2
3
29
30
33
34
108
107
1
4
5
1398
1
3
1
2
25
27
1
7
24
1
2
1393
3
4
5
7
1
3
1
1
3
1
3
1389
2
1
157
2
1
2
1
5
6
1
2
4
1
20
1
2
5
15
19
1
2
3
4
5
6
1
1
3
2148
1
10
2149
2
1
2
1
1245
1247
1
2
3
7
8
903
899
1246
2150
1391
1
1
1
5
17
1
3
4
15
2
11
13
14
1
906
905
904
9
1
4
3
1
2
3
6
5
39
1
1
2
3
6
7
1
2
3
1
31
29
30
1
2
4
6
1
2
1218
3
1
1215
1216
1
2
1
2
3
310
312
4
1
3
17
18
3
1
2
8
16
1
2
7
1
5
1
2
1
4
1
2
1
8
1
2
3
7
1
1
1
4
1
3
6
1
2
4
1
1
2
1
164
1
1
4
21
1
3
1
451
452
1
1
13
14
8
9
12
435
6
7
1
2
49
1
2
45
48
1
10
1
2
9
43
1
7
1
2
1
3
1
27
29
1
26
1
4
5
3
1
1
2
1
1
2
1
2
1215
1
16
2
15
1
2
3
4
2
3
12
13
1
2
1
1221
1
9
10
19
1
2
4
1213
2
6
7
10
2
4
1
1058
1057
1217
1
2
1060
1059
1
15
17
1073
1061
1
1
2
3
1
11
12
1
10
1
1
2
6
4
1
2
3
8
1
53
7
73
75
1
2
8
65
54
5
1
2
74
1
2
1
76
1090
1
20
25
1
2
1
7
6
1043
18
19
20
1
15
11
10
9
1
2
12
1
3
4
5
23
15
14
1
2
11
1
1
7
29
30
29
28
27
26
4
5
6
7
37
32
1
2
3
102
108
38
1
6
12
103
13
1
5
3
4
41
1
37
36
1
1
7
1
2
57
3
1
2
3
6
60
1
2
4
5
1
59
1
2
1
2
1
1
117
2
4
5
1
1
2
1
116
6
2
1
2
34
4
3
1
5
33
1
4
1
8
9
14
314
312
2
3
28
27
1
24
25
26
1
23
3
1
11
53
16
1
4
10
1
2
3
1
4
5
1
3
1
2
4
6
1
3
4
27
28
244
29
333
328
1
327
3
1
3
7
1
2
328
1
2
1
3
4
5
1
2
1
2
3
1
18
19
1
17
1
6
1
2
4
5
1
1
2
1
5
1
3
4
4
5
6
7
1
2
3
11
1
77
66
9
11
1
8
1
5
6
7
1
2
4
1
2
1
1
1
22
1
21
89
1
1
10
11
218
8
1
2
1
2
3
1
1
217
216
1
4
5
7
1
3
150
1
151
1
2
8
1
2
1
3
4
5
1
2
7
8
11
1
1
2
6
1
2
21
309
1
3
4
16
19
1
5
1
4
67
68
1
1
2
66
68
65
1
3
10
9
11
1
2
3
4
6
1
1
69
1
22
1
2
19
21
1
18
1
1
3
4
2
1
2
1
1
2
3
1
5
288
1
2
4
1
9
8
1
2
1
283
281
282
1
4
2
3
20
22
31
19
1
2
12
14
17
18
19
20
1
18
48
2
3
46
6
1
2
3
365
48
371
292
293
317
296
5
6
9
10
11
1
21
4
5
19
20
49
2
3
1
3
1
2
1
2
1
1
5
1
2
4
1
1
2
13
14
1
2
6
1
1
4
38
3
4
5
6
7
1
42
5
1
304
305
3
1
303
297
46
1
2
6
5
1
6
1
302
9
303
1
7
8
11
12
1
2
3
304
1
1
301
6
87
1
3
79
88
107
1
6
7
8
12
2
17
18
19
1
2
8
9
12
16
1
15
1
6
5
1
3
1
2
27
1
5
28
1
2
4
1
1
3
1
2
40
46
45
46
77
38
33
1
2
3
4
1
44
42
46
45
1
2
5
1
1
3
1
2
106
105
1
106
77
117
52
1
4
5
1
3
26
28
29
1
2
20
27
1
2
18
19
1
6
7
9
16
1
3
4
5
1
2
1
2
1
1
4
3
1
2
4
7
8
9
1
3
1
2
1
3
1
2
6
9
1
5
1
3
4
1
2
1
1
7
1
3
5
6
1
11
52
16
16
50
1
2
3
4
8
1
1
2
40
1
3
4
42
43
42
1
2
5
46
1
3
4
1
4
63
2
3
67
1
51
68
28
25
24
23
22
21
166
16
1
93
94
1
3
6
36
68
1
2
67
1
68
1
67
66
1
2
3
1
5
7
1
2
3
1
45
42
1
1
2
1
50
49
43
51
7
25
280
2
3
1
9
10
11
10
1
2
4
8
1
2
3
1
18
1
15
16
17
1
4
14
1
2
12
13
1
5
6
11
1
2
3
4
1
1
1
1
187
1
9
10
7
9
1
1
2
1
255
1
5
9
1
1
4
161
163
3
1
4
1
3
157
202
203
2
1
2
45
1
4
5
1
3
1
2
12
1
9
10
11
1
8
1
7
35
38
1
4
5
6
32
34
1
3
31
1
2
29
30
1
2
6
7
8
10
1
1
5
1
4
1
2
3
150
1
151
1
1
2
150
152
83
1
2
1
1
2
84
1
85
86
82
84
1
2
1
1
2
1
4
5
31
1
14
12
13
1
7
1
2
24
26
1
110
3
4
1
108
109
18
22
232
17
18
1
3
44
126
107
1
2
1
108
107
1
1
3
106
1
2
1
16
17
39
40
15
2
8
1
3
4
5
1
1
2
1
2
3
103
1
1
102
12
13
14
103
1
99
10
1
4
1
3
1
2
201
200
101
1
1
301
100
1
3
9
2
3
5
20
1
19
79
80
60
1
2
16
17
19
1
2
15
1
2
1
3
2
2
3
1
1
21
22
1
2
5
6
20
1
18
19
2
3
13
15
16
1
2
10
12
1
11
1
6
1
5
3
4
1
2
1
1
2
3
2
1
2
20
1
16
18
19
1
15
1
9
100
8
3
99
1
2
1
102
101
1
1
6
7
125
102
1
3
23
10
12
11
42
43
1
2
4
9
26
1
7
8
1
2
4
1
1
2
22
2
3
4
1
2
4
5
6
5
1
2
1
214
16
1
71
1
4
1
2
3
18
32
1
12
13
14
15
12
1
2
1
60
61
1
2
59
1
2
1
4
7
1
2
4
43
32
1
44
32
44
45
46
30
31
4
25
29
47
1
3
1
2
4
1
2
22
21
14
19
20
1
8
11
13
1
6
7
1
3
5
1
2
1
1
2
1
1
1
4
1
2
3
2
3
1
3
4
1
3
2
115
1
231
116
2
3
346
115
114
1
3
4
5
1
2
1
5
343
1
4
1
3
1
7
11
1
2
337
338
1
4
335
1
3
1
3
334
5
6
1
2
1
1
2
1
5
340
1
2
1
3
4
339
597
2
270
277
2
3
1
1
2
4
1
344
1
345
1
2
3
4
346
3
4
1
1
1
1
4
5
1
3
1
2
1
6
7
1
6
1
5
4
1
602
2
607
5
9
8
5
597
6
1
2
601
604
605
599
1
3
1
2
1
1
603
3
4
3
4
1
2
12
1
2
606
1644
1
1
5
6
1044
1038
1
4
3
1
1050
1015
1
2
4
6
33
34
35
1
13
32
1
2
12
1
2
3
390
11
2
388
397
9
1645
385
387
1653
8
1
2
3
5
1267
1268
1
2
1
5
9
1
2
4
1
2
3
1
1262
1
29
1
4
27
28
2
3
1
24
2
3
4
23
388
387
1
1
388
1
1
5
378
1
2
4
19
1
10
17
18
1
2
9
1
2
6
8
383
1
2
4
336
313
7
23
1
2
1
4
4
5
6
7
8
7
1
2
13
25
26
1
2
10
11
12
1
1
7
8
1
4
5
6
1
3
1
2
1
1
1
35
55
34
35
1
3
1
12
13
19
20
32
28
9
10
11
1
2
1
2
4
1
2
3
1
5
30
1
3
9
46
26
1
39
4
38
1
2
7
8
1
2
4
43
1
2
39
1
2
26
37
38
39
40
18
19
24
1
2
4
1
2
1
2
3
7
10
11
1
5
6
1
3
4
10
11
12
1090
2
8
1
1170
1
2
3
5
1
5
3
4
2
8
1
2
3
5
6
7
1
6
1
2
1
1
2
3
1
86
87
1
7
1
2
1
2
1
14
1
7
12
13
1
6
1102
1101
1
3
1
1102
1116
3
1
2
14
4
5
9
13
14
1
4
5
1
1
164
137
138
4
1
27
165
5
165
1
4
1
160
1
161
1
3
1
2
1
3
4
11
17
1
2
3
1
2
3
2
1
5
7
1
2
4
1
7
1234
1189
2803
1
2
5
6
1
3
4
2
1
2
3
4
5
7
1
6
1
1241
1
14
15
1
2
13
5
11
12
1
1
2
1
1
5
6
1
3
4
14
1
2
13
1
9
11
12
1
6
7
8
1
2
5
1
1
2
3
1258
1
1259
3
4
1257
1
4
45
1
1256
2
1
1
5
7
8
1
1258
7
1
24
1
22
23
2
1
3
13
17
18
1
2
1
1251
1252
2
1
1
10
1
2
4
7
9
1
6
1
2
272
273
1247
1
2
4
983
976
1248
1
2
124
126
987
129
5
1113
2
3
1115
7
3
5
6
1
1
1
5
1
2
1
1
4
1
3
12
11
1
359
355
9
8
9
3
4
10
1
2
1
6
17
18
7
1
2
6
472
364
1
2
5
40
39
40
41
465
470
1
3
4
12
1
2
6
7
8
1
26
1
2
4
25
1
24
1
2
1
5
1
3
4
1
2
67
89
1
1
3
22
1
2
4
1
2
3
1
19
18
19
1
6
1
4
1
3
1
2
11
1
9
1
2
3
5
6
8
1
7
1
1
2
9
10
1
8
1
1
2
5
3
86
2
1
88
89
1
2
3
4
1
1
3
7
1
2
3
85
2
83
1
4
84
1
2
83
72
1
1
3
2
3
1
151
152
153
1
71
1
1654
1614
1
2
18
20
1
2
152
1
12
16
151
6
10
11
2
1
2
127
129
1
157
39
4
2
6
7
5
42
43
2
4
9
1
1
3
2
1
2
4
1
2
1
2
125
124
1
1
3
11
125
10
115
1
1
2
8
9
1
2
3
6
1
1
2
3
423
424
1
2
3
120
123
124
4
1
3
421
1
116
117
1
2
21
8
1
2
3
1
26
24
23
1
3
1
2
3
120
297
36
35
31
2
294
282
1
39
11
1
281
1
10
282
292
8
9
10
1
4
7
8
1
2
3
1
24
23
1
2
3
1
15
16
19
1
3
17
18
1
2
14
1
5
1
2
4
1
1
2
3
1
2
108
1
2
1
3
1
1
4
72
1
190
1
12
13
14
6
8
12
1
1
3
1
2
1
1
2
16
1
3
4
6
5
6
1
3
1
2
189
4
1
1
2
1
2
1
2
186
362
1
2
1
6
1
2
1
546
6
7
1
2
767
1
2
768
1
2
79
78
1
1
15
739
730
79
1
1
78
1
1
2
1
2
3
1
1
3
1
6
7
10
6
1
2
3
1
2
26
1
28
4
37
32
31
1
3
754
1
2
755
1
7
8
9
1
754
755
41
1
2
6
714
1
4
5
3
19
1
2
9
11
17
19
1
2
10
1
1
1
3
39
1
2
37
4
36
35
36
1
4
5
8
3
14
26
27
28
26
12
14
23
24
1
2
3
10
11
2
3
1
38
8
4
52
50
39
2
2
56
56
75
58
1
2
4
5
20
19
1
2
3
9
11
1
11
9
10
1
6
5
26
25
1
4
5
33
1
2
34
1
6
35
174
2
51
52
2
172
1
2
175
174
1
1
4
176
2
3
49
1
5
7
8
42
47
48
1
47
1
3
4
214
46
1
2
1
47
46
1
12
1
218
1
8
9
7
1
7
8
17
222
16
206
5
1
3
4
1
2
1
34
1
2
4
1
2
8
9
1
2
17
24
23
27
1
11
15
1
2
10
1
6
8
9
1
4
7
1
3
1
443
479
3
35
36
1
3
4
237
1
2
240
3
4
13
1
8
9
10
238
239
1
7
1
6
1
4
5
1
3
2
1
4
1
3
2
228
229
232
1
1
3
1
2
1
4
1
2
3
1
1
2
1
1
3
4
10
1
2
7
11
1
5
6
1
2
1
2
1
19
20
19
1
4
1
89
85
84
2
11
1
1
2
4
30
31
30
31
28
29
1
5
10
27
1
26
1
1
1
3
5
1
2
1
3
5
9
10
2
1
8
9
17
7
16
1
1
2
4
1
2
1
2
4
5
1
2
5
4
5
8
1
2
3
1
1
12
1
11
2
3
10
1
2
5
8
1
7
8
1
1
1
3
158
1
2
65
66
1
2
159
222
223
1
13
216
221
4
12
1
2
1
1
160
159
1
2
5
1
1
3
1
2
5
7
8
1
2
3
4
1
1
8
9
1
2
7
1
2
1
5
1
203
1
163
202
162
1
5
39
1
25
29
67
68
163
22
23
24
3
164
1
1
2
8
9
11
1
467
163
6
1
1
1
1
1
1
2
3
4
5
475
1
4
304
5
2
474
1
476
1
4
1
3
4
1
3
299
1
2
300
1
6
7
298
1
5
1
2
17
17
1
6
15
4
5
51
2
4
261
1
3
39
40
301
2780
6
7
1
2
34
35
38
1
2
4
5
1
1
2
9
1
6
8
1
23
26
27
1
22
23
1
19
21
2067
22
23
18
1
8
9
15
16
17
4
6
7
1
1
1
2
1
3
4
1
2
1
1
6
69
1
6
1
1
1
2
1
63
1
4
1
3
4
59
2
1
3
1
2
4
60
65
3
5
1
2
1
1
3
62
1
3
1
2040
442
17
2041
1
3
2045
2044
2
2
65
2046
1
2
3
4
9
10
2111
9
1
4
7
1
3
6
1
1
4
5
1
1
1
2
1
1
1
2
3
4
421
1
2
9
1
2
425
1
2483
2484
2482
1
1
1
2483
2482
1
2
3
2481
2
1
3
2483
1
2
1
2479
2480
1
2774
23
1
2
6
7
1
2
5
1
2
3
1
1
1
1
15
1
9
14
1
1
1
2
1
2
1
10
11
3
9
1
4
5
3
5
6
1
2799
3
2798
1
2
38
65
6
8
1
9
14
15
37
13
4
10
2
4
2792
1
3
2
1
1
3
2
3
6
8
6
49
1
43
42
4
50
1
2
6
49
1
2
1
2
3
4
1
1
4
1
2
3
1
1
5
1
4
3
5
1
2
3
1
6
1
3
2
1
1
2
5
11
2
3
4
6
7
10
9
10
19
1
42
5
1
48
43
49
1
5
4
1
2
1
1
2
83
4
1
3
4
1
1
79
63
1
3
4
45
1
2
1
1
1
6
49
1
5
50
1
2
4
52
51
1
54
53
2828
1
2
3
55
2827
6
7
2
6
7
2833
1
1
5
3
4
1
2
1
2828
1
2827
4
5
6
57
1
1
1
59
58
1
4
3
1
1
60
1
4105
4104
1
136
7
8
1
3
4
5
2
55
56
57
52
53
1
2
1
17
54
1
16
17
1
1
3
1
2
135
136
1
2
4
5
6
45
1
91
6
1
2
23
44
1
2
1
6
7
20
21
1
1278
5
1
3
1276
1
2
1
1273
1273
1270
1
1
3
2
1
1271
1
3
4
1
2
1
17
1328
1410
1409
16
2
5
82
79
1
1
2
3
57
56
1424
1
2
80
81
83
1
6
3
1
2
5
6
9
10
75
1
2
4
1
2
1
3
21
1
2
1
4
5
1
4
18
16
17
1
84
3
4
1
2
1
7
1
3
5
1
2
44
51
1
42
43
1
2
1
1
88
1
6
87
88
91
7
8
4
5
7
30
32
33
36
1
2
3
81
1
6
83
82
1
3
5
1
2
2
4
6
1
2
1
2
7
7
12
89
1
2
4
90
1
14
22
1
2
1
94
3
95
1
2
1
3
1
2
97
1
96
1
97
2
3
1
2
7
8
1
3
1
2
3
2
1
4
5
32
1
3
1
2
87
8
1
2
3
88
6
1
1
17
27
1
3
16
1
2
14
15
94
1
45
13
1
95
9
10
48
49
94
95
1
3
9
94
1
1
2
5
1
3
4
18
19
2
2
2
4
5
1
3
2
1
2
33
1
3
4
30
31
32
33
321
2
2
8
14
319
1
1
38
39
1
37
2
1
4
5
16
1
3
6
7
6
3
4
197
1
2
210
1
224
11
1
14
63
1
3
4
64
110
5
41
42
3
5
46
1
7
1
2
1
4
1
196
195
119
136
1
33
333
132
1
2
7
8
201
1
332
333
1
1
5
27
1
4
25
26
1
3
24
1
2
22
1
5
1
2
4
1
1
2
1
2
77
59
77
78
1
3
1
2
1
74
2
4
5
4
2
35
53
5
28
29
34
76
1
2
24
1
5
20
21
23
1
4
1
2
3
2
3
1070
15
1
2
5
1
1067
1
2
3
178
1
177
1
2
1
1
3
4
1
1
1
2
5
6
1
5
1
101
1
3
1
2
1
5
25
1
3
4
2
8
1
19
20
17
18
19
2
3
3
867
121
7
1
746
739
745
1
5
6
27
28
1
2
4
26
1
7
8
25
1
2
6
1
3
1
2
1
1
24
39
40
24
38
1
21
22
1
3
19
20
1
2
5
18
1
2
1
2
1
2
1
8
1
12
13
11
1
1
1
2
5
1
2
3
4
1
23
1
1
6
8
2
1
16
1
6
13
14
15
1
2
9
10
12
1
2
11
7
2
3
5
1
1
2
1
1
2
13
14
1
40
41
2
40
55
4
8
9
10
11
1
38
4
5
14
15
14
15
1
39
38
2
3
1
35
17
1
4
49
4
1
2
3
10
5
7
8
2
44
45
1
2
262
44
272
43
260
40
262
1
37
38
39
1
37
1
3
36
1
2
1
51
19
23
26
25
33
1
2
4
40
70
1
2
3
15
14
99
42
1
8
10
12
13
1
2
7
1
1
4
5
1
2
3
1
1
2
4
160
159
1
2
1
2
3
1
3
1
2
1
17
1
2
1
113
56
57
1
4
3
53
54
1
2
25
26
31
52
1
24
50
1
56
12
55
56
1
2
1
21
24
1
3
55
20
1
2
12
13
14
17
18
19
1
1361
11
58
1360
1
46
3
45
1
3
5
1
43
42
1
2
1
2
3
34
2
1
3
4
1
2
1
1
3
2
1
1
6
1
5
3
4
2
22
1
9
20
8
2
3
1
763
3
775
2
12
2
3
5
6
773
774
1
772
1
2
1
7
1
3
4
2
5
6
8
6
1
1
2
3
1
4
594
26
28
29
2
3
4
25
1
12
13
14
24
2
10
11
23
598
1
1
623
1
1369
1
3
1
2
1
1
8
1
4
6
7
1
2
1
1
2
1
1
1
4
1
2
3
1
1
2
8
1
1
6
1
5
17
2
4
15
16
2
13
2
5
1
2
3
4
5
1
3
622
1
3
4
621
1
2
1
2
625
1
1
1
3
1351
1350
2
1352
1
4
18
17
1
1
2
1
1
2
5
1
3
4
1
11
12
13
1
2
12
1
1
5
4
1
3
1
2
12
8
11
1371
3
1373
1374
1
3
5
243
242
1
5
6
1
249
1370
1
5
1
2
1
1
1
2
1
2
3
1
19
1
2
8
18
1
1
5
6
4
1
2
5
6
5
1
3
11
12
1
11
10
1
2
5
7
8
1
19
21
3
18
19
1
9
13
14
16
18
1
2
8
17
1
2
16
1
5
227
6
1
1
222
4
25
1133
1
9
24
1
8
848
23
7
17
840
847
1
5
1
221
222
1
223
190
4
4
33
2
3
4
2
3
8
1
1
5
4
1
15
16
1
2
3
4
1
4
1
4
6
7
817
1
2
3
818
24
1
5
6
7
12
2
5
1
3
1
825
2
826
282
1
2
1108
2
3
4
280
281
2
280
1
1
2
1
1
1
3
4
5
2
3
8
2
1
2
1
5
1
2
4
1
11
13
1
2
3
7
10
2
4
6
1
2
1
2
1
2
1
2
3
39
1674
1673
842
1
2
1
3
35
36
42
2
1
3
4
7
1
2
1713
1
30
1714
1
25
28
29
3
2
3
40
2
4
37
1
1
1
3
4
1
2
17
18
19
20
1
8
9
17
1
2
7
1
2
1
2
5
1
1
3
1
1
5
6
8
1
2
4
1
17
1
2
1
12
1
2
11
1
2
1
3
4
1
1
5
1
4
1
2
3
1758
1748
1
3
1769
1759
1
1
2
1774
1772
1
1
2
4
1
2
3
1
10
1
5
8
9
1
2
4
1
39
40
1
38
1
2
35
37
1
3
1
2
32
33
1
3
31
1
10
1
23
28
1
5
1
4
17
18
20
838
1
3
9
19
12
14
819
1
2
1
2
1
5
1
1
4
3
4
831
1
835
1
2
830
831
834
1
827
828
1
1
3
3
1
4
5
3
1
1
2
1
1
2
1
1
101
1
2
1
8
103
1
7
102
5
1
2
3
4
8
1
8
19
20
5
6
7
1
3
5
711
743
2
1
33
32
40
39
40
1
2
38
24
39
1
3
4
2
1
4
6
8
1
2
834
1
1
833
1
4
5
3
4
5
1
2
9
10
15
7
8
9
2
3
7
1
1
2
1
2
3
4
6
1
4
5
40
1
2
3
6
4
18
19
5
1
2
3
1
34
35
13
1
33
12
2
13
14
15
20
14
1
2
3
4
10
1
9
10
11
14
1
1
2
1
1
2
32
1
31
1
2
10
18
1
3
8
9
1
2
1
1
5
1
4
1
2
3
1
3
1
2
1
1
5
8
3
4
1
2
1
23
127
3
1
2
4
118
1
18
1
2
1
2
8
9
1
1
6
1
5
104
106
1
3
4
1
2
800
1
9
799
1
8
1
1
1
3
4
1
2
1
2
672
1
786
670
1
117
116
1
3
4
785
1
2
118
116
8
134
11
1
2
18
1
8
17
1
4
789
1
30
2
1
4
3
8
9
125
126
1
9
132
1
2
124
122
1
6
1
2
54
53
2
6
7
1
2
56
1
1
2
7
8
1
4
6
2
3
10
29
30
1
29
35
28
36
179
180
2
7
1
2
126
3
4
6
1
5
123
124
1
1
1
2
5
1
4
18
17
1
6
11
5
7
1
2
4
5
1
2
3
4
1
2
5
1
1
6
8
1
2
4
186
1
187
115
1
1
2
72
1
7
75
73
1
6
2
3
5
1
1
2
1
82
1
4
21
10
11
18
20
1
6
9
2
4
5
2
1
2
114
1
2
115
1
2
3
2
2
3
1
2
3
1
1
110
1
111
1
4
110
1
3
1
2
1
6
7
3
4
5
1
2
3
1
9
1
8
1
3
1
2
1
2
1
218
219
215
217
1
2
1
2
4
1
2
219
1
1
3
4
1
1
7
35
6
1
2
10
1
4
1
2
224
222
1
54
53
1485
56
1
5
6
7
1429
3
4
1
11
1702
5
6
10
1
27
2
21
25
26
1
3
4
5
20
2
5
19
1
3
1
2
3
4
3
4
642
1713
1
1
1073
1071
1
2
6
1074
4
5
16
2
1
18
1423
1068
1
24
21
1
3
1067
2
11
12
13
938
3
10
1070
9
127
46
44
25
2
3
5
5
173
1
2
3
944
47
1
1
2
1
941
5
7
9
1
23
991
1
24
1
2
8
7
8
74
29
1
6
1
2
1
1
628
1
6
1
2
5
1
4
1
700
1
710
701
1
82
81
80
1
9
8
4
45
1
4
5
10
1
2
3
1
8
9
1
3
5
7
1
2
1
21
19
17
15
1
22
23
22
1
2
4
2
624
625
626
646
3
1
622
81
2
3
1
83
1
2
1
2
18
19
20
1
15
14
15
16
5
6
1
2
6
7
8
1
7
1
1
1
4
1
3
1
4
84
87
1
2
3
4
3
1
86
1
1
1
3
1
2
1
2
1
2
3
1
9
10
1
6
7
1
6
1
2
4
5
1
1
2
1
745
643
1
746
1
2
8
1
2
3
39
40
41
40
1
5
1
3
4
5
1
2
26
1
8
25
2
4
7
1
2
1
2
1
3
1
2
1
17
2
6
15
14
15
1
4
2
3
101
104
1
4
1
8
1
2
1
15
1
14
1
11
8
10
11
1
2
5
8
9
1
4
1
1
3
7
96
70
6
1
2
26
1
13
14
22
95
12
1
2
3
1
1
95
96
1
2
1
3
4
5
3
1
3
5
7
1
2
6
5
1
2
1
2
1
5
4
5
25
1
1
1
2
3
7
8
1
1
18
19
1
4
17
1
2
3
1
1
3
8
1
2
1
2
1
5
76
1
2
74
1
1
1
75
137
136
140
1
61
62
1
3
4
1
2
1
2
3
4
5
1
1
1
126
1
2
124
125
1
37
35
122
40
38
1
1
8
1
2
7
165
1
7
171
166
1
5
35
8
2
3
4
38
1
4
5
45
39
1
3
1
3
25
26
1
2
1
51
50
20
23
41
52
1
2
18
19
21
22
1
3
21
1
2
5
14
15
16
1
2
3
4
1
304
1
1
305
1
1
2
3
302
10
1
6
312
1
6
1
5
1
4
1
2
3
298
1
3
28
298
306
5
8
1
2
1
2
3
5
2
3
3
4
5
11
1
2
1
1
2
1
6
1
4
5
27
93
2
96
95
28
2
8
1
1
2
3
1
2
8
7
1
5
6
1
2
4
1
41
2
46
42
1
2
47
1
48
49
48
47
1
1
2
1
4
5
1
2
1
72
71
49
1243
1
23
1
4
1
2
3
4
1
8
18
19
2
5
6
7
1
67
1
2
4
66
1
2
1
2
4
1
2
10
1
8
9
1
3
1
2
26
25
26
27
2
10
11
24
6
8
1
2
4
1
1
2
1
8
970
1194
1
2
7
1
3
5
6
10
1
2
1
12
13
14
2
8
9
11
1
5
6
7
5
6
1
4
71
1
2
3
73
72
1
2
1
2
162
75
1
164
162
161
162
1
2
1
2
3
2
1
26
63
1
25
162
165
1
3
1
3
2
1
164
1
162
2
163
2
4
5
6
1
1
2
9
14
15
1
7
8
9
2
1
2
1
3
2
1
2
2
1
5
4
1
2
3
1
1
4
1
3
1
2
48
49
47
47
49
1
38
37
1
6
7
1
5
15
1
3
14
960
1
2
948
12
13
961
1
12
1
5
960
8
1
5
1
4
2
3
3
4
1
968
2
3
1
967
966
968
1
1
3
1
2
5
32
1
2
3
4
1
1
4
1
2
3
1
56
70
2
1
2
3
8
11
15
16
17
1
2
1
905
911
5
6
904
14
959
960
1
5
6
3
1
2
4
1
1
2
1
2
4
909
906
1
2
1
2
3
4
1
3
4
1
1
3
1
2
4
3
224
1
2
4
2
3
1
1
1
63
2
68
64
1
4
23
1
2
21
1
66
68
16
20
65
5
8
1
2
30
52
29
51
1
2
27
28
1
18
19
26
3
16
17
4
7
8
15
1
2
3
1
13
1
2
1
3
2
5
1
2
3
4
1
3
1
6
7
8
292
287
5
1
294
1
2
4
5
1
2
3
30
29
30
1
2
28
1
1
292
1
4
5
291
1
3
10
11
22
23
1
70
8
7
286
1
10
3
5
8
1
1
2
1
7
1
3
6
2
4
3
78
77
4
5
1
2
3
93
83
368
1
3
4
194
1
2
1
38
42
43
1
37
190
1
4
1
3
1
2
21
1
13
18
20
1
112
111
1
4
113
1
2
3
81
1
3
6
7
1
2
1
117
1
3
1
7
9
10
1
6
7
1
2
15
153
1
3
7
14
1
2
1
82
2
4
1
1
4
80
1
2
3
1
2
3
4
3
7
1
1
3
4
1
2
5
1
2
3
4
1
168
1
169
6
1
168
1
2
1
2
10
19
21
19
20
1
3
8
1
2
1
5
1
3
4
1
2
4
5
24
25
4
5
23
1
2
7
9
8
9
1
4
5
3
1
18
11
1
2
1
2
4
5
7
1
242
256
2
1
3
1
2
2
13
14
1
1203
4
12
1202
11
1
2
3
49
1199
1
1
52
1150
1
2
3
1158
1
8
1
2
3
7
1155
1
1154
1
1
4
17
1
3
15
16
1
2
11
12
14
1
3
11
1
2
1
250
1
8
251
4
6
7
23
273
274
1
2
1
2
18
19
1
8
9
1
2
3
7
1
3
4
5
7
1
2
1
4
1
2
3
1
5
3
4
1
12
14
15
1
11
12
2
3
11
1
5
192
167
8
1
4
7
9
1
3
1
2
1
273
232
274
197
1
3
5
35
38
39
41
2
3
4
5
1
7
11
1
6
2
4
5
1
42
35
36
43
42
2
1
44
1
2
42
3
5
1
3
4
1
3
4
45
1
2
1
1
41
2
4
5
1
1
2
5
1
2
3
1
2
5
6
30
1
4
2
4
1
6
8
9
16
17
2
5
6
15
25
179
1
2
4
24
217
1
207
23
10
26
27
28
29
32
33
240
1
2
4
1
3
1
2
3
5
6
7
9
11
1
1
15
1
2
12
13
14
1
2
375
11
1
1
373
4
6
1
1
2
1
1
359
159
6
7
8
1
2
8
166
1
2
7
1
5
157
6
1
5
1
2
4
1
2
3
158
151
1
2
3
1
152
151
1
1
11
17
21
2
3
10
14
1
4
5
13
1
12
1
2
1
1
23
1
5
21
22
1
4
20
17
18
19
2
4
5
10
2
3
5
2
3
4
5
1
3
1
2
1
3
1
1
1
36
1
30
35
1
2
1
104
2
15
103
102
1
2
104
13
2
8
9
10
11
12
15
516
101
102
517
7
1
617
3
10
2
3
1
2
385
383
1
387
389
388
1
1
2
1
228
1
2
5
8
9
1
7
2
3
1
12
1
76
3
79
77
1
1
81
36
513
82
44
45
1
5
17
18
1
2
3
85
1
68
3
6
1
69
25
12
71
1
7
11
44
1
2
3
64
10
11
42
43
1
5
165
65
166
1
3
4
2
72
71
1
2
25
1
1
96
132
131
133
160
1
2
24
1
3
1
2
4
6
22
1
2
3
1
1
1
2
1
1
1
2
3
12
13
1
7
12
1
11
1
5
207
3
4
204
1
2
1
2
4
5
1
38
40
1
1
1
2
1
3
7
9
10
11
15
35
1
2
1
36
1
2
1
6
5
26
27
1
3
25
19
21
22
24
1
2
8
9
1
1
4
5
1
3
1
2
1
1
1
2
6
1
2
3
1
1
2
1
2
1
5
1
3
4
5
230
231
1
2
4
16
18
212
6923
227
1
1
2
3
1
13
14
15
1
230
3
12
228
229
1
1
3
227
1
2
1
231
1
3
4
230
2
9
1
5
6
7
8
1
3
4
7
1
2
1
29
31
1
10
28
1
9
1
6
7
8
1
3
5
2
1
2
1
5
6
33
7094
7135
1
4
1
2
3
5
10
18
8
16
18
1
2
1
2
27
1
2
4
5
1
25
1
2
22
23
1
5
17
20
21
1
2
3
4
8
9
8
4
6
1
13
12
42
40
1
21
22
1
2
64
11
1
7
41
1
2
1
2
1
1
2
1
36
34
35
1
20
1
7
1
6
1
3
4
5
7
13
25
1
2
24
1
22
23
1
21
3
4
15
19
20
8
9
10
1
2
3
5
6
7
1
6
1
1
2
9
10
11
1
2
8
6868
1
1
2
6890
6891
1
1
2
6888
1
1
6886
53
1
5
1
4
66
67
6935
2
16
18
2
7
1
2
5
1
1
3
26
1
2
1
3
10
1
3
4
8
1
2
7
26
1
2
17
24
1
4
3
15
1
3
44
4
2
3
41
47
40
1
2
6
25
65
5
1
2
3
4
5
1
22
23
1
14
19
21
1
4
7
9
10
1
2
3
7002
1
1
3
7003
1
2
3
1
2
7000
3
1
1
2
1
6997
6998
6999
7061
1
2
1
6
63
1
2
5
1
2
3
4
1
1
1
5
1
55
1
4
10
15
51
1
3
1
2
1
2
4
5
6
24
60
1
2
17
21
22
1
2
4
1
2
4
5
1
2
3
5
12
11
1
64
3
1
36
35
1
2
3
4
5
26
28
1
2
1
1
2
3
23
22
23
1
5
40
41
3
5
20
1
4
3
8
9
1
2
3
2
3
35
1
5
1
4
2
3
32
1
29
30
29
8
3
4
1
2
21
22
25
1
12
13
662
645
19
20
1
11
1
2
10
13
1
6
8
12
13
1
2
1
2
3
1
5
7
4
61
1
2
7
415
9
1
1
3
4
675
660
14
15
16
17
2
3
4
1
2
425
59
2
426
484
1
1
3
41
1
2
40
1
94
2
38
93
2
3
25
424
30
1
353
2
1
281
2
2
3
12
1
2
1
75
279
354
1
2
6
1
2
1
2
4
1
1
2
4
1
2
3
7
77
1
2
4
80
5
1
1
2
1
84
85
84
1
85
1
3
84
1
2
1
8
1
1
3
4
1
287
1
2
16
17
1
2
7
16
1
1
5
285
1
2
3
4
1
152
187
153
1
1
1
5
7
8
2
3
4
1
2
30
116
146
1
2
26
27
29
1
2
5
8
9
24
4
5
7
10
1
2
3
1
2
1
1
5
4
5
1
2
3
5
4
14
15
1
2
3
1
3
92
1
2
93
18
36
92
1
2
75
94
1
17
1
5
1
16
8
15
1
2
100
84
1
2
7
98
1
2
1
2
4
5
1
1
2
1
2
1
2
85
86
1
1
2
3
84
5
1
23
24
1
11
1
2
10
89
1
5
9
4
2
184
1
35
36
4
3
4
49
50
52
1
46
2
47
38
31
32
1
8
9
16
14
7
34
17
48
1
1
2
1
2
8
9
10
1
1
6
1
2
5
650
1
3
4
10
2
648
1
17
647
6
7
16
646
1
1
2
3
4
13
1
1
4
10
1
8
9
10
1
2
3
4
5
7
1
6
1
34
14
16
19
1
15
1
14
1
2
4
5
6
1
2
3
1
1
631
1
1
3
10
8
604
630
1
2
5
26
605
1
6
22
4
604
77
1
1
5
527
1
4
503
524
526
2
1
5
6257
6253
4
1
2
1
2
3
5
1
1
1
2
1
2
1
2
3
5
19
1
36
35
1
1
1
2
5
1
3
4
14
13
14
15
1
3
5
6
11
12
1
2
11
1
73
74
1
2
1
1
73
74
73
1
1
1
2
74
1
2
3
5
1
1
72
1
1
2
1
5
1
1
1
1
6303
2
3
7
6304
1
2
6852
548
2
3
4
13
14
6310
17
1
1
6859
1
6860
2
3
1
4
1
3
551
1
2
3
4
5
1
1
1
549
1
4
5
1
9
1
7
1
5
1
3
4
17
16
6
7
8
1
7
13
14
4
6296
1
3
4
1
2
3
5
6
6753
6752
15
16
1
16
21
15
6767
2
8
9
1
4
5
1
3
1
2
1
1
4
1
3
4
1
3
5
6743
6741
12
13
2
4
6756
1
1
235
6743
6507
6508
17
1
5
6497
41
6496
1
4
6497
1
3
1
2
5
7
1
2
31
37
36
1
27
1
26
9
25
1
2
3
7
1
1
6752
1
4
1
3
1
2
5
1
4
1
3
16
2
6
1
2
1
63
3
77
62
9
1
2
3
74
1
73
37
15
1
35
36
1
2
11
1
2
1
4
8
9
1
3
1
2
1
4
6540
2
3
6
1
3
7
8
6546
190
1
126
202
4
6544
1
2
3
189
6
7
12
1
1
2
165
1
6
12
167
166
1
5
1
2
1
6
1
19
18
17
1
2
20
1
53
51
21
53
52
1
2
10
76
122
1
10
6543
123
6666
6667
2
1
2
6641
1
1
2
3
4
1
1
7
8
9
1
6
1
6538
1
4
1
3
1
2
5
1
4
6
1
7
8
9
10
11
3
4
5
6
1
2
1
1
1
1
1
58
3
57
5
1
5
6
1
4
2
3
1
3
52
1
2
9
10
8
2
3
58
55
1
1
54
55
1
17
16
15
6589
1
22
17
1
2
1
1
2
6587
2575
23
1
48
26
25
24
1
49
53
51
50
1
4050
4012
5
6
4049
3
1
1
1
4043
4046
1
3
48
38
1
49
39
40
1
51
1
52
1
58
57
53
59
1
3
11
1
5
7
8
1
3
4
1
8
1
1
2
1
2
2529
1
2525
1
2
1
7
1
2
1
13
22
1
2
12
1
10
11
12
4
9
1
2
3
1
2
2536
1
1
3
1
2
5
1
323
4
2533
1
2534
1
12
13
14
1
11
4
9
10
2
1
8
4
7
20
1
4
19
44
1
2
3
4
17
27
2
7
1
3
1
5
13
1
3
1
2
5
1
2
8
7
8
1
3
1
2
1
1
29
28
2
1
2
3
5
31
32
1
1
2
3
27
28
1
2
1
5
12
4
5
1
2
4
15
1
2
6
327
5
11
13
331
332
15
338
16
1
7
1
3
4
5
1
391
389
2
1
2
32
1
25
30
31
391
24
1
3
369
1
2
3
1
392
372
49
394
393
345
1
2
3
1
20
18
19
1
2
1
7
1
5
6
1
4
1
2
3
1
1
2
1
1
1
2
1
1
12
11
1
2
7
1
6
10
3
1
2
1
1
4
94
7
1
1
15
2
4
14
90
91
2
3
1
1
2
89
1
90
1
2
5
12
1
4
5
6
7
3
6
7
1
2
11
12
1
3
1
9
159
8
12
1
1
1
6
7
8
6
44
5
38
42
1
2
17
16
30
35
6
15
16
1
2
3
5
37
38
1
38
1
2
1
39
42
1
3
10
1
2
4
322
1
2
3
8
9
323
1
2
1
1
2
1
2
18
1
4
15
1
4
43
1
3
41
14
55
1
1
5
31
1
28
29
30
1
27
1
4
11
1
2
3
26
28
1
2
114
115
1
7
1
15
38
107
114
1
13
14
19
115
114
10
12
1
3
262
265
124
1
2
54
1
55
314
259
2
3
1
4
1
3
140
141
2
3
7
8
1
6
1
2
4
1
2
1
2
155
149
1
151
1
5
7
8
1
4
7
6
1
2
1
1
10
12
3
1
5
6
5
23
1
2
3
4
22
1
19
718
711
21
708
1
18
1
2
7
18
1
3
5
1
2
5
6
1
3
1
2
9
4
6
1
2
1
1
2
1
2
1
1
2
3
737
1
1
6
7
1
1
17
7
14
15
1
2
1
3
145
1
5
1
4
1
2
3
1
4
7
1
2
3
1
1
14
1
3
13
1
12
4
11
1
1
1
1
21
1
2
3
1
2
469
15
17
1
2
573
574
471
1
568
572
1
2
4
1
12
13
3
4
10
1
2
1045
1
3
1048
5
1
2
6
1
3
1
2
1405
1
4
5
7
3
1
1
1
2
40
477
1
2
5
36
37
1
35
38
2
3
4
1
3
6
1395
2
1
28
32
3
7
8
26
156
5
1
2
3
18
19
20
207
1
3
3
4
5
9
13
1
2
12
13
15
1
13
42
43
1577
1
11
12
10
1
4
5
6
7
3
1
2
23
24
2
2
3
4
1
19
1
18
1
3
9
14
1
2
1
2
29
1
4
5
6
1
3
23
22
2
4
5
21
1
20
1
2
19
1
1
2
3
1
14
15
16
43
1
14
42
2
43
44
29
1
45
44
89
46
1
2
3
4
2
3
1
89
1
2
1
7
35
1
294
286
2
82
1
1
1
1
1
1
2
3
4
1
1
7
8
1
1
1
2
1
2
3
4
5
1
288
1
287
2
3
76
1
79
2
3
11
2
4
10
1
2
1
2
8
1
3
5
1
2
1
28
2
26
27
28
1
1
362
1
4
1
3
361
2
20
24
1
363
354
2
364
3
9
1
2
5
6
8
1
4
6
1
1
2
3
802
1
2
800
1
147
1
4
1
2
3
1
937
1
1
1
2
3
1
10
1
9
1
1
8
10
1
443
442
9
444
1
3
1
2
1
2
451
1
10
12
13
1
2
443
449
8
9
1
7
441
456
1
6
8
16
5
6
15
1
3
2
1
1
2
3
5
1
1
19
1
2
17
18
1
2
3
2
1
10
12
1
3
1
2
456
1
457
456
5
1
3
12
1
11
21
10
18
19
20
1
2
8
9
10
1
2
3
7
1
1
2
1
3
4
1
2
1
1
3
4
2
1
5
7
8
1
3
2
1
1
2
1
88
89
1
2
87
1
1
1
41
1
39
40
4
35
37
38
1
2
6
8
9
349
350
1
349
6
1
31
32
3
18
19
1
2
3
10
17
2
181
182
183
15
179
185
340
1
5
6
18
20
1
3
19
1
2
19
1
13
25
12
16
1
13
155
1
2
1
1
1
2
1
160
149
1
10
11
12
160
1
2
3
9
4
5
157
1
2
107
1
108
1
2
1
161
1
3
4
6
8
1
2
1
19
1
2
18
1
12
14
17
1
2
13
1
4
12
2
3
1
2
1
1
1
2
196
201
197
23
2
2
3
4
9
1
1
6
1
5
2
4
2
3
9
1
1
3
1
2
1
2
7
1
1
2
5
1
2
3
4
1
1
1
3
4
9
47
1
2
46
4
5
1
8
9
14
51
5
6
7
1
4
5
2
3
1
7
1
2
4
1
2
5
1
1
1
5
4
5
37
1
2
5
7
8
1
7
26
2
3
1
2
3
4
1
2
1
2
4
5
7
44
1
1
2
18
19
1
3
5
8
17
1
2
1
2
1
2
1
37
2
3
1
28
33
1
3
1
4
5
6
8
2
3
14
1
22
12
21
1
11
12
1
55
51
50
11
1
2
3
56
1
2
1
2
1
1
1
3
10
61
2
7
8
9
1
2
1
6
1
2
5
1
1
2
3
1
3
73
1
2
49
51
1
120
122
1
5
1
4
2
3
1
2
1
3
4
5
6
1
18
1
3
1
2
4
6
1
3
4
1619
3
1
2
1616
1
1620
1618
1
2
1
2
1
1
1
31
1
2
26
27
30
1
3
1
2
23
24
1
21
22
1
3
8
1
2
1
1
2
1
1728
1729
48
1
3
8
9
1692
2
1
1
4
5
1
2
3
1
5
1
3
4
1701
2
1
1705
1704
1699
1
2
1
5
4
1
2
9
10
12
1
2
3
8
1
1
2
5
1
17
1
16
1
6
11
15
4
1
2
48
2
1
50
1
5
3
4
1
28
29
30
15
17
27
1
4
14
1
2
4
5
6
7
8
2
3
6
10
1
1
1
291
1
290
288
289
3
4
1
9
11
285
1
7
1
5
6
1
4
1
3
1
2
1
5
1
3
1
2
296
295
294
6
1
3
4
5
2
33
1
4
27
32
1
3
31
1
4
1
4
6
10
12
302
1
2
3
1
1
2
1
2
10
1
4
1
2
3
8
67
6
7
1
4
32
33
34
1
2
3
1
2
290
293
1
3
1
23
1
291
269
262
16
22
292
29
1
2
4
5
37
1
285
284
34
35
1
3
4
1
2
4
5
32
4
30
31
1
2
1
3
1
1
24
173
1
10
1
2
5
7
9
1
3
5
12
13
106
2
73
1
4
1
3
69
2
1
71
72
2
1
5
6
7
6
7
1
3
1
2
1
1
1
1
1
161
1
6
161
1
3
19
20
18
1
2
3
4
16
1
13
15
17
1
4
5
6
7
13
1
3
2
54
20
1
2
76
5
55
19
1
18
2
3
1
3
4
6
7
1
2
81
16
21
1
2
1
2
9
11
1
2
4
5
7
1
1
2
4
1
2
1
2
3
1
1
7
9
10
437
1
2
1
5
1
2
3
4
1
1
69
1
2
1
2
68
1
1
230
1
2
1
5
1
2
4
161
1
1
445
285
160
374
2
1
3
4
14
2
13
1
393
3
10
376
375
4
6
15
16
1
1
2
5
1
2
4
1
2
4
11
2
3
6
10
4
6
7
8
1
2
3
1
1
1
12
1
1
2
3
1
390
1
391
1
6
7
26
392
1
1
2
3
4
5
25
1
2
18
20
18
19
23
1
8
9
13
16
1
7
1
2
6
1
1
4
1
2
3
1
1
1
1
4
1
2
3
74
1
3
1
1
4
2
3
1
3
4
5
1
1
229
3
12
13
230
1
2
229
1
85
2
10
145
1
83
230
1
2
85
84
9
1
6
7
8
148
87
1
5
1
5
6
7
39
61
6
149
1
10
9
1
2
3
5
6
8
1
7
1
1
2
16
1
13
14
1
12
1
2
153
1
155
154
1
366
1
1
2
3
5
1
1
10
11
1
2
8
9
1
2
7
1
3
3
2
1
223
1
2
3
5
6
7
216
1
1
2
1
2
1
12
664
1
4
11
1
3
217
1
2
216
1
7
1
2
5
1
3
4
20
1
5
9
4
1
652
1
1
2
1
1
1
3
4
5
650
1
2
651
1
1
656
650
735
733
657
655
1
2
4
6
1
2
3
1
7
8
1
2
1
2
3
1
85
1
2
1
2
99
105
2
1
6
1
5
1
2
4
1
2
3
1
103
104
1
2
5
1
103
4
1
2
3
34
1
1
29
30
31
1
1
3
2
2
1
5
6
1
3
4
6
19
18
1
8
9
10
11
3
7
8
16
1
2
3
2
1
2
4
1
18
20
1
2
17
18
1
4
17
3
1
4
7
8
1
3
194
193
194
13
1
2
3
10
163
1
1
6
6
7
1
2
1
1
110
1
3
4
1
1
2
1
9
14
1
2
7
8
1
1
5
1
3
4
1
2
1
2
3
5
6
1
1
1
2
5
1
3
29
31
1
2
1
3
26
2
2
8
10
24
3
5
8
125
1
1
2
27
26
3
22
25
1
2
4
5
12
1
2
32
31
27
4
1
1
1
4
1
2
1
31
1
2
3
5
8
1
1
1
2
3
2
3
4
1
5
2
3
4
1
8
9
1
1
2
1
19
1
3
4
18
1
2
17
18
1
9
10
17
1
1
2
3
1
3
5
1
2
1
2
1
2
5
7
2
1
2
3
1
2
3
5
1
2
3
1
2
1
1
