31
9
8
7
22
23
2
1
2
27
46
39
19
20
22
23
50
24
8
12
13
14
19
29
25
18
17
16
2
644
2
12
669
10
9
667
2
23
21
18
17
13
1
27
23
72
20
1
15
9
40
6
37
55
54
47
45
17
4
2
1
22
21
14
36
13
12
22
5
470
15
14
13
12
77
5
6
3
2
3
37
9
2
43
41
40
18
15
14
6
4
7
29
94
21
66
23
22
6
1
112
86
109
108
1
84
4
15
95
185
13
4
723
724
25
24
288
31
21
17
307
1
58
44
32
20
19
18
60
2
12
6
4
3
2
9
33
19
21
27
26
11
11
136
10
9
8
4
29
3
37
23
22
17
33
30
26
25
55
18
17
46
76
75
52
53
74
25
55
56
14
13
12
11
9
2
36
18
16
2
3
4
23
22
17
10
3
4
23
19
18
17
143
23
6
2
120
17
16
15
14
11
1
4
39
16
63
15
14
11
3
18
14
12
5
19
18
16
14
11
29
10
9
8
6
5
7
10
5
4
492
491
9
7
6
19
18
16
2
3
926
927
17
468
21
20
19
18
5
301
4
9
7
393
394
5
4
402
7
6
5
4
14
15
16
133
2
8
5
1
56
159
5
7
30
1
1
22
21
20
2
9
168
6
1
4
45
7
6
5
38
4
5
43
13
17
231
13
14
15
6
5
9
10
261
21
25
12
26
27
29
32
280
2
10
20
47
39
7
17
18
1368
1369
19
1370
4
5
6
22
1
82
5
6
7
157
12
8
9
10
11
122
25
12
124
11
10
7
300
18
299
5
2
14
15
51
12
11
10
9
7
3
4
84
15
16
88
89
17
1
5
11
12
18
19
27
23
22
19
10
30
450
8
6
454
455
30
26
22
10
5
14
13
12
8
7
6
2
29
27
26
16
20
19
25
24
23
16
14
13
28
26
52
62
18
17
32
29
20
13
26
25
14
11
3
28
22
20
19
20
26
21
13
10
20
19
18
3
2
32
25
70
18
20
7
6
24
13
12
8
11
4
13
16
17
1637
1666
146
10
1652
1651
4
3
54
9
10
938
22
8
7
945
2
26
75
22
19
10
5
25
59
60
61
20
26
5
3
2
1
27
29
24
23
22
20
4
8
3
2
30
58
24
20
17
10
29
22
59
21
20
586
39
35
25
13
11
7
2
64
30
29
27
22
20
5
4
94
113
96
87
86
6
28
267
20
19
1
3
15
14
19
17
16
15
12
30
15
14
13
12
5
24
23
19
18
13
10
8
26
25
24
13
12
6
5
287
18
16
15
3
56
15
7
52
4
18
17
15
14
17
16
15
14
24
23
20
5
4
18
17
16
15
35
34
29
28
45
43
26
18
7
3
31
17
16
15
249
25
24
12
8
7
6
7
14
15
27
26
25
24
23
22
1
4
21
116
11
10
5
20
240
245
115
247
18
17
13
12
9
1
29
28
27
15
3
306
1
308
291
20
99
3
13
104
53
30
29
99
162
161
6
126
28
27
28
27
26
25
24
22
21
15
3
11
10
9
101
13
100
105
107
108
7
3
26
24
23
13
29
28
26
24
4
26
24
17
16
15
12
11
252
251
250
12
283
282
281
280
276
275
266
2
15
14
13
12
11
10
9
6
31
30
22
63
22
21
38
37
18
1
27
26
24
23
19
7
29
28
26
12
9
27
16
14
13
18
144
1
8
6
116
38
162
26
20
28
26
25
24
188
136
27
138
25
22
11
10
9
39
17
6
22
21
20
1
2
26
25
22
21
20
9
1
32
30
7
1
39
33
8
4
6
19
15
21
19
18
13
11
10
27
25
24
297
22
19
18
17
2
308
44
18
11
47
298
76
75
23
22
21
19
5
223
275
1
19
18
4
19
6
5
19
18
17
16
12
11
1
47
46
45
21
20
24
23
46
22
21
21
20
19
17
16
14
1
19
18
11
23
21
19
12
11
37
10
9
39
37
35
23
20
34
9
69
21
35
68
20
17
3
25
23
19
18
1
35
21
16
6
9
23
4
17
5
28
27
26
19
15
1
14
13
39
1
14
40
432
41
14
431
433
28
26
25
21
20
18
23
22
20
19
18
16
15
488
14
13
10
461
8
8
7
34
5
22
20
19
18
10
9
8
22
20
19
506
505
504
17
506
414
440
441
17
16
1
19
18
17
26
24
465
466
19
468
3
18
17
71
85
103
14
13
101
15
408
496
104
56
39
11
498
9
12
499
10
18
70
473
16
74
474
482
85
69
73
36
395
409
9
408
446
46
6
5
1
134
6
189
5
84
105
16
49
98
21
68
40
7
6
58
55
54
18
7
16
14
12
11
10
8
7
1
95
11
75
719
28
94
13
12
83
164
136
26
49
48
42
3
14
13
10
13
14
17
15
10
96
69
11
10
22
21
20
1
15
14
13
26
9
17
14
28
27
15
14
13
12
11
10
10
1
189
11
1
47
190
10
210
48
47
225
191
9
8
7
6
167
6
10
8
9
13
14
16
2
3
46
48
50
6
1
2
4
4
120
143
144
151
133
1
14
149
150
15
1539
126
125
119
16
1
2
12
14
15
1
45
46
14
42
30
8
44
38
3
9
49
48
7
12
13
29
11
9
11
51
20
218
13
8
1
246
245
217
216
3
12
2
3
4
29
3
226
8
27
15
3
32
30
9
12
11
247
9
2
4
8
3
10
12
6
29
30
73
2
3
76
5
6
8
6
12
13
1363
283
284
287
290
241
1591
304
6
7
8
9
18
1658
1657
1654
13
1653
1650
1671
1672
283
5
304
1308
21
22
1309
10
11
25
26
10
15
16
25
4
65
12
13
18
28
118
76
59
5
77
78
1
14
17
19
20
19
20
22
7
74
1
2
85
88
89
8
9
11
12
15
4
5
6
1658
7
6
1
4
20
21
97
2
7
8
9
19
3
36
12
13
15
16
18
1
150
21
22
16
17
18
19
149
20
17
18
142
93
1
6
5
54
4
146
155
7
5
154
148
149
138
9
139
7
9
8
12
13
20
9
132
127
126
45
6
8
11
12
69
22
23
24
55
14
53
15
54
14
15
16
22
4
18
22
25
4
5
6
11
4
11
13
11
6
9
10
28
1
81
48
83
5
9
10
12
13
12
9
12
13
14
15
18
15
16
17
18
7
1
31
3
4
27
228
29
30
3
4
9
17
20
21
24
25
23
25
24
23
22
20
4
5
8
9
10
22
23
24
459
458
5
6
21
1
20
24
25
90
18
19
20
23
6
16
1
44
46
6
45
5
46
10
26
2
10
11
1
3
7
8
9
10
1
391
392
2
9
10
398
390
396
397
9
10
23
24
26
27
28
161
6
20
27
28
10
181
12
189
15
24
23
9
11
15
26
17
18
19
36
50
51
55
57
77
89
59
9
36
87
27
26
88
2
8
9
642
648
653
654
655
656
660
23
2
3
11
12
14
6
7
10
11
12
34
1
6
9
48
33
9
11
12
14
15
666
1
11
12
18
1
14
17
1
12
13
16
646
10
11
15
636
1
656
8
9
10
17
1
510
500
409
405
498
496
512
1
6
410
497
676
513
5
685
9
10
11
15
16
163
9
14
16
177
5
6
178
15
740
4
5
15
16
2
6
11
12
13
15
16
18
755
756
757
23
762
763
9
35
808
829
53
28
25
5
10
20
22
9
95
101
6
7
8
14
28
15
16
1
10
11
72
113
1
9
276
6
7
8
6
10
12
13
14
15
10
17
32
19
28
27
44
6
7
8
46
45
1
2
12
15
17
22
1
2
20
21
1
15
18
14
15
16
7
17
129
18
34
25
28
13
14
9
10
11
15
16
22
1
14
15
18
57
9
12
17
18
19
56
2
8
807
809
25
26
828
1
2
26
13
14
15
9
1
14
15
19
19
97
944
943
89
87
86
85
1
3
103
8
9
10
2
807
7
844
23
4
14
15
16
17
6
21
1
945
7
86
301
7
87
9
302
1
10
17
21
22
9
11
15
16
6
43
7
8
3
1
5
20
21
22
94
93
92
91
4
86
85
9
32
33
35
287
6
7
302
11
13
19
3
14
15
276
21
1
5
7
10
11
27
8
9
10
11
11
18
19
21
290
14
15
16
24
26
329
1
10
14
15
16
17
18
13
17
15
18
820
19
1
18
7
6
20
14
20
14
7
18
19
757
758
759
323
324
20
22
23
28
10
11
34
277
276
39
17
1
5
6
26
27
4
11
13
24
25
96
10
12
13
15
16
17
93
16
83
79
18
96
1
20
115
18
78
563
564
77
76
19
5
6
7
9
17
19
114
20
21
22
23
24
25
108
109
111
22
23
114
25
65
140
141
42
23
26
88
7
8
9
11
12
9
10
15
16
17
18
171
168
441
167
11
12
27
28
22
201
206
23
152
4
5
15
145
19
1
11
14
144
16
158
146
145
14
15
16
103
143
137
1
7
141
23
18
17
140
21
9
12
21
23
24
1
2
3
21
22
1
58
2
64
57
60
3
62
81
80
16
17
20
2
5
6
7
19
21
7
18
62
75
77
171
1
15
16
17
8
9
10
16
3
18
19
20
22
24
1
21
434
172
22
435
20
21
22
13
15
16
2
42
10
12
13
6
8
11
13
8
10
13
17
18
12
13
15
16
17
16
17
18
19
10
9
6
1
2
21
16
20
22
21
20
19
25
26
23
14
21
16
15
14
15
26
5
6
7
9
17
18
1
13
11
10
1
20
14
12
8
10
9
8
22
21
54
51
18
35
17
15
14
9
8
37
20
12
3
2
33
23
19
17
15
14
2
4
258
211
244
23
109
8
38
37
7
5
57
1
2
4
5
6
201
213
12
101
11
10
9
7
71
1
12
10
6
11
10
8
12
8
7
6
5
4
2
63
20
5
4
1
136
6
5
3
9
8
7
134
143
142
141
19
18
120
119
25
23
22
7
1
14
13
9
31
11
7
10
63
9
67
7
8
14
4
3
70
73
1
2
3
12
11
5
1
12
11
10
1
12
13
10
8
1
25
24
12
6
5
637
42
25
24
7
25
23
22
19
1
12
10
9
667
730
13
12
10
694
28
27
20
19
18
1
27
23
22
21
20
18
16
15
2
22
21
20
16
16
14
13
23
26
20
25
24
23
25
26
25
24
16
11
10
1
18
13
11
10
6
60
15
14
7
4
1
67
19
66
11
64
19
18
29
18
20
67
55
66
20
17
8
7
23
10
9
1
2
12
11
1
14
265
11
1
266
265
257
256
14
594
595
630
27
26
25
5
258
257
255
350
1
22
21
7
116
24
125
22
8
315
10
10
9
254
108
2
73
12
10
1
12
11
10
9
75
89
12
11
325
61
14
307
4
306
14
5
8
632
9
10
679
675
13
14
15
21
22
680
679
4
18
2
3
12
11
10
9
48
18
17
9
14
7
52
684
21
50
49
25
22
18
17
16
15
22
21
19
18
614
616
62
63
21
19
9
7
6
1
60
68
24
16
84
26
17
50
27
49
25
24
315
23
6
5
4
22
46
60
17
31
16
12
51
11
10
26
23
22
275
274
22
23
284
237
24
243
244
245
23
10
9
8
104
1
2
124
125
233
242
17
9
1
2
3
26
18
31
14
53
13
11
3
18
96
18
95
27
26
5
4
71
1
8
36
1
155
766
13
11
9
154
129
14
2
21
17
16
1
21
20
19
18
99
24
22
11
10
9
11
7
31
10
7
22
21
51
69
74
1
25
24
12
11
10
1
25
11
10
5
12
11
9
19
13
11
10
8
26
23
22
21
26
24
23
59
20
229
231
251
5
27
2
3
4
21
14
12
11
21
20
19
17
16
15
12
2
13
12
2
29
16
57
15
7
56
51
16
14
13
9
58
8
1
28
23
22
24
22
21
15
14
13
12
11
18
17
15
14
16
15
14
12
26
25
24
24
22
13
21
19
18
7
6
119
8
37
59
23
22
21
12
23
13
12
11
9
1
13
32
11
104
117
16
13
20
28
30
31
12
24
22
9
8
6
26
133
8
5
21
20
67
27
39
21
20
19
6
4
12
12
9
100
80
79
8
29
20
28
71
17
16
15
14
9
8
1
8
7
4
3
2
22
5
4
3
1
2
5
6
128
24
21
2
4
5
1
3
26
1
2
3
2
122
1
4
15
341
1
3
11
12
14
1
2
9
10
163
2
3
8
1
164
163
143
1
165
3
5
20
166
23
21
3
19
20
1
2
17
18
1
2
16
1
1
1
6
45
2
1
2
3
4
1
1
3
5
1
2
3
2
1
26
2
23
25
57
1
2
58
56
1
28
84
11
24
56
24
47
2
46
45
2
1
32
22
27
33
1
28
2
20
21
34
32
29
25
48
2
3
77
78
1
2
4
126
1
1
2
1
1
2
61
15
1
62
3
4
3
11
12
13
1
2
7
76
1
75
30
1
2
3
4
7
29
2
1
5
20
21
22
21
3
4
58
1
3
1
2
15
1
15
1
238
239
238
28
1
54
4
1
1
2
8
1
2
1
2
15
1
13
2
12
1
7
1
4
1
27
3
1
1
24
23
1
1
2
1
6
25
1
2
1
2
1
2
7
580
326
1
2
3
2
34
1
1
2
3
1
1
3
7
14
12
13
3
4
7
8
14
4
48
47
2
3
48
49
394
1
1
5
1
1
26
4
5
1
25
4
22
24
1
2
3
1
429
14
12
2
23
22
428
1
4
5
451
1
2
3
1
1
1
25
446
27
1
563
573
447
26
1
2
441
1
445
443
442
473
474
578
562
1
104
103
2
3
101
108
16
1
2
3
4
10
9
7
1
8
84
7
2
452
453
2
1
2
450
13
25
1
23
2
49
2
47
45
26
452
1
22
15
25
24
1
2
16
17
22
1
21
453
1
2
14
1
2
5
1
1
1
485
8
486
6
7
1
2
491
488
489
490
492
432
1
1
26
431
25
1
7
4
8
7
2
457
1
2
945
943
1
459
916
947
917
23
14
13
32
31
15
1
1
16
36
17
2
1
3
4
13
14
2
485
393
2
1
1
7
9
88
89
4
1
6
393
395
1
1
5
394
1
4
1
3
27
28
29
1
2
88
489
395
90
490
1
1
305
306
400
489
1
400
399
1
21
18
1
2
49
38
1
60
124
128
1
3
4
23
1
2
21
22
1
15
18
19
20
1
184
24
2
161
2
160
162
163
173
57
11
12
162
178
22
24
1
40
23
21
16
1
2
1
2
22
37
1
20
1
3
19
15
1
2
8
13
14
1
2
7
22
1
1
2
3
4
5
1
749
10
748
2
747
746
9
759
8
1
2
4
13
738
2
5
1
177
17
2
79
81
94
90
175
174
1
4
3
1
34
4
5
3
25
26
1
18
19
23
24
3
18
1
86
82
1
1
2
4
12
1
2
3
18
19
14
1
3
8
21
20
19
83
2
81
15
1
2
37
8
96
97
1
96
24
10
35
10
9
25
24
25
10
14
13
29
1
15
88
30
1
58
5
1
2
63
16
1
62
48
25
26
25
19
18
42
1
2
3
12
43
1
44
14
29
14
13
3
11
12
13
1
2
1
1
2
1
1
3
1
2
1
9
8
1
2
3
1
1
1
7
1
6
1
2
1524
1527
4
5
1
2
1522
1523
1520
1
5
136
2
3
7
6
1
10
9
8
1
1664
1523
1
2
1670
7
1665
1666
1
1
7
8
13
1665
3
1
11
28
87
82
83
9
10
1
3
73
1
2
1668
1
2
3
4
5
1
1368
76
1
278
3
20
21
279
269
268
2
1
5
10
1
4
2
3
1
1
1
32
30
1
2
4
5
1
32
2
3
31
2
5
1
4
1
2
3
219
1
218
253
2
254
255
259
1
1
2
3
5
1
1
1
2
1
21
23
13
271
270
269
1
258
20
1
1
270
1
4
5
6
11
2
3
1
9
10
12
7
9
1
2
1
2
5
1
1
2
3
1
5
1
4
2
3
67
2
73
1
74
2
1
2
1
4
5
8
1272
3
1
2
8
1
3
4
6
7
1
2
1
3
1
2
1
2
1350
1366
1367
1264
1
13
14
16
1
3
12
1350
1
2
1
1287
1292
1
3
4
5
1
2
9
1
5
7
8
1
4
1
2
3
17
1
15
16
17
18
1
2
5
8
9
14
4
5
27
7
1
2
3
1
1
2
1
21
22
26
1
1
2
5
1
20
1
3
16
21
1
2
15
1
6
15
25
5
26
30
103
1
2
3
4
129
1
130
1
4
5
1
3
10
1
4
5
6
8
1
3
7
2
10
2
60
61
7
8
1
7
8
6
1
2
1
37
36
2
1
38
1
2
5
36
35
29
1
2
3
4
1
1
6
1
3
65
4
69
5
1
3
2
59
62
1
1
3
1
3
4
3
23
22
21
3
4
16
1
2
15
1
2
4
14
16
28
26
44
1
2
10
1
7
9
18
17
1
1
64
1
2
1
141
1
2
4
54
1
143
144
152
143
5
1
3
9
10
11
1
2
1
4
8
1
1
130
26
124
25
128
1
298
156
1
4
170
169
149
1
2
3
1
299
157
1
300
11
301
307
12
1
6
20
10
7
150
19
32
30
1
1
1
2
4
13
6
7
15
14
1
2
5
17
1
4
16
13
14
21
14
13
17
1
3
4
1
2
1
81
1
3
4
1
77
1
1
2
1
4
6
7
1
3
1
2
68
76
82
16
10
1
1
2
1
5
6
1
3
4
1
2
1
3
4
1
2
1
1
2
6
1
2
3
4
3
4
35
4
6
43
1
34
29
35
1
2
5
1
2
3
1
2
47
66
65
1
2
4
19
1
2
35
34
1
2
35
21
1
37
1
1
2
7
1
3
6
1
2
1
72
66
6
1
4
5
1
2
3
1
22
56
48
1
1
26
1
27
25
28
34
1
31
35
1
2
3
4
34
1
4
8
2
3
1
2
17
387
201
1
13
15
1
2
3
12
1
8
10
11
1
4
9
1
2
1
2
13
14
1
4
5
1
437
2
3
11
436
1
9
427
41
1
9
426
1
2
8
1
1
2
1
2
3
1
480
370
1
1
460
468
1
4
5
6
8
9
1
3
1
2
14
15
1
13
16
17
1
8
9
10
1
3
14
6
7
2
38
16
15
40
1
41
42
1
21
22
36
1
3
4
7
19
20
21
1
2
6
1
4
428
382
1
2
3
1
16
1
435
432
1
3
1
2
1
41
40
46
1
5
8
1
7
6
1
2
1
2
1
3
389
2
1
385
12
387
386
1
281
1
2
11
12
13
387
1
282
396
397
386
1
6
7
9
10
281
282
284
387
1
1
9
3
4
8
103
61
95
82
1
1
3
19
21
22
41
42
2
48
21
6
7
41
40
4
5
6
1
42
43
18
16
1
38
26
24
1
40
39
1
41
1
4
1
1
1
1
20
2
19
20
31
32
12
18
1
12
1
1
6
5
1
2
3
110
1
3
6
1
1
2
3
115
1
625
588
1
2
3
1
2
7
14
1
80
1
12
679
2
675
680
681
4
687
7
1
2
6
7
1
2
1
5
6
7
1
1
2
1
3
4
1
4
647
1
3
1
2
652
1
3
637
653
2
14
655
651
1
9
109
12
108
12
651
1
5
4
5
1
2
3
1
11
20
416
8
9
171
5
6
8
2
7
163
1
1
5
1
3
2
2
4
5
12
177
2
3
1
12
1
11
1
2
1
3
8
9
1
14
736
734
1
13
5
750
14
3
4
5
15
17
16
1
7
15
16
17
32
2
5
6
1
2
4
21
755
3
2
18
1651
1
2
3
47
16
1
1
8
7
1
2
3
4
1
10
42
43
1
8
9
1
24
7
1
27
1
2
29
28
27
1
2
1
1
3
53
1
19
1
2
7
54
1
3
6
56
1
1
2
3
1
1
1
49
50
1
51
149
49
50
13
49
46
37
1
2
3
5
8
12
1
3
4
1
16
2
18
1
17
2
6
3
5
19
1
1
3
4
10
13
18
15
9
1635
1630
11
12
1
2
3
4
6
1
2
3
2
33
113
146
2
1
145
144
146
1
2
4
6
147
1
1
2
1
1
2
1
141
1
1642
1644
1643
1
2
3
4
5
1
1
1
73
1
1
74
1719
1718
1
6
1640
1
2
5
1641
1645
1
2
3
33
1
2
3
31
1
1717
1
1718
5
34
1717
1716
1713
1683
1
1684
1
1683
1669
1
3
13
14
1
2
1
2
3
4
1
1
1
1
4
5
6
2
4
35
34
6
7
1
2
859
1
2
854
852
1
851
14
15
1
1
308
307
306
947
94
1
2
95
1
15
311
1
14
1
6
312
314
1
2
5
641
640
1
1
43
1
3
1
2
16
14
689
1
2
17
308
1
1
2
13
1
2
12
307
1
2
1
4
1
2
3
17
1
20
18
35
36
37
9
14
1
21
1
36
1
4
1
2
3
37
11
12
11
1
5
19
13
34
1
2
4
2
3
1
5
1
3
4
1
2
1
1
24
26
36
2
3
6
1
3
4
12
13
2
4
46
1
1
5
45
1
2
4
21
3
22
24
23
1
48
2
47
50
48
2
287
1
3
4
59
266
50
21
29
28
26
58
1
1
10
15
289
288
6
1
3
4
29
7
1
2
6
1
294
1
1
33
34
4
8
35
36
6
1
34
29
4
5
1
3
1
1
7
1
5
6
1
3
4
1
2
1
2
1
2
3
4
1
739
738
1
1
737
1
436
1
4
302
1
2
3
1
3
2
1
304
303
1
2
10
91
90
93
1
2
4
7
1
96
2
3
97
11
98
17
107
108
1
2
3
81
2
3
97
1
83
99
100
1
1
3
1
2
97
98
1
1
2
88
87
97
96
1
641
1
640
641
1
4
3
89
1
12
13
14
3
1
11
10
1
12
1
11
81
1
92
1
89
80
9
1
5
6
8
1
2
3
16
15
1
9
14
1
6
1
2
5
1
2
1
3
2
1
2
4
5
4
1
2
4
3
4
5
1
2
1
610
611
5
609
413
412
1
179
1
1
3
4
15
16
178
2
179
180
1
3
5
1
2
7
11
160
158
1
2
11
1
10
11
1
117
62
64
65
1
2
1
1
119
159
4
6
7
10
41
40
38
35
6
1
2
1
2
3
2
3
1
5
4
3
1
214
325
2
15
1
1
207
2
1
2
209
19
14
12
1
21
20
19
28
27
22
48
1
2
4
34
35
47
14
1
9
1
6
8
4
5
15
28
31
1
2
16
10
11
1
18
1
2
101
7
1
2
96
1
1
3
2
4
1
2
3
94
93
2
94
5
6
418
97
96
1
1
2
1
413
2
606
607
608
144
162
1
413
1
461
515
465
464
462
1
3
1
2
11
18
1
2
1
55
54
51
6
5
1
2
4
1
1
1
57
55
56
1
10
40
9
10
15
14
12
1
2
1
1
2
4
1
2
1
7
2
4
5
6
1
1
3
24
23
1
2
28
30
29
1
1
2
3
32
13
216
209
939
1
3
33
1
2
36
2
19
1
2
4
5
1
16
17
2
14
15
1
6
7
12
1
3
6
1
2
1
1
3
42
1
2
43
1
3
269
1
2
32
271
1
267
1
4
6
303
2
3
1
4
5
301
2
3
1
1
1
307
306
203
1
5
7
104
1
4
1
2
3
16
1
8
32
15
1
2
7
1
2
1
2
4
5
7
1
96
97
2
17
94
95
1
4
5
7
16
3
15
1
2
23
24
1
4
5
3
1
2
10
11
1
2
6
67
9
1
17
4
1
2
3
17
17
1
1
5
4
14
2
1
5
1
4
3
10
1
3
6
9
10
1
2
8
1
7
3
111
110
1
1
111
113
2
1
2
3
2
4
1
1
2
6
1
2
1
2
78
1
1
3
48
77
32
1
2
31
1
44
45
43
1
2
12
17
18
1
4
10
11
1
2
119
3
1
125
121
4
1
122
1
6
101
2
4
5
1
1
2
13
14
15
1
2
1
5
11
1
2
3
4
1
1
5
1
1
6
1
5
599
13
14
15
20
1
10
11
12
1
2
1
58
76
77
1
3
9
8
1
2
3
5
7
1
6
1
1
2
1
7
2
1
2
3
1
2
5
2
720
708
730
3
722
721
10
12
6
7
63
61
1
657
1
1
2
3
1
20
1
19
1
17
68
66
16
1
2
8
1
4
7
2
3
1
16
17
77
23
79
1
77
78
82
1
3
4
5
1
2
2
1
2
1
41
40
22
1
45
46
5
50
51
1
7
8
9
49
5
7
1
4
1
2
3
18
1
2
10
13
2
1
2
3
40
1
3
36
2
4
6
1
2
129
130
131
4
1
3
4
2
3
7
8
1
5
11
1
3
4
5
7
1
2
1
1
6
1
2
1
2
1
36
1
37
3
43
35
7
1
11
47
72
1
2
3
7
10
20
25
9
1
4
5
1
10
9
12
1
8
260
1
2
3
1
2
3
4
13
1
14
1
1
25
26
30
24
17
1
9
41
226
252
1
2
4
251
3
4
6
9
10
1
1
1
2
7
5
6
1
53
4
54
2
3
1
4
5
1
608
243
609
604
1
605
1
1
4
366
6
2
4
5
1
2
362
2
321
1
78
3
320
1
2
1
7
8
9
1
3
1
4
75
1
3
1
2
11
1
78
77
91
79
1
6
5
1
2
16
15
14
21
19
18
35
1
7
1
5
670
6
1
3
4
2
1
2
1
675
1
676
4
1
2
3
631
661
14
1
11
8
7
630
1
12
10
1
11
1
16
14
2
4
5
1
638
1
1
632
644
1
631
2
11
12
632
3
10
633
663
30
1
2
6
5
1
3
4
58
2
68
9
32
10
3
7
8
11
12
13
14
1
2
12
1
2
4
10
1
1
2
1
2
749
6
1
4
1
752
753
755
751
1
894
751
143
2
3
2
1
7
8
1
21
1
14
20
1
13
9
11
12
1
2
262
6
7
1
6
7
1
264
23
265
22
23
25
2
1
2
3
292
33
267
268
1
2
259
25
1
261
234
235
267
1
1
268
267
2
1
268
269
1
5
1
3
4
1
2
6
113
5
6
1
1
2
130
1
110
118
134
132
1
2
22
1
4
5
19
20
21
3
6
9
8
1
3
35
11
15
38
6
9
10
39
1
43
44
38
2
3
39
1
40
42
114
1
1
2
1
4
3
1
1
2
3
7
1
1
1
4
2
3
4
1
3
2
1
2
1
47
4
5
48
3
4
1
1
2
7
1
6
1
43
71
95
96
70
72
28
1
2
1
2
18
1
1
2
5
21
22
24
1
2
13
20
1
2
11
1
93
92
2
10
1
5
95
97
3
1
2
1
2
92
1
2
89
7
90
2
3
6
91
92
1
2
7
10
1
2
3
1
4
5
1
3
2
1
3
1
2
5
268
2
4
31
269
270
254
1
2
3
34
33
1
2
3
1
37
38
3
1
2
1
4
1
3
1
2
238
1
2
244
241
246
1
3
32
1
2
7
1
6
1
1
2
1
4
3
41
3
8
1
1
9
1
4
5
1
3
2
5
3
1
1
1
50
5
49
1
4
22
91
1
85
7
12
66
84
6
18
21
5
8
10
18
1
2
4
3
16
18
1
2
4
2
3
8
2
5
13
1
4
5
6
3
1
2
10
1
2
6
9
1
1
4
2
1
125
2
126
1
2
3
127
127
82
80
78
1
45
1
13
10
12
1
2
9
80
1
79
2
3
81
1
2
1
1
4
5
1
3
1
2
9
12
13
1
2
3
7
8
1
1
4
1
2
3
1
2
127
123
1
125
3
1
2
3
4
5
1
4
1
1
2
128
127
125
126
138
139
1
2
4
1
2
1
1
1
5
3
4
14
5
1
4
1
18
16
21
1
2
3
5
9
2
7
8
7
2
5
1
72
2
1
70
71
65
1
2
6
1
2
1
1
1
