2
2
5
5
23
21
1
2
34
1
2
168
2
169
4
170
6
8
70
3
4
5
6
19
23
20
7
21
22
24
60
89
71
33
68
2
145
26
83
65
19
69
73
4
5
3
161
80
66
80
74
1
8
2
3
34
37
78
130
2
3
30
27
2
3
4
5
4
4
5
6
17
15
18
17
48
50
3
88
92
16
15
2
2
4
4
8
12
15
43
14
1
1
4
86
16
18
350
112
5
6
25
5
29
73
3
1
1
1
81
2
4
4
8
51
7
8
9
11
5
18
4
197
45
39
8
2
3
5
6
8
10
9
23
47
3
24
22
35
4
2
1
2
3
2
141
144
3
28
2
2
3
17
14
16
18
44
2
3
2
145
3
43
146
2
3
4
4
32
1
2
40
42
174
21
60
3
29
60
6
4
14
1
1
2
2
97
27
24
1
1
2
3
3
1
4
100
97
10
89
82
81
12
1
2
2
2
4
1
2
3
3
4
1
5
73
69
70
23
4
2
2
5
5
8
11
13
14
97
96
62
10
11
12
13
14
69
70
22
23
227
5
70
75
104
109
77
18
1
14
110
112
1
1
1
2
2
97
122
2
1
3
5
6
12
6
2
4
4
6
8
6
46
90
47
17
119
117
5
3
2
4
6
9
6
95
97
98
37
29
3
4
9
11
29
12
13
14
69
71
73
75
1
3
6
7
29
2
3
2
2
4
6
6
337
9
51
53
54
55
56
57
58
49
42
342
18
49
1
1
1
2
2
3
346
348
4
11
1
3
6
10
349
14
15
57
48
39
43
95
13
14
105
108
11
106
109
90
25
43
98
2
3
3
5
15
19
24
96
24
45
56
60
15
3
6
5
68
355
6
2
3
5
6
67
3
1
2
2
1
65
1
2
3
4
31
2
4
3
5
6
4
51
1
1
1
2
3
3
79
78
75
72
1
1
2
2
1
5
6
7
95
101
91
88
96
39
33
11
2
3
4
89
3
36
38
92
1
2
3
4
5
6
287
85
83
80
1
28
27
86
101
73
89
82
1
293
2
132
1
84
16
428
3
5
7
1
54
129
140
1
1
56
68
65
1
2
132
2
3
2
3
1
33
2
4
4
42
30
20
2
4
133
25
1
1
108
110
45
51
2
3
4
93
7
106
112
9
4
5
2
101
51
52
3
1
2
9
11
3
13
15
43
42
339
6
8
10
13
15
16
47
48
85
6
9
75
77
78
75
3
36
28
2
2
1
125
126
5
1
2
2
3
4
5
63
4
5
2
414
12
85
35
498
2
3
1
2
52
1
2
1
2
2
4
5
3
2
5
5
7
45
29
72
4
5
6
66
3
69
70
3
68
68
1
1
2
3
3
4
4
6
8
9
11
7
58
59
57
2
7
8
9
3
27
2
1
108
22
3
3
22
1
1
1
2
3
3
34
34
1
1
1
2
2
58
1
2
2
3
63
39
2
3
4
58
3
62
62
61
5
2
2
4
260
15
1
309
2
3
3
95
5
25
1
1
2
2
3
4
237
61
60
304
51
50
63
49
142
2
3
4
5
47
1
2
141
140
97
43
96
2
3
68
92
280
2
105
1
2
72
28
29
72
74
62
60
57
1
1
459
119
62
1
1
2
2
143
141
119
142
141
140
143
24
25
28
29
37
124
47
3
59
31
402
46
1
1
1
1
2
3
3
213
99
1
1
303
2
2
11
87
120
121
122
164
1
1
2
4
5
6
135
16
6
27
21
28
31
34
26
63
62
17
21
1
3
3
4
4
2
3
4
34
4
7
8
21
5
608
15
2
1
1
84
82
1
3
315
7
8
8
29
31
33
34
156
37
160
39
161
11
7
94
1
3
3
5
7
9
10
8
9
11
32
30
32
148
17
1
243
246
68
18
44
19
91
85
47
2
4
69
13
19
10
133
25
43
36
68
3
23
2
4
5
35
11
13
1
2
3
3
26
126
45
1
1
1
3
5
7
6
8
29
29
4
85
2
2
4
3
5
16
19
9
1
1
3
4
6
47
101
2
3
5
5
40
18
32
5
29
2
2
1
1
1
1
59
58
33
1
2
2
27
1
1
2
2
4
4
5
114
113
19
2
4
4
4
5
8
116
5
4
44
101
1
2
3
4
79
79
77
105
1
2
3
3
133
20
98
2
13
14
1
1
3
6
7
8
78
80
23
24
2
13
43
2
1
2
3
73
78
2
1
3
1
2
1
2
4
4
92
1
1
3
25
86
1
1
1
2
14
110
2
1
2
2
3
60
107
108
11
3
4
64
26
8
2
4
34
35
37
44
1
3
4
2
2
4
2
7
7
2
9
56
4
6
13
20
17
51
66
68
51
9
3
2
4
317
2
1
60
63
61
2
42
2
3
27
2
11
1
2
10
17
18
3
3
2
6
5
6
7
4
51
3
29
29
2
4
53
51
3
2
12
11
13
95
67
2
3
2
4
22
2
1
100
2
9
1
2
2
1
1
40
1
1
42
1
3
1
2
5
6
2
144
123
92
1
6
8
5
463
9
1
3
5
7
149
15
150
17
20
36
39
7
7
10
7
8
4
5
15
28
143
30
8
63
5
8
5
8
68
8
9
36
3
72
3
2
1
4
27
26
25
2
63
84
71
2
4
27
1
40
38
40
589
36
35
1
3
5
4
6
19
23
16
4
15
2
1
1
15
49
47
48
7
9
54
4
117
1
1
1
1
2
3
3
119
117
115
2
4
4
5
26
7
39
37
36
1
1
22
2
10
1
1
1
1
1
1
2
1
1
2
1
149
111
1
1
1
1
1
1
1
1
2
2
1
1
143
1
1
2
66
2
1
2
3
1
3
1
2
2
1
1
2
52
1
2
69
3
2
2
11
1
1
1
2
1
21
24
97
98
2
132
2
1
2
1
3
4
57
5
1
1
1
3
3
2
59
1
2
3
4
4
50
1
1
1
1
1
1
1
1
1
2
2
2
2
2
3
1
86
1
4
1
1
1
1
1
1
1
2
1
1
1
19
1
2
2
2
1
8
2
120
2
6
8
112
111
112
4
110
1
1
1
2
2
1
1
1
1
1
5
2
2
1
2
1
1
2
1
1
1
4
5
4
1
1
2
1
1
2
2
3
3
2
2
2
2
2
5
3
3
1
2
2
3
2
1
1
2
2
2
3
2
3
2
2
1
1
1
1
2
4
3
5
1
1
1
1
1
2
2
2
1
