1
1
2
2
24
23
1
2
44
1
2
222
2
164
3
4
5
6
28
5
6
215
7
7
8
1
67
2
3
4
22
44
32
37
266
224
6
702
60
24
5
30
103
3
4
2
5
62
42
61
24
1
9
3
4
24
25
29
37
2
3
20
16
2
3
4
5
4
4
5
6
8
7
9
8
17
18
3
22
38
9
7
1
1
2
2
3
4
7
28
7
18
18
19
38
31
32
33
257
4
5
5
4
23
38
76
1
1
2
30
1
2
3
5
39
4
5
6
7
4
21
3
49
34
31
9
1
2
3
4
5
6
9
18
31
2
18
38
39
6
5
1
1
2
3
153
154
4
10
3
70
1
6
5
6
71
87
1
2
3
83
4
19
3
5
7
8
1
27
78
6
12
15
14
21
24
1
12
23
2
1
29
1
1
2
2
51
28
27
1
1
2
3
3
1
4
54
52
22
49
44
42
24
1
1
2
3
5
1
2
3
3
4
1
5
19
17
18
10
3
1
1
67
67
1
2
3
4
37
35
8
1
2
3
4
5
12
56
10
11
260
5
9
11
33
38
13
9
2
11
40
42
1
1
72
1
1
60
62
2
1
2
3
3
6
4
1
2
2
3
4
3
17
409
17
1
52
50
1
1
1
1
2
3
3
37
39
40
25
12
1
1
2
3
14
4
5
6
27
28
266
29
1
1
2
2
5
1
283
1
283
2
3
1
2
3
14
17
19
22
24
29
32
13
10
3
22
260
1
1
1
2
2
3
4
285
355
5
1
3
356
4
5
6
7
36
9
1
4
34
5
355
24
28
4
25
402
48
42
13
336
1
2
360
2
3
4
5
36
1
30
32
33
5
1
3
4
26
398
3
1
2
3
3
32
1
1
3
3
2
32
1
2
2
3
6
1
2
2
3
4
2
53
1
1
1
2
3
3
29
27
25
23
1
1
2
2
1
29
17
19
40
42
42
41
43
18
20
12
4
5
6
54
3
28
30
58
1
2
85
287
4
6
84
56
50
49
283
365
9
57
49
58
60
42
1
2
3
57
2
53
6
2
4
7
9
8
22
34
66
1
1
32
50
47
1
2
48
1
2
2
3
1
25
2
4
4
48
44
30
2
4
70
43
1
1
27
29
18
31
1
1
1
68
2
40
50
3
1
2
2
44
28
29
1
1
1
2
3
1
83
4
4
3
2
1
3
84
4
5
6
56
59
48
3
4
38
39
40
38
35
280
35
1
1
1
1
2
3
1
3
3
4
224
6
30
4
5
2
20
18
40
9
21
2
4
1
216
26
1
2
1
2
2
3
4
2
1
3
84
3
32
11
36
303
3
4
31
84
37
37
2
48
48
1
2
2
2
1
301
1
2
301
3
4
1
47
48
46
1
3
4
5
3
39
1
1
27
36
1
1
38
1
1
1
3
4
4
1
35
1
1
1
2
2
25
1
2
2
4
31
12
3
5
6
26
4
31
31
30
3
1
1
2
4
9
1
505
3
6
6
25
8
20
1
2
3
3
5
7
538
24
534
502
17
17
28
85
226
2
3
227
4
3
2
3
50
169
20
15
9
2
3
26
14
55
3
23
2
4
32
3
5
35
36
41
40
39
1
1
48
49
44
1
1
2
2
69
68
59
69
68
67
70
9
11
13
16
5
62
30
71
38
18
30
28
1
1
1
1
2
3
3
638
54
1
1
581
2
2
12
54
53
54
55
580
1
2
4
578
7
8
4
5
73
15
12
5
513
6
3
24
23
8
9
1
2
2
3
5
2
4
5
30
4
5
6
1
3
27
4
2
1
3
27
25
1
2
233
6
234
9
24
25
26
28
29
31
32
33
34
11
9
42
1
3
85
5
7
9
10
1
2
3
22
21
21
22
9
1
34
33
104
6
34
6
30
35
17
1
2
8
11
78
8
13
13
16
27
142
2
5
1
1
2
6
7
9
1
2
3
3
18
14
186
1
1
1
162
1
2
3
4
137
30
2
42
1
1
1
81
2
8
9
83
1
1
2
2
3
44
50
1
2
167
3
1
1
6
2
6
1
1
1
1
2
2
56
55
1
1
2
3
30
1
2
2
2
4
5
164
48
47
20
4
6
2
4
6
7
53
4
3
20
46
1
80
2
3
57
38
36
49
1
2
3
3
68
17
41
2
9
10
1
1
2
3
3
4
40
44
17
18
2
8
23
2
1
2
3
42
45
1
1
1
1
1
1
2
3
3
59
1
63
1
19
36
1
1
1
2
10
36
1
2
4
3
4
26
30
31
16
3
4
25
21
13
1
2
6
9
11
20
3
5
4
1
1
1
1
2
77
18
5
200
7
964
11
25
24
28
17
19
20
5
2
68
2
308
1
1
16
18
17
4
9
504
7
2
5
78
2
655
19
6
7
2
2
1
2
101
2
3
1
61
3
57
57
2
9
25
23
2
2
18
1
1
59
38
228
5
1
2
23
1
1
69
2
2
1
2
2
1
1
20
1
1
35
1
149
1
1
2
2
1
2
72
69
1
28
30
25
30
31
2
4
4
5
8
9
6
7
8
28
33
2
3
4
2
2
1
2
25
21
2
22
2
41
1
2
2
3
7
2
3
29
2
35
2
1
1
4
12
11
10
2
10
32
7
1
2
11
1
6
5
6
3
9
11
1
1
2
2
4
24
26
22
4
21
2
1
1
23
3
2
3
5
7
6
3
63
1
1
1
1
2
3
3
43
42
40
1
2
2
3
6
3
3
4
3
1
1
18
2
6
1
1
1
1
1
1
2
1
1
2
1
70
52
1
1
1
1
1
1
1
1
2
2
1
1
71
2
2
4
34
1
1
1
1
1
1
1
1
1
1
1
1
38
1
1
29
2
1
3
35
1
1
1
2
1
19
20
47
48
1
213
1
1
1
1
2
2
10
2
1
2
1
1
1
1
47
2
4
5
6
6
49
2
2
1
2
1
1
1
1
2
1
1
1
1
1
2
2
42
1
8
2
1
2
1
1
1
1
1
1
1
1
18
1
3
1
1
1
1
70
43
2
4
5
50
49
51
2
50
1
1
1
1
1
1
1
1
1
1
1
2
2
1
2
1
2
4
1
1
1
2
8
5
1
2
1
1
1
1
1
1
1
1
1
1
1
1
3
1
1
1
1
1
1
1
1
1
1
1
1
1
1
1
1
1
2
2
2
1
1
2
2
5
1
1
1
1
1
1
2
2
2
