1
2
3
4
5
7
9
10
11
12
13
14
15
16
17
18
20
22
24
26
27
29
30
32
34
35
37
38
39
40
41
42
43
44
45
46
47
48
49
50
51
52
53
54
55
56
57
58
59
60
61
62
63
64
65
66
67
68
69
70
71
72
73
74
75
76
77
78
79
343
80
81
82
83
84
85
86
87
88
89
90
91
92
93
94
95
96
97
98
99
100
101
102
103
104
105
106
107
108
109
110
111
113
114
117
119
121
122
124
126
128
130
131
133
135
137
138
141
143
145
146
149
151
153
155
157
160
161
163
165
166
169
171
172
174
175
176
179
181
183
184
186
188
189
191
193
195
199
200
202
203
206
207
210
212
214
216
217
219
220
222
223
225
227
228
229
231
233
235
237
238
239
240
241
242
243
244
245
246
247
248
249
250
251
252
253
254
255
256
257
258
259
260
261
262
263
264
265
266
267
268
269
270
271
272
273
274
275
276
277
278
279
280
281
282
283
284
285
286
287
288
289
290
291
292
293
294
295
296
297
298
299
300
301
302
303
304
305
306
307
308
309
310
311
312
313
314
315
316
317
318
319
320
321
322
323
324
325
326
327
328
329
330
331
332
333
334
335
336
337
338
339
340
341
342
343
344
345
346
347
348
349
350
351
352
353
481
1537
867
229
231
212
397
794
1102
1806
118
128
619
860
240
239
237
234
232
229
227
225
224
222
219
132
216
215
213
211
134
135
208
205
204
201
200
199
196
194
253
252
251
121
249
248
246
244
243
242
241
130
238
236
235
233
231
230
228
226
223
221
220
218
217
133
214
212
210
209
207
206
203
202
136
198
197
195
193
192
191
190
189
188
187
186
185
184
183
182
181
180
179
178
177
176
175
137
174
173
172
139
171
170
169
168
167
166
165
164
2
4
5
7
374
9
10
12
14
15
16
18
20
21
23
24
25
391
28
30
32
34
36
38
39
40
401
42
44
46
47
48
50
52
54
55
57
414
61
63
64
65
421
67
69
71
1131
73
74
75
433
77
79
80
440
82
84
444
86
87
448
89
91
93
95
96
99
456
101
261
260
259
258
257
256
255
254
163
162
161
160
159
158
157
156
155
154
153
152
151
150
149
148
147
146
145
157
144
159
143
142
141
140
139
138
137
136
135
134
133
132
131
130
129
178
128
127
126
125
124
123
122
189
121
120
119
118
117
116
115
114
201
203
113
112
111
110
109
108
107
106
105
104
103
102
215
101
100
99
98
97
96
224
226
95
94
93
231
92
91
90
89
88
87
86
85
84
83
82
81
80
79
78
77
76
75
253
74
73
72
71
70
69
68
67
66
65
64
267
269
63
62
61
60
59
275
58
57
56
281
55
54
53
52
51
50
49
290
292
48
47
298
46
45
44
43
42
41
40
39
38
37
36
35
34
33
32
31
30
29
28
27
326
26
25
24
23
22
21
20
19
18
17
308
16
15
14
13
12
11
10
9
8
7
6
349
5
354
355
4
3
2
360
362
1
309
1
307
3
6
8
375
376
11
13
380
17
19
385
22
26
27
29
394
31
33
35
37
399
41
43
45
49
51
53
56
58
59
60
62
418
66
422
68
70
72
285
428
282
431
76
78
438
81
83
85
88
273
90
92
94
97
98
100
102
103
462
463
464
104
105
465
466
1169
467
1172
1174
106
107
108
468
469
263
470
1184
1186
262
1188
471
1192
367
472
473
474
369
109
475
476
477
478
479
480
110
839
112
840
115
117
841
843
119
846
250
849
247
245
124
855
127
321
659
657
656
307
655
654
653
651
650
648
304
646
302
300
299
297
643
296
295
293
642
291
290
289
640
288
287
285
284
283
636
281
280
279
278
277
276
274
273
633
632
630
270
269
268
628
267
627
626
264
624
622
620
263
262
261
617
616
259
258
257
256
255
254
253
252
251
250
249
610
608
607
606
247
603
246
244
602
601
242
241
240
238
598
597
236
235
594
234
592
232
591
589
231
586
230
229
228
585
584
226
225
223
582
222
581
580
220
579
578
577
576
575
216
573
571
569
568
567
565
215
213
562
560
559
212
319
674
318
673
672
317
316
671
315
314
313
670
669
312
666
665
311
310
664
663
662
661
660
658
309
308
306
305
649
647
303
301
298
644
294
292
641
639
638
286
637
282
635
634
275
272
631
271
629
266
265
625
623
621
619
618
260
614
613
612
611
248
609
605
604
245
243
600
239
237
595
593
233
590
588
587
227
224
583
221
219
218
217
574
572
570
566
564
214
563
561
558
557
209
555
207
206
549
547
545
203
202
540
199
198
194
192
189
535
532
186
529
183
527
525
176
174
172
520
518
516
512
510
508
170
168
505
503
501
162
500
498
496
494
157
154
490
151
150
149
485
484
145
143
141
139
137
133
131
128
126
124
122
478
475
117
113
111
109
473
472
471
103
470
100
97
93
91
90
88
463
462
85
458
456
454
452
450
449
80
78
74
442
440
439
437
64
436
435
59
58
429
57
422
56
55
414
54
408
53
406
52
403
46
402
40
401
400
399
33
32
398
397
31
30
396
29
28
27
26
25
24
395
23
22
394
21
393
20
392
19
18
391
17
390
16
15
14
13
389
12
11
10
9
388
8
387
7
386
385
6
5
4
3
384
2
1
383
382
381
380
1
2
379
378
377
376
375
3
374
373
4
372
5
371
370
369
6
368
367
366
365
7
364
363
362
8
361
9
10
360
11
12
359
13
14
15
16
17
18
358
19
20
21
356
355
354
353
352
351
22
23
350
24
25
349
348
26
27
347
346
28
29
30
345
344
31
343
32
33
34
342
341
35
339
338
36
37
336
335
38
334
39
333
332
40
41
331
42
43
330
44
329
328
327
679
678
677
676
675
320
1487
1490
211
210
556
208
554
553
552
551
205
550
548
546
204
544
543
201
542
541
200
539
538
537
197
196
195
193
191
190
188
187
534
533
530
185
184
528
182
181
180
526
179
178
177
524
523
522
175
173
521
519
517
515
514
513
511
509
171
507
506
169
167
166
504
165
502
164
163
161
499
160
159
497
495
158
156
155
492
491
153
152
489
488
487
486
148
147
146
144
483
142
482
140
138
136
135
134
132
130
129
127
125
480
123
479
477
476
121
120
119
474
118
116
115
114
112
110
108
107
106
105
104
102
101
99
98
96
95
94
92
469
468
467
89
466
465
464
87
86
461
460
459
84
457
455
453
451
83
82
81
448
447
79
77
76
75
446
73
72
445
71
444
443
70
441
69
68
67
438
66
65
63
62
61
60
434
432
431
430
427
426
425
424
423
421
420
419
418
417
416
415
413
412
411
410
409
407
405
51
50
49
48
47
45
44
43
42
41
39
38
37
36
35
34
326
325
324
323
322
1213
260
565
208
562
1257
609
608
253
607
605
604
251
249
1226
246
244
601
243
242
600
599
1319
240
596
238
594
236
591
234
232
588
586
584
227
226
581
580
577
224
221
576
574
218
217
215
213
570
211
569
567
209
207
563
561
205
204
203
202
201
200
199
197
560
195
194
558
557
192
556
555
189
188
554
553
1270
185
552
550
549
547
545
184
543
542
182
541
540
539
180
538
537
536
535
177
533
175
531
530
529
528
527
526
172
524
171
170
169
168
167
166
165
520
164
517
163
515
162
514
1235
513
512
511
158
157
156
508
507
153
152
150
148
505
147
504
503
501
146
144
500
498
497
142
141
494
493
139
138
492
491
490
135
487
133
131
130
486
485
128
127
126
484
483
482
124
122
120
480
479
478
477
118
117
475
474
472
471
116
114
113
470
469
468
467
466
465
464
463
110
462
461
460
459
458
457
456
454
453
452
451
450
449
105
448
447
446
444
443
441
101
440
439
437
99
97
96
436
435
434
432
431
91
430
429
428
89
88
426
87
85
425
423
422
421
420
82
80
419
418
417
416
79
78
415
77
414
413
412
411
410
408
407
74
72
405
71
70
404
68
67
66
403
65
63
62
61
60
401
1137
400
398
1132
397
396
257
395
393
56
55
53
52
392
51
50
391
48
47
390
45
388
1108
387
385
41
383
38
382
37
36
381
321
658
657
317
316
315
655
314
654
653
310
652
309
1371
306
304
303
650
301
648
646
300
644
299
298
297
296
295
293
292
291
628
290
289
288
621
618
284
617
616
278
615
614
269
613
263
612
258
611
256
254
1216
606
603
602
247
1231
1232
597
237
592
235
589
231
230
229
583
225
579
222
575
219
216
572
212
210
568
566
610
255
1217
252
250
1221
1223
248
245
1229
241
598
239
595
593
590
233
587
585
228
582
578
223
220
1303
573
214
571
1300
1252
1254
564
206
1259
198
196
559
1264
193
191
190
187
186
551
548
546
544
183
1274
181
179
178
534
176
532
174
173
525
523
522
1240
521
519
518
516
161
160
1275
159
510
509
155
154
151
149
506
502
145
143
499
496
495
140
137
136
489
488
134
132
129
1197
125
123
121
481
119
476
473
115
112
111
1185
109
108
1276
455
107
106
104
103
445
102
442
100
1287
438
98
95
94
433
93
92
90
427
86
424
84
1300
83
1303
81
1305
409
76
75
73
406
1312
69
64
402
59
58
399
57
394
54
49
46
389
44
43
42
386
384
40
39
35
34
33
32
31
30
29
380
379
28
27
26
25
24
378
23
22
21
20
19
1353
377
18
376
17
16
375
374
15
14
13
373
12
372
1368
11
371
370
369
1373
1375
10
9
8
7
6
5
368
4
3
2
367
366
365
364
363
362
361
2
3
4
360
5
359
6
358
357
356
1403
7
8
9
10
355
354
11
12
13
14
15
16
353
352
17
351
350
18
349
1423
348
19
20
1428
21
347
1432
1061
22
346
345
24
25
344
27
28
29
1445
30
31
32
33
343
342
34
36
341
37
1457
38
340
39
40
1462
1464
1466
339
41
42
43
338
337
336
335
334
333
1044
332
331
1041
330
329
1486
44
328
327
326
325
324
323
322
659
320
319
318
656
1158
313
312
1166
1372
651
308
307
305
302
649
647
645
643
642
641
640
639
638
637
1356
636
635
634
633
632
294
1349
631
630
629
627
626
625
624
1191
1193
623
622
620
619
287
286
285
283
282
281
280
277
1203
274
272
271
268
266
264
261
259
1212
307
330
108
279
276
275
273
270
267
265
262
175
195
211
224
274
283
105
106
107
2
258
108
109
110
111
112
227
226
225
224
223
222
221
220
219
218
217
216
215
214
213
212
211
209
207
206
205
204
203
202
201
200
199
198
197
196
195
194
193
192
191
190
188
187
186
185
184
183
182
181
180
179
177
176
175
174
173
172
171
170
169
168
167
165
163
162
161
160
159
158
157
156
155
154
153
151
150
149
148
147
146
145
144
142
140
139
138
137
135
134
133
132
131
130
129
128
127
126
125
124
123
122
121
120
119
118
117
116
115
113
112
111
110
109
108
107
106
105
104
103
102
101
99
97
96
95
94
93
91
90
89
88
87
85
84
83
82
81
80
79
78
76
74
73
72
71
70
68
67
66
65
64
63
62
61
60
59
58
57
56
55
54
53
52
51
50
49
48
47
46
45
44
43
42
40
39
38
37
36
35
34
33
32
31
30
29
28
27
26
25
24
23
22
21
20
19
17
16
15
14
11
10
9
8
6
4
3
2
1
1
3
4
5
106
109
110
111
259
208
205
204
202
200
189
186
185
179
167
158
157
152
149
146
142
140
117
113
103
92
82
76
72
65
58
57
56
48
30
28
21
17
13
12
10
4
466
4
467
8
9
10
12
13
14
15
17
18
19
20
21
23
24
26
27
28
29
31
468
469
33
34
35
36
37
38
39
40
41
42
43
44
46
47
48
50
51
54
55
56
57
58
60
61
63
65
66
67
68
70
72
73
74
76
77
78
80
81
82
83
84
85
86
88
89
90
91
92
258
256
255
253
118
120
249
247
246
244
243
240
131
133
135
137
140
143
145
148
238
103
240
39
38
37
35
34
32
30
29
28
27
26
25
24
23
22
21
19
18
17
16
15
14
13
12
11
10
9
7
5
4
3
2
1
1
2
3
5
6
7
8
9
10
11
12
15
16
19
20
21
23
25
26
28
29
31
34
35
36
37
38
39
40
41
42
43
44
45
46
47
48
49
50
51
52
54
56
57
59
61
62
63
64
66
67
68
69
70
72
73
74
49
47
46
44
43
40
78
242
120
128
135
145
161
163
169
190
192
195
220
223
225
226
231
245
247
251
254
265
284
286
288
289
290
291
292
293
294
295
296
297
299
300
302
304
305
306
308
309
310
311
312
314
316
318
319
320
322
323
324
325
98
110
3
4
6
8
11
13
15
17
20
22
24
27
28
30
32
35
36
38
40
42
44
46
47
50
52
55
56
58
61
65
66
68
70
73
75
78
80
82
84
85
86
89
92
93
96
97
99
101
103
106
109
112
114
118
120
122
124
1
2
3
4
5
6
7
8
9
11
12
13
14
15
16
17
18
19
20
21
22
24
25
27
29
30
31
32
33
34
36
37
38
39
40
41
42
43
44
45
46
47
48
49
50
51
52
53
54
55
56
57
58
59
60
61
62
63
64
65
66
67
68
69
70
71
72
73
74
75
77
78
79
80
81
82
83
84
85
86
87
88
89
90
92
93
94
95
97
99
100
101
102
103
104
105
106
107
108
109
110
111
112
113
114
115
116
117
118
119
120
121
122
123
124
125
127
128
129
130
131
132
133
134
135
136
137
138
139
140
141
142
143
144
145
147
148
149
150
152
153
154
156
157
158
159
160
161
163
164
165
166
167
169
170
171
172
173
174
175
176
177
178
179
181
182
183
184
186
