59
137
148
92
126
58
57
56
55
34
54
57
53
52
217
206
125
147
51
115
90
91
79
146
101
205
92
50
102
204
216
49
48
35
80
47
135
46
93
238
45
44
112
113
43
42
68
237
58
114
41
103
81
40
70
39
124
104
91
69
123
94
23
35
95
102
38
322
22
34
122
121
101
114
36
21
113
68
46
90
81
59
20
82
60
67
19
61
115
134
62
66
11
236
12
235
215
203
13
18
201
200
47
23
37
214
231
69
10
70
14
24
230
65
212
211
38
210
133
112
89
39
80
25
63
17
79
96
16
120
48
49
40
83
84
100
9
8
26
27
88
28
78
116
15
117
16
85
105
106
111
77
99
118
17
119
29
110
109
86
18
87
87
76
19
88
120
121
50
20
21
51
122
71
52
97
108
107
7
30
72
53
1
54
64
6
5
4
73
3
145
41
42
33
2
74
144
108
64
86
198
119
143
32
118
63
3
98
107
106
75
43
105
4
209
97
208
31
229
5
30
29
15
65
6
142
66
98
7
44
76
14
96
99
13
77
109
8
110
111
28
131
75
62
85
327
224
9
100
10
84
78
83
95
11
2
67
74
12
27
55
56
130
26
73
223
222
37
82
25
94
72
31
71
32
89
60
93
221
22
36
128
1
141
104
33
371
10
523
573
10
424
636
698
518
282
132
584
1244
1245
1030
850
851
1223
852
853
854
615
1224
616
855
856
792
857
858
974
859
694
1054
1031
1032
1210
1211
961
1212
939
1085
848
860
1185
1186
972
268
1187
861
1086
984
862
1188
1472
1018
627
1006
1473
1141
1437
864
1087
1075
1152
973
1076
1153
865
1088
1130
866
849
1007
867
1131
1154
639
1089
660
985
868
869
640
870
1120
770
872
873
1132
874
875
1090
1142
1143
1155
996
1108
1008
1097
997
661
884
885
641
928
662
1109
876
998
877
940
1399
1400
1045
1046
1123
766
956
1146
1160
1012
1138
1466
1176
1024
902
1479
994
1177
1025
1026
913
1027
881
1126
1080
924
1178
1444
1206
1456
1179
1167
1180
925
1013
610
1480
1181
1182
1015
1481
971
1168
926
1169
1358
1139
1150
1161
1446
1170
982
892
1171
1172
1173
1151
1028
1447
983
927
1140
152
1207
1183
1184
1162
1016
1074
1470
1096
917
995
692
1017
1107
999
642
929
1098
1000
1009
1448
930
1144
1001
975
643
931
1145
1414
986
987
1121
1133
1055
1091
1002
932
1425
1134
1156
1213
933
1135
1003
1232
1136
1010
1092
1062
1004
1234
1005
1063
1064
1157
239
976
1174
1189
1426
977
1415
918
1190
1033
1214
1110
254
919
1099
1056
1226
1111
988
1112
1196
644
1392
1093
962
1100
934
1235
978
979
666
1137
1215
604
989
1122
1019
605
905
1020
1101
1227
1102
1191
1192
1103
1249
1197
1057
1175
1021
630
606
1193
1011
963
1228
1104
1194
620
1198
964
1113
906
1393
1040
1065
897
1034
1041
951
1022
952
991
953
1066
1229
650
992
1114
907
1067
1068
1453
1094
1077
1199
898
1095
886
1069
1407
652
1042
1200
920
1078
242
899
1163
1201
310
954
887
1238
935
1058
993
936
900
1043
965
955
1164
901
908
699
937
938
1454
1165
1059
244
1070
1409
1216
1202
909
1044
791
1478
966
1060
967
1217
911
1410
1079
921
1061
941
969
878
1158
922
888
923
1159
1124
879
668
1023
1125
880
942
1047
1035
970
1166
1203
957
1218
1250
1147
980
1148
903
1204
1251
231
1205
914
1230
151
882
1252
915
889
890
943
653
1253
1195
1149
1036
981
1037
958
959
1412
1014
1457
1081
1082
891
1458
1083
1115
1038
960
871
1039
1116
1413
916
623
1241
1117
1127
1128
944
1048
1071
1118
636
1105
1084
613
1242
1072
1129
904
945
1049
1050
946
893
947
1073
948
949
1106
910
614
624
714
347
702
3
515
625
581
526
504
494
950
1119
894
235
883
1051
1471
1052
895
896
863
1029
583
1053
1231
1221
221
827
895
884
826
872
860
906
905
1007
927
871
825
824
823
296
822
883
821
295
820
819
736
375
374
441
398
420
811
870
477
725
847
691
818
690
817
837
816
668
667
475
499
534
533
703
545
511
810
702
846
657
809
858
489
869
293
306
701
292
409
408
363
713
894
845
868
881
835
723
556
362
532
523
531
600
880
579
530
522
808
922
735
994
566
578
807
806
342
980
711
710
341
709
879
993
565
406
654
360
832
992
590
577
700
866
359
358
357
831
356
351
304
303
317
290
917
405
916
805
699
404
707
698
878
1005
960
962
961
850
951
814
635
669
929
500
813
623
613
928
680
849
848
985
950
634
633
949
433
926
812
478
948
632
1006
925
601
421
996
995
658
714
455
353
859
318
212
724
476
568
294
631
364
474
984
352
454
792
656
453
655
466
419
882
305
407
924
836
791
983
982
780
567
630
712
757
629
291
972
940
947
923
939
938
722
981
418
612
747
844
779
417
384
867
611
834
833
979
396
498
769
746
768
978
653
937
679
843
497
803
472
790
830
496
708
652
977
395
289
576
610
767
842
678
575
574
689
936
766
745
789
801
301
382
609
432
622
628
431
976
314
1004
935
865
946
621
520
519
555
755
509
841
554
430
666
706
542
958
857
589
598
563
776
856
597
608
645
721
644
643
665
439
429
596
934
595
893
588
587
904
428
451
450
912
562
800
561
642
641
449
664
427
559
891
719
854
640
718
765
890
911
594
593
663
607
733
592
508
775
462
310
309
864
448
426
649
717
507
933
910
586
626
415
535
742
552
901
932
945
799
887
461
516
840
732
515
676
572
662
471
731
886
1002
1001
487
486
485
506
459
909
470
505
584
764
425
1000
716
957
763
772
424
503
458
469
787
990
639
989
368
729
999
571
483
605
661
625
548
975
785
762
795
547
239
761
648
969
583
770
944
570
604
345
997
638
968
943
967
616
966
546
660
784
513
741
377
900
637
569
739
899
412
738
674
908
343
320
673
411
898
782
659
333
672
437
582
436
753
930
965
457
435
752
907
683
332
388
671
885
434
636
751
331
186
670
952
615
512
410
187
456
682
681
524
581
987
647
737
986
580
793
963
614
444
974
166
758
624
973
413
165
697
804
465
394
802
316
393
921
920
392
350
564
247
521
273
403
464
179
391
315
778
543
877
734
249
495
510
876
696
494
355
756
440
915
312
695
627
330
744
329
959
354
328
327
875
326
694
325
323
777
348
705
914
874
347
620
493
788
913
492
541
540
873
539
538
537
720
855
892
573
903
829
828
1003
339
560
338
619
651
337
971
438
889
336
335
743
346
334
322
286
650
688
378
308
991
687
677
558
888
902
402
553
401
518
517
551
400
399
321
370
491
774
606
798
618
369
460
585
693
853
447
557
504
773
692
484
686
550
549
786
970
931
730
771
728
685
675
988
482
797
796
468
514
481
754
617
794
919
998
529
414
389
184
183
956
423
727
684
726
955
528
740
942
783
954
918
376
715
422
527
480
344
367
230
704
526
525
502
161
941
479
467
490
760
501
953
897
781
263
591
896
446
445
300
852
603
851
176
366
299
298
759
964
297
365
602
863
750
862
285
231
749
748
861
839
815
307
838
1344
2418
2361
2437
2408
17
2473
2200
2199
2214
2181
2472
2436
2435
2461
1446
1941
2089
1185
2505
2163
2011
2010
2055
1172
2527
2054
2526
2414
2032
2031
2451
2067
2053
2434
2413
2009
2008
2412
2411
1932
2020
1917
1940
2346
2051
2191
2519
2213
2018
2518
2360
2017
2088
2007
2212
2190
2343
1962
1916
1931
1977
2334
2087
2162
2099
2140
2279
2139
2132
2121
1955
2006
2312
2333
1976
2471
1171
2393
2458
2005
2029
2470
2293
1975
2004
2235
2245
2234
2003
2449
1987
1930
2501
2357
2138
2161
2494
2524
1939
2448
2356
2447
2232
2410
2118
2097
1183
2469
2468
2391
2243
2066
2390
2432
1907
1913
2389
1961
1912
2256
2355
2278
2367
1986
2072
2388
2050
2225
2409
2383
1898
1897
2446
2493
2404
1985
2211
2049
2354
2492
2071
1984
2189
1896
2160
1954
2231
1895
1894
2277
2288
1974
1973
2129
1953
1893
2128
2300
1960
2491
1892
1113
1891
2255
2299
2332
1890
2298
1111
2310
2127
1889
1906
1399
1888
1937
2254
2126
1950
1887
2137
1884
1949
1288
2514
2467
1883
1882
2111
2110
1881
2096
2253
2196
2365
1880
1879
2479
1878
2378
1905
2523
2026
1947
2513
2376
2048
1877
2512
2522
2423
2511
2521
2375
2025
2002
1876
2478
2477
2422
2210
1972
2476
2445
2188
2095
1823
2421
1822
2444
2209
2186
1936
2208
2252
2094
1935
2207
2125
2217
1911
2093
1981
2024
2319
1959
2206
2107
2115
2374
1958
1971
2092
2442
2114
2230
2262
1875
1979
2329
1945
2241
2106
2500
2229
2159
2318
2216
2251
2499
2228
1934
2205
1874
1820
2250
2240
2104
1903
2308
2261
2466
2103
2456
1970
1969
2069
2062
1902
2455
1190
2465
2047
2490
1957
1819
2061
1808
2454
2113
2272
1989
2305
2328
2124
2249
1988
1242
2327
2453
2112
2475
2326
2147
2304
2079
2078
2271
2350
2123
1967
2146
1851
2145
2317
1816
2136
2531
2316
2260
2315
2314
2474
2167
2135
1849
2498
2166
2134
1840
1187
2325
2144
2165
1848
2509
2508
2077
2324
2259
1839
2507
2348
2486
1965
2485
2237
2464
2463
2430
1964
2100
2429
2347
1838
1273
2440
1837
2323
2164
1836
2439
2362
2143
1847
2056
2438
2023
1845
1827
2021
1844
1963
1999
2339
2528
1843
2257
1842
2180
2338
1863
2322
2337
1862
2417
1956
1942
2012
2336
2335
2506
1919
2504
1173
2416
2428
2427
2415
2370
1998
1918
2301
2141
2396
2395
1161
2179
1835
2460
2426
1910
2030
2019
2282
2052
1861
2133
2122
1826
2345
2044
1825
2344
2270
1860
2281
2394
1909
2074
2359
1915
2043
2178
2280
2503
1834
2042
1814
2525
2041
2502
2407
2495
2358
2040
2369
2459
1824
2098
2450
2368
2392
1813
1859
1914
2039
2406
1908
2120
2269
2038
2037
2292
1858
2028
2177
2244
2119
1873
2233
1938
2227
2433
2154
2385
2384
1872
2153
1929
2036
2073
2065
2517
2516
2515
2457
2405
2226
1928
1927
2291
1102
2268
2425
1833
2016
1832
1857
2481
1831
1926
2480
2387
1856
2267
2290
1871
2027
2289
1088
2311
2015
2131
2321
2224
2176
2223
2130
2152
2175
2353
2174
2173
2151
2382
2035
1841
1870
1855
1925
2150
1149
2086
1952
1951
2381
2424
2014
2198
1885
2172
2171
2070
2222
2320
2386
2366
2380
1869
1983
2309
2197
2221
2064
2117
1982
1868
2220
2352
2379
1124
2013
2219
1854
2063
2287
1853
2377
1948
1997
1830
1996
2351
1995
2286
2331
2342
2085
2330
2109
2116
2084
1867
2403
1852
1866
2285
2218
2297
1946
2083
1994
1812
2187
2364
2402
1181
2443
1821
1993
1924
2108
2082
1865
2266
1923
2265
2242
2401
2420
2400
2399
2264
1811
2263
1980
2276
1904
1810
1336
1180
1140
2149
2275
2105
2296
2341
1992
2307
2295
2274
2273
2284
2398
2397
1991
1901
2340
2363
1809
1968
1900
2306
2170
2431
2510
2239
1263
1899
2185
1990
1179
2489
2488
2195
1087
2060
2184
2059
2183
2182
1922
2194
2081
2058
2080
1864
2487
2193
2148
1818
1886
1243
2158
2169
2157
2238
2204
1978
2373
2203
1817
1966
1850
2057
2046
2168
2372
1119
2371
1829
2102
2294
2313
2045
1828
2156
2349
2441
1921
2001
2068
2101
2076
2497
1815
2303
2302
2236
2248
2520
2496
2247
2155
2246
2484
2283
2142
2000
2192
1252
2202
2091
1846
2090
2201
2215
2483
2258
1944
2482
1943
2022
2452
2462
1920
1933
293
2
5
2034
2033
2530
2529
2075
2419
1197
1186
206
160
1
159
158
517
296
286
196
563
208
907
395
285
329
384
215
214
293
213
240
239
207
206
205
117
238
229
116
74
228
237
107
96
73
415
227
95
414
413
195
412
94
411
93
72
226
71
92
106
236
70
225
410
194
105
281
405
69
85
84
193
262
83
192
404
68
67
66
65
64
82
191
261
81
104
190
224
103
63
189
403
292
188
187
91
246
184
186
409
185
80
402
90
401
129
400
128
139
183
138
182
115
114
89
113
112
181
102
111
127
180
179
126
178
110
177
173
359
137
125
399
172
171
176
124
123
101
100
136
99
398
109
170
122
175
162
121
151
291
150
135
235
204
223
234
134
161
80
289
160
159
243
233
222
158
259
169
203
157
202
149
303
201
148
156
200
108
120
397
288
408
168
147
155
98
146
133
154
369
167
132
88
166
97
131
79
165
221
78
87
86
130
164
163
220
58
219
2
77
145
232
199
76
198
396
197
75
407
231
348
379
230
378
153
143
142
377
141
152
174
210
209
344
234
179
157
147
148
149
150
151
152
153
282
158
301
302
160
271
317
154
161
162
163
204
164
165
272
643
320
304
260
166
275
155
194
621
565
167
156
215
184
185
186
160
261
224
205
187
195
225
226
196
872
262
238
188
239
216
240
174
241
189
217
218
197
206
242
249
219
207
208
190
227
198
220
284
307
221
199
209
250
243
228
285
286
210
229
230
244
231
264
251
309
232
175
287
288
252
233
265
211
253
222
298
223
212
310
176
311
200
322
201
254
177
178
169
246
170
171
202
203
180
181
191
312
192
193
247
213
182
291
279
183
172
214
173
267
33
22
21
20
117
19
18
17
16
15
14
13
10
9
8
7
6
5
4
3
2
56
12
2
3
35
36
4
37
82
38
24
39
5
103
40
57
46
25
13
14
47
79
6
58
48
41
42
43
26
49
100
59
50
27
51
60
61
28
29
30
62
44
31
7
8
116
32
52
63
15
16
1
17
18
9
19
20
78
21
64
65
66
53
54
10
22
12
11
77
55
45
11
105
34
23
1
328
18
293
325
306
305
270
282
292
291
324
304
290
303
289
302
288
301
287
286
285
284
300
299
283
298
297
281
280
279
278
277
276
275
274
273
272
322
269
268
267
266
265
307
321
264
263
296
262
271
261
260
259
295
34
294
30
8
32
19
31
9
10
11
30
11
3
12
25
20
21
24
22
13
5
23
24
14
25
15
6
26
16
27
28
29
42
31
32
33
34
35
36
37
38
43
44
7
39
5
45
46
40
47
48
41
49
50
51
52
53
23
17
45
68
67
78
77
66
65
64
44
43
260
76
42
41
40
39
38
63
12
37
259
36
33
32
31
291
30
89
100
29
28
272
13
27
99
26
25
24
23
11
124
271
75
10
98
111
88
35
97
22
123
122
96
62
21
95
94
236
87
248
23
20
35
93
121
258
36
37
24
25
38
39
40
110
41
42
53
43
14
52
15
109
26
27
257
1
290
51
270
44
28
119
16
50
133
108
86
132
107
29
17
131
18
9
8
130
7
92
6
85
19
129
256
2
5
269
255
268
45
84
30
4
254
31
3
126
19
32
20
3
106
2
21
33
22
267
4
253
91
1
252
60
251
116
18
5
105
6
17
7
8
9
250
10
11
59
16
15
72
104
14
13
12
125
34
103
82
58
266
