306
1
308
7
11
14
307
26
659
4
565
420
1325
15
665
265
1122
845
2
121
751
3
16
9
17
122
702
1095
38
211
1610
1
1288
143
1889
1521
1839
400
844
10
1
4
491
11
1260
141
3
576
408
565
140
132
177
5
1237
610
923
43
836
791
611
587
196
569
10
920
417
265
376
37
7
8
11
623
15
1
2
3
473
677
9
441
49
959
12
201
4
5
6
49
13
14
2
1
1886
1104
1839
1148
1750
2025
2156
2118
736
2068
899
1491
343
1305
570
455
306
1216
202
745
539
315
562
24
1070
209
61
1359
1112
1158
1211
3
595
1539
5
24
1148
1869
1160
997
1424
668
1337
253
1259
1155
831
9
163
1153
51
633
64
1084
3
514
199
1098
694
33
1035
233
1143
231
454
1146
1328
1247
1428
17
6
1175
440
527
1219
666
23
580
773
1165
671
2
207
69
8
1163
10
1157
1264
36
1636
1310
1
12
11
754
79
1212
1154
241
268
687
1194
15
1423
156
71
4
939
1319
960
501
20
208
198
249
1665
13
16
17
1204
176
162
10
1429
546
1514
19
191
14
33
7
288
71
861
900
39
1
65
934
66
1209
80
1252
1085
241
1002
1302
257
246
1
141
1148
138
29
28
25
49
12
22
76
543
43
40
38
57
7
4
51
1146
45
479
83
75
23
2009
450
1494
47
10
30
15
19
116
35
111
26
31
84
8
559
79
1
52
11
1258
65
46
64
13
20
86
473
77
44
124
54
3
16
125
50
2
175
14
220
1543
1548
37
63
9
142
23
67
1884
6
24
9
229
42
43
173
11
14
123
777
1137
32
33
19
34
160
35
18
2050
1422
61
37
38
571
80
69
40
53
1460
41
20
1274
1141
21
873
74
32
1788
22
1455
1972
66
56
4
494
5
82
78
1136
478
184
7
8
72
42
169
25
10
110
829
17
26
44
45
3
27
445
55
164
28
73
29
60
12
6
451
30
13
100
5
58
87
62
1444
694
439
491
31
17
46
660
90
209
47
743
15
1822
1307
49
69
2078
1962
1202
1733
1801
28
1
9
5
8
15
438
10
3
7
14
1717
4
1
179
827
17
8
883
9
1
11
6
13
7
1238
478
756
90
319
365
471
1261
1557
205
1041
21
7
1179
1
2
3
6
7
8
203
14
15
1486
13
23
16
17
1182
569
355
813
5
11
825
4
771
739
699
1
870
941
284
443
946
1
7
270
1124
11
3
14
1124
527
1
296
12
508
7
229
1612
36
518
590
1675
141
846
343
8
32
2
73
1990
332
1167
7
184
1122
242
968
24
560
31
1119
16
420
438
2
29
5
11
13
15
950
1
20
1
3
8
9
10
4
1113
1101
1013
417
526
13
1100
995
1080
1121
174
6
1
1072
9
185
26
4
30
13
14
175
7
6
3
8
84
174
15
11
1377
279
173
1179
12
1075
5
1
162
69
737
206
39
45
21
23
25
40
43
31
28
1941
19
46
11
57
30
1078
5
55
70
13
33
383
1072
57
1079
11
18
4
15
12
8
56
64
9
14
1816
16
382
1
1069
22
1
675
105
50
189
6
24
1427
3
38
7
118
117
475
115
10
626
12
13
112
34
85
15
125
395
71
2
1413
709
17
4
172
278
11
206
807
1
2
6
12
1070
183
11
13
7
173
5
82
14
184
395
9
172
521
349
3
1433
275
1423
10
70
176
6
163
631
503
1561
231
30
53
2
856
1488
600
246
741
67
388
241
244
426
627
38
1013
26
84
35
385
604
335
1293
320
47
1482
299
29
32
671
410
1122
1076
1534
432
1378
28
55
1125
451
732
122
532
510
378
791
883
383
13
27
985
343
26
25
24
281
425
156
23
926
631
622
1434
244
94
1147
326
345
1008
124
25
1022
439
21
483
16
1292
70
56
1288
580
27
78
172
82
70
228
22
899
72
139
1497
930
544
135
1062
486
820
311
203
384
428
333
485
378
237
110
861
505
389
254
1586
459
305
338
477
314
209
1421
848
443
1735
921
102
498
444
97
1109
97
65
167
451
232
164
213
803
18
4
79
3
412
310
59
312
76
39
132
585
392
1773
551
214
16
601
15
43
177
124
1213
224
46
45
14
431
371
44
618
23
13
12
429
1027
43
1602
300
31
1255
322
77
533
835
163
11
218
280
320
373
475
368
1287
10
9
339
481
42
313
643
278
41
8
398
7
434
14
319
1083
1
1573
242
317
567
1148
2
3
4
1499
530
239
491
1575
109
270
1511
5
367
395
726
234
6
260
74
6
1588
427
7
394
433
217
304
149
36
382
8
380
261
1582
170
19
40
9
365
10
39
1054
327
1373
225
310
546
33
431
1
403
379
209
1140
11
324
868
1529
216
125
1034
12
376
411
1150
712
355
573
68
184
316
202
1133
437
447
83
192
194
196
204
32
865
200
5
60
38
37
33
936
180
15
36
12
1042
1
194
8
5
1033
12
1163
1444
1
53
1099
879
91
154
98
967
9
12
856
4
266
51
50
129
115
47
332
99
164
171
54
337
333
15
1722
246
9
83
21
13
1
1248
1096
14
764
5
318
56
79
259
11
8
18
1
231
2
3
1499
149
985
6
8
1513
22
147
55
2
34
1426
86
1799
261
16
46
4
321
7
27
25
26
1668
1004
23
43
100
1944
329
40
1035
6
5
19
1286
3
35
32
31
29
17
691
1385
24
45
125
171
3
25
71
31
7
1
1299
3
67
1834
160
2
114
276
170
1134
237
9
849
2
734
178
135
782
1
5
11
3
10
8
9
1033
712
550
211
23
898
1
9
99
2
15
7
1
1284
6
4
108
55
732
120
56
166
898
11
159
160
165
90
1
167
163
161
351
1024
16
158
14
1013
169
899
1154
404
168
523
1130
141
349
12
1018
1247
538
1
13
1454
106
378
168
242
416
118
348
614
17
335
391
42
189
1252
208
822
3
52
34
1144
796
70
202
15
16
1285
7
43
627
203
1072
1238
19
18
632
101
78
1314
807
176
614
854
75
43
13
93
106
36
282
169
22
817
619
197
757
94
1350
100
1278
456
5
805
37
4
121
12
521
808
685
3
39
185
49
51
86
243
447
1
244
71
133
1237
1112
55
470
57
56
130
837
118
395
1
25
45
46
717
58
59
193
60
61
728
512
238
62
11
1281
244
314
1760
728
460
133
311
155
23
1520
1832
15
1908
313
665
326
1144
1922
451
1433
1893
916
934
1823
78
717
279
137
1659
29
887
470
1259
139
703
255
744
170
459
32
508
655
1911
729
481
721
583
2192
713
1505
1268
839
1152
888
725
1445
1789
1469
1332
833
2
842
450
360
716
783
1267
1337
657
179
886
333
77
277
72
814
909
294
750
241
777
287
449
724
130
89
289
25
1891
436
88
1011
13
466
1855
1742
950
118
1012
808
1940
914
3
2013
258
1539
471
11
543
10
6
2003
901
979
111
73
1666
488
132
59
9
19
723
8
135
610
518
149
1759
7
6
900
5
194
447
1564
101
951
134
4
1561
27
390
209
26
392
338
3
409
17
332
112
722
921
2
247
1302
150
1
85
238
760
131
1446
3
1
12
146
620
414
181
1348
271
309
14
1
3
14
4
2
6
804
2
271
13
348
8
12
1014
1
7
2
3
7
179
1411
1066
8
9
1
5
4
10
1776
1461
1703
376
1195
15
349
1586
194
230
16
13
1352
1209
51
687
4
14
510
1351
365
3
283
17
24
7
337
324
1211
8
1347
32
967
330
700
241
95
805
6
10
1235
11
205
975
363
3
2084
638
10
1748
2099
1545
602
1
11
10
125
792
4
469
239
114
1038
1076
315
434
843
65
54
576
2
9
14
558
386
142
729
743
718
302
156
805
759
4
7
11
1361
1128
174
1290
1538
1476
1569
9
440
196
19
289
1197
45
194
135
3
309
1
134
681
293
450
75
77
685
8
956
17
12
4
1
18
1482
49
395
5
2
1028
3
113
187
4
5
694
6
7
135
2
6
9
2
427
6
504
5
100
2
7
687
5
1727
1820
1887
643
999
1247
158
691
1140
673
687
1256
653
1843
2032
698
1252
4
11
1255
454
701
1974
5
5
709
645
1746
34
765
397
1202
8
641
642
636
1729
2
1623
1055
920
413
88
24
396
434
5
1646
216
389
574
573
576
564
384
540
395
214
298
1757
204
227
44
746
900
903
865
570
428
1460
30
23
579
1879
492
908
1010
75
684
59
69
436
673
595
571
24
1490
682
1820
1392
17
771
35
932
427
90
581
1865
1267
1251
1459
680
159
1856
105
143
2023
38
776
780
681
25
30
898
733
1868
1426
391
68
577
6
392
273
151
283
736
111
914
244
212
406
845
438
245
69
233
317
676
907
246
10
197
971
14
16
1069
1427
2
1720
603
28
29
545
1103
432
144
322
422
555
356
724
587
46
3
4
938
939
1848
357
311
217
1011
270
417
109
866
49
2
657
7
265
870
22
1552
372
110
1
8
1662
208
857
108
304
599
9
1063
1432
1437
904
12
798
238
1488
558
812
41
1741
215
58
130
17
11
1508
1897
1402
60
347
166
336
1200
10
401
383
871
203
757
439
11
656
1221
1216
1789
1431
58
394
333
222
1388
688
400
1902
64
1746
12
426
1377
873
878
15
381
13
454
14
15
999
1802
1515
18
393
1495
636
794
13
110
470
836
14
593
985
9
164
438
2
570
4
202
8
8
5
6
2
994
1
11
9
1631
366
3
4
7
6
5
449
14
409
1053
301
644
1119
11
633
217
241
720
1071
554
579
15
469
558
235
553
2102
1
14
554
98
534
10
163
345
54
569
9
507
137
367
12
914
1
148
1
687
2
319
4
265
546
535
1548
265
1488
5
131
2
228
97
91
40
1057
723
85
1428
905
227
363
377
858
43
121
298
4
1517
8
88
29
5
1830
18
1
2
24
16
13
1119
999
423
1076
1764
20
49
1467
6
4
11
1114
1945
4
19
6
5
7
10
8
32
16
73
9
438
8
9
10
14
11
47
5
40
3
23
1417
750
1433
1857
802
3
77
4
11
1262
1263
671
2
113
1043
1883
142
1248
943
1243
5
377
1343
1
1417
1626
935
1216
1296
4
1463
12
13
10
673
6
859
135
2
30
1607
857
599
485
952
1644
94
309
1370
1018
1604
15
679
433
1571
280
953
151
9
947
856
1113
216
4
236
1596
242
7
2
1
3
650
226
6
1
2
1207
318
892
325
443
7
986
17
285
406
471
889
983
417
10
339
9
3
6
423
407
364
304
18
11
10
415
446
537
8
414
852
22
21
20
19
184
292
479
630
562
772
18
439
299
16
267
445
15
506
450
9
279
61
8
85
428
308
421
631
424
45
11
26
189
752
549
264
5
362
4
3
2
92
14
451
398
344
58
1
496
1077
334
1
2
258
499
442
31
519
622
310
12
4
513
87
301
5
511
209
816
33
36
6
1058
13
7
12
38
32
1078
6
7
1078
1115
1180
1036
5
541
468
1180
569
12
7
2
8
776
872
1
11
381
9
1247
1734
3
1
106
4
1026
10
901
131
1735
2
1007
1027
32
1319
204
425
189
12
622
97
10
185
69
141
82
6
200
162
16
57
39
600
195
1310
157
517
377
687
436
135
14
2
485
170
220
156
789
181
160
42
77
1029
445
289
138
210
932
422
105
1613
124
277
477
223
777
588
17
1
79
418
19
226
245
1477
971
41
139
52
3
794
25
131
1355
74
218
22
80
81
8
983
250
126
125
9
1214
5
869
1489
92
696
20
7
1
18
944
4
1333
211
55
940
628
27
807
175
215
1237
387
3
44
169
148
134
1423
27
27
902
1
4
3
8
7
2
1
5
117
3
471
5
2
1325
736
308
1758
5
803
1061
305
253
95
172
78
359
151
46
478
16
8
1239
228
12
8
2
1160
4
462
6
240
3
2
222
123
230
164
134
625
758
232
597
563
7
567
496
479
549
293
5
358
3
180
401
291
1
6
5
118
235
274
583
626
376
358
470
237
1065
42
399
10
48
221
254
9
360
1
20
3
421
1
685
604
515
971
14
509
311
4
1345
8
9
6
413
3
195
17
691
147
1297
782
1483
679
34
677
78
1067
5
988
135
382
51
427
10
55
584
4
5
482
224
380
3
192
11
1645
1472
178
421
462
760
5
6
9
165
7
838
8
188
13
435
13
3
352
84
1
489
7
275
717
737
12
514
56
433
167
320
495
745
454
750
1238
1491
2
271
692
477
971
511
10
440
2
3
884
4
5
4
28
518
6
234
1
443
8
9
234
5
90
8
236
645
239
15
1
8
976
5
2
1333
4
9
5
591
1208
1477
1
1438
10
4
782
970
257
24
2
446
434
372
270
662
4
1
5
3
395
5
1601
558
906
47
46
45
29
808
854
998
388
72
805
199
394
760
1062
584
53
735
390
70
777
154
761
977
1085
550
332
302
430
821
736
670
49
1176
748
97
367
358
642
706
862
473
495
49
249
182
699
350
669
1160
861
123
108
59
182
387
1156
443
952
2
275
39
820
38
595
216
65
11
1076
121
18
36
130
34
596
1054
33
5
21
192
86
2
77
32
595
458
132
699
606
31
608
258
84
50
1
754
30
500
504
56
355
51
16
1172
5
281
107
520
1347
752
113
577
658
104
354
120
650
628
786
17
555
810
1147
371
60
413
1
501
15
351
556
667
3
749
806
316
858
12
1008
41
1103
6
4
793
28
27
364
294
8
9
175
26
25
10
9
8
614
10
7
835
686
60
128
428
4
858
133
126
569
25
24
750
120
707
43
345
14
24
54
650
67
20
378
48
863
961
18
78
865
79
1030
12
6
457
11
1149
22
106
707
307
3
759
1071
19
208
264
172
866
4
662
903
10
940
5
2
12
5
518
462
1033
763
7
1
3
33
3
9
2
6
8
7
4
1070
27
1082
6
5
4
2
1
527
8
889
7
5
397
46
466
232
51
459
151
467
788
37
6
1662
240
51
494
197
404
857
432
53
614
424
36
471
1219
510
145
239
406
457
226
40
462
442
569
172
411
730
124
336
335
1060
140
20
290
129
305
3
330
93
622
171
407
1427
299
305
1
501
25
240
1415
416
47
417
12
140
1424
419
951
1429
395
130
533
34
200
277
478
478
469
534
1519
30
10
104
561
562
9
985
1053
1113
952
76
444
545
50
398
1
1529
373
29
456
4
208
964
1032
415
236
8
334
28
353
393
402
295
5
138
411
771
864
45
7
408
1036
158
24
351
989
332
6
392
443
94
1045
44
43
574
229
38
536
7
524
351
537
315
418
1438
440
468
653
416
575
517
1192
354
409
516
272
538
8
1412
1019
49
382
811
37
42
770
424
1509
243
54
292
9
371
400
1300
298
154
540
249
452
136
671
541
3
198
542
961
576
5
243
275
520
10
269
264
13
1513
628
58
413
2
430
1488
146
304
1198
2
660
780
467
173
230
775
389
181
499
462
401
35
940
11
219
12
947
848
247
26
1409
372
739
1037
41
1050
1003
1461
505
1305
190
18
577
279
1052
1278
11
238
543
659
186
437
544
451
242
810
1382
578
237
13
354
14
487
229
244
853
347
202
530
32
4
15
418
935
322
358
713
49
855
6
173
256
274
18
178
114
190
1262
2
946
986
1
462
696
8
7
515
76
3
5
851
6
792
666
93
6
668
22
793
10
294
514
5
4
635
3
8
11
1099
1836
5
402
1098
181
1088
1
1089
10
2
3
2
177
1084
403
856
1225
6
7
1314
172
9
203
347
1096
931
834
290
511
577
462
244
1498
223
1452
51
48
7
5
460
386
749
329
382
143
600
1
286
1282
20
129
161
11
1112
215
110
122
17
825
19
282
66
4
496
26
582
8
776
107
150
747
13
14
1
28
251
364
16
2
1
6
4
3
577
116
81
749
1
2
734
160
6
1397
668
105
14
124
11
60
1
9
346
5
502
716
196
1
1038
3
2
1
5
530
604
1798
2
1560
997
1211
1294
1217
496
3
1
316
2
376
423
639
372
9
34
28
842
259
85
660
345
433
2
174
229
980
1106
707
183
6
1
182
1101
264
1257
531
3
223
271
4
5
999
206
312
934
359
8
7
5
6
7
8
1
2
5
357
3
4
2
9
11
7
540
499
5
5
482
36
4
6
6
8
534
1
1109
104
15
18
513
1588
633
173
12
278
335
71
595
516
393
1158
293
519
1671
245
136
1051
1
64
221
78
149
634
100
1618
624
165
36
500
10
157
113
159
348
57
2
377
689
301
830
343
337
312
1265
1571
1087
111
144
1217
13
400
821
621
80
67
40
234
155
247
297
692
8
237
3
314
213
1377
6
1181
19
37
199
909
731
269
635
950
88
520
277
246
1600
220
11
1010
1824
1586
33
125
1151
1391
139
853
255
486
587
619
210
4
13
101
221
1581
442
250
3
526
5
694
211
249
1344
618
1180
622
191
792
457
1019
2
6
566
402
1198
612
9
7
1501
309
1183
103
230
535
1337
653
1393
1
137
406
407
362
1589
9
1
665
6
2
5
7
8
1087
935
293
9
4
782
5
4
90
46
500
729
25
473
218
588
486
268
524
7
302
504
1359
77
293
76
1228
511
397
184
5
462
434
1182
12
850
7
700
1
478
81
1218
332
11
139
1642
103
38
7
226
1452
718
277
598
60
36
10
683
228
208
778
75
584
9
185
761
174
219
266
588
65
803
183
357
178
1689
80
292
14
174
1293
1184
237
373
4
591
273
1490
2
1384
6
460
1739
1606
51
6
4
406
5
7
618
522
991
6
748
210
268
6
111
330
116
341
979
73
3
865
95
9
1
281
713
8
38
984
169
4
576
429
376
7
372
955
851
770
8
426
357
2
4
723
4
1
3
361
707
1810
5
7
148
141
258
3
2
1
6
8
82
1
961
7
349
1656
5
15
110
862
3
1461
8
1
2
1162
7
15
5
1316
261
1229
9
33
500
4
3
1
2
4
341
5
8
877
219
647
855
653
894
204
1251
6
965
40
13
29
542
6
959
7
8
3
813
1177
40
1
4
11
5
2
2
1331
564
8
3
952
183
8
1294
3
79
251
33
1241
2
1393
26
2
6
5
10
3
888
11
100
5
1116
87
1026
30
895
18
8
6
3
809
855
762
1
1
4
540
1
164
2
2
9
5
3
47
1321
369
7
4
446
36
68
1188
952
386
37
948
57
1316
46
51
302
280
1121
12
32
1073
44
844
385
954
31
553
300
30
245
426
1
15
269
557
33
36
37
8
66
836
80
54
541
122
520
572
688
31
1388
50
53
574
501
548
1275
34
35
1337
814
161
38
21
703
22
11
2
23
158
24
25
26
1
27
28
29
401
58
163
681
10
643
19
757
579
86
65
6
1
124
100
12
360
523
135
21
148
119
3
349
713
346
142
28
25
4
198
5
22
496
37
1413
956
2
35
876
63
13
7
365
207
34
155
21
38
726
546
401
14
9
36
8
26
296
30
352
429
211
224
1
280
104
49
221
10
235
490
149
275
9
60
421
204
51
189
606
308
17
782
235
76
147
533
4
1
202
430
176
875
2
6
3
695
11
539
8
58
46
178
4
1046
1103
9
279
4
1304
1517
1804
14
1132
1379
4
1311
1111
268
1
155
299
8
721
401
543
720
13
473
11
1049
1155
15
127
10
9
1150
7
6
70
5
12
109
218
2
1
540
546
19
1263
3
452
578
7
854
1
1295
1095
1103
447
878
1099
650
8
920
916
2
1105
229
8
1090
3
10
766
641
1153
25
7
7
1
4
6
200
4
6
456
69
188
66
83
77
13
8
167
3
5
5
298
655
586
372
62
1
3
2
3
1
713
5
3
10
195
7
10
1
550
770
23
11
8
10
5
3
5
769
16
686
20
210
19
1169
2
12
4
988
141
145
806
106
278
39
136
5
1
82
7
173
1
7
189
183
174
3
592
698
2
528
811
1262
858
823
19
795
886
632
248
388
147
354
81
1451
1739
2
1773
69
816
810
804
1829
301
4
1
738
37
696
1255
77
634
11
160
725
49
183
630
15
1820
1343
162
101
567
378
7
653
5
394
624
372
10
119
821
690
715
1900
749
80
3
1526
224
721
1818
386
2091
919
20
39
1167
38
2
338
1162
1
862
1046
14
790
13
9
545
813
116
299
1019
1527
707
356
114
1303
12
8
13
1
560
4
12
10
566
3
573
557
4
3
20
2
558
670
3
1
3
6
2
269
17
927
9
1510
977
3
171
6
77
306
255
2
7
100
441
77
8
33
4
935
103
415
95
151
606
198
1346
417
117
83
294
8
1
47
624
14
1484
952
13
1
309
327
1196
9
12
11
1350
10
1029
966
433
738
35
2
106
1599
455
1
8
125
447
217
359
553
345
363
981
565
16
9
219
6
559
3
1
371
7
205
1264
4
645
1375
2
613
69
2
1
1
3
899
314
470
811
1
143
355
1254
18
330
473
458
827
699
1258
377
12
14
14
333
105
236
119
175
282
179
331
443
16
55
193
887
1
15
1058
103
1089
17
4
1
3
2
1
452
8
10
20
1374
1711
15
1072
900
12
1618
71
1
11
8
1
1196
9
13
2
1073
5
669
15
3
5
1
196
648
224
1107
7
3
1014
573
15
364
686
716
358
11
792
705
354
361
1002
5
2
372
173
1225
664
99
1112
562
1090
140
560
627
14
524
547
561
201
5
16
12
559
545
9
2
1
10
14
1045
6
49
5
13
8
324
498
200
99
1
4
1
1425
9
1
4
13
1739
1635
11
125
344
514
2
720
10
550
29
724
208
130
229
547
165
92
195
36
736
173
71
24
8
52
41
30
254
250
67
613
248
840
84
793
247
143
14
193
16
387
185
17
68
157
45
2
3
4
697
467
5
6
136
281
168
166
354
23
7
89
1040
28
54
87
1036
441
122
503
1333
240
189
375
9
10
1156
31
32
12
787
13
384
21
33
34
20
542
25
26
291
27
1571
562
1100
175
1138
1
3
6
2
16
214
2
1239
14
1
10
757
1439
1356
458
2
13
1153
248
1007
1015
33
6
372
89
1220
11
14
332
658
509
17
465
473
24
1144
1
369
464
7
511
9
10
24
1105
98
5
12
981
508
585
1009
4
3
441
544
13
1042
899
941
340
982
932
1083
1009
643
332
8
996
4
12
5
92
734
383
549
17
1007
895
898
268
134
14
628
1297
1195
16
10
283
1
1867
1061
1973
14
457
23
117
1745
15
1
6
900
86
16
493
2
376
415
685
4
701
1
15
8
1
8
15
5
351
12
13
2
2
4
314
531
639
313
383
19
201
467
42
63
441
28
330
203
17
13
695
993
14
367
336
224
507
8
10
380
3
372
358
87
717
455
1
573
984
2
370
264
1161
66
339
415
355
5
210
322
19
180
7
8
237
9
18
41
105
340
221
20
209
24
6
25
866
5
111
26
72
345
16
27
28
212
154
34
623
33
269
3
225
4
31
12
7
569
21
457
1037
22
23
585
675
13
861
1
10
858
15
16
8
1250
5
13
176
968
46
886
1763
957
1139
1877
1
240
13
11
1157
8
405
1
7
499
13
6
666
598
390
428
1
2
7
6
10
1637
1567
761
1741
1673
1236
1465
1360
1
668
293
5
39
25
6
243
34
1
1
1
3
374
9
234
10
14
1
470
9
420
1902
905
12
1323
15
7
780
1436
18
963
6
103
1899
442
164
718
10
833
1882
438
102
1780
202
4
1433
770
761
672
93
936
935
63
898
986
17
767
456
251
687
759
286
16
1
945
726
125
1
6
776
259
900
356
696
765
432
284
584
683
158
288
287
205
621
34
1
3
5
11
55
1
1709
1876
50
1548
2
364
2
1552
1461
4
683
1
11
8
2
5
10
2
5
4
6
1781
12
75
1
8
3
655
543
7
504
181
1
11
14
264
15
42
6
39
1
31
1035
120
15
14
142
764
912
15
28
125
1345
18
58
31
1367
579
970
13
12
311
107
11
10
1118
1857
294
164
56
609
69
10
50
857
37
43
810
351
150
1309
887
672
18
1425
153
9
488
176
2055
254
162
258
1350
772
640
653
68
1205
11
807
815
402
70
2010
34
51
461
323
4
104
153
122
1
1128
295
24
190
219
1337
545
172
1174
273
73
697
814
836
1696
843
591
1648
1136
38
647
399
893
16
108
52
314
678
1196
241
109
878
343
66
44
463
1483
502
589
1786
1623
1530
58
106
1751
593
586
757
17
47
299
819
687
848
385
173
1008
198
7
199
6
548
407
8
65
64
19
151
321
1333
16
760
712
706
271
102
50
713
20
21
25
615
63
22
319
1560
804
23
1380
1755
218
24
25
320
5
1336
353
117
752
703
1384
798
918
1164
1687
267
123
773
26
1037
185
9
33
842
27
277
19
278
805
293
28
17
29
382
13
847
214
163
1731
92
95
761
1772
1555
778
369
27
201
563
641
115
1016
767
113
529
498
53
313
722
1753
158
780
785
581
1158
26
12
1917
2
30
119
146
48
14
334
917
1034
10
726
1
3
10
11
691
3
648
7
219
1651
20
846
2
1209
192
1012
188
149
66
2
364
209
5
658
1068
5
13
231
15
11
1
471
9
707
7
3
2
1363
1214
1305
11
462
3
1144
227
481
4
6
752
321
914
1180
368
2
5
753
13
376
8
1
1
2
1
7
1
1558
1911
327
6
1
216
8
272
908
450
310
692
8
522
442
20
1444
297
442
421
225
260
1
262
482
130
378
389
451
395
449
433
366
1
495
212
38
37
14
256
434
4
978
2
488
12
487
129
426
77
381
390
448
3
223
356
440
1441
2
483
479
1455
374
2
187
1221
1
3
9
1543
1
143
1072
1594
1471
1632
4
7
7
2
5
3
8
9
4
223
6
130
163
2
1
8
218
1
1148
1
1227
629
4
3
1
1
3
23
1307
1137
691
777
255
7
523
627
63
623
867
1056
534
1094
4
1136
448
1649
3
523
1504
1173
981
757
466
729
76
159
2
1655
7
149
35
126
1400
1438
277
5
722
7
587
405
6
117
23
100
73
453
251
105
2
1432
1253
110
590
190
4
294
61
103
57
351
504
1153
225
737
499
329
46
392
1024
17
507
64
313
5
1
593
672
6
327
629
8
7
508
58
1051
743
621
578
494
156
79
1226
43
81
5
197
567
220
4
1180
675
212
1386
589
88
739
490
269
210
366
451
287
184
18
3
20
1079
7
9
3
203
2
519
1
6
8
1
10
8
805
3
819
358
14
1
3
1371
1
2
714
983
664
561
1
3
6
382
2
24
5
208
331
2
10
4
1
4
10
10
3
1331
721
1
7
471
696
677
1525
387
681
635
1
636
1691
288
953
14
1130
638
1
739
630
1654
2162
1480
5
935
8
2
13
7
6
1523
4
1
5
5
12
30
15
108
13
11
59
176
1
19
9
734
508
1154
1423
554
143
2
7
30
1
1
452
3
6
5
4
10
1108
2051
1983
1813
442
840
731
426
563
6
1
444
453
929
104
4
636
1191
671
267
9
373
1550
6
88
565
10
2
1159
266
598
3
967
8
571
1650
1160
14
212
275
327
871
13
527
12
11
5
349
924
5
49
6
13
673
1027
533
513
12
915
580
471
979
994
8
34
3
738
2
14
16
15
850
83
2
324
209
121
13
428
117
8
1
11
174
611
980
1453
368
949
152
590
7
4
1
1317
293
14
415
853
10
540
98
2
5
522
424
165
7
1063
8
10
1
1117
232
88
29
13
250
271
1711
1132
133
259
229
21
14
714
8
7
1
516
185
1351
688
389
814
4
190
709
529
87
3
1584
2
1786
226
12
87
99
2
1457
1
484
460
525
11
1248
69
10
1320
379
6
708
5
177
455
9
82
6
1
8
3
13
865
9
26
126
463
449
241
1
16
8
37
1
767
265
1
1049
910
202
792
940
1207
2
827
1195
13
11
9
1396
320
15
1
1372
7
194
192
616
200
1158
83
434
255
4
9
113
107
895
12
393
2
12
3
45
100
2
1466
7
1296
890
21
363
1
14
11
13
335
313
215
1
1
1
105
788
15
17
6
55
11
1
14
3
770
1
1110
364
1
3
101
107
212
278
106
13
10
721
836
778
737
903
900
864
858
755
2
841
6
487
783
515
677
12
628
7
340
868
891
1
857
483
881
3
40
880
320
16
7
1
6
1094
582
568
4
16
12
1
1180
3
6
14
1272
1
776
5
1
760
100
13
2
294
5
7
10
1648
980
14
15
1588
5
16
209
14
253
478
81
878
6
9
16
1
11
1
285
554
526
988
984
6
134
1
1977
1
11
9
3
4
1967
1096
281
360
1229
9
3
1
7
1112
1804
9
11
10
4
2
1383
787
1656
2
1
664
9
4
5
622
153
2
267
1011
540
865
182
5
581
2
53
15
6
7
1306
95
181
695
9
715
1845
2
5
10
7
11
6
393
778
1781
833
166
538
1
10
5
5
1514
427
1915
548
5
10
9
612
718
9
5
866
6
447
222
1455
107
1135
5
1678
1391
6
106
8
465
1
1
1
1104
1583
1434
1917
9
1
7
1375
1412
672
1410
150
10
6
4
1454
4
7
1
787
1
1095
3
1
4
1
559
1755
2
484
4
247
4
1418
8
456
23
5
3
1041
2
877
1
3
713
12
9
407
135
397
13
57
12
814
7
4
4
3
840
3
1
1439
8
110
12
181
44
97
9
4
101
3
74
2
1111
77
78
14
2
1
12
449
4
690
890
10
253
418
505
564
2
11
6
821
10
9
20
1330
1
3
5
4
1587
490
875
380
3
4
115
47
3
495
882
939
429
271
221
1
1
9
12
2161
1
14
13
1693
813
8
6
1559
969
1949
1881
1673
1923
266
51
8
641
1
231
264
723
13
330
4
509
13
1204
915
734
1
763
2
804
655
491
687
229
20
214
390
3
11
192
1172
1358
217
849
370
3
13
14
4
15
3
1302
3
1005
65
3
1
1
1374
1
1873
287
152
1
6
6
890
1684
488
420
13
4
186
678
191
100
1
5
509
233
151
1929
42
166
257
49
111
43
165
5
697
3
489
1596
1
3
1
1
70
2030
356
4
1171
156
13
249
82
126
12
1205
927
790
48
1675
370
1310
388
716
12
16
13
1759
1472
17
208
1
11
3
4
5
5
467
16
6
247
254
29
420
131
3
608
1797
1729
1521
858
650
14
11
9
559
3
1
2184
6
884
6
676
375
99
846
570
3
1
2
440
217
149
551
1
8
7
1
4
5
2
4
232
852
2
959
7
2
5
430
2
2
3
2
891
1329
1
576
1866
15
32
267
5
319
212
4
4
894
71
225
4
12
1
585
100
982
513
1879
10
4
910
11
12
1
811
5
6
7
45
161
3
8
2
724
9
253
9
1
10
781
1
29
34
8
14
610
152
192
17
53
284
201
267
16
15
265
14
52
3
13
12
11
199
220
190
231
10
669
1
1146
2
1
