1
2
176
16
22
28
4
125
825
7
144
20
829
30
837
26
772
182
3
25
795
1054
33
119
34
133
807
939
44
310
1497
3
594
246
980
1661
1357
641
694
12
1
20
453
157
135
185
5
10
424
238
286
30
58
21
4
7
21
18
16
1
5
14
25
964
18
19
767
485
23
30
17
15
22
22
29
2
6
8
966
1012
20
215
3
11
26
617
9
11
13
12
30
31
2
1
540
1066
693
570
857
820
20
176
478
553
424
1625
43
1498
1871
491
2
1662
327
1035
695
11
405
380
548
477
534
976
802
408
369
167
288
13
4
380
1015
1554
996
68
444
366
363
60
710
1028
898
15
214
1024
502
543
524
1027
516
972
1306
903
19
700
1066
195
1001
26
483
1009
18
722
481
184
936
634
1098
743
776
544
505
326
1203
1114
826
2
469
811
941
1004
383
1341
688
539
1
742
361
381
147
7
378
361
1026
27
380
1214
512
30
285
3
956
5
1335
8
351
429
1107
374
495
1109
929
180
31
32
1120
430
115
501
1205
288
463
513
154
389
122
10
22
1371
71
136
1173
1116
1488
231
1535
268
1566
535
37
1184
26
912
1198
1272
100
975
97
972
61
95
55
53
22
51
78
919
81
75
73
39
6
35
102
96
83
163
59
20
52
2063
331
88
85
20
62
29
79
160
68
146
93
99
25
2120
1022
48
4
34
82
1337
60
89
58
56
84
550
437
2121
1563
946
36
34
35
952
92
1
269
5
328
1377
1386
70
57
15
138
13
63
132
17
22
23
101
24
15
266
7
5
171
888
76
1
204
31
30
241
3
41
1667
1568
46
26
7
1151
47
67
8
32
1647
77
9
2200
1024
229
1518
252
98
2082
10
811
1748
2
38
12
447
19
256
14
1200
158
16
18
19
2109
80
259
21
16
145
861
33
26
14
28
1705
29
1369
37
27
30
25
185
44
13
12
50
31
11
446
32
40
4
54
1612
535
449
436
10
71
9
167
1125
135
33
1042
8
1707
1149
14
36
2029
1775
1994
1871
2076
6
1
8
856
9
31
420
28
2
5
34
258
573
958
333
922
657
171
445
17
2
24
11
26
15
10
43
6
497
401
460
153
16
928
690
860
23
15
701
1
2
6
9
8
1770
1206
18
1274
1532
16
115
28
29
352
1128
626
1345
10
14
12
7
110
88
145
37
82
77
1133
63
11
1403
21
463
9
26
212
31
9
20
172
18
55
329
418
142
1672
131
696
951
3
71
869
795
163
709
1
911
634
762
989
24
130
77
151
1102
13
730
27
1011
30
32
316
15
21
22
116
42
29
577
2
3
4
16
19
20
21
14
8
1934
1697
123
24
856
11
1957
33
3
5
8
1
10
14
17
18
4
23
24
26
7
11
8
3
12
28
5
29
22
1006
270
4
832
23
1147
7
1
571
73
233
110
3
12
21
19
17
31
9
6
11
1999
11
13
16
18
9
32
7
8
908
15
4
14
1144
888
1159
25
486
6
5
17
20
882
29
19
28
68
30
267
3
12
25
1
978
202
23
432
10
1499
1218
4
2
18
21
22
855
47
24
471
26
27
61
1377
31
32
2
1
1641
66
1549
824
38
9
3
271
22
194
176
1
2
10
24
8
15
22
27
12
5
9
26
28
14
487
20
3
189
3
83
292
10
495
23
74
539
132
570
611
792
1708
93
26
162
387
1333
357
386
383
1519
1128
454
468
60
203
470
153
1334
202
1
682
728
14
1623
1522
914
210
204
103
27
135
24
29
1026
44
1609
687
780
13
471
1029
630
1503
706
683
29
661
1634
1608
646
51
12
1127
432
11
10
9
57
1264
98
8
235
475
463
1460
149
292
1388
70
158
1011
492
693
91
1489
262
664
1553
164
297
111
127
841
108
215
597
232
101
171
118
1383
207
199
1689
1620
493
678
1644
1403
172
75
113
260
157
313
662
1289
78
264
249
791
1308
1180
652
605
228
700
782
91
1831
39
430
277
266
122
167
785
643
512
1001
860
1273
783
270
87
159
701
1652
30
5
3
4
1641
403
696
236
213
196
63
748
709
374
1531
238
1
286
23
33
666
698
526
183
2
3
4
1687
34
5
310
28
22
6
726
1321
7
34
106
21
120
793
699
152
445
156
82
1354
1135
303
1167
637
382
602
20
8
214
32
9
242
694
854
10
19
1671
11
12
168
174
1093
13
638
1529
878
818
1008
18
36
81
1863
227
1684
672
822
472
227
757
14
291
201
1592
85
15
1493
6
16
631
162
17
716
642
263
1415
189
192
649
17
651
31
206
710
121
18
19
112
20
21
1161
38
247
674
645
565
114
787
143
279
660
211
952
148
115
1254
1246
232
170
795
22
16
163
1393
1225
458
216
702
585
300
194
1360
677
274
137
138
133
131
112
116
119
120
23
796
24
25
99
892
824
35
15
859
20
668
986
1336
1237
202
15
69
25
4
272
1095
347
10
187
286
942
293
264
469
9
183
243
66
1297
1468
62
1507
14
281
14
1
29
23
8
1861
88
19
859
22
25
6
1630
1093
6
25
9
170
165
19
94
18
80
7
1
1198
3
4
909
175
875
13
16
717
20
1362
10
3
2
1148
270
1482
100
5
58
7
181
721
11
96
12
1884
871
15
17
291
279
15
21
830
23
24
8
1471
5
4
2
238
35
239
451
153
277
245
180
2
5
16
75
100
131
106
1
206
670
2
1314
33
51
273
1
1296
208
20
322
4
236
537
318
234
1
7
27
2
25
13
12
546
300
624
858
673
427
1
1184
332
139
30
28
3
1128
11
1541
347
478
15
16
50
7
5
12
24
21
9
23
2
6
17
19
146
10
95
25
184
1011
80
1136
906
563
3
26
971
27
186
11
1013
28
677
1
16
153
274
197
3
77
158
308
536
730
217
567
363
1
574
1628
7
895
82
13
189
1339
1351
1192
512
199
518
5
192
2
149
484
12
1054
173
278
27
62
47
212
1
144
80
241
480
80
203
203
101
2
538
81
181
24
161
177
198
92
1298
166
13
33
186
569
40
7
206
201
803
254
226
129
1
18
21
28
209
106
804
219
29
1184
22
1053
17
5
3
204
8
9
185
113
711
491
28
11
12
781
14
15
1189
18
19
20
314
10
23
46
3
31
943
952
961
10
937
939
19
537
1084
44
348
1772
941
1263
102
1658
840
30
8
121
874
954
426
396
694
405
489
539
732
1
779
513
494
459
15
501
551
11
743
595
23
399
83
184
486
680
1213
1841
1718
529
16
1602
865
174
878
863
112
39
473
639
1770
279
18
145
1564
1416
318
466
170
720
132
895
402
91
362
868
113
297
793
488
781
70
325
26
876
789
762
1769
776
15
469
1754
554
320
1860
24
21
369
352
1329
875
358
49
584
1088
879
334
20
7
24
1077
223
367
189
783
37
782
364
22
335
1768
319
336
1220
653
6
230
344
337
5
25
4
346
275
18
728
887
9
338
1476
343
208
277
760
381
282
339
470
523
137
186
158
54
3
76
1525
2
617
13
295
526
955
9
4
2
1045
953
11
18
6
663
179
17
27
1
3
27
5
2
8
641
4
10
1236
259
9
26
667
1
16
4
6
16
9
408
2
18
21
3
14
11
22
705
12
100
37
737
24
22
100
28
14
358
18
357
118
262
674
1643
20
4
667
288
290
86
31
7
9
892
701
1636
11
5
122
390
296
8
324
36
908
14
15
30
16
60
17
1259
6
102
12
9
181
2
346
877
2
17
541
2
279
1138
1663
829
1004
93
124
922
1
957
1122
52
5
3
15
235
188
98
6
125
392
4
106
283
32
101
166
25
26
17
840
1081
516
125
643
1
155
1178
145
42
480
4
22
151
197
2
25
15
198
19
26
1158
44
21
79
14
18
4
495
5
1
127
13
58
902
7
5
479
7
238
164
9
10
6
11
12
197
6
10
18
6
1
12
1037
7
1255
3
575
1150
4
145
401
5
422
24
68
106
14
1157
3
3
84
818
125
1164
13
79
7
92
971
109
1396
460
78
846
41
21
1100
280
43
25
1290
867
57
23
327
817
854
1417
695
148
23
454
1004
476
714
759
955
1158
419
98
99
92
114
872
84
789
8
384
903
840
851
796
608
2
462
907
108
115
567
19
839
91
76
189
123
899
404
381
247
578
21
909
380
105
10
345
590
885
632
811
402
368
168
15
173
20
1008
702
927
668
445
1150
324
810
7
831
5
5
960
439
833
990
908
793
365
876
653
575
892
750
9
530
418
866
299
11
116
17
779
834
101
580
544
4
3
782
798
788
25
20
809
455
32
742
372
103
761
864
390
416
855
15
614
22
498
679
388
94
675
221
675
112
729
728
39
727
1005
763
14
875
13
177
774
3
104
507
16
287
726
336
758
757
4
762
724
390
43
921
16
739
812
806
698
723
534
474
510
756
30
512
572
341
83
38
643
434
180
36
994
745
21
271
565
114
838
556
487
565
871
755
780
646
111
386
627
38
722
322
240
251
720
473
478
479
1
865
658
233
816
928
6
99
754
867
466
110
710
35
732
753
26
721
752
206
779
707
2
12
669
363
41
357
98
10
994
2
368
1529
11
664
17
1
12
7
31
1731
229
14
343
2
154
1
5
1002
19
16
11
1768
10
9
8
7
2
647
1037
561
338
8
17
467
357
746
431
1063
348
12
19
291
359
1082
210
8
4
23
348
1115
483
16
543
4
126
367
13
424
7
515
229
411
558
458
171
439
272
734
8
513
258
741
340
766
876
140
143
2
545
45
230
283
885
401
57
546
87
173
506
14
6
295
935
603
11
59
12
207
51
12
3
11
1
39
8
13
19
2
143
237
1404
4
9
16
6
9
5
21
930
1654
42
5
7
43
10
24
15
49
12
352
53
712
26
22
23
38
25
158
4
31
32
59
1518
794
1553
38
767
3
86
10
24
1581
1201
1028
3
22
13
1298
85
1553
2036
1198
1024
24
12
1617
1454
950
365
1282
1477
10
454
1210
26
25
529
14
143
513
5
8
2040
140
530
1671
20
1439
318
1211
73
1303
1651
1049
1042
27
1776
394
15
385
16
3
1712
21
21
6
24
1116
2
11
1
1
3
623
733
16
1
10
10
1005
897
340
55
25
39
2
253
126
41
17
1105
555
16
127
20
391
991
100
740
171
200
248
15
409
281
60
825
23
382
760
10
9
7
5
718
78
174
632
426
816
1
39
152
5
938
59
8
642
383
296
117
18
19
67
339
160
30
21
598
22
24
269
283
1184
715
63
8
16
6
4
3
398
79
399
1019
691
328
1
18
500
361
2
3
76
368
104
4
95
496
43
239
6
155
208
14
7
83
472
1166
400
9
10
701
11
12
13
403
928
1
22
20
1
426
3
1476
3
563
20
3
8
23
10
5
1055
1394
7
2
84
7
18
984
25
10
1
7
17
844
20
738
23
24
9
952
845
33
1240
78
83
17
706
705
52
81
1079
2
90
104
18
84
302
21
14
133
475
86
212
377
5
611
413
1091
9
109
2
174
285
612
272
19
5
298
121
12
142
254
118
59
62
297
85
1093
399
127
69
195
711
762
64
13
243
48
7
6
27
150
449
1252
15
97
36
716
260
1
3
834
161
179
276
174
7
9
155
579
120
13
11
926
4
966
113
8
704
3
10
4
543
37
88
540
152
12
51
212
6
126
66
123
844
163
8
60
115
296
327
971
55
12
433
1
5
6
9
8
3
5
11
22
352
1391
15
3
1224
7
380
19
8
1457
1047
9
89
286
7
660
524
86
331
734
12
20
21
1385
19
8
8
495
897
875
13
916
3
2
1377
217
9
943
694
933
455
660
747
74
170
700
1029
1048
4
97
900
1021
896
999
1374
415
345
14
8
839
43
22
154
421
88
14
294
563
1358
85
239
12
12
526
383
301
506
33
1
114
1363
8
700
15
57
1308
1337
32
85
9
13
366
20
14
308
11
311
3
712
100
1646
930
6
685
5
686
695
17
11
469
653
290
72
2
13
1726
14
8
13
237
3
14
11
1292
16
17
243
1249
730
1176
783
6
7
766
131
8
189
10
580
148
589
18
8
6
582
12
88
13
633
1369
44
21
119
3
19
140
1213
214
859
626
225
395
508
2
223
1178
1269
509
7
15
1057
3
4
512
5
6
563
17
1
7
11
210
8
9
10
1209
1342
13
7
10
1134
382
31
353
373
800
11
5
933
15
646
936
973
18
1014
707
85
20
10
14
121
185
672
2
16
635
475
300
540
9
4
12
5
8
6
18
635
438
493
492
34
453
73
879
1023
875
63
62
421
550
90
365
420
445
206
530
262
852
119
901
392
35
24
529
230
611
521
77
573
801
756
71
149
26
20
490
413
849
661
844
85
56
782
431
557
774
70
120
856
888
60
924
526
928
513
58
789
413
21
282
855
527
940
50
545
408
950
79
14
113
13
12
964
11
10
47
412
296
576
70
6
936
716
386
307
102
885
73
603
751
738
5
432
4
455
937
518
3
60
693
780
965
187
570
430
348
792
480
916
635
949
1
157
766
528
2
3
395
462
84
251
317
270
560
609
559
876
409
254
4
790
71
775
35
651
738
6
524
411
553
431
8
10
275
785
11
12
436
13
14
15
16
17
553
17
18
816
280
681
240
335
332
399
123
107
898
92
19
837
111
638
207
471
919
93
759
539
732
8
816
567
45
20
36
1
729
69
861
5
7
886
9
100
22
39
779
853
7
409
967
433
632
9
458
886
6
2
747
21
1018
9
6
20
10
924
506
992
586
12
1
7
15
9
15
2
8
119
14
14
948
17
20
12
11
793
6
1
921
304
1053
559
6
45
52
53
68
652
843
55
964
409
424
157
426
402
42
978
858
942
1780
951
480
1536
30
5
653
4
837
47
396
473
67
661
61
1303
831
58
304
860
1812
1046
31
846
1520
1288
2
423
49
1449
261
439
948
1375
1018
972
476
1641
247
154
3
66
943
517
8
362
851
9
861
1849
265
1473
474
953
855
257
356
394
573
1691
101
425
258
1154
193
12
826
926
13
863
35
1506
1943
1582
1
194
470
188
454
881
126
266
927
799
859
838
1601
1466
1420
4
14
449
864
1295
463
797
542
229
1433
497
763
1053
365
127
192
1161
25
67
1014
1804
844
15
334
825
739
1173
16
17
928
1918
351
930
18
430
306
128
27
832
917
451
361
1752
102
932
919
1703
322
364
437
645
933
19
1995
1408
850
1088
1598
352
20
585
66
46
870
39
48
21
803
198
407
834
461
934
368
820
51
110
1040
325
330
968
955
969
862
460
354
434
23
291
299
956
812
469
195
1563
6
952
1868
359
253
1790
879
1735
601
600
543
26
590
472
1340
363
537
450
7
1494
159
24
24
1499
38
1074
370
44
263
111
1163
25
1187
116
1769
847
940
36
631
1041
609
1189
673
607
235
970
1663
28
131
133
821
355
1768
1736
1007
1
867
103
64
1008
62
32
395
471
487
386
504
28
29
2
1171
3
20
1423
152
8
419
79
90
12
1
10
22
9
1479
5
194
517
877
159
127
10
8
453
366
2
870
1113
521
83
3
9
18
1008
11
238
654
317
1061
6
3
399
3
11
16
1137
46
5
245
10
15
1114
1
10
13
3
16
6
878
1499
36
42
1280
6
9
407
242
12
376
92
142
583
15
408
68
1502
122
170
1256
11
1197
277
340
18
562
10
11
1271
1154
5
64
225
9
434
14
8
339
991
278
1141
14
151
137
6
4
126
1062
9
53
19
8
118
12
56
308
85
424
20
18
3
363
837
851
13
3
1
10
3
15
586
170
96
701
2
5
671
18
13
11
501
31
26
171
18
385
1
297
13
14
228
268
903
3
184
8
6
1123
13
1498
3
597
356
626
1
3
7
8
90
7
3
1
2
197
642
15
1483
17
147
16
1365
252
189
11
1115
4
2
42
320
1440
1179
6
6
13
5
119
1170
103
803
828
10
9
305
13
14
4
1309
27
16
1438
1008
14
10
9
11
12
1
915
440
134
544
9
1
13
15
7
628
524
2
16
47
144
134
509
9
14
626
8
9
29
28
108
18
1699
329
17
1002
127
854
533
6
2
1251
7
485
5
370
648
510
1056
5
337
481
619
1511
12
16
1082
979
1
6
1
20
538
30
63
513
48
4
195
222
216
1355
1016
39
67
965
368
336
282
307
841
331
89
1339
519
31
262
163
232
15
9
515
62
386
234
3
77
328
291
11
1084
133
3
100
8
382
405
401
85
21
1523
1000
1459
593
764
692
286
102
1525
275
28
1480
1097
335
1011
527
105
621
391
61
11
377
19
227
1683
252
338
10
13
2
9
58
536
284
475
1185
12
971
1072
218
1456
8
13
618
78
837
707
694
1364
179
1507
1471
4
10
451
292
685
1211
7
258
714
330
106
152
22
1
3
646
422
11
16
15
12
13
404
15
697
959
14
11
1044
548
49
623
9
455
365
205
30
602
1
13
145
15
1693
5
797
531
740
247
8
6
699
1061
332
788
894
16
196
107
879
863
229
892
100
825
594
901
2
9
86
18
861
361
20
626
159
1
13
174
5
791
387
882
551
502
855
411
115
1
494
764
23
3
849
189
3
549
474
760
881
529
663
616
2
4
856
990
55
482
666
1082
888
282
79
883
454
11
3
1
14
6
1750
701
51
9
42
1542
1498
16
1352
509
18
19
522
7
903
966
1728
1729
1
97
1337
11
7
909
991
9
310
157
118
15
1552
1137
1898
907
21
10
178
1
7
14
8
4
5
1
12
157
4
10
1
3
788
5
4
1
17
12
25
2
615
8
655
989
12
942
3
13
11
1746
18
34
11
417
15
13
802
444
9
21
25
2
90
14
29
50
347
3
8
38
33
994
491
76
698
62
443
93
1264
9
1401
3
5
19
1275
27
228
26
20
547
1426
1468
3
1
14
22
13
12
2
275
984
19
6
429
660
17
1752
4
447
161
209
1236
3
682
104
1
23
2
3
7
856
5
103
16
1135
613
1
18
634
9
15
11
8
745
804
14
3
1
13
8
2
241
7
2
18
12
5
23
1410
18
16
10
872
4
33
58
1392
848
34
41
23
1396
765
35
28
95
454
56
5
168
8
332
600
1398
16
26
29
11
56
1177
6
1
1388
31
3
7
8
39
10
957
634
32
53
25
243
4
39
6
7
2
1
9
1238
15
407
5
109
698
661
76
9
26
60
22
21
1343
20
148
19
18
17
40
15
14
13
751
4
2
235
9
345
61
5
139
174
3
11
358
177
27
300
998
612
59
145
136
179
141
176
112
8
272
8
132
81
313
100
398
553
40
20
10
254
108
426
190
401
137
25
293
214
586
81
73
341
612
288
121
131
4
13
134
519
138
635
49
1
1
2
96
30
497
167
234
1173
200
118
1149
20
157
694
798
11
510
44
521
97
237
981
13
223
508
5
142
161
16
529
599
3
4
8
10
24
528
51
318
238
530
9
5
125
15
329
1152
148
223
726
1400
1014
1297
10
131
1127
100
267
164
5
18
9
501
5
576
1433
156
127
76
139
53
263
20
1579
218
17
12
7
11
372
604
178
3
1
21
782
8
699
9
135
217
14
817
5
1
135
12
472
463
870
696
8
13
22
2
33
516
27
26
739
22
3
168
1534
384
17
323
1
8
4
1193
9
324
999
242
18
9
250
14
14
296
51
6
188
10
244
122
166
250
1379
1
7
241
8
1
843
3
2
9
15
4
22
1
227
15
1161
23
22
21
15
2
5
16
7
739
3
1530
105
631
6
27
15
14
12
11
116
66
220
353
2
156
485
69
704
4
1
21
20
12
2
730
841
228
776
635
1150
1
500
487
201
478
20
213
7
203
432
112
226
1056
343
8
1272
11
481
199
1099
453
95
489
4
7
361
985
589
103
4
19
2
15
13
374
68
9
10
1118
402
41
56
492
10
2
372
139
307
11
14
373
488
1177
35
510
1383
1371
5
215
12
25
12
398
70
18
396
23
127
831
1
16
299
130
189
88
22
1491
21
266
3
358
110
6
5
216
1004
457
383
823
372
374
23
1
2
10
22
17
10
5
24
8
877
834
603
6
9
634
6
843
1
11
77
7
1255
980
216
887
188
181
32
10
16
556
362
596
14
1005
858
854
12
434
7
139
683
880
863
360
850
167
1081
3
1117
295
30
628
106
52
578
133
25
722
28
176
297
523
828
21
27
26
746
22
417
1164
1006
776
1
4
782
65
24
2
11
956
560
711
720
53
385
1125
1512
96
29
22
16
17
72
1589
211
148
18
37
1096
78
158
3
11
1
422
3
1338
1
1
13
72
169
80
2
761
1403
32
1648
21
1546
200
344
1670
69
57
23
1
415
198
10
289
90
116
395
796
17
877
354
220
396
27
4
26
1343
14
1122
31
1
67
886
3
4
629
13
19
329
1423
1213
459
1084
1370
5
1143
6
1
17
4
2
273
15
253
1514
3
5
27
26
11
11
1
85
637
731
197
20
7
978
88
32
6
1360
2
18
19
24
327
25
12
2
11
248
137
1089
501
1271
1102
207
1096
364
100
282
137
290
1361
25
2
17
15
32
24
2
30
18
1
1
22
29
65
16
46
574
17
13
130
365
101
10
6
12
1
10
21
1
9
23
17
21
1187
1
123
3
6
436
229
29
335
1096
23
767
911
416
52
537
120
4
1
317
36
17
19
242
60
20
166
560
365
29
399
3
456
457
378
748
31
461
32
320
196
34
420
184
96
6
7
8
193
456
11
12
714
743
204
265
283
199
439
282
272
18
39
454
132
780
190
716
418
64
141
549
21
22
5
25
26
27
349
30
222
183
33
35
2
175
13
15
894
16
612
7
448
819
580
1
8
1228
7
30
847
7
61
127
1
25
4
67
78
1274
91
20
357
2
1212
1327
103
47
1230
74
39
15
24
68
62
150
32
1257
1201
378
25
81
848
1185
13
1178
842
16
58
71
87
84
23
851
95
123
577
6
5
106
37
85
487
1380
6
700
21
3
203
1140
82
708
698
4
1680
663
669
706
986
1190
1565
1483
1138
54
144
283
3
232
434
128
303
1527
298
208
1
957
1117
344
24
377
816
19
844
30
1
10
714
1017
33
1190
100
21
1
154
1507
23
382
12
16
1481
13
1524
9
466
25
1522
3
1
1442
1223
101
262
110
118
18
49
1352
481
503
257
404
178
835
11
90
412
1084
25
166
86
44
9
131
22
263
215
189
892
741
649
560
1
7
281
2
111
251
704
44
304
42
165
7
3
78
1224
267
10
194
1343
13
14
68
79
82
40
23
68
27
21
28
1339
29
96
30
35
31
32
33
34
64
209
1
24
955
1066
4
249
5
6
15
16
8
17
565
34
19
20
388
675
21
1838
1
9
12
21
26
7
1309
99
16
6
129
150
70
320
480
86
20
1
23
715
18
228
10
940
1
12
26
27
292
52
430
8
23
1
2
1874
15
19
6
201
41
436
814
950
376
41
1
11
24
140
40
380
3
79
27
2
1
1
7
211
199
320
518
123
1
966
15
1409
1352
876
1288
1790
1353
1467
379
873
1408
188
1403
1565
21
1781
7
1368
17
19
18
1476
1562
888
1548
3
236
1
9
10
928
525
26
394
29
27
461
8
482
154
472
20
13
23
61
439
411
495
1
489
493
38
27
96
5
443
508
453
28
1363
356
196
589
18
11
3
1
6
10
16
2
218
1423
46
24
1302
1
4
6
1701
24
7
4
1
13
1678
2
9
21
1
9
1023
11
7
16
83
1
20
5
400
1
6
7
3
6
17
22
17
24
9
6
136
4
10
967
164
16
17
125
95
1483
1456
18
430
19
99
226
44
1211
1378
1178
20
21
155
612
22
23
388
243
158
1414
246
383
654
24
637
25
1638
50
1106
128
133
758
26
232
655
1356
194
27
664
107
1479
88
640
172
89
263
149
1252
189
1583
31
646
767
500
195
229
891
146
1398
131
6
165
669
464
369
404
283
66
222
148
1607
190
237
1346
350
157
353
144
1443
76
247
263
210
212
41
1444
455
273
647
746
1
159
242
159
78
223
189
665
1794
56
1127
482
264
54
720
224
157
276
158
977
203
38
167
5
208
653
456
1604
253
227
204
1538
251
51
250
46
197
100
52
67
211
101
661
951
232
7
625
140
1650
42
617
257
34
53
8
69
389
663
9
730
1613
602
10
1269
1649
658
55
11
667
1098
1111
32
1648
745
104
964
834
657
839
306
56
1634
748
12
997
120
13
1492
781
57
55
4
1
264
222
14
80
15
126
110
789
1460
147
1546
254
787
1366
1652
1601
755
156
28
230
322
368
343
1482
68
417
1143
194
253
190
611
485
233
754
66
574
1571
29
166
809
1116
30
135
290
105
122
659
255
54
27
495
2
867
24
29
998
7
32
19
896
510
66
1409
695
1
42
443
20
300
9
5
895
8
10
485
956
14
19
25
23
20
1
1531
335
1
1053
15
1351
1276
14
17
21
148
6
943
591
16
18
20
10
769
3
727
17
8
8
9
22
334
25
1
1
3
1
612
1
4
500
8
9
1
8
19
5
158
207
674
575
27
168
1
594
470
318
107
4
591
486
518
952
583
519
7
473
585
960
5
844
141
315
665
884
527
907
685
550
646
10
9
493
99
84
1
587
582
661
609
26
899
90
3
680
526
903
972
8
508
29
8
730
320
5
1
633
13
426
2
1228
482
251
64
282
12
9
23
6
5
4
20
21
6
385
7
7
1443
280
4
149
363
5
278
1
228
13
10
10
1
1
11
81
415
8
13
600
369
134
7
1506
1198
1398
200
1396
1165
1365
949
11
597
9
252
1330
12
86
965
2
152
153
216
200
1343
6
21
581
82
428
14
45
6
12
1
12
12
554
8
1
1038
195
53
1181
57
503
7
687
477
162
25
550
42
28
84
60
67
56
2
129
49
11
13
123
577
1076
196
38
890
354
251
12
30
294
511
15
561
692
16
15
3
154
14
3
32
888
18
348
510
379
168
274
8
122
221
106
27
803
513
26
177
220
412
63
9
133
48
234
610
4
291
5
6
8
14
17
17
7
93
6
267
5
11
190
1
22
18
181
3
22
360
420
1
3
10
602
802
119
1186
11
763
1
1115
376
14
502
21
12
20
8
2
999
7
3
9
19
21
70
6
12
422
14
67
659
18
995
10
1
6
3
11
884
789
472
22
1142
129
77
36
7
1166
3
972
63
188
16
2
21
14
13
295
10
1
7
7
7
1
18
184
14
115
351
1294
5
91
5
21
1663
12
10
1099
152
2
4
1
1
6
289
1064
12
11
10
266
21
306
684
277
968
766
124
790
684
2
1
2
196
454
397
2
489
1232
431
1828
9
23
1
472
525
21
10
4
1554
1017
22
1478
1588
8
997
1
1453
27
1340
53
406
1857
17
810
16
15
404
776
996
8
161
12
560
969
2
938
791
959
32
24
580
827
22
1060
25
7
4
5
26
28
27
26
211
1118
1121
3
25
21
1392
886
11
6
1600
595
1583
1723
433
63
1486
297
907
798
1
2
1268
49
22
9
1755
16
243
9
270
7
1898
458
16
238
982
15
11
1
4
34
140
20
60
47
553
73
365
448
337
16
156
431
549
22
21
139
471
22
709
539
356
17
10
118
542
409
261
5
4
3
579
434
647
455
402
1588
1303
1
9
5
152
26
1198
892
25
758
1082
20
469
11
211
303
398
84
5
1
380
2
26
1100
18
11
6
825
52
490
1
17
5
603
384
89
4
1
325
12
23
3
35
375
951
28
6
24
18
14
376
1270
271
1
672
6
8
3
375
441
915
1
356
230
558
18
9
1201
346
340
804
7
19
7
1064
638
5
1178
15
813
359
1
64
6
27
17
23
563
72
242
1
984
1
2
591
22
25
1330
2
1109
1
26
205
32
5
209
286
1
5
485
923
22
400
1643
26
1038
1
896
261
36
305
293
18
282
215
4
214
617
172
27
14
339
28
818
25
90
22
31
2
2
24
9
11
833
7
11
31
17
1
18
686
11
322
840
26
29
1
1
4
19
26
75
1
3
8
3
919
11
25
545
430
11
13
17
334
4
26
27
7
298
19
20
330
439
440
24
876
866
19
922
1
728
1
63
212
125
5
5
15
54
1
1683
1
24
680
7
413
714
16
19
224
220
21
6
806
946
11
1155
218
1672
41
7
5
374
1324
880
13
2
89
50
4
5
15
1412
1658
5
46
357
5
1135
7
374
2
7
385
13
4
1148
427
1
36
371
1636
474
6
1506
1781
858
970
16
64
257
2004
364
11
324
1
14
772
9
75
968
959
989
12
14
9
17
12
24
1536
1262
23
10
11
1611
7
42
10
678
489
957
424
19
164
1
3
1
4
319
1581
61
9
1
10
9
219
307
105
249
20
10
392
403
12
12
1511
1949
7
1478
10
1369
1064
1
712
418
7
9
572
2
10
1332
231
279
341
20
1
9
12
1
7
276
592
1087
15
704
611
9
543
365
165
23
114
492
6
7
13
7
1
147
19
301
22
20
220
219
1180
5
215
4
23
1476
1487
18
17
26
2
264
290
10
101
12
574
579
1313
105
3
419
66
576
2
107
9
6
6
923
1
11
10
8
2
24
1
933
11
635
540
162
6
622
702
732
744
196
306
1
5
26
411
866
1
33
31
34
29
882
118
484
439
44
334
104
33
1239
29
14
146
1
555
465
1347
25
372
1266
5
616
389
383
1666
104
210
762
1276
821
10
25
1881
1654
557
1
562
582
74
264
1215
182
5
3
9
21
24
651
101
2
772
2
489
12
390
1
2
1197
2
1197
5
87
3
6
15
8
545
76
454
15
12
689
579
1
13
2
731
524
584
503
1414
824
386
48
486
428
50
488
913
350
198
88
2
1
13
1346
5
805
783
762
4
18
3
25
1
547
109
57
18
85
860
337
102
674
23
438
28
33
35
530
130
699
20
21
1
16
1
2
14
26
13
1087
9
78
17
18
844
8
3
18
11
389
49
132
570
359
18
19
8
2
1
6
7
142
11
580
5
55
3
57
3
1
271
46
185
563
15
1
8
22
1
4
15
2
14
9
7
2
301
16
10
11
7
8
1
4
5
679
2
268
67
1185
1313
10
19
29
324
455
17
776
623
5
1459
1
23
1
1016
941
364
713
3
616
4
11
15
21
1
481
5
6
7
447
9
11
8
4
218
9
9
8
441
449
414
1
21
6
16
25
35
82
333
67
34
33
7
32
31
30
28
27
462
4
26
25
24
10
2
338
398
23
22
1
2
12
1
