306
460
72
370
465
369
461
5
171
373
357
829
649
368
866
450
1049
376
374
1211
371
472
367
460
366
349
532
1802
240
243
616
155
307
241
375
815
101
1734
1508
1380
1
213
45
1534
723
1517
433
170
465
477
753
745
443
5
1617
1408
1433
703
1539
2086
2085
412
2079
107
2082
1432
102
372
1404
1398
426
1405
554
1181
1402
1419
1418
1417
704
1621
1413
1
1375
999
1412
1220
1416
1415
1414
903
1403
1411
1410
433
225
4
775
477
576
1448
186
1016
510
1290
391
97
394
770
1541
1761
1
969
1035
309
1662
1534
186
885
235
42
122
1773
1450
506
24
189
380
1091
190
885
1539
1159
397
1400
155
1135
497
897
1606
1516
98
194
1
1468
436
156
123
1469
1805
689
224
124
239
197
180
1863
1464
82
754
1485
202
1474
54
1069
1449
1405
1114
1895
665
469
253
649
153
1513
158
199
596
98
580
1511
195
1507
1853
1
584
203
72
230
250
134
193
125
1471
268
1140
829
1133
204
378
921
125
200
1504
1495
1723
8
1509
178
62
1933
577
106
205
206
1903
1138
196
192
1071
1621
253
198
83
79
560
191
6
1671
193
92
1484
1
344
566
1542
1438
500
1280
334
335
426
1006
127
1672
214
18
1578
21
678
231
229
222
186
220
173
177
246
512
244
172
165
197
232
258
247
1072
213
51
221
1572
1244
661
248
174
204
159
56
1325
215
1172
230
160
158
155
230
217
152
161
216
591
194
228
212
202
157
223
1322
127
104
26
188
171
170
25
250
177
1571
151
515
658
1026
242
150
102
10
149
187
124
148
147
166
72
146
145
3
183
143
45
176
199
134
99
169
140
73
139
200
142
625
192
138
137
920
210
142
122
153
96
514
121
1525
195
129
358
136
141
362
193
344
1422
205
184
120
471
6
94
190
379
26
167
119
103
267
245
59
118
185
29
524
206
164
126
163
1329
182
995
198
101
144
49
117
209
8
116
219
125
181
5
135
156
89
211
241
1106
302
58
154
225
162
419
909
9
180
190
179
159
1345
303
216
1362
193
1157
358
1350
91
55
48
795
49
107
179
47
53
50
1462
1199
52
1
715
17
1673
1450
4
1296
1301
1295
1660
1294
148
1298
116
1
914
363
42
1493
87
181
137
1623
312
148
565
9
8
7
6
5
667
793
2
636
1063
3
46
7
8
692
618
1040
1
2
3
91
1
308
121
1364
325
1485
1698
1410
1490
309
646
4
959
1112
5
673
8
1112
7
389
4
1197
1036
1194
700
382
6
524
1148
133
7
1274
525
1146
15
2
16
327
2012
789
1674
1112
1223
1110
1761
862
6
360
1926
1060
1141
943
1928
3
1227
193
1090
1222
1985
1230
1220
1229
1228
1226
1225
1224
1207
1507
1528
3
87
39
1613
1061
819
1580
1455
80
2
1976
1556
4
112
16
792
5
5
6
1
3
2
17
1429
168
80
12
14
1962
1872
1896
195
1971
1335
1974
1869
673
241
1912
1113
680
223
250
249
248
233
231
244
514
1574
224
222
219
218
246
260
152
204
19
220
217
221
382
23
520
174
225
214
215
212
211
24
199
210
190
126
163
1246
144
201
230
189
188
1
202
312
213
106
653
196
206
194
193
170
175
203
158
1108
186
200
191
1052
208
155
198
197
1331
207
681
178
234
3
27
3
102
569
657
90
685
1322
101
1449
5
102
119
103
106
104
61
431
55
313
121
27
581
126
63
130
318
793
120
1628
177
71
1196
231
239
493
840
804
1
893
716
828
231
823
811
703
1030
1005
74
178
522
13
665
605
748
441
211
294
577
270
1020
865
49
802
5
723
842
820
804
926
227
1070
1054
817
718
635
427
148
722
334
173
970
701
699
972
816
815
1029
33
795
794
814
1139
1109
1120
813
549
518
810
253
851
674
989
335
1004
782
730
577
295
432
665
120
569
747
670
934
646
352
824
833
767
684
1074
541
664
621
678
1004
433
939
721
729
130
39
552
266
71
333
725
1001
118
112
844
420
599
52
785
916
121
421
26
328
575
177
874
435
720
471
757
288
694
1053
152
1062
889
367
676
628
366
1095
580
922
703
786
775
749
856
330
53
641
179
1080
25
339
54
243
945
28
848
782
973
791
859
464
571
766
837
781
790
780
14
967
779
667
728
778
777
8
710
789
479
553
798
752
1050
587
554
910
505
776
206
72
16
821
126
51
423
774
773
117
301
827
616
635
1045
772
870
1061
818
826
588
550
136
771
125
845
1038
349
640
770
315
116
127
332
630
1091
530
530
102
263
769
719
654
953
841
765
316
726
764
44
874
763
207
917
11
313
656
27
717
762
971
865
651
594
834
807
3
793
797
796
724
318
56
333
961
82
783
1069
558
713
1002
662
822
555
700
506
224
880
551
1023
761
871
247
854
768
29
347
734
454
175
819
708
124
1096
714
875
858
877
846
862
693
860
760
1003
788
806
659
743
359
724
805
5
493
1333
610
16
492
3
1328
2149
6
1
63
79
198
97
59
54
383
104
85
103
110
305
108
404
107
384
518
1050
139
105
67
91
436
399
96
70
361
79
912
77
76
83
841
805
72
895
71
61
75
516
496
86
78
84
74
959
82
73
1578
98
929
68
80
87
94
482
111
1574
93
1190
92
1425
498
64
401
62
474
200
90
802
60
1120
1431
89
53
52
557
434
51
88
50
49
65
1
101
109
100
57
56
55
69
58
95
81
520
63
15
1397
1718
656
161
1
1166
1169
225
72
657
555
270
688
712
670
587
787
501
790
728
508
921
894
299
288
305
297
304
303
292
623
710
248
3
61
1383
1
348
140
2
7
4
1
1616
3
1185
279
20
4
1432
982
1349
1476
32
92
74
76
88
79
77
94
75
1116
1863
292
458
112
1434
36
1517
136
659
78
293
1519
718
608
82
1812
1561
731
1400
87
348
24
596
78
1655
674
117
204
646
170
1223
215
1025
958
1310
6
390
205
244
501
101
1767
1930
402
1431
399
1177
367
385
1217
165
1808
1944
1509
387
1926
56
1241
1219
307
144
11
1263
166
2030
435
304
432
36
1528
1703
395
202
973
443
436
2
2109
12
1747
145
421
386
389
370
1267
438
1243
416
2125
323
425
463
381
426
1249
335
1667
299
999
2031
462
2200
1055
424
1748
437
423
422
1581
300
1291
978
2131
132
420
774
384
383
1543
419
418
877
1330
1320
417
439
1321
1897
180
311
851
850
858
613
725
1217
702
248
873
246
857
729
178
76
76
524
108
138
135
854
1244
814
45
414
193
23
530
894
454
533
1051
72
1307
5
818
123
815
1249
113
30
140
887
134
580
453
312
515
1116
1049
624
388
10
836
867
519
101
1047
855
201
162
436
161
1063
529
736
636
908
61
646
552
415
137
526
866
416
70
407
65
384
200
429
1326
863
535
885
246
764
864
418
874
531
378
351
1304
748
786
645
37
52
852
292
455
1239
816
856
526
849
88
778
889
1039
740
141
565
400
196
90
848
871
8
847
29
227
344
731
312
846
759
890
845
198
160
126
774
96
813
844
1041
520
514
632
63
484
644
843
1080
99
494
615
79
14
842
393
111
749
841
522
3
520
291
131
433
677
2
670
674
671
678
388
807
23
6
1
3
6
1915
2
4
1145
2
1941
391
412
5
544
567
108
3
1427
2
3
110
300
1554
4
14
1
16
17
536
1391
1409
1356
1318
1091
1314
1779
178
790
816
1120
788
808
795
12
871
3
668
56
45
2
1301
528
789
801
858
799
1285
1092
5
782
877
1686
1311
783
625
1633
1546
784
785
186
786
1755
787
402
565
34
301
334
536
494
12
404
521
525
524
1
1452
915
1742
1381
273
883
1378
413
179
1
3
509
504
2
419
1224
1006
1231
683
1127
1
174
1132
1346
667
1
1096
6
7
388
455
606
503
67
1176
744
257
1
959
207
92
568
563
1322
1046
591
491
1
114
796
1153
551
138
209
172
183
883
331
232
216
217
836
1205
964
1325
215
218
788
219
1092
819
220
221
170
222
223
1046
363
1
3
363
1
4
339
3
610
2
15
16
10
1301
1352
1745
991
686
1637
1922
1176
1728
1508
586
12
1833
726
1040
994
1012
1007
113
1633
1635
792
387
1005
998
970
1740
1313
1834
1039
24
214
995
213
992
996
997
89
868
1323
509
120
512
1498
1306
702
1434
312
8
1105
850
450
849
447
1009
1207
1264
1097
1110
775
1020
1090
1140
552
106
1083
1085
771
1443
1348
768
1444
847
703
1170
723
433
911
615
554
1242
1174
466
1452
852
1419
364
617
244
844
684
1153
1441
324
1081
1485
1362
873
1061
1139
584
619
1314
1268
119
773
5
1448
1198
770
1056
645
1501
772
1233
657
108
1168
113
1102
1433
121
332
429
805
491
510
522
1011
680
427
1015
1514
1135
564
1169
1063
1438
677
1162
1410
359
1115
1157
717
1451
733
1437
559
924
1500
490
904
517
1126
1277
1221
1511
893
1217
612
1347
1490
1436
1435
876
960
381
1216
1048
1340
1075
1484
1477
123
1493
990
1406
245
1429
1044
732
2
583
556
1336
1159
636
366
356
1517
124
1070
900
1421
1339
282
192
823
1411
1287
208
1325
883
592
122
496
172
1401
1456
692
1442
1262
664
1463
1165
1141
1259
1302
987
1428
1099
1164
679
1113
1225
553
1420
109
535
1160
875
281
618
1045
1
1049
766
1460
1163
667
1510
1494
1426
1508
295
492
613
1412
1256
1425
767
4
1424
958
187
549
1512
137
571
638
1427
7
864
556
589
868
407
331
2
1
32
12
888
14
767
711
13
15
808
9
60
11
25
488
642
874
13
812
7
8
10
1
868
876
480
1446
1342
1237
6
41
1347
1561
452
1219
482
7
488
8
495
38
1797
1059
746
489
482
484
50
749
326
9
9
6
10
411
1
340
480
468
1315
99
1521
461
757
444
123
264
955
1175
577
213
1267
188
1538
42
8
29
461
1321
640
480
490
1190
290
121
387
1093
1097
925
165
933
13
517
384
348
191
1424
1
124
107
106
109
123
389
135
171
1121
958
52
125
50
538
55
37
121
318
1299
98
105
104
97
34
119
67
85
93
118
77
84
92
103
102
79
101
13
18
64
81
74
118
53
27
1
647
28
1731
1
3
62
411
713
1654
1592
194
1859
1875
1759
225
1
1191
1594
1937
343
1794
1314
499
54
90
1597
1550
1655
1745
1593
1613
1596
430
931
1599
1416
1181
432
1189
918
982
1275
1752
79
1803
45
810
1851
935
1098
51
1705
981
1078
1595
1598
1862
76
1730
2
5
1098
1606
2
1
1
1357
30
318
2
143
1
145
1790
1530
1767
192
1488
579
1481
232
557
1333
1468
1532
632
1487
1359
1496
1466
1535
1322
795
1762
128
206
1523
190
215
1498
1471
1516
549
1345
1517
1509
1510
1518
1292
1329
1491
783
245
1465
1511
195
1342
1512
1513
1497
1514
1387
562
1758
1307
1521
1522
1463
1786
1722
1494
1181
588
1531
1533
1165
1427
14
1667
1423
1526
1297
1527
1528
1529
479
1467
3
132
1399
1650
1536
1495
1464
1357
1492
1483
1365
1525
209
1537
1534
25
1446
1707
1538
1335
1726
1388
1
1369
1584
1697
1539
2
1540
64
1541
1485
1542
1543
1515
1114
4
155
1114
142
1194
155
107
143
24
1194
100
447
217
1115
105
2004
763
1113
1540
990
1119
694
600
306
593
682
804
1183
1062
858
691
7
899
2
1776
466
102
457
21
806
1705
1668
1242
464
9
433
502
305
1704
455
436
265
301
445
954
77
458
388
332
403
1331
485
461
295
306
2005
422
1292
1510
12
811
1432
463
456
1264
149
327
390
414
437
329
1931
2023
427
10
634
816
1819
1914
462
145
109
336
435
64
434
820
1768
447
37
54
412
974
431
449
454
57
2031
444
477
1
430
417
167
382
356
357
489
809
1372
1220
453
1244
460
429
810
1601
432
75
838
470
471
475
1175
448
1927
278
1207
441
1432
3
1328
326
336
706
232
1541
1559
1394
1
4
15
9
10
13
12
547
643
1761
230
397
1
149
245
1537
1542
1536
362
5
1539
1623
8
107
1087
172
561
241
636
1095
1115
1215
1110
1052
1108
90
71
1113
600
1114
41
535
1109
569
742
1111
698
1214
505
355
49
731
516
201
1116
211
1061
1
377
531
40
1112
874
316
151
818
436
1
11
239
340
1870
1712
6
385
137
706
355
145
252
254
1
746
389
121
560
295
114
410
38
414
176
1162
439
412
989
366
425
1381
463
408
407
415
312
413
328
411
871
1216
420
935
1359
848
468
398
1562
3
409
494
1834
873
1683
1632
845
1685
20
851
870
107
1160
6
3
1645
328
1510
850
1761
1296
1653
1290
4
848
1981
671
847
1331
846
129
1138
1302
1332
1340
1607
1426
1121
371
1137
1182
224
1322
1125
692
1320
1323
662
588
269
1318
807
3
1100
1081
1132
518
101
279
498
169
1117
574
1119
1131
495
1130
1118
1133
633
1111
1129
259
1022
1128
1127
1126
1889
121
1917
22
473
517
2
692
355
353
359
357
354
51
78
352
52
1008
680
366
356
153
351
358
409
761
978
1821
1444
1108
1861
190
1252
438
1443
1808
1547
1544
1565
1543
1540
241
1390
737
738
739
155
270
262
1222
1000
66
15
25
1539
248
159
741
166
873
960
815
743
635
410
1277
724
416
735
257
271
333
26
136
736
508
63
54
346
253
107
915
341
366
699
861
523
913
345
26
664
866
564
959
940
869
354
962
336
88
67
1849
24
751
899
742
746
1860
104
78
275
961
835
752
1325
744
393
1046
745
753
754
320
969
394
748
780
1693
793
425
1622
628
790
36
511
814
1858
764
30
3
504
154
572
874
412
1807
1868
1001
827
433
313
1932
1322
371
87
108
655
781
905
61
168
791
803
377
1320
862
269
865
1854
1861
281
740
792
1955
18
995
64
16
1606
83
401
1240
776
763
23
140
268
783
811
974
1326
784
777
14
785
761
786
768
787
2055
806
788
1017
1866
1026
461
1880
1847
1110
649
918
335
560
769
287
755
279
759
775
657
559
1863
150
762
853
923
875
863
1566
229
774
32
935
1987
767
804
288
749
1517
4
1321
2126
876
799
14
554
953
1193
4
71
240
407
71
41
265
61
270
288
185
273
589
3
600
616
313
1300
1299
1657
1221
3
200
1297
1812
1296
1303
844
58
1313
1304
171
1552
1302
1301
742
201
1592
92
1298
59
65
1876
733
29
1093
74
476
1358
339
10
2
143
95
410
188
184
1698
707
879
124
515
14
38
12
635
81
580
242
427
1027
100
116
206
1632
202
431
1462
1448
1080
1
51
56
760
770
1693
647
315
46
472
140
285
20
542
1635
336
33
34
695
131
69
554
154
220
70
163
326
314
355
47
291
151
483
734
1335
1622
787
484
301
475
1350
1618
72
295
485
501
73
1091
597
925
1468
600
208
92
31
256
553
280
1312
61
112
172
30
286
1852
1552
1264
22
725
1079
687
775
633
708
62
83
621
373
1486
107
497
458
130
394
278
286
889
1076
63
209
207
303
128
54
23
469
884
327
287
55
393
166
269
514
332
496
40
105
1712
318
503
445
672
1633
344
288
1620
370
17
624
149
1078
645
565
732
44
1682
114
108
165
75
34
24
607
1077
703
426
253
270
323
243
97
1380
487
254
208
504
264
488
25
584
60
337
45
118
434
244
638
252
35
798
564
520
1252
72
81
877
646
648
664
671
64
731
39
263
157
581
855
258
772
1424
11
150
26
433
471
261
106
710
43
321
1836
36
1564
167
532
311
295
156
41
477
747
1394
1586
746
493
290
907
211
586
505
211
518
60
649
506
179
432
1898
27
423
1879
840
1308
251
149
84
226
28
19
245
1541
562
42
85
1572
99
1414
200
292
87
219
1246
1176
104
217
1419
660
956
1418
1384
1420
1413
1414
10
1285
1417
1375
567
1334
548
32
198
1421
204
208
1071
1430
1560
9
1415
1416
1287
270
5
275
1
393
271
727
259
445
138
269
318
273
289
285
267
314
176
298
771
476
272
3
78
2
274
6
105
268
1018
1757
1539
1740
1544
1764
6
100
4
421
157
1873
3
4
26
398
600
152
151
1806
1739
155
1801
1032
153
1304
1356
1843
86
141
1054
263
154
137
124
1670
314
282
139
150
176
149
229
184
113
1608
157
165
171
185
869
758
156
1338
1
369
2
4
338
655
1730
2
1
17
575
1475
2
23
839
1057
6
1572
5
1277
1
4
1742
806
165
1054
318
469
3
75
74
1471
4
38
1
389
1325
187
1
1015
1331
1345
599
956
728
119
290
3
1013
855
423
1343
1318
1353
602
1274
1264
2
1000
521
1338
677
1023
324
622
869
1287
730
1330
661
873
486
1252
36
1223
686
600
1332
1341
870
603
1183
454
664
821
1326
1336
1340
1333
1334
1
485
2
1938
1476
3
1776
1779
1781
1778
1
154
1777
1773
1401
1390
288
1046
1780
559
1600
1775
1774
1056
7
172
792
326
920
1117
146
918
931
115
485
675
114
433
916
1046
850
938
532
1124
267
69
1160
827
1215
479
754
423
842
1212
750
446
756
933
1018
1273
323
1061
477
132
32
1255
1010
1115
377
986
832
248
776
863
917
853
893
465
51
135
440
921
809
1250
1050
355
1271
874
882
136
1
751
929
845
767
1107
869
813
619
353
674
658
281
400
757
185
704
776
462
313
999
487
956
632
735
226
69
942
740
834
1178
1031
1252
531
1001
763
1279
1289
140
329
173
249
752
1264
788
464
354
527
951
846
343
753
271
273
250
740
463
573
774
815
1088
1240
1243
172
858
1260
901
787
749
592
363
83
147
762
263
1237
246
565
416
4
1194
716
53
515
499
522
514
519
1099
136
972
884
1016
520
518
910
437
2
528
475
700
183
1488
426
479
69
166
1696
25
254
211
1541
673
1018
94
163
1063
5
41
675
379
273
1075
184
367
674
131
1089
248
851
3
886
133
692
806
712
1156
831
646
208
670
884
655
678
1125
818
148
751
449
677
325
1088
1057
823
725
262
778
417
719
289
605
412
308
934
255
693
672
792
488
671
1006
664
70
1001
164
1
35
676
117
667
151
769
330
2
281
64
283
605
158
432
59
122
144
460
66
71
397
240
546
429
225
63
309
239
76
62
221
131
60
61
244
3
1445
502
253
277
65
1242
458
139
1
67
512
1647
1
2
526
3
117
2
1
5
112
3
4
1215
1205
1640
1213
1214
1217
1219
1211
548
1216
228
1212
2078
1
1218
1
1098
651
1209
706
248
981
1016
1355
1
1511
1836
390
27
1748
1028
1179
1925
1024
913
1023
55
1022
689
1021
1011
1232
583
110
918
1008
1233
1638
748
1025
871
997
1743
589
47
1012
883
1020
1027
1463
767
734
262
13
1354
6
8
9
14
248
354
7
302
454
2
9
717
317
1305
1530
228
187
804
1317
1272
1
4
2
3
2
1
4
83
3
396
127
394
5
614
18
4
2
1
903
1224
8
215
1141
1294
2
1
459
1
2
5
4
3
1154
801
99
1129
1138
301
1131
252
1029
702
864
303
365
210
954
1117
211
692
81
636
130
1
257
194
209
566
345
197
296
30
208
919
752
259
207
344
728
383
205
204
460
323
513
1285
1024
1206
659
351
663
829
189
267
662
175
195
766
921
329
1
206
59
199
232
184
191
291
183
6
76
182
202
181
180
179
278
178
177
176
148
503
665
780
3
923
656
147
634
1330
1292
1489
1781
1339
1494
220
1309
1251
1324
552
1302
1717
1685
1815
1782
1465
237
754
1344
1317
55
1795
526
1712
1349
574
1469
1737
1347
900
1757
544
1424
1467
1819
1331
62
1323
196
576
126
1160
1413
1343
134
1326
1327
502
1329
1688
1434
324
161
315
55
1102
27
189
330
345
187
86
341
274
67
1152
272
1992
266
1787
1389
1891
277
188
130
1128
175
1
271
5
6
263
270
61
63
2
35
276
789
275
1439
1533
1
269
1669
4
1
2150
503
1376
1197
21
874
545
303
1390
549
393
576
1092
218
1625
1395
1624
1318
728
1642
1396
625
1401
1
2
1402
1245
1100
1567
839
1394
1393
1353
1392
1556
879
1647
1391
1389
817
1589
1021
1574
1646
1338
182
194
259
1
27
320
1
93
534
531
588
971
4
797
2
164
796
6
5
159
338
735
755
1070
670
729
772
731
736
260
844
750
848
496
70
728
734
802
78
776
193
1027
733
801
781
414
885
1090
504
860
263
730
732
3
117
908
967
968
317
964
118
3
1
372
466
31
4
2
3
1218
1
3
465
9
299
1087
66
190
479
69
66
68
524
1388
5
518
1171
1396
372
1505
1627
1138
1523
3
4
1
4
3
2
2
142
1910
459
864
353
939
1211
997
766
1516
1289
138
891
1384
1788
633
741
1558
1422
1149
1210
824
1769
1767
1787
675
977
1789
1764
971
1724
425
826
13
1368
889
1732
960
748
1433
1443
893
1715
1426
5
406
703
797
1717
1729
719
1765
1727
946
1785
1731
838
953
162
1546
1365
700
1730
699
1206
1388
1427
931
1448
231
1687
1042
705
210
786
698
594
1100
1264
1435
1641
1723
1112
1651
396
1726
7
1533
1385
1725
1205
1499
701
1784
315
1722
379
4
1
504
3
303
13
3
1
4
309
484
2
1
2
4
350
195
1149
235
3
861
104
860
149
1143
1
1699
2004
1707
166
1702
962
190
1471
1714
76
148
400
1713
409
1715
1532
1029
1463
1440
497
1446
1928
982
1678
154
7
1680
1595
303
1953
929
553
787
114
1708
1932
1635
181
200
1712
1709
1710
1553
1711
740
239
1520
164
79
1703
1533
2031
3
476
163
317
1639
18
32
188
577
1593
128
1326
1592
1594
1595
1596
1617
1598
1680
2
1642
429
260
35
1388
784
1599
1859
1641
98
1
1
1
543
1257
650
1216
34
194
127
12
89
5
297
415
1257
547
89
453
6
594
778
144
3
161
293
4
483
264
135
83
405
43
354
370
1
176
250
2
1463
8
1
1296
981
2
3
1336
3
4
841
712
2
1235
1571
1796
1904
221
1996
18
23
19
17
157
22
11
358
177
20
24
25
21
395
2
1802
1252
1674
1370
1874
917
1075
140
1871
1858
40
1878
1873
673
1746
83
1872
1876
162
1877
1879
7
229
1314
1657
27
1061
595
1568
1943
254
1797
130
79
322
306
317
315
313
320
307
6
312
314
305
319
56
44
316
355
290
320
3
1909
928
137
424
2
5
203
3
375
1
1
4
876
615
2
811
366
1
372
462
590
568
358
95
1228
1270
1192
699
1368
1276
1619
1203
1256
1616
1373
1304
1297
1596
1314
1298
1244
1261
1301
453
1528
27
1234
1306
1632
1267
1307
405
1308
485
1189
1309
1300
1292
1262
1239
1310
1294
1241
381
1295
1311
1199
1345
1564
352
144
1181
1312
181
617
1313
1320
241
37
506
1187
280
1338
1369
1371
5
1315
1299
1293
1318
1323
1324
406
1325
1527
1609
1326
1327
1319
1661
1321
1322
616
1296
150
937
1776
1672
266
1
3
705
2
7
214
2
43
318
1
3
153
254
346
1151
300
6
237
318
244
320
140
393
249
189
630
104
105
429
858
807
143
87
613
124
1255
202
251
346
136
125
426
138
61
142
76
774
139
304
652
103
340
674
135
8
908
803
1761
1143
478
724
487
730
872
487
87
729
1359
466
420
173
828
279
780
195
1159
52
8
516
722
567
726
1361
694
1167
105
239
300
465
1
281
1390
1170
5
904
1345
192
144
6
1
1318
1320
1325
1327
546
1301
31
259
6
951
7
1
817
379
696
3
580
2
180
5
85
3
1
2
33
1425
1791
1871
680
1818
133
94
1495
1714
228
681
648
230
1831
1414
1792
303
1794
1844
1528
1821
124
1865
580
1453
1569
84
79
72
1577
560
1807
1695
1518
1824
1886
1501
1563
107
1421
1823
96
1826
1483
656
1411
1522
1828
578
1767
1835
1836
583
1526
1789
1760
1837
1484
1820
577
1840
250
1858
1793
1847
1806
1841
1859
584
1850
1752
1643
1852
1704
135
281
1825
1553
1842
1853
1838
1855
712
1856
829
576
1845
1846
1670
978
1839
558
73
76
375
79
89
83
75
1
77
747
80
4
729
1700
29
121
924
969
899
901
904
8
4
6
29
231
508
228
529
476
6
395
100
671
670
1007
667
3
257
1619
52
638
168
1083
557
245
1
1182
3
1
407
364
2
1734
412
1
1
1
2
1
620
1104
619
130
253
75
248
254
592
570
247
521
246
155
697
214
1142
6
251
7
376
1146
207
634
249
823
868
782
1362
245
51
252
250
1
570
571
800
640
902
1216
118
432
153
574
431
4
266
569
76
568
576
106
472
476
874
534
955
698
613
724
575
604
924
52
964
223
53
78
264
733
572
951
1
2
3
4
12
1
619
14
6
1
1
252
1047
1054
373
1048
1046
1
1051
1049
1282
2
6
71
68
3
67
871
5
1732
1
5
3
533
1
1293
1299
1300
907
1312
1314
914
1315
1307
1022
1308
1291
1284
616
1526
1802
1816
1818
1949
1520
556
1815
101
1814
1807
861
1830
1780
559
1771
1801
1820
899
1589
1813
1812
51
1523
1706
1827
1809
670
1851
1793
1205
1792
1888
1967
1515
1885
1423
1895
1251
1704
942
18
1597
1782
1794
1429
720
1573
996
1947
1697
1517
1665
984
1077
67
1810
538
1155
1042
1876
1629
986
1709
30
936
1817
791
1594
604
866
967
752
1674
1237
62
742
770
1968
1493
21
1691
12
245
1675
1307
20
1047
928
273
1716
4
1602
1539
555
1500
554
897
1585
1160
255
539
1547
1606
1746
1712
31
1364
1884
1049
1135
1371
1624
1873
1113
88
919
1138
1287
1785
1413
553
1593
1202
1219
1292
1566
983
1552
1796
1952
1786
296
533
1795
1342
922
1784
1443
384
540
1806
990
1937
858
1647
1841
1887
1458
1778
1777
319
890
1200
1783
1570
748
1519
1776
221
813
1480
1775
1774
552
944
190
1569
1930
1447
10
1761
1913
1507
1235
185
2
1933
1925
1805
102
1435
1804
1717
1221
1767
1642
1769
557
1204
1935
1803
1768
1766
1403
1790
1228
1490
1168
128
1591
1231
833
1305
751
1111
1124
1765
1355
541
994
1928
1683
1945
158
1788
1659
1889
859
1021
87
1475
924
1045
1104
1571
1764
551
1209
1514
1811
248
1482
1923
1808
1513
1
215
5
118
326
243
250
251
617
245
255
247
166
683
981
1
1168
1232
695
1499
850
1453
535
244
22
168
291
593
738
31
3
6
5
267
1
874
264
1
3
70
1066
8
288
139
113
2021
2034
790
482
787
6
7
455
659
270
299
6
1
437
456
57
1574
7
2
1
1
1
169
1
72
1063
1728
6
1
2
6
1
5
698
3
313
92
419
1389
363
553
1341
1408
911
577
511
576
383
514
819
1386
1337
990
386
388
1413
1297
1054
1291
784
1399
1170
1410
515
1412
1339
1359
1407
1406
1070
1405
1167
751
1037
1401
1075
1394
977
964
217
3
769
1404
1402
1400
599
627
1
1
2
1
1230
627
556
2
769
272
245
178
250
1601
1595
1612
1600
1596
1605
1602
1603
1597
1669
4
594
1236
1713
1598
1748
1422
1599
851
1323
4
2
2
796
1
1
4
687
1128
1234
3
18
535
5
506
185
377
355
493
509
8
14
1223
1331
269
1330
1326
1
559
5
694
18
101
2047
391
6
258
876
563
860
248
320
285
210
330
5
1
314
1733
1641
1547
683
1583
624
1567
1647
938
633
697
973
228
286
298
1824
1568
11
1038
116
448
1600
612
5
23
1737
13
827
679
104
651
585
9
675
680
677
1570
144
344
678
43
635
671
672
1636
673
521
619
1571
1
1630
655
1569
1237
475
140
690
625
145
538
733
483
1042
1573
50
143
1572
349
1574
40
676
368
13
694
153
685
695
696
1575
535
689
691
546
692
113
693
674
5
1
4
3
180
2
6
3
2
1
1077
786
1000
2
3
3
2
4
1
13
1358
3
322
4
31
42
15
2
1
3
184
580
3
4
1
2
6
2
3
1
851
235
408
797
355
919
1152
180
839
43
20
186
907
179
934
767
181
183
849
240
184
178
1916
613
3
610
611
5
2
1
274
274
3
1636
1252
1473
1243
1244
1270
1312
61
1249
1246
847
202
1242
1666
396
1495
1247
525
1636
1
261
254
1016
255
256
257
253
7
370
100
206
1538
159
372
1618
357
341
2
1
57
1591
965
314
1844
1797
317
415
312
966
943
509
1112
347
159
315
848
253
660
316
371
88
753
341
84
308
920
787
338
1695
309
571
310
311
161
1076
68
206
471
209
989
683
179
73
565
682
602
211
283
924
667
210
205
208
911
207
212
214
213
1258
1112
684
760
458
694
7
501
15
14
9
5
117
190
1552
903
566
8
206
330
5
11
10
978
408
17
180
1316
16
463
549
1
12
215
237
892
522
887
890
889
1220
616
214
117
165
152
660
318
468
397
294
621
378
410
352
446
168
167
215
659
375
137
110
1517
10
164
16
368
638
182
163
629
406
1215
561
1411
114
276
189
790
211
1261
602
508
170
212
613
208
204
209
696
40
195
1715
611
169
75
362
932
5
931
939
80
936
934
1
65
155
544
1
3
1
1797
1544
1557
1551
278
1072
147
148
1678
1079
5
1077
1094
3
1827
293
1586
1684
896
453
27
26
29
47
25
32
33
1219
1
36
1653
453
1798
1701
33
229
211
8
1724
30
32
7
1625
2020
85
1971
1571
459
35
1696
1723
28
1996
29
1919
1859
1220
10
153
1
117
416
3
5
449
1
2
119
124
489
343
1
551
82
1
5
507
118
1121
190
151
7
73
80
490
458
430
1434
1830
386
1266
44
1606
43
492
1331
456
500
1079
444
523
491
1072
125
488
496
397
1602
1120
448
546
495
8
8
2
1193
345
530
440
3
567
313
1615
45
1
467
472
149
242
1
3
4
1
5
62
49
1729
698
136
138
139
137
378
140
141
262
1013
7
163
148
6
164
77
66
1361
6
2
1
902
1
963
2
8
555
314
1271
242
690
1571
690
694
214
691
383
616
692
4
92
141
2
1
1133
1735
1
51
1009
901
1011
1212
1006
790
858
625
1091
1
1395
1334
1356
1357
1088
687
420
3
1840
1806
1904
1916
2
849
1
951
481
789
2
518
643
424
219
390
1137
787
799
3
427
676
265
954
940
426
1190
192
6
603
29
796
693
27
108
726
352
334
2
3
1
1065
14
74
871
1
1952
634
464
1625
300
2
309
945
866
32
96
4
69
1
1
131
2
1006
1302
5
15
794
797
1109
796
860
1
784
861
791
795
1622
792
976
1080
1866
1377
728
1920
1
164
1
21
461
4
227
225
97
1
677
674
24
748
1097
2
2
961
46
2
237
93
187
450
837
582
766
770
149
745
338
742
764
741
502
2
740
243
1931
107
101
102
15
362
240
104
108
21
109
103
1
1522
105
106
1257
2
265
269
787
261
7
242
241
1
262
263
268
264
237
397
189
267
266
215
28
1
139
4
3
142
8
458
7
4
1
630
160
2
18
4
3
515
110
126
1
1
6
960
731
1
7
6
567
566
564
26
1682
582
108
362
27
1202
765
647
68
6
76
2
66
830
8
1398
156
135
78
42
1132
712
467
296
152
157
228
1136
1919
924
827
1914
511
155
159
979
287
740
1364
1363
405
1105
5
1385
3
510
1
291
244
602
442
912
274
1
1340
1
449
2150
511
1
2
3
6
73
84
554
5
1190
122
138
1
641
1
1753
894
813
810
168
529
140
8
381
219
251
138
2
404
1
15
1
1
6
844
1
414
223
1865
794
6
885
1074
900
223
612
35
1501
497
1
422
522
879
708
7
6
7
8
107
475
435
1066
896
1
7
1
2
5
6
954
1299
2
710
799
629
309
1068
1067
6
390
80
309
4
385
140
2191
106
311
2
138
648
4
340
1377
49
374
293
723
642
2
1
1
62
986
516
921
985
983
259
988
984
990
257
989
120
604
987
64
5
423
3
395
224
1
1
842
406
2
127
523
444
487
403
62
493
29
338
51
1711
6
382
871
5
6
1
2218
452
394
918
397
388
390
68
387
386
392
268
389
396
395
401
275
391
251
393
546
250
12
3
1
5
443
1
148
3
3
5
875
825
644
900
683
899
676
80
107
682
106
646
143
892
898
681
897
415
675
476
878
645
71
1
2
6
1
