1
1
67
68
69
70
340
1
2
251
341
591
1
2
3
4
5
6
7
85
8
86
9
10
11
12
13
14
15
16
17
18
19
20
21
22
23
24
25
26
27
28
29
30
31
32
33
34
35
36
37
38
518
39
519
520
592
593
1
250
7
914
7
8
9
10
317
11
12
13
667
14
15
16
157
1
2
3
4
5
675
759
760
761
676
677
678
762
679
680
681
763
1009
1014
1
2
1015
1016
3
1255
765
5
6
170
666
84
7
171
172
173
174
175
9
176
178
179
181
182
11
183
184
44
12
185
1588
186
3677
3354
13
767
3543
14
15
16
18
19
21
22
23
24
26
27
45
29
30
32
33
34
36
37
187
574
573
329
255
46
1017
352
1018
1019
1008
38
47
256
257
3545
3546
48
49
3433
50
51
1020
449
88
52
3435
53
89
3364
450
90
54
91
55
673
674
758
628
1
432
2
1030
3
4
5
94
1671
5869
193
1840
1672
1501
1673
169
666
667
83
260
627
626
625
624
622
620
619
618
615
613
611
610
609
608
607
606
605
604
603
602
6
601
600
599
598
597
596
1678
1674
1675
1676
95
96
97
595
98
84
99
100
101
659
651
594
593
592
170
171
172
173
7
174
8
177
178
9
180
181
10
189
190
182
195
183
43
11
191
192
184
1587
185
213
3676
56
12
1611
1504
665
264
471
536
5867
5906
5929
565
564
563
562
561
560
1612
1613
1615
1616
1617
1618
1619
1621
13
14
15
16
17
18
19
20
21
22
23
25
57
26
27
44
28
29
30
31
32
33
34
35
36
186
197
1031
5027
5031
664
359
409
5908
5868
330
254
45
559
41
42
37
46
1658
39
478
194
255
265
4105
266
256
47
408
535
558
3174
470
48
407
406
270
469
62
1761
405
5032
8192
8194
557
63
104
556
468
105
1622
36
467
454
1008
187
4839
5125
5901
4884
1055
38
431
1014
1
1029
346
3
4
5
171
6
7
8
9
42
10
55
11
535
12
13
14
15
16
17
18
19
20
21
23
25
26
43
27
28
30
31
32
33
34
35
44
41
45
46
399
47
453
109
1007
1092
104
1028
106
401
1102
2
3
81
3521
258
4
82
5
6
190
10
262
1614
12
13
14
15
16
17
18
19
23
24
25
42
29
30
31
32
34
332
252
67
35
44
253
263
264
254
165
163
161
159
157
154
45
399
152
410
706
419
533
68
142
1107
1006
1091
1
2
91
1668
5866
190
1837
1669
1498
1670
166
669
670
80
1005
1027
1
90
671
79
2
80
3
4
5
6
7
8
9
10
11
12
13
14
15
16
17
18
19
20
21
22
23
40
24
25
26
27
28
29
30
31
32
41
37
33
42
89
672
78
620
1
79
2
3
4
5
6
7
8
9
10
11
12
13
14
15
16
17
18
19
20
52
21
22
39
23
24
25
26
27
28
29
30
31
11
1595
1591
1592
1593
12
13
14
678
1
16
17
18
742
676
89
76
181
68
413
171
172
182
491
489
21
925
1418
1588
1589
1590
947
86
750
634
633
632
631
630
628
626
625
624
621
620
619
617
616
615
614
613
612
611
610
609
608
33
607
606
605
604
603
602
657
598
2
3
4
5
6
7
8
9
10
11
12
13
14
15
16
17
18
19
20
21
38
22
23
24
25
26
27
28
29
30
39
35
36
31
40
42
672
11
483
88
77
100
3257
65
69
102
3444
3446
3275
3448
3451
3258
481
492
21
66
67
68
4
3438
3439
3467
85
751
32
1976
167
1
168
2
173
174
3
181
182
183
175
188
36
4
185
177
178
6
7
8
9
10
11
12
13
14
15
16
17
18
19
20
37
21
24
25
26
27
29
179
319
38
34
30
39
248
258
249
224
189
66
61
415
532
425
1001
163
165
166
31
167
169
170
1
172
173
2
180
181
182
174
187
175
35
3
183
184
176
1579
177
205
3668
4
1603
1496
3715
5
6
7
8
9
10
11
12
13
14
15
16
17
18
19
36
20
21
22
23
24
25
26
27
28
178
224
189
284
37
33
34
29
38
186
223
1754
66
424
1000
161
675
162
163
164
165
166
30
171
172
1
179
180
181
173
186
174
34
2
183
175
176
4
5
6
7
8
9
10
11
12
14
15
16
17
18
35
19
20
21
22
23
24
25
27
177
223
283
36
32
28
37
222
187
64
59
230
999
178
161
162
163
164
165
166
29
178
179
180
172
185
173
33
1
181
182
174
175
203
2
3713
3
4
5
6
7
8
9
10
11
12
13
14
15
16
17
34
18
19
20
21
22
23
24
25
26
176
222
187
282
35
31
27
36
38
65
66
67
68
4159
69
70
422
998
177
250
159
677
160
161
162
163
164
167
168
170
171
670
174
202
5918
2
3
4
5
6
7
8
9
12
13
14
16
33
19
20
21
22
23
24
25
175
30
26
35
997
176
249
177
178
678
159
160
161
162
163
164
166
167
169
170
171
172
32
1
2
3
5
6
8
9
10
11
13
14
32
16
17
19
20
21
24
30
25
34
36
1270
31
1
2
3
4
5
6
7
8
9
10
11
12
13
14
31
15
16
17
19
20
21
22
23
89
32
28
29
24
33
90
410
1027
254
291
255
45
1030
46
419
30
1
2
3
4
5
6
7
8
9
10
11
12
13
30
14
15
16
17
18
19
21
22
31
27
28
23
32
34
29
521
1
2
3
4
5
6
7
8
9
10
11
12
29
13
14
15
16
17
18
19
20
21
30
26
27
22
31
32
53
33
439
417
3343
177
28
1572
3661
23
1
2
3
5
6
7
8
9
10
11
12
13
16
18
20
29
25
30
215
52
1
2
3
4
5
6
7
8
9
10
27
11
12
13
14
15
16
17
18
19
28
25
20
29
31
26
21
518
1
2
3
4
5
6
7
8
9
26
10
11
12
13
14
15
16
17
18
27
24
19
28
29
30
436
20
1
2
3
4
5
6
7
8
25
9
10
11
12
13
14
15
16
17
26
22
18
27
212
49
1
2
3
4
5
6
7
24
8
9
10
11
13
14
15
16
25
21
22
17
26
23
1
2
3
4
5
6
23
7
8
9
10
11
12
13
14
15
21
16
25
3352
411
167
168
22
17
1
2
3
5
22
6
7
9
10
11
12
14
23
19
20
15
24
21
1
2
3
4
21
5
6
7
8
9
10
11
12
13
22
329
330
18
19
14
23
331
332
396
333
37
324
325
326
409
985
354
1007
20
1
2
3
20
4
5
6
7
8
9
10
11
12
17
13
22
207
44
1
2
19
3
4
5
6
7
8
9
10
11
20
16
17
12
21
13
1
2
3
4
5
6
7
8
9
10
19
16
11
12
17
1
2
3
4
5
6
7
8
9
18
10
19
204
41
34
320
321
405
981
1003
16
1
3
4
5
6
8
1397
17
13
14
9
18
1463
1398
242
1399
1400
1401
1402
1403
1404
1405
1406
1407
1408
1409
1410
36
985
15
15
10
2
3
4
5
7
297
16
12
13
8
17
19
403
14
14
1
3
4
5
6
360
109
11
12
7
16
317
7127
13
2
3
4
5
14
10
11
6
15
2
4
13
9
10
14
11
317
11
6
369
367
3312
5179
1
2
3
363
356
12
8
9
4
13
199
32
10
5
1
2
11
7
3
12
197
39
34
32
9
1
6
2
11
397
8
5
6
1
10
7
875
874
873
540
469
899
19
926
33
1
34
35
36
2
38
21
22
144
58
59
60
23
24
84
492
514
4368
2697
7
4
5
9
470
539
33
34
35
1
37
20
21
57
58
59
22
23
32
85
491
538
31
34
213
55
312
75
42
76
31
56
74
224
906
29
30
31
238
903
20
237
902
236
709
901
247
33
822
246
161
26
241
240
709
56
1
2
5
6
45
44
7
8
9
85
746
30
6782
6810
668
708
55
107
1
178
142
2
45
141
3
4
659
46
6
7
71
8
47
48
49
50
51
84
660
745
682
29
707
1
32
34
35
36
3
196
4
5
6
70
51
115
83
659
744
681
28
5
1
2
3
657
4
5
69
27
923
1
2
656
304
3073
10
81
2
3
67
4
80
656
25
678
703
654
19
11
1
2
66
3
10
9
79
9
10
11
12
6
7
8
1
65
23
64
22
63
21
624
8
583
23
29
389
1184
28
3256
74
75
385
22
29
3252
30
16
17
4
20
4
31
32
33
34
107
108
35
36
3275
37
38
39
40
41
42
43
576
661
55
3262
3268
6
47
48
76
1
2
2
2
1
21
29
30
22
31
32
33
23
3631
10
9
1
2
1
77
78
2
3
4
5
6
7
8
1
2
48
57
821
84
85
86
6
87
7
244
22
1
89
663
4861
664
493
665
839
1674
1675
4956
748
50
247
666
667
668
838
837
836
835
834
833
831
830
828
827
820
819
818
826
825
965
817
816
824
579
823
2668
603
496
51
4950
604
605
606
607
608
609
610
611
612
613
822
23
746
745
24
751
346
754
8
10
625
52
53
54
474
55
56
302
301
650
814
3097
7867
812
25
473
26
27
753
614
2165
57
59
60
48
471
470
636
754
2676
28
47
29
30
31
33
69
60
59
58
34
92
1540
1541
810
56
739
469
468
2167
2168
2169
1499
2170
44
2171
43
3458
2172
1500
36
2173
2174
1501
1749
1518
248
153
47
88
141
49
665
50
7
9
51
52
53
813
24
26
58
59
28
29
68
33
91
1539
44
718
3
1540
1748
5018
84
85
86
87
21
1517
245
5
1
1
2
3
4
1
3
4
1
4
5
6
7
1
3
4
2
6
4
3
18
74
73
72
19
71
36
1
23
50
761
7
58
1
1
19
10
45
62
56
46
47
21
9
3147
22
8
23
63
42
64
7
6
663
53
44
11
1
1
40
1
85
2
86
180
87
88
3
4
5
89
6
7
8
90
84
1
85
179
86
87
2
3
4
88
5
6
7
89
180
83
1
95
2
3
82
81
80
4
79
78
5
97
98
6
183
7
8
9
10
11
12
76
13
14
15
99
75
100
84
178
85
86
1
3
87
4
5
6
88
89
12
95
7
97
13
14
1
2
83
82
81
80
79
78
4
6
15
16
8
17
18
19
20
703
93
92
177
175
91
173
172
9
2
10
11
73
12
13
14
3
88
88
87
15
4
16
1
1
84
83
82
2
81
80
79
3
20
4
21
5
6
14
22
23
24
25
26
15
27
7
28
29
30
31
32
16
33
34
17
35
36
9
10
78
11
12
13
72
71
70
37
38
69
85
84
83
1
82
81
2
94
19
105
95
1997
69
3
5267
180
7765
5519
4955
332
20
333
334
254
335
4
336
270
337
38
193
5
13
21
22
23
24
39
25
14
26
6
7
112
27
28
40
29
30
31
15
33
16
34
35
8
5269
9
79
5198
10
11
12
96
41
42
113
73
78
114
68
97
115
1170
116
43
67
117
66
65
64
338
339
63
62
1
2
86
3
4
5
87
186
179
187
188
104
189
191
180
279
11
123
280
94
192
6
96
281
282
283
284
24
12
13
1
2
3
4
86
84
1
3
85
177
86
263
87
89
91
92
93
94
95
124
10
11
23
24
25
82
81
1
93
18
70
2
179
19
3
37
4
12
20
21
22
23
24
13
25
6
26
27
28
29
30
43
14
31
32
15
16
33
34
7
8
80
9
11
40
74
73
44
72
58
57
1
2
84
1
83
175
84
261
7
90
92
122
8
9
82
174
83
260
84
273
85
86
87
95
88
89
1
90
91
92
7
196
92
17
93
57
71
1
330
18
2
36
3
11
19
20
21
22
23
12
24
4
5
110
25
26
27
28
29
42
13
30
31
14
15
32
33
6
116
7
81
8
9
10
39
75
74
43
70
73
91
114
59
58
44
88
7
8
9
75
10
11
12
1
131
86
90
56
132
85
13
2
14
166
133
134
6
7
8
76
9
10
11
92
75
91
82
70
81
17
64
36
87
34
2687
35
23
36
12
1
13
18
37
38
19
449
20
39
222
114
40
41
42
43
44
45
46
47
48
49
50
16
72
177
209
191
117
17
1
35
223
2
10
53
18
19
20
21
36
22
11
23
3
109
25
26
27
28
12
29
30
13
56
31
32
5
6
82
7
8
9
38
60
76
75
130
74
112
210
211
49
55
76
75
74
56
32
14
254
171
252
58
38
39
34
98
15
101
102
16
1993
5263
5515
328
329
330
331
332
266
333
5200
491
34
1
9
17
18
19
20
21
10
22
2
108
23
24
36
53
25
27
11
54
29
12
47
30
31
4
56
125
126
114
5265
5
127
103
83
5194
6
7
8
205
92
104
37
57
38
109
14
15
33
188
189
221
235
8
51
16
17
18
19
34
20
9
21
1
2
22
23
52
24
25
26
39
10
27
53
28
11
12
54
29
30
3
55
190
6
103
36
56
57
58
192
194
66
78
229
7
8
13
14
15
16
17
18
19
20
32
106
21
22
34
23
24
25
9
26
27
10
28
29
11
6
7
12
13
14
15
16
17
18
19
31
20
21
22
23
24
25
26
9
44
27
28
1
86
35
5
6
7
8
9
11
12
13
14
15
16
18
19
20
21
22
23
24
25
26
27
31
32
36
48
49
50
52
110
1
87
2
4
33
53
88
1
2
3
82
81
90
89
90
91
175
6
7
2
3
4
1
2
1
84
83
6
77
9
10
11
58
12
36
3384
8012
8013
37
11
39
40
41
27
66
1
2
4
5
68
6
69
70
71
1743
5013
79
134
81
1
82
16
83
136
4950
241
4944
2
3
4
946
33
5
34
35
735
732
36
37
38
41
78
15
612
731
751
479
1
2
3
66
624
1413
480
539
538
24
1671
1332
18
3353
861
3382
836
1
2
3
4
5
6
8
9
11
12
13
14
22
16
3172
3184
17
3359
3361
3190
3363
3366
3368
40
41
1693
42
39
860
2507
2168
854
2338
6536
2339
1
6946
1697
6631
41
42
43
45
47
48
49
52
53
54
56
57
58
59
60
62
63
64
65
66
67
68
69
70
71
2345
2341
2342
2343
762
763
764
72
766
767
768
8
16
73
75
837
838
839
840
841
842
844
845
847
848
849
862
850
710
2254
852
880
2278
2171
2
105
2279
2280
2281
2282
2283
2285
2286
2287
853
2021
2325
922
259
6605
12
3841
261
771
2289
195
17
1
2
3
4
36
5
7
8
10
11
18
19
20
12
25
13
127
21
22
14
1417
15
43
16
2
3
4
6
7
9
10
17
18
19
11
24
12
128
21
13
14
42
15
26
1
2
3
5
8
16
18
10
23
129
19
20
12
1415
13
14
154
22
55
83
1828
93
3933
14
1
2
4
5
7
8
15
16
17
9
22
10
130
18
19
11
12
13
21
154
155
55
56
57
13
1
3
4
6
7
14
15
16
8
21
9
131
17
18
10
1413
11
90
362
12
12
2
3
5
6
13
15
7
20
8
16
17
9
10
38
473
58
59
138
10
1
3
4
5
18
6
134
14
1410
8
9
507
58
455
59
1
60
9
2
3
4
5
7
8
278
277
60
7
1
8
9
10
2
15
3
137
11
12
4
5
33
6
17
60
61
62
63
64
65
6
79
7
8
9
1
14
2
138
10
11
3
4
5
16
13
74
3952
148
65
5
6
7
8
13
1
139
9
10
2
3
31
4
58
59
62
63
12
4
5
6
7
9
1
2
3
65
208
144
145
146
147
149
141
142
1573
1
143
2
3
38
4
5
11
4
5
6
1
352
2
65
12
55
592
49
66
1327
2102
2089
2131
24
1323
25
26
27
28
29
31
32
34
1333
175
10
3
4
5
7
28
1
12
107
2175
3416
13
24
39
40
41
42
43
44
45
46
75
2065
3412
2060
4006
3422
3411
1915
2425
77
78
1914
185
11
459
1260
242
14
187
9
13
28
2
52
1
41
12
39
40
442
476
76
83
3
191
192
13
7
1867
1866
1864
1862
3770
475
6
1776
53
1860
14
54
55
56
567
582
8
4
5
169
170
12
198
362
1075
1420
74
1080
1930
656
23
189
551
913
190
1263
6
5516
75
181
4
182
183
184
3
16
724
183
1449
35
191
150
311
2667
34
33
32
31
30
38
2301
166
184
20
1587
4083
115
1
3
2
2
594
9
1
2
3
4
5
6
27
1
5601
32
22
23
24
25
1753
46
17
7
584
565
375
26
27
20
22
3706
6
594
3689
3692
4339
3671
3711
933
1
11
2
4066
4067
9067
4182
3880
82
83
257
3681
1382
6
62
1362
776
3906
4
3
1
134
6
1
2
617
44
65
45
46
482
47
48
1609
40
41
42
43
2415
658
595
14
1
949
30
2
16
31
32
15
738
42
63
43
44
484
45
46
50
1
1611
38
39
40
41
2413
656
12
2
5
4
10
1
16
17
74
18
19
9
5
8
9
10
22
25
27
3854
168
1
12
112
13
14
69
6412
199
31
186
1
182
21
203
202
7
11
30
22
204
34
407
490
63
491
489
406
400
72
8
124
1
24
51
21
62
375
53
54
6
1
3
54
10
1
13
24
480
1
51
1
2
29
1
43
8
9
10
11
26
12
1
13
99
14
15
27
44
16
17
18
31
2
19
45
20
3
38
4
46
21
22
47
6
7
25
12
13
14
26
43
15
17
30
1
18
44
19
2
37
3
20
21
46
47
5
6
7
8
9
10
11
24
18
1
19
20
27
100
101
324
4
5
6
8
9
10
11
12
13
14
15
16
35
1
43
18
19
44
25
45
46
47
3
4
5
6
7
8
9
10
11
12
13
14
15
16
17
22
23
24
28
42
17
18
2
3
4
5
6
7
8
9
10
11
12
13
14
15
16
21
23
27
1
2
82
3
4
5
1
83
2
3
4
64
5
6
84
1
2
3
4
85
86
87
1
19
37
2
3
4
5
20
6
7
8
9
21
38
10
11
12
25
39
14
40
15
16
41
88
89
22
42
43
44
45
46
1
2
3
17
18
1
2
3
18
19
20
21
22
23
1
2
15
16
1
4057
36
1
2
3
4
19
5
6
7
8
20
37
9
10
11
24
12
38
13
39
14
40
111
21
41
93
47
48
49
50
51
1
2
3
18
4
5
6
7
19
36
9
10
23
11
37
12
13
14
39
20
40
41
42
17
35
1
2
17
3
4
5
6
35
7
8
9
22
10
36
11
37
12
13
38
19
39
40
41
16
34
1
16
2
3
4
5
17
34
6
7
8
21
9
35
10
36
11
12
37
18
38
39
40
15
33
15
1
2
3
4
16
33
5
6
7
20
8
34
9
27
35
10
11
36
17
37
38
39
14
32
1
2
3
15
32
4
5
6
19
7
33
8
9
10
35
36
112
113
31
13
14
31
95
1
2
14
31
3
4
5
18
6
32
7
33
8
9
34
15
35
36
37
12
13
30
1
13
30
2
3
17
5
31
6
32
7
8
33
14
34
35
36
11
12
29
12
29
1
2
3
16
4
30
5
23
31
6
7
32
13
33
34
35
10
11
28
1
2
15
3
29
4
22
30
5
6
31
12
32
33
34
9
10
11
27
28
1
14
2
28
3
29
4
5
30
11
31
32
33
8
9
10
26
27
1
27
2
28
3
4
29
10
30
31
32
7
8
25
26
1
19
27
9
29
31
8
24
25
26
1
2
27
8
28
29
30
5
6
7
11
23
24
25
1
26
7
27
28
29
30
4
5
6
10
22
23
24
25
16
25
6
26
27
28
3
4
5
9
21
22
23
24
14
15
63
3
231
26
30
3270
29
27
28
29
30
223
14
3522
1403
1664
1663
1662
1661
1727
1660
1607
3272
1451
28
1099
78
126
27
16
31
32
33
719
26
118
34
25
1404
35
36
37
224
38
39
40
41
42
43
44
45
46
47
3400
25
48
49
50
51
52
53
54
55
56
57
733
134
36
13
343
5
8
4935
5147
292
4934
4933
4932
4931
4930
4877
6686
2
866
48
18
19
20
21
49
50
51
22
23
3
52
32
785
1041
526
555
556
356
53
54
55
56
333
335
337
503
907
58
3565
2596
1
2
3
84
250
4
6077
85
95
5
6
7
8
20
21
6076
6075
61
9
10
249
11
12
13
14
15
16
17
23
18
248
19
6078
5187
1113
5185
5182
315
6938
6930
350
321
31
900
882
20
23
9
344
40
1239
32
33
27
41
66
42
461
85
79
81
248
13
148
16
17
18
28
29
850
617
851
30
4623
4835
24
20
1
2
3
62
5
4872
4866
218
37
1
8
2
9
987
3
816
986
10
1000
63
638
4
985
57
1492
690
11
984
4810
213
1
2
64
3
4870
161
4935
4864
1
65
2
55
3410
3374
13
215
1
54
4933
181
751
14
15
769
26
27
67
641
837
642
471
643
4934
770
28
225
648
644
645
646
581
474
29
4928
2
324
30
31
32
496
33
34
834
3
5
35
38
6
7
8
9
11
47
12
70
1496
21
22
23
9
188
202
18
2
19
6
21
22
3
23
35
36
37
24
25
159
178
189
38
179
180
181
182
183
176
39
186
40
156
187
196
33
47
4
6
41
18
19
20
21
2
22
23
24
17
5
17
4
18
19
20
1
21
22
23
5438
44
16
4723
10
4879
4902
5411
5410
20
4
5
6
5078
10
21
22
101
100
15
18
2
13
18
26
18
19
31
1
23
24
25
32
33
34
35
6339
55
28
58
53
54
55
1
52
53
54
35
1
2
3
4
5
22
33
34
44
30
18
14
1
2
3
4
11
10
9
1
3
43
1
2
29
1
13
41
27
1
7
4
5
6
7
8
9
20
229
1
2220
2
2218
93
3
4
771
325
5
6
3402
7
2217
2312
8
9
94
2054
10
95
11
12
2216
13
14
15
16
96
17
18
19
20
21
22
3401
3400
3399
23
24
25
26
97
27
28
29
2215
2214
32
33
34
35
36
37
38
39
40
41
42
43
59
49
50
51
64
65
66
67
68
69
70
45
46
47
50
51
59
61
5
18
21
98
8482
25
26
27
28
9
2053
8675
3057
3070
2287
29
30
2088
2210
193
535
2990
2883
2984
212
273
7398
1784
536
274
1151
194
31
2870
32
537
122
275
123
1891
276
124
277
278
195
125
196
33
126
34
35
197
36
127
198
199
519
7397
37
128
38
200
39
383
201
40
129
130
202
131
132
279
280
41
42
43
14
44
45
46
47
48
49
281
133
50
51
52
53
609
54
134
55
56
135
282
57
283
58
59
60
136
61
8671
63
64
65
7396
137
119
121
454
54
56
12
13
57
58
55
58
59
60
61
62
63
6689
5
10
60
905
22
23
25
177
274
33
181
49
28
6
2
35
164
1
15
2
16
17
18
19
20
21
172
343
278
43
46
48
46
47
48
49
22
23
24
13
6947
335
77
18
10
94
70
257
5
158
256
6
157
7
8
86
10
16
20
20
21
24
9
8
63
66
67
41
40
8
7
6
5
4
28
29
30
27
1
45
46
44
44
45
43
37
1
2
36
1
35
49
50
345
51
52
339
50
54
68
53
51
44
29
1
2
3
4
5
6
7
8
9
1403
10
2
137
10
11
12
13
69
70
71
72
14
1
2
3
4
6
12
1
2
3
5
1
2
1
3
2
1
23
21
20
19
20
21
2
3
4
5
6
7
51
50
41
22
49
48
38
147
148
149
180
5202
390
431
1448
150
206
260
430
1361
157
5071
8
2119
121
122
123
124
125
328
429
203
126
7
3120
204
205
127
380
446
546
389
156
3189
14
1
2
33
1
32
5350
27
25
24
23
31
35
1
28
27
15
46
26
47
25
48
49
7
148
111
3339
204
55
59
29
1
44
45
46
210
1
53
209
5433
3572
52
63
65
208
33
37
32
31
30
29
28
27
26
25
35
1
1
22
21
20
19
17
15
14
13
12
263
1
99
2
98
3
97
164
165
166
1
2
167
168
267
169
163
329
330
170
3
171
172
173
174
175
176
417
96
97
98
99
64
162
4
100
63
62
5
101
1506
61
102
6
7
8
60
103
177
178
179
478
9
10
104
11
12
105
13
14
108
110
15
180
429
16
17
18
181
19
20
268
158
182
111
817
21
22
112
183
184
23
24
25
269
58
26
262
166
6
258
7
8
9
10
11
12
13
167
14
15
16
1
2
3500
163
3
4
103
327
165
6
21
7
8
9
22
10
11
23
12
253
24
843
68
65
51
228
326
227
226
159
63
50
117
928
118
119
62
156
224
221
220
13
14
173
15
929
3501
930
60
152
59
54
812
16
17
1482
1481
321
104
25
26
27
143
52
19
105
120
1480
1479
28
20
21
1
102
4
164
5
20
8
21
9
23
122
12
172
14
15
16
173
22
1
769
1889
2
3
163
164
4
19
5
6
20
8
9
21
10
251
22
535
536
328
66
926
2809
770
51
1068
123
50
12
171
27
981
4513
5087
14
15
173
932
174
49
771
270
175
28
23
24
842
29
25
48
30
3500
31
389
176
32
33
34
35
36
37
38
39
39
1
40
41
861
164
184
173
96
42
163
100
5
7
43
11
13
107
428
15
16
158
44
23
38
39
40
166
297
1
44
3
63
5
45
269
6
12
14
15
274
1
3
5
6
21
10
26
54
29
55
53
676
677
694
99
680
1
322
124
2
131
165
17
38
40
42
3
122
4
129
102
44
5
125
18
6
7
45
130
19
8
46
249
48
702
724
98
25
97
80
727
38
283
4
290
90
87
9
10
741
70
28
29
597
598
603
604
625
1
723
11
12
333
348
349
1236
262
276
99
1
282
100
101
168
264
1343
277
102
265
210
171
103
266
107
283
1256
14
15
16
17
18
19
20
21
22
24
267
175
268
177
273
592
201
28
108
6
109
605
5
275
187
188
13
29
30
31
33
20
21
1
156
154
23
24
25
26
27
10
9
28
11
29
30
12
31
32
33
34
35
36
37
38
39
40
41
18
7
23
24
25
26
16
8
27
55
56
10
57
28
43
17
20
15
1
2
3
16
4
5
6
18
232
230
8
167
9
23
158
10
224
20
139
838
25
26
13
197
27
296
182
4
268
9
11
177
273
274
310
54
55
1
3
4
103
22
168
26
1
14
3
4
554
5
6
165
7
62
157
8
9
18
10
24
25
52
13
2
3
52
53
387
166
45
5
164
530
7
220
17
54
55
23
10
282
284
285
169
56
12
128
13
336
71
115
3
4
5
162
822
6
7
16
834
22
57
256
12
1
2
3
162
18
5
21
57
58
12
59
2
3
17
4
5
60
93
10
11
50
36
1
2
17
91
5
6
88
7
40
32
574
86
41
8
85
84
9
83
82
42
12
1
1496
2
16
42
54
161
259
93
22
3
160
43
159
92
4
1603
17
15
3
90
331
43
44
5
98
1
178
166
72
76
43
44
45
46
176
47
48
177
685
205
166
99
100
263
1254
264
711
687
688
40
738
3
209
341
43
13
14
16
45
46
58
18
19
59
20
21
23
172
272
185
60
61
348
754
97
10
12
19
1
14
2
3
836
15
16
5
8
329
17
18
12
51
13
835
602
1
164
177
3
75
48
8
16
9
1337
163
1444
164
70
5
6
74
172
491
47
48
7
15
49
95
8
504
109
2
1147
61
7
12
62
63
38
39
1607
1
94
54
93
3
89
4
87
7
9
328
85
33
84
11
78
52
387
12
1645
107
1620
1608
1514
399
65
62
66
63
67
68
64
1619
34
69
1
7
31
37
38
18
2
89
8
41
9
23
10
22
11
12
1
41
265
2
1075
94
424
181
1
670
723
668
17
485
5
7
8
31
9
10
11
671
16
15
672
14
13
12
1077
68
96
5
6
102
421
135
30
8
9
136
166
104
12
16
17
106
163
3
25
24
23
22
4
21
20
60
15
14
1
40
160
2
16
9
11
30
15
2
3
161
12
4
830
17
13
18
91
19
54
7
14
328
327
326
167
1
39
7
547
28
490
493
27
19
6831
1089
30
10
43
45
46
221
60
1
5
34
35
2
57
417
4
5
27
67
59
66
100
667
59
60
61
3
5
39
7
1119
61
29
1
24
2
3
4
831
181
23
2
36
4
198
302
29
28
4
32
165
23
1
53
2
12
13
3
99
134
112
1
96
88
2
3
89
90
91
6
7
66
7282
17
285
7
13
16
3
315
30
6870
126
51
140
26
30
21
1
834
25
20
445
419
453
17
18
412
26
28
129
30
158
5
100
156
12
167
7
6
45
1
16
4
5
21
51
52
271
6
36
35
325
60
70
8
7
170
146
2
24
36
44
20
22
23
29
30
31
32
33
242
159
34
35
36
37
1
209
38
39
40
41
42
43
29
594
6
7
28
225
1
6
23
84
23
458
27
18
17
16
758
26
37
3
4
320
39
40
16
1
11
1
91
196
246
244
22
23
8
11
13
15
16
18
19
21
23
24
25
26
27
28
29
30
31
32
33
34
35
3367
3366
2572
36
3381
51
1
3318
52
3474
53
54
55
56
57
58
59
60
61
114
1
142
71
5645
8
5397
5644
72
153
5
44
524
3
272
275
49
33
50
8
3
7
8
9
11
13
21
22
52
144
24
30
31
32
6967
632
41
43
45
2851
29
16
35
36
75
35
28
795
809
156
977
976
13
12
902
974
37
59
11
1749
10
8
7
157
15
37
74
35
14
3075
36
27
26
25
24
5
3
144
2
49
3
38
5
12
13
15
2508
7946
19
1269
1214
20
21
22
50
2571
2585
1
2621
14
43
5
8
22
49
3541
3542
3200
53
3
7
2
29
1
19
26
27
28
29
30
818
2
31
135
43
42
118
41
2315
32
4033
2538
40
1044
39
38
626
2717
32
35
1
26
28
29
30
1298
37
39
23
24
31
34
154
587
28
586
39
40
41
42
235
23
3191
3192
3193
3194
3195
3196
3140
2484
29
206
28
27
164
194
193
210
168
26
25
715
24
23
8
22
21
20
192
19
17
202
16
15
14
201
13
12
209
44
208
11
207
200
195
111
2467
205
3968
204
10
716
3517
5316
967
301
1618
18
821
7
8
9
25
26
10
11
12
1838
27
1017
4698
1
822
1009
3
3551
3681
1018
28
34
8
13
10
28
27
17
24
19
931
1
2
5
6
7
12
146
134
28
26
815
3977
1953
4013
3705
4000
18
20
48
933
3
20
19
18
17
18
19
25
570
574
4
38
39
40
7
1
20
144
3
11
1042
38
52
8
18
19
2
60
9
10
12
14
16
17
1
204
1935
40
48
49
77
52
56
38
8
9
11
16
33
34
35
44
9
812
38
22
24
1
47
9
10
1
43
1
2
3
3
4
5
20
892
890
6381
6271
23
24
21
22
10
1
25
26
5
41
40
4
1
2
1
2
1
59
60
1053
15
53
1915
54
25
24
23
22
21
94
20
55
19
1055
980
981
18
17
16
15
14
56
13
1914
12
11
10
983
9
8
7
6
57
5
4
3
1
2
1
1
2
1
51
1
2
3
3
4
5
6
7
8
9
10
11
12
13
5
42
9
6
7
43
44
45
1
5
4
1
2
1
2
3
4
5
6
2
83
6
7
8
521
9
10
11
12
13
14
15
16
17
18
1
4
18
19
20
1
2
3
20
1
19
1
15
148
149
150
126
89
152
153
127
195
90
91
128
129
155
16
17
18
19
20
21
22
23
24
25
26
27
28
29
30
47
31
33
34
36
37
38
39
40
41
42
43
44
157
97
114
45
46
48
132
65
49
9
10
39
11
43
37
59
60
17
62
63
64
38
1
2
40
65
66
68
5
6
7
8
1
39
64
65
5438
118
305
361
121
122
123
124
125
127
128
53
134
67
4
5
6
7
23
8
24
9
54
42
75
36
37
58
59
60
61
62
63
105
16
38
63
64
66
3
4
5
6
7
8
9
44
76
35
36
57
58
59
60
61
104
15
50
51
53
56
57
58
59
61
62
48
49
8
70
68
67
79
34
1
2
3
19
4
20
5
18
1
2
3
4
5
1
17
2
18
3
48
17
16
82
16
1
17
2
47
3
111
298
114
121
46
5445
1
14
15
15
20
16
25
39
1
2
3
1
1
40
39
38
10
144
1
100
1
2
101
102
3
4
5
6
7
8
3689
9
10
1021
2336
11
12
13
14
15
16
17
18
15
99
16
17
18
98
1
2240
19
2
2237
2
25
26
27
3
3657
28
29
30
31
5
32
7
8
33
125
34
10
35
11
8
36
37
18
1
97
14
16
17
98
31
15
16
17
23
25
1
3655
26
27
28
29
3
4029
25
4
30
24
5
26
3665
3686
23
3853
3669
3652
22
143
21
31
59
349
60
61
62
63
3832
25
27
2
3
29
4
18
5
8
22
24
27
16
21
23
24
1
27
2
29
20
3652
20
1
30
3661
3682
27
35
2
25
19
5
6
29
3651
20
21
22
24
25
3681
1
26
26
3
4
29
5
44
8
45
46
3650
19
167
17
34
5
25
14
451
22
8
3654
1136
1093
1049
2797
3712
21
12
31
633
35
28
4
47
48
29
31
11
1646
34
2174
32
7986
47
8
9
61
48
55
108
49
62
272
126
273
20
301
306
389
50
115
5
125
44
2087
2
4
3543
53
54
5806
24
25
1
2
5
25
7
1
4
22
24
12
6
106
1
19
3
1
2
3
4
5
6
1
2
3
4
5
6
7
1
2
3
4
183
5
6
7
8
1
2
3
1
2
1
1
545
20
54
53
52
382
6812
51
49
47
45
44
474
43
42
383
21
22
384
217
546
5311
23
24
41
40
25
2940
4907
26
39
27
28
38
385
29
30
31
32
218
33
34
35
4906
37
36
37
38
39
40
41
42
36
43
547
44
35
7371
548
34
549
45
7370
550
33
551
32
46
47
386
58
56
39
40
41
42
43
44
10
38
1
1
2
7
6
5
4
3
8
18
57
58
1
4750
1
653
2
1715
3
4750
511
577
4
5
6
7
8
510
509
508
4906
9
507
10
11
12
506
505
504
503
502
13
74
1
1716
2
3
4
6
7
10
19
70
801
1717
17
1
2
3
4
6
9
4834
4828
33
34
35
37
39
40
41
44
45
46
48
49
50
51
52
54
55
56
57
58
59
60
61
62
63
64
8
65
67
5556
6733
6
3888
188
6526
6565
6588
9521
6324
4563
6497
9528
5743
5851
6567
4775
5790
5773
5692
5774
5799
5559
5560
5561
5562
5563
5565
5566
5569
5491
6527
5572
4053
5726
5727
4454
1719
1720
1721
1723
6677
6707
6735
6737
6732
6708
6709
6750
6711
6714
754
755
756
757
758
759
760
765
6569
6485
580
763
630
5683
634
23
6498
5699
6808
5728
209
6499
24
6528
7
6699
5784
5785
6560
5543
16
1
2
3
4
5
8
13
8
11
1
2
3
6
5266
45
44
41
22
3791
1
4
7
1
3
6
7
2
5
27
28
108
39
1
3
40
39
38
27
37
36
35
804
5
1
2
1
4
13
5
6
53
52
54
1
2
3
5
39
1
64
63
62
19
61
1
2
39
38
1
2
2
39
39
42
41
38
3
5
7
8
10
11
13
15
16
17
18
19
20
21
22
23
24
25
26
27
2
4
5
7
8
10
12
13
14
15
16
17
18
19
20
21
22
23
24
2
5
6
8
11
12
18
19
21
22
23
4309
24
25
26
27
28
29
30
31
32
33
34
1
3
4
6
8
9
10
11
12
13
14
15
16
17
18
19
20
3
5
7
8
9
10
11
12
13
14
15
16
17
18
19
1
3
6
7
13
14
16
17
18
22
24
28
29
30
31
2
4
5
6
7
8
9
10
11
12
13
14
15
16
29
2
3
4
5
7
8
9
10
11
12
13
14
1
2
3
4
5
6
7
8
10
11
12
27
1
2
4
5
6
7
8
9
11
2
3
4
5
6
7
8
9
10
1
2
3
4
5
7
8
9
22
1
2
3
4
6
7
8
1
2
3
5
6
7
1
2
4
5
6
1
3
4
5
1
2
3
4
2
4
8
10
14
15
1
2
1
14
4
6
10
11
15
43
42
3403
3402
1631
20
21
22
1440
23
24
18
4
2574
41
2805
2
6
7
4
5
1
48
5
1
17
18
8
19
6
701
7
3060
1094
19
20
21
277
44
3
44
42
40
37
49
58
57
48
46
50
49
12
1
2
1
18
14
819
12
2
30
23
24
18
11
12
1
10
13
14
1083
1
2
3
4
5
6
7
8
1
2
8
9
104
1517
10
11
12
13
14
15
16
1
5
6
7
16
588
17
18
19
7363
20
21
2
4
6
15
16
21
7362
2
3
21
21
20
21
21
5095
22
41
130
10
12
42
14
33
22
3508
21
20
19
18
17
25
43
16
24
15
14
23
13
12
464
22
23
2692
2466
2467
2693
2694
1822
24
25
26
2460
2462
41
15
17
36
24
22
628
37
30
19
29
11
35
34
17
1505
449
31
30
29
80
14
43
32
116
32
1
6
34
19
20
21
22
1
15
148
16
5
17
18
147
15
16
17
18
46
45
30
29
28
27
26
25
19
23
22
21
10
20
9
31
23
21
37
5040
44
45
5016
1
2
3
4
5
3
1
3
4
2
4
4
9530
25
20
38
19
18
17
16
1
2
3
4
5
1843
6
7
8
243
9
10
7
8
9
10
11
12
1
12
13
14
15
16
17
1854
795
3
6
1431
9
10
11
11
12
13
17
18
19
14
20
21
15
16
1
502
854
2
3
4048
747
486
4
5
6
505
1095
7
8
9
10
748
11
271
2232
749
12
13
14
750
15
272
506
656
16
17
18
19
273
21
1
3
4
53
54
1
2
1
2739
1
1
839
838
837
25
4709
834
770
769
2730
833
4306
3
808
54
26
4
5
6
7
8
9
10
11
12
13
768
14
63
229
40
275
206
6
273
1657
125
271
17
5
4
3
2
287
431
178
103
2
685
594
2023
2879
1969
8
47
48
4
5
49
50
32
51
52
61
1175
62
348
6
1
53
5
631
8
66
1824
458
38
43
17
45
16
24
6576
1
35
42
41
2
51
52
6
53
50
101
19
20
619
106
5
4872
108
3
494
21
22
4
9
23
24
25
10
26
27
28
29
30
31
359
97
98
1625
145
6959
102
61
1627
795
460
34
144
148
1517
198
35
36
37
143
38
39
40
7
255
9
8
1
7
6
5802
49
122
50
2
4
5
57
56
6
104
7
58
268
9
12
269
15
270
646
647
671
698
4057
52
51
4
3
3
2
46
7
8
9
10
11
12
20
21
13
14
16
18
34
35
36
37
38
38
1
4748
10
101
39
4055
40
2
55
44
47
29
497
5228
1
2
3
42
43
33
117
1
53
56
45
46
116
52
39
11
21
51
3988
20
19
116
98
1
50
74
114
97
42
49
48
19
3
6
4
5
9
10
20
1
29
21
12
22
40
13
6
4656
53
264
53
24
23
32
31
35
24
1
28
40
3490
51
133
48
50
31
32
34
32
40
39
38
11
1
1
2
3
1
18
19
17
19
1
1
1
2
3
12
11
11
11
10
9
8
7
6
5
1
2
3
4
5
6
7
8
1
2
4
5
6
7
8
9
1899
77
78
10
11
12
13
14
1
2
4
5
6
14
77
9
10
15
16
17
19
1
8
19
20
1
2
3
4
12
9
20
13
21
22
1
21
6
22
1
22
565
84
814
71
23
24
87
88
25
72
3
4
5
9
18
28
25
2
20
33
11
13
14
34
7
15
16
33
32
31
4425
30
17
132
4393
29
33
28
52
51
2
27
161
50
49
48
136
26
47
25
24
46
45
23
22
126
44
43
42
21
41
40
20
39
38
19
1
31
32
95
2
7
8
9
11
68
18
4
12
21
351
27
199
170
196
171
36
37
1
4252
64
403
30
163
156
11
37
1
35
34
38
36
35
26
1
25
13
27
25
26
48
47
46
45
44
13
12
8
9
5
4
3
2
1
11
1
2
3
7
17
18
19
20
21
22
22
265
18
19
20
1
1
2
3
4
5
6
1
4
11
34
1
3
33
32
31
17
1
2
3
36
35
1
2
3
4
1
1
3
4
4
45
47
46
45
1
4853
1
79
16
18
3
43
42
31
30
29
1
1
40
39
3
38
37
36
35
34
1
2
2
18
1
1
1
33
32
1
30
29
33
32
13
25
24
23
22
21
21
3
1
1
15
16
17
18
19
20
21
22
23
25
24
23
22
21
20
4863
19
4862
18
17
34
16
63
1
2
26
37
33
31
34
16
15
14
41
43
44
19
21
22
3
6
5
4
38
23
38
17
26
27
28
1
22
21
10
33
7
30
1
17
35
14
7
31
31
31
30
29
29
29
28
46
45
42
20
1
6
11
14
22
20
22
29
27
26
17
30
6
444
23
1
2
1
2
2
1
39
114
113
30
6
23
22
1
2
14
15
3
2
5
15
16
1
16
5
14
6
7
16
4
17
13
5
6
7
18
21
20
19
1
25
24
25
26
9
2
10
11
7
1
2
3
4
5
6
7
8
9
10
11
12
13
14
15
1
2
3
4
5
6
7
8
9
10
11
12
13
14
15
16
1
2
3
4
5
6
7
8
9
10
11
12
13
15
1
2
3
4
5
6
7
8
9
10
11
12
15
16
13
14
17
1
2
3
4
5
6
7
8
9
10
11
1
2
3
4
5
6
7
8
9
10
16
11
12
1
2
3
4
5
6
7
8
9
10
11
1
2
3
4
5
6
7
8
12
1
2
3
4
5
6
7
11
1
2
3
4
5
6
12
7
8
1
2
3
4
5
11
12
9
13
6
7
10
1
2
3
4
11
13
14
8
15
1
2
3
5
1
2
3
4
1
5
1
2
1
49
8
56
70
60
31
148
1
1
3
5
6
7
8
9
10
11
8117
2
4
5
6
7
1
9
10
11
12
13
14
15
16
17
18
19
20
21
5657
25
26
27
28
36
8
31
30
2
33
1
2
7
34
33
33
35
32
5515
5516
9
2
8
7
6
5
4
3
3
2
1
10
14
10
1
2
13
14
8
67
10
9
8
7
6
3
65
11
15
21
1
2
3
4
5
6
7
1
6
2
3
4
5
6
1
2
3
4
5
1
2
3
4
1
2
3
10
1
2
1
1
7
34
34
33
1
12
4
4
3
25
24
25
24
7
54
1
17
1
48
19
15
3
20
12
1
2
3
4
5
2
3
4
1
2
1
1
13
12
11
10
9
3
2
15
14
13
12
156
11
1
3
3
4
4
258
57
55
1
2
1
2
3
4
5
6
7
8
9
9
1618
252
10
168
11
2
93
12
14
5
888
16
6
17
18
19
20
21
22
103
7
1
5909
20
19
18
44
43
71
70
54
53
1786
69
68
52
1772
1750
75
6655
6664
6666
31
6667
6673
6700
30
29
107
28
27
201
26
25
406
384
1021
24
23
22
21
20
19
20
47
40
23
1213
386
17
13
46
45
16
9
7
52
225
8
2
248
245
15
27
34
10
16
31
31
61
1
19
8
7
31
25
24
20
1
2
3
1
2
3
4
5
6
1
2
19
1
2
3
5
1
2
4
3
1
8
1
7106
7107
7108
3
17
1
5085
7116
2
16
49
48
47
46
45
43
42
41
1
38
18
1
51
1
2
3
4
5
6
7
3
5
8
7
4
6
768
2
8
9
10
5
11
7
12
13
14
15
16
17
4
18
19
20
19
20
765
21
2
22
46
45
6
44
43
46
22
50
3
1
2
22
3
1
2
1
23
6
12
13
14
22
24
5
13
23
43
629
1469
2824
1525
204
33
32
31
1
30
214
29
28
31
94
30
70
106
1027
2926
1279
29
28
160
2790
161
162
163
27
26
25
24
1
23
22
21
20
19
18
17
16
15
8
9
10
11
12
13
1408
21
47
44
37
1501
1379
23
108
35
34
66
33
32
31
30
18
19
61
47
35
16
34
3
4
1
2
27
44
9
10
16
55
26
29
31
28
24
32
30
1
2
1
16
29
8
25
2
6
7
9
10
14
3
4
5
21
22
23
1
24
25
26
27
28
29
30
20
23
33
30
4
34
35
6
25
24
23
19
11
110
108
78
2
5
1
4
1449
27
44
3
14
24
25
15
15
15
15
14
45
43
37
36
50
22
3844
19
3
4
5
6
7
21
11
13
1
19
2
1
21
1
2
3
4
22
23
6
24
25
26
1
2
3
1
2
6
1
27
5
8
4
7
43
41
40
39
4
38
6
33
32
3
2
59
58
64
57
1
7
8
65
31
30
29
51
26
25
24
50
1
23
22
21
20
19
20
18
180
17
15
14
13
12
11
10
9
8
471
31
44
36
34
33
32
31
27
6728
12
29
64
63
62
26
61
60
59
58
57
56
55
8205
54
53
52
51
50
49
48
7133
47
46
7135
56
31
7
147
146
110
1801
36
60
38
145
144
37
1078
73
72
1
63
40
390
134
127
95
51
24
23
41
40
22
26
117
540
28
14
17
74
18
35
19
20
34
21
22
23
24
42
75
1
74
1
73
72
71
70
75
35
49
48
52
128
1
2
3
4
5
4
5
6
7
8
9
10
11
12
63
62
61
60
36
96
59
1
2
1
5
6
1
1
2
3
4
5
6
5
6
7
3
7
6
7
23
2
2
10
64
62
61
60
59
1
1
2
3
4
5
6
7
8
63
62
61
60
59
8
177
11
2
4
5
6
13
1549
45
1
2
3
4
1
3
1
2
170
1
1263
55
66
11
12
13
14
19
59
26
52
25
24
23
22
1
2
1
1
232
99
210
25
26
10
9
5
6
5
4
63
1
1
2
3
4
5
36
37
69
1
38
70
2
39
37
1
2
35
72
160
73
74
75
1
4
63
6
1
1
1
2
3
4
5
6
7
8
9
10
11
12
13
14
47
1
4
5
48
49
50
7
51
52
53
54
12
38
46
1
2
54
3
4
47
5
55
48
49
50
7
51
52
9
53
11
37
1
53
2
3
46
4
54
47
48
5
49
6
50
51
1
2
46
51
2
52
45
3
47
4
48
49
50
8
34
50
43
1
51
44
2
46
3
47
5
11
3772
49
56
57
7
58
17
59
60
3185
61
62
63
64
66
68
55
70
71
42
49
43
44
1
45
2
46
4
48
6
32
41
42
43
49
44
1
45
46
5
70
40
41
43
48
44
45
46
4
2101
81
8
1
6
5435
38
39
40
41
45
1
44
2
54
55
56
57
59
61
50
28
8
9
79
2103
4
20
5433
5
5436
96
5437
36
37
39
40
41
42
43
44
26
1
1
7091
1
2
1
2
1
2
71
135
72
4
5
6
7
8
3006
8
9
10
11
583
12
13
14
2497
585
14
1090
15
16
17
2496
18
69
68
25
67
66
65
26
64
27
9
1494
1412
2
1918
1495
1415
1416
1417
1407
1418
1419
1421
1496
1423
3
2512
4
5
2513
1
6
6
7
8
9
10
21
22
1006
3766
167
82
1926
70
69
5441
116
68
3
4
5442
1
119
1334
168
65
6
73
8
169
2
9
71
10
11
1
2
3
24
26
27
28
29
1088
1082
1077
1
2
1416
29
30
25
27
28
1066
31
11
12
13
14
15
16
1
9
505
10
1686
2
1
27
61
2425
3170
64
66
67
68
73
253
20
1918
61
62
63
1
2
60
61
62
1
59
60
61
58
59
60
1
2945
57
58
59
69
12
25
52
26
6
7
516
584
520
586
579
72
1
5
10
17
18
19
514
2
4
2709
2511
4
590
20
11
11
25
26
27
94
28
29
30
3
682
95
5
112
31
24
3
52
4
11
10
9
25
91
5
10
89
4
8
3
18
2
1
68
11
30
27
29
2
42
27
17
3
88
12
41
24
26
35
1
685
92
2
87
109
22
23
24
25
26
27
40
41
20
49
686
19
1
39
21
22
23
24
25
32
31
22
33
33
17
29
120
121
6257
48
704
17
85
38
60
56
486
1
56
43
3630
3629
3628
3626
370
19
12
13
4
373
374
3679
3681
10
3672
198
14
94
332
86
83
4
5
3
1252
2
7
20
416
9
11
3676
3671
21
1
23
508
24
25
26
27
3670
177
3632
3631
53
455
24
813
25
329
88
1335
77
66
333
35
1
8
72
64
400
65
66
208
50
70
3
5441
14
553
1
41
40
1
10
2
7
23
2
9
194
10
173
494
8
1
2
6
90
16
503
22
152
7
8
172
9
5
21
4
62
63
64
6
7
10
9
7
13
12
40
2
14
16
20
5
6
7
10
8
10
14
15
73
16
89
1
2
3
14
1434
2956
20
38
1124
267
2063
21
31
32
33
34
2027
5582
6199
6459
35
36
1525
1600
5839
37
38
5193
39
192
40
41
42
191
43
44
45
29
30
46
47
48
49
50
51
52
1524
53
54
55
56
57
58
59
11
15
17
18
19
2093
2
15
12
1308
339
1241
177
173
174
110
3
138
1593
1
147
15
137
16
2095
49
1845
53
2691
17
18
260
19
261
14
20
21
22
23
24
25
26
136
2769
27
28
29
30
1604
31
33
34
35
36
170
2021
7
359
361
362
394
395
2
13
5
8
35
9
15
10
41
44
45
165
332
358
17
185
1
5511
179
16
1265
15
4
35
437
78
8
12
14
45
470
11
1699
1698
46
164
357
2107
5
6
35
13
184
2039
201
197
18
23
24
25
26
21
20
19
202
15
576
579
5
99
219
175
176
177
179
17
16
181
15
3
38
6
7
469
12
39
646
41
650
163
164
165
18
168
169
360
5
7
56
57
47
5438
1338
61
9
1282
91
2108
6776
5507
46
49
50
53
55
5466
17
15
5528
5369
43
24
15
55
56
57
58
59
61
54
62
63
64
1429
249
63
47
48
312
73
2
3694
9
3779
36
54
55
18
422
11
14
1985
502
46
9
2492
98
37
2
103
33
9
27
1017
7
67
68
69
2
70
71
4
5
6
72
73
519
637
33
68
66
47
64
62
73
1
1
2
610
114
2
3
4
156
5
6
61
60
155
7
8
154
153
9
612
10
11
12
13
14
15
16
17
107
18
19
108
5239
20
109
110
4389
151
111
112
21
113
22
23
114
24
115
116
25
26
58
57
27
28
117
29
30
31
32
33
34
35
36
489
150
37
38
39
40
118
41
119
42
43
44
45
51
46
292
47
48
49
50
51
52
53
145
50
488
93
157
1
1
2
3
1
25
1
1
2
28
24
22
17
16
11
10
9
14
7
1
2
3
1
3
4
32
33
58
24
26
23
27
22
5604
24
49
1
2
3
2
1
2
15
1
37
5629
5617
5636
5637
5630
5631
2
4
5
26
5632
5638
5634
5635
5639
5640
5625
5628
1478
169
1
7
3
4
5
14
15
16
17
18
19
20
21
6535
4191
2
37
60
3
6228
39
40
2683
43
5948
4
1030
744
32
34
1479
168
6
2
3
4
5
3
62
1848
125
1381
126
2593
1887
20
307
21
22
23
24
225
4
25
26
27
28
29
30
31
32
127
128
33
34
35
36
37
2308
38
584
586
39
40
41
42
44
46
47
48
51
52
55
56
57
58
59
60
61
62
63
64
65
66
67
68
69
70
2344
762
763
71
764
766
767
15
72
73
74
1
6538
594
9
10
595
3312
1376
3675
1351
1244
63
32
3
1499
52
5
1188
54
296
10
1501
3873
55
362
363
364
365
366
367
368
31
9279
56
57
58
59
60
61
9280
62
63
64
9
3262
3806
47
48
375
4
2
63
2556
2592
46
2039
47
48
49
50
2552
2553
305
2518
2554
2555
51
3725
52
53
3
1
53
54
55
56
2
65
56
17
57
58
59
21
7
22
23
1
2
7
4
54
55
43
8
51
1
6
3
24
43
42
7
50
3944
58
5
2
23
42
52
53
6
49
368
1
3
4
47
36
107
50
51
211
1
3
4
5
7
8
9
10
109
110
111
112
113
52
1483
111
257
95
3822
1077
305
1129
163
53
33
93
32
210
150
11
54
90
88
87
31
30
85
55
84
251
114
1494
115
56
57
719
168
1911
157
158
104
4
12
140
138
102
135
1236
1842
56
160
74
14
75
101
17
19
20
100
76
827
77
22
162
23
61
22
1
2
3
4
5
5211
6
7
8
9
5
6
7
9
22
1
4
5
7
8
22
21
20
1
3
4
5
20
1
2
3
4
192
20
6
19
18
17
16
15
14
13
1
2
1
2
33
41
42
14
13
12
11
2363
1
24
13
12
11
37
1
770
6
61
3
62
63
64
65
66
67
68
69
60
46
12
48
15
18
1386
47
49
311
50
975
19
20
976
2168
3027
1
28
8
43
837
845
2
1431
271
28
1
76
34
33
32
31
35
1
7
18
17
39
697
706
6
17
16
19
18
38
15
14
696
8
7
6
5
4
3
20
42
22
23
24
10
16
19
39
40
41
7
1
5
4
49
21
46
48
919
1
68
1
1
6
1
2
3
1
2
3
4
5
6
7
8
9
1
2
11
3
12
4
5
7
8
13
14
15
16
17
18
9
10
1
10
2
9
1
2
4
6
1
3
4
5
28
30
8
1
3
4
7
1
2
3
6
1
2
5
1
4
18
24
3
23
1
2
3
1
2
3
4
1
2
3
4
4
5
1
2
6
7
2065
1
4
19
20
21
4
3
1
2
3
4
5
2
3
4
5
6
2
1
2
3
4
5
6
1
1
2
1
185
188
1
18
12
4
19
20
261
21
22
23
262
263
9
264
24
265
191
25
17
44
11
1
2
54
3
4
53
43
18
19
42
52
51
27
708
41
16
1
55
2
54
17
18
43
53
52
26
42
32
31
45
10
15
56
1
55
16
17
54
53
710
43
6
9
14
56
16
55
54
711
44
32
31
30
57
14
55
45
67
24
82
23
40
7
5942
40
10
11
12
13
41
42
43
55
38
14
15
16
56
17
18
20
11
656
664
14
50
1
2
2
3
4
5
6
7
39
52
53
54
55
56
428
1
2
1
1
23
55
1
1
2
3
4
5
6
7
8
9
22
1
24
23
45
1
46
2
1
3
5
2
4
47
2
41
19
12
1
20
17
12
11
39
1
38
37
17
1
3
4
1
49
50
51
48
2
170
3
4
5
6
5430
7
8
9
10
164
16
15
14
13
11
10
9
8
7
6
5
22
1
21
22
23
1
33
29
30
28
42
43
28
33
41
41
26
25
46
28
29
1
21
28
27
25
24
26
4
20
22
22
33
36
37
38
39
40
42
41
42
30
45
1
1
1
2
3
44
38
1
2
2
3
4
5
6
7
8
9
10
10
1
2
3
4
1
3
2
4
12
13
2
10
1
1
3
4
25
3999
1
1
1
2
3
4
5
52
1
2
53
2
53
872
1
2
3
1
3
4
1
4
552
5
6
7
8
3
91
8
5
33
9
10
12
4
13
21
2
30
9
62
52
49
29
1
1
1
1538
42
43
44
45
46
47
48
49
134
50
292
51
52
45
44
43
53
30
31
30
29
28
27
1
2
3
31
32
45
4
5
6
46
7
8
14
30
1
2
30
31
32
44
27
3
4
5
45
7
9
29
1
29
30
31
43
26
2
3
4
44
5
8
32
12
7
28
26
28
29
30
42
25
1
2
3
43
4
5
7
31
11
48
8
27
41
1
2
42
3
4
6
26
27
29
1
3
5
29
8
9
25
28
40
1
2
4
22
24
26
27
1
3
6
37
2
13
14
15
16
23
25
18
23
105
106
9
31
1
19
20
40
8
21
9
1
76
2
3
4
75
74
5421
5
6
6765
7
8
9
10
6764
11
8
11
12
13
14
85
6687
4
6
7
8
9
6093
10
12
13
14
15
1
84
3
5
6
7
15
91
83
90
15
16
93
10
14
15
1
5
6
7
4
15
16
6773
3
9
4
81
7
76
6178
75
6177
14
661
7
8
1
9
10
11
12
2
1353
81
13
14
15
16
17
18
19
65
20
21
22
23
24
25
26
27
14
15
16
17
6
6775
1
2
1
2
5
14
3
71
4
11
25
26
27
28
29
30
31
39
2
3
5
34
35
8
9
1
2
1
6
38
6121
6102
1
6120
4
25
24
13
33
7
5
6123
1
1
6124
9
31
32
6699
39
38
6
1
1
5
79
14
40
41
6
8
9
8
413
49
50
2
7
5
51
6
62
54
33
1
4
53
54
18
17
9
104
28
29
859
1040
17
19
21
23
25
26
27
12
26
27
28
30
31
32
33
616
652
24
648
25
647
646
615
40
41
23
42
43
44
45
46
47
48
49
50
51
52
637
5
8
10
11
48
28
27
4
5
6
23
7
37
22
21
36
21
1
22
23
24
25
337
26
1403
27
1185
1186
37
1
2
33
11
36
117
1
2
10
31
1066
292
108
9
32
33
37
1572
33
34
35
1092
36
37
13
1
6151
31
32
51
1
45
1
1
3
5
121
32
13
33
14
13
34
35
168
3329
15
36
37
2
31
16
3346
17
4
2
1
2
2
3
4
5
6
7
8
9
10
11
12
13
14
15
7
8
9
10
11
12
13
38
1
2
3
1
2
3
39
4
1
2
38
3
39
40
41
42
2
42
36
19
34
1
1
2
110
3
109
1
33
14
95
34
4
3414
21
2
14
15
2
17
8
1
1
2
3
10
1
5924
1
2
3
4
5
5926
6
19
1
2
18
6
5924
17
19
2
3470
3527
5923
5924
4
10
5903
1
2
3
1
2
3
2
1
2
99
43
1
2
53
52
26
5
1
51
50
49
50
5
10
25
1
2
3
4
1
2
3
4
5
6
22
23
8
9
24
25
26
27
14
16
17
28
29
30
19
31
32
2
5
32
15
16
32
33
1
2
3
33
35
6
21
22
23
24
130
40
13
41
42
398
14
43
25
44
45
3346
1
2
1
36
32
10
13
36
43
43
29
30
44
45
1
2
3
1
2
1
3
10
5450
1
14
1
2
13
1
35
4
20
19
2
20
2
3
27
5
6
7
9
1
1
2
3
1
60
48
46
45
44
1
3
5522
49
47
46
45
5523
1
2
3
4
5
1
2
3
4
7
15
14
55
20
1
2
3
4
5
6
1
2
5
60
4
61
3
13
1
64
1
55
6
16
2
3
4
5
18
12
8818
260
63
62
13
12
898
897
6276
851
891
175
5
7
9
11
13
5632
36
35
34
33
706
134
30
29
26
48
25
5584
3495
5583
5582
5593
5592
5
1
2
3
15
16
1
15
1
13
14
13
1
11
61
21
433
1887
1
96
19
20
20
18
3
66
65
334
55
65
64
7
8
53
62
52
5742
44
43
9
10
14
15
8
2
21
3
1
1
24
1
25
9
3876
10
8365
24
11
12
8316
4147
13
14
15
16
8810
23
22
17
18
19
20
4146
21
22
23
25
27
8
1
960
3059
1036
36
7
40
1479
7
33
73
1
1
2
47
1
2
3
4
3
4
5
6
7
8
9
10
11
12
13
14
15
15
15
1
2
3
4
5
3
14
1
2
3
14
15
1
2
15
16
17
18
19
20
21
22
23
13
3
14
24
25
4
26
12
27
28
5
6
7
8
9
41
42
11
42
12
15
13
21
22
1
53
54
24
23
22
21
21
1
2
17
18
1
16
48
1
1
2
3
22
21
63
62
43
1
2
3
4
5
5
1
4
5
6
7
7
777
2
8
9
10
504
503
1
56
2
59
7
13
60
19
18
16
15
14
1
13
12
11
16
17
2638
18
19
1
2
20
224
21
22
23
45
44
459
43
460
40
445
220
39
42
38
37
36
35
34
41
33
31
18
1
27
19
25
1671
3572
3570
19
19
28
38
1
1
2001
1
2
4
1993
1992
1
1987
3
2
351
33
34
374
1
2
3
4
5
35
6
7
36
37
1
2
3
4
5
35
36
1
2
3
4
1
2
3
4
11
37
197
195
1
2
3
192
191
189
188
375
373
321
2806
1
1
30
45
3682
3492
110
111
1
32
46
1
38
1
37
64
62
61
60
6
16
11
1
6
1
2
3
4
39
51
52
53
43
1
4
5
43
10
34
32
2
5
13
12
2
14
1
8
24
15
24
2
5
25
7
1373
20
1
1
1
1
1
1
2
3
4
5
1
2
3
4
5
1
2
3
5340
4
5
6
7
8
9
1
2
1
2
25
1900
24
23
22
21
20
19
18
17
16
15
14
4
1
1
2
1
2
3
4
5
6
7
8
9
10
11
4
11
194
207
184
15
20
154
24
23
22
21
1
2
3
4
1
2
3
4
5
6
6
7
8
1
8
58
57
56
1
2
3
1
2
3
4
5
6
7
8
9
10
11
12
13
1
2
13
14
15
16
10
11
12
17
18
49
48
47
1
2
3
4
5
6
7
11
46
45
44
12
43
42
41
1
17
2
3
4
5
6
2
3
5
1
2
3
9
18
17
2
3
17
16
1
2
1
50
23
18
1
2
1
20
19
57
56
55
1
2
3
4
5
17
1
27
26
2
1
19
2
3
58
2
25
40
1
31
30
28
1
35
1
34
16
30
2
3
35
36
15
120
119
1
2
1
122
14
30
4
6
7
41
8
362
40
39
38
363
364
37
763
139
35
34
32
31
53
30
29
28
27
26
25
24
365
142
44
366
43
4682
1
6
4686
1
41
56
65
42
118
217
54
17
17
49
495
420
48
47
1023
46
4
1
52
1573
20
1
1574
18
17
1629
25
7
20
2826
7
17
18
23
1
1
2
51
8
7
6
5
4
2
4
5
6
7
8
9
10
1
2
9
80
10
11
1
8
12
29
12
13
1
2
3
4
5
6
50
51
52
53
43
42
1
2
3
5
1
3
4
5
50
2
3
39
1
2
40
47
3227
39
38
1
2036
38
37
115
54
56
2
514
490
317
58
15
10
18
14
105
36
1
2
3
5
2
6
7
20
41
18
1
1485
28
10
106
4
3
1
2
4
6
8
1
5
7
2
7
8
2
4
1
25
6
1
1
2
3
4
5
6
7
8
9
10
11
12
13
14
15
16
17
18
19
20
21
22
23
24
25
26
27
28
29
30
31
32
33
34
11
10
9
2445
1
7
1
57
32
7
57
98
24
822
28
23
79
78
3
26
6390
9
2700
10
1798
11
45
12
13
14
15
16
18
19
20
33
1
2
2
3
3
4
9
1
1
2
2
11
21
1
2
1
2
3
4
5
6
7
1
2
3
4
5
6
7
1
2
3
1
2
1
4
9
49
48
42
1
79
78
77
76
1
2
3
4
61
71
70
1
2
59
68
58
57
56
1
60
69
59
36
35
34
33
32
31
30
72
71
70
60
48
28
46
73
72
27
25
23
21
19
17
3
9
17
16
15
30
15
14
13
31
65
64
30
231
75
69
68
46
44
66
42
41
1
3
1
2
32
1
2
3
1
2
61
60
59
58
57
56
55
54
53
3949
52
51
50
49
48
47
3909
2909
1
2
3
1
2
1
1
2
2
3
37
35
36
38
1
7
8
9
64
63
11
17
10
133
1
24
913
23
5365
5378
2
22
3
4
5
21
47
20
19
6
7
18
1
23
2
3
4
22
21
20
5
6
913
8
17
16
15
14
24
1
2
3
45
22
21
4
5
1064
153
154
108
155
156
289
157
158
1067
1090
1069
1070
1029
8
286
25
1
2
24
23
22
3
836
6
325
7
827
26
24
23
2
3
15
14
13
138
27
25
24
1
156
87
13
5
157
12
28
27
26
4
140
29
28
26
10
189
9
2
3
40
5448
158
42
41
40
1173
75
41
331
384
28
26
22
21
23
142
1
143
30
29
93
5
7
6
55
4
1
901
2721
1
154
1
22
2
23
23
1
2
68
1
24
47
26
63
4754
62
69
1
68
55
57
38
37
36
5
46
10
12
59
58
53
4
539
239
5
6
3757
7
550
76
9
1
1
1
2
3
35
1
2
3
403
2
3
4
1
3
2326
1
504
503
502
2
501
3
4
5
500
499
6
3747
498
497
496
410
495
11
10
9
8
59
6535
6322
952
21
791
20
61
3511
3510
3509
75
74
103
6414
6413
905
889
2760
73
72
3502
71
6412
70
3497
69
3449
804
62
3460
28
26
23
6470
2
51
27
26
25
25
24
51
23
22
22
22
41
4
22
2
23
15
63
62
65
64
2
2
2
32
30
86
36
35
34
33
1
1
69
1
61
60
41
824
814
777
813
38
59
1
2
1
3
2
78
1
1
2
3
4
5
6
73
7
8
9
10
11
12
13
14
15
16
17
1
2
66
30
25
29
28
74
31
32
1
1
2
20
19
18
42
21
1
60
59
58
57
56
55
54
53
52
1
3
4
51
50
49
48
61
1
1
3
10
11
12
7
8
72
73
71
1
1
1
1
2
79
78
77
76
75
74
7
665
5
4
670
671
3
75
13
5426
75
51
75
1
1
12
3
13
2
12
44
45
46
47
10
32
1
1
2
3
22
1
2
23
24
20
1
1
2
3
4
1
2
3
4
5
6
7
8
8
60
73
5
74
75
76
1
1
2
4
5
6
67
1
57
57
1
1
2
3
1
2
3
4
1
4
5
6
7
8
2
9
10
11
7
9
10
2
1
67
67
1
964
963
951
960
3
2
9
10
61
1
58
69
1
2
1
2
3
21
13
1
53
54
55
1
2
2
3
4
1
41
1
2
2
2
3
5
1
7
8
13
15
16
9
10
18
1
4
77
6
70
71
1
1
2
3
4
5
26
27
28
29
29
51
30
52
25
26
27
23
1
1
2
2
3
3
4
5
19
20
2
7
21
23
24
4
25
26
5
6294
5
4
3
2
6
7
166
167
168
37
689
4692
45
22
38
39
16
17
40
20
2
39
56
18
9
1
2
413
181
8
3
4
744
5
6
7
1094
8
9
97
96
10
12
7
6
13
70
1937
71
5
322
389
14
15
16
17
180
2022
4
3
290
183
179
2
18
49
182
5
7
9
12
14
16
181
17
51
52
3920
349
3219
106
107
108
48
3
1
54
2
742
3
4
5
1092
55
6
7
36
187
189
191
194
196
198
1
2
24
5
1855
1854
1852
1851
1850
2776
62
162
1849
1848
798
578
34
1
2
3
4
5
6
1
2
4
5
6105
688
687
706
40
39
702
732
728
2571
5
54
6
74
38
37
7
2597
725
704
701
55
158
157
2631
56
248
8
1
74
9
10
11
57
12
73
13
14
15
16
17
18
19
20
36
1
2
3
4
1
2
3
7
9
186
12
1
2
41
1
5
7
188
10
40
49
50
3
5
51
13
26
30
45
2
6
1839
28
31
50
51
52
2
4
193
2053
4
26
29
48
50
195
2
13
22
55
26
30
5
1067
31
3
52
20
61
53
21
15
16
1846
1830
1898
1828
1827
1820
18
18
44
19
23
38
1384
59
12
15
2076
69
35
33
16
17
28
30
26
5
3402
39
24
28
1895
44
144
49
29
30
7913
68
69
70
426
25
40
1
3
4
1
33
4
1586
1585
2
1
6
16
30
31
16
39
40
41
4007
64
1
20
13
14
15
16
1
43
2
43
29
3
42
1
4054
4053
39
1
2
3
742
4
98
68
5
69
70
6
7
8
9
10
11
12
13
14
15
743
16
17
71
18
1
78
2
174
175
1
686
22
23
1321
27
37
38
1
71
74
2
5645
18
6
103
7
14
9
12
93
11
10
9
13
5
228
16
5620
22
1107
23
24
25
26
27
28
838
1
100
66
43
4
6
14
11
842
845
846
849
30
854
136
135
133
132
3860
101
3
4
5
7
15
8
12
10
11
12
13
14
34
3861
181
39
41
42
1035
1
41
3400
3401
74
5903
2698
3402
14
34
983
36
6408
2
106
13
10
780
104
309
152
5
5670
17
18
19
20
21
23
24
4
25
26
27
104
107
108
86
109
111
1841
115
28
29
5145
5569
30
31
280
5578
109
42
63
43
44
1
278
45
1
46
2
107
62
108
64
22
21
20
18
97
26
33
5657
34
279
110
2
41
42
43
45
1
3732
58
59
716
60
2
61
3716
3717
63
43
1
63
47
5022
1
108
2
3
18
6
98
7
8
9
61
64
59
106
63
10
56
55
43
93
62
47
24
20
3
19
18
4
17
16
15
62
65
2
3
4
9
49
50
18
4
22
7
49
50
51
23
22
1
5
17
52
24
2
5
25
22
1
2
3
9
52
26
23
22
1
3
243
56
27
238
237
233
227
51
1
19
20
21
22
65
24
66
67
3
33
984
35
38
41
28
29
25
64
65
63
60
1
2
3
1
3
3
4
5
6
3
6
1
30
63
1
1
2
54
20
35
1
1
2
3
4
5
27
28
29
30
31
33
34
35
61
62
63
64
53
6
7
8
9
10
23
42
40
55
9
42
40
41
1
1
3
4
2
4
5
6
7
8
9
6
25
28
1
1
60
66
67
1
1
2
3155
107
19
20
27
1
3
4
5
5
6
2
7
8
9
1
7
6
5
6
48
1
1
2
3
4
5
6
7
8
9
10
12
11
11
1
1
2
77
78
1
2
1
2
2
72
73
1
2
1
2
2
3
4
5
19
42
15
1
14
1
2
3
2
3
4
1
2
1
47
46
21
23
24
32
39
40
41
38
45
46
38
39
47
36
20
49
19
48
21
18
17
16
15
19
14
13
15
13
12
21
22
22
25
35
34
41
42
1
47
47
48
2
2
4
5
6
7
8
9
10
11
12
2
3
4
5
6
7
1
2
3
4
5
1
2
3
4
1
2
3
4
1
2
1
14
1
1
1
1
2
12
10
9
35
32
1
1
1
3
4
5
68
67
1
1
1
1
2
3
1
54
55
56
57
1
10
9
8
7
6
49
70
71
26
4
3
2
1
4
6
7
8
48
12
11
14
56
57
57
58
54
54
40
38
55
56
22
19
18
17
16
15
22
21
26
8
7
6
5
7
32
2
7
8
2
3
4
5
12
1
13
9
10
11
12
8
9
10
11
14
13
32
19
18
26
27
1
49
44
45
46
47
43
44
40
1
42
11
27
40
31
33
38
44
12
30
28
1
14
8
9
10
11
12
13
14
3
2
3
1
2
1
2
3
4
5
6
7
8
9
10
11
12
13
14
15
16
17
18
19
1087
19
1
20
2
3
4
5
6
21
7
22
8
9
10
11
23
24
12
25
26
27
28
13
29
30
31
32
14
1
2
3
4
5
9
30
18
19
1
2
3
4
18
19
7
11
16
17
18
20
1
2
3
19
18
6
7
9
10
16
17
1
2
20
17
3
5
6
7
8
22
9
18
16
15
16
22
1
21
14
15
13
14
4
17
21
16
2
24
10
16
205
1
3
4
9
2
3
8
17
16
15
13
15
1
4
6
18
3
5
1
2
2
13
1
1
36
35
2
34
37
36
1
34
33
32
31
38
37
29
368
27
48
1
1
2
3
7
8
9
10
11
96
333
12
13
14
15
16
17
6
29
1
2
33
59
1
2
60
61
2
64
62
63
5
58
59
59
59
56
59
1
2
3
586
4
1
2
3
4
5
6
7
8
1
2
14
3
4
2395
1
2
3
14
101
2
3
4
5
6
7
8
9
10
14
15
1
2
16
17
18
24
11
24
1416
25
26
10
29
30
1
31
32
33
29
30
31
32
26
25
23
13
8
9
10
11
12
11
58
43
13
12
11
11
62
61
12
32
18
72
20
21
22
23
24
25
26
27
28
16
17
8
10
2
3
4
115
1
2
56
57
35
36
37
38
39
40
41
42
43
1
44
1
1
1
2
22
21
19
1
2
3
4
1
2
3
1
2
1
24
8
25
26
27
28
29
11
12
13
5
6
22
31
30
215
1
1
2
3
1
2
2
3
4
30
3
4
5
22
1
23
24
25
26
27
22
1
1
2
3
4
5
7
1
2
4
1
3
2
1
2
1
2
4
5
7
9
12
15
17
1
3
2
2
4
7
2
5
3
51
52
18
50
51
52
44
49
9
8
1
1
1
2
3
4
1
2
3
4
1
2
1
17
842
19
20
21
22
23
7
8
9
10
6
42
43
44
41
44
45
45
47
31
45
46
47
49
50
31
8697
48
49
50
10
8
12
4
51
159
75
77
10
81
82
135
37
34
39
8
35
5527
219
8
56
57
42
58
43
55
59
12
11
10
9
8
7
28
482
23
22
4
1
3
325
33
34
35
36
37
18
14
13
11
12
30
3
20
17
41
18
26
37
35
32
26
22
21
34
24
10
6
24
16
15
14
17
1
29
9
10
26
11
12
6
7
8
9
5
9
35
33
25
13
30
32
34
1
22
22
29
105
22
23
24
27
28
24
39
38
33
34
1
25
32
33
40
41
15
28
27
28
41
41
25
28
2
43
3
1
2
3
4
20
15
5
1
40
39
38
18
37
38
39
39
40
1
2
3
4
3
1
3
4
5
6
7
8
3
6
1
1
2
8
9
6
7
1
7
39
4
8
37
35
9
5
6
24
25
24
23
45
6
327
4
35
5
2
4
4
41
5
2
115
3
19
117
38
16
79
1
48
9
6462
47
10
11
13
80
84
1
1
1
1
18
1
1
2
1
4
5
6
1
3
1
3
4
19
19
24
27
36
37
38
42
43
1
2
1
2
3
4
5
1
7
8
3
1
5
30
31
22
1
1
2
3
4
1
2
3
1
2
3
2503
4
2504
2505
5
6
7
8
9
1
2
3
4
6
8
9
1
3
6
7
40
39
8
1
2
3
5
7
40
1
2
2
4
12
46
1
1
25
31
32
1
2
3
4
2
3
1
2
1
32
33
34
35
36
37
38
39
39
37
39
23
25
26
29
31
32
33
37
38
40
42
44
46
47
48
49
50
52
54
55
8814
57
9357
58
18
129
131
133
19
20
135
21
136
59
137
5546
7
6
5
4
3
2
1
16
2
30
28
1
2
1
2572
2
11
6
42
41
40
39
38
37
17
16
15
14
13
12
38
1
23
1
2
1
4
2
1017
2
88
5
7
8
9
10
11
180
66
11
12
13
5243
200
1024
873
14
15
5242
16
144
17
18
19
20
21
5241
22
23
116
1025
24
143
142
25
26
52
27
377
28
29
30
5797
5796
5795
5794
33
3
711
5
6
32
3
2
1
11
1
3243
2
1074
54
2737
3030
6447
38
12
13
14
1
3359
3252
15
16
17
214
21
147
649
15
75
14
13
12
10
8
6
5
3
1
13
1
2
2
2
20
1
307
2
1
52
51
50
29
10
1
2
3
4
5
1
3
4
2
1
2
3
7
8
9
2
1
2
3
1
2
3
1
3
4
4
5
14
47
45
1
29
1
1
12
19
24
20
53
4545
52
51
550
5454
50
49
255
48
67
5455
68
47
46
45
566
44
43
42
41
40
39
38
138
26
4
3
38
2
1
27
28
29
13
15
19
1569
17
28
20
21
22
58
47
3086
3088
2784
57
706
8282
56
55
54
53
52
33
30
25
24
23
22
9
10
52
49
32
29
28
47
1
2
302
26
19
25
24
18
17
16
22
20
15
14
13
12
11
10
9
13
15
17
31
19
21
2951
230
1
2
20
8
54
31
29
1
16
55
59
4077
3936
26
36
20
12
10
9
8
1
29
35
14
11
2708
19
20
11
17
31
1
1
1
2
3
1
2
3
1
1
1
2
2
3
9
8
2
1
2
3
1
2
1
2
3
4
5
6
7
10
13
14
16
5
24
26
31
5
19
1
1
45
44
50
205
54
19
488
40
28
23
35
34
36
25
41
13
15
16
6294
17
6295
6383
6384
18
20
6292
22
6293
24
10540
2954
21
1
19
1
1
2
3
4
5
1
2
3
4
1
1
2
3
4
5
4
5
6
7
1
6
6
1
26
36
25
37
1
2
3
4
1
2
3
1
3
4
5
6
7
8
9
10
11
12
13
1
2
3
4
5
13
8
9
11
2
12
13
7
8
10
1
2
3
1
2
61
5
60
59
6
7
8
1
50
49
48
47
1
1
1
1
2
3
4
5
111
113
114
1
2
3
4
5
6
7
8
9
10
11
12
13
14
15
16
17
18
19
20
21
22
23
24
25
26
27
28
29
30
31
12
2
2
3
6
2
3823
4175
15
1
17
1
2
3
4
5
6
7
8
1
3
4
5
6
7
8
9
10
11
12
13
30
14
15
16
17
18
19
20
21
22
23
24
25
26
27
2
3
4
5
6
7
8
9
10
6
7
8
9
26
29
51
52
30
1
2
3
4
5
6
7
8
9
10
11
13
17
18
19
20
21
22
23
1
2
3
4
5
6
7
8
9
26
10
11
12
13
14
15
16
17
18
19
20
21
22
23
1
2
3
4
5
6
1
49
2
3
4
5
6
7
24
8
9
10
11
12
13
14
15
16
17
18
19
20
21
1
2
3
4
1
18
2
4
8
9
10
11
12
13
14
17
1
2
3
4
5
6
7
8
9
10
11
12
13
14
6
7
8
9
10
11
12
2
3
4
8
12
15
4
5
6
7
8
9
10
1
2
6
10
13
1
5
9
12
4
8
11
1
2
3
4
5
6
1
2
3
4
5
1
2
3
4
11
44
1
2
3
7
1
2
1
46
45
3
3
53
3885
9
3914
5351
37
59
2943
58
57
3277
1
17
3
57
56
55
3276
55
1
1
68
66
64
62
60
58
933
351
59
2
5627
27
58
57
5625
50
49
48
47
46
45
1
3
4
2
3
1
3
1
2
16
15
14
19
55
52
11
13
28
27
28
27
1
26
30
8
1
40
3
20
3
4
14
15
21
22
23
24
5506
1
187
3
4
5
6
7
9
10
13
65
16
29
30
31
1
2
24
23
26
152
184
183
182
181
180
178
177
174
252
171
14
13
12
11
59
10
16
9
8
7
6
5
4
17
1
11
12
32
33
210
212
10
11
33
1
25
3
4
6
7
10
68
13
774
775
777
33
17
18
1
2
3
5
6
9
12
1
2
4
5
11
32
1
3
4
7
71
10
2
3
6
72
9
95
5267
14
15
26
16
17
1
74
7
3
75
354
6
92
3083
11
12
13
14
109
15
16
17
18
19
20
21
22
23
5369
23
24
1
3
81
17
13
12
8
69
22
23
24
26
25
24
312
37
5449
38
12
13
21
1
1
1
2
3
4
6
8
9
10
13
14
15
17
18
19
20
21
22
23
24
25
26
27
28
29
30
31
32
33
34
35
36
37
38
8882
117
118
272
39
40
119
120
41
42
5713
43
44
45
237
1
2
3
5
7
8
9
12
13
14
16
17
18
19
20
21
22
23
24
25
26
27
28
29
30
31
1
2
4
6
7
8
11
12
13
15
17
18
19
20
23
24
25
26
27
29
30
31
32
33
34
24
84
23
22
1
3
5
6
7
10
11
12
14
15
16
17
18
19
20
21
22
23
24
25
26
27
28
29
30
31
32
33
2
4
5
6
9
10
11
13
14
15
16
17
18
19
20
21
22
23
24
25
26
27
28
29
30
31
32
2
3
4
7
9
11
12
13
14
15
16
17
18
19
20
21
22
23
24
25
26
27
28
29
30
6696
43
1
2
5
7
9
10
11
12
13
14
15
16
17
18
19
20
21
22
23
24
25
26
27
28
45
1
4
5
6
8
9
10
11
12
13
14
15
16
17
18
19
20
21
22
23
24
25
26
27
3
5
7
8
9
10
11
12
13
14
15
16
17
18
19
20
21
22
23
24
25
26
1
2
4
5
6
7
8
9
10
11
12
13
14
15
16
17
18
19
21
22
23
209
1
3
4
6
7
8
10
11
12
13
14
15
16
17
18
21
2
3
4
5
6
7
8
9
10
11
12
13
14
15
16
17
18
20
21
1
2
3
4
5
6
7
8
9
10
11
12
13
14
15
16
17
19
1
2
3
4
6
7
8
9
10
11
13
14
15
17
18
1
2
3
4
5
6
7
8
9
10
11
12
13
14
15
16
17
56
2
3
4
5
6
7
8
9
10
11
12
13
15
16
1
2
3
4
5
6
7
8
9
10
11
12
13
14
15
1
2
3
4
5
6
7
8
9
10
1
2
3
4
5
6
7
8
9
10
11
12
13
1
2
3
4
5
6
7
8
9
10
11
12
1
2
3
4
5
6
7
10
11
1
2
3
4
5
6
7
9
10
63
1
2
3
4
5
6
7
8
9
1
2
3
4
5
6
7
8
2
3
4
6
7
1
2
3
4
5
6
67
1
2
3
5
50
49
48
47
46
45
1
2
3
4
693
695
696
1
3
30
31
32
33
34
35
5787
36
55
37
56
57
699
58
59
60
61
62
63
737
64
43
42
690
691
692
2
71
123
5625
185
227
124
5626
127
230
232
1
30
28
1240
24
27
28
29
30
31
32
33
34
20
1
25
24
1
53
1
1
2
3
4
5
6
8
10
11
12
13
14
15
16
17
1
34
33
7
37
3
34
6
10
33
13
15
32
38
17
17
17
2
3
4
5
1
4
5
1
83
82
52
5750
29
53
54
55
56
57
58
59
5754
1
2
85
5685
48
71
72
5475
384
54
8
37
7
383
36
71
44
49
45
52
2
3
5
3731
32
1
3
4
7
73
39
74
2
6
74
64
23
24
25
2
26
147
3
4
27
28
29
30
31
32
33
21
7
22
23
24
1
1
3
22
23
22
79
81
6
33
55
21
1
3
5
7
7
4
7
3
26
13
14
12
4
5
7
9
5833
58
15
59
60
32
33
31
75
76
74
74
52
1
2
2
3
4
5
6
7
9
10
11
12
13
2
66
12
2
3
6
7
8
12
6
11
12
13
11
10
1
1
2
48
543
542
49
50
51
52
3623
53
54
55
56
7
2405
37
64
38
1585
2499
57
48
1
58
47
62
1961
1962
63
64
71
5
1
63
64
62
63
64
71
61
9
62
1839
16
52
78
18
79
19
21
22
23
24
81
26
27
34
65
167
1773
1772
1
3
4
5
6
7
8
9
4
5
6
9
1
2
1
54
47
1
2
1
2
3
417
13
14
5413
6
2
10
1825
674
26
432
27
564
9
66
67
397
17
32
1
4
5
3
16
17
5413
3
5459
18
5460
19
20
21
22
5602
5461
23
24
25
26
27
15
14
15
66
60
290
1
2
3
4
289
288
287
286
2
3
137
376
140
1
2
3
86
4
5
7
8
9
1
2
1
88
2
3
5
7
8
9
10
11
190
32
27
3
1
3
3691
10
2338
78
80
82
2
23
24
25
26
27
28
23
24
28
29
1
19
36
36
18
35
17
36
37
38
16
62
63
64
65
66
67
69
71
72
2776
60
61
62
52
38
1
1
2
3
4
5
6
7
8
9
28
29
27
45
46
1
47
43
23
24
12
13
8
1
1
1
2
3
4
5
56
1
59
68
55
67
70
1
1
4
1
5
3
5
6
7
29
1
60
61
59
58
388
32
33
463
28
554
464
34
35
36
39
74
75
462
27
54
3036
16
1056
1
1144
15
448
481
25
28
3246
57
59
22
23
24
25
26
27
28
29
43
30
31
32
33
44
13
14
15
16
17
18
19
20
21
1
54
50
1
2
3
4
5
2
1
4
5
6
7
8
1
2
8
9
10
11
12
13
14
15
16
17
18
19
3
20
21
22
23
24
25
26
4
27
28
29
30
31
5
6
7
32
33
34
35
36
37
38
39
40
41
9
40
10
22
26
29
30
31
33
34
41
35
17
16
1
1
2
1
1
1
2
1
6
49
47
48
21
543
22
12
8
42
25
55
3
4
56
57
7
58
59
22
54
73
7
323
6
12
13
1
41
38
1
1
43
44
47
48
18
32
25
1
68
3876
1
9505
2
3
4
1
4
5
1
2
3
4
8
33
32
52
55
318
56
57
1
58
133
59
60
131
43
10
9
56
57
39
1647
1485
1322
15
162
3648
8
9
10
1
2
3
4
5
6
1
2
4
5
8
1
3
4
7
1
2
3
46
47
48
49
50
1
2
1
4
53
122
53
196
106
6739
1
71
23
213
13
663
20
46
47
5569
4375
5502
48
2
4
49
50
51
52
53
21
43
44
45
37
46
47
48
1
2
3
8
4
5
1
2
3
4
5
1
2
3
4
13
1
2
3
4
25
30
10
9
8
1
2
15
8
16
7
6
5
14
1
42
117
6
7
23
67
21
22
23
5500
1
5498
24
25
31
32
13
14
15
16
17
18
19
20
23
33
34
42
45
47
35
36
37
32
56
197
7
8
10
11
664
15
17
198
12
9
19
20
21
23
24
46
25
26
18
52
67
47
1
3
48
49
39
59
1
59
60
5501
2
5531
58
60
61
59
21
30
51
5970
51
52
36
38
60
61
502
30
6093
33
31
381
344
47
48
386
40
45
41
42
212
64
1
1
2
3
4
5
6
7
8
9
63
1
2
3
4
5
5
6
7
32
16
18
20
22
24
1500
4
5
1
2
3
11
12
13
14
15
8
9
10
1
2
5038
6
9
10
11
12
13
14
1
9
10
11
13
14
244
1
2
259
3
1
14
15
789
25
24
42
163
5
211
214
234
22
3
34
19
4
18
2
32
43
26
29
18
17
15
13
11
1
9
8
2
4
1
6
11
58
3
5
23
2
2
3
4
1
6
9
56
3
21
4
5
2
3
4
7
54
1
6
2
5
3
1
17
1
3
8963
4
6
8
9
10
11
9001
8
3
50
5
3
10
47
8
6
12
13
12
10
701
6
20
32
33
34
35
1253
22
26
5
1
1
51
1
4376
50
1
33
2365
32
12
4027
3210
3290
61
62
29
2
34
1
8
1
29
2
28
27
26
9
26
16
100
14
6
41
42
43
15
15
21
1
2
1
2
6
1
4
48
19
53
63
65
60
65
13
12
9
10
7
6
1
2
8
1
2
2
1
3
68
2
63
3
5
7
8
2442
10
11
52
18
1861
17
14
15
2
38
8
16
17
18
20
22
24
26
28
30
31
32
3
33
4035
34
2
35
12
15
14
2
3
22
130
70
131
71
21
19
13
76
4
5
6
7
8
9
10
1156
1
7
36
37
82
78
30
5
2
34
35
60
61
1
3
4
5
6
8
9
16
59
5
7
62
58
1
2
3
57
59
5
56
1
3
4
55
3
10
15
15
53
1
8
52
34
35
36
4
20
19
1
2
1
30
29
28
27
26
25
24
23
22
21
20
19
18
17
16
15
14
13
12
11
10
1
9
8
7
6
60
38
41
3
2
25
4
87
18
11
2194
1865
531
2
5
18
40
41
42
4
5
6
39
36
3
328
329
2199
24
23
13
1
2
1870
1854
13
352
13
13
1
2
1
27
5
55
1
12
91
41
30
29
29
12
13
14
15
11
47
48
33
1
2
3
4
5
6
7
8
9
10
11
12
13
14
1
3
4
5
6
7
8
9
10
11
14
15
3
5
9
10
14
12
1
2
4
5
6
8
11
14
15
12
16
1
2
3
4
5
6
7
11
15
1
2
3
4
9
10
14
2
3
4
5
9
13
14
15
1
2
4
7
15
1
3
6
7
14
11
1
2
5
6
13
10
1
11
35
4
18
1
19
8
4
41
2225
54
1
30
1
1
20
32
30
34
1
2
1
2
3
4
5
6
7
8
9
10
11
12
4
9
11
1
25
54
55
25
1
5
7
24
301
6
45
3
16
2
15
16
13
1
13
14
6
12
34
13
137
138
35
36
139
37
17
38
39
40
41
42
43
44
28
46
9201
49
50
29
2933
51
33
8
48
1
8
30
36
10
9
31
9
33
31
28
1
5
4
23
1
1
2
3
4
36
337
1
14
13
36
37
34
38
1
19
47
37
8
36
1
2
1
3
1944
4
5
6
7
8
9
2
17
9
4
5
6
4
15
1
2
3
4
5
6
1
2
3
4
5
6
1
2
3
4
1
2
3
1
2
1
17
4
211
3076
17
16
15
15
22
19
17
16
5
4
3
2
1
1
1
2
1
2
3
4
3
4
2
2
3
1
4
38
2
42
40
13
12
25
6
7
14
1
1
2
3
4
5
6
7
2
6
1
6
7
8
9
4
9
9
1
1
1
1
2
3
4
5
1
12
11
250
10
13
10
9
1
8
7
2
1
20
21
22
23
2
4
6
10
15
16
17
7
9
3
2
1
2
4
6
8
2
6
4
1
36
2
35
34
37
1
36
35
38
37
36
1
2
1
38
37
10
11
29
30
1
2
3
3
4
1
1
2
3
4
1
2
3
9
4
5
2
8
3
9
2
10
1
2
1
31
30
29
28
27
26
25
24
23
22
2
21
20
3
32
32
30
29
28
27
26
25
24
23
1
22
21
2
49
52
20
2630
902
19
18
33
33
30
24
34
23
10
1
36
5
4
6
2002
3707
16
15
1
2
3
1
2
18
19
20
1
1
2
2
3
4
5
6
15
22
24
4
22
1
8
3
7
11
13
15
16
17
5429
5
1
1
36
17
295
314
33
32
31
56
55
33
54
4
3
2
1
11
5
6
7
9
11
23
9
10
18
19
20
20
3818
1
2
3
1
48
46
10
44
41
3
5430
1
2
1
4
5
45
1
2
1
1
6
12
1
9
1
7
13
3942
3943
14
15
1
2
1
62
61
2
35
34
33
14
27
26
25
24
23
4354
3
5
42
1
43
2
4
7
8
1
34
32
29
28
5
458
6
7
3
4
7
4
3
2
3
1
1
2
1
2
1
2
1
2
3
4
5
1
2
3
4
1
2
3
1
2
3
4
5
1
2
3
4
1
2
1
53
60
59
57
1
6
6
7
8
9
5
49
50
8
1
3
4
5
6
7
1
2
3
4
7
1
2
3
6
1
2
4
5
1
2
3
4
3
31
1
5
1
2
1
2
3
3837
3
4
5
6
7
8
9
1
2
3
4
5
6
14
1
2
1
2479
360
4
15
593
12
581
5
42
1
2
3
4
5
6
7
8
9
10
11
12
13
14
15
16
17
18
621
19
113
3
4
6
7
8
2
16
2
3
3
5
28
12
22
21
4
1
2
4
6
7
8
9
10
11
12
13
14
280
44
21
1
3
5
6
7
8
9
10
11
44
12
13
20
2
5
6
12
25
13
14
44
19
47
48
49
44
2
3
4
5
6
7
8
9
10
276
287
37
38
36
38
1
2
3
4
5
6
39
7
8
1
2
3
4
5
6
7
9
1
2
3
4
5
6
1
2
3
36
4
5
34
32
33
47
35
1
2
35
3
4
1
2
3
33
1
2
1
2
31
1
31
35
34
33
15
16
29
28
32
38
1
2
24
23
19
18
17
16
15
21
5
6
7
1
4
30
14
158
19
7
44
43
415
42
41
40
19
414
46
33
1
372
368
24
43
1
42
41
39
45
43
42
36
35
1
4
5
2
3
4
1
2
1
23
57
1
2
2
1
62
2
5
66
79
129
42
50
49
1
1
75
22
1180
1184
1186
21
1167
430
435
410
67
56
51
50
32
31
30
29
43
567
11
1
19
38
76
52
52
1
3
4
5
11
2
3
4
5
1
2
1
2
65
64
63
62
61
60
7
59
58
57
56
15
54
53
2
66
2930
36
4
13
27
28
65
2
1
1
13
7
16
36
45
42
18
3
4
9
44
1
2
3
5
7
11
46
1
2
4
6
10
47
41
3
5
9
48
2
4
8
2
6
51
53
94
48
76
47
16
15
46
57
72
13
12
1
11
147
1
2
3
4
5
6
1
2
4
5
6
223
7
8
9
315
10
11
12
13
14
15
16
17
18
19
20
21
22
23
24
2
24
25
26
27
28
25
26
77
53
1
2
1
2
42
39
1
33
32
31
30
29
5
6
1
2
3
1
61
60
59
58
57
56
55
54
53
1
1
180
11
12
13
14
15
16
10
1238
16
9
8
10
14
9
8
7
1
10
8
16
20
1
30
21
63
2
58
23
57
69
68
32
17
23
74
9
10
11
46
7
8
1
4
51
50
49
1
1
6
5
33
55
53
51
49
57
12
9
7
28
6
15
6
45
1
40
1
1
56
55
54
53
1
50
1
24
659
39
40
1
71
16
70
69
68
67
66
79
77
72
60
65
66
73
5
6
11
10
25
24
9
1
12
8
7
2
23
22
13
12
10
26
25
28
57
1
2
3
4
5
6
7
8
9
10
11
1
2
4
8
9
1
6
7
8
9
2
5
6
7
8
3
5
2
57
47
46
45
44
43
42
79
78
1
2
1
1
2
3
4
20
1
1
52
51
50
15
66
65
49
48
47
55
1
2
3
47
5
1
2
48
4
1
49
50
49
29
1
1
2
2
3
1
2
3
55
54
24
44
5
7
6
1
73
1
70
1
2
3
9
5
4
8
4
6
1
2
3
9
1
11
2
10
12
1
12
13
43
1
3094
2
1
5
1
2
5
1
2
3
6
1
2
77
31
17
16
15
14
2
8
61
30
29
57
4
1
2
1
23
1
1
2
3
4
5
6
7
8
9
1
2
1
57
5
57
56
58
2611
23
3
1
1
2
2
3
76
1
78
79
2
36
37
32
33
34
5
31
1
1
1
1
70
71
9
51
50
67
68
69
70
66
2692
13
2
4
6
8
18
2
4
66
2
65
2
62
64
891
60
63
890
64
51
67
45
47
80
3583
26
11
20
21
22
17
70
19
83
25
43
44
44
1
10
8
13
47
48
46
4
3
2
7
57
9
10
11
22
7
8
3
5
40
9
2
7
11
57
1
69
1
1
67
50
1
2
44
45
46
1
1
2
1
1
2
1
1
2
1
1
1
2
3
60
61
36
7
38
2
6
1
1
1
83
84
85
1
2
3
4
5
6
7
8
9
10
86
11
12
13
14
15
27
28
2
25
34
35
36
38
39
26
5802
5801
5800
44
81
5799
31
32
33
54
55
19
18
56
26
1
25
25
26
27
28
29
30
31
1
2
47
49
35
46
25
26
28
29
48
15
27
28
46
37
29
38
48
39
40
41
6
42
138
34
62
25
46
25
59
57
58
2
67
41
42
1
1
48
45
1
2
1
1
2
1
3
13
40
39
1
2
3
1
3
1
2
1
62
1
2
14
11
1
11
1
5
35
43
35
16
1
20
1
1
2
47
48
2
6
1
2
50
52
54
3
2
3
1
3
2
381
1
2
1
2
3
45
12
9
1
2
3
4
1
2
3
4
5
6
7
1
7
8
9
10
9
9
49
47
48
1
3
26
27
28
29
30
11
12
13
14
10
55
56
20
19
3
18
5
6
10
26
1
27
28
29
27
22
21
2
3
12
13
1
2
3
4
5
6
59
7
8
9
10
11
12
13
60
58
1
2
3
4
5
6
7
8
9
50
10
11
12
26
27
52
28
29
53
54
55
24
34
1
2
3
4
57
5
6
7
8
49
9
9
10
11
1
2
3
56
4
5
6
7
48
8
9
10
52
1
2
4
5
6
47
7
8
9
23
24
25
27
21
2
3
4
5
46
6
7
8
53
1
2
3
4
45
5
6
7
12
1
2
3
44
4
5
6
32
34
35
12
11
52
18
1
2
43
3
4
5
1
42
2
3
41
2
3
49
1
2
14
48
1
47
39
38
32
31
30
29
28
33
16
1
2
3
22
21
24
15
3
4
5
6
2
1
2
2
3
4
5
1
7
2
3
4
5
6
2
3
4
28
29
7
1493
30
31
32
3
5
26
2
46
47
48
1
2
3
4
5
6
7
5
2
3
39
2
3
4
4
5
6
7
8
9
10
11
12
13
14
15
16
17
5
1
2
26
27
28
1
1
2
3
4
11
10
49
4
8375
36
37
38
39
40
41
42
43
44
35
1
2
3
4
5
6
7
8
9
10
11
12
13
14
15
16
17
18
19
1
2
3
4
5
6
7
8
9
10
11
12
13
14
15
16
17
18
1
2
3
4
5
6
7
8
9
10
11
12
13
14
15
16
17
1
2
3
4
5
6
7
8
9
10
11
12
13
14
15
16
1
2
3
4
5
6
7
8
9
10
11
12
13
14
15
1
2
3
4
5
6
7
8
9
10
11
12
13
14
1
2
3
4
5
6
7
8
9
10
11
12
13
1
2
3
4
5
6
7
8
9
10
11
12
1
2
3
4
5
6
7
8
9
10
11
1
2
3
4
5
6
7
8
9
10
1
2
3
4
5
6
7
8
9
1
2
3
4
5
6
7
8
1
2
3
4
5
6
7
1
2
3
4
5
6
7
1
2
3
4
5
1
2
3
4
1
2
3
1
2
1
6
7
1
32
1
31
30
29
1
1
2
3
1
25
41
42
37
24
54
1
1
2
3
1
2
1
1
2
1
2
3
1
2
1
1
1
25
35
1
50
12
1
37
1
24
60
23
3
1
18
24
18
17
2
61
1
1
2
1
2
645
9
1
2
3
2
3
284
2
20
7
8
9
9
10
11
1
29
30
29
28
15
22
23
37
10
1
1
13
12
1
1
2
3
4
5
5
2
26
4
1
33
23
24
32
7
3
7
4
14
1
1844
1
580
2
581
3
582
40
4
5
6
6
1
5
2
62
4
15
14
13
2
8
22
722
16
15
6323
14
13
12
17
646
16
17
18
19
20
21
22
43
40
46
15
39
55
1
56
690
13
12
49
9
14
13
12
31
32
21
1
2
27
26
24
117
20
19
23
63
24
25
914
50
47
44
48
2
3
4
7
8
9
10
4
10
11
12
1
2
6
12
13
15
3
4
15
849
31
30
29
28
27
26
25
24
23
22
21
32
3
4
1
39
40
18
41
19
26
25
27
1
5
7
8
9
6
21
20
19
18
347
9
46
43
339
1
2
3
2
3
8
37
24
1
23
22
21
1752
1
2
1
2
3
12
252
1
2
1
2
2
3
4
5
1
36
49
51
32
3279
27
23
46
25
44
1
27
5
4
7
8
3
9
3
63
64
1211
44
106
1
77
2
3
54
45
44
43
42
17
11
44
1
2
3
1222
1
54
55
56
57
53
53
54
57
52
6
22
21
23
3
20
20
21
2
17
17
1
2
6
2
1
13
1
2
3
1
1
2
3
4
5
6
7
8
9
10
1
2
3
4
5
6
7
8
9
10
11
12
13
1
4
5
6
8
9
10
13
14
15
11
12
1
2
3
4
5
6
7
8
9
1
2
3
4
5
6
7
8
1
2
3
4
6
7
1
2
3
4
6
7
8
1
2
3
5
1
2
3
4
5
6
1
3
1
2
3
1
1
2
26
11
10
9
8
36
7
6
5
50
4
8
9
97
67
7
36
37
38
1
2
3
3
4
51
5949
1
1
1
2
1
2
3
4
5
6
7
8
9
10
1
2
3
6
7
9
10
1
2
5
6
1
3
4
5
2
3
4
34
35
2
1
33
1
18
2
5
1
2
3
1
16
15
2
2
2
3
4
11
12
13
14
15
16
175
28
31
10
11
12
7
8
14
37
38
1
160
17
1
5418
21
1
1
2
50
49
48
47
46
337
51
22
21
20
19
11
16
11
3
15
11
15
1
2
1
46
45
1
1
2
1
1
2
18
17
16
15
19
1
16
13
12
69
1
38
1
2
1
1
13
12
1
2
1
3
4
5
5
1
1
1
1
1
1
2
1
1
8386
45
44
43
30
4
32
33
23
28
45
52
44
9
43
8287
21
1
20
11
9
19
22
1
24
16
52
28
29
17
10
9
8
10
11
6
55
3
8
21
4
19
6
21
17
1
1
4
4
5
6
1
2
3
4
22
23
8
9
24
4
16
20
24
23
17
13
20
1
2
1
4
5
12
1
1
11
10
1
1
32
31
2
30
1
3653
3654
24
23
3575
1
2
3
4
1
2
3
3
2
6
1
2
3
4
1
40
40
39
38
3
3
1
15
16
6
8
444
14
15
1
2
3
4
12
10
1
2
3
11
9
1
2
10
8
1
9
7
8
8
6
17
16
965
11
1
1
2
3
4
5
6
1
3
15
18
17
16
6
1
2
6
19
25
1
1
1
1
2
3
1
1
36
1
2
1
5
42
41
40
39
38
37
36
35
8
9
21
20
19
1
3
4
5
7
69
68
4
62
4
6
9
10
8
2
23
25
24
26
25
24
27
32
23
63
36
35
2
71
71
26
25
24
74
36
37
2
3
4
6
7
8
39
54
43
44
53
52
51
41
46
28
1
27
2
4
26
5
44
6
1
3
4
2
3
4
1
2
1
27
13
12
11
17
17
9
26
25
24
7
72
70
5
1
1
2
1
1
2
3
4
5
6
7
1
3
5
6
15
14
1
2
3
4
5
1
2
3
13
1
2
1
2
15
17
1
1
47
1
1
1
1
1
2
3
4
5
32
49
3
2
3
4
1
1
1
2
3
4
5
6
7
4
5
7
2
5
1
3
4
3
3
1
3
4
5
6
15
14
13
45
1
1
2
3
66
36
35
37
37
36
13
1
12
38
37
37
32
103
21
20
19
18
26
8065
27
10
12
48
9286
47
53
9246
9296
54
59
10
1
2
1
5
6
19
79
43
42
41
1
2
40
42
32
31
30
29
28
2
4
6
14
8
4
9
31
23
1
1
1
2
3
1
22
45
44
43
42
1
2
13
48
47
46
679
45
44
43
42
48
49
40
54
3
53
52
51
2
69
68
67
70
72
2716
74
3044
2
7
49
7
52
51
50
50
59
5
17
18
12
99
15
1
3
64
63
60
1
2
66
65
64
14
16
14
58
33
34
1
37
36
1
2
3
4
5
6
7
8
9
10
1
2
3
4
5
6
1
2
3
4
5
1
2
3
4
5
6
72
70
69
68
67
66
1
2
3
1
2
1
10
77
11
12
1
1
2
3
4
5
6
7
1
2
3
3
3
1
81
80
147
18
13
12
11
10
1
2
2
59
58
1
2
3
4
1
57
46
45
1
79
77
76
74
81
51
24
25
11
1
12
11
1
10
12
12
1
2
3
3
1
1
2
53
64
60
55
65
2
1
2
1
2
1
1
2
4
1
50
9189
1
1
2
3
4
5
6
7
65
64
1
3
58
44
43
42
2
60
64
85
1
84
1
2
1
2
82
16
81
80
83
2
2
4
6
19
18
8
6
81
82
80
70
62
63
62
1
2
3
4
3
4
5
6
62
63
1
2
1
2
3
4
2
3
4
4
5
5
8
44
45
46
7
42
43
71
70
1
1
1
2
18
19
20
21
22
72
71
1
25
1
1
17
73
7
8
9
6
1
48
49
2
1
2
1
2
3
35
34
7
1
1
1
2
48
49
19
3
29
1
1
1
1
2
3
61
35
1
5
10
1
1
2
40
12
1
2
3
3
1
1
1
2
78
1
1
2
3
58
3
1
3
4
5
91
93
65
4
5
11
2
3
66
1
22
23
24
25
8
1
61
62
63
64
65
66
48
47
33
34
35
32
1
1
2
2
3
22
23
24
25
25
30
31
9
30
31
29
73
33
39
1
32
64
67
2
45
46
44
1
2
3
4
5
6
7
8
9
1
2
4
5
6
7
8
1
3
4
5
6
7
2
3
4
5
6
7
8
5
8
1
2
3
4
1
2
3
1
2
1
1
2
1
2
1
1
2
28
28
27
1
2
2
2
3
4
5
6
9
5
35
1
1
3
7
1
2
3
4
5
6
5
1
1
17
2
4
5
1
23
51
39
25
26
27
28
1
25
25
1
2
3
1
2
3
2
30
1
29
17
30
31
24
15
16
38
1391
40
42
1392
17
13
1
5
6
31
10
9
8
11
8
44
43
36
9
1
2
3
1
2
1
5
26
1
2
1
2
5
2
3
4
1
2
3
1
2
5
6
1
36
3
3
1
2
3
1
3
2
2
3
43
17
16
28
1
2
3
1
2
3
5
2
1
1
2
2
3
4
6
27
28
8
26
8339
7
7
6
27
3
4
1
45
46
44
12
1
2
1
1
3
4
18
2
4
22
23
24
25
26
21
14
33
30
1
2
3
4
5
1
2
4
1
6
7
8
5
8
9
5
10
11
6
12
13
14
4
15
16
18
19
20
21
13
1
6
3
7
4
5
8
9
10
11
56
57
55
5
1
2
31
30
1
7
24
29
30
42
43
44
45
39
23
8
9
10
11
12
3
11
11
12
13
1
2
13
14
15
16
18
20
27
1
2
1
1
50
36
35
5
13
1
44
67
38
37
41
1
19
27
1
1
2809
8
3
14
12
12
5
1
2
3
1
3
6
7
6
1
2
1
12
2
3
4
2
3
12
1
1
1
1
2
3
4
5
6
7
8
1
40
41
1
1
2
3
4
5
6
7
8
9
10
1
26
25
27
29
1
1
2
3
4
5
56
55
1
2
1
1
1
1381
5
6
2
6
7
3
4
1
7
8
30
27
1
1
15
14
16
3
2
1
2
3
4
5
6
14
15
16
17
18
19
13
9
18
1
1
1
16
2
2
3
4
25
26
31
1
33
1
1
2
258
24
25
26
19
26
2
3
24
34
1
2
3
6
7
8
9
10
11
12
4
21
22
9
1
7
1
2
9
25
23
24
35
20
24
53
52
1
11
35
18
2
10
11
9
1
1
3
1
1
2
1
11
21
20
19
18
17
2
1
1
2
28
1
29
2
3
7
30
1
1
2
3
4
5
6
1
2
5
1
4
3
18
19
20
1
2
11
1
1
3
5
8
10
7
9
16
15
19
1
1
1
2
1
2
3
3
4
44
1
1
38
41
40
39
38
37
36
35
34
43
36
18
1
1
36
1
2
4
3
5
2
4
6
26
27
1
1
36
3
1
2
1
2
3
4
5
5
6
7
1
1
1
38
2
46
5
38
1
2
1
20
17
1
77
2
29
42
492
19
3
4
5
1
1
1
27
26
25
1
2
3
4
4
34
1
1
55
30
1
2
3
3
1
1
49
27
17
45
1
34
32
1
1
2
3
1
1
1
37
38
39
10
11
12
9
13
29
28
6
5
4
3
3
5
6
7
8
3
6
16
1
2
3
1
2
1
2
3
1
2
1
53
1
3
1
2
13
12
12
13
12
13
55
54
53
52
51
50
49
11
61
1
2
3
1
3
4
12
26
5
6
2
3
4
5
1
15
16
16
16
15
5
1
1
1
1
2
3
4
5
6
7
8
1
1
36
9
1
2
1
2
3
4
5
5
1
47
16
7
1
1
2
1
57
2
2
3
4
1
14
13
6
10
11
2
2
1
5
6
23
22
26
58
1
2
2
14
67
66
21
20
23
61
22
59
58
57
1068
54
53
19
2
1
2
3
1
2
1
1
2
3
1
2
1
1
2
3
4
5
5
3
2
2
4
2
2
17
16
18
1
30
1
2
3
1
3
4
1
4
5
3
1
2
1
1
4
1
1
74
1
1
3
4
2
1
52
50
49
47
54
1
2
52
1
53
54
1
2
1
2
3
4
5
6
3
4
5
1
5
6
4
1
1
1
2
3
4
32
18
17
1
6
5
3
2
1
2
1
1
1
1
2
14
3
3
646
69
1
14
28
1
7
6
1
4
3
1
1
6
1
1
1
2515
11
27
28
6
2
8
7
1
1
2
1
2
7
1
8
73
1
2
46
2
3
1
1
2
1
74
36
80
77
48
66
73
1
2
1
1
2
1
2
3
4
4
1
5
6
7
69
66
1
2
3
2
3
79
1
8
1
1
65
64
1
65
2
1
2
1
43
44
42
1
64
65
63
18
17
31
1
2
59
60
57
1
2
1
2
3
26
27
54
1
1
4
1
2
3
1
1
2
1
3
5
6
8
9
2
6
1
1
1
2
1
1
1
1
74
3977
23
10
1
2
3
4
5
1
2
3
4
1
2
3
1
2
1
2
3
1
32
50
28
1
2
3
1
47
1
1
64
1
1
1
1
1
2
3
4
5
6
7
8
4
1
1
19
20
21
1
1
2
1
2
1
2
3
1
2
2
1
50
1
2
2
3
4
2
1
1
2
3
1
2
1
1
3
2
61
55
1
1
1
2
3
4
5
6
7
1
10
23
1
3
5
1
1
1
4
5
6
2
11
10
1
1
42
1
37
35
2
3
4
1
3
4
1
2
4
1
3
4
2
1
27
11
12
37
1
2
3
4
5
6
7
1
2
3
4
5
6
2
3
4
5
6
7
1
2
3
4
2
3
4
5
6
1
2
3
4
1
1
1
13
1
1
2
4
2
6
7
4
54
55
56
57
58
59
30
15
16
17
18
1
56
1
2
1
2
3
4
5
1
2
5
6
1
1
1
2
31
6
7
1
2
3
1
2
3
1
65
64
1
3
1
2
40
6
1
2
3
3
4
1
4
79
1
2
3
4
5
1
2
3
4
1
2
3
1
2
4
5
1
57
1
2
41
42
23
23
24
1
2
3
4
1
2
4
2
17
10
9
12
1
55
56
46
54
1
2217
1
25
1
1
1
1
25
26
15
16
17
1
136
6
1
14
1
4
4
3
1
45
8
1
2
2
4
5
6
49
48
1
1
2
3
1
1
1
44
1
45
44
2
4
3
4
1
3
2
13
1
2
2387
1
1
2
4
2
3
6
7
55
1
4
5
23
3
43
44
45
3
5
6
1
1
1
1
34
1
2
1
2
3
1
17
18
40
1
24
23
1
2
1
43
42
38
1
2
3
5
1
2
42
16
24
25
26
1
1
2
3
4
1
2
25
3
2
7
1
1
2
3
1
2
20
36
37
35
2
3
1
1
2
3
4
2
5
1
1
1
1
2
1
1
4
22
21
1
10
11
12
1
1
1
8
1
3
4
6
5
2
3
7
6
1
5
1
1
2
3
43
41
1
2
1
2
3
4
5
27
28
5
2
1
2
1
1
2
1
1
1
1
30
1
88
1
2
1
11
10
1
5
37
1
1
1
12
1
2
1
1
2
1
1
2
1
2
3
1
2
3
3
4
26
25
11
1
2
2
2
40
1
1
2
3
1
2
1
1
2
1
1
14
15
22
28
41
1
1
18
11
1
2
1
3
1
2
3
14
1
1
1
1
3
2
1
14
13
1
1
2
3
4
11
1
12
2
1
3
6
8
10
3
1
43
1
1
1
2
3
59
38
39
10
3
4
1
2
7
8
3
1
37
1
1
1
1
2
31
2
1
2
3
1
2
1
1
1
2
6
1
1
2
22
4
3
1
1
1
1
1
1
2
3
4
1
7
6
4174
1
2
1
1
1
37
37
2
9
2
3
60
59
1
2
1
2
1
63
1
80
166
1
2
1
2
3
4
1
1
1
77
76
1
2
1
1
14
13
50
51
50
2
4
1
1
1
1
1
2
1
2
1
1
1
1
2
3
4
3
83
84
1
36
34
2
2
3
83
2
25
45
2
53
56
1
2
65
62
1
1
2
3
1
2
1
41
62
82
1
1
1
1
42
43
1
2
4
7
2
5
3
1
1
2
2691
1
2
3
4
5
1
1
2
64
1
2
1
2
3
4
1
2
3
2
29
1
2
1
1
2
3
4
5
6
7
8
1
2
1
3
2
1
1
1
1
2
1
1
2
1
1
2
3
19
16
2
1
1
1
1
1
2
3
4
5
4
5
2
51
48
1
1
2
3
4
38
45
8
65
15
14
15
16
1
2
1
2
1
1
2
2
1
2
2
58
59
57
1
2
2
1
1
1
1
1
1
1
1
1
1
1
1
68
69
67
1
1
2
3
61
1
1
1
45
1
2
1
2
1
1
37
38
36
63
1
6
7
8
1
2
3
4
5
6
1
6
2
35
46
1
1
2
3
4
66
67
1
2
1
1
1
1
2
3
5
4
3
2
1
2
3
1
2
3
1
1
2
1
1
51
1
1
5
12
13
1
1
2
48
2
1
1
1
55
1
1
2
3
1
66
1
42
1
2
3
4
1
2
3
4
5
6
1
2
4
1
2
3
1
2
4
5
66
67
1
1
1
2
18
1
1
1
1
51
52
61
16
1
1
2
1
2
2
1
1
1
1
24
1
2
1
38
18
19
20
51
1
2
3
1
1
2
1
1
14
1
1
2
3
4
5
6
1
2
3
4
5
6
1
2
3
5
1
2
3
4
5
1
2
3
1
2
1
1
22
1
3
1
1
2
1
2
1
2
2
3
1
1
1
1
1
24
25
23
3
13
7
1
31
32
30
30
29
4
20
1
1
1
11
2
16
1
2
1
36
1
30
31
1
1
1
1
1
1
5
2
1
1
1
7
12
1
1
2
3
4
1
1
1
1
11
1
2
3
4
5
1
1
17
1
1
4
2
13
2
4
2
11
1
1
7
2
1
1
2
3
1
2
3
1
2
16
20
1
1
2
3
1
2
3
1
1
2
1
1
1
1
1
2
3
1
2
1
1
1
14
4
5
1
1
2
1
2
3
4
5
1
1
1
2
1
2
1
2
12
11
1
1
6
1
1
1
2
7
1
2
1
1
1
1
1
1
2
3
1
1
2
3
2
1
2
1
1
1
