1
39
3
3108
3107
3106
3105
3104
9
231
269
230
193
1
5
4
3157
3144
295
99
3149
10
41
114
15
2
10
11
8
11
7
178
19
20
1
21
3
4
18
1
17
18
9
4
53
10
10
319
5
6
56
4
7
313
8
11
38
1
37
9
6
69
14
10
11
1
106
17
1
1
2
1
20
1
19
2
18
17
16
15
11
13
106
4
12
14
15
13
12
10
8
38
1
1
2
3
4
1
3
4
5
6
96
5
5
3
1
1
21
23
1
24
39
2
61
38
2
1
1
78
2
250
43
3
37
64
43
33
8
29
28
27
26
7
74
30
12
3
30
7
15
27
13
15
62
16
1
46
1
15
74
13
1
12
2
11
3
14
3
5
5
25
325
35
3
4
4
70
2
7
8
4
212
1
48
1
1
320
14
287
92
1
2
16
8
15
70
9
12
1
2
11
10
4
1
1
449
448
10
61
60
11
9
436
435
434
445
4
1
1
2
3
41
132
2
4
5
3
134
131
7
26
12
6
148
1
20
1
2
62
61
25
25
24
1
67
7
269
11
10
3
13
67
1
1
4
1
442
514
8
80
65
79
11
10
19
17
9
1
2
241
1
2
2
278
279
275
1
277
33
31
39
1
5
1
1
2
15
843
2
2
1
2
3
4
196
670
1
671
686
731
2
1
85
1
84
103
1
2
3
4
5
6
2
100
6
64
2
47
3
961
4
5
6
7
22
40
43
21
1
1
1
300
279
280
3
1
6
418
2
55
24
57
1
2
3
3
3
1
2
3
4
46
57
23
1
2
38
10
11
42
1
2
3
5
7
1
1003
98
118
8
9
10
31
249
11
12
13
14
15
16
5
16
40
39
22
1
1
20
19
23
24
22
16
6
2
3
1
22
1
1
44
2
50
12
3
3
4
5
1090
27
28
12
10
11
15
7
34
35
50
6
5
3
25
8
13
12
9
31
10
11
12
4
4
12
2
3
204
205
1957
3
4
1
2
2
3
3
4
46
1
4
6
7
1
21
22
1
1
7
1
2
1
2
3
1
7
8
2
3
3
1
14
13
2
3
3
4
30
8
1
2
3
4
59
1
2
1
3
4
3
1
2
4
7
10
1021
1960
2886
1962
2829
2830
2773
3
74
73
14
1
1
2
3
718
3
38
1
58
3
136
8
935
9
954
2
2
2
19
2
17
20
26
11
5
3
25
3
28
279
1212
1
281
282
1
283
2
264
1
1
4
5
6
2
1197
2
1491
1
1490
252
1
2
19
41
2
1417
18
2
3
1376
44
45
1
46
47
5
6
1
5
12
13
4
9
15
43
11
24
1744
12
19
40
1745
1
32
12
20
21
1
2
59
58
57
56
55
1
24
2
4
18
1721
17
5
16
19
3
7
14
15
9
14
29
25
26
1
1713
14
29
13
27
13
1
2
1
2
14
2
2
45
1
2
113
112
2
93
68
1
6
118
119
11
12
9
1
1
2
71
116
2
112
111
44
43
1
2
42
118
1
2
19
20
9
1
19
6
1
12
1
2
11
1
12
2
13
14
1
16
13
2
15
7
2
3
1
2
1
10
66
9
1754
1696
1
49
22
6
33
1
2
3
4
4
5
6
1
6
7
2
3
4
1
1
340
285
1
37
1
2
10
66
11
1
1
2
3
1
5
5
2
22
1
105
91
92
93
94
95
90
94
97
4
2
1
7
32
11
12
10
14
15
1
1224
1
2
1226
3
2
11
1
10
11
5
17
1
1
1
2
3
11
36
10
1
257
14
42
53
4
41
4
257
3
4
15
1
68
67
12
11
10
16
69
68
11
1
2
3
4
5
2853
5
5
1
4
4
4
2848
2837
2
3
4
5
1
55
1
2
18
3
10
11
12
13
1
334
5
1
106
2
69
107
47
8
7
4
13
2542
13
7
1
1
2
3
4
35
9
10
8
1
5
37
9
1
59
1
115
28
2
116
3
117
4
118
5
3
10
11
2
3
18
20
8
10
8
3
9
10
8
21
1
31
1
2
13
34
35
4
5
5
3
4
5
22
1
2
5
6
34
2
5
3
7
8
1
3
4
4
5
6
90
25
3
5
3
6
1
2
3
1
90
104
14
13
12
11
10
9
8
162
144
161
38
76
13
12
36
11
59
50
74
31
4
1
9
271
15
14
13
12
11
18
1
228
7
5
5
5
6
4
12
18
25
75
74
7
74
73
1
2
3
4
2
2
10
9
8
907
23
1
1
14
2
1
17
16
18
2
46
23
1
34
154
33
149
4
15
5
1
823
827
818
700
4
11
41
825
9
11
10
1
1
1
1
138
1
2
1
2
39
2
7
2
1
10
6
1
35
6
8
4
3
5
1
2
2
927
11
938
939
940
9
1
2
1
10
214
11
121
3
1
56
1
1
59
76
192
190
3
1
36
38
39
2
97
58
77
380
25
55
58
9
57
56
17
131
55
124
74
58
1
94
19
156
2
3
57
4
18
1
57
61
1
62
35
2
3
42
4
215
5
6
7
1
4
5
6
2879
21
22
23
24
2
3
4
5
4
5
2
3
4
5
6
6
16
45
5
7
47
30
8
66
7
1
62
6
5
85
84
29
195
37
15
14
38
5
7
28
1
24
38
35
14
13
32
25
198
199
26
11
3
10
9
35
33
17
32
1
10
9
13
1
10
257
8
156
9
17
1
3
12
10
14
10
16
8
13
7
6
5
1
1
2
2
24
2
23
46
3
4
1
13
5
6
26
23
17
1
18
1
1
2
14
3
2
3
1
3
4
108
5
5
9
8
1
981
76
1
3
4
5
33
11
10
5
6
7
1
2
6
23
5
1
30
2
2
3
4
5
6
7
27
1
18
19
20
7
5
7
5
9
2
4
8
20
12
13
6
5
1
1
2
3
1
1
20
41
2
3
4
5
101
10
94
80
9
7
7
8
6
11
1
1
2
1659
20
1
1
1
2
1
2
9
4
18
59
1628
13
232
102
96
77
1
76
118
91
90
4
89
93
88
87
86
85
84
83
82
1
3
3
3
4
96
14
1
2
2
3
16
11
1
982
2
3
12
9
16
11
7
28
1
415
1
2
3
4
4
58
38
57
5
3
4
5
6
7
8
9
2
8
9
10
7
12
13
14
10
5
12
14
10
3
13
12
10
1
2
3
3
144
4
29
2
3
49
50
116
51
4
4
3
2
3
1
18
1
1
2
3
4
5
1
2
5
6
6
28
11
12
1
130
1
1
127
149
126
125
5
12
4
28
39
8
12
13
5
1
2
1
2
3
4
5
15
14
39
5
6
82
1
7
14
1
27
25
41
27
9
16
29
47
27
9
22
9
93
1
90
91
92
1
2
2
2
146
1
6
7
2
1
42
3
4
5
42
41
40
13
6
60
61
52
6
5
3
4
5
1
1
45
2
3
4
4
51
52
1
5
5
4
5
7
8
16
21
6
139
1
1
2
5
1
16
17
2
1
4
1
6
1
1
2
3
4
2
2
3
1
2
3
3
4
4
4
5
7
3
2
57
154
193
1
19
501
14
41
14
209
203
13
25
11
20
33
13
73
34
376
3
2
1
2
262
1
9
260
311
1
252
2
196
1
2
3
51
2
3
1
312
1
313
288
310
2407
287
3
4
1
15
2221
10
11
282
1
29
26
2
2410
2411
2412
1
51
3
2223
3
4
2156
2
2231
2232
2
2228
2098
62
31
1
2
2227
1
3
4
4
3
5
66
2163
2
1
2
3
47
3
70
67
66
65
68
9
3
4
20
5
67
2094
2093
22
5
33
34
1
48
47
46
45
44
49
4
8
36
35
34
2
6
11
2
3
13
17
14
13
1
18
1
2
3
3
4
4
6
1
2406
2
1
6
2
5
2
3
1
1
1
2
4
5
6
9
1
2
12
18
1
2
3
4
1
1
2
2
3
4
4
2
4
3
23
42
94
119
10
25
9
8
14
44
11
60
81
1
1
2
2
37
2
2
3
9
4
10
32
31
11
30
7
23
1
1
1
2
75
13
82
77
4
5
5
5
1
2
3
21
4
5
84
61
123
13
93
2
8
9
96
3
4
5
6
7
8
47
54
4
5
6
13
89
1
5
105
8
66
49
5
4
4
55
54
53
2
58
3
5
1
19
18
10
107
4
6
7
18
1
6
8
5
1
479
78
3
38
2
72
2
21
20
2
38
3
4
5
78
112
17
4
5
5
6
24
1
2
3
21
22
1
2
2
3
3
4
1
2
2
24
1
2
63
15
14
30
13
1
12
11
10
17
1
2
3
2
1
45
50
27
16
13
20
34
17
16
16
15
18
17
1
62
1
2
3
4
14
74
12
14
12
15
11
10
9
5
6
2
14
1
19
37
36
18
16
15
3
13
14
12
14
17
13
1
1
2
16
4
19
34
4
16
15
39
23
2
16
1
14
6
8
30
26
39
22
45
23
2
28
18
1
1
2
3
4
5
12
5
6
13
6
7
13
6
7
7
24
2
8
5
7
3
7
17
1
5
3
2
3
3
3
3
7
5
49
1
1
1
1
1
2
239
117
4
9
10
18
1
19
20
21
4
21
4
5
5
2
28
4
11
483
3
10
76
77
37
5
14
20
36
3
1
2
3
200
3
4
4
4
2
47
39
16
2
131
1
15
280
8
7
31
2
8
96
33
13
26
26
111
27
169
28
24
3
50
116
176
2
323
377
3
5
316
4
11
1
2
8
3
3
1
11
1
5
8
1
1
2
20
2
1
2
3
133
1
3
4
19
5
130
116
12
13
5
5
13
14
13
8
10
7
10
59
4
43
11
3
10
3
23
1
15
14
13
12
11
1
469
16
17
4
13
40
4
3
4
3
19
107
1
2
3
4
9
447
48
5
4
27
63
11
67
36
103
8
12
289
798
176
15
80
82
1
76
1
2
3
3
3
3
3
9
837
7
34
522
504
1
2
503
450
1
440
557
558
559
1
2
3
406
405
468
1
2
3
20
1
2
3
4
5
6
7
819
7
1101
444
1
75
5
564
4
514
1
11
7
7
6
5
2
1
59
36
10
529
10
1
31
30
32
20
10
5
5
6
6
5
5
786
440
1078
1079
441
712
10
648
16
653
667
4
10
1
2
54
2
56
467
2
3
22
527
526
21
20
1
3
4
118
470
2
3
4
5
13
44
12
3
51
235
24
100
1064
101
5
6
7
3
10
640
499
510
5
2
2
3
4
1
1
981
2
3
22
4
5
6
7
8
9
24
9
25
8
6
5
56
10
10
11
983
1
2
371
1044
2
1043
1
227
698
635
789
169
259
69
5
178
5
5
1
4
7
226
583
13
26
86
13
40
7
1081
13
38
13
13
13
1
1
2
2
2
10
1
951
2
18
9
8
1
2
3
2
3
20
25
4
1
3
3
4
5
6
5
6
7
8
2
1
19
13
14
4
1
44
2
3
4
5
50
2
4
979
3
3
1
20
15
2
3
20
3
15
2
1
2
21
2
3
4
5
6
1
2
74
2
6
10
8
15
11
51
6
3
11
110
3
4
5
2
1
3
129
128
141
5
1
5
15
13
105
5
1
13
12
92
3
113
93
114
15
15
218
13
12
5
215
766
9
10
11
12
53
6
9
8
7
6
754
19
29
1
2
1
2
6
3
6
6
7
2
6
7
8
1
27
81
2
78
9
1
14
11
9
8
1
20
56
39
21
9
8
1
14
1
61
39
62
2
40
344
62
284
3
4
5
6
2
36
35
3
34
11
4
5
6
3
24
1
1
57
1
52
6
61
60
4
135
53
3
8
1
8
7
1
6
8
9
7
1
39
6
2
8
7
9
11
25
2
12
12
48
16
1
538
2
428
459
13
3
4
245
1
499
233
500
501
12
1
1
34
33
14
15
16
17
18
17
16
315
247
92
1
190
183
126
125
698
1
270
16
13
24
5
3
23
1
93
2
499
240
3
204
3
3
4
5
6
65
12
14
6
7
8
9
63
2
3
4
5
1
2
23
3
3
4
5
6
12
7
7
7
12
18
12
10
10
46
65
5
27
14
9
4
1
2
3
4
4
5
4
4
93
1
97
98
179
246
293
3
7
8
8
8
189
14
5
506
4
3
175
191
12
14
200
206
3
294
407
331
154
1
695
1
2
3
15
2
15
2
1
80
11
157
1
155
2
10
330
329
1
2
2
2
8
3
2
152
1
6
275
1
16
2
13
101
102
1
1
2
75
2
65
1
2
1
2
3
4
5
6
7
12
13
78
7
5
5
19
18
17
16
15
5
9
2
3
1
2
13
1
1
11
11
17
1
1
2
2
3
40
793
16
970
15
1
14
13
3
1
11
152
153
135
154
16
96
1
1
9
14
10
1
57
1
2
11
10
10
12
11
14
9
579
18
1
131
1
20
2
135
169
136
1
2
3
11
10
7
151
33
6
292
1
2
500
1
2
1
293
294
294
295
209
1
8
26
458
5
5
8
12
14
1
31
3
6
31
16
16
17
15
44
439
35
1
43
36
395
2
476
477
77
6
376
6
7
70
12
13
49
44
13
15
9
16
11
9
1
1
1
2
521
522
523
51
8
16
8
14
13
50
2
12
11
9
8
31
12
37
1
1
15
14
1
44
134
44
15
17
14
13
12
35
16
1
2
2
17
18
17
1
23
16
1
20
57
38
98
16
5
3
7
8
1
2
1
59
1
2
3
1
2
3
23
23
1
2
2
18
2
39
6
8
8
2
465
464
2
3
1
5
6
6
3
19
2
1
9
1
2
8
1
7
6
1
2
7
8
102
4
4
4
1
2
3
9
3
4
6
1
1
310
309
1
2
1
2
2
2
5
3
1
23
1
18
9
337
338
317
1
7
8
9
26
27
28
1
2
23
540
539
538
4
1
14
1
1
19
11
1
15
809
14
13
2
11
12
10
8
1
2
2
2
2
6
4
3
3
5
1
1
824
1
1
1
194
2
4
5
6
4
3
3
4
25
1
3
1
1
82
2
1
2
20
2
2
1
2
3
4
1
3
20
15
16
1
14
7
3
3
4
5
6
6
6
7
7
1
11
11
8
18
2
4
15
9
7
1
2
2
1
2
3
21
2
2
1
2
2
1
1
5
102
86
1
14
10
11
12
12
9
2
1
2
1
2
1
7
153
2
135
154
1
2
114
81
64
4
13
11
140
40
8
1
1
2
3
4
4
2
4
4
3
17
5
1
9
131
10
4
7
7
8
9
11
12
4
27
52
10
19
1
10
1
2
8
3
5
8
1
60
13
34
1
9
8
35
9
10
141
1
5
8
603
2
3
1
2
5
1
2
1
2
3
2
52
94
1
4
1
5
3
6
27
2
1
2
3
4
9
1
2
3
4
2
2
2
1
1
7
1
2
2
1
1
1
1
2
2
2
1
1
9
1
1
2
8
6
4
2
3
3
424
42
7
98
1
1
2
3
12
426
4
17
16
21
63
3
1
1
5
6
6
4
3
5
6
4
4
122
3
9
3
8
12
10
13
1
2
2
2
12
4
1
2
4
4
5
1
22
4
9
3
5
7
6
2
2
1
2
2
2
35
8
15
14
13
3
1
1
21
2
7
6
5
1
1
99
2
11
6
8
5
44
5
4
2
8
1
1
20
1
1
2
2
1
2
1
5
22
16
1
2
2
2
3
8
1
2
3
1
1
2
1
1
1
1
3
1
1
1
7
6
18
1
20
1
92
1
2
36
54
53
1
1
1
2
2
2
3
35
18
1
2
97
1
1
1
2
1
2
1
5
2
3
3
1
1
39
1
1
1
134
2
3
1
1
1
1
1
1
2
14
15
1
2
3
3
1
1
3
1
5
3
4
2
1
1
1
1
2
1
27
32
1
2
3
4
26
5
6
7
8
3
2
52
7
4
1
10
37
16
240
241
4
12
1
2
2
3
1
17
16
18
36
57
1
2
2
2
12
11
10
9
8
133
243
247
114
1
2
23
230
133
230
229
17
16
33
18
2
5
6
2
216
3
250
236
1
9
10
14
18
263
268
1
2
1
2
4
28
245
47
29
1
2
2
24
195
18
9
1
1
2
11
30
3
6
4
2
5
4
2
6
3
1
14
7
63
66
67
68
2
6
7
23
2
3
6
6
7
1
1
1
1
1
1
1
1
136
135
1
2
1
21
41
2
3
1
2
59
1
44
22
23
1
2
3
4
1
1
7
8
9
3
4
1
6
7
4
9
12
47
46
1
3
1
28
6
1
2
62
2
1
2
2
3
4
3
3
230
1
2
2
18
2
8
2
4
5
6
7
1
5
125
329
3
695
38
57
1
1
1
1
1
1
2
2
7
1
2
2
2
3
6
1
2
7
84
80
79
78
489
496
495
511
1
10
875
4
5
6
7
3
39
10
1
2
3
4
1
4
1
2
3
4
1
3
910
1
1
1
2
3
1
1
3
492
1
379
1
1
13
10
173
1
2
156
4
7
9
10
11
14
8
2
13
31
6
26
7
1
8
11
1
11
9
18
16
1
14
1
2
3
2
51
2
2
2
63
1
22
1
1
137
24
2
21
20
2
19
3
373
5
136
9
339
1013
372
87
86
85
84
21
5
28
24
96
9
8
8
14
215
3
4
24
2
5
6
7
6
24
60
61
5
17
56
4
91
72
2
64
105
60
79
166
167
171
29
1
31
1
2
3
12
29
1
6
7
51
4
763
25
1
738
928
2
3
1028
869
23
1
114
56
2
3
716
4
2
3
12
19
18
2
21
4
7
8
768
767
1
4
10
8
13
114
48
1
61
8
9
72
7
4
6
4
3
5
11
20
4
726
6
10
14
13
5
712
4
11
3
2
154
643
1
2
3
153
4
28
79
5
567
641
640
1008
701
639
642
638
1
637
7
97
9
45
44
149
544
70
14
4
150
5
10
19
33
88
5
152
11
2
78
5
84
89
62
3
69
127
11
28
210
211
13
8
246
8
34
56
1
57
35
36
2
37
10
9
11
56
96
94
7
1
1
4
5
42
78
1
2
2
1
1
42
100
43
1
2
44
3
4
5
6
3
4
1
202
2
3
3
5
177
6
178
19
41
3
23
22
21
20
19
18
17
16
15
5
5
436
516
4
2
3
3
1
25
17
16
15
201
6
194
193
196
4
5
174
7
6
5
2
18
13
596
258
162
9
149
597
10
9
8
188
3
10
9
8
7
6
5
1
2
5
13
7
1
2
3
7
8
3
9
7
1
4
13
531
528
21
1
100
20
1
82
83
2
3
4
91
1
21
199
18
65
46
12
1
8
7
720
724
725
1
1
105
64
82
464
2
3
4
5
463
1
33
75
19
1
76
64
290
16
63
15
2
471
6
3
2
3
1
34
21
35
36
20
5
56
74
104
12
18
1
14
63
13
64
4
3
10
11
239
48
1
4
18
13
5
3
14
13
15
2
3
2
1
1
2
3
2
3
4
7
1
4
5
5
6
7
8
1
9
14
13
13
11
10
1
25
2
3
4
20
1
1
3
22
11
10
13
741
1
2
2
65
88
1
90
20
58
1
91
2
13
2
566
8
116
61
5
6
1
9
9
4
5
6
4
3
6
4
5
1
4
4
3
3
14
9
8
11
1
155
24
13
12
11
402
144
145
146
15
15
22
9
8
7
6
154
191
18
54
18
13
89
75
1
1
2
3
4
5
3
25
4
26
1
50
4
5
6
7
8
84
22
10
11
12
13
40
2
1
2
215
346
214
28
1
2
3
4
88
478
1
87
50
49
52
347
13
12
208
209
210
211
18
17
16
15
14
13
12
1
5
5
110
113
6
1
1
22
20
14
5
9
19
9
1
2
3
4
5
6
17
738
4
13
12
11
1
3
2
1
2
3
4
4
2
4
5
6
7
3
7
71
11
10
1
2
3
1
2
17
14
11
16
11
13
385
370
1
2
3
1
74
16
15
14
14
2
15
14
12
13
6
7
5
11
9
8
360
1
10
9
5
2
1
2
451
601
750
375
16
2
3
3
4
5
1
17
16
18
7
1
16
15
14
1
24
15
16
2
62
4
1
2
21
2
2
1
2
3
4
1
11
10
4
55
12
10
9
8
7
6
5
2
582
1
581
2
1
2
1
2
3
4
5
5
6
7
27
13
15
6
1
25
11
39
2
13
15
1
2
18
1
82
81
2
2
3
4
2
3
4
5
5
6
76
75
1
16
15
17
1
16
3
11
1
11
25
14
13
10
13
11
148
596
611
610
1
15
11
4
16
210
209
15
3
1
1
1
2
1
42
43
34
33
14
45
46
41
15
14
2
36
1
1
42
41
40
39
17
18
3
4
11
9
267
8
9
1
2
3
4
5
6
1
4
6
28
7
8
3
8
26
15
14
21
5
14
8
14
13
597
10
16
39
18
18
80
81
9
1
2
1
2
1
3
3
5
3
14
17
15
12
1
1
1
1
10
82
3
3
34
8
2
8
1
74
2
20
256
21
22
75
5
3
73
76
77
78
77
1
76
1
3
2
9
4
59
44
3
235
7
259
279
1
2
6
1
2
4
1
2
16
15
4
5
8
9
10
11
12
1
1
6
1
2
6
1
7
8
4
973
8
7
980
1
11
9
1
2
3
4
8
1
11
5
8
1
4
5
53
1
4
2
3
3
57
58
2
3
4
41
63
54
61
2
1
8
1
1
3
1
173
174
175
176
177
178
390
2
2
4
1
902
3
2
902
3
1
921
907
3
929
903
6
981
947
7
3
912
10
11
8
9
28
11
10
10
389
388
1
27
28
26
4
18
17
3
4
5
1
448
1
450
1
443
2
2
355
2
3
4
1
1
1
1
6
1
1
3
6
7
8
1
8
1
102
5
1
2
1
3
4
19
1
20
1
2
1
3
4
6
5
2
464
463
1
3
2
2
2
2
2
928
947
941
929
990
989
11
1
2
3
4
888
1
18
1
1
1
5
8
9
1
2
2
1
13
7
22
21
2
1
59
1
2
2
4
7
3
7
1
1
2
1
2
1
1
2
2
3
4
5
6
2
1
107
1
2
1
1
2
1
2
3
3
4
5
134
3
1
2
2
3
1
1
12
11
1
1
1
2
7
1
1
3
7
1
1
1
1
1
1
1
5
1
1
1
2
3
1
3
4
1
1
1
1
2
1
3
32
30
1
1
2
3
4
5
6
1
110
17
7
6
5
38
6
5
1
54
94
37
66
118
65
136
64
35
52
2
182
1
2
3
1
178
4
386
17
177
1
2
32
3
9
1
1
7
4
5
6
2
168
6
454
455
456
457
458
10
419
381
1
2
3
4
5
12
5
39
5
5
5
6
6
7
51
52
75
53
54
55
1
7
26
9
1
11
5
2
1
4
5
6
7
62
3
16
15
55
3
10
9
8
1
4
5
14
292
10
2
3
9
1
1
30
16
1
18
15
14
1
1
2
10
111
219
3
11
1
2
3
2
3
193
2
16
15
14
22
4
14
13
12
1
1
2
42
15
3
4
115
5
6
7
8
9
10
13
175
2
176
1
1
13
10
11
5
8
11
16
11
12
105
9
3
8
1
2
3
4
5
5
6
158
128
4
346
7
7
1
16
281
2
213
1
167
2
3
1
2
8
1
2
164
11
2
1
8
3
3
4
4
2
11
12
18
11
17
31
48
44
1
2
2
3
4
5
183
178
177
1
32
71
72
7
8
9
10
27
1
389
3
7
10
7
30
6
4
5
7
8
9
6
16
15
14
797
18
19
6
10
13
26
20
12
15
218
215
7
24
1
31
1
35
2
3
34
22
33
4
5
9
1
2
3
52
51
91
14
7
14
14
13
12
11
17
15
100
99
98
97
3
3
4
4
12
13
46
3
11
15
46
16
236
1
1
380
382
2
26
1
2
87
3
1
3
4
5
6
7
43
12
14
12
15
13
14
1
2
3
4
5
15
14
13
13
12
14
13
5
56
58
6
5
6
2
2
20
23
1
233
232
2
2
236
2
2
1
7
8
16
3
15
1
2
3
19
1
17
16
1
3
4
59
58
59
3
52
59
60
2
8
9
14
3
19
2
3
9
83
1
1
9
5
1
10
3
3
3
246
864
9
2
6
10
33
11
1
2
3
36
2
2
3
19
4
20
24
6
15
12
17
1
1
1
1
79
9
2
3
12
12
204
117
2
2
3
4
2
4
4
5
3
6
13
6
11
12
215
206
214
13
12
3
2
9
1
2
3
2
1
3
4
74
1
77
8
10
1
2
2
3
3
19
4
4
5
1
4
3
7
8
8
9
1
2
3
3
1
2
3
1
2
8
8
106
5
67
1
2
1
2
12
13
14
1
2
2
2
3
869
4
102
860
12
6
7
1
1
1
1
8
92
1
2
92
92
2
1
1
2
22
21
3
4
5
5
4
3
142
8
6
13
1
4
1
1
2
1
2
3
1
3
4
26
25
5
1
1
1
2
3
4
11
12
11
3
1
1
2
1
1
18
1
2
3
1
1
1
1
3
1
2
2
3
3
7
1
2
1
1
2
2
1
1
1
1
1
1
2
3
3
2
90
27
1
1
2
5
1
1
2
3
1
195
10
1
2
2
3
3
17
15
14
4
5
6
7
8
1
1
2
26
1
6
7
3
87
6
37
1
2
3
4
5
6
7
98
106
70
26
25
71
72
73
68
1
2
3
3
3
4
2
1
57
1
8
1
2
2
209
17
7
39
208
10
1
43
2
3
1
2
3
4
5
6
1
8
34
33
9
10
7
1
58
1
2
1
2
3
4
5
1
2
5
6
7
18
59
8
1
8
10
11
51
2
3
1
9
1
2
3
4
5
6
7
8
9
10
11
17
1
2
3
4
395
3
17
389
408
407
406
1
405
404
18
2
60
398
7
11
8
2
33
19
85
10
46
10
11
9
12
51
8
6
2
6
44
43
42
4
5
5
6
25
1
38
28
75
100
96
77
4
3
6
7
8
9
10
7
11
7
1
6
12
13
3
2
152
4
2
179
10
2
3
14
10
9
2
2
3
16
1
2
3
2
2
4
1
2
3
11
10
10
4
6
10
1
2
6
2
4
1
4
1
5
1
5
1
3
2
3
2
1
44
5
1
2
3
3
1
1
2
2
60
3
1
1
2
2
3
4
2
2
1
1
1
42
43
2
37
1
1
1
1
59
1
63
5
20
1
2
17
1
3
21
20
6
1
7
8
16
5
23
10
11
4
12
2
11
15
36
3
11
1
2
2
185
2727
1
1
1
1
58
1
57
2
93
8
91
47
2
14
1
24
23
21
22
1
21
12
11
9
4
282
2
10
5
2
1
2
3
2
3
3
4
10
66
7
1
2
3
3
4
5
5
239
2
276
11
3
4
16
1
2
45
3
4
1
11
1
3
2
2
1
2
3
3
5
5
21
4
5
6
6
1
2
8
1
17
5
3
14
9
4
5
4
277
4
1
1
2
3
4
1
1
1
2
3
1
2
1
2
1
2
1
1
2
1
1
2
2
1
1
65
16
15
14
13
17
919
920
921
13
12
417
2
3
405
3
2
3
20
21
3
4
5
16
17
1001
1020
1021
1022
3
17
4
6
7
8
9
10
10
4
14
15
1
2
1
2
5
1
6
4
8
9
3
4
5
6
7
11
12
4
5
6
1
1
2
1
2
2
3
4
24
58
4
5
3
730
3
5
13
1
15
16
3
4
5
6
7
8
11
12
9
10
11
8
9
4
9
9
21
22
1
23
24
20
1
2
1
2
3
1
5
5
6
41
3
4
4
385
384
383
3
4
5
6
7
8
2
2
7
33
3
9
5
6
7
11
12
13
14
15
16
11
12
13
1
2
3
3
4
2
3
6
1
1
2
3
9
10
11
3
4
5
6
1
2
6
7
8
9
5
6
2
3
115
96
1
2
3
19
58
59
60
1
61
119
20
43
42
1
54
53
52
3
4
5
1
5
13
4
30
1
14
29
36
55
15
30
58
2
43
15
23
8
3
37
12
31
60
17
6
28
58
41
61
4
3
5
10
4
2
7
40
59
8
9
3
4
5
1
2
6
61
1
5
3
4
8
4
1
2
3
61
3
18
1
16
1
2
18
19
3
4
20
1
1
17
19
15
7
14
11
11
11
2
3
9
56
55
63
4
5
6
1
2
64
63
1
64
67
24
68
1
2
69
3
1
2
3
21
3
1
4
1
25
40
27
23
41
2
3
4
16
1
18
21
7
2
4
15
28
30
7
37
27
13
17
23
15
22
12
15
17
2
12
1
18
15
9
40
7
8
1
35
34
33
32
2
3
36
6
1
3
37
1
1
34
41
8
2
35
3
1
2
1216
1
1
4
5
804
7
7
765
93
19
1
8
9
10
4
5
15
16
17
18
19
4
5
9
7
1
9
10
11
11
12
13
3
13
9
6
1
2
3
3
3
4
6
8
26
9
10
6
1
2
2
44
2
1
2
1
1
11
10
1
2
3
4
21
20
4
4
5
124
4
2
28
30
4
113
115
5
4
2
33
8
9
30
7
3
2
3
1
3
4
5
1
1
15
1
13
2
8
3
8
10
9
1
2
3
3
3
3
3
4
2
4
7
28
2
7
6
1
2
1
2
3
4
1
4
5
5
8
6
8
8
6
2
2
1
22
1
1
1
5
1
4
3
1
1
1
2
2
1
2
2
36
3
3
4
6
7
5
46
24
8
2
1
1
1
1
1
3
4
16
4
3
1
1
2
1
5
3
96
4
358
1
23
1
22
21
20
19
1
1
2
4
5
18
1
2
3
2
44
5
1
2
3
11
372
11
3
4
7
28
4
9
3
3
3
5
375
5
1
8
1
2
3
1
1
2
3
4
42
4
1
1
2
1
3
1
1
44
19
5
6
21
11
5
5
47
9
16
31
12
2
1
1
2
2
6
1
1
29
1
1
1
2
3
4
23
4
9
7
1
2
40
3
4
4
4
1
1
1
1
2
1
16
18
1
1
28
1
139
1
1
138
3
136
1
1
3
1
3
1
2
1
1
