1
2
3
3
4
5
6
7
7
8
9
157
9
10
41
40
48
42
44
208
37
64
65
1397
51
63
64
65
62
64
46
4
1
2
3
4
4
5
5
4
4
5
12
256
68
13
20
40
41
42
43
36
44
37
25
61
1
1
2
60
46
49
60
42
43
1
12
11
1
1
2
70
1
2
4
6
7
8
10
11
38
46
29
24
40
45
46
48
46
40
34
1
2
2
141
3
4
4
2
3
4
5
2
3
6
4
1
1
2
1
2
3
4
5
5
5
6
6
2
6
3
148
7
8
8
8
23
50
16
17
18
19
163
90
3
15
40
28
29
223
57
40
42
58
2
12
2
10
3
4
1
1
2
3
4
5
6
1
6
36
11
85
353
93
2
3
3
36
10
54
55
4
28
1
2
2
138
2
37
31
1
2
4
47
53
27
240
28
30
1
2
34
32
8
2
2
4
2
103
11
12
13
10
104
12
13
163
139
2
1
2
3
4
5
2
8
9
5
41
33
23
20
16
40
1
1
27
1
2
2
3
4
4
67
1
25
28
20
10
11
12
6
7
1
1
23
27
33
10
40
1
1
2
28
36
12
5
23
1
2
2
2
3
12
20
21
4
7
19
4
2
37
1
32
1
1
3
5
326
7
6
4
5
6
66
67
1
2
3
4
5
6
4
2
3
4
5
5
6
8
9
10
11
7
464
10
3
15
16
17
260
18
19
20
12
20
185
14
21
21
216
6
4
25
26
149
1
19
12
2
1
4
2
1
2
3
77
17
178
1
2
3
4
21
4
5
6
2
15
16
12
5
6
7
3
19
1
21
18
53
17
16
14
12
20
10
8
7
6
5
4
10
53
4
15
1
2
2
3
4
4
5
1
14
14
5
6
1
3
1
5
16
18
19
3
4
4
5
338
6
1
2
33
21
22
20
40
37
36
18
31
30
28
6
8
14
15
16
17
18
19
20
46
34
1349
8
9
10
9
11
12
13
1
2
2
3
3
4
4
1
5
14
15
1
2
1
2
2
11
6
2
1
2
3
1
14
15
2
10
10
1
13
12
13
3
61
59
58
54
1
2
3
4
70
1
2
1
2
4
3
1
2
17
20
34
5
1
2403
380
218
221
3
16
17
18
421
382
1
2
66
57
429
349
43
42
58
57
54
53
52
33
2
2
2
2
2
30
2
7
58
49
38
2
17
40
1
2
3
3
4
5
6
7
7
8
1
18
19
20
20
10
15
25
7
102
1327
1
2
3
111
3
4
4
4
5
107
1
2
3
4
76
5
6
1
185
20
21
184
17
25
2
810
7
51
51
82
21
50
13
50
68
5
29
1
2
2
3
4
5
6
6
7
8
4
8
9
10
11
12
9
45
56
59
60
50
31
33
28
29
35
23
32
33
29
30
30
1
2
1
2
57
2
25
2
60
1
1
2
3
1
2
1
15
5
8
11
12
8
1
1
2
2
3
4
11
12
3
4
5
6
7
1
7
4
11
12
20
1
20
32
1
1
1
2
3
1
2
3
1
1
3
4
2
3
1
20
2
3
1
4
1
47
49
46
105
1
2
1
2
7
6
1
2
3
4
4
5
6
1
6
7
2
3
4
1
1
2
2
2
3
10
11
47
36
53
1
1
2
3
1
21
21
5
1
1
1
3
4
5
6
7
2
6
11
4
2
1
5
29
21
20
29
32
33
1
1
1
2
3
4
9
12
1
11
12
7
11
1
2
1
2
3
1
2
3
1220
1219
47
43
38
37
45
29
2
3
4
71
1
63
62
61
60
59
72
64
63
60
1
2
3
4
2322
4
5
5
1
4
2325
2
1
2324
4
5
1031
43
1
24
38
39
40
41
17
18
19
20
1
165
7
2
3
4
65
64
23
24
9
6
21
2989
3
107
1
1
2
3
4
5
40
41
39
1
34
9
40
1
2
1
2
3
4
5
6
7
8
9
10
7
18
17
21
20
39
37
36
122
37
32
22
32
24
31
1
1
2
3
3
4
5
5
6
6
8
946
9
2
6
7
9
11
11
6
11
8
15
16
5
8
9
1
2
3
208
9
5
9
18
21
7
8
9
2
64
1
64
63
62
60
59
58
57
57
1
136
1
66
65
64
63
62
35
65
64
21
3
3
54
55
54
53
52
51
50
58
1
60
38
35
24
16
15
278
72
13
276
215
5
70
70
69
2
3
3
6
14
62
64
61
1084
56
1
697
1
64
3
3
3
2
2
3
29
8
448
71
426
70
69
68
74
66
1
58
53
64
10
9
8
16
63
16
10
11
1
1
1
1
2
81
2
81
6
9
1
19
2
1
15
73
1
1
7
9
5
4
6
1
2
2
1
69
68
15
6
64
1
2
1
29
542
30
569
20
2
4
4
147
3
4
3
5
68
1
65
71
72
73
74
144
143
121
44
35
1
41
2
3
4
66
5
182
79
1
170
78
2
3
172
4
5
6
7
2
3
3
4
5
7
8
9
10
11
12
13
76
14
2
4
5
6
7
1
4
5
6
7
8
9
10
14
15
15
16
17
18
19
6
19
19
19
19
10
11
12
265
13
3
13
14
103
15
104
26
34
1
39
40
2
27
22
25
1
73
1
4
44
45
15
44
45
46
47
47
7
48
49
64
66
67
68
1
27
28
13
1
215
22
28
29
2744
61
1
58
49
55
40
53
37
55
41
56
57
58
1
1
2
2
2
14
1
15
16
17
13
396
420
1
741
14
4
5
6
1
1
2
3
4
3
4
4
4
5
81
38
38
47
45
22
24
25
1
4
5
6
35
40
39
25
26
27
1
2
26
7
25
1
2
3
3
4
415
5
6
7
2
7
8
9
10
10
4
10
9
13
6
8
12
21
25
24
24
22
1
1
2
3
1
1
47
48
43
10
11
12
1
50
44
113
82
220
21
19
21
20
1
1
2
1161
3
1
1
1
2
1
2
5
120
32
33
1161
811
89
1
59
3
4
5
12
13
14
15
16
5
17
18
19
20
21
22
23
1
2
2
1
2
1
20
1
2
2
3
2720
38
2725
2
46
47
25
38
18
34
1
46
3
34
1
2
3
4
4
5
78
6
7
5
6
7
8
9
10
11
4
66
15
16
14
18
19
20
15
8
17
19
16
80
18
20
10
1
2
3
3
76
4
77
2
3
17
18
19
20
61
15
6
20
21
1
1
2
2
3
4
5
6
6
7
7
8
8
9
11
12
1
2
2
2
70
3
4
5
44
50
9
18
33
38
10
19
11
1
2
1
2
3
4
5
5
6
7
8
9
10
1
11
67
1
33
1
33
34
35
34
38
5
37
41
31
55
27
60
2
3
5
1
2
2
2
2
1
3
4
3
2
5
5
6
7
7
8
9
46
38
21
24
9
10
36
34
2
3
1
1
2
3
4
5
5
5
6
7
5
6
12
13
7
8
7
3
11
29
1
1
2
4
5
3
4
7
3
9
21
10
1
101
1
4
5
14
2
3
1
2
3
3
4
4
4
5
11
7
2
109
187
2
3
4
5
25
21
46
38
47
48
49
22
1
88
14
186
183
12
21
22
23
23
103
1
2
1
2
3
100
106
3
1
3
4
1
4
5
3
1
1304
5
5
99
6
98
6
7
34
23
7
15
17
1
4
5
36
4
5
6
7
25
26
35
3
4
5
6
2
8
9
10
4
16
15
98
1
2
3
1
4
6
6
5
7
8
7
8
5
7
8
9
10
2
11
12
13
8
22
26
27
1469
66
30
28
29
2
22
7
8
6
9
10
11
12
13
5
6
18
1372
1
2
3
11
16
17
18
19
32
14
13
1281
1
1
2
8
8
7
11
18
4
4
4
3
7
3
6
3
15
2
1
1
2
4
5
10
7
1
2
12
8
89
88
2
3
1
1
2
3
4
5
5
2
94
4
5
53
31
10
5
4
5
96
51
73
4
18
7
1
1
2
2
31
2
4
5
19
24
49
50
51
52
53
18
75
37
37
2
3
3
27
42
2
39
40
40
40
14
21
22
23
24
33
17
12
13
14
1
12
12
13
14
10
11
12
13
14
15
16
14
31
32
33
36
16
4
23
39
10
9
9
6
5
23
1
4
16
15
27
6
26
1
3
4
18
24
874
14
15
7
1
14
17
13
1
1
1
2
3
3
3
3
3
4
4
5
6
7
8
13
13
8
7
8
8
9
2
2
3
4
4
3
3
4
2
3
3
4
1
2
2
3
8
9
4
54
53
52
51
50
49
48
47
60
1
2
3
2
1
2
64
62
52
25
3
29
73
72
72
71
1
2
3
176
1
2
3
4
32
31
51
53
49
54
48
47
41
10
11
7
60
6
6
57
56
60
58
57
61
51
52
46
52
59
47
1
1
2
67
4
4
34
8
1
2
3
2
3
3
11
3
16
29
26
35
16
19
23
24
34
22
34
27
1
2
3
4
5
5
6
7
4
7
8
8
8
9
9
9
10
10
6
9
4
9
10
1
6
4
10
5
5
7
7
12
10
2
1
6
1
1
1982
4
73
27
42
35
36
1
2
7
12
14
14
13
9
10
7
2
5
6
12
13
6
12
25
45
34
35
36
18
37
13
1245
1
2
71
1
2
4
7
1
8
9
72
161
70
7
68
73
3
9
18
5
1
10
73
10
73
23
24
25
26
27
16
8
34
2
35
293
36
797
810
37
300
22
24
1
2
3
3
3
3
27
15
76
5
12
1
2
146
3
2
4
9
1
3
9
11
13
15
301
17
43
44
132
24
53
54
1
34
36
32
35
39
13
85
38
19
25
42
128
2
3
4
74
7
8
4
412
1
10
10
11
12
4
9
10
53
1
95
4
5
6
7
6
537
58
59
56
55
15
41
40
1
44
43
27
1
12
108
45
46
107
30
3
1
2
3
3
3
3
7
33
16
16
1
2
373
3
4
374
5
5
272
4
5
6
38
2
3
271
374
6
37
6
4
6
7
8
9
10
11
12
13
647
2
3
4
1
5
64
62
678
21
1
10
53
49
48
47
63
62
322
61
22
61
8
54
53
52
55
66
52
53
53
52
52
53
16
22
5
6
7
8
20
910
37
5
7
911
6
107
1
2
518
2
520
2
3
4
1
364
2
3
4
5
4
5
24
2
26
27
28
29
37
36
35
3
8
9
373
10
11
12
13
14
15
6
197
2
17
13
12
11
519
49
48
1
1
2
3
4
5
6
7
8
9
10
11
11
12
13
101
30
413
33
31
31
32
7
1
3
161
685
3
4
4
5
12
28
30
32
34
13
6
2
34
28
1
9
9
60
12
40
56
48
54
10
237
36
55
10
37
37
37
7
1
61
1
1
45
6
3
4
4
39
37
1
2
3
2
3
4
5
6
1
5
5
6
7
8
13
14
15
16
9
68
3
19
9
4
1
2
3
85
4
84
5
5
5
2
5
2
1
2
3
4
5
5
6
7
7
5
7
7
7
243
8
9
10
2
176
3
5
14
20
54
3
42
33
24
8
31
7
17
18
3
20
2
6
6
7
8
8
8
8
50
38
26
5
1
37
36
17
18
93
19
20
56
56
56
34
32
40
59
1
296
8
9
10
74
70
49
47
46
45
52
49
1
2
3
1
2
6
3
6
7
8
2
7
8
24
3
9
47
2
2
46
1
51
44
39
38
10
73
3
72
71
45
29
23
31
1
2
3
4
5
6
6
7
5
7
8
9
10
10
11
12
13
14
15
16
17
17
12
3
15
1
15
1
28
117
5
6
21
143
27
20
39
1
34
33
9
139
19
20
21
1
2
20
8
22
21
23
23
10
9
9
42
17
1
2
3
1019
4
4
5
5
6
161
6
1
2
3
4
6
7
94
7
8
8
9
10
533
63
62
61
1
91
2
3
4
69
56
55
5
938
30
43
19
38
37
54
1
6
7
8
9
10
11
12
5
5
6
7
8
66
58
59
9
10
11
12
4
5
6
7
8
12
1
13
13
87
13
234
235
93
53
53
53
58
6
58
56
56
118
55
49
61
58
53
2
1
2
3
4
11
12
11
11
11
10
11
12
11
11
141
3
17
18
18
37
60
58
16
17
22
9
42
19
41
43
41
55
6
7
153
2
9
10
11
1
2
74
2
73
2
2
1
13
14
1
2
2
2
39
1
1
1
2
2
2
54
5
2
2
2
65
74
71
75
72
1
2
3
4
4
5
170
5
5
4
104
5
6
7
8
9
10
33
60
61
25
70
6
6
61
60
59
58
57
5
32
2
3
1
2
36
1
1
13
13
20
1
1
2
2
3
3
4
50
49
48
9
46
45
16
14
36
2
1
171
3
40
1
1
1
38
65
51
1
7
1
2
36
270
48
50
33
39
38
71
1
2
3
3
4
4
4
5
6
13
14
15
41
40
27
61
1
27
2
3
4
2
4
5
71
71
70
70
69
74
1
249
12
43
33
5
36
49
12
1
59
2
9
60
59
59
60
58
1
2
3
69
4
5
1
5
5
6
3
10
10
10
11
33
64
65
59
65
52
34
33
32
31
29
1
1
1
2
2
3
538
586
47
69
42
62
61
211
2
60
47
189
43
48
47
73
1
1
63
62
1
1
1
3
66
73
65
64
63
62
4
1
2
2
3
52
55
1
57
54
1
3
74
73
70
69
15
8
18
19
1
2
1
2
2
3
4
4
2
4
3
2
1
2
6
6
7
5
19
19
20
3
5
7
7
17
2
23
24
23
541
4
3
3
12
3
3
10
1
9
8
1
2
12
26
24
8
9
8
2
3
4
8
8
9
16
85
1
1
2
3
4
1
2
2
2
24
18
1
615
1
77
4
5
6
6
1
5
6
7
3
7
8
1
82
1
1
2
3
15
44
37
1
1
2
22
1
1
1
2
3
1146
17
18
19
13
1
2
2
2
2
12
9
15
8
11
1
1
2
2
5
1
1
3
4
5
6
4
8
8
16
25
1
4
1
1
22
13
1
2
3
3
3
4
5
6
7
1
32
8
36
37
1
28
11
3
3
4
5
6
6
6
7
7
1
11
11
8
4
4
7
17
34
22
1
2
2
375
1
2
3
3
3
3
12
2
1
1
12
22
37
1
45
30
42
43
21
18
8
1
5
1
2
1
20
153
4
5
79
5
7
8
14
72
14
15
34
18
56
31
1
1
2
3
5
5
3
5
5
3
5
15
1
22
3
19
10
10
10
11
12
20
21
7
15
36
31
51
1
10
1
2
17
3
9
23
165
2
8
27
1
33
22
45
34
9
50
174
17
30
25
2
3
1
2
36
1
6
1
2
3
2
171
6
1
16
7
13
8
14
15
1
1
2
19
21
34
1
2
3
4
2
12
8
2
2
6
1
2
13
1
9
1
1
2
5
5
1
1
10
1
5
48
17
6
4
2
2
9
2
18
12
1
2
7
8
9
10
6
21
3
2
18
22
3
1
1
5
6
6
4
3
12
13
9
9
6
8
22
15
21
2
11
1
1
2
2
2
7
676
1
2
13
13
15
1
1
4
27
3
23
29
1
3
3
1
2
2
2
13
26
10
11
12
361
1
1
2
3
36
105
30
1
1
25
30
21
16
18
21
22
22
21
2
35
1
1
7
8
1
2
2
13
15
1
18
21
31
1
2
2
2
3
22
1
2
3
1
1
7
1
1
1
1
6
1
1
1
15
14
1
85
1
2
8
2
3
2
2
12
3
1
2
4
4
543
4
1
1
1
10
2
1
1
1
2
1
6
5
10
15
16
4
2
3
12
1
1
1
1
7
8
1
1
1
327
1
1
2
1
2
1
2
3
3
98
2
3
1
5
3
4
2
2
1
1
1
2
1
1
2
3
4
5
6
7
8
9
10
11
7
6
11
12
9
1
11
27
43
55
56
4
63
1
2
2
3
1
68
67
69
67
66
1
2
2
2
398
17
16
15
14
13
382
404
24
1
2
2
3
3
4
5
23
22
105
24
3
8
9
21
644
20
21
1
1
30
31
35
13
3
20
1
2
1
2
14
13
12
11
10
1
2
2
2
94
61
9
1
3
4
18
47
15
7
5
2
5
4
2
7
9
7
31
22
1
5
6
7
3
7
8
8
8
9
9
21
22
1
1
2
2
4
1
4
18
1
2
386
2
1
2
3
4
5
2
11
12
8
2
10
12
13
13
14
15
12
22
13
14
15
9
10
1
12
13
10
23
32
1
2
1
81
1
21
28
1
2
2
3
1
2
2
3
4
3
3
1
2
3
2
3
3
533
3
27
453
28
29
1
2
1
2
3
530
146
89
4
1
3
1
1
1
2
2
19
1
2
2
2
3
6
1
2
15
53
57
58
59
633
14
15
20
40
58
458
51
52
53
54
15
71
46
1
10
11
12
1
12
1
2
3
4
1
3
4
1
1
1
2
3
1
1
3
24
1
21
1
77
54
41
2
3
5
33
26
23
39
40
46
44
46
14
14
15
19
20
21
21
42
53
1
53
47
24
1
2
2
3
4
5
5
70
386
7
7
40
1
1
2
2
3
4
5
4
5
6
7
8
12
13
1
21
100
9
11
22
23
24
25
2
27
27
15
249
37
38
38
39
179
19
20
21
266
22
23
24
16
3
32
33
15
14
1
41
18
36
29
51
38
59
1
30
31
42
1
2
2
3
3
4
29
30
2
3
4
5
92
1
2
3
1
701
77
78
3
4
4
312
313
5
6
7
78
79
7
8
8
9
10
4
9
13
38
39
39
40
18
42
13
11
232
2
12
1
32
33
34
424
30
26
28
34
31
93
34
6
8
3
53
17
54
52
55
1
56
18
57
58
560
1
1
2
3
562
4
5
6
7
553
2
3
4
5
6
1
7
8
52
27
76
52
41
51
27
99
22
11
81
26
28
45
27
45
26
45
22
17
2
79
10
565
526
1
571
25
26
27
31
53
2
356
53
14
27
1
83
1
2
3
4
5
6
32
25
33
1
69
9
14
1
2
5
6
15
4
1
2
2
1
1
1
2
3
296
295
4
5
6
7
8
8
9
10
385
386
11
7
11
2
3
1
3
1
7
11
12
13
14
15
16
17
18
19
19
19
19
19
20
1
2
27
3
5
38
39
40
375
26
27
28
19
29
30
6
27
59
60
7
35
48
30
4
25
23
28
31
40
41
31
286
3
39
40
41
42
43
44
1
2
5
36
48
1
2
3
48
47
3
46
48
1
26
18
18
21
2
73
1
1
87
1
2
21
22
23
176
4
23
92
5
22
23
24
1
31
32
50
55
56
1
1
2
3
89
94
4
5
6
7
8
7
558
7
8
9
102
1
184
2
3
4
2
3
10
8
8
9
11
12
13
14
15
16
2
1
2
68
24
1
7
23
24
25
26
14
16
24
25
37
1
2
35
36
146
67
67
28
29
35
10
97
1
1
1
2
3
5
6
7
1
4
7
8
16
17
18
19
8
48
42
43
43
46
47
1
2
3
4
5
4
5
1
4
3
30
31
19
63
1
8
8
25
1
2
2
227
3
4
5
6
25
5
178
32
14
25
9
10
1
18
18
19
20
21
19
16
22
20
36
1
59
59
60
15
26
40
41
29
1
1
11
24
25
26
101
27
28
29
13
33
2
39
40
41
42
10
23
30
4
44
37
45
5
1
1
2
3
4
5
3
4
5
6
1
6
7
8
9
10
11
12
1
15
16
17
18
48
48
85
1
585
1
2
3
1
2
3
4
2
594
587
4
5
6
1
8
9
10
11
12
13
14
14
15
16
17
18
19
20
1
6
6
7
8
9
20
1
8
10
20
21
38
18
38
2
3
4
5
6
7
30
1
4
41
42
43
1
3
2
1
2
3
4
4
2
4
5
6
7
3
7
28
28
29
1
2
3
1
2
491
21
28
15
28
26
6
7
4
5
6
1
11
12
13
14
14
13
28
32
34
33
40
39
41
35
22
23
24
1
15
16
5
2
1
2
12
625
394
69
6
2
3
3
4
5
1
40
24
325
23
15
23
24
25
1
86
24
23
18
19
22
1
2
3
3
3
3
4
5
6
1
30
31
9
10
29
31
32
33
34
35
36
2
13
230
15
17
157
1
158
78
1
2
3
1
2
3
13
30
32
161
1
11
32
8
2
31
10
1
2
20
1
2
3
4
4
5
1092
5
6
7
8
8
9
9
10
1
10
11
9
1
2
3
10
1
11
11
7
13
26
16
25
1
2
5
389
1
12
8
10
9
5
6
8
3
1
1
2
3
3
18
19
1
2
3
21
23
13
10
17
2
1
2
2
5
6
7
8
30
29
3
12
18
28
25
29
28
1
2
3
4
5
6
1
4
6
7
8
9
3
9
9
10
11
1
11
11
12
14
15
12
14
13
2
8
67
7
555
37
1
2
15
16
1
4
4
33
22
34
42
22
17
1
1
1
4
29
37
8
24
2
9
91
24
1
13
10
14
7
15
16
17
18
11
9
19
20
21
1
2
1
1
6
5
40
20
39
19
37
2
41
4
17
3
4
10
1
2
8
1
2
4
3
11
12
20
21
22
23
24
1
1
18
1
3
15
1
16
17
13
7
65
64
2
5
13
11
1
2
3
4
10
1
13
7
10
1
6
7
2
4
8
2
10
10
11
12
2
8
9
18
19
1
14
15
1
18
1
1
3
1
7
8
9
10
11
12
19
3
145
8
1
80
2
1
80
2
1
76
2
3
4
5
2
3
4
5
5
9
6
5
8
73
72
62
61
56
12
365
52
51
49
1
47
3
4
9
10
11
2
1
2
2
1
9
3
3
3
18
19
20
1
1
1
1
12
1
1
3
6
7
8
1
8
1
8
7
1
2
15
4
5
1
6
5
1
2
1
10
11
12
18
15
2
3
1
3
2
2
6
4
88
73
72
2
71
2769
71
63
22
21
20
19
66
1
1
2
2
2
10
8
9
1
2
2
1
38
27
5
4
6
1
2
5
6
2
6
26
7
24
1
1
2
1
2
1
1
2
2
3
7
8
9
2
1
1
1
2
1
4
5
1
2
3
27
26
25
1
4525
1
2
2
3
1
1
18
17
1
1
1
2
7
1
1
5
9
1
1
1
1
1
1
1
7
1
1
1
2
3
1
3
4
1
1
1
1
2
1
34
1
2
249
2
3
4
5
6
7
7
1
35
18
17
16
15
16
15
26
15
33
4
6
7
8
9
10
100
84
72
1
2
3
4
4
5
5
6
5
316
5
6
6
7
10
18
9
19
1
2
3
325
22
19
57
56
55
54
53
48
58
52
1
2
3
4
5
5
6
7
7
7
7
8
8
9
2
9
10
11
12
13
14
14
14
15
1
36
11
8
7
15
16
17
21
18
75
47
46
6
55
44
332
43
1
1
2
17
15
91
244
5
15
1
1
2
2
3
30
27
26
2
2
3
50
49
57
5
22
1
2
3
2
3
398
9
52
51
50
4
69
68
67
66
1
1
2
3
57
4
5
56
6
7
8
9
10
11
10
173
11
174
9
2
59
18
19
21
32
15
32
15
16
23
17
23
13
1
2
3
4
5
69
70
4
4
4
4
49
65
146
2
3
64
63
1
2
3
4
3
4
4
4
5
3
36
7
7
31
3
3
4
4
2
37
51
61
50
67
38
22
21
1
6
4
6
7
8
1
165
8
524
8
9
10
11
12
13
228
13
14
1
2
28
32
65
4
64
6
7
24
25
182
19
9
8
7
6
59
60
4
53
50
1
49
48
44
45
14
33
1
2
3
3
4
5
6
7
8
9
10
11
11
12
13
14
49
48
48
48
48
47
49
48
47
46
55
50
1
2
3
4
5
5
6
6
47
48
18
2
284
54
1
1
2
2
2
51
53
73
1
2
3
4
5
5
5
6
7
8
9
55
47
49
47
50
48
49
1
2
3
4
5
28
27
26
26
25
27
26
5
6
7
21
20
21
2
6
7
222
1
2
3
4
3
4
4
62
2
31
36
4
2
3
3
4
5
1
74
1
2
3
1
2
69
3
14
9
21
13
12
12
18
19
43
26
2
2
3
217
204
1
3
11
30
1
14
5
6
21
10
14
16
29
7
65
6
22
4
5
5
5
5
5
6
7
8
9
16
17
33
12
15
1
1
1
1
2
437
1
7
1
19
157
35
4
4
5
6
6
6
12
13
10
13
9
14
25
25
2340
3
23
10
11
9
4
13
1
2
3
2
1
23
27
450
64
1
57
44
1
2
2
3
3
4
5
19
20
1
21
17
26
27
13
13
17
2
3
3
244
2
3
3
4
12
16
38
35
490
1
2
1
2
39
36
35
1
2
2
2
3
4
5
39
37
43
29
28
1
1
1
1
2
1
2
75
1
1
86
1
1
2
156
3
4
5
6
27
26
30
2197
22
24
25
1
6
1
1
2
1
2
3
1
73
72
71
70
69
75
1
1
2
3
4
9
8
9
7
1
1
2
1
1
1
2
8
4
2
1
1
1
3
1
2
2
3
3
13
1
2
1
1
2
2
1
1
1
1
1
1
2
3
3
4
5
2
1
1
2
5
1
1
758
2
1
14
2
1
2
2
3
3
81
29
21
4
5
6
7
8
1
1
2
7
1
106
107
3
7
5
11
12
13
14
15
16
17
18
6
6
22
23
24
25
26
27
10
1
2
3
3
3
4
2
1
5
1
22
1
2
2
2
3
90
3
1
29
30
205
31
32
32
33
34
108
35
36
1
19
20
21
22
23
15
1
1
2
3
3
4
5
6
7
1
7
6
7
20
21
4
29
1
30
38
39
25
97
26
1
44
26
27
28
29
30
31
32
33
34
35
36
4
1
2
3
4
105
104
2
2
3
373
4
288
5
6
2
6
14
63
62
69
60
36
30
11
31
32
77
31
32
30
34
42
29
27
107
16
1
2
3
7
89
7
8
16
3
4
11
17
33
7
19
44
1
21
22
23
24
25
17
26
13
1
26
29
35
10
6
1
10
4
5
5
6
6
5
23
14
3
3
12
7
1
2
3
2
2
26
1
2
3
24
23
23
4
7
25
1
2
21
19
8
1
6
1
10
1
5
1
3
2
11
10
10
9
8
7
3
4
3
1
1
2
3
4
6
1
1
2
71
2
2
1
3
8
1
1
2
1
2
1
1
1
1
1
1
2
5
10
1
2
3
3
4
4
4
5
22
2
23
24
25
25
27
28
29
9
30
2176
49
54
55
6
49
1
2
2
2
2
3
5
2
2
1
1
125
2
98
9
10
11
16
59
1
2
1
2
2
3
4
51
44
45
39
9
15
48
17
21
1
2
3
2
3
4
7
5
6
9
1
2
3
3
4
5
5
5
31
32
42
5
6
5
8
8
15
7
8
5
32
1
3
2
2
1
2
3
3
5
5
6
4
5
6
6
1
2
21
1
2
18
13
11
19
6
5
4
2
5
1
6
13
14
15
1
1
1
5
6
1
2
1
2
1
2
1
1
2
1
1
2
2
1
1
2
58
57
56
55
59
1
1
2
13
66
65
8
9
1
10
12
13
14
15
35
36
37
12
58
1
2
3
4
9
5
10
20
21
22
23
24
24
12
61
62
1
2
1
2
66
1
67
65
69
70
55
56
57
58
59
24
25
21
22
23
1
2
4
1
2
2
3
4
23
24
25
26
4
13
24
26
1
2
2
3
3
4
5
6
22
23
43
44
41
42
43
8
9
4
16
16
1
2
3
4
5
2
1
2
1
2
3
1
21
21
22
2
6
7
7
1
2
3
16
21
22
23
24
25
11
2
12
15
8
22
25
26
27
31
32
33
34
35
36
40
41
42
1
2
3
3
4
2
3
25
1
1
2
3
7
8
9
3
4
5
6
1
2
6
7
9
10
8
9
2
3
1
2
3
4
5
1
83
84
5
85
6
7
8
8
5
1
7
8
9
10
11
12
3
12
59
74
16
1
17
18
5
61
16
17
1
78
37
38
39
40
75
4
60
15
79
42
22
16
1
2
9
9
8
24
17
9
2
12
79
13
14
15
8
9
10
1
2
11
7
1
10
8
9
15
9
6
7
8
13
17
1
2
2
3
3
2
4
5
6
7
2
2
1
5
2
20
5
10
30
35
5
10
30
11
12
4
5
6
8
1
2
3
6
1
5
1
75
2
3
76
4
5
1
3
5
70
5
2
6
2
4
6
7
1
8
9
10
11
1
2
7
8
21
3
6
1
21
22
24
7
25
20
5
25
15
6
24
2
8
3
7
6
11
5
25
3
9
10
3
4
5
6
7
8
9
1
17
1
3
4
1
1
1
15
15
6
1
4
1
3
1
1
1
242
6
6
22
22
22
7
166
1
38
39
40
3
4
1
2
3
4
5
4
5
31
21
1
32
33
34
34
37
38
7
39
32
30
1
2
3
3
3
4
36
49
50
42
44
37
1
2
2
446
2
1
6
1
1
20
19
1
2
84
3
3
4
5
5
83
2
5
12
4
13
8
59
55
7
6
9
635
26
27
79
25
15
12
1
442
8
9
10
6
1
1
2
9
3
16
4
18
30
28
1
2
3
3
3
3
4
5
3
8
11
15
5
17
13
1
141
1
2
3
16
1
4
5
10
26
24
26
15
13
2
12
1
2
210
1
36
4
1
15
24
1
1
1
2
209
1
2
82
2
3
3
4
7
8
5
21
10
23
6
1
1
1
9
1
3
4
5
5
4
3
1
2
1
18
12
1
8
1
2
2
3
4
5
6
7
7
6
7
8
9
354
19
20
21
25
1
7
1
2
3
11
3
11
3
4
7
13
4
14
3
3
6
11
1
4
1
8
1
2
3
1
3
4
5
6
17
18
10
1
2
1
6
1
1
12
17
18
19
9
42
31
33
2
39
25
26
20
2
1
1
2
2
14
1
1
11
1
1
3
4
5
6
2
4
11
8
1
2
3
4
5
6
10
1
1
6
1
2
1
3
1
1
1
1
1
2
2
2
3
220
4
1
1
3
1
3
1
2
1
1
