1
2
3
2577
3
4
2576
5
5
6
2768
7
7
8
2
3
45
2574
41
42
2580
65
66
12
11
66
67
68
63
68
43
210
1
2
3
4
4
5
5
4
4
5
232
257
17
225
215
117
116
115
114
123
113
121
194
24
1
1
2
50
64
61
50
92
91
289
28
27
1
1
2
104
1
1
2
3
4
5
6
7
154
164
143
57
158
164
165
195
194
160
153
1
2
2
3
4
5
5
31
32
33
34
33
34
48
46
1
1
2
1
2
3
4
5
5
5
6
6
2
6
3
7
8
9
9
9
72
121
64
65
66
67
118
68
4
63
190
144
145
174
190
101
106
783
2
56
2
54
3
4
1
1
2
3
4
5
6
1
50
100
59
69
162
87
4
5
5
89
36
148
149
4
113
1
2
2
2
2
98
74
1
2
3
136
85
135
161
141
178
1
2
91
74
25
1
1
2
1
85
155
154
86
84
101
102
154
3
26
1
1
2
3
160
4
2
7
8
4
115
91
297
150
147
128
1
1
86
1
2
2
3
4
4
10
1
51
86
44
14
15
16
10
11
1
1
63
42
73
5
114
1
1
2
50
121
17
14
45
1
2
2
2
3
22
64
65
4
17
63
4
2
107
1
102
1
1
2
2
901
3
3
3
4
5
6
7
1
2
3
4
5
6
12
2
3
4
5
5
6
8
9
10
11
7
956
10
3
16
17
18
19
20
21
22
12
22
23
15
24
24
15
19
7
85
86
28
1
95
65
3
3
35
2
1
2
3
48
89
921
1
2
3
4
24
87
88
89
47
43
44
40
62
63
64
46
295
1
342
294
293
292
291
290
289
638
288
287
286
285
284
283
5
281
280
634
1
2
2
3
4
4
5
1
51
51
6
7
1
20
1
28
291
262
260
3
4
4
5
6
7
1
371
52
35
36
95
83
52
51
68
46
45
38
81
79
73
72
71
70
69
68
67
715
51
220
43
44
372
2
3
4
5
1
2
2
3
3
4
9
1
10
43
44
1
2
1
269
1
3
289
15
14
15
16
1
41
42
2
34
34
1
202
201
41
33
279
277
587
273
1
2
3
4
342
6
7
1
1
12
6
1
2
71
68
51
4
1
301
99
97
95
3
24
23
22
222
101
1
2
304
303
112
302
298
297
312
311
308
307
306
100
2
2
5
1
1
113
6
296
285
276
265
2
244
267
1
2
3
3
4
5
6
7
7
1464
1
79
80
81
81
10
76
130
7
128
1
1
2
3
3
4
5
5
5
6
2
6
7
8
9
10
10
11
1
28
134
135
27
131
145
2
1831
10
69
69
34
31
68
16
68
125
24
109
1
2
2
3
4
5
6
6
7
8
4
8
9
10
11
12
9
60
96
124
125
65
40
42
37
38
50
32
41
42
38
39
39
1
2
1
2
3
3
87
5
1
2
2
3
4
4
5
1
17
7
10
67
68
64
1
1
2
2
3
4
11
12
3
4
5
6
7
1
7
4
11
12
26
1
26
87
1
1
1
2
3
1
2
3
1
1
3
4
2
3
1
53
2
3
1
22
1
216
218
215
1
2
2
1
2
7
6
1
2
3
4
4
5
6
1
6
7
2
3
4
1
1
2
2
2
3
47
48
223
195
240
1
1
2
3
1
31
31
5
1
1
1
3
4
5
6
7
2
6
21
4
2
1
21
132
124
123
21
15
14
1
1
2
3
4
5
24
196
1
195
196
143
195
1
13
1
2
3
1
2
3
4
1617
106
101
96
95
103
83
29
158
157
298
1
287
286
285
284
283
299
288
287
284
1
2
3
4
5
5
6
6
1
5
5
5
1
5
2618
337
6
48
1
26
43
44
45
46
16
17
18
19
2
338
7
19
20
21
22
23
25
26
10
5
24
5
4216
241
1
1
2
3
4
5
44
45
43
1
38
9
48
1
2
1
2
2809
3
4
5
6
7
8
9
6
2951
117
70
71
177
175
171
205
172
153
121
147
123
143
1
1
2
3
3
4
5
5
6
6
8
9
10
2
6
7
10
12
12
7
12
9
20
21
6
9
10
10
11
12
12
13
5
13
21
24
1
2
3
2
265
1
265
264
263
262
261
260
259
259
5
258
1
250
249
248
247
246
148
249
248
10
6
6
202
260
259
258
257
256
255
264
1
266
224
221
140
286
10
8
286
18
11
9
10
153
153
152
16
17
3
298
17
282
24
37
34
141
1
2
1
5
3
3
3
2
2
3
139
82
85
7
184
8
9
10
4
12
1
76
109
32
42
41
194
208
137
208
200
201
1
2
2
1
2
319
2
629
3
5
1
19
2
1
16
36
1
1
6
8
4
3
5
1
2
2
1
294
293
144
110
287
1
2
1
124
75
125
126
47
1
2
2
2
3
4
185
187
167
2
139
167
168
169
170
1
2
617
70
107
182
117
183
184
185
164
186
63
1
2
3
4
5
6
7
8
9
10
11
11
12
6
7
8
12
13
14
15
16
17
18
19
20
4
20
21
22
3109
8
22
23
24
25
26
27
28
28
29
29
30
31
32
33
33
33
33
33
33
33
34
35
36
37
14
37
38
39
40
41
56
159
1
180
181
2
57
51
55
1
34
1
5
206
207
34
206
207
208
209
209
18
210
211
196
210
211
212
1
117
118
24
1
120
101
140
141
281
189
1
186
229
249
191
250
188
252
192
253
254
255
1
1
2
2
4
17
3
18
19
20
16
2
43
44
149
15
4
5
6
1
1
2
3
4
3
4
4
4
5
6
138
138
178
174
176
178
180
1
4
5
8
155
169
168
62
64
68
1
4
67
25
64
2
6
13
13
15
16
20
22
24
9
21
23
25
27
22
11
22
18
27
11
16
25
120
131
129
129
125
2
3
7
8
1
2
197
198
192
205
206
207
13
209
192
238
208
27
93
91
96
94
2
2
4
6
8
2
3
6
625
2
3
5
13
108
28
38
4
186
2
2
185
186
187
195
196
197
198
199
187
200
201
202
203
204
205
206
1
6
7
7
12
4
69
5
7
4
6
147
85
156
2
140
138
135
88
61
111
50
81
2
54
1
2
3
4
4
5
6
7
8
90
91
92
93
94
95
96
89
107
108
109
106
111
112
113
98
23
106
115
108
18
114
132
99
1
2
3
4
6
8
10
6
9
45
46
47
48
41
47
19
46
47
1
1
2
2
3
4
5
6
6
7
75
76
80
87
92
93
1
2
2
2
3
4
5
6
93
119
12
26
48
53
37
127
94
1
2
1
2
3
4
5
5
6
7
8
9
10
1
11
124
1
79
1
79
80
81
80
85
10
83
90
77
109
51
1068
7
8
10
1
2
2
2
6
1
16
17
3
2
6
6
7
8
8
9
10
94
83
61
64
13
15
81
79
51
52
2
2
4
6
7
8
7
6
7
8
5
6
48
49
12
13
17
9
60
61
1
1
2
8
44
19
20
9
3
12
27
13
1
1
2
5
6
21
11
13
1
2
3
3
4
4
4
5
17
12
3
15
17
19
21
23
951
159
170
122
132
121
120
119
114
2
171
170
199
195
173
117
116
115
61
1
2
3
3
4
5
6
6
7
4
7
8
1
8
9
4
1
9
10
10
11
12
13
13
14
41
29
13
21
23
37
37
38
42
46
47
48
49
26
27
40
3
4
5
6
2
8
9
10
4
16
15
17
1
2
3
1
4
6
6
5
7
8
7
8
5
7
8
10
11
2
12
13
14
9
34
49
50
47
56
53
51
52
3
136
25
26
10
13
14
15
16
17
9
10
40
1
3223
3225
3
24
29
31
32
150
182
3089
55
30
1
1
2
15
15
14
29
46
4
4
4
3
10
6
9
11
38
10
1
1
2
4
5
28
15
1
2
24
20
10
11
12
13
1
1
2
2
3
4
4
2
4
8
9
126
17
59
66
78
79
80
127
73
77
89
80
1
1
2
2
2
3
5
6
56
30
57
58
59
60
61
62
51
12
12
2
3
3
28
43
2
40
41
41
41
15
22
23
24
25
34
18
12
13
14
1
12
12
13
14
10
11
12
13
14
15
16
14
43
44
45
48
16
4
25
51
10
9
9
6
5
35
1
4
21
20
39
6
38
1
3
4
30
36
4
26
27
9
1
26
29
25
709
1
1
7
8
3
6
6
5
6
6
7
8
9
10
20
20
15
22
23
23
24
2
2
3
4
4
3
3
4
6
7
7
8
1
2
2
3
8
9
4
22
23
24
25
26
27
28
29
16
1
2
3
2
1
2
12
14
24
51
3
47
3
4
4
5
1
2
3
784
1
2
3
4
44
45
20
18
22
17
23
24
30
10
11
7
11
6
6
14
15
11
13
14
10
20
19
25
19
12
24
1
1
2
4
4
4
34
8
1
2
3
2
3
3
11
3
16
29
26
35
16
19
23
24
34
22
34
27
1
2
3
4
5
5
6
7
4
7
8
8
8
9
9
9
10
10
6
9
4
9
10
1
6
4
10
5
5
7
7
14
10
2
1
6
1
1
519
1
3
204
92
45
44
1
2
3
4
5
5
4
4
5
5
2
4
5
257
258
234
269
122
121
132
133
134
4
491
1
1
2
3
4
5
6
6
6
6
8
9
10
11
12
7
13
75
115
145
125
151
1
19
13
30
13
33
34
35
36
37
21
12
47
1
395
411
47
234
212
48
183
32
35
1
2
3
3
3
3
51
145
6
21
146
1
2
3
3
2
3
4
4
5
5
6
295
296
7
8
94
95
255
255
88
89
274
84
90
83
90
189
8
18
200
12
169
482
1
2
3
4
5
6
7
7
889
1
6
6
7
8
8
7
8
8
9
1
2
3
4
5
45
778
187
186
190
191
108
175
176
3
169
170
117
15
32
142
153
154
143
159
84
1
2
3
3
3
3
223
122
86
182
1
2
3
1422
4
5
1423
5
6
4
6
7
1422
7
8
3
4
5
1424
8
8
6
7
8
9
10
11
12
13
8
8
9
10
1418
11
130
132
133
24
1
31
132
32
33
34
34
35
36
37
20
170
29
49
50
51
47
31
51
50
50
51
51
50
72
77
5
6
7
8
41
56
57
5
7
55
6
23
1
2
3
3
1
596
3
4
4
329
5
6
7
596
7
8
106
600
108
109
110
111
443
82
166
7
23
24
25
26
27
28
29
30
31
21
789
2
233
29
28
244
2
186
187
1
1
2
3
4
5
6
7
8
9
10
11
24
25
26
29
181
182
167
181
181
180
24
1
3
926
308
3
4
4
5
33
43
50
130
135
168
198
2
153
48
1
10
16
143
342
175
164
178
166
16
47
198
165
18
197
197
197
16
1
2
2
2
687
56
3
4
4
176
186
1
2
3
2
3
4
5
6
1
5
5
6
7
8
14
15
16
17
10
20
3
21
10
4
1
2
3
4
5
6
8
8
8
8
8
8
1
2
3
4
5
6
7
8
8
6
8
8
8
9
10
11
12
13
14
15
5
19
26
131
4
93
96
56
12
106
10
24
25
27
27
2
7
7
8
9
9
9
9
80
95
29
5
1
192
193
43
44
45
46
47
68
68
68
113
114
102
65
189
114
116
117
118
120
22
57
83
84
85
136
139
1
2
3
1
2
6
3
6
8
9
2
8
9
249
56
34
187
2
2
84
2
317
66
90
91
8
120
4
121
122
180
220
225
213
1
2
3
4
5
6
6
7
5
7
8
9
10
10
11
12
13
14
15
16
17
17
12
3
15
1
15
1
97
100
5
6
47
52
96
46
115
1
155
156
9
57
63
64
90
1
2
89
8
91
90
92
92
26
25
25
147
87
1
2
3
4
5
5
6
6
7
7
8
8
9
10
11
11
12
12
13
14
14
1396
15
293
101
102
103
22
23
24
25
26
8
143
144
26
13
75
84
142
183
184
149
303
5
6
7
298
8
9
10
59
59
60
61
62
21
145
105
10
11
12
13
5
6
7
8
9
13
13
13
13
27
30
31
32
21
163
163
163
151
6
158
160
160
140
85
198
155
158
194
22
1
2
3
4
5
6
5
5
6
5
6
7
5
300
9
3
20
21
21
201
142
154
36
37
41
28
116
38
117
115
117
84
5
6
3
304
14
15
16
1
2
3
3
3
4
4
2
43
66
1
2
2
2
190
1
1
1
2
2
2
79
7
2
2
4
162
82
26
81
27
1
2
3
4
4
5
5
6
9
5
10
10
11
12
13
14
15
83
68
67
45
122
39
39
135
136
137
138
139
5
82
2
3
1
2
78
1
1
47
47
54
1
1
2
2
3
3
4
51
1357
52
8
53
54
35
33
85
2
1
503
818
71
1
1
1
91
65
85
1
8
849
1
1
2
58
56
210
216
215
138
1
2
3
3
4
4
4
5
6
13
14
15
113
114
156
61
1
156
2
3
4
2
4
5
49
49
50
50
51
46
1
70
25
68
106
377
103
55
38
1
58
6
35
92
93
93
92
94
1
2
3
4
5
6
1
6
6
7
4
10
9
9
10
91
47
46
65
59
69
97
98
99
101
129
1
1
1
2
2
3
4
328
62
29
71
85
86
87
2
88
114
142
143
118
119
49
1
1
163
164
1
1
4
360
42
27
43
44
45
26
78
1
2
2
3
50
37
1
79
98
1
3
7
8
21
22
85
18
88
89
1
2
1
2
2
3
4
4
2
4
3
4
1
2
6
6
7
5
67
91
92
1
2
3
1
20
1
55
56
56
24
53
2
1
17
1
5
16
1
15
14
1
2
20
57
55
18
41
40
2
3
4
68
68
69
86
1
1
1
2
3
4
1
2
2
2
35
27
1
2
1
220
184
183
182
182
1
183
182
181
185
181
180
1
2
5
1
2
3
41
88
69
1
1
2
390
1
1
243
6
7
2
79
80
81
75
1
2
2
4
4
4
1
40
68
71
1
1
2
2
20
1
1
20
4
5
6
4
21
21
29
78
1
28
1
1
36
23
1
2
3
3
3
4
5
6
7
1
39
5
71
72
1
35
7
3
3
4
5
6
6
13
14
34
1
51
59
48
20
290
47
75
120
74
1
2
2
1
2
3
4
3
3
3
20
4
1
1
23
55
95
1
124
83
115
122
73
70
32
6
6
1
2
1
26
5
6
7
8
8
33
34
43
44
44
45
108
48
110
86
1
1
2
3
4
4
2
4
4
3
4
26
1
64
10
73
9
9
9
10
11
28
29
12
21
49
53
67
1
69
1
2
21
6
13
39
8
2
36
78
1
95
73
90
829
103
50
319
234
144
456
4
5
1
2
86
1
38
1
2
3
2
57
19
1
50
7
19
8
20
21
1
1
2
45
54
91
1
2
3
11
9
41
8
2
2
34
1
2
25
1
15
1
1
2
11
11
1
1
41
1
27
81
51
35
33
22
3
18
3
41
33
1
2
15
16
17
18
14
47
3
2
43
53
4
1
1
36
37
37
35
34
25
26
12
19
9
18
57
40
55
2
25
1
1
2
2
19
6
32
1
2
24
24
27
1
1
21
52
3
48
61
10
4
1259
1
2
2
2
16
34
43
44
45
37
1
1
2
3
43
46
36
1
1
31
36
26
18
23
28
29
29
28
2
46
1
1
4
5
1
2
2
1
2
1
23
24
40
1
2
2
2
3
31
1
2
3
1
1
17
1
1
1
1
8
1
1
1
39
38
1
2
2
3
23
1
2
2
2
7
4
1
1
2
2
2
3
2
2
4
20
1
8
1
1
2
1
9
8
14
19
20
4
2
7
16
1
1
1
4
8
9
1
1
1
1
1
1
2
1
2
1
2
3
3
1
2
3
1
5
3
4
2
2
1
1
1
2
1
1
2
3
4
5
6
7
8
9
10
11
184
182
189
190
187
1
11
215
248
278
279
4
299
1
2
2
3
1
304
303
305
303
300
1
2
2
2
265
264
263
262
261
260
7
271
280
1
2
619
2
619
2
3
253
252
255
254
2
207
208
113
133
114
105
1
2
267
269
292
264
3
276
1
2
1
2
257
252
251
250
249
1
2
2
2
305
306
28
1
6
8
49
114
44
6
4
2
6
5
3
12
12
289
96
41
1
15
16
17
3
17
18
18
18
19
19
35
36
1
4
1
1
3
1
2
58
1
2
3
3
2
3
4
5
6
7
38
39
16
2
37
39
40
40
41
42
39
56
30
31
32
26
27
1
29
30
27
41
82
5
6
1
16
1
36
60
1
2
2
3
1
2
2
3
4
3
3
1
2
3
2
3
3
12
3
47
48
49
50
1
8
1
6
7
7
8
9
16
1
49
1
1
1
2
2
31
1
2
2
2
3
9
1
2
41
153
159
160
161
3
75
76
29
628
738
62
148
149
150
151
113
32
130
1
34
36
38
2
36
1
2
3
17
1
40
41
37
2
1
2
3
2
1
6
841
61
64
2
1
179
98
1
2
3
18
67
32
96
97
115
113
115
152
152
153
181
182
183
183
206
217
1
217
160
58
1
3
4
6
8
9
9
181
20
19
19
99
1
1
2
2
3
4
5
4
5
6
7
8
10
11
1
55
56
615
9
60
61
62
63
2
68
68
24
28
108
109
113
114
78
84
85
86
82
87
88
89
70
4
115
116
116
67
1
133
82
128
111
166
130
217
2
173
174
217
1
2
2
3
3
4
112
113
2
54
55
56
51
1
2
3
1
640
3
4
5
6
6
7
245
8
9
244
10
11
11
12
9
825
10
5
90
94
127
128
128
129
30
128
25
23
26
236
28
16
69
70
71
72
67
63
65
98
68
99
76
13
83
26
242
92
243
220
244
1
245
93
246
247
1
2
2
3
4
5
6
7
8
9
9
624
625
626
299
300
4
10
11
12
64
88
153
154
155
64
16
45
24
25
63
64
174
63
174
62
174
58
39
14
36
50
53
157
1
412
100
101
102
105
248
25
226
248
142
248
1
1
2
3
4
5
6
7
118
104
119
1
85
87
125
1
2
49
50
126
43
1
2
2
1
1
1
2
3
4
261
5
6
7
8
9
9
10
11
12
13
14
8
14
259
14
2
3
1
7
14
15
16
17
18
19
20
21
22
22
22
22
22
23
3
4
58
5
8
108
109
110
1
57
918
57
30
58
59
862
56
151
152
28
103
161
193
23
99
84
133
194
163
164
231
328
3
151
152
153
154
155
156
1
2
5
148
170
1
2
3
170
169
3
168
170
1
106
64
80
83
3
1
2
5
5
6
7
53
54
55
57
15
55
57
16
53
61
62
1
154
155
216
221
222
1
1
2
3
4
5
6
7
8
9
10
9
10
10
11
12
12
13
14
15
16
17
17
18
18
9
16
17
33
34
35
36
37
38
38
1
2
122
123
1
28
122
123
124
125
72
89
97
98
130
2
3
128
129
129
206
206
120
207
166
51
52
6
1
1
2
3
4
5
6
1
3
6
7
15
16
17
18
7
76
96
97
97
102
103
1
2
3
4
5
4
5
1
4
3
208
209
193
32
1
78
78
187
1
2
2
3
841
4
5
6
58
5
58
56
47
76
42
43
1
51
51
20
21
22
20
17
30
28
130
1
149
149
150
16
120
134
135
123
1
1
76
138
139
140
141
142
143
144
86
155
2
161
162
163
164
75
137
152
4
202
159
203
42
1
1
2
3
4
5
3
4
5
6
1
6
7
8
9
10
11
12
1
21
22
23
24
194
194
1
2
289
2
3
4
10
11
12
13
29
225
286
31
32
33
28
62
80
81
92
93
94
95
106
107
108
109
110
111
112
1
13
13
14
15
16
48
1
23
25
48
49
108
46
108
2
3
4
5
6
7
121
1
4
180
181
182
1
3
2
1
2
3
4
4
2
4
5
6
7
3
7
122
122
123
1
2
3
1
2
47
115
122
109
122
120
10
11
11
12
13
1
104
105
106
107
107
44
66
70
72
71
78
77
80
73
60
61
62
1
101
102
20
17
1
2
151
599
260
104
105
2
3
3
4
5
1
185
58
332
57
36
57
58
59
1
46
108
107
33
34
28
1
2
3
3
3
3
4
5
6
1
72
73
27
28
71
73
74
75
76
77
78
7
24
858
25
26
1
2
1
2
3
4
5
5
6
7
26
85
110
16
1
24
127
21
2
136
54
1
2
57
355
1
2
3
4
6
8
3
4
5
6
6
7
7
8
2
46
47
44
218
44
3
25
1
84
84
22
83
95
83
94
1
23
312
43
1
59
133
17
43
21
22
36
3
1
1
2
3
3
42
43
1
2
3
87
105
36
23
59
2
1
2
2
5
6
7
8
50
49
3
12
33
51
45
52
51
1
2
3
4
5
6
1
4
6
7
8
9
3
9
29
30
31
1
31
31
32
34
35
33
35
116
10
7
7
7
8
37
1
2
65
66
1
16
16
83
5
23
31
33
26
1
1
1
19
43
62
39
36
3
36
2
36
1
24
18
25
12
26
27
28
29
19
14
30
31
32
1
2
1
1
6
5
106
27
98
26
96
2
125
7
24
3
4
31
1
2
51
1
14
15
14
17
18
27
28
29
30
31
1
1
109
1
3
61
1
62
63
59
15
237
236
5
13
59
43
1
2
3
4
42
1
59
39
56
1
38
39
2
4
8
2
11
11
12
13
2
9
10
70
71
1
65
66
1
84
1
1
3
1
15
16
17
18
19
20
27
27
4
44
1
2
3
2
3
4
2
4
5
5
6
7
7
8
9
10
10
16
13
12
15
261
257
170
169
169
30
75
129
128
126
1
125
24
25
30
31
32
23
1
2
2
1
75
3
3
3
63
64
65
1
1
1
1
57
1
1
3
6
7
8
1
8
1
44
43
1
2
56
4
5
1
6
5
1
2
1
45
46
47
28
25
1
2
1
3
2
2
9
12
21
261
259
2
257
257
256
160
76
75
74
73
177
1
1
2
2
2
31
8
9
1
2
2
1
24
13
11
10
13
1
2
5
6
2
6
22
7
20
1
1
2
1
2
1
1
2
2
3
17
18
19
2
1
1
1
2
1
12
13
1
2
3
139
138
137
1
3074
1
2
2
3
1
1
26
25
1
1
1
5
10
1
1
10
17
1
1
1
1
1
1
1
9
1
1
1
2
5
1
5
6
1
1
1
1
2
1
151
1
2
3
3
4
5
6
7
8
8
8
109
97
96
95
94
95
94
100
35
164
42
44
45
46
47
48
196
252
240
1
2
3
4
4
5
5
6
5
270
5
6
6
7
33
185
48
58
2
3
4
1
72
69
52
51
50
49
48
44
53
47
1
2
3
4
5
5
6
7
7
7
7
8
8
9
2
9
10
11
12
13
14
14
14
15
1
212
11
8
7
39
40
41
45
42
43
223
222
18
235
216
215
679
238
1
2
103
35
69
40
23
86
1
1
2
2
3
152
132
131
2
2
3
248
247
257
38
115
1
2
3
2
3
3
21
236
235
234
16
232
231
230
229
1
1
2
3
4
5
6
7
8
9
10
11
12
13
12
13
14
15
11
15
14
125
126
86
180
112
169
107
108
55
124
121
115
1
2
3
4
5
5
6
6
6
6
6
192
13
52
53
54
55
11
1
2
3
4
3
4
4
4
5
3
248
18
18
171
3
3
4
4
2
152
209
257
208
270
218
199
197
1
238
4
5
6
7
1
7
8
676
8
9
10
11
12
13
14
14
15
2
3
197
203
221
5
220
7
8
34
35
36
29
278
277
276
275
214
215
30
214
204
1
203
202
282
283
290
154
1
2
3
3
4
5
6
7
8
9
10
11
11
12
13
14
218
217
217
217
217
216
195
194
193
192
224
196
1
2
3
4
6
6
7
7
171
161
246
17
246
246
246
1
2
2
2
245
247
122
1
2
3
4
5
5
5
6
7
8
9
208
181
183
181
184
182
183
1
2
3
4
5
289
288
287
287
286
288
287
5
24
42
66
65
107
14
2
3
6
1
2
3
4
3
4
4
4
2
126
144
20
39
40
40
41
42
1
2
2
3
4
4
5
6
7
31
16
58
50
49
27
54
55
119
140
2
2
3
67
1
2
10
164
147
1
52
15
16
32
21
110
91
143
41
58
218
165
4
5
5
5
5
15
16
17
18
19
26
27
118
156
154
1
1
1
1
28
39
10
35
1
152
13
112
4
4
5
6
6
6
51
52
49
52
48
53
103
106
704
33
138
50
51
48
43
70
1
2
3
2
1
59
69
1
623
18
90
102
1
2
2
3
3
4
5
48
49
1
59
46
66
67
42
53
63
2
3
3
2
3
4
4
5
42
58
709
69
70
1
2
1
2
67
79
80
1
2
2
2
3
4
5
81
83
72
106
107
1
1
1
1
6
1
2
3
2
2
45
1
1
2
3
610
4
5
6
57
56
99
57
111
109
108
1
22
1
1
2
2
3
4
1
16
17
18
19
20
14
2
2
4
6
8
45
46
43
20
1
1
2
1
1
1
2
44
5
2
1
1
1
3
1
2
2
3
3
26
1
2
1
1
2
2
1
1
1
1
1
1
2
3
3
12
15
10
9
1
2
6
1
1
3
4
2
14
23
1
2
2
3
3
21
67
58
4
5
6
7
8
1
1
2
7
1
7
8
3
37
20
48
49
50
51
52
53
54
55
36
6
116
117
118
119
120
121
40
1
2
3
3
3
4
2
1
35
1
116
1
2
2
2
3
3
4
1
57
58
59
60
61
61
62
63
64
65
66
16
45
46
47
48
49
41
1
1
2
3
3
4
5
6
7
1
7
6
7
47
48
4
58
1
60
68
90
54
55
56
1
102
73
74
75
76
77
78
79
80
81
82
83
4
1
2
3
4
5
4
4
3
4
100
5
99
6
7
3
16
59
231
229
233
194
101
87
32
88
89
15
90
91
89
100
116
88
86
65
88
1
2
3
7
8
8
9
19
3
5
14
46
92
36
48
103
23
51
52
53
54
55
19
56
15
1
60
74
87
11
7
17
10
4
5
5
6
6
5
65
42
3
24
40
35
1
2
3
2
2
56
1
2
3
57
56
56
4
24
59
1
2
55
42
25
1
23
1
53
13
5
1
3
2
25
24
26
18
17
16
24
25
9
7
1
2
10
11
16
1
1
2
2
3
6
2
4
16
1
1
12
11
2
1
1
1
1
1
1
2
32
39
1
2
3
3
4
4
4
5
44
2
45
46
47
47
49
50
51
20
52
9
76
81
82
16
76
2
3
2
252
1
1621
1
1
2
1
1
2
14
41
59
60
61
28
79
1
2
1
2
2
4
6
71
61
62
51
21
27
67
28
31
2
4
5
3
4
4
44
42
43
65
1
2
3
3
4
5
5
5
36
37
50
5
6
5
8
8
15
7
8
5
40
1
3
2
2
1
2
3
3
5
5
6
4
5
6
6
1
2
29
1
2
26
21
19
27
15
24
23
2
5
1
9
18
19
20
1
1
1
5
6
1
2
1
2
1
2
1
1
2
1
1
2
2
1
1
2
169
168
167
166
170
1
1
2
245
244
242
37
39
2
40
103
104
105
106
141
142
143
102
190
3
4
5
6
23
9
32
185
186
187
188
189
189
33
210
211
2
5
1
2
115
2
116
114
177
178
182
183
184
185
186
185
186
90
91
93
2
1
3
1
4
4
7
9
43
44
45
46
9
19
42
44
2
3
2
4
4
5
6
7
37
38
121
122
158
159
160
16
17
12
30
30
1
2
3
4
5
2
1
2
1
2
3
1
91
91
92
16
20
21
21
1
2
3
78
85
86
87
88
89
24
2
13
16
9
38
42
44
45
52
54
56
59
61
63
83
84
85
1
2
3
3
4
2
3
67
1
2
62
63
78
79
80
4
5
7
9
2
4
12
13
14
15
21
22
2
3
1
2
3
4
5
1
5
6
7
8
9
10
11
11
8
1
10
11
12
13
14
15
6
15
34
7
40
1
41
42
17
31
40
41
2
3
67
68
69
70
6
16
33
39
1
71
47
39
1
2
9
9
8
70
30
20
2
23
10
24
25
27
19
20
21
1
2
22
18
1
21
19
20
28
20
17
18
19
25
69
1
2
2
3
3
2
4
5
6
7
2
2
1
5
2
38
12
22
48
54
17
23
48
28
29
4
5
7
10
1
2
3
7
1
6
1
2
3
4
5
6
7
2
5
7
5
10
7
11
3
7
10
11
4
12
14
16
18
1
2
8
10
27
3
7
1
27
28
30
9
31
26
6
31
21
8
30
3
14
4
12
11
16
10
31
7
13
14
3
4
5
6
7
8
9
1
18
1
3
4
1
1
1
16
16
6
2
4
1
3
1
1
1
567
6
6
55
55
55
7
70
1
102
103
104
4
5
5
6
7
8
9
9
10
109
91
1
132
133
134
134
137
138
26
143
132
146
1
2
3
3
3
4
87
120
138
93
95
88
1
2
2
2
3
18
25
1
1
60
59
1
2
3
4
4
5
605
5
6
6
6
63
5
64
3
117
107
52
51
59
11
29
30
4
30
25
22
17
1
26
27
28
24
1
1
2
12
6
34
14
49
61
59
1
2
3
3
3
3
4
5
3
27
36
91
24
109
89
1
2
1
2
3
73
1
4
5
17
60
58
63
11
9
2
80
1
2
2
2
35
17
1
14
126
1
1
1
2
8
1
2
2
3
4
4
5
14
15
12
28
17
30
8
1
1
34
17
1
3
4
5
5
4
3
1
2
1
23
17
1
28
1
2
2
3
4
5
6
7
7
6
7
8
9
9
10
11
12
13
1
51
1
2
287
9
2
9
1
5
9
26
6
32
3
3
3
42
1
3
4
3
1
2
3
1
25
26
27
28
43
44
10
1
2
1
61
1
11
16
21
22
23
13
46
33
35
2
41
27
28
22
1
40
1
2
2
14
1
1
11
1
1
3
4
5
6
2
4
11
8
1
2
3
4
5
6
10
1
1
6
1
2
1
4
2
1
1
1
1
2
2
2
3
7
4
1
1
4
2
4
1
2
1
1
