2229
2260
700
235
1043
2287
2066
2683
2673
2431
2931
2418
3046
972
823
2194
1395
98
1947
374
394
1949
663
4031
3119
1324
3267
919
2427
952
2125
2428
777
988
264
270
1230
276
1228
1065
101
341
247
3309
3310
269
2315
2334
1371
2932
647
485
653
2220
606
3195
3159
1402
3260
545
539
1110
468
1641
3412
3492
510
3156
844
3087
537
320
2406
715
605
1825
486
363
3007
478
9
177
1410
174
1850
1418
2356
501
499
2197
3345
873
225
1765
1615
1462
325
307
2912
1862
767
768
598
1855
3388
3403
3405
1116
3582
2326
2028
3442
2716
1058
2406
3336
1071
1773
2711
2714
1077
2595
957
4
969
2103
3425
959
50
2105
639
1847
1302
3335
2765
1960
856
3317
317
2596
1280
388
827
1984
2524
2250
156
1449
3363
148
2258
2547
1273
967
969
448
1003
1168
3346
3285
2919
2184
703
3283
1136
297
2737
1567
321
3219
2527
1010
2412
1527
745
20
1391
881
1780
499
17
58
474
472
3415
2557
577
2560
2768
1260
1281
3483
2998
1318
1514
2112
207
1672
713
2753
783
460
3104
2113
2374
486
484
1576
1599
2372
1876
2617
1228
1245
3422
1251
2630
780
3277
2850
2626
213
741
650
742
648
647
1860
1864
493
2033
124
1098
1414
3028
168
1412
2954
324
3067
3419
321
3048
1220
1023
1018
1967
1968
1969
1970
1481
904
361
910
911
1694
499
179
474
870
1610
2263
6
440
1251
1334
1333
2393
1324
506
2387
792
1927
653
1330
1500
1786
932
314
1996
950
1801
1650
1651
1652
2178
2002
441
1914
105
3158
3159
1925
3160
688
2131
2855
1358
2613
2612
3575
2915
1312
2155
943
2189
975
3527
245
3613
862
253
598
1406
211
2571
2478
334
363
1898
129
2246
1718
2665
1257
2355
7
3341
867
1142
1752
2042
2043
2180
3144
182
1335
181
1559
1484
3427
2070
866
3246
3247
3248
2188
839
3153
1927
2882
696
702
707
1229
725
1281
1852
1199
1153
1239
715
1240
2277
3348
1776
13
2246
1250
1388
1621
2221
1399
2578
486
612
109
359
372
121
714
2580
184
1907
107
2717
123
843
2027
1438
837
312
2133
1087
829
826
1492
1494
1623
2614
1885
257
438
331
453
1542
2871
2176
2930
1068
1072
222
2259
2220
1264
2216
3129
2779
1969
2728
2734
1897
340
460
461
351
465
2621
1061
1065
1067
3430
3431
885
1223
106
658
595
2782
1543
1541
320
319
2181
318
1970
199
3037
3296
3181
887
3368
361
2553
2456
2115
1789
3211
1775
364
155
1526
2806
670
672
138
644
1448
335
2659
61
1562
365
2825
55
1837
2731
192
1424
126
1426
403
893
243
1407
2742
1411
2741
879
2612
1191
1190
1639
815
2475
3745
2435
926
912
2714
3314
2063
1609
2505
2546
2474
531
3791
109
3792
791
2763
15
1951
683
388
403
73
59
56
2061
1275
385
1241
383
621
864
409
3227
620
3005
1307
338
1013
1650
2104
2054
466
479
1488
325
1652
324
1624
3024
3036
2782
3161
885
588
1089
3446
2563
1346
1283
1556
1881
1527
1897
1526
7
6
1244
684
1683
1558
2908
1885
1886
1928
964
1664
311
2039
3583
998
1177
3523
1396
399
206
2308
1880
2309
274
1344
1874
983
1707
367
681
2019
467
360
3540
156
1052
691
3753
2778
1246
443
955
698
960
2898
2201
1666
2938
2968
850
477
851
2523
551
550
2935
814
454
484
407
1272
2504
754
755
2749
1662
2891
2304
2327
282
2162
52
2461
89
811
522
1838
817
1787
1240
564
2943
1674
431
1874
1529
397
1571
403
1321
303
1670
2072
3019
1677
423
724
1798
718
426
2013
1952
861
448
1895
457
2923
641
1975
3224
691
1213
2529
65
302
301
394
2312
473
474
880
310
1079
308
2996
370
2214
473
2216
1777
1739
1960
1565
1981
1984
2581
304
3105
2324
2908
1837
320
691
1080
1081
1083
2968
350
2304
340
2305
337
923
3279
2656
2085
403
3069
2948
210
282
3225
280
1707
1468
1576
955
966
1390
2046
1162
2703
2704
1158
3581
417
420
419
2448
302
306
2673
2674
317
889
3536
3035
3034
1350
405
3061
1617
2338
4
354
527
306
1779
305
2687
1710
1711
1346
1708
1922
531
1794
608
1796
2608
3177
2069
1348
1347
2950
2951
1346
1344
112
2590
2432
1830
227
8
816
2460
2459
3074
1778
249
1779
2938
2543
1808
2451
3066
2450
1702
407
3550
3172
771
526
528
1146
1143
1583
1025
453
3385
721
236
716
564
1082
526
1083
1758
1084
1814
3230
511
1872
2076
2073
2011
233
689
2339
509
681
406
2483
511
2831
1833
184
506
2824
2830
2042
185
1295
1104
1105
762
1470
3143
2057
2041
367
1631
1133
1639
1134
690
1160
1416
1905
69
1264
772
1622
559
3160
452
604
519
2348
3992
2652
23
3007
139
3031
773
3032
1281
1985
478
363
2271
3141
36
628
1150
1517
2916
1146
2921
1522
1524
898
3599
2181
2183
1190
911
485
1184
1122
3416
1245
803
2336
813
1868
1780
187
2011
1692
886
815
397
2997
2489
2514
3480
2346
2347
2727
2103
82
1457
1950
2252
758
1368
3485
3486
1372
1374
1375
842
1743
1261
100
1262
99
2836
2006
1389
1382
44
1325
1916
3117
801
1127
591
773
1792
1357
1452
2434
355
1533
254
1833
248
3072
1834
1435
80
2365
375
360
1145
1268
2821
488
357
258
1267
261
1270
3309
3178
1553
3175
3574
3152
1683
818
2037
2968
1623
3736
1625
1654
967
1068
622
623
624
628
704
705
489
17
2366
3146
1305
303
1605
1603
2109
1764
794
1526
705
2031
438
766
1005
1276
2399
1270
3089
51
2114
52
53
1384
1065
48
1048
1370
1833
52
53
971
969
751
2051
2052
806
2079
2407
2408
2782
795
2438
2726
2864
2865
3384
314
1374
1395
97
101
1096
1432
310
1401
1103
1402
107
331
2833
1539
2836
2837
1542
1543
1
1915
1605
1696
1131
1433
2161
1604
155
1695
162
160
1691
2166
1441
1442
163
1657
192
204
2184
1151
1478
1790
1785
2354
1779
2350
70
3654
2936
896
1639
890
1769
1480
1496
894
1637
1764
1497
225
1517
251
1518
1519
253
254
3040
1766
3749
422
1785
398
3052
1792
1224
1633
261
1525
2229
1601
3006
2974
2976
859
159
464
1059
1097
167
3103
2539
1174
115
2522
3039
2541
1077
2637
1006
2262
779
660
693
696
2041
730
815
1990
1204
1684
1205
339
1583
210
324
325
2260
327
1296
786
789
2035
826
766
1913
2281
403
3286
1093
1090
1202
368
1373
1094
867
1635
1636
1637
862
842
773
482
781
782
1217
1934
265
2748
1495
954
953
826
429
824
1662
858
1408
1669
814
1670
195
550
2527
2530
2531
49
2382
1073
2006
1288
2658
788
2909
939
307
2638
308
617
873
865
2376
372
331
669
2394
915
908
500
1172
316
916
315
881
2286
588
3024
332
880
335
870
2340
1129
2331
2091
856
597
766
1418
1417
837
1402
490
1427
488
2188
2189
2802
242
878
760
1979
747
1981
938
2620
2573
2724
820
373
816
882
2217
1026
1027
1028
2823
194
654
2001
2002
2003
800
816
2770
2261
382
2988
394
1164
796
2017
2743
993
123
1250
837
374
1107
854
2870
762
761
760
759
966
2302
1191
1036
892
1198
683
1687
668
682
2909
275
289
2265
913
1313
1839
1141
61
1407
1408
310
1191
750
481
757
1962
758
1351
271
264
1325
2104
2105
1032
322
321
2243
319
2060
2591
2983
468
469
485
2
2749
664
663
1792
1208
1209
2598
2696
662
2695
1790
640
11
1251
2972
2445
2981
1842
1843
2683
118
1240
537
2591
2970
1454
1429
2191
2190
2061
1162
1126
988
2192
789
17
88
3189
1018
3306
82
2436
2432
2329
1707
2265
1009
194
918
846
1195
1117
2041
116
2042
200
1251
778
2899
2126
2404
2332
2588
367
2784
986
979
1638
1649
564
1609
566
201
665
2065
2066
2068
617
1420
2632
49
1972
616
698
2937
365
617
217
2935
543
822
2316
3113
306
28
926
1314
1643
702
1429
2886
1749
2687
2457
664
77
422
1731
2901
355
587
27
242
1069
105
809
2848
1784
2084
528
2896
371
532
729
731
2056
1554
1552
1355
1098
563
1394
1055
127
53
1432
1049
2227
1114
519
2498
2492
2483
738
984
3331
481
482
15
833
1509
2692
179
1042
132
127
1417
1957
1942
1618
445
447
210
1747
1754
1745
2677
335
1345
1483
334
2141
851
857
1011
796
1010
1419
2248
1432
343
1332
896
995
994
84
81
2836
1512
24
3688
1341
2495
2494
2493
2492
1423
469
514
1290
3585
2389
1294
1298
1324
1497
1495
174
2176
1166
173
64
1537
2174
175
572
2
2752
1352
1348
1908
2790
2288
1346
1906
1416
1413
2789
359
3511
3507
2130
3005
2145
3510
1056
2162
966
1479
957
1540
1268
330
2010
295
2183
1555
444
2451
1232
2478
1999
896
1334
2760
1996
322
1949
1948
1331
1944
1331
319
1324
2210
757
3236
3495
2757
1314
2479
2738
2444
1440
1443
278
3669
2441
1449
2394
817
2392
1400
843
844
862
2388
3569
2621
1073
2057
1601
2125
895
636
634
764
502
2887
698
701
72
888
2123
883
1191
2618
2590
1247
1245
1427
872
56
32
28
2607
1234
936
311
1711
1373
2296
2295
1394
1395
1181
99
435
1298
1296
147
1295
2464
1063
2461
1256
140
1603
1186
69
385
45
2094
835
619
1204
1203
1202
1665
2626
2067
1181
305
1804
1761
1766
556
880
884
886
306
8
49
2804
1966
384
41
376
375
374
1387
1381
746
114
2185
700
631
1051
3160
370
808
1134
1127
1815
2539
1097
2294
3529
1148
1149
101
195
31
1860
1942
1935
3114
2380
3724
1097
1098
1099
3165
76
1892
1496
2883
228
1481
540
2807
1537
2527
156
1405
396
894
2296
2306
1073
3641
3642
2366
2365
60
1105
2234
3020
111
110
3116
1659
62
1335
1336
2311
2179
2117
1329
50
47
59
62
2129
2233
2232
3513
2230
102
1644
60
808
1469
23
22
2755
333
2533
2751
1947
289
1016
1675
804
771
2400
838
2488
3767
2487
222
33
1658
1685
620
1721
2994
1718
1629
2219
490
588
1923
646
569
1631
1024
2080
1650
1386
15
1348
2672
1030
266
1774
1733
311
299
2692
304
1768
261
1721
615
660
2106
796
795
602
45
758
2721
1690
2722
1
1662
26
1504
14
1680
1281
1663
1505
2961
175
489
1621
2102
856
1664
1636
2034
5
1530
26
260
1353
54
53
1767
342
1757
236
2046
504
2292
3324
2008
31
1974
255
2282
821
2251
3853
2245
2244
215
31
2202
1278
13
1519
791
2119
418
1009
405
1104
243
1273
2505
244
1555
1812
2113
1808
2114
1718
370
1711
2025
299
2032
2167
513
1141
517
828
855
2566
44
2242
2239
839
257
875
1710
1711
16
17
1487
1488
245
2487
1499
840
1142
3560
1065
1403
1248
2438
1279
2468
1118
3503
805
487
707
1907
1908
1909
169
670
994
1417
1266
928
2380
2381
232
110
112
345
1996
2342
2343
118
1991
530
3362
495
1897
1840
3210
2194
3211
1059
259
272
3433
3636
2299
2300
2336
2334
2689
3706
2331
3707
277
38
2155
1131
976
1339
1075
29
1342
988
468
986
1348
1016
1015
1014
1377
1403
2628
1075
1608
1003
741
1225
203
2144
721
30
243
284
2622
1230
347
2212
1188
1033
1005
1031
451
1024
1179
24
109
2423
1029
874
1416
2206
2193
1127
2750
977
2751
978
991
3059
1197
1348
3300
2
85
1050
827
1440
83
387
1437
1438
825
1521
1139
2532
438
673
1050
1212
1207
1125
790
1165
1164
1552
633
1150
1553
2394
1925
2400
1921
217
884
651
1040
635
1560
1047
3343
2330
1955
1954
2331
1951
1299
254
2652
1639
1265
272
3554
1149
1213
2891
4008
757
2585
2725
203
2406
2405
663
3251
1602
1132
1823
1968
1649
691
523
830
835
168
174
2520
2525
1922
1920
782
781
780
1186
845
1518
1838
1065
300
1346
265
1029
425
3172
381
3939
2392
1357
317
1584
921
841
2953
1040
3180
412
376
227
331
332
334
1738
1589
755
2983
2236
374
129
2256
1041
1040
1626
372
828
1782
792
375
2440
171
1009
2586
2037
1552
1916
759
421
422
3073
1130
2312
509
450
2656
2657
105
2674
1497
2675
1495
1461
768
779
132
1971
1974
61
3180
692
2419
315
1232
761
1860
257
559
1876
636
148
2363
1047
151
152
900
2215
151
1832
2338
3115
2746
2732
1218
34
1743
171
2725
644
1089
18
525
526
1382
2307
508
509
2229
1400
678
275
622
2693
510
1123
1668
1381
1691
139
2599
1060
1956
1929
155
1075
1091
1600
378
376
549
538
506
1333
1332
552
457
397
429
642
649
745
1651
342
446
445
121
131
1750
842
2058
828
2066
143
2029
1245
2039
142
1047
2356
1990
427
1160
1162
2274
1164
395
51
1923
45
821
133
134
1114
1369
663
604
1879
609
1006
1973
2375
467
1619
641
582
1999
658
1302
54
1248
53
343
115
1116
2466
1124
2581
1083
2090
1113
2592
1471
3664
2691
553
11
966
748
2465
747
1943
1326
1327
425
427
51
50
802
734
1987
688
1988
3174
233
1982
1983
1984
2477
3367
7
2339
1975
1978
2261
3417
3538
2503
1979
2346
1982
724
140
141
1658
1670
2606
1154
140
1659
2503
1661
1660
2667
1088
1157
1672
2461
2987
3908
563
227
1307
863
1180
869
1743
306
1744
1191
331
1746
583
55
50
2829
2830
576
554
817
1441
1910
1511
696
2614
2691
2011
2612
2613
3446
3547
7
128
3699
1424
881
839
1404
3574
251
2548
253
2664
2123
2666
31
49
426
427
732
987
397
398
763
463
956
377
378
477
855
481
1913
1914
227
3314
1533
1822
1717
431
977
702
2030
1871
2296
1865
3297
2885
524
2221
585
258
844
2592
3251
263
3474
2631
787
783
3533
780
1858
1499
858
292
1083
2715
2716
2632
3487
2046
2638
2656
1632
1633
333
247
356
2806
1247
664
2628
2041
2636
660
2253
1887
1368
197
2920
1147
2921
2922
3496
3235
1889
319
1888
3597
2157
771
2754
2752
3330
3570
183
2637
3215
298
2848
3250
2045
654
2644
2047
2049
3472
3625
187
1306
699
155
683
2773
3279
2287
2810
1393
2829
1391
3759
1337
3760
596
1480
523
524
1986
542
1
2050
3157
2714
3104
4
2049
2666
2713
1229
2664
277
2668
800
1435
1439
1441
1442
3
2690
281
2707
2713
2686
3124
643
640
639
1
2662
2709
2711
2704
2708
2710
2621
762
2828
2830
207
209
213
603
2780
1863
1955
1687
1886
1692
2130
2067
214
659
1305
2729
268
3841
175
1831
1084
1085
1410
1018
426
1239
1357
657
658
1634
2596
1641
910
414
410
395
3006
700
2348
1894
2343
2583
2584
2587
213
3482
1237
2055
2054
2036
1613
622
3153
117
115
113
2142
1338
225
2132
1257
1244
2083
280
1240
283
1244
2204
208
212
2192
92
1594
199
2179
1099
1093
3503
3934
3635
472
433
3394
96
1024
2490
3395
1020
2106
3123
3119
2213
1017
107
2271
109
221
2163
222
2735
2223
1738
1735
602
2090
2202
383
382
1763
1717
2584
2129
22
482
133
3716
1
2146
2145
2144
2102
1733
1540
1728
651
1691
1662
454
5
2454
1657
403
1900
448
792
1006
2107
1587
2000
1
3414
3418
1212
1045
1041
404
1933
782
3415
1613
722
723
1994
2229
3432
723
722
2471
1265
287
1318
1319
594
1263
1265
1315
671
843
721
881
634
1454
1449
1869
2043
872
172
2490
2492
173
2493
186
2522
929
3202
3036
718
717
2472
976
2473
259
2483
166
2485
1545
625
629
1409
1783
1393
3328
138
3329
2448
2449
152
240
2105
672
671
62
1357
609
610
2661
2029
2015
1281
733
274
1281
2002
545
546
547
1007
3276
3890
2052
1264
1266
262
263
2363
260
784
3425
2370
782
141
739
1891
1658
1019
1962
1950
2701
1285
2689
2035
73
77
2324
740
90
305
1927
3
1295
1945
286
1956
1290
1156
12
1949
2286
1291
309
1128
1771
494
1106
1515
1924
643
634
632
2232
915
1942
308
913
1027
1223
637
1224
1295
1297
1298
1299
1913
309
1550
311
80
298
1250
2875
1015
3922
1915
1314
310
2594
1549
1308
572
561
305
1589
3704
2719
4
263
1415
1154
3025
476
3
1
2289
2880
679
2243
1562
3
1307
1685
2542
184
153
1310
55
54
2740
156
1324
8
215
204
201
1332
737
1123
2994
1128
3850
1365
223
45
1662
1663
957
1665
1666
969
1069
134
319
2318
2324
331
714
391
374
411
630
3113
348
2293
647
2299
640
2320
1521
1322
325
1088
85
2399
86
1557
993
992
2651
98
3492
3493
1475
1481
2691
1325
2391
1227
836
940
2590
939
747
428
3433
2593
753
1778
2321
1330
5
543
2112
639
293
2095
642
2107
287
288
434
4
339
1335
1466
2312
1178
1264
1501
1643
318
2413
1335
1336
1337
1480
3629
49
1106
514
978
2794
1112
1
1937
2274
1338
1936
344
345
1337
1072
1908
344
265
1956
155
1320
352
1458
342
236
2077
3612
1084
170
1079
64
1339
1462
2308
473
518
3141
350
3142
2313
610
3377
524
3461
2882
1349
2347
2412
189
280
376
254
2993
1286
215
2994
1060
3108
2409
3480
2406
637
1893
1400
365
366
2210
484
2258
317
2263
538
2264
466
1269
2645
1270
1281
760
3611
1049
1020
1021
1023
1025
1026
91
726
546
1923
700
1924
1925
1346
2389
2365
2376
1012
1044
1043
1030
719
1855
1856
989
1877
1012
1880
998
1538
2141
3853
961
380
1192
381
1371
2163
1020
1036
653
651
2241
2656
1197
2593
2505
3660
2392
611
2010
1549
1017
738
1024
650
649
1438
55
431
1217
1066
448
450
1401
990
401
988
1
2579
1990
3637
2580
2403
3638
3056
1681
3879
3076
1684
1685
3080
1240
1239
177
581
1971
173
589
2435
1981
601
2438
367
1233
1909
1064
1066
1575
2585
2404
1986
2428
181
180
1055
1980
598
599
2306
494
606
1039
1040
780
1398
1406
981
2628
979
2115
54
1033
1581
598
1035
2171
2170
2169
583
2614
1080
2300
70
1489
488
58
57
2299
1490
489
70
2111
1695
966
1696
1697
431
167
490
491
76
1036
794
1040
1401
3621
3131
914
2220
3
1730
1040
811
2217
300
2707
2708
2709
2307
50
2167
1033
1036
1037
1433
1438
963
1208
676
2012
637
2808
2014
646
2022
907
2813
153
970
2620
3524
592
3520
178
637
904
900
154
652
1213
1608
555
1610
824
2174
1212
516
514
2037
961
1163
2060
1728
50
49
48
842
3475
2010
2012
3187
60
790
61
2343
2344
1168
52
2947
288
3415
313
549
827
834
542
538
837
2551
3569
2981
1090
1607
2982
2983
1086
2985
1
432
1465
2449
433
434
2448
2548
586
3567
584
2278
3118
3119
1742
3904
1233
1744
3905
1229
284
2240
1045
39
38
1139
1140
1631
2076
714
1175
1176
1181
1182
456
453
451
450
1146
40
1749
38
1259
37
3152
1963
741
1969
1971
1972
218
426
1702
2623
729
460
1277
1276
2197
1960
33
1821
2724
304
2722
2358
720
477
1703
1696
1655
467
466
176
1737
1757
432
1491
901
600
473
472
1059
888
168
726
183
901
743
761
763
1177
732
186
766
767
2117
771
443
445
2553
446
2398
1228
460
1060
1891
1061
1062
167
166
777
2127
2894
2895
12
437
434
1844
906
1074
914
1875
1832
918
419
2339
461
462
1496
871
38
864
3610
1756
227
3685
1229
1689
422
420
418
1782
1693
929
1798
1795
167
2263
861
476
1238
860
2150
2918
809
812
813
876
2237
859
1525
2647
4
412
411
385
383
1879
2845
2846
1513
2847
1515
824
3609
2168
2932
2169
529
2170
2171
814
407
2178
952
381
380
9
1063
957
373
1065
1715
453
988
447
445
991
918
880
878
1534
2320
2318
2935
364
1706
970
363
476
2201
868
169
869
2202
2203
1854
1705
975
359
358
976
1495
2830
3584
786
3585
1497
784
967
1055
2018
1067
356
727
881
2214
2215
884
891
892
1848
169
1493
780
2828
2833
1500
368
2017
984
985
347
3569
1471
1473
109
1494
1495
450
1502
2755
1721
2224
154
157
158
3620
531
2913
2320
2319
2318
1788
2824
432
532
822
821
1
1878
506
1877
2679
2811
423
2820
420
419
1496
1873
1876
815
510
1890
504
512
813
1258
2418
1761
2151
1382
1762
1914
545
1488
3557
1490
226
28
3558
1493
300
284
1409
1032
281
1413
2684
799
1264
2234
521
604
460
573
3013
949
147
1745
295
265
2084
522
1956
264
1396
1050
1051
2478
2522
787
786
3304
492
1450
1451
214
2792
1480
290
287
1038
1356
1853
528
3518
956
958
3030
959
150
187
538
1779
1924
779
2441
1066
1386
1067
1908
1806
1241
1386
1407
1408
1816
1000
1007
3052
1010
166
2440
2601
1273
776
2397
1939
1278
2612
1940
766
1397
1816
1399
1400
1817
2073
1016
160
3060
163
1018
1021
3062
138
139
161
3063
1020
1021
221
220
1081
1410
1083
1084
215
1909
1110
3
1973
1982
2003
1292
1475
399
1476
23
3516
3606
39
401
1475
66
3511
278
2775
1480
1792
3077
1049
175
2346
414
1055
1089
1409
1091
205
1413
1285
745
551
743
2037
1081
1737
3837
1078
368
3138
1845
619
1
300
1418
1103
189
3
1104
189
1656
188
295
440
2286
949
1060
2355
1502
735
1289
557
1979
186
1653
1419
1637
2454
2000
1295
711
2290
2359
1070
176
177
178
689
1778
3520
482
1888
3166
1895
1896
1898
3900
202
3187
1659
1933
1436
1845
168
1440
1485
1488
1489
224
223
219
1495
2585
2584
574
1905
189
3175
1915
560
1252
616
3106
2385
1112
213
143
1457
1854
1132
1465
1
2447
707
702
2437
556
8
202
1874
141
1455
2446
2436
700
573
563
564
696
2011
2
1138
133
1859
1448
194
1370
134
132
5
560
1140
131
569
189
128
126
1931
758
2424
571
2665
584
687
569
118
1155
116
115
2422
2411
584
688
686
687
684
587
2027
1875
119
1156
1838
1157
580
1304
690
1833
2893
286
562
2432
670
603
1060
2395
2529
1950
3134
1862
3841
3135
2659
579
2025
512
4
736
242
1978
634
3972
625
6
3213
32
3557
1488
1494
119
3460
3551
3461
1482
113
3245
3092
1719
1520
2793
156
1522
3500
153
88
1446
1187
84
91
3451
90
1485
3453
3103
1715
448
1714
1534
1452
64
1454
1746
58
255
3574
3398
3113
5
212
1476
2739
73
1477
1445
2734
1472
3158
32
3865
226
483
1907
3866
1
2315
635
2298
634
634
633
2295
630
1
2294
631
2639
38
1701
2044
34
2049
2039
644
2293
2638
599
2
2052
1468
1931
1934
1332
2642
2075
1335
2050
1474
1936
17
1240
2650
3
14
3286
584
3290
2034
141
854
616
1337
1799
2509
1800
1348
542
1798
2508
613
2052
608
2249
604
2245
2244
171
170
1634
3586
2890
1640
2257
1341
605
2248
2073
646
2077
607
196
186
2891
3588
3589
1651
2902
319
1446
1245
1681
2029
1249
1946
1439
5
1475
1477
1314
704
703
1966
2228
1365
16
3481
500
1471
160
3195
1651
1650
708
2210
661
662
2522
1616
1597
1279
1965
1587
1904
2
1697
1678
1462
48
49
1460
44
1497
1291
50
3375
1648
407
1417
56
1297
57
1496
62
1696
2949
216
2968
175
2990
197
2699
2700
33
1707
77
1179
1533
80
1174
1478
2729
232
242
243
2042
1474
1475
2717
1478
1479
2126
675
564
2130
2149
556
1354
2143
2344
2130
679
2133
2135
3
1478
2717
3388
109
1173
2714
2797
283
1600
1375
2301
1376
2305
554
1476
2718
1479
3467
360
1588
1363
107
2739
3380
1582
2033
2061
2062
3297
2064
3343
4021
914
2368
711
523
713
1749
1487
2722
244
1492
2727
247
3240
3242
1627
1087
386
1621
1619
2162
535
2532
1789
531
701
2163
533
532
1089
2877
384
2870
705
2495
1782
1781
1781
1780
1778
2604
1777
708
709
710
3670
276
3589
3078
3079
215
3081
2718
243
2722
3358
247
506
1338
1331
2717
1483
241
3356
2721
7
145
1381
1863
1099
652
1541
2017
1098
1
731
1750
2254
732
436
1714
54
2360
652
3116
1891
3746
1902
1751
646
1933
186
2032
1856
2024
1090
1050
2205
743
491
490
483
3572
3290
357
2830
99
3213
3215
3848
3216
742
115
13
1487
255
1494
256
1495
2723
1974
488
1374
485
1722
1488
1489
1490
252
1584
1582
169
2412
1297
1020
1728
1687
667
1486
2894
277
641
1520
242
243
1484
2713
258
1115
2367
621
3434
651
684
2222
1959
926
927
1794
2528
751
477
1712
1711
3519
196
706
1954
3800
1957
1959
1565
281
1915
15
1898
2066
1556
1442
2232
1383
464
463
2231
2579
458
1
2236
456
455
454
454
453
1683
1953
3359
1145
3071
2902
3648
1622
1615
291
641
3453
3458
3357
76
3007
1900
2135
2144
3357
2152
2154
2155
2156
234
235
2081
441
436
770
434
9
1454
1474
249
2687
354
1
699
431
1664
426
698
430
1529
1202
273
1465
2672
1468
601
241
1474
3294
1475
1476
2678
2239
1818
3019
3020
590
591
1892
785
1648
2677
246
1475
1879
1660
1648
1647
2283
4
1454
219
404
1470
3277
408
1466
2666
1468
411
716
1495
291
308
1508
906
1147
246
247
248
2665
2666
1471
792
406
1622
795
1519
329
903
901
2656
1461
1462
2657
1464
1465
1466
1854
2129
798
395
1526
275
290
1534
1535
2690
328
2124
1367
1804
592
2958
2959
2960
2143
321
320
836
1734
169
2962
1809
301
521
522
2946
2947
1757
1763
1106
415
2646
2647
1456
240
1407
802
1604
807
382
1099
422
3270
2643
2655
694
1521
1544
355
866
3062
651
3064
272
628
224
2637
2651
1480
368
1580
1558
2157
1823
1619
1574
1559
1580
1562
1563
787
39
3180
3181
2010
3783
805
1822
2943
1468
1472
1473
517
260
1121
821
1566
2339
1470
2687
1704
3868
2074
2108
2111
929
2164
369
775
809
808
1603
2178
2179
1782
2337
337
825
1551
335
1020
246
4003
4004
17
2253
1039
3412
225
4006
761
4
785
431
432
783
2599
1546
1423
329
2218
2573
2065
2066
196
3231
2072
1387
539
494
1721
499
1669
1665
435
779
495
1836
2100
1127
3501
3297
3500
2163
2913
963
72
71
1201
679
3876
2107
898
3268
2164
2911
1742
3840
650
1169
2319
929
1171
1173
1337
1796
585
2965
2969
279
637
1144
1145
2301
2894
14
2661
291
3492
3629
228
1822
1824
2979
2980
615
1614
459
746
745
467
2207
1532
304
1512
847
848
1021
2234
781
1022
1023
2299
1153
1627
1628
1803
1631
1616
1559
2962
1844
3384
850
851
1506
852
2395
1639
716
492
715
1640
498
1417
1613
1643
497
709
1646
787
2184
872
865
863
1397
1405
1645
708
78
8
409
117
3107
1312
3050
699
3092
3093
401
707
1914
710
713
392
3060
1869
693
1686
1688
820
1410
708
1916
1917
3063
1920
3070
697
1654
510
1660
686
2253
1
2434
865
276
1447
514
1672
1673
1368
473
2252
1977
3119
974
1980
1982
2433
270
1399
1540
545
1390
1389
1691
1611
578
1487
1446
870
210
3146
2012
2013
905
2019
1699
1700
573
1895
571
825
2
1422
1428
242
1705
1524
1706
603
583
1013
1142
35
2472
32
1
1189
13
1145
2875
1201
2294
1190
12
1148
1149
2278
945
3297
3298
3299
1034
2185
3
2597
886
243
1422
2596
1420
1421
240
1
4
953
839
1724
3
588
589
840
585
594
601
949
600
1727
603
602
1278
627
1146
414
1148
2270
2450
2449
1242
1982
2920
1271
1277
938
705
475
696
517
698
820
822
1743
918
1235
1152
1139
1227
47
1165
1216
44
1215
2822
401
1169
1166
856
887
1415
899
2582
1754
103
1294
1755
1726
1162
1159
2429
1155
2255
2256
791
889
1414
240
191
1996
3718
2136
234
3732
251
2622
237
1722
1762
1764
684
964
293
2420
2262
376
262
2265
1349
475
406
2420
401
965
1824
1072
2043
224
3114
223
3478
1194
1929
1170
1777
1350
1779
1929
1111
1054
282
2114
2336
1067
1066
346
3181
444
711
3178
900
1335
1124
2258
67
2400
102
100
2620
544
3246
1264
589
2391
933
170
112
1155
406
417
1259
1797
1799
1096
2459
924
1233
98
3524
3383
1555
3521
3392
912
1065
2115
2367
1384
880
1524
1812
1234
1816
21
2114
2288
936
6
1501
1826
892
1524
1829
3336
1493
1545
1554
3342
979
2355
1192
111
2232
133
140
485
1834
1530
1835
1836
4
1518
1833
1834
1835
1838
1839
1840
2221
2214
296
288
212
1602
2417
948
1925
1
2541
953
577
1988
2433
2540
1987
562
1379
1399
2091
2504
1064
11
2204
2205
359
1234
2431
663
2
1816
107
1871
3394
374
1768
7
527
2057
898
1866
1867
1224
818
1
2428
965
499
2125
1
2427
498
1758
2426
1757
2225
390
853
1067
2122
1716
1125
1873
809
447
1973
366
361
1165
1072
1533
268
2730
1241
2731
2559
398
1631
394
977
359
2303
982
178
1231
204
1295
1745
1047
2167
791
2203
773
337
2215
966
536
520
2050
2214
40
2240
1246
217
3677
3110
794
1071
492
501
2459
3460
1837
786
415
348
1059
1383
2742
1243
150
106
2232
593
2592
510
998
2355
2354
2353
223
254
97
1223
1
1329
5
1211
1222
2385
1221
1238
1163
1312
1328
2475
1164
1311
1309
16
1326
2
1166
1206
1344
1325
1205
1376
1324
120
1168
1206
2374
2510
136
1345
1362
138
3
171
141
14
1209
2
2370
155
174
2368
4
176
2525
360
1305
1195
2
4
196
2
2363
1294
3657
2546
1
1182
1173
1181
1
2165
1172
1180
238
2482
2164
1418
2481
318
1064
39
1568
1362
3712
2516
1438
2496
1512
2349
3341
2350
992
993
237
1154
773
2592
1182
2324
2321
7
261
536
1410
268
1
2347
5
4
5
2342
1
1183
1184
1290
2342
1190
1203
1139
601
603
1752
2937
1751
1750
2
7
13
5
658
2334
3
6
663
3
1185
1
2
61
59
1799
129
1
2429
2445
2428
17
2444
193
2427
3616
579
2426
562
1189
3037
366
1101
822
1269
1847
2305
2
759
1248
2303
3553
2582
279
1110
1864
754
769
1872
1871
1870
489
2
1886
784
1
2360
1884
2655
970
971
10
949
794
2295
1407
613
1882
1881
3702
1
1095
9
1094
7
8
800
11
1892
1891
815
1089
15
4
1905
1904
23
1903
1928
1927
1
1
1
1078
1057
74
2454
4
1381
3658
16
2453
1074
2450
1376
502
884
2430
875
891
2277
38
913
275
942
3
477
902
73
102
257
3170
3168
474
1952
3173
929
3642
2437
2436
61
1379
1
2496
1
3
1997
1057
2495
1439
1440
1
2
1
1994
7
940
1087
3209
1997
284
3271
99
2296
2297
3212
2000
947
960
2300
1212
912
1040
1713
1
13
1004
12
3269
2926
2924
1
330
347
2022
3243
394
1016
343
3270
10
359
673
2
2012
2925
355
716
88
2010
3280
369
123
361
1
1681
78
2187
14
1680
77
47
665
1219
3656
2437
1246
1221
1023
1628
638
605
1660
33
1658
667
1627
1626
613
617
620
4
1012
1231
1422
1426
1891
218
219
995
991
3
886
1424
931
889
2165
3391
588
144
2409
1043
1510
680
2355
1226
1577
2
1228
1571
604
725
732
992
4
2778
1230
2759
1
1548
564
19
1546
563
983
1529
974
4
2
555
553
1526
973
6
970
967
964
1329
960
955
1333
1335
1235
954
2189
2
2187
2185
946
945
1239
1
2500
1560
211
27
17
2288
1334
1349
935
16
15
2272
1343
1345
1350
2
2289
7
2296
929
2295
2294
1367
1
928
900
899
5
2170
919
1401
2165
482
2647
1400
1
2
1398
1
2322
901
2321
298
1197
246
347
316
4
905
904
903
320
1094
326
2479
1414
899
1420
1421
1
1422
1
463
4
467
468
363
961
831
893
1235
1429
1294
2975
463
1676
1675
1299
1300
2128
2322
882
3380
2914
2817
1246
466
563
59
1436
2139
574
2944
2
1316
876
28
1688
1660
40
871
3
626
624
850
831
868
1529
40
786
1414
847
1490
1489
2192
2104
2105
2109
2110
1499
88
6
2764
26
641
1417
635
43
1411
863
862
592
1
2
1454
1442
2989
593
245
2396
2744
348
417
69
420
1244
1172
1664
1
688
1179
689
1344
1304
2790
615
296
3150
1759
196
1769
1774
3446
40
1376
2016
492
2015
1891
1
125
2
2507
440
2387
19
10
2067
123
1955
2078
2066
12
2077
1965
384
1947
372
3056
13
1109
1289
1724
1804
2258
1900
3111
1270
1841
1729
1730
534
112
1
5
4
110
7
2264
109
6
16
103
106
103
102
2271
10
2373
92
1917
454
2910
1785
96
1276
1276
3647
2371
132
2305
87
1650
2930
1647
1578
1582
1
1280
2691
3545
1283
2128
69
2058
2059
1
4
1
1
2200
2
1421
1434
1476
1419
713
1455
1
3
2132
2
55
2381
2
53
2135
1392
51
1464
1443
465
993
970
2732
72
2436
1365
2219
42
2393
854
1371
1028
2261
1333
1782
1323
2399
1335
449
2265
2298
1048
33
1277
1597
1310
1250
2907
2847
1168
60
3104
1298
2674
3105
89
1806
3194
3722
528
3195
1895
505
1308
8
1368
2168
273
2392
1300
3700
2174
1444
2094
1303
1113
1376
800
13
730
3477
2441
2167
57
204
1420
717
2
2110
747
2027
3037
642
650
715
2395
3687
1292
1357
2391
220
809
1163
1098
759
190
1036
846
3511
2665
3702
2804
1508
1
1972
1507
262
1971
1460
2233
4
270
1722
324
1910
1645
1639
747
1963
265
267
2
271
1351
1
267
1350
124
1091
2385
268
3
3686
1319
2527
2382
2373
87
2367
55
269
2
1435
270
4
271
1433
9
1705
21
1430
1424
274
1726
1451
2171
3480
1031
1
14
1788
1790
636
622
1608
4068
2460
2459
3260
2229
197
1942
131
3129
3682
2426
2139
1811
1820
2109
2099
1
2100
553
2653
1679
2
2109
412
442
1677
2748
1
3778
3636
142
2312
1326
1211
1208
222
2310
3638
2385
30
2088
2119
2117
2496
3473
817
1354
2107
1327
1328
2537
3
1508
1505
1215
2720
1476
1171
2505
174
175
1479
1348
314
2418
305
306
1345
1457
1763
2435
2680
1026
1653
535
112
1341
896
2243
3581
2241
2169
535
1345
1
1353
2352
76
1352
1338
74
75
2690
1664
1665
1
1726
1727
2522
2202
2200
3547
2199
2198
321
322
323
356
385
2346
2
64
1
1552
1553
34
1347
1551
1348
2898
325
1
1550
326
1
355
327
1
356
357
2347
1400
1412
2350
1
12
1733
2732
3754
2766
3704
988
938
2683
338
2611
339
2611
2272
2273
1
2268
2614
2613
3633
262
1020
342
1857
2877
3371
342
1810
356
1861
1
2
3
1468
1519
2
1515
1518
1
345
346
1466
346
1
1
2461
2109
2108
1
1369
1370
1370
1
355
2057
7
153
1456
1376
360
2054
2832
1
2
1486
362
5
4
1505
1484
2414
2050
13
2037
148
147
146
570
565
3109
440
2480
88
1325
5
2041
2030
2415
127
3679
130
2036
1890
1482
1483
374
1
1848
1849
1850
41
104
1857
1
367
1888
1889
1891
1
1501
1521
1497
1500
370
1520
3
1867
494
371
2361
1990
1
2
1
1013
1911
376
1537
29
1710
1535
1931
173
376
377
1798
389
1
2
380
1
382
1577
2970
1394
1576
1961
385
1903
3
2289
353
2290
3549
2286
2920
1749
2642
1236
537
3651
1398
1399
3238
2253
2643
413
3878
1
1877
390
1876
392
1864
1839
5
2268
2263
6
142
3273
82
2257
2256
1
1863
3265
31
148
1862
25
241
1402
1831
151
266
463
3234
3233
1
3
179
11
3235
2
1680
8
2549
674
2551
3414
2407
2408
3415
3224
2217
2541
1007
1
1007
2184
2185
402
3191
403
2
2257
405
1411
2255
2195
1005
3666
3606
2661
2126
2601
1134
1
2
412
2127
1
1530
414
415
1
3
2184
1715
2
1113
718
3789
2369
2358
2800
3086
1705
1258
418
1674
13
2048
1001
2181
1111
469
2177
508
475
479
2607
2128
2129
24
2130
1704
2104
2105
2102
2100
1
1681
1678
3
605
2708
2276
2
2101
426
1669
62
374
428
2580
2034
429
430
4
2152
1
432
432
433
434
1
2
1634
1632
1431
2148
3062
3063
975
3579
2147
1
2689
2250
213
661
1547
136
1
2552
2553
1433
2037
3034
3470
436
1
442
2035
1587
448
1533
445
1918
1437
1087
2031
886
2363
3355
3356
1216
184
2524
2903
2140
765
764
763
1
1400
3541
2768
773
2549
1286
1776
1777
788
515
1261
1020
1263
1154
2565
1262
2519
1155
1156
1157
1261
76
1
1411
1231
1365
1
4
1157
1410
1158
104
1210
560
639
99
1
3
544
66
1161
1406
421
1164
1165
541
149
3408
834
2425
456
3
1442
1169
585
2610
129
135
1627
451
983
1585
130
417
1
1508
1715
1509
1223
1706
1510
207
1532
191
286
1717
1195
22
1718
547
1171
2610
1439
2611
2630
403
2740
2162
2163
2166
1754
1180
580
578
574
2747
1762
1763
586
3553
984
2569
1177
2
1
3
1580
1803
2734
3049
959
23
931
3980
1577
2763
936
3750
549
1827
2831
1200
987
2718
1907
982
1829
1830
1004
1
2833
2738
1547
647
1839
672
2511
3
2512
1318
1316
1194
977
2171
2
1290
1288
1526
1199
238
2725
811
804
3700
1
1913
1914
2896
2897
473
1922
3370
975
2396
403
788
1994
347
108
1
896
1215
1216
2341
7
979
2102
1132
208
3320
2183
1
3816
1174
2184
3358
459
1170
1169
1168
3817
1631
1629
2187
2188
1014
2
3201
975
2227
1215
3202
2190
1217
1
1218
1723
505
973
3173
2200
1222
978
977
961
1223
2
16
306
2202
1479
1225
1231
925
6
1233
2152
43
2156
2157
2158
2140
3112
32
972
2109
2108
2109
2083
2055
4
1
27
26
854
28
1230
970
2050
1685
3027
3020
7
2059
2052
2053
329
365
1
2382
1
1144
1239
8
1143
1275
7
2383
694
132
1136
1
2656
826
447
2655
2208
1243
1274
3482
2517
1247
1270
1248
2550
1301
1296
138
320
400
396
1251
5
4
943
397
30
2614
1651
947
1342
1341
973
368
290
367
2217
4
1255
78
963
2221
1256
1258
2
302
1434
1258
301
3
1259
300
1559
1132
914
39
182
2516
3748
2224
1
1554
2786
1751
1555
1277
12
1232
1567
1524
1241
3749
68
1035
283
2508
3681
1538
272
1539
1136
211
1540
268
2720
977
2721
1743
1266
1
477
483
1
2676
3862
921
2679
1405
1404
479
478
1186
2
1758
1759
1
1273
2658
1278
1760
481
1763
478
1274
1
1385
1
493
1770
2660
1307
1849
890
1380
1353
1281
1
1775
1797
1282
1776
1285
1777
1778
491
861
22
953
3777
950
3591
1
2824
2638
1287
1288
2825
1
1289
1537
2826
1035
2827
1792
1793
500
953
1292
2641
1293
1
2746
1294
1349
1799
2
1007
12
842
839
1005
3
1813
490
1511
3755
172
1504
1495
41
1816
1339
528
7
2246
3583
2245
1338
2635
2639
811
2640
1297
515
517
1814
1825
5
2
2761
936
2763
1815
514
11
3697
948
2749
2750
143
1
1301
1302
2893
1371
1303
525
69
1828
41
42
1372
1305
524
1306
64
705
1346
1828
1
1369
519
2775
459
1830
1870
2756
946
1846
1318
526
2253
2779
522
921
2256
1150
59
60
2272
3406
1443
32
601
3702
121
1411
1995
2792
3823
1031
2793
6
1851
528
3824
1026
2883
3826
1554
2799
941
2799
2
2273
13
528
15
526
1857
1858
532
1323
1326
943
2269
2
3
2272
542
1
541
540
2
542
1400
1332
541
2
858
2275
3052
1
856
42
3053
3094
855
865
1888
39
41
1398
2732
149
816
1334
2
1335
1261
1249
1336
1337
2596
1257
546
2281
711
3541
12
2827
544
2
700
2830
2283
546
698
724
709
275
1
2287
2290
3554
3529
2291
3555
3
4
159
1267
3530
1
152
1238
26
3529
3530
153
667
1348
4
7
1920
2291
1392
566
1352
572
3683
2863
1390
1389
1388
830
826
1
1
163
1354
1355
558
1
1607
199
1913
1952
1608
4
659
39
1918
1920
655
832
2750
1
2751
3
1931
1933
2575
2752
1934
641
2582
3514
2753
2754
824
1927
1930
1365
1934
565
569
1
2
1
623
1198
616
2567
2568
1194
236
575
574
68
71
1
1367
1369
1510
1368
639
642
935
2877
2007
3812
2942
1952
1954
852
1955
14
1
2879
1966
1375
1430
932
2805
3737
2806
843
586
344
221
242
584
586
2896
583
3480
952
2723
951
1324
2310
3
595
154
2156
1968
1969
1169
1
3137
586
24
3138
23
849
1440
843
1438
1437
1435
831
592
591
1976
1385
1452
1386
2837
1593
2838
647
1607
3815
1244
3
818
2935
211
1983
595
815
1
1389
1410
1469
1390
599
2
1989
1473
80
1393
1394
2888
1395
595
866
516
514
1
604
603
2559
1494
4053
1493
1461
854
2003
605
506
1459
3808
646
1380
1398
949
2347
816
2349
2010
500
2011
497
595
2026
593
2510
16
18
2511
492
1401
2508
2019
1107
617
618
1096
53
1092
2522
615
616
621
1077
1411
665
1
2
2941
6
1
49
2943
1
18
2024
456
621
3
2025
624
2328
1082
1404
3421
3422
11
3410
1
2331
1080
642
641
3411
444
2486
2042
438
2043
435
633
2051
2971
17
2053
2485
1068
2488
3
2050
2051
1
1413
1522
2937
2938
1521
873
39
1492
1
1417
1418
648
2066
2068
2070
918
2994
4
2076
390
1422
2465
1423
2460
921
1043
672
2343
1426
1042
3383
2341
1424
1037
917
3573
380
366
3381
916
3822
3759
2906
917
2843
2395
3823
2916
100
529
3312
907
746
2849
1395
448
1
667
2097
331
659
326
3015
2098
1430
2
8
1433
1434
2
1434
1435
1437
2
1440
1
6
1436
2
2
1439
54
992
987
4
817
799
1441
991
1494
798
52
2432
1442
990
5
193
984
7
983
2427
983
978
13
3340
973
1444
1454
977
5
976
3538
975
974
972
2562
1
813
2563
1
2
812
1
2
889
1469
1470
1471
1173
810
965
887
964
2423
78
2366
2367
960
1452
1459
2413
957
402
2416
2400
2524
7
1456
2404
1
2815
1
948
947
2405
2816
3932
2818
414
415
429
1114
3518
2404
1
124
3311
3
2405
125
14
3308
904
3297
2402
431
132
2404
2530
2833
2345
2531
2542
185
299
458
31
1364
478
488
2536
1071
1070
158
159
2393
1465
2370
2371
904
928
1
1467
2
912
905
1469
2374
2375
1
2
910
1471
1
1472
2955
2960
1
1473
2956
2385
4
908
572
908
2382
2381
1
906
1395
501
502
3775
509
3278
2380
898
2377
2379
6
52
1480
1481
3861
2961
637
5
902
2
2325
2322
900
3224
46
3273
42
2
2372
2374
270
3271
3269
427
2378
2379
3480
10
3470
2357
2357
1
2
2358
1
2644
3541
1153
155
362
363
3696
1
2884
2345
1493
2885
3
1392
1496
1308
791
535
539
2906
2907
105
601
2351
4
2362
61
3252
2371
1
2347
11
1497
1235
1409
2348
2804
895
2805
4
3699
2801
1
892
3693
460
3695
891
2342
3233
3
2337
2692
829
3227
2336
576
3583
4
3587
214
1
2397
1204
818
1406
1509
2398
1203
1507
3803
2709
7
1200
1199
386
1
2716
1206
1152
1
814
52
51
1552
2404
3216
3210
1514
806
6
2327
2325
5
415
158
2363
2320
38
2321
2744
2745
426
573
2915
2317
2301
2318
14
16
1
2
1
2319
757
756
2351
147
1523
1245
789
4
784
2768
2307
29
456
2769
48
568
1207
2797
788
2313
2315
785
1525
1526
1089
736
2614
2817
1528
1529
1160
735
2263
2262
1530
764
3192
2
3190
3191
881
1
2802
2297
496
500
2804
110
505
1
2303
1
2294
2
1538
2304
765
2306
2694
1
395
2695
1146
425
2296
756
14
747
1549
1541
742
2292
1546
3163
2423
3164
3165
3
3162
1
2
1553
1553
722
1325
1554
2276
2275
721
1
353
10
250
2633
411
203
603
240
3513
35
2642
2643
2879
402
2358
960
873
2676
2968
1316
84
3549
3841
2677
2760
1
2981
2982
2222
2267
701
700
693
2270
21
685
1
2983
1581
2222
2984
1566
1582
1418
760
761
1
2
1
692
3
1570
691
1404
690
689
76
938
713
1
2439
1410
1571
614
1572
3
1573
3849
3121
868
728
3029
3030
1227
3031
796
2252
2242
2253
678
10
1575
1
1576
668
1577
672
668
667
4
378
2252
664
1
2246
667
2247
666
1579
2238
2576
1
2446
659
3105
2258
363
460
2280
338
598
995
2577
993
936
2
1600
1584
395
23
2251
1044
3685
2630
418
643
642
626
1055
1588
1
614
616
639
635
16
1590
3
4
1593
1
1057
1594
619
615
4
2228
3
437
3077
2225
679
2222
2224
3514
1052
2651
186
2656
2652
2655
3890
858
3756
1599
605
3
1238
2204
602
1603
1235
1605
1
592
2
591
2198
1608
1
1612
590
586
2201
1232
1613
2897
2842
2898
2932
268
11
2664
1618
957
256
1871
1615
2550
712
713
921
479
857
1838
2726
1
1866
2575
378
4002
336
2958
1102
16
239
952
1280
235
1859
1860
2621
2622
823
1856
1
1857
1858
223
1
2635
2636
3
1635
2637
2737
12
2639
100
2641
785
2645
2644
1856
788
2655
1857
219
1638
1
2
3
204
1642
2485
1
2686
210
1
2896
209
208
2696
7
11
1164
1192
201
2689
2490
2685
199
1846
1649
195
1650
187
1655
180
1651
1658
1652
192
7
1844
1175
1366
3861
3862
1855
3919
28
2496
1655
1066
185
1
840
841
1840
881
1064
1063
3618
457
182
1842
1
2553
488
1659
1660
1
1834
842
1835
915
2675
2676
1076
933
935
3590
921
932
1573
1
2671
932
11
955
1976
652
840
3603
2660
2763
1
1821
1820
2764
2907
23
1823
1822
2773
949
123
3615
1572
513
2260
1674
2840
1805
1683
153
2
3
151
150
1013
146
151
1166
977
1
826
1
147
2671
2815
1
144
5
2
7
139
1820
5
1815
1
1816
2651
132
1682
3678
2519
1159
1157
1155
8
101
2522
969
122
1810
1688
2
1689
1
1800
1691
1801
1
2
24
1804
106
1698
3442
2529
1148
2613
1700
1793
3
4
913
2617
2618
909
93
2623
92
1796
3491
829
2043
1703
2242
1214
1704
1034
539
2738
1
2739
2853
2854
495
1071
1711
221
2576
226
2779
1005
62
2781
2782
2794
1709
1774
65
2601
1789
1
1071
3
1774
54
1072
53
51
2597
41
2598
2843
1112
3670
2856
1769
1770
6
1771
162
1
1932
1765
1766
166
539
168
2576
1932
2577
2578
2580
489
1
2
2942
3
1721
1
3067
1722
384
97
1346
2555
2944
1819
2945
2946
1186
1187
1215
1125
2985
1
1726
2544
34
1760
2546
32
1731
10
2578
1
28
24
1
3
84
883
2559
882
1770
1734
1
1737
1375
1374
1735
3
81
1375
1816
1
1173
11
1172
362
1162
2914
23
1165
2929
1534
1049
2798
1057
1056
67
2799
2801
1749
1752
1741
1
2557
2558
1744
2866
2
2889
2891
2892
1142
2259
637
862
812
2896
3708
811
2897
1143
1499
1512
1752
1385
367
1764
2573
806
2198
1755
1756
356
367
1
1400
1762
1401
1400
3051
1342
1650
2
362
1651
1344
1346
1347
2746
981
980
1652
1400
2
1398
2207
2571
1399
364
371
809
1765
1770
7
366
2574
2578
2579
1
1766
4
1767
1403
3
1645
1404
1392
1771
1
1
373
1775
376
395
1
2
1
1399
1400
1648
3853
1268
3049
151
2585
3790
382
383
1205
1399
1
2
1
1397
1590
1395
2987
1592
1
1593
3703
799
1391
1837
1
1394
1395
1396
404
3
1393
1390
1792
1793
1389
402
1398
2194
1
24
1800
404
1235
1390
1798
2903
1
1799
1389
2904
1514
1
410
416
411
1802
8
417
1389
1808
1810
419
1806
3
2
425
1809
1387
422
2
424
427
427
3
1647
1648
1
434
1386
1387
1649
3035
430
435
431
5
1432
1
2
436
1433
434
2180
1
2614
2179
437
438
1
1
1381
1382
1
447
442
2
448
1824
443
444
17
1381
796
2177
460
6
449
450
1381
461
1830
451
4
453
12
1831
454
1
3
455
1380
2
1837
2687
1378
1
850
458
459
1851
24
2688
1308
1309
845
1380
2
2917
1537
464
465
1
2
465
2637
466
2639
1846
4
5
2172
1379
793
1850
1
2643
2
1
3442
797
1272
2651
2652
2645
475
2171
2623
2919
1247
1377
481
2171
5
2624
1252
2628
760
296
1
1858
1859
1
1860
3901
1735
1226
4077
242
1836
2166
1376
1868
1376
11
2992
1369
3719
2163
3782
3720
2932
1556
63
2660
788
1872
1056
2928
1875
498
2663
1877
2165
786
3000
1623
2124
1376
1889
3
1377
879
876
2671
3620
2137
534
536
1005
1006
1
2161
1381
1481
1460
2160
1375
516
10
1482
2676
1891
4
1365
1892
1375
521
2981
2851
984
2882
1373
1370
2982
1509
894
1594
2
3
615
6
1375
8
82
1
82
617
1612
4
2983
1614
1075
1616
1369
1492
539
2862
2
2841
1493
543
2150
1371
1627
953
3643
2864
541
3
2690
1367
1366
1983
1293
1
39
38
616
617
2693
580
2998
4
3778
2999
3005
3782
1639
3003
3004
3005
3006
1645
886
2143
773
1605
1369
1370
753
1
2844
2845
1362
1
1483
1363
2
1361
1
1362
1363
469
1
1361
1362
894
462
759
1612
1
1468
1365
1366
572
2974
1613
1040
141
3257
852
1361
1
1
1469
1470
18
2137
2832
773
1
2803
5
3605
2833
3607
58
768
3547
1
2804
1938
1362
2805
576
1939
899
1028
1363
2
3
1443
1361
929
911
1
2
431
432
1
1361
1446
1
304
429
1541
303
427
428
2127
2122
3412
590
1947
1949
1054
595
5
1285
2807
3001
2808
194
3002
2779
3003
1355
1354
1353
1647
5
600
602
1424
1648
1652
223
2
3
4
1714
1
1716
290
1447
2800
1468
2806
3572
189
1
1353
1258
1717
1352
605
1957
1958
2789
1333
831
830
2792
2793
2728
617
608
822
610
1961
2119
1430
2
3549
1351
1350
2117
4
1
1345
1344
1337
1
656
7
2111
1
1360
1361
1771
2
3
637
1
1345
2110
1388
9
1363
639
2109
1364
1
1339
1340
1338
1
1413
2751
771
2752
343
770
1338
1980
766
2746
1981
762
2821
2743
3095
19
3581
1654
3583
3098
374
3096
1113
1760
3862
1983
765
1336
2748
2734
1397
744
1402
25
1403
1337
2723
3
1990
1386
764
3488
2727
2876
2877
1631
1990
69
1220
767
2059
2060
2726
1993
1337
656
2756
658
111
2098
2759
661
1337
1998
4
2761
710
762
2002
2098
2764
1378
666
1122
2765
3887
416
3888
1796
3130
1114
3471
3472
1401
1402
2770
2774
2071
2098
763
3460
1335
2099
1336
2
764
2697
763
1334
2983
1649
21
2699
1367
685
1386
1
1332
2985
1334
682
1332
701
2782
703
1
2
688
689
690
2094
2092
687
690
2779
2780
2782
1
690
2
2022
2023
3
2672
1
1
2784
2026
2785
2026
2027
12
1
2674
2037
2038
2675
1
2677
2679
2680
2681
638
2676
637
1333
699
700
1333
1
2036
1
2037
2038
1333
705
1
706
2091
711
707
2797
754
2043
2797
1
1
2798
1662
2799
711
713
2802
1
2937
1327
1328
579
2939
1608
2941
1610
2360
1028
1332
1331
2391
1059
1332
1322
2391
2392
10
1060
1
2
1331
1
1331
1333
8
2081
1757
1045
3838
2079
1759
1760
3089
712
707
611
1
1368
1149
2102
2377
2378
1
2378
1052
2379
3
17
1327
1326
2396
1
1069
2392
3163
1061
2385
86
96
1
2074
3
2073
1143
1144
2471
1265
1344
1108
3217
1325
2990
2394
596
1691
3006
771
1095
3912
3675
3149
769
1841
763
1847
1866
1072
2397
1073
3144
1325
2400
1325
2930
2071
526
2931
2405
1082
3151
1084
1324
1323
1
6
2069
5
2067
1716
19
3039
198
3049
3791
1735
1736
1321
1322
1109
1332
2074
1
2840
1312
2430
2841
752
1522
1528
3590
2065
1096
5
2068
3161
2063
1098
2418
1320
2064
744
3203
3947
1885
3205
3950
2
2063
1
3498
1
2063
2062
1118
1
2
1113
1319
1320
1439
1440
2755
1444
319
1
1319
1116
5
1315
2060
745
2432
1117
1118
1131
773
1
744
1315
743
2435
2059
3178
1119
1
1122
1121
3
8
1123
1813
13
1125
1129
5
1129
2442
742
1313
1132
2447
1312
1
1313
2452
740
2453
1141
37
1312
2454
2975
1142
1175
1322
1178
1
521
375
33
520
1159
30
519
517
3202
1662
1619
1314
2052
2
161
43
3874
1826
2049
2048
1
1310
1903
1621
1904
1
3213
1307
2931
3214
1308
2472
2474
740
1
1624
4
1164
1625
1308
1
3
1309
2933
1307
738
2045
3
1308
1306
1168
2044
1844
1305
1845
1173
1176
3150
3212
3213
2
1
3888
3889
1
494
3217
1173
493
3890
672
1174
1
3
1235
61
1176
2046
1672
3220
2
1236
3222
3223
1
3224
1181
1
2
3
1
1189
1
1300
2041
1299
1677
3718
1245
2976
1298
1299
1298
2993
1255
1
4
1802
2
3
43
1803
1804
367
555
3123
3124
3125
1845
1
2041
2131
1436
1875
1876
1881
1883
3178
1891
1
3577
3688
342
336
2841
3233
2496
1
2498
2502
3346
3352
2497
6
2499
2500
1
1204
2502
1206
1211
10
1296
2505
1295
1297
2030
2022
1295
1296
8
1
1294
1
1221
3
1223
1224
734
1293
3251
1224
2027
1226
2521
2760
1
3
1296
1469
16
1295
90
3477
218
8
9
30
188
2024
1293
3268
2536
2537
1289
1288
762
2794
1
1245
1502
1370
124
1246
123
513
1248
257
1
511
475
3274
1291
3051
3047
1282
3033
1760
1742
1296
1724
1761
4
36
1291
1
1757
1290
3048
3047
1175
115
2050
1
3778
1765
3776
496
3777
234
1866
1872
3280
3542
1
1290
4
1262
1289
1525
1286
2637
1
1264
1334
73
1337
72
1351
1271
80
2598
83
2600
3281
1751
2
1272
3765
2012
2006
1753
1274
4
6
1276
1277
1278
1
1749
2
1346
65
1330
1
1329
1751
1753
3765
3052
3053
128
403
1
2
1
1279
2
1278
2012
1277
1270
7
2006
1286
1
1280
1281
3857
565
1854
1855
1856
1857
3292
2564
456
1287
3020
3749
1743
1289
2568
1279
1
1
1280
1279
1738
1739
1740
3019
1
1
1
5
1
3
4
1
2
1733
1280
1289
1317
1
1288
1696
1735
1736
5
1738
3013
1273
1731
2
1733
1314
1275
2997
1270
3006
1736
1727
411
3722
1728
3002
1994
1275
3311
2597
1273
2596
1265
1274
1720
1323
2994
2995
1723
2997
397
2
1274
1270
16
1343
1286
2600
2614
1331
14
1270
1271
2986
5
2993
2994
1
2981
1
2982
1
2605
2983
2606
2984
713
1
1
2925
1
2926
20
1
19
18
1274
2618
3257
1983
1289
1957
694
3404
784
4043
2620
639
334
1363
1274
1985
1358
9
15
1680
3259
2954
3967
1989
627
1978
3340
1974
1273
1980
1355
707
4
3338
3339
1360
2633
1
3438
1979
1273
1271
1366
1367
3344
1271
2641
1269
1266
1265
1977
1370
6
3347
1372
1373
1
1270
1976
3
1375
1269
2644
1376
706
1268
1974
1973
1
2002
3
1
2
1
1695
2005
3271
2009
2010
616
17
857
34
27
1266
1696
1
2962
1262
2963
1266
1263
1697
1267
2654
1388
2655
1394
1
1
3
1390
1266
1
2
1
1393
1394
3360
1
292
3652
1395
599
1264
1649
2913
708
3829
3653
3830
461
2
285
1263
1404
1405
463
1
1682
1965
1683
1408
1868
3373
700
3833
2946
275
1411
2673
1963
701
3378
3834
1262
1415
1265
3133
456
2679
3
2680
3135
2938
2681
3
700
3382
257
2941
1679
17
1681
2682
1423
1264
1265
2
2688
2
517
1262
2690
1263
1
2691
3392
515
1264
1662
2926
1663
1264
348
1662
1959
3621
2925
2010
3967
3272
1957
1958
1440
2015
1
695
696
3398
2702
3399
575
3974
573
3278
567
2705
3403
2707
1449
6
697
2710
1452
10
1460
1467
1468
2719
696
687
1258
9
1455
2
8
3410
1457
1257
1460
6
2717
1256
1461
1
1466
1462
1953
3415
1464
279
3136
1646
1952
1560
3598
9
3599
174
86
84
2723
2
1250
1470
2724
2725
1477
1253
4
1482
6
1
1249
1247
1252
1250
1643
2
165
2896
1645
3425
1890
3515
1479
1252
1253
1293
1294
2731
1535
2772
1
2733
37
1
3
3497
484
2739
1487
2737
2
2740
2742
5
2746
1226
1488
1489
481
1
1251
1970
3981
1252
2747
2
1631
1253
1495
1632
2884
1252
2
5
6
1250
2748
1498
1253
1504
3
2749
2
2751
2751
2
2753
1519
1520
2754
2756
5
6
689
2755
2
3443
502
1521
2757
1507
1510
2762
1
3
3556
1623
1935
1252
312
1
3183
1246
3552
1927
317
99
1625
392
3186
3187
75
1
684
3261
3945
1524
1525
1531
11
491
1
1250
2021
1611
7
3
1249
1929
459
3459
1531
3918
3244
2006
1928
771
2861
3632
2862
1618
2868
60
1614
1540
1247
6
2860
1620
1626
1627
1628
2866
1244
6
1542
480
2787
2023
1545
2788
1
1
7
1241
6
2793
1553
1
1241
1232
321
1576
2815
1240
1558
1241
1242
1239
2798
2473
1559
1251
1236
1234
2799
308
309
2810
2800
2801
4
2804
2806
310
1
2490
1
1566
2
1568
7
1571
2808
1238
1570
1575
2808
5
1238
2812
1574
1913
1
3487
2
7
1
1577
14
1579
6
3494
1578
1237
1238
1591
1
2
1
2
2829
1
2496
2831
3
2497
1593
195
2834
1910
1238
3497
834
201
2827
510
1993
2684
872
1
3028
3029
528
3031
524
3027
3030
3031
3032
1904
40
2503
484
3193
1382
488
2501
2500
1
2502
2503
1
2499
1
1260
2500
2501
11
1240
1241
1242
112
1128
1
1239
2490
1240
1239
1
1256
1251
1257
28
354
36
2519
1285
2851
1
1221
11
19
2852
2
2870
390
2854
10
1221
1615
375
380
1633
1254
1256
2
1263
1254
1
2
1623
7
1255
1
1238
1239
1237
1625
1
2862
2
1627
1631
2864
1235
1630
2
1997
1
1999
742
743
2004
755
1
2492
2493
7
1262
3148
1258
2491
657
3856
1256
710
1
3199
3200
713
1
823
1255
1233
1249
2485
2489
2490
826
2
1230
5
1
2482
1232
2483
1251
2
1655
1235
1253
1232
1656
5
1240
1231
2888
1657
2889
2890
408
1661
1
2481
3315
1230
834
2484
1253
3318
25
9
7
3293
2460
1218
81
3312
16
1235
1
2481
9
1236
1244
1226
2484
3
773
2490
2480
2481
1
2
3257
2483
1
1233
1232
3258
1234
1
2
1236
2026
1
1232
1157
1233
1158
46
1234
3262
2919
3263
3265
343
1234
4
1235
1236
1
2922
2923
2480
3558
443
3245
764
806
3264
2076
2077
2481
1168
1869
3114
3074
1245
1693
7
1252
1205
448
1
3115
449
2932
2933
460
1700
3114
2479
749
2483
635
3111
1869
3864
1242
1870
3865
1995
3231
3232
1
2
1
631
3106
2945
1230
3331
2946
1712
2948
1715
496
2475
2450
1240
25
1215
22
1245
1240
2475
11
2478
3107
799
1260
1235
1236
20
1216
1
1233
3
1234
8
1236
1234
2101
7
3335
1233
1228
1227
2102
2105
2111
16
1862
3
5
3096
1857
1
2
7
6
1413
1204
1239
1
2467
3096
2469
1241
3906
627
3279
817
3281
3282
2058
2059
1228
1229
1235
2971
627
2464
505
3598
3244
493
3093
507
2
79
75
2739
3091
509
510
1763
263
428
1
2464
1225
1
1
1853
1227
3
1228
1760
1852
1226
11
3613
1841
1224
1
2
1231
1236
1
1237
1223
1233
2457
2456
1
2458
2457
532
2989
1188
534
1
1772
1801
535
3080
1233
1266
3086
1267
3615
348
1773
1847
1
1806
33
1
1807
20
1808
3964
2119
342
3966
3
1847
1780
3624
1781
2998
2999
1844
2
1229
1228
1218
1500
1
270
272
280
1213
2444
1212
3
1231
1216
1795
1797
1232
2446
1213
1214
1
3011
1205
1
3636
1838
3639
3637
3640
1832
1798
2
1805
1806
1800
1214
1801
1824
3281
24
1213
132
285
1825
3015
3038
1804
1805
1808
1
1213
1084
1277
126
1
1229
1212
1
1230
2
3
1231
1
5
2441
2443
2504
63
2297
1
2
4
1
1
1207
1206
1204
1
1204
3288
61
2084
1233
1192
1191
1099
2437
1
1201
2396
1236
2440
1238
41
1
1203
2397
1204
1187
1197
25
1194
1235
1204
1236
2
2439
12
1234
1204
1207
1208
1224
2437
1235
2438
1202
606
1233
2436
2437
2438
2439
3041
4
1839
3045
1820
1819
1202
1
2
2429
1
2431
1
1
2432
3066
3068
2433
636
3044
3676
1229
2433
4
632
1204
2429
3107
1228
636
1864
3677
3681
1812
3689
1870
1
1877
1871
2
1812
1873
1876
1878
3685
3688
1200
1198
1879
1217
1201
3078
2
662
3080
1197
1
1226
1227
1
1228
2
6
7
1226
18
1
2422
4
1244
1
2421
1242
2420
1232
2424
2418
1
2418
2417
1222
1223
1195
1190
1
1219
2
1218
1
1
1220
1195
1129
91
92
1304
1193
2324
1903
1
1904
1908
1909
1
1193
1192
3011
3952
600
2406
1184
1191
2411
1795
1794
1
1795
3017
3336
14
615
3964
1189
1222
1221
2162
940
3015
1227
3016
1230
941
3352
237
3955
1189
1927
3718
3116
1930
1788
1186
2405
1789
1786
1
2
3
1221
1
1
2
2190
1
1221
2191
1223
1
1224
1226
2405
3008
1222
1
8
3007
726
1
2
1
1179
1177
2
3
1
1175
1
1952
601
2398
2397
3728
729
2999
1
733
2999
734
1
1961
3736
3133
1962
3137
3138
3737
602
1171
3139
1773
3741
1773
1171
2392
3140
1969
748
18
2400
1237
1170
1169
603
2377
2392
1171
1
1221
2393
2394
987
954
6
1
1215
1216
4
1208
1
3381
3382
33
3349
960
3350
2390
1219
1220
1171
1
1
1
1217
1218
1217
1182
2387
2385
3159
3160
1
2
1
973
2991
35
774
2986
1
786
2002
3758
3799
777
1995
787
1804
3012
2980
2978
1218
2
1217
1216
1208
1
2383
1219
2384
1223
9
2382
1164
1163
1
2
1165
1163
1
1162
1161
1
1163
2262
1162
1214
1160
3425
1755
1756
2265
1
4020
3427
4022
2270
1159
2374
595
1216
1215
1
1217
1280
1216
2969
1215
1214
1
607
1274
2372
2373
1157
4
1160
1209
1
3
3187
2
3781
3188
3782
2033
3189
594
1155
6
3367
3961
1156
1213
1161
2370
831
2374
3338
1157
1212
4
1750
2044
1156
1748
1211
1159
2369
592
2961
2
2371
1216
22
2959
20
2380
1155
2359
2349
2048
1205
3794
1
2050
843
3205
168
2051
137
3373
3964
2219
2220
1744
2956
1
1212
1
1154
1155
1155
4
5
1207
6
1
2365
1151
2953
1214
1212
983
6
1217
10
1740
1
2
2195
1739
1
1
1151
2197
1213
1212
2362
1150
3348
3349
989
2360
1210
1211
1151
3428
1146
1
1737
2277
1736
1
1207
1735
4014
1208
1151
2279
1
3430
3432
2281
2282
3434
1151
1
2
1
1152
423
416
417
2357
1575
1209
889
6
917
782
3247
2098
4
1203
1148
2332
3029
1149
1
2
1881
1148
2355
1147
1207
1159
1882
1214
2366
2367
21
1207
900
2355
923
3255
3256
3259
3327
23
1142
4
1146
2302
71
1206
1213
576
1156
2353
2351
1145
1208
630
220
2572
2566
2565
2352
2345
1914
1206
6
4
1200
1146
1153
2351
1207
2353
2354
3
1138
2340
1204
1
2381
431
125
2562
183
1357
2561
3666
2309
726
1211
1176
1105
3468
1098
3483
1
1112
17
1141
1142
1202
1
2344
2345
2346
697
2554
3251
1899
895
1352
1004
2226
2355
1006
1350
1349
2227
1
2083
2084
2
2085
2086
2033
1129
3679
3076
3077
222
603
3901
1
3016
3298
1137
3017
1880
1881
282
1033
2374
2170
1037
1182
1341
203
1133
1337
1335
2219
3554
1
2220
3356
2223
3553
1134
2168
1135
1136
3302
1
2269
1
2270
1330
1119
2092
7
1330
1108
2440
2449
9
1126
1128
1129
2255
2256
973
1135
1
2307
1120
2323
3229
2308
965
3230
2099
1132
2265
2862
1133
1730
2346
10
1123
1322
2466
909
2055
1150
1151
1
1129
3481
2353
3483
1175
2356
3495
1128
1862
2371
1129
1130
1173
734
2302
1863
3469
2303
1223
2314
1179
1430
49
1526
1
1179
6
251
1185
1201
1313
7
16
1203
2
1125
1
3005
24
2514
1126
1
1125
3190
2539
651
2538
1232
1306
1550
5
1552
114
3
1553
2856
1649
1556
2679
1557
119
1123
1560
1303
2683
1122
2684
1302
94
88
180
1207
6
1180
1171
1122
1118
1518
1653
1656
2563
2565
96
1575
1958
1091
1570
383
3
1953
4
1274
173
3655
2381
2770
1
1855
3046
2771
711
47
2942
923
915
3482
758
527
9
2896
2895
231
3127
3115
5
1844
1636
598
1371
2019
1849
8
1857
3480
1191
3049
1606
24
509
1582
1038
485
1902
2385
2506
1
1923
2508
1924
2448
524
11
585
773
513
5
1931
1932
1933
620
1286
671
1226
615
1954
1
556
1
3494
2553
941
3654
3496
3645
292
2713
158
2638
156
2657
3125
2886
2872
2795
2813
3028
18
2641
233
2659
287
2660
468
2003
955
943
2946
12
3123
3111
12
3099
2947
3128
379
3279
239
2890
3254
2061
3658
675
109
2983
2891
14
2877
3255
3477
600
3403
222
3402
1193
3625
3620
3619
2209
772
701
3324
2468
2279
1103
3179
3180
837
3181
856
2076
626
1325
1
2702
2703
2343
2339
364
1134
699
4
2344
186
107
429
725
770
2325
2158
2467
189
3292
1828
2158
2
896
3054
4
1842
894
79
815
3058
163
622
2173
2
2918
1493
3460
2893
680
2200
817
3438
2920
1846
1451
1593
1843
134
3046
1977
472
3180
252
1212
174
1464
983
142
1837
1386
129
3223
1795
9
1789
1787
2362
2369
2
575
125
2
2363
123
2488
20
1125
1081
707
3429
586
3430
3437
389
2343
692
7
2373
345
2718
2721
2722
3351
588
1699
2763
2811
1
1111
1118
422
48
7
3305
2931
374
2812
1
2959
2844
520
2847
2848
2851
3479
1674
112
3364
3365
1805
1
2873
2874
10
2886
8
169
2896
1814
3392
3393
3394
7
1923
1930
1562
3492
3493
3494
3495
1
2
3
1
3046
1530
1
3047
3048
3155
1516
3568
1929
518
1639
1411
1425
1497
1
3485
1502
3016
3486
3017
1983
494
773
1489
1490
16
1
453
3006
519
279
3
2994
1506
454
2997
2998
1509
1572
1430
1425
2682
2
1
3090
1260
1466
1254
1626
2726
2727
1
2720
4
372
2814
2813
376
63
2751
3189
5
1167
1442
1526
1372
2605
2748
2707
2127
2617
2161
953
3536
1426
1233
1237
2609
1371
1372
2583
965
473
1944
1341
1342
1424
2553
2639
730
86
2997
2487
3369
3083
2510
2125
286
1
3552
82
3553
441
2718
2684
326
2277
1357
1355
2243
3632
1438
1182
2101
3600
2131
2451
2450
1058
1027
936
2515
31
1457
1499
2743
2358
3597
248
385
2224
854
3078
510
271
1770
797
1390
2551
3349
2567
240
781
2807
278
72
277
3361
469
1623
1631
1161
388
403
2792
2034
422
1418
1427
324
1523
2839
1740
772
627
9
791
1789
1103
2892
1154
1199
1316
1833
3149
376
1099
3525
3251
2117
274
1475
1201
1134
968
33
1407
1406
1374
1068
2208
372
1373
2442
145
1140
2456
995
3451
1836
256
1639
106
1639
1745
