303
390
991
990
529
364
362
99
1
7
890
888
307
180
1802
1764
1763
1801
3
1640
1639
1638
1637
74
172
1108
85
1051
21
1024
177
175
1026
169
176
892
469
521
290
926
925
923
67
472
1
6
130
98
523
991
987
1212
149
152
151
150
17
1215
150
149
148
153
1464
1465
1466
52
51
98
396
26
27
28
99
519
522
4
5
1760
1759
438
4
5
428
601
52
427
977
86
976
88
975
2
1
1856
1855
2
1
119
326
323
31
28
44
43
267
111
249
125
15
20
124
8
33
34
36
37
6
121
802
801
800
121
4
1678
120
1668
129
130
131
118
1795
1790
1788
755
1793
6
241
1545
1547
1303
1302
1300
1256
1255
1254
1253
1252
37
1400
1399
1406
1401
957
954
1382
1360
555
1373
815
1362
553
1694
1112
222
1045
1115
1116
228
1696
1700
368
812
811
809
366
267
1079
642
1077
5
88
89
1040
613
1042
602
1
3
1488
1045
123
1044
1100
1099
1098
1097
1096
1121
1555
197
1554
1552
64
6
716
714
713
210
1146
1144
58
1212
775
1208
180
460
459
27
25
22
6
893
287
892
285
245
13
291
217
273
216
294
151
150
124
157
156
154
8
64
39
45
35
447
5
6
7
8
11
42
40
173
899
900
901
476
475
298
3
477
476
436
439
434
433
3
354
312
624
30
463
76
77
73
69
2
125
1905
120
121
1
67
70
72
181
259
104
110
109
98
1246
108
866
865
869
868
2
816
815
814
311
807
806
805
277
278
1288
105
1285
1517
1283
106
2
3
1558
1788
1557
1555
4
213
212
211
208
210
1607
3
374
375
767
1282
1281
147
146
132
143
998
995
1574
1573
1572
87
1121
413
1120
577
1119
1515
1517
49
44
1514
1
239
1109
1681
1679
1678
1677
1072
1676
3
4
1214
1760
1764
337
336
1763
14
18
1200
1767
1198
1764
297
292
1725
1722
1720
1
175
229
1666
1102
1101
5
23
1425
1424
1422
1487
1486
923
926
1493
1492
1485
4
277
275
274
1132
1696
3
2
1
243
523
1182
1
72
1780
1779
943
942
1
2
1536
1535
238
3
1315
1314
3
19
934
1538
1536
1535
2
1031
1030
1029
52
622
1386
1413
1414
1
263
316
40
584
583
848
59
855
585
58
870
4
198
561
560
794
798
799
160
162
477
244
365
372
370
369
1
231
227
897
1207
228
1
156
1
591
79
592
1414
329
328
327
30
1415
271
270
269
267
273
66
372
371
306
307
2
247
246
245
41
1
264
814
642
650
1
203
1262
1261
208
1690
1370
1365
87
98
99
105
124
1
2
108
156
626
135
132
825
1
609
617
844
625
825
530
808
528
806
1
856
609
608
1169
302
303
1167
1484
322
1679
1677
1676
105
637
1
138
1470
1469
8
729
727
1008
1007
1006
1004
1003
68
87
1086
326
1084
1083
1
15
609
607
174
855
917
918
609
919
8
168
1
2
659
663
1399
1
212
544
958
227
228
354
71
98
683
685
87
90
91
360
344
362
1135
1134
1133
14
857
858
1512
30
1513
859
799
802
801
800
964
52
180
179
178
92
1107
1109
1043
1111
223
1199
212
210
245
1135
103
118
1626
1602
119
120
1
464
465
466
1140
296
298
299
1615
1621
300
1360
1369
1970
1356
462
463
464
402
1270
111
113
1272
395
396
1305
432
1948
1949
1950
1953
1955
1954
340
334
335
336
338
332
337
1235
1856
338
329
57
60
59
1451
58
89
88
86
84
698
205
201
194
203
193
73
72
70
64
69
333
547
552
546
545
544
349
478
394
555
392
554
393
343
975
712
719
174
715
173
172
918
917
1346
1345
1344
93
613
612
608
611
1037
697
1150
706
1128
1127
521
951
515
513
950
277
276
1
1326
1324
406
1322
1
1489
1045
130
129
1491
128
1490
1492
1491
1489
128
126
1329
1328
1327
1323
105
1224
1218
1217
1216
276
1
299
1220
1218
1217
1651
297
144
1524
1091
1620
1
1237
1668
1764
1761
1079
204
1154
1375
1374
1373
935
934
21
1221
1220
1219
2
467
465
464
33
29
941
569
357
356
355
1
109
92
468
35
467
465
213
91
469
1
151
150
147
151
149
148
205
791
790
202
201
789
1
400
960
974
517
516
980
979
975
518
517
337
338
339
577
576
1176
191
897
896
297
291
120
705
106
105
92
104
119
688
81
80
73
833
79
832
107
811
101
106
93
812
1
245
246
249
1152
1
85
145
150
151
1077
174
175
149
150
244
1147
245
1156
1158
1
244
243
242
1
244
243
242
244
234
243
242
405
1579
1580
197
1581
199
194
195
196
197
198
716
187
178
177
176
173
717
719
476
477
478
479
1104
205
206
207
1109
200
201
447
449
450
453
454
1351
1348
453
1342
1344
36
454
457
56
43
49
48
378
1276
383
106
105
1275
2
495
123
494
45
347
350
351
352
536
538
539
217
230
260
229
228
227
230
229
228
302
315
1199
307
309
1200
1
179
316
308
309
295
307
1198
179
310
1
605
604
100
27
493
466
492
1
496
495
488
323
497
496
1
270
269
109
104
103
110
107
106
104
1432
66
67
71
72
95
36
161
156
25
29
59
65
66
67
68
93
364
363
361
987
18
391
216
390
215
127
128
127
489
1379
14
126
1493
118
119
120
1
411
412
1312
409
1313
1310
1311
1309
408
435
442
443
171
444
445
433
1
229
109
1
103
230
110
1120
104
229
1123
231
87
86
593
592
783
447
197
554
202
564
563
715
1141
1143
513
213
128
125
235
474
248
184
200
201
566
562
1
239
386
798
797
426
343
353
352
387
799
228
226
666
665
664
2
435
434
436
1
434
432
437
1
152
283
282
761
272
764
936
284
283
282
433
605
123
122
648
605
304
336
335
817
816
815
435
438
437
424
500
498
983
990
497
1
589
588
586
585
15
14
32
13
511
509
1764
1762
592
590
586
320
321
1923
1883
1202
1921
1200
1692
1199
1613
214
1612
1611
193
1060
1562
1560
1557
1556
145
1795
1794
1561
1793
1791
1
471
548
466
506
505
467
370
505
507
411
1363
48
49
37
1090
1089
1087
1086
1235
1228
1227
1232
33
34
272
271
1183
1178
269
1516
759
1285
1515
1284
1
1142
1141
1146
1158
1159
1158
1156
1657
62
400
406
414
443
442
495
494
352
492
504
140
139
138
147
146
135
10
1
1268
496
1034
1033
506
482
1263
1258
1023
481
444
443
441
440
438
1
794
799
798
801
1581
809
808
795
800
497
496
483
1035
1
736
585
735
232
49
230
737
231
232
783
782
1330
181
786
1147
1138
1717
1157
1156
1153
155
153
1579
1578
1072
1641
17
1640
859
1
1213
1212
1211
1156
1157
303
1156
318
1171
1175
1169
292
1180
1179
1178
1176
1150
1145
1149
1146
1110
1109
1108
1071
4
1187
1186
1191
1
1217
337
1216
335
1198
1765
1763
1767
1768
1772
1774
1205
1204
1770
1201
1191
1190
1189
1186
1187
1
1168
1171
313
308
144
1170
1169
314
1171
1671
236
1667
1666
1665
1664
1180
1179
1742
1741
1187
309
28
857
1420
854
849
228
1666
1665
55
54
926
925
922
1
1030
1028
1827
1826
1032
1031
1030
1029
877
1447
1
1099
1098
1097
1099
1098
239
1097
1093
273
1692
1691
40
1622
196
1619
202
201
1
1050
1049
1662
241
1658
1047
1051
1049
1048
813
49
756
811
50
809
51
1
345
343
513
341
294
344
343
342
1175
1779
1535
1534
941
65
924
909
908
907
947
925
924
88
920
919
1759
918
923
1
1854
1004
1852
1851
2
1854
1005
8
1848
997
1003
1599
1598
1596
1528
1
2
951
950
1552
1856
1007
1006
1005
1011
303
1
953
952
1554
304
647
645
644
1251
1246
643
241
1554
1553
1550
151
1311
1309
89
547
1160
1158
67
638
636
1247
644
218
705
557
700
711
555
1
297
294
522
298
297
293
182
272
913
521
294
89
90
496
475
493
478
477
476
337
1
564
563
562
564
1185
1184
611
559
1
1030
1029
405
1027
429
1281
398
1021
397
1020
387
392
404
1028
395
473
400
401
193
5
451
450
343
239
157
123
122
68
121
120
53
206
280
223
222
42
846
35
37
1
1180
520
254
255
1
1181
241
243
244
1182
396
369
380
379
436
437
472
469
619
465
464
463
468
259
918
258
257
266
1
2
900
915
102
105
1
3
103
104
2
100
611
139
138
137
131
613
99
100
518
519
521
524
525
756
757
758
782
754
1564
94
220
221
443
222
323
325
349
326
327
316
139
246
504
233
467
448
503
386
497
491
495
496
468
1463
883
854
884
886
554
143
741
1519
1521
743
744
752
1
2
142
1378
605
600
1
94
1377
1373
606
2
80
79
78
77
603
605
35
898
1208
909
911
873
874
875
876
1
735
742
738
734
734
735
736
741
1539
776
777
778
779
120
624
635
325
324
747
742
743
751
744
76
77
372
371
370
369
334
305
372
1144
587
384
388
2
922
810
921
41
75
97
144
56
1034
53
1053
19
1109
86
924
39
40
41
280
908
147
912
154
156
157
182
1212
261
1213
244
389
409
79
591
200
202
257
432
1
338
244
243
1207
1204
440
1211
244
1205
1206
658
659
660
661
24
733
28
27
42
773
81
265
627
628
123
143
1
2
3
149
151
1
907
909
912
148
1
591
594
452
451
450
449
151
311
453
450
449
1
2
1370
1369
676
1375
1374
1373
1372
1371
1370
200
201
202
207
211
1372
1371
1370
1369
1368
1380
1367
1366
596
160
600
1302
1289
1301
161
2
30
17
671
4
827
826
518
244
243
241
519
243
242
523
522
524
239
461
303
307
460
425
459
457
418
24
34
19
669
266
237
238
96
95
73
213
98
97
95
113
24
125
118
113
100
86
87
88
123
1
906
148
182
150
122
147
148
879
149
147
151
148
499
241
501
149
150
258
1
2
348
259
2
88
85
352
394
393
392
391
258
344
349
343
339
348
361
352
350
340
349
339
1
310
309
304
340
306
334
305
177
730
728
775
735
732
1
736
735
6
734
732
737
735
734
1603
553
551
90
235
1551
236
237
1470
1469
7
1468
1641
146
591
587
586
592
591
589
588
587
620
613
612
619
618
617
615
2
3
526
525
197
528
195
196
197
1595
534
529
528
195
527
1597
1682
1680
116
85
84
83
664
81
666
1
1172
393
1171
155
1163
1173
394
1160
996
1005
1004
987
232
986
1309
1307
1306
514
215
216
217
218
411
412
1166
1165
428
414
179
567
177
509
176
465
217
995
469
219
223
42
525
526
516
527
528
90
155
87
86
85
84
659
806
345
483
495
344
489
491
484
160
654
648
655
488
489
491
610
148
138
136
609
608
1
592
591
182
189
1
2
101
1398
505
661
506
102
1265
505
103
1396
1397
1398
1267
1399
178
179
592
181
213
546
545
544
327
440
329
331
1
16
17
18
19
720
16
722
17
710
1
352
351
353
338
1124
353
337
371
357
1
724
723
775
773
784
715
5
717
4
3
857
767
779
2
780
2
1916
1
1268
5
785
2
3
1203
723
790
789
2
5
4
715
725
726
3
16
712
708
2
721
722
788
786
11
792
2
786
1
787
3
1
1219
15
6
794
4
7
6
5
701
691
692
5
2
703
9
10
794
2
718
719
7
697
2
5
1
6
2
1
1
709
8
3
3
2
1
5
7
4
3
4
2
687
1
23
3
2
1
838
20
4
839
7
6
4
1
833
15
851
17
858
91
90
77
646
1271
4
1
850
16
845
3
1
6
5
2
1
627
628
6
3
7
492
495
627
2
4
1
2
3
1
8
34
10
4
3
1
3
2
4
485
5
4
490
21
481
1
840
5
985
4
3
2
649
665
4
666
2
334
2
1
3
3
11
32
2
645
646
643
12
22
3
861
13
12
642
4
18
1
2
638
2
643
644
639
640
1779
1780
4
3
1137
1781
5
6
890
639
2
644
2
1
4
3
2
893
896
895
894
8
7
6
4
3
894
895
5
4
3
902
898
609
610
5
3
611
20
60
601
905
5
4
681
682
8
85
86
627
584
587
631
629
1
8
7
6
2
6
42
891
890
39
888
4
3
36
1
2
842
2
1361
2
617
618
3
2
1979
452
3
451
870
3
2
1
7
1159
1
2
1
2
123
5
1801
1160
1
7
6
4
283
285
5
1
447
4
3
448
450
444
446
4
3
2
7
903
614
6
604
901
7
4
900
895
4
906
905
901
891
890
1
909
894
6
5
895
7
4
604
6
4
605
606
4
3
916
2
2
922
3
2
28
4
3
1
880
878
1
7
2
3
5
4
896
1
910
904
903
902
10
901
1
897
4
1
48
892
891
11
49
37
590
6
5
896
48
36
2
1
843
5
638
6
5
4
5
4
1270
3
2
4
2
987
3
988
4
3
2
515
70
6
179
178
183
177
4
3
2
1
3
2
1
1341
1343
4
3
1
1357
1354
5
4
2
4
1
198
2
11
5
1445
1443
211
208
206
202
2
1020
3
2
1
1372
1
3
6
2
3
2
1
544
3
561
562
563
1358
1364
921
2
51
1372
1371
1370
1369
5
44
4
1365
884
7
6
5
425
57
1
436
6
429
2
1
453
430
3
2
1
2
5
6
924
10
168
2
4
5
1
3
8
1
2
3
2
918
892
2
889
888
893
894
918
1
3
1362
1
24
25
1
3
4
1386
1
3
1361
5
1
2
463
1382
128
1
4
2
2
4
1356
921
1
2
3
922
1
2
1
1
434
431
158
1
1357
1356
923
1355
1
433
1357
438
432
924
1
433
923
922
919
529
1
1454
1
530
1455
1453
1
1452
1
2
3
925
926
1
432
445
2
1
783
1
3
1453
784
574
1
2
913
786
1358
437
575
438
13
1
2
3
11
447
1360
1
2
913
1
1359
1360
1
2
925
1357
1
926
924
1356
1357
919
1
1359
434
433
1
432
1
2
1
2
3
4
137
489
1
2
1
492
490
904
2
1
352
145
1
1
2
496
1
495
497
2
1
19
2
1
482
17
144
3
432
1
2
438
1
432
1
2
4
1
2
585
1
1
2
920
1
1360
916
919
14
1
3
591
588
1
2
1
1514
1510
917
916
1
2
1
600
28
812
1
1
607
2
1
6
1
605
1
2
1
903
906
907
905
11
2
2
3
911
7
912
1
13
12
2
905
13
14
445
15
1
5
903
1
2
7
3
904
1
2
1
905
907
904
926
3
901
1
8
19
902
9
898
893
1
2
4
10
1
892
9
893
1
2
2
10
11
113
784
8
1
904
1
909
903
1
4
5
9
1
3
124
1
2
1
2
3
1
128
127
6
7
898
899
1379
4
2
1
8
7
129
892
1
2
3
1
8
2
481
1
2
4
5
1513
1377
1
473
1
6
2
2
473
1
2
6
7
18
882
19
1
13
8
900
899
903
1
2
901
1
1
899
901
902
2
1
3
1
898
5
894
1
4
1
5
893
1
2
888
1
1380
1384
1382
4
3
1
493
6
20
2
4
26
492
1361
18
5
4
1
33
1380
1379
2
1366
1
6
7
1382
2
1
4
131
3
4
5
1
496
1381
1
127
173
134
617
3
624
886
18
2
885
1
2
904
884
909
906
1
3
1
489
1
490
2
1
1
430
1401
1402
510
1
971
970
1
892
1
891
1377
1
43
3
1
653
165
2
479
3
16
520
1
3
504
1
1
2
3
2
1
360
357
5
4
507
26
1
4
1375
484
27
1224
891
1230
7
6
5
457
894
3
1
2
6
1
3
5
1
39
40
39
38
2
1
1
1388
1374
1375
40
1532
14
1
1359
1348
1518
1
1533
1
1517
1
2
4
5
1532
1
2
149
1
3
1
2
33
147
149
1
1528
163
31
32
1365
1360
1
3
132
1
1507
1
2
5
1
2
1
3
2
11
1354
1
616
606
2
1
1
903
1
292
9
2
2
615
890
898
1
6
1
8
1375
5
1
2
8
3
1376
1
895
3
5
9
4
897
896
1
4
901
1
4
3
2
906
902
5
890
580
5
909
9
12
6
575
3
3
4
1
3
578
1
2
904
1
611
615
4
612
581
619
3
7
621
2
190
191
585
629
630
1
2
5
1
2
628
5
4
1271
625
1268
1
2
3
1
300
301
1
341
342
1
3
1
2
1
1270
1269
1
2
363
1
365
1
4
1
3
1277
1278
454
457
1
2
1
2
3
823
1
826
817
639
2
3
8
9
1
5
6
7
1
9
456
1
4
5
34
1
2
3
1
9
8
11
1
2
6
1
844
843
7
8
10
5
1
6
3
844
7
1
42
1
2
43
3
837
41
9
506
2
502
915
916
504
2
3
4
41
38
502
1
3
1
2
40
1
1
2
12
13
14
17
464
1
2
3
4
1
3
492
5
1
1
2
4
1
6
7
486
2
910
484
912
1
1394
1393
1
2
1
1394
902
1
903
904
906
1393
482
1
2
3
911
1
481
1
1
1
3
1623
1624
1627
1
2
1
2
3
4
1624
2
1
2
1
2
3
1
127
126
1
1
1456
127
1457
1622
2
231
1
1
681
38
682
1
2
1
2
3
907
936
1
1
493
2
492
1395
1396
1399
1
1
903
902
904
1
2
1
3
1
20
891
29
3
11
12
19
1399
2
8
1
1400
1401
1
12
32
1
3
4
20
1
2
6
1
3
4
5
1
2
24
39
1
37
15
2
3
845
4
9
1
4
15
20
38
5
1
3
6
1
2
3
1
1
7
6
1
2
4
911
1
2
3
1
3
920
1
917
2
1
921
3
920
8
3
915
912
1
3
920
916
917
1
2
919
1
3
916
913
912
1
3
4
7
5
4
16
14
1
2
7
1
5
5
514
913
4
3
1
3
4
2
1
2
1
919
924
2
5
922
3
1
58
923
924
501
2
1
62
61
1
61
1425
1
846
842
3
838
1364
1
2
1
1
4
849
1
3
1
3
27
26
17
18
19
3
4
1
24
2
23
24
757
755
1
1
2
9
1
1
2
5
1
3
4
756
757
1
1
526
231
1658
1427
2
3
4
876
917
1
2
3
4
2
1426
1
879
2
3
876
781
1
780
1
3
772
1
13
978
979
980
4
1
880
965
1
2
884
889
890
879
880
1
1
879
964
549
878
548
1427
2
1
5
1429
1
8
1434
11
866
3
9
1
879
5
1
3
863
1
1
39
858
1
2
3
8
1
2
9
6
1
4
5
10
579
1
3
560
1
2
1
506
557
559
563
1
57
1
1
2
1
2
883
3
4
1
1
3
853
26
30
824
823
4
6
881
875
876
877
880
879
1
7
1
6
875
1
880
881
1
874
2
4
876
1
2
877
1
2
879
1
868
2
1
2
11
1
5
7
9
2
1
2
870
869
1
2
1442
1
865
863
3
1
2
2
1
1
2
2
862
1
4
567
1
2
3
1
2
2
4
3
1
1427
854
573
1
3
4
566
1
2
1
4
863
562
1
3
1
1
2
1
3
1
857
5
858
1
3
4
5
859
2
5
1425
2
3
1
2
13
1650
164
1
1428
11
1
2
3
5
1
1435
3
4
1
1433
2
1
878
877
880
535
864
3
2
1431
1
2
2
1
1415
1
3
1431
1432
1
2
1418
1417
1
1432
1428
1433
1
1439
1438
1439
1
1
867
1663
1438
1
564
1433
1
3
8
557
869
11
1
2
565
1
2
3
566
567
2
3
565
562
1
570
567
568
1
2
3
1
2
40
566
1
858
859
1
860
5
38
858
1
575
10
3
859
6
27
1
576
2
577
575
614
609
565
1
2
564
4
1
1
39
1399
40
1440
1439
1
4
3
5
1
3
4
1
3
2
819
604
1423
6
1
1426
806
1427
1
853
856
621
852
1473
5
2
3
44
45
1465
1
4
3
2
3
5
7
834
9
1
2
1
2
1423
12
1
1
41
1425
765
40
1435
774
74
73
659
851
856
857
858
4
1
2
5
4
847
2
3
859
3
842
1
2
862
1
15
4
1
14
18
2
3
1
3
4
1
2
843
836
1
1
33
606
1
2
607
1
233
3
840
1
1
2
563
571
569
2
1
2
565
796
567
1
559
1
799
796
560
1
3
320
1814
848
604
1
244
593
1
577
236
836
1
16
1
2
4
21
1
3
23
2
1
607
22
23
608
607
1
630
575
576
1
6
602
1
1
2
2
4
5
613
2
1
615
613
614
66
68
1
2
548
547
1
143
2
6
7
149
550
603
1
2
1
140
47
1
2
1
1435
1433
1434
1
625
50
881
1
2
49
856
52
1
55
807
1
2
1
1
1
883
889
1
58
832
1
888
890
889
882
1
624
1
3
2
633
804
1
868
1
811
697
805
812
1
698
2
1
2
50
763
2
5
49
813
1
1
2
761
700
737
701
1
108
1
1438
1466
1467
764
1
2
7
791
763
1
3
2
1
776
777
663
775
781
1
2
1
3
6
1440
15
2
675
1
1
53
52
674
939
54
887
265
660
10
8
9
812
1
2
3
4
1
817
2
2
1
1510
966
815
544
2
151
150
967
551
154
1
1518
705
708
816
2
3
1
815
814
4
809
813
816
1
3
1
4
817
821
2
13
12
11
813
13
1
3
173
15
1
795
168
2
777
622
1261
3
4
5
814
800
1
4
710
14
813
711
706
542
543
1
11
542
170
12
712
182
181
179
177
1
1
1
2
1
1
2
1
178
1
2
639
1
640
1
647
648
1264
639
646
1
614
616
188
2
5
183
182
1
1
2
3
4
1
3
1
609
1
779
1
611
797
798
610
1
186
185
183
1
4
802
2
3
1
2
806
804
1
1
800
808
805
1
799
798
22
23
24
776
1
1
28
809
32
810
1
2
331
330
1
2
778
1
11
777
1
2
1
3
4
1
2
1
8
297
1
2
979
1
6
2
7
8
11
1
2
3
298
547
1
546
1
2
845
981
980
1
1
336
1
847
849
848
845
658
5
1
3
4
1
2
2
547
1
549
1
1
1
550
1317
767
1
1
3
766
6
2
3
5
1
768
763
760
2
769
1
5
1
971
4
1
770
771
972
157
156
1
1
3
614
613
1743
1
1453
2
2
967
1
3
965
1
2
4
964
960
1
2
3
694
1463
13
10
1
2
679
692
693
1
959
1445
677
1454
1451
768
1
1455
3
1
2
2
617
1456
1
2
3
276
683
277
960
280
1034
967
1
969
273
1
7
8
7
6
65
1023
966
965
1027
760
1
769
1
763
2
3
5
761
762
4
1
770
761
765
1
764
1
758
1
2
771
1
769
770
1473
1
1
3
1
1457
1455
633
1
2
20
2
632
1
18
19
869
1
2
3
759
1
73
74
1
1
75
1
1
685
820
4
694
2
135
762
760
2
1
2
1
692
559
1464
560
702
1
1
2
7
8
1
2
3
6
1
3
1
8
1434
2
3
750
6
7
3
1
761
756
757
764
762
142
1
5
1
4
1
2
3
1
693
689
688
1
699
694
1
1
2
1
1
5
4
5
1
1454
1455
1456
10
1
1453
1452
1
11
1
1466
1465
13
1
1
1462
1
1461
1469
1
2
4
1
2
3
4
3
1
4
2
760
764
1
2
4
1
2
1
2
1
1
1
4
5
6
763
3
1
764
1
2
1
2
3
1
722
19
4
725
724
723
1
3
34
33
1
15
32
4
1
10
5
5
1
15
34
6
1
14
1
2
8
1
9
7
1
2
13
26
1
673
675
1436
672
764
2
1
2
2
3
4
5
32
60
1
3
35
1
61
60
1
61
1
2
60
62
2
1
1
651
696
1
1
1
1
743
747
685
682
4
2
62
1465
3
2
683
684
7
6
5
1
1465
1471
2
777
1
1464
776
6
2
1
5
4
1787
6
1489
4
3
2
3
1809
2
1796
1781
1806
746
1
743
742
747
9
1
1
5
1
4
13
1035
1050
1052
3
1036
17
1
3
2
1
1048
1047
47
39
40
1
1
3
741
738
1
1472
717
1
2
739
741
1047
1
1473
2
1474
1
1
1475
743
755
1474
1
1473
1789
1788
1792
1472
1
1
2
3
1
1033
1794
320
2
1474
1061
1055
2
6
1
4
2
6
1
1475
1476
1
2
4
1
2
1
12
2
10
3
11
1
7
1
3
2
7
1
6
7
6
1
7
1
2
731
731
61
710
1048
6
2
724
1
724
722
2
1462
1
1477
1475
722
1478
1472
1464
2
5
6
1
10
2
3
753
1480
1
1070
727
1797
1
1479
1
1492
1480
1493
12
1
760
755
756
1
2
778
4
1
746
2
1
4
323
1
6
2
3
8
7
1
1
8
1471
1
792
1470
2
4
679
327
1472
1
1798
1799
3
1797
1068
1
2
1
2
729
1
2
1
4
13
731
15
3
7
683
9
14
3
4
1
3
4
5
6
2
5
1
746
3
1067
745
747
1
2
1488
1
704
2
1489
743
746
783
784
746
1
3
1070
751
752
753
1
1821
1
743
744
1
686
1
64
685
63
748
745
1
3
4
1
738
1
2
2
1
3
1
45
44
1
1
45
828
1
1528
783
785
743
742
2
839
6
1
1
2
1
2
7
1
10
757
17
8
12
2
1
14
1
2
774
1
732
1
764
762
3
731
2
5
1496
771
1
732
733
772
9
731
740
608
1
1
3
1
633
1500
2
132
1
637
3
851
4
636
867
1503
1
634
1502
1
2
1504
1501
1
2
1502
731
635
1
96
90
2
1497
1496
712
781
721
7
722
765
772
7
1
12
11
1
693
2
1
1
2
3
4
690
1
691
1
690
1
691
771
694
728
1
1498
1499
783
784
787
788
9
338
1
1
720
7
779
1270
1921
1926
1928
7
723
1917
1267
1268
1269
1
3
1
2
651
655
7
1
4
1
2
11
1
4
10
6
5
10
2
3
17
697
1491
1
2
1481
3
723
1
786
785
1
722
786
1
2
1
2
5
347
797
798
1
3
1
2
1
3
4
5
12
1
3
3
788
1
1017
785
352
1016
784
1444
1
2
1
2
1216
7
1
2
1234
1
2
3
1440
1
7
6
5
3
1441
1437
2
1
9
2
3
695
2
698
10
696
697
1
3
1
706
705
1
700
1
2
1
2
1
7
6
4
2
19
1
12
4
1
1
187
1
168
174
170
690
185
186
689
6
1
2
1
2
1
2
984
982
2
1
1
520
518
1
687
3
1
519
517
688
690
692
693
22
2
4
1
595
6
3
690
689
1507
715
1
3
4
5
36
37
93
818
1508
792
1513
1507
5
3
717
1
714
1508
4
1483
1482
1
1512
853
7
2
6
854
848
855
24
1
5
3
2
3
27
1
1
6
2
494
12
7
32
482
19
20
1
641
858
2
24
31
1
3
25
1
2
661
1
56
660
638
1
614
22
639
640
1
1
2
3
2
1
16
629
899
17
647
1
1
2
651
646
3
642
1
639
860
1503
643
653
1
5
651
656
248
652
655
2
6
408
414
3
2
1
900
6
902
1
2
900
3
2
1
412
1373
1
2
1785
1
1140
131
647
1
644
649
1271
646
640
2
643
14
657
1
645
647
646
1528
1
2
1
1529
4
1
2
3
638
645
1279
1
646
647
5
1
4
5
1
1919
7
9
1920
1
1926
1925
1
2
1926
1924
1925
1
2
118
1924
1
116
1
2
1
646
4
641
873
650
891
1516
1
1
1512
1515
1
1513
4
1545
1514
1
3
636
40
4
2
3
1
1541
639
1
902
1
1
3
2
1
899
900
1
4
5
596
1
2
3
4
1
1
1
592
3
585
2
630
566
1549
64
984
983
1
35
31
33
34
1
2
3
5
4
3
1
1
2
890
1
2
3
887
888
924
1
3
925
920
2
27
28
927
5
30
927
1
919
1511
920
1
26
591
610
1
1509
26
594
20
19
620
621
897
619
620
1
614
1527
1
1
2
1
2
1
1
451
161
129
1
290
32
1
128
2
129
3
1
2
1
132
133
1
136
1986
474
137
1985
473
1
473
474
475
1
2
894
337
895
5
6
1
3
1232
1
2
1
2
896
1
1
2
5
1516
906
1517
1
2
5
904
1
2
3
1
123
124
4
2
1
4
119
5
2
1383
1382
1
2
1
1
124
2
7
1
2
3
6
122
1
1
2
6
897
1
2
3
1
3
4
1
2
1
1
891
887
3
1
882
1497
888
1
5
885
811
1
609
613
8
1496
610
614
1
615
605
10
610
1510
1
1511
25
1488
1486
1
2
4
1
900
21
2
879
889
19
2
1
908
8
909
9
6
5
1
1
1
891
1
890
60
893
891
827
1
3
950
1
2
1
420
49
947
50
1
38
553
39
1
552
3
1321
1
545
18
2
547
546
17
1
2
2
3
5
6
643
1
644
1
5
549
1
643
2
9
1
7
641
3
4
10
654
1
2
644
1
2
3
1
652
649
2
653
1
3
1
1267
1
1268
1266
1334
4
1
1267
1
2
1344
1343
3
1
1347
6
3
1353
1928
1
2
558
1927
1369
559
1
1928
4
554
558
1
4
16
1
3
1
2
1946
1942
1921
1
19
1934
582
1947
20
1915
1352
1
2
3
1
1364
2
1363
1365
1
4
1436
1
1445
1446
71
1435
1365
1
1375
1371
1373
2
3
2
1
2
1
2
24
21
22
1
444
1
3
1
2
1
429
1
426
1
437
443
2
1
435
2
441
5
1
3
4
440
443
2
1
2
3
482
1
481
46
442
443
435
1
2
1
427
1
