1
1
6
1
5
2
1
2
499
51
52
34
50
4
46
49
48
27
31
1
26
8
2
5
35
38
16
8
3
5
95
45
950
9
399
57
36
449
947
18
37
7
1
2
15
1
4
1056
456
1073
17
1
16
10
14
1065
1064
1074
1073
10
11
1064
363
12
5
4
9
10
9
3
1
10
1
12
2
372
1086
1
1103
1109
3
4
1
6
1
1
2
4
3
25
1
26
490
20
26
951
963
448
937
1
2
1032
32
65
1018
10
1
1
1
1094
5
1
35
1
1
1
97
103
31
19
1011
973
115
3
1
840
14
59
1
55
49
120
1
397
1
50
852
900
794
65
104
1
79
10
52
1
2
68
868
1
1
1
63
73
45
10
101
80
1
119
102
1
135
86
33
1
106
289
1
104
1
62
1
49
271
1
10
37
873
20
1
926
5
1
83
63
24
1001
969
19
56
2
2
33
58
1
3
2
951
74
107
1
1006
1
1
2
3
4
1
2
50
19
30
1
22
371
841
789
136
1
74
22
102
113
106
3
1
73
3
156
644
126
72
143
1
88
339
721
120
647
208
1
673
683
3
2
612
686
121
52
1
3
1
107
118
1
105
665
3
36
32
1
27
1
72
887
165
1
150
125
1
1
92
2
88
867
33
90
1
1
1
7
16
9
13
723
726
10
13
14
8
1
18
7
2
414
416
11
723
731
735
445
1
160
43
1
142
55
1
1
50
154
12
12
148
13
99
93
135
1
127
16
139
370
3
17
172
92
1
125
12
2
25
125
213
109
2
110
15
138
201
125
1
18
182
3
471
315
25
580
3
4
231
67
20
10
98
739
557
536
2
179
77
123
116
39
1
60
1
1
480
634
596
538
96
1
1
138
1
76
1
121
110
2
3
102
1
2
69
1
100
99
1
1
2
8
1
2
4
2
3
1
129
1
1
6
10
1
1
4
7
3
10
3
2
1
1
122
519
90
1
4
142
3
206
38
126
404
520
1
2
3
77
139
344
85
11
31
71
59
146
25
36
1
1
71
51
121
118
371
536
3
235
98
108
118
1
119
150
1
41
373
63
109
1
120
1
449
412
436
1
267
351
3
50
1
53
632
120
36
1
2
1
23
1
10
18
8
2
616
1
5
3
12
19
1
5
3
430
63
1
1
161
435
37
3
49
46
48
200
1
3
487
125
178
1
94
16
66
20
122
1
173
270
163
4
37
100
54
182
38
320
124
37
38
1
39
52
1
353
91
184
130
1
1
23
25
62
63
37
1
65
155
82
7
8
173
1
348
148
353
1
179
178
171
1
1
62
277
1
2
1
2
2
41
29
42
43
24
14
31
733
15
19
1
15
9
52
30
2
33
13
1
2
1
6
7
6
9
13
14
13
23
1
12
1
16
16
3
1
4
2
11
1
70
1
1
89
101
1
1
4
1
1
130
217
132
1
1
99
63
1
44
36
1
3
40
20
35
1
819
25
1
14
22
30
1
53
87
86
117
135
2
3
245
444
6
1
2
139
1
194
50
438
47
220
92
157
235
38
242
580
584
57
426
501
503
544
77
1
80
62
37
115
21
1
176
42
337
377
83
1
2
37
396
45
23
677
26
45
13
41
9
11
502
552
559
51
4
1
4
2
50
1
227
228
23
226
230
500
4
94
86
207
143
233
273
269
216
433
432
78
256
2
1
380
1
1
212
38
9
10
1
181
154
1
105
128
109
1
264
149
26
25
348
20
32
23
13
90
1
44
61
58
1
9
5
99
324
84
330
456
501
40
452
51
11
2
1
1
59
43
1
70
38
26
1
38
1
4
672
31
1
30
126
621
27
10
38
133
33
29
49
120
1
141
51
139
56
81
59
1
270
441
13
126
141
135
146
1
2
1
192
153
2
62
80
139
1
117
1
486
112
276
263
112
661
321
115
1
2
585
1
141
33
1
328
321
295
53
1
108
1
1
69
185
103
10
32
85
81
115
2
1
318
1
5
1
1
4
6
7
1
1
1
1
723
1
1
11
15
16
19
24
12
16
1
6
1
4
2
2
2
50
1
4
213
25
1
1
2
7
1
2
1
1
2
223
336
1
3
1
1
42
1
1
1
4
5
6
10
38
41
33
6
1
1
1
6
2
45
6
1
2
47
1
4
7
12
1
300
306
2
2
1
4
1
9
2
649
1
1
2
8
4
1
7
1
8
171
175
621
4
1
36
1
21
1
2
5
1
3
1
1
1
1
3
4
1
9
1
1
6
1
276
351
369
1
1
3
9
1
3
1
5
7
1
8
3
332
1
1
1
409
4
1
354
244
246
554
1
557
2
1
2
44
1
3
1
511
1
1
996
23
11
5
1
2
1
370
1
140
258
1
2
1
14
1
54
1
428
2
331
3
1
1
362
369
1
1
1
1
330
368
1
38
1
234
1
2
196
4
6
1
4
1
1
1
1
1
1
165
154
1
1
1
963
2
1
3
1
1
2
30
1
3
2
39
1
3
1
1
1
5
1
54
542
3
1
628
1
1
2
5
582
553
63
1
1
2
3
473
1
737
1
400
432
435
439
443
13
12
1
1
2
1
1
408
408
413
412
415
9
426
428
24
1
3
1
2
4
9
40
2
10
385
367
1
2
111
194
302
2
338
303
1
718
1
2
6
1
1
1
61
2
1
1
481
1
1
10
14
6
1
19
25
1
1
22
1
1
1
1
184
3
682
1
10
1
13
2
1
1
4
299
3
2
1
234
1
239
1
762
1
783
1
1
1
207
203
695
707
1
1
1
7
1
2
1
358
635
1
1
122
1
809
33
4
29
1
1
1
1
1
1
1
46
1
1
1
1
2
1
2
1
1
3
1
1
4
1
3
1
3
1
3
1
104
1
1
4
1
4
1
1
719
1
716
2
1
699
701
645
2
425
701
3
1
3
5
1
1
205
689
63
1
1
1
1
182
1
4
10
181
1
2
3
7
1
2
1
1
1
2
1
348
1
2
1
1
1
1
1
59
351
1
1
1
3
125
1
194
1
1
5
3
3
2
1
259
1
41
1
1
28
87
1
8
1
2
1
2
1
127
1
3
1
1
1
1
1
1
1
711
1
1
1
1
1
1
1
2
1
1
54
1
1
1
2
1
1
1
1
1
4
1
3
1
1
1
1
1
1
1
3
1
4
1
3
1
1
1
1
1
1
1
1
1
1
1
919
1
1
1
3
1
1
1
1
1
1
1
1
1
1
977
1
