1
684
8516
8515
679
8503
8517
678
9197
9182
673
8496
8519
703
9169
9156
1
9860
9859
703
9871
9861
1
9169
9168
861
9152
9170
1
10014
10013
1
10016
10015
146
9965
10017
1
10112
10111
1
10114
10113
1
10116
10115
1
10118
10117
1
10120
10119
1
10122
10121
1
10124
10123
1
10126
10125
214
10092
10127
1
10307
10306
1
10309
10308
1
10311
10310
1
10313
10312
1
10315
10314
368
10306
10316
1
9939
9938
90
9919
9940
1
10010
10009
336
9987
10011
1
9652
9651
1070
9645
9653
1
8576
8575
1
8578
8577
238
8572
8579
1
8335
8334
3968
8327
8336
1
4360
4359
1
4362
4361
1
4364
4363
1146
4354
4365
1
3209
3208
1
3211
3210
1
3213
3212
1743
3207
3214
1
1465
1464
111
1463
1466
112
1356
1352
1209
1458
1468
3
248
249
4
247
245
5144
236
251
1
5381
5380
1
5383
5382
2266
5378
5384
1
7645
7644
23
7641
7646
1
7665
7664
645
7657
7666
680
8289
8302
1
8970
8969
1
8972
8971
681
8985
8973
1
8305
8304
648
8284
8306
1
8933
8932
33
8928
8934
1
8896
8895
633
8880
8897
1
9514
9513
1
9516
9515
587
9511
9517
1
8925
8924
1
8927
8926
1797
8924
8928
1
7128
7127
764
7126
7129
1
6363
6362
526
6360
6364
1
6887
6886
1
6889
6888
32
6882
6890
1
6915
6914
1
6917
6916
1
6919
6918
1
6921
6920
93
6909
6922
1
7003
7002
1
7005
7004
1
7007
7006
1
7009
7008
1
7011
7010
4818
7002
7012
1
2185
2184
1
2187
2186
1
2189
2188
1450
2165
2190
1
716
715
597
714
717
1
118
117
32
114
119
1
83
82
3
75
84
1
79
78
3
74
80
1
78
77
190
71
79
1
118
119
1
116
117
1
114
115
1
112
113
1
110
111
197
115
109
74
315
312
1
240
241
1
238
239
28
241
237
1
268
269
36
269
267
78
249
233
1
170
171
1
168
169
1
166
167
1
164
165
1
162
163
124
194
161
1
69
70
1
67
68
1
65
66
1
63
64
1
61
62
99
73
60
1
27
26
12
25
28
1
14
13
1827
10
15
1
1838
1837
413
1834
1839
1
2248
2247
82
2244
2249
1
2163
2162
585
2159
2164
1
1575
1574
4665
1568
1576
3
6234
6233
913
6233
6237
191
7141
7146
74
7329
7332
1278
7401
7403
1426
6122
6123
1050
7531
7548
1
8582
8581
1
8584
8583
1
8586
8585
1
8588
8587
142
9039
8589
1
9182
9181
1
9184
9183
9199
9185
1
17
10235
10234
10277
10276
1
10235
1
10236
10234
1
10235
10296
1
10297
448
10233
10213
10298
10202
1
9755
9754
1
9756
9747
1
9749
9748
9740
1
9742
9741
559
9743
9611
1
9052
9041
1
9082
9042
1
9083
9032
1
9034
9033
9011
2
9013
9012
539
9008
9007
9005
9015
1
8463
8466
1
8464
8463
1
8464
8463
719
8464
8445
1
7726
7725
1
7726
7725
1
7726
7725
1
7726
2034
7727
7678
1
5644
5643
1
5644
5643
1
5644
5643
5642
1
5643
5642
1
5643
5642
1
5643
5642
3790
5643
5615
1
1825
1824
2276
1825
1813
1
463
464
1
463
464
8
463
473
1
465
466
8
465
455
1
463
464
8
463
473
1
465
466
1288
465
519
1
769
768
1
769
768
1
769
768
1
769
768
1
769
768
1
769
768
1
769
768
1
769
768
1
769
768
1
769
768
1
769
768
1
769
768
724
4677
725
1
5445
5336
5307
5402
1
5308
2
5337
5336
5315
5309
2
5317
2
5339
5338
5326
5319
2
5328
2
5341
5340
5335
5330
2
5337
1
5343
5342
5357
5339
1
5358
2785
5343
5342
5305
5359
1
8090
1
8081
8080
8096
8091
1
8097
1
8081
8080
8103
8098
1
8104
1
8081
8080
8106
8105
1
8080
8107
523
8081
8034
1
8557
8556
8573
1
8574
1
8576
8575
1
8557
8556
8577
8574
1
8576
8575
632
8544
8577
8555
1
9187
1
9176
9188
9178
1
9175
9179
1
9176
9173
263
9132
9174
1
9395
9362
1
9395
9394
9363
9353
1
9354
1
9394
9355
1
9395
9347
1
9394
9348
1
9395
9394
9340
1
9394
9341
1
9395
9394
1
9395
9394
1
9395
9394
1
9395
9394
1
9395
9394
1
9395
9449
253
9450
9342
1
9595
9594
1
9595
9594
1
9595
9594
1
9595
9594
1
9595
9594
47
9595
9558
1
9605
9604
41
9605
9589
1
9548
9547
59
9548
9545
1
9604
9603
1
9604
9603
1
9604
9603
1
9604
9603
1
9604
9603
74
9604
9597
1
9671
9670
8
9671
9662
1
9670
9669
1
9670
9669
1
9670
9669
1
9670
9669
1
9670
9669
1
9670
9669
1
9670
9669
1
9670
9669
1
9670
9669
1
9670
9669
13
9670
9543
1
9556
9555
1
9556
9555
1
9556
9555
15
9556
9685
1
9670
9669
1
9670
9669
1
9670
9669
57
9670
9513
1
9456
9454
1
9455
9453
1
9454
9452
1
9453
9451
1
9469
9452
1
9470
9449
9355
15
9356
1
9367
9346
9341
1
9370
9347
1
9371
9360
1
9364
9361
9360
259
9365
1
10276
9106
9105
1
10308
10277
1
10309
10284
1
10293
10301
10285
1
10302
1
10293
10303
1
10294
10293
10307
1
10293
10308
10294
1
2678
2677
2674
1447
2678
2648
1
1201
1200
1
1201
1200
1
1201
1200
3142
1201
1141
1
4283
4282
1
4283
4282
1
4283
4282
1
4283
4282
1
4283
4282
1
4283
4282
1165
4283
4152
1
5317
5316
1
5317
5316
1
5317
5316
1
5317
5316
1
5317
5316
1
5329
5317
5316
1
5330
1
5331
5317
5316
1
5317
5316
1
5317
5316
1
5317
5316
5113
5317
5164
1
51
50
1
51
50
1
51
50
1
51
50
68
1
51
50
69
1
51
83
1
50
84
1
51
96
95
1
51
50
115
97
1
116
1
51
128
117
1
50
129
690
51
17
1
703
713
707
2
689
688
714
1
690
723
2
690
681
724
2934
691
690
683
1
3624
3566
3559
1
3567
3571
3405
3567
3566
3572
1
6971
6923
6924
6982
828
6923
6926
6925
1
7584
7596
7754
1
7584
7597
7586
1
7584
7588
7587
1
7585
7569
371
7585
7570
7563
1
7858
7934
7929
1
7858
7930
41
7859
7773
7916
1
7814
7851
1
7814
7813
7852
1
7814
7813
7848
1
7814
7845
1
7814
7813
7846
7840
1
7841
1
7814
7813
7842
1
7814
7836
1
7814
7813
7837
1
7814
7813
7827
1
7813
7828
1
7836
7814
7813
1
7837
7813
407
7814
7798
1
7391
7390
1
7391
7390
1
7391
7390
282
7391
7279
7611
7561
7560
1
51
52
1
43
51
52
1
42
52
1
51
52
1
51
52
137
51
157
1
20
21
1
20
21
1
20
21
69
20
76
1
7
8
1
7
8
70
7
50
1
15
20
21
1
20
21
69
20
76
1
7
8
1
7
8
1
7
8
18
7
21
1
3
4
1
3
4
1263
3
1260
1
3
4
3
4
1
28
5
12
1
6
5
1
6
5
1
6
5
1
6
5
73
6
76
1
3
2
1
3
2
741
3
723
1
18
17
1
18
17
1
21
18
17
1
22
17
1
9
18
17
1
10
17
1
18
17
1
8
18
41
9
18
17
1
74
26
58
13
1
25
14
13
1
14
13
1
14
13
1
14
13
1
66
14
1
65
13
12
1
31
13
12
1
13
12
1
13
12
141
222
13
1
81
25
24
1
25
24
1
25
24
1
25
24
1
25
24
1
25
24
1
25
24
1
25
24
1
25
24
1
25
24
1
25
24
1
25
24
1
25
24
1
25
24
1
25
24
1
25
24
2634
25
2642
1
8
7
1
8
7
1
8
7
1
8
7
1
8
7
2826
8
2816
1
10
9
1
10
9
1
10
9
1
10
9
1
10
9
1
47
10
9
1
46
10
9
1
10
9
1
10
9
114
10
106
1
8
7
1
86
8
7
1
8
7
1
8
7
1
8
7
141
8
133
1
103
28
8
7
1
27
7
1
8
7
1
8
7
1
10
8
7
1
9
117
8
8
111
1
6
5
1
8
6
5
1
7
5
1
6
5
1
24
6
5
25
23
1
2
6
5
1
8
6
5
1
9
119
10
6
89
1
54
30
28
1
55
1
56
28
27
1
28
27
1
28
27
1
28
27
1
28
27
1
28
27
1617
28
1634
1
17
16
1
17
16
1
17
16
1
17
16
1
17
16
17
16
1
26
45
60
170
44
183
34
13
46
1
12
13
1
12
13
1
12
13
1
12
13
1
12
13
1
12
13
1
12
13
1
57
12
1
56
13
77
12
87
1
10
11
1
10
11
1
10
11
1
10
11
1
10
11
1
56
10
1
55
11
1
10
11
1
10
11
92
10
108
1
25
16
1
26
16
17
1
16
17
1
16
17
1
16
17
1
19
16
1
20
16
17
1
16
17
1
16
17
1
16
17
1
16
17
1
14
16
17
1
16
17
1
16
17
1
16
17
124
16
163
2
39
40
59
2
12
38
1
14
37
38
1
37
38
1
37
38
1
37
38
1
37
39
1
38
40
140
39
154
1
14
15
1
14
15
1
14
15
1
14
15
1
14
15
1
14
15
1
14
15
1
14
15
1
14
15
1
14
15
178
14
15
1
163
40
1
39
40
2
39
40
2
38
39
2
37
38
2
36
37
2
35
36
2
34
35
2
33
34
2
32
33
1
31
32
1
31
32
1
31
32
1
31
32
1
31
32
1
31
32
84
31
94
1
2
10
11
1
3
11
1
10
11
1
10
11
1
37
10
11
1
36
1
35
10
11
1
10
11
1
10
11
977
10
940
2
37
38
2
36
37
2
35
36
2
34
35
1
33
34
1
33
34
1
33
34
1
33
34
1
33
34
1
42
33
34
1
41
34
1
33
34
1
33
34
33
34
3
14
15
2
1
21
2
12
13
2
1
3
11
12
1
2
3
9
11
1
2
43
3589
1
55
46
1
3580
12
3534
3635
3519
8
9
1
7
8
1
12
3534
3526
3525
3
6
7
8
1
6
3526
2
12
7
3539
5
3527
2
2
7
1161
4695
3
9
8
7
5
2
49
16
15
11
10
9
2
25
18
17
2
27
26
19
18
2
1
46
45
44
29
28
2
47
46
2911
3
53
2873
49
48
2
2910
46
45
2964
38
3
63
48
47
52
53
62
63
40
41
49
50
51
28
29
37
38
14
15
25
26
5
6
11
12
15
16
24
25
10
11
20
21
30
17
26
27
40
42
43
49
50
57
58
59
72
71
4620
66
65
4626
58
31
25
24
18
42
20
19
14
4521
32
23
22
21
25
24
23
14
13
12
60
16
15
14
7
8
2
63
6
39
4884
2
42
4852
65
3
4
1
4845
10
3
4
4
1
9
6
5
33
10
3
36
7
6
1
23
22
3
5
1
23
30
4
6
2
29
30
5
6
2
28
29
4
6
3
27
4
5
6
5
24
25
3
4
2
20
21
22
1
2
20
4819
3
1
2
4817
19
3
1
1
17
18
3
1
1
17
18
2
30
33
17
38
29
30
1
5
6
3
2
1
5
6
3
2
4533
5
4540
3
4530
1
7
8
3
2
1
7
8
3
2
4524
7
4516
3
4526
1
8
9
2
1
4526
8
4531
2
4524
1
5
6
2
1
4494
5
4442
2
4499
1
52
53
5
4
2
52
53
5
4
2
51
52
6
5
2
50
51
7
6
2
49
50
8
5
3
48
49
7
5
2
46
47
8
6
2
45
46
8
6
2
44
45
8
6
2
43
44
8
7
1
42
43
9
7
1
42
43
8
6
1
42
43
7
5
76
77
1
75
76
101
42
4755
5
95
4812
74
75
2
6
68
4711
2
4654
7
6
60
61
66
4709
2
58
59
4651
9
8
49
50
51
56
57
2
47
48
49
4752
11
40
4755
45
47
1
8
21
22
23
39
4754
2
20
21
9
2
4461
4463
18
19
4464
4392
8
7
4457
2
2
15
14
4393
9
8
2
22
17
16
26
25
24
4402
19
37
36
35
28
27
47
46
45
38
37
4374
56
49
48
47
36
3203
29
28
3201
38
37
32
31
58
59
17
16
55
56
21
20
19
33
32
29
28
31
27
26
25
21
18
17
16
10
9
13
12
8
7
1186
1202
1201
4
3
2
5
4
3
263
264
261
262
263
265
7
8
263
5
6
4280
4279
4278
1
66
67
68
78
8
67
77
78
79
1
53
12
76
77
78
84
85
1
83
84
1
52
53
13
16
82
83
92
93
1
91
92
2
52
53
17
20
90
91
98
99
2
96
97
3
50
51
18
20
94
95
3
48
49
17
19
3
46
47
16
18
3
44
45
15
17
3
42
43
14
97
88
40
115
94
96
1
27
28
8
12
1
27
28
11
14
1
27
28
13
15
1
27
28
14
16
1
27
28
15
17
2
27
28
16
18
3
26
27
16
18
3
24
25
15
16
25
22
36
13
30
1
11
12
5
8
1
11
12
7
8
1
11
12
7
8
4201
11
4209
7
4205
1
8
9
4
5
11
8
15
4
13
1
4
5
2
3
11
4
3
2
7
1
8
9
4
5
4151
8
4090
4
4142
1
61
62
9
12
1
61
62
11
14
1
61
62
13
16
1
61
62
15
19
2
61
62
18
21
2
60
61
19
22
3
59
60
20
23
3
57
58
20
23
3
55
56
20
22
3
53
54
19
22
3
51
52
19
22
3
49
50
19
23
3
47
48
20
22
3
45
46
19
21
3
43
44
18
21
3
41
42
18
20
3
39
40
17
19
3
37
38
16
17
3
35
36
14
15
4
33
34
12
13
147
30
155
9
154
1
8
9
7
1
8
9
1
8
9
2
8
9
1
7
8
54
53
3592
55
54
1
3583
3646
3
2
1
1
3
2
1
16
9
8
7
4
3
785
1
9
8
17
4715
4714
10
9
770
3
23
21
20
26
25
23
22
2
67
32
31
26
5437
1
42
41
34
33
1
42
2987
34
60
2980
43
2986
36
78
77
3111
71
35
197
196
79
78
39
40
71
70
15
9
10
21
22
14
12
11
2
3
33
32
23
22
36
35
31
30
56
38
37
34
33
3
1
11
12
21
22
79
78
76
75
71
70
67
66
65
60
59
61
60
55
54
53
82
56
55
299
300
301
34
15
14
8
7
9
8
4
3
2
1
32
31
5
4
4835
33
32
1
4
5
4802
15
1
4
17
16
1
19
18
17
53
4
5
20
1
48
9
1
8
9
1
8
9
1
8
1
7
8
4799
7
4800
4801
4798
2
3
1
4801
4565
1
4564
4565
21
4564
4565
1
4544
4545
1
4544
4545
4535
4544
4545
1
10
11
1
10
11
4523
10
11
1
4534
4535
4523
4534
4535
1
12
13
4447
12
13
1
4460
4461
1
4460
14
1
13
14
1
13
14
1
13
14
1
13
14
1
13
14
1
13
14
1
13
14
1
13
14
1
13
14
1
13
14
1
13
14
13
14
34
35
36
4713
33
34
35
1
4699
31
57
59
4678
1
56
58
30
4593
35
36
55
57
1
31
4600
11
4594
34
35
104
4601
10
3
4
5
4705
94
1
6
2
3
4
4730
7
1
6
4
4450
4449
274
18
17
16
7
5
24
23
19
18
31
30
26
25
41
40
33
32
31
51
50
43
42
41
61
60
53
52
44
68
63
62
54
40
41
38
37
23
24
37
38
39
8
9
20
21
21
11
10
5
6
8
7
56
57
136
135
120
107
106
94
93
82
81
80
69
68
71
70
69
54
52
1317
55
53
34
33
1567
256
1350
250
251
254
1
6
26
2
25
3
2
34
4545
8
4571
25
26
4559
1
4595
4608
4609
24
30
23
29
30
31
1
4594
4595
28
29
30
38
37
38
39
1
4594
4595
36
37
38
44
43
44
45
1
14
15
43
44
1
14
15
1
14
15
1
14
4877
1
4876
4877
75
4876
4877
1
4802
4803
1
4802
4803
1
4802
4803
1
4802
4803
1
4802
4803
1
4802
4803
1
4802
4803
1
4802
4803
14
4802
4803
1
4789
4790
1
4789
4790
1
4789
4790
4198
4789
4790
1
592
593
7
592
593
1
586
587
7
586
627
1
634
635
4098
634
635
1
4733
21
1
20
21
1
20
21
1
20
21
1
20
21
1
20
21
1
20
21
1
20
21
1
20
21
1
20
21
1
20
21
1
20
21
1
20
21
1
20
21
1
20
21
1
20
21
1
20
21
1
20
21
1
20
21
1
20
21
125
20
133
1
8
9
1
8
9
1
8
9
1
8
9
1
8
9
1
8
9
61
60
1
62
61
4385
9
63
62
3582
4376
803
15
14
1
817
76
29
16
15
1
77
30
29
1
5515
5514
43
31
30
29
1
55
5515
44
88
56
55
45
44
89
5525
2493
2492
57
56
55
85
84
83
74
73
16
91
90
86
85
84
15
98
92
91
2
109
108
101
100
12
13
111
110
6
5
10
11
17
16
3
1
38
37
25
24
70
69
59
58
49
94
93
79
78
169
118
117
101
100
62
61
52
51
35
17
25
7
6
223
222
208
207
195
194
193
183
182
1
35
34
31
30
3
32
31
27
26
25
28
27
26
20
19
18
46
45
21
20
15
14
1
17
16
15
4840
2
4835
4864
42
18
16
1
24
4798
1
6
26
25
21
1
5
24
23
22
1
25
24
57
5
5607
26
1
5550
4
1
3
4
1
3
4
4793
3
1
4790
3
4
1
3
4
236
3
222
1
14
15
1
14
15
1
14
15
1
14
15
1
14
15
1
14
15
1
14
15
1
14
15
1
14
15
1
14
15
1
14
15
1
14
15
1
14
15
4446
14
15
1
4461
4462
1
4461
13
1
12
13
1
12
13
1
12
13
1
12
13
1
12
13
1
12
13
1
12
13
1
12
13
1
12
13
1
12
13
1
12
22
23
4730
13
21
22
4717
28
30
32
1
24
6
7
27
29
31
1
5
6
20
19
18
4
5
6
1
78
79
21
20
19
77
78
14
13
12
4
3
17
16
15
14
13
1
25
24
23
262
263
31
30
26
25
38
37
33
32
31
48
47
40
39
38
58
57
50
49
48
68
67
60
59
58
75
74
70
69
9
8
1
2
14
13
1
1085
32
31
30
16
15
45
44
43
50
49
25
24
10
9
15
16
176
162
161
160
147
146
135
134
133
121
120
121
109
108
94
97
95
93
72
71
73
72
64
63
62
65
64
63
1559
1560
1561
12
11
10
3
2
1
4
3
13
14
15
1
13
14
12
13
23
24
4565
1
29
23
4566
42
43
1
42
4557
1
28
29
41
4558
53
4579
52
4551
1
5258
4631
28
29
1
5257
5258
1
5257
5258
4863
5257
16
1
4847
19
1
18
19
1
18
19
1
18
19
1
18
19
1
18
19
1
18
19
1
18
19
1
18
19
1
18
19
1
18
19
1
18
19
1
18
19
1
18
19
1
18
19
1
18
19
1
18
19
1
18
19
41
18
19
1
22
21
1
22
2
4712
1
2
1
4714
4715
1
4714
19
1
18
19
1
18
19
1
18
19
1
18
19
1
18
19
1
18
19
1
18
19
1
18
19
1
18
19
1
18
19
1
18
19
1
18
19
1
18
19
1
18
19
1
18
19
1
18
19
1
18
19
113
18
19
1
94
9
1
8
9
1
8
9
1
8
9
1
8
9
1
8
9
1
8
9
69
68
1
70
69
4387
8
4394
71
70
4362
7
25
24
23
1
87
86
25
24
88
87
39
38
54
53
52
40
39
38
1
97
64
54
53
98
65
64
75
74
66
65
64
3
104
103
102
2334
2335
2336
5
111
110
109
105
104
119
118
113
112
111
129
128
127
121
120
21
19
5
3
130
48
58
57
43
42
71
70
61
60
111
110
96
95
195
194
150
148
126
107
106
88
87
86
61
60
59
50
49
32
31
13
12
11
247
246
233
232
219
218
217
207
206
42
208
180
179
150
148
146
136
2226
2287
9
2396
34
2377
26
1
118
2233
2234
106
105
244
107
106
4837
996
2503
20
1
5850
5833
31
30
29
1
32
31
1
5606
33
32
29
1
5605
31
30
5602
32
31
5546
4
5
127
5634
1
5551
3
1
2
4797
4793
4796
4797
1
4
5
1
4
208
225
209
208
1
17
18
1
17
18
1
17
18
1
17
18
1
17
18
1
17
18
1
17
18
1
17
18
1
17
18
1
17
18
1
17
18
1
17
18
1
17
18
1
17
18
1
17
18
4448
17
4424
1
24
25
1
24
25
1
24
25
1
24
25
1
24
25
1
24
25
1
24
25
1
24
25
1
24
25
1
24
25
1
24
25
11
24
10
11
12
4741
4777
4749
9
10
11
36
8
9
10
2
17
16
15
7
8
9
2
18
17
44
43
42
20
19
53
54
57
46
45
44
14
13
12
4
3
641
634
635
15
14
13
1
11
7
6
1
17
946
12
8
23
22
18
17
13
30
29
28
24
23
45
43
41
31
30
51
50
46
44
6
5
63
62
61
15
14
8
7
33
32
25
24
17
44
43
35
34
78
77
54
53
52
38
37
13
12
204
190
189
188
175
174
175
162
161
148
149
148
137
136
135
124
123
122
99
98
100
99
98
90
89
91
90
89
1532
1533
1534
42
41
34
33
32
1
34
33
17
16
1
34
17
16
18
17
16
7
6
5
1
7
6
12
13
7
6
12
13
1
32
33
11
12
13
23
22
23
24
650
653
654
21
22
23
1
4
5
627
1
4
5
5241
4
5
4866
5246
4886
1
20
21
1
20
21
1
20
21
1
20
21
1
20
21
1
20
21
1
20
21
1
20
21
1
20
21
1
20
21
1
20
21
1
20
21
1
20
21
1
20
21
1
20
21
1
20
21
1
20
21
1
20
21
1
20
21
24
20
583
1
559
560
1
559
560
4695
559
560
1
5255
5256
1
5255
5127
1
5126
5127
1
5126
5127
1
5126
5127
1
5126
5127
1
5126
5127
1
5126
5127
1
5126
5127
1
5126
5127
1
5126
5127
1
5126
134
1
135
5126
1
5125
135
1
136
5125
1
5124
136
1
137
8
1
7
8
103
7
8
1
95
94
1
95
94
1
95
94
1
95
94
1
95
94
1
95
94
1
95
77
76
4386
78
77
1
4480
109
4463
30
1
110
109
92
31
30
29
1
94
31
30
95
45
44
43
31
30
103
59
58
46
45
44
1
104
59
58
71
70
69
60
59
81
80
79
71
70
2237
123
122
121
2176
132
131
123
122
29
149
141
140
132
14
13
285
150
149
43
42
28
27
52
40
39
24
23
79
78
69
68
104
103
96
95
94
80
78
56
39
38
29
28
36
24
23
21
14
11
10
6
5
43
24
23
259
258
106
105
258
244
243
229
230
229
219
218
217
80
218
191
190
162
52
163
161
147
146
54
147
146
128
127
1
3390
3389
7
6
1
3
2
7
6
1
5
4
16
15
7
6
1
17
16
243
14
19
18
17
5881
229
158
157
5638
1
159
158
5639
5636
178
160
131
130
5637
1
132
131
5548
178
177
133
4795
5371
5372
1
577
578
1
577
578
212
577
22
1
190
121
1
122
121
1
122
121
1
122
121
1
122
121
1
122
121
1
122
121
1
122
121
1
122
121
1
122
121
1
122
121
1
122
121
1
122
121
1
122
121
1
122
121
1
122
121
4441
122
4561
1
120
119
1
120
119
1
120
119
1
120
119
1
120
119
1
120
119
1
120
119
1
120
119
1
120
119
1
120
5901
1
5900
5901
4753
5900
4627
12
1
126
4765
12
1
125
26
25
4766
13
12
1
27
26
52
51
50
28
27
26
1
76
75
74
52
51
1
76
75
91
90
77
76
10
662
663
92
91
11
10
9
660
8
7
16
15
12
11
22
21
17
16
33
32
28
27
26
45
43
41
34
33
63
62
60
59
58
8
7
65
64
63
25
24
23
17
16
43
35
34
26
46
45
44
26
25
16
15
7
6
24
23
216
215
200
199
186
185
173
172
171
159
158
159
158
147
146
145
134
133
132
109
108
110
109
108
100
99
101
100
99
76
75
1676
1675
75
68
67
1
69
68
67
51
50
1
68
51
50
52
51
41
40
39
1
41
40
22
21
1
41
40
22
21
1
96
23
22
21
11
12
11
10
1
717
74
634
633
632
1
75
74
1
75
74
1
75
74
360
75
74
1
286
148
1
149
148
1
149
148
1
149
148
1
149
148
1
149
148
1
149
148
1
149
148
1
149
148
1
149
148
1
149
148
1
149
148
1
149
148
1
149
148
1
149
148
1
149
148
1
149
148
1
149
148
1
149
148
563
149
452
1
111
110
1
111
109
1
110
109
1
110
109
128
110
109
1
19
20
1
19
20
1
19
20
1
19
20
1
19
20
1
19
20
1
19
20
1
19
20
1
19
20
5260
19
5257
5261
3
5280
5260
19
5257
5261
3
5280
5260
19
5257
145
3
156
1
11
12
1
11
12
1
11
12
1
11
12
1
11
12
1
11
12
1
11
12
1
11
12
1
11
12
19
1
11
18
4401
4371
17
4400
1
22
23
29
1
22
17
18
16
17
80
81
82
66
67
68
80
81
82
7
66
67
6
52
53
54
67
94
41
42
43
52
53
92
31
32
2256
41
42
127
32
33
34
2330
42
125
24
25
32
33
6
7
14
15
16
94
144
145
6
55
106
107
119
120
120
151
166
6
23
2
12
13
23
16
61
38
39
21
52
53
56
57
66
67
72
73
35
81
82
83
84
140
150
151
10
11
101
10
219
32
33
215
31
13
14
17
18
19
45
46
17
18
22
3342
43
44
3343
22
24
25
26
51
52
24
25
36
178
61
62
34
35
36
37
38
1
59
60
82
37
38
72
58
63
81
1
229
9
9
4
3
2
1
5
4
406
407
6
5
388
387
1
18
19
1
16
17
18
47
34
15
41
44
46
1
40
43
45
1
36
38
39
1
37
39
1
38
39
599
38
40
311
639
295
1
16
17
1
16
17
1
16
17
1
16
17
1
16
17
1
16
17
1
16
17
1
16
17
1
16
17
1
16
17
1
16
17
1
16
17
1
16
17
1
16
17
1
16
17
4439
16
1593
1
6032
6033
1
6032
6033
1
6032
6033
1
6032
6033
1
6032
6033
1
6032
6033
1
6032
6033
1
6032
6033
1
6032
6033
6021
6032
6033
1
12
13
1273
12
13
1
1286
8
114
115
116
1
114
115
1
100
101
102
113
114
115
1
100
101
76
77
99
100
101
51
52
53
75
76
77
37
38
39
51
52
1371
1372
36
37
38
37
38
43
44
29
30
31
36
37
23
24
28
29
30
14
17
18
22
23
9
10
11
12
13
8
7
6
2
3
87
88
99
100
59
60
73
74
41
42
57
13
14
23
32
33
39
91
13
12
4
4
3
13
14
15
32
33
40
41
42
41
49
50
57
56
57
63
64
62
63
64
69
70
68
69
70
74
75
76
74
75
79
80
81
79
80
87
1206
1205
1
42
43
54
42
43
53
54
55
1
52
53
54
72
73
74
1
72
73
71
72
73
82
83
84
85
1
7
82
83
84
643
6
658
83
1
15
16
1
15
16
1
15
16
1
15
16
434
15
415
1
19
20
1
19
20
1
19
20
1
19
20
1
19
20
1
19
20
1
19
20
1
19
20
1
19
20
1
19
20
1
19
20
1
19
20
1
19
20
1
19
20
1
19
20
1
19
20
1
19
20
1
19
20
601
19
20
1
581
18
2
17
18
1
16
17
1
16
17
1
16
17
1
16
17
1
16
17
1
16
17
1
16
17
1
16
17
1
16
17
1
16
17
1
16
17
1
16
17
5276
16
17
5277
5293
5294
5276
17
18
5277
5294
5295
5276
18
19
153
5295
5296
1
5143
17
1
16
17
1
16
18
1
17
19
1
18
20
1
19
21
1
20
22
1
21
23
1
22
24
5603
23
5611
4390
8
1213
1
2
1
7
1221
1222
1
1229
1230
4
1221
1229
5
4
3
6
5
4
60
61
62
1
14
60
61
15
14
46
47
60
73
32
33
45
46
47
1178
1229
25
26
1218
1217
38
18
24
25
26
11
12
17
18
19
32
3545
4
11
12
29
16
8
7
3
37
38
17
16
94
28
27
13
12
72
184
197
198
211
142
143
158
159
5
3
14
18
19
10
4
25
26
30
15
28
122
130
131
23
42
43
12
11
1
56
57
28
29
68
70
46
47
63
72
73
60
62
85
86
85
86
641
642
76
89
83
116
117
89
90
104
116
128
90
105
106
1
126
127
139
140
106
1
138
139
136
137
138
148
149
2
145
146
147
29
2
143
32
31
2
35
34
33
16
15
2
18
17
2
21
20
19
5
7
2
3
5
2
21
1
1
3
2
19
20
1
18
19
2
18
19
934
17
18
1
952
296
1
295
296
1
295
14
1
13
14
1
13
14
1
13
14
1
13
14
1
13
14
1
13
14
1
13
14
1
13
14
1
13
14
1
13
14
1
13
14
1
13
14
1577
13
14
1
1563
1562
1
1563
12
1
11
12
1
11
12
1
11
12
1
11
12
1
11
12
1
11
12
1
11
12
1
11
12
1
11
12
1
11
12
1278
11
12
1
1290
7
108
109
6
108
109
110
95
96
97
107
108
109
1
71
94
95
96
70
71
72
95
46
47
48
69
70
71
1371
1372
1373
45
46
47
37
38
41
42
43
30
31
36
37
38
18
23
24
29
30
11
12
16
17
5
6
9
10
11
93
18
17
6
67
68
79
80
35
36
50
51
127
128
143
144
160
161
178
179
35
34
26
25
9
8
7
10
11
19
20
27
28
27
28
35
36
35
36
41
42
42
48
49
54
1
48
53
54
59
53
54
58
59
60
58
59
60
67
68
66
67
68
439
1215
1214
1
45
46
64
65
45
46
64
65
1
63
64
65
75
76
64
65
75
76
1
5
6
74
75
76
652
5
660
75
1
8
9
1
8
9
1
8
9
1
8
9
430
8
9
1
439
27
1
26
27
1
26
27
1
26
27
1
26
27
1
26
27
1
26
27
1
26
27
1
26
27
1
26
27
1
26
27
1
26
27
1
26
27
1
26
27
1
26
27
1
26
27
1
26
27
1
26
27
1
26
27
599
26
27
1
572
571
1
572
19
1
18
19
1
18
19
1
18
19
1
18
19
1
18
19
1
18
19
1
18
19
1
18
19
1
18
19
1
18
19
1
18
19
1
18
19
1
18
19
1
18
19
1
18
19
1
18
19
1
18
19
5126
18
19
1
5145
16
2
15
16
2
14
15
2
13
14
2
12
13
2
11
12
2
10
11
2
9
10
5588
8
9
1
5579
4
6
1
3
7
6
1
8
7
1223
3
4
1232
14
8
7
1
9
1209
1
1228
16
10
1208
56
57
18
17
56
58
1
23
24
1234
1233
30
38
23
24
29
14
17
18
23
24
33
18
17
15
17
18
26
27
13
86
19
51
6
1
2
3392
3
3365
86
19
18
11
3690
53
8
6
15
16
8
29
28
27
5
4
9
1
28
27
8
7
37
55
39
223
41
40
36
35
14
15
10
4
3
50
49
38
16
29
15
14
17
28
29
7
6
4810
4811
4837
47
48
9
19
20
48
4863
59
17
31
59
60
34
35
47
73
74
53
4206
85
86
87
1
84
85
96
97
98
1
95
96
109
1
94
107
108
105
106
107
117
118
119
1
116
117
118
60
59
58
1
61
60
62
61
60
44
43
42
1
45
44
43
1
46
44
22
20
18
1
23
21
1
26
27
26
24
22
1
26
27
1
26
27
1
26
653
656
654
653
1
3
4
281
3
4
1
285
15
1
14
15
1
14
15
1
14
15
1
14
15
1
14
15
1
14
15
1
14
15
1
14
15
1
14
15
1
14
15
1
14
15
1
14
15
1
14
15
1575
14
15
1
1560
12
1
11
12
1
11
12
1
11
12
1
11
12
1
11
12
1
11
12
1
11
12
1
11
12
1
11
12
1
11
12
1283
11
1275
1
8
9
104
8
9
103
104
105
1
90
91
103
104
90
91
103
104
66
67
68
89
90
91
42
43
44
65
66
67
25
26
27
41
42
43
1362
1700
1701
24
25
26
43
44
45
52
53
25
26
33
34
10
1
2
12
85
86
25
24
30
31
45
46
117
118
119
134
135
154
61
60
43
42
26
25
7
6
6
5
17
18
37
37
38
39
68
2427
19
20
25
27
26
28
52
53
54
53
54
70
71
70
71
88
89
90
88
89
90
101
102
103
1
101
102
103
112
113
115
1
102
114
116
113
115
117
131
132
133
1
1708
1709
58
1722
69
57
58
68
69
1
3
67
68
69
1
2
662
68
69
655
661
662
1
7
8
1
7
8
1
7
8
1
7
8
1
7
8
412
7
8
1
420
21
1
20
21
1
20
21
1
20
21
1
20
21
1
20
21
1
20
21
1
20
21
1
20
21
1
20
21
1
20
21
1
20
21
1
20
21
1
20
21
1
20
21
1
20
21
1
20
21
1
20
21
1
20
21
1
20
21
591
20
21
1
570
19
1
18
19
1
18
19
1
18
19
1
18
19
1
18
19
1
18
19
1
18
19
1
18
19
1
18
19
1
18
19
1
18
19
1
18
19
1
18
19
1
18
19
1
18
19
1
18
19
1
18
19
5129
18
19
1
5148
9
1
8
9
1
8
9
1
8
6251
1
6250
9
1
8
11
1
10
14
1
13
16
5583
15
5591
1
8
9
9
1
8
10
9
8
1
10
9
1
9
18
17
16
10
1
18
17
1
1244
25
24
20
19
18
1
26
25
103
570
27
26
93
94
1
25
11
12
17
18
21
479
11
12
401
17
18
133
32
33
321
68
69
99
13
14
33
34
43
44
99
4
14
15
27
28
34
7
6
2
3
21
22
38
39
75
19
9
8
7
10
38
37
32
31
10
11
12
127
43
118
34
4
66
7
30
31
44
45
52
2
3
66
67
22
23
81
80
69
21
34
57
56
46
34
35
48
47
31
30
4239
7
6
3
2
1
4
3
17
18
19
16
17
22
23
55
53
54
55
66
67
1
65
66
78
79
1
77
78
76
77
87
88
89
86
87
88
90
89
88
1
91
90
89
72
70
73
72
71
1
74
73
72
54
52
50
1
53
51
1
34
35
56
54
52
1
34
35
1
34
35
679
34
1540
1
2219
2220
1
2219
3
1
2
3
270
2
3
1
273
15
1
14
15
1
14
15
1
14
15
1
14
15
1
14
15
1
14
15
1
14
15
1
14
15
1
14
15
1
14
15
1
14
15
1
14
15
1
14
15
1572
14
1583
1
11
12
1
11
12
1
11
12
1
11
12
1
11
12
1
11
12
1
11
12
1
11
12
1
11
12
1
11
12
1286
11
12
1
1298
7
1
6
7
1
6
7
96
97
6
96
97
98
83
84
85
96
97
98
60
61
83
84
85
37
60
61
84
380
18
2044
27
2020
33
34
38
436
437
16
25
26
33
34
5
7
8
16
42
41
36
35
27
50
51
70
29
30
41
42
53
112
111
94
93
76
75
57
56
55
32
31
12
11
11
10
13
15
41
42
43
46
2412
40
41
42
58
59
58
59
60
74
76
59
60
75
77
76
78
79
90
91
90
91
92
101
102
103
1
102
103
121
122
102
103
121
122
123
1
121
122
123
134
135
122
123
134
135
136
1
20
21
134
135
136
1582
20
21
135
1518
660
1603
668
64
1
8
9
1
8
9
1
8
9
1
8
9
1
8
9
1
8
9
1
8
9
399
8
378
1
21
22
1
21
22
1
21
22
1
21
22
1
21
22
1
21
22
1
21
22
1
21
22
1
21
22
1
21
22
1
21
22
1
21
22
1
21
22
1
21
22
1
21
22
1
21
22
1
21
22
1
21
22
1
21
22
1
21
22
589
21
608
1
19
20
1
19
20
1
19
20
1
19
20
1
19
20
1
19
20
1
19
20
1
19
20
1
19
20
1
19
20
1
19
20
1
19
20
1
19
20
1
19
20
1
19
20
1
19
20
1
19
20
1
19
20
5139
19
1107
1
6246
6247
1
6246
6247
6243
6246
6247
6241
4
5
3
6246
13
4
10
6396
3
6392
6393
5576
6390
6391
1
815
816
1
815
816
16
1
815
816
17
16
15
1
17
16
464
25
377
378
19
18
17
1
87
86
1
496
97
96
88
87
86
1
98
97
98
99
100
99
98
97
86
87
88
98
99
23
1
86
87
24
25
72
73
86
24
25
39
41
10
24
25
16
15
10
11
57
56
37
36
74
73
72
57
56
29
28
22
21
43
42
34
33
32
37
60
59
51
23
24
15
16
28
29
86
85
75
74
66
65
64
54
53
45
44
34
33
32
25
24
23
15
14
17
16
15
11
10
8
7
6
4
5
2
3
4
4445
4446
4447
26
27
28
39
40
41
38
39
40
50
51
52
1
49
50
51
126
125
1
127
126
128
127
110
109
108
1
111
110
109
92
88
93
91
89
1
1768
1895
94
92
90
1
1894
1895
1
1894
1895
1506
1894
1508
1
2
3
2216
2
3
1
2219
3
1
2
3
258
2
3
1
261
2476
1
2475
2476
1
2475
2880
1
2879
2880
1
2879
2882
1
2881
2882
1
2881
2884
1
2883
2884
1
2883
2886
1
2885
2886
1
2885
2888
1
2887
2888
1
2887
2890
1569
2889
2890
1
1321
1324
1
1323
1324
1
1323
1326
1
1325
1326
1
1325
1328
1
1327
1329
1
1328
6
1
5
6
1
5
6
1
5
6
1
5
6
1291
5
1326
1
2617
3
1
2
3
2079
2
2616
92
1
537
6
1987
1986
61
5
60
61
62
47
48
49
60
61
62
35
36
47
48
49
25
26
35
36
16
17
25
26
23
25
27
3058
45
12
11
5
6
41
30
29
10
57
49
48
39
37
36
30
29
27
26
21
20
62
61
37
36
36
35
5
4
3
6
5
9
11
12
11
12
13
25
26
26
27
37
39
41
27
40
41
49
51
53
69
70
71
68
69
70
526
81
82
2
68
69
80
81
100
79
80
98
99
100
1
98
99
100
112
113
1
99
100
112
113
114
1
9
112
113
1
8
9
112
113
114
1
8
9
113
114
1
8
9
935
8
927
1
8
9
1
8
9
1
8
9
1
8
9
1
8
9
1
8
9
1
8
9
386
8
9
1
395
2324
1
2323
2324
1
2323
2324
1
2323
2324
1
2323
2331
1
2330
2331
1
2330
2333
1
2332
2333
1
2332
2335
1
2334
2335
1
2334
2337
1
2336
2337
1
2336
2339
1
2338
2339
1
2338
2341
1
2340
2341
1
2340
2343
1
2342
2343
1
2342
2345
1
2344
2346
587
2345
2347
1
1760
1764
1
1763
1768
1
1767
1769
1
1768
1775
1
1774
1776
1
1775
1777
1
1776
1778
1
1777
1779
1
1778
1783
1
1782
1784
1
1783
1785
1
1784
8
1
7
8
1
7
8
1
7
8
1
7
8
1
7
8
1
7
8
1088
7
8
1
1080
5
1
4
5
1
4
5
1
4
5
6233
4
693
6386
6926
1
1
6385
8
1
7
8
1
7
8
1
7
8
1
7
8
1
7
8
831
12
1
7
13
10
305
438
437
14
11
132
131
130
294
125
2
143
134
133
132
145
144
143
134
51
52
53
147
146
145
2
38
39
50
51
1
37
38
49
23
24
25
36
37
8
6
4
22
23
90
66
65
8
6
6
5
4955
4956
8
13
12
11
6
5
21
20
13
12
11
47
46
30
29
65
56
55
46
77
76
75
65
64
20
98
97
87
9
10
13
14
22
23
24
105
104
85
84
73
72
64
63
53
52
51
43
42
34
33
32
29
28
17
16
15
17
16
4
3
21
20
21
43
44
45
43
44
66
67
68
1
65
66
67
84
83
1
66
84
83
85
84
70
69
68
1
71
70
69
55
54
53
1
55
54
127
24
130
57
56
55
1862
1
3
4
1
3
4
386
3
4
1
390
5
1
4
5
2216
4
5
1
2221
2222
1
2221
2222
2215
2221
2222
1
7
8
405
7
407
1
2
3
3
2
5
1
2
3
3
2
5
1
2
3
3
2
5
1
2
3
3
2
5
1
2
3
3
2
5
1
2
3
3
2
5
1
2
3
3
2
5
1
2
3
3
2
4
2
1
3
1322
1
429
1
1751
5
1
4
5
1
4
1325
1
1324
4
1321
3
4
2614
1317
2612
1
2
2617
2614
2616
2617
531
3
4
1
535
7
57
1
6
7
56
57
58
1
6
7
57
58
59
45
46
57
58
45
46
47
57
58
59
33
34
45
46
47
23
24
34
35
47
56
57
58
72
73
34
35
56
57
58
34
35
57
58
35
36
37
58
59
36
37
58
59
60
36
37
38
59
60
36
38
40
59
60
41
42
50
51
42
43
50
51
52
43
51
52
65
66
52
53
65
66
67
52
53
54
66
67
461
65
66
373
76
360
88
89
101
102
103
1
16
17
101
102
103
1
16
17
102
103
1
16
17
102
103
104
1
16
17
103
1
16
17
1
16
17
935
16
17
1
952
9
1
8
9
1
8
9
1
8
9
1
8
9
1
8
9
1
8
9
1
8
9
1929
8
1933
1
4
5
1
4
5
1
4
5
8
4
10
1
2
3
3
2
5
1
2
3
3
2
5
1
2
3
3
2
5
1
2
3
3
2
5
1
2
3
3
2
5
1
2
3
3
2
5
1
2
3
3
2
4
2
1
3
2
1
3
4
1
5
5
1
6
2
1
3
7
1
8
2
1
3
2
1
3
2
1
3
2
1
3
5
1
6
2
1
3
2
1
3
1776
1
1768
1
8
9
1
8
9
1
8
9
1
8
9
1
8
9
1
8
9
1
8
9
1085
8
1089
1
4
5
1
4
692
1
691
692
689
691
692
6925
3
526
6393
6399
6400
1
7
8
1
7
8
1
7
8
1
7
8
1
7
8
293
7
818
17
1
1111
1112
276
143
141
144
143
142
1
150
149
144
143
142
150
149
143
1
160
159
158
151
150
149
1
38
160
159
37
38
160
159
25
26
27
36
37
38
12
13
14
25
26
11
10
12
13
6
7
8
37
38
16
15
14
7
8
30
29
15
14
55
43
42
29
60
59
55
54
53
30
27
25
9
8
56
55
43
42
87
78
77
67
66
5
6
67
6
7
13
14
36
35
26
25
12
11
7
6
6337
59
58
47
46
45
34
33
32
9
8
9
8
14
15
16
14
15
16
37
38
39
37
38
39
52
53
54
51
52
53
97
96
95
1
97
96
82
81
97
96
82
81
1
111
83
82
81
106
110
111
82
81
1
5
6
1
5
6
1
5
6
385
5
6
1
391
392
1
391
392
1
391
5
1
4
5
1
4
5
1
4
5
400
4
1162
1
762
763
3
762
763
1
760
770
3
769
770
1
767
772
3
771
767
1
764
769
3
768
769
1
766
767
3
766
767
1
764
765
3
764
771
1
768
769
3
768
769
1
766
767
2
766
767
2
765
766
428
764
429
1746
1
2
1
1748
2095
1321
2094
1325
1320
4
1318
1
2
1325
1295
1324
1325
2615
2620
2621
1
6
7
1
6
7
528
6
518
1
10
11
1
10
11
1
10
1018
52
53
1013
1017
1018
52
53
54
2
5
6
959
958
18
454
4
5
16
17
459
460
471
94
95
96
80
81
94
95
96
80
81
82
95
96
97
81
82
83
96
97
98
1
82
83
84
97
98
1
83
84
85
97
98
99
1
84
85
86
98
99
100
85
86
390
99
100
380
49
50
59
60
61
1
17
50
60
61
1
16
18
60
61
62
1
17
19
61
62
63
1
18
20
62
63
457
19
1209
62
63
373
1
1666
19
84
85
1
18
20
1
19
21
1
20
22
1
21
23
1
22
24
1
23
25
943
24
935
1
8
9
1
8
9
1
8
9
1
8
9
1
8
9
1
8
9
1
8
9
1925
8
9
1
1916
4
1
3
4
1
3
4
6
3
704
1
698
699
3
698
699
1
696
697
3
696
697
1
694
695
3
694
695
1
692
693
3
692
693
1
690
694
3
693
698
1
695
701
3
700
702
1
699
704
2
703
705
2
703
707
2
705
707
4
705
710
5
706
708
2
703
713
7
711
713
2
706
708
2
706
712
2
710
712
2
710
730
5
728
729
2
724
725
2
723
724
1769
722
723
1
2492
2493
1
2492
2493
1
2492
2493
1
2492
2502
1
2501
2502
1
2501
2502
1
2501
2511
1081
2510
2511
1
1430
2
688
1
1430
1
742
3
1
2
3
529
2
3
1
532
7
1
6
7
1
6
7
1
6
7
1
6
7
1
6
814
811
813
814
1
3
4
70
3
4
1253
2
66
12
1323
1322
42
10
44
43
1
57
45
44
43
58
57
56
44
43
1
70
69
58
57
56
70
69
57
29
30
31
160
161
162
9
10
11
29
30
31
20
10
11
30
31
32
33
134
133
132
13
14
31
32
33
13
14
15
32
33
17
16
15
14
15
16
38
37
16
15
14
51
37
36
14
50
49
36
35
34
31
30
21
20
19
39
29
28
19
37
36
26
25
29
28
27
20
19
26
25
19
18
17
17
16
9
8
911
39
38
15
14
15
14
9
10
9
10
23
24
25
23
24
25
125
124
123
1
125
124
123
109
124
123
110
109
108
1
31
96
111
110
109
108
87
95
96
109
108
107
1
9
10
194
1
9
10
1
9
10
1
9
10
1
9
10
1
9
10
1
9
10
386
9
10
1
396
4
1
3
4
1
3
4
1158
3
4
1
1154
3
1
2
3
10
2
3
1
7
6
5
7
2
4
3
2
5
2
10
1
5
2
1
3
5
1
4
5
1
4
5
7
4
5
1
2
1
1
2
5
1
4
5
1
4
5
1
4
5
335
4
5
1
340
2
347
1
348
769
1
2
1322
771
772
1323
2094
2095
1
772
5
1
4
5
1
4
5
1
4
5
524
4
1191
1
1715
25
1
24
1715
1008
1714
1014
1
6
7
1
6
7
1
6
7
1
6
7
1
6
7
364
363
426
6
7
364
363
2
433
434
63
64
65
2
432
37
63
64
65
1
35
36
63
64
1
35
36
63
64
65
1
35
36
64
65
66
458
35
36
65
415
2
494
30
43
44
45
2
28
29
43
2
27
28
2
26
1193
1190
1191
1192
1647
2
3
2
1650
43
2
41
43
2
41
43
2
41
43
2
41
42
2
40
41
959
39
2016
1
2975
2976
1
2975
2976
1
2975
70
1
71
70
1
71
70
1
71
70
1
71
70
1
71
70
1920
71
2981
1
1061
1062
1
1061
1070
701
1069
668
1
33
32
1
33
32
1
33
32
1
33
32
1
33
32
1
33
32
1
33
32
1
33
32
4
33
32
5
36
35
6
40
8
2
14
7
5
9
6
2
11
6
4
8
6
2
10
5
5
7
5
2
10
6
10
8
6
2
16
11
2
13
11
6
13
3
2
9
7
20
9
7
1
27
21
1
22
20
1
21
20
1
21
20
1
21
20
1
21
20
1
21
20
10
21
20
1
30
29
1
30
10
10
11
10
1
20
9
1428
10
9
1429
1419
1420
739
9
8
1
731
10
1
11
10
525
11
563
1
38
37
1
38
37
1
38
37
1
38
37
808
38
37
1
845
15
1
16
15
1
16
15
78
16
15
1
93
70
53
52
1
71
70
53
52
1
71
70
53
52
71
53
52
51
1
66
65
53
52
51
66
65
64
52
1
78
77
66
65
64
78
374
373
65
64
169
157
156
155
141
140
174
171
156
155
140
1
172
170
168
156
155
154
169
167
166
155
154
7
6
167
166
165
7
6
724
166
165
554
18
17
189
187
186
17
16
186
184
16
15
14
183
181
15
14
13
180
179
14
13
12
178
176
175
35
12
11
176
174
12
11
10
172
170
169
11
10
170
169
168
170
169
168
1450
151
150
1435
1
159
144
143
1
1117
161
145
144
143
142
1
162
2
143
142
65
1
2
143
142
1
63
62
1
63
62
1
63
62
1
63
62
1
63
62
1
63
62
1
63
62
1
63
62
1
63
62
392
63
1376
1
1768
1769
1
1768
1769
1
1768
1769
1157
1768
1769
1
612
6
1
7
6
1
7
640
9
639
640
1
631
638
8
637
638
7
630
633
8
640
641
1
633
636
1
635
636
1
635
638
1
637
638
7
637
640
1
633
634
1
633
636
1
635
636
1
635
638
338
637
638
347
976
983
1
636
8
1
9
8
1
9
8
767
9
780
1
13
1165
1
1164
420
1
419
1164
1187
1163
1164
1690
23
22
1691
1668
1669
700
22
769
1
69
68
1
69
68
1
69
68
1
69
68
1
69
68
1
69
68
1
69
68
395
69
68
1
327
99
1
100
99
1
100
99
1
100
99
464
100
543
1
79
78
1
79
78
1167
79
78
1
1245
40
1
41
40
1607
41
40
2
1567
125
2
127
126
2
128
127
1
129
128
1
129
128
1977
129
1980
1
3
4
1
3
4
3045
3
4
1
3049
11
1
10
11
1
10
11
1
10
3271
1
3270
3271
3052
3270
3054
1
2
3
9
2
3
401
6
1
1
402
13
1
12
13
1
12
13
1
12
13
1
12
13
1
12
13
1
12
13
1
12
13
1
12
13
1
12
13
32
12
622
7
590
592
3
585
588
5
585
586
2
581
584
5
582
583
2
578
584
4
582
583
2
579
582
5
580
581
2
576
579
10
577
579
2
569
571
2
569
571
6
569
571
2
565
567
1
565
8
1
7
566
1
565
7
1
6
566
1
565
6
1
5
568
1
567
5
20
4
5
1
15
2
11
1
2
1
9
4
1
3
4
1
3
4
741
3
739
1
2
3
552
2
545
1
7
1830
1
1829
7
1
6
7
1
6
8
1
7
8
830
7
834
1
4
5
1
4
5
1
4
5
23
4
5
1
18
14
1
13
14
699
13
703
20
1
4
5
679
678
993
4
967
679
678
966
1
26
998
27
28
997
27
28
29
11
12
26
27
28
1
5
6
11
963
962
961
990
5
6
962
961
2
996
1027
29
30
31
1014
1025
1026
29
30
31
1
12
13
983
15
290
12
13
14
983
231
4
303
47
59
60
61
2
43
44
57
58
2
42
43
56
57
58
2
41
42
56
57
58
3
40
41
56
57
58
2
38
39
55
56
3
37
38
54
55
56
2
35
36
24
25
53
1
34
35
23
24
2
34
35
23
24
25
1278
33
34
23
1262
164
1312
1313
1
1149
11
1
10
11
1
10
11
1
10
11
1
10
11
1
10
11
1
10
11
1
10
11
1
10
11
1
10
11
1439
10
1444
1
5
6
1
5
6
1
5
6
1
5
6
618
5
616
1
2
650
647
649
650
1
3
4
7
3
9
1
2
3
3
2
5
1
2
3
3
2
5
1
2
3
3
2
5
1
2
3
3
2
5
1
2
3
3
2
5
1
2
3
3
2
147
1
144
2
7
1
8
644
1
2
1
646
3
1
2
3
771
2
3
1178
774
444
744
734
5
745
749
11
1
734
733
1
734
4
1
3
4
747
3
4
1
751
12
1
11
12
1
11
12
1
11
12
1
11
12
1
11
12
1
11
12
1
11
12
426
11
1111
1
1537
1538
1
1537
3
1
2
1561
443
1560
1561
1
2004
4
1
3
1210
1
1209
1210
1205
1209
1210
1
5
6
1
5
6
1692
5
820
1
2512
2513
1
2512
2513
1
2512
2513
1
2512
2
2109
1
2113
1
4
5
1
4
5
1
4
5
3038
4
3023
1
15
16
1
15
16
3261
15
3269
1
8
9
216
8
9
1
225
3
1
2
9
7
8
9
389
2
379
1
10
11
1
10
11
1
10
11
1
10
11
1
10
11
1
10
11
1
10
11
1
10
11
1
10
11
610
10
613
2
3
4
3
2
5
1
2
3
3
2
5
1
2
3
6
2
8
1
2
3
3
2
5
1
2
3
3
2
4
2
1
3
2
1
3
2
1
3
2
1
3
2
1
3
557
1
552
559
5
560
558
1
553
560
5
561
559
1
554
563
5
564
562
1
557
1
5
6
17
5
6
1
11
2
13
1
2
1
11
3
1
2
3
742
2
536
1
1278
2
547
1
2
1823
549
1825
1822
2
3
1
1825
6
2
5
6
1
4
5
827
4
832
1
5
6
1
5
6
1
5
6
1
5
44
32
43
44
1
12
13
690
12
13
1
677
676
971
677
5
972
976
977
1
5
6
968
5
6
969
968
1
5
6
7
31
6
40
1
9
10
1
9
10
1
9
10
256
9
10
1
266
25
1
24
25
1
24
25
1
24
25
1
24
25
1
24
25
1
24
25
1
24
25
1
24
25
1
24
25
1
24
25
1138
24
1128
1
10
11
1
10
11
1
10
11
1
10
11
1
10
11
1
10
11
1
10
11
1
10
11
1
10
11
1434
10
1439
1
5
6
1
5
6
1
5
6
1
5
6
621
5
6
648
627
651
1
3
4
1
3
4
6
3
261
1
255
256
3
255
264
1
261
253
3
252
264
1
261
258
3
257
261
1
258
259
3
258
259
1
256
257
3
256
257
1
254
255
145
254
146
142
1
2
7
144
1
1
6
2
643
1
2
1
645
3
1
2
318
330
319
318
739
12
13
738
726
725
1
13
742
738
741
742
1
4
725
1
726
4
739
3
726
1
13
14
1
13
14
1
13
14
1
13
14
1
13
14
1
13
14
1
13
1103
1100
1102
1103
1
3
4
1534
3
4
1559
1538
1561
1
2
3
2000
2
3
1207
2003
1212
1
5
6
1
5
6
1
5
6
1
5
6
815
5
819
1
4
5
1
4
5
1
4
5
2510
4
5
2112
2515
2516
1
404
4
1
3
4
1
3
4
3027
3
451
1
3478
3479
1
3478
3258
3254
3257
3258
1
4
5
1
4
5
222
4
213
7
9
10
1
3
6
381
7
3
1
384
385
1
384
835
1
834
835
1
834
835
1
834
835
1
834
835
1
834
835
1
834
835
1
834
835
603
834
835
1
232
266
3
265
267
1
264
266
3
265
267
1
264
269
6
268
270
1
264
268
3
267
273
1
270
272
2
271
273
2
271
273
2
271
273
2
271
273
2
271
272
2
270
271
553
269
270
555
823
824
554
269
270
556
824
825
555
269
270
559
825
845
558
286
287
1
845
846
1
845
16
13
15
16
1
3
4
14
3
840
1
826
538
534
537
538
1276
4
5
1
1281
1282
1276
1281
1282
1
6
7
1819
6
7
1
1826
1827
1
1826
2117
828
2116
2117
1
1289
1290
1
1289
1316
1
1315
1316
39
1315
44
1
5
6
1
5
6
1
5
6
1
5
6
682
5
6
1
676
675
1
676
5
1
4
5
1
4
1
3
4
8
34
3
4
1
30
6
1
5
6
1
5
6
1
5
6
241
5
6
1
247
248
1
247
10
1
9
10
1
9
10
1
9
10
1
9
10
1
9
10
1
9
10
1
9
10
1
9
10
1152
9
10
1
1162
1163
1
1162
9
1
8
9
1
8
9
1
8
9
1
8
9
1
8
9
1
8
9
1
8
9
1429
8
1435
1
6
7
1
6
7
1
6
7
1
6
7
1
6
7
24
6
509
1
485
486
1
485
486
258
485
261
1
3
4
9
3
4
8
5
4
12
4
10
3
2
7
4
4
10
1
6
2
1
3
6
1
5
6
1
5
6
1
5
6
108
5
6
1
114
2
143
1
142
8
1
2
1
6
2
642
1
2
320
644
308
1
12
13
1
12
13
1
12
733
729
732
733
1
4
717
729
718
717
730
12
13
729
717
3
1
732
733
1
732
12
1
11
12
1
11
12
1
11
12
1
11
12
1090
11
12
1
1078
4
1
3
4
1
3
27
23
26
27
1
4
5
1
4
5
791
4
786
1
5
6
1
5
6
1
5
6
1
5
6
814
5
6
1
808
6
1
5
6
1
5
6
1
5
6
1
5
6
400
5
6
1
406
680
1
679
680
448
679
450
1
2
3
220
2
3
1
223
224
1
223
3
1
2
3
217
2
3
1
220
679
9
678
3
10
12
1
1
9
8
451
9
460
1
9
10
1
9
10
1
9
10
1
9
10
1
9
10
1
9
10
1
9
10
1
9
10
34
9
10
2
24
23
2
25
1
2
3
1
5
3
1
2
6
4
4
6
1
6
5
3
2
9
5
2
7
1
2
3
1
2
3
1
2
3
1
1
3
1
1
2
7
1
6
7
1
6
7
1
6
7
1
6
7
1
6
7
20
6
7
1
13
12
1
13
2
829
1
2
1
831
840
1
839
840
837
839
840
288
3
118
1
406
8
1
7
8
1
7
8
1
7
8
1
7
8
1
7
8
1
7
295
291
294
295
1
4
5
1
4
5
27
4
29
1
2
3
1271
2
3
1
1274
7
1
6
7
1
6
7
1
6
7
1
6
7
1
6
7
681
6
685
1
4
5
4
5
1
4
5
6
36
5
42
1
6
7
1
6
7
1
6
7
1
6
7
1
6
7
237
6
7
1
244
245
1
244
10
1
9
10
1
9
10
1
9
10
1
9
10
1
9
10
1
9
10
1
9
10
1
9
10
1153
9
847
1
2000
2001
1
2000
7
1
6
7
1
6
7
1
6
7
1
6
7
1
6
7
1427
6
2004
1
577
578
1
577
5
1
4
5
1
4
5
1
4
5
503
4
506
1
3
4
1
3
4
224
3
219
1
5
6
1
5
309
1
308
309
6
308
315
5
309
310
14
315
318
8
304
305
9
313
316
1
307
308
1
307
308
1
307
315
1
314
315
112
314
315
143
427
428
1
571
2
8
1
10
1
2
3
952
2
3
1
955
956
1
955
726
721
725
10
1
711
710
721
711
4
1
725
726
1
725
10
720
9
10
1
710
709
720
710
709
1
11
12
1
11
12
1
11
12
1
11
12
1
11
12
1082
11
1084
1
2
3
24
2
3
1
21
4
1
3
4
1
3
4
790
3
4
1
794
795
1
794
5
1
4
5
1
4
5
1
4
5
814
4
5
1
809
6
1
5
6
1
5
6
1
5
6
1
5
6
274
5
276
1
2
3
229
2
3
1
232
4
1
3
4
1
3
4
220
3
4
1
224
3
1
2
461
459
460
461
675
2
86
11
761
9
1
2
12
469
11
12
1
457
11
1
10
11
1
10
11
1
10
11
1
10
11
1
10
11
1
10
11
1
10
11
1
10
11
1
10
299
24
298
300
2
276
278
2
276
283
2
281
283
5
281
283
2
278
280
4
278
280
6
276
278
2
272
274
2
272
274
2
272
274
2
272
275
9
273
275
1
266
8
1
7
267
1
266
7
1
6
267
1
266
6
1
5
267
1
266
5
15
4
5
1
10
2
9
1
2
1
7
3
1
2
3
115
2
3
398
112
1
1
399
6
1
5
6
1
5
6
1
5
6
1
5
6
288
5
6
1
282
4
1
3
4
1
3
4
25
3
28
1
3
4
1
3
4
1267
3
4
1
1271
1244
1
1243
5
1
4
5
1
4
5
1
4
5
679
4
5
1
674
5
1
4
5
1
4
1
3
46
53
37
45
3
1
34
9
1
8
9
1
8
9
1
8
9
1
8
9
1
8
9
1
8
223
234
224
223
1
11
12
1
11
12
1
11
12
1
11
12
1
11
12
1
11
12
1
11
12
1
11
12
838
11
840
1
2
3
1993
2
3
1
1996
6
1
5
6
1
5
6
1
5
6
1
5
2001
1998
2000
2001
1
3
4
572
3
4
1
576
4
1
3
4
1
3
4
502
3
505
1
3
4
1
3
4
222
3
4
1
226
307
304
306
307
1
3
4
7
3
9
1
2
3
3
2
5
1
2
3
3
2
6
1
3
4
1
3
4
8
3
12
1
4
5
1
4
5
1
4
5
569
4
5
9
574
13
1
4
5
1
4
5
1
4
5
229
4
5
715
234
3
1
718
719
715
718
10
1
705
704
715
705
3
1
718
719
1
718
1563
1
1562
1574
1
1573
1574
1
1573
7
1
6
7
1
6
1599
1
1598
1599
1073
1598
1599
1
526
3
1
2
3
25
2
3
1
22
21
1
22
4
1
3
4
1
3
4
789
3
784
1
5
6
1
5
6
1
5
6
1
5
6
815
5
6
1
809
808
1
809
4
1
3
4
1
3
4
271
3
274
1
3
4
1
3
4
228
3
4
1
232
4
1
3
4
1
3
4
221
3
4
459
225
648
1
189
190
84
189
1
770
83
1
10
771
772
1
762
882
468
881
1
1
467
9
1
8
9
1
8
9
1
8
9
1
8
9
1
8
9
1
8
9
1
8
9
289
8
290
2
1
3
2
1
3
7
1
8
2
1
3
2
1
3
2
1
3
2
1
3
2
1
3
2
1
3
2
1
3
2
1
3
3
1
4
2
1
3
258
1
253
260
5
261
259
1
254
261
5
262
260
1
255
262
5
263
261
1
256
1
5
6
12
5
6
1
6
2
10
1
2
1
8
3
1
2
3
113
2
9980
393
10093
387
1
6
7
1
6
7
1
6
7
1
6
7
1
6
7
286
6
290
1
4
5
1
4
5
25
4
29
1
4
5
1
4
5
1
4
22
27
23
22
1238
5
31
1
1269
5
1
4
5
1
4
5
1
4
5
679
4
5
1
674
3
2
50
42
7
8
9
43
51
52
1
9
10
1
9
10
1
9
10
1
9
10
1
9
10
231
9
218
1
13
14
1
13
14
1
13
14
1
13
14
1
13
14
1
13
14
1
13
14
1
13
14
1
13
14
829
13
14
1
815
3
1
2
3
1990
2
3
1
1993
2226
1
2225
2226
1
2225
2001
1996
2000
2001
1
5
6
1
5
6
1
5
6
572
5
569
1
3
4
1
3
4
502
3
506
1
4
5
1
4
5
1
4
5
81
4
84
1
3
4
1
3
4
6
3
225
1
219
220
3
219
220
1
217
218
4
217
227
1
223
224
1
223
224
9
223
224
1
215
5
1
4
5
1
4
5
1
4
5
561
4
5
1
566
5
1
4
5
1
4
5
1
4
5
231
4
227
1
4
1021
708
1020
703
1
5
1729
708
1728
711
1
3
847
845
846
847
12
2
14
1
2
3
1566
2
10
1
1556
5
1593
4
1596
1
3
4
1
3
4
523
3
519
1
4
5
1
4
5
1
4
5
26
4
5
1
21
3
1
2
3
787
2
3
1
790
7
1
6
7
1
6
7
1
6
1435
1
1434
6
1
5
6
813
5
816
1
3
4
1
3
4
271
3
4
1
267
4
1
3
4
1
3
4
228
3
224
1
4
5
1
4
5
1
4
5
423
4
425
1
2
3
188
2
187
84
1
86
1
2
122
120
121
122
880
2
134
476
1014
883
1
407
541
1
540
541
1
540
541
1
540
541
1
540
541
1
540
541
1
540
541
282
540
541
2
259
268
2
266
268
7
266
268
2
261
263
2
261
263
2
261
263
2
261
263
2
261
263
2
261
263
2
261
263
2
261
267
3
265
266
2
263
264
254
262
263
256
517
518
255
262
263
257
518
519
256
262
263
258
519
536
257
278
279
1
536
537
1
536
11
8
10
11
1
3
4
11
3
9969
1
9980
9979
9982
9980
9979
9706
3
4
1
9702
6
1
5
6
1
5
6
1
5
6
1
5
6
284
5
6
1
278
5
1
4
5
25
4
5
1
20
4
1
3
20
26
21
3
1
29
30
26
29
5
1264
21
1259
1
5
6
1
5
6
1
5
6
1
5
6
677
5
7
48
670
57
1
9
1
8
9
16
1
8
9
1
8
9
1
8
9
1
8
9
1
8
9
1
8
9639
227
9640
209
1
18
19
1
18
19
1
18
19
1
18
1263
1
1262
1263
1
1262
17
1
16
17
1
16
17
1
16
17
1
16
17
818
16
17
1
801
461
1
460
2
233
1
235
1
2
3
224
2
3
1
227
5
1
4
5
1
4
5
1
4
5
574
4
5
1
579
3
1
2
3
503
2
507
1
4
5
1
4
5
1
4
5
80
4
9785
1
9865
9864
1
9865
9864
222
9865
226
1
4
5
1
4
5
1
4
5
10
4
5
1
5
4
1
5
3
1
2
3
210
2
3
1
213
5
1
4
5
1
4
5
1
4
5
561
4
5
1
566
4
1
3
4
1
3
4
231
3
788
1017
1019
1020
1723
3
4
1724
1727
1728
1017
4
5
844
1022
1023
1
179
15
12
14
2
1
10
3
12
2
3
1551
15
2
1592
1553
1554
1
38
3
1
2
3
522
2
3
1
525
5
1
4
5
1
4
5
1
4
855
24
854
855
1
831
3
1
2
3
783
2
3
1
786
5
1
4
5
1429
4
1430
1428
1
2
1
1430
1431
811
1430
3
1
808
4
1
3
4
1
3
4
271
3
274
1
3
4
1
3
4
227
3
537
1
764
4
1
3
4
1
3
4
421
3
9722
1
10143
2
189
1
188
85
1
2
120
83
1
1
119
118
132
119
2
131
130
1
134
132
133
1
1
132
1
133
7
1
6
7
1
6
7
1
6
7
1
6
7
1
6
7
9
6
7
2
2
1
2
3
1
2
3
1
2
3
1
2
3
1
2
3
1
2
3
1
2
3
1
2
3
1
6
3
1
1
7
5
1
6
7
1
6
7
1
6
7
1
6
7
1
6
7
1
6
7
17
6
7
1
10
9
1
10
2
525
1
2
1
527
528
1
527
528
9972
527
9968
1
4
5
1
4
5
1
4
5
9708
4
5
1
9703
9702
1
9703
5
1
4
5
1
4
5
1
4
5
283
4
904
1
621
5
1
4
28
24
27
28
23
4
5
24
28
3
1
21
20
24
21
4
1238
28
29
1
1267
12
1
11
12
1
11
1879
1
1878
11
2
10
11
727
9
734
7
8
1
7
8
9
1
8
9
1
8
9643
1
9644
9643
1
9644
7
9647
6
9631
9431
16
17
1
9414
28
1
27
28
1
27
28
1245
27
1247
1
2
3
1245
2
3
1
1248
1249
1
1248
26
1
25
26
1
25
26
1
25
1264
1262
1263
1264
458
2
95
234
553
237
1
3
4
1
3
4
222
3
4
1
226
227
1
226
4
1
3
4
1
3
4
576
3
558
1
1134
1135
505
1134
509
1
4
5
1
4
5
1
4
5
9789
4
9786
1
3
4
1
3
4
10091
3
10097
1
6
7
1
6
7
1
6
15
1
16
15
1
16
15
8
16
318
1
310
314
1
313
314
208
313
314
1
522
523
1
522
19
1
20
19
1
20
19
562
20
19
1
543
1114
1
1113
1114
785
1113
23
1
808
20
1
21
20
1
21
20
1
21
20
1
21
20
164
21
20
12
144
9
13
3
4
1
9
10070
13
10071
19
1
6
4
41
3
4
1
37
28
1
29
28
520
29
28
1
492
21
1
22
815
851
814
815
1
36
35
828
36
35
1
793
794
1
793
794
781
793
23
1
758
40
1426
41
40
1
1466
1465
1
1466
23
1427
24
23
812
1404
780
1
32
31
1
32
31
271
32
925
1
654
14
1
15
14
534
15
519
760
15
14
1
746
747
1
746
20
9725
21
9741
10145
16
15
189
10160
11
1
178
6
84
7
78
1
6
5
121
6
110
131
11
127
1
4
141
131
142
4
140
127
450
1
310
311
1
310
313
1
312
313
1
312
315
1
314
315
1
314
317
1
316
317
2
316
319
2
317
318
2
316
319
2
317
318
2
316
319
2
317
319
2
317
319
2
317
319
2
317
319
2
317
325
13
323
325
1
312
314
1
313
317
1
316
318
1
317
319
1
318
320
1
319
321
1
320
18
12
19
18
1
30
11
1
12
11
1
12
11
10495
12
11
1
10484
25
1
26
25
1
26
25
1
26
25
1
26
25
9708
26
25
1
9733
9770
1
9771
42
1
43
42
900
43
42
616
942
3
24
613
614
1
590
10131
1
10132
10131
25
10132
48
1
23
4
25
3
4
1
21
10132
1255
10133
1317
1
62
1844
1868
1843
1844
1867
24
10766
1
8899
8898
725
8899
664
1
61
60
1
61
1
62
61
57
1
62
61
9651
62
9670
1
19
18
9651
19
18
9637
9669
9668
1
31
30
9442
31
30
1
9472
9004
1
9005
1183
1220
1182
1183
1
37
36
1
37
36
1
37
36
1222
37
36
1
1186
1187
1
1186
138
1239
139
1221
1
18
17
93
18
17
316
110
7
1
309
310
1
309
41
1
42
41
1
42
41
222
42
41
1
181
18
1
19
18
555
19
533
1
22
21
625
22
21
1
604
605
1
604
21
1
22
21
9790
22
9821
1
31
30
1
31
30
10094
31
30
1
10124
16
1
17
16
21
17
16
1
5
6
1
5
6
334
5
335
4
1
8
1
4
5
1
4
5
1
4
5
541
4
5
1
546
547
1
546
547
1
546
574
571
573
574
1
3
4
1136
3
4
788
1140
794
1
6
7
1
6
7
1
6
7
1
6
7
1
6
429
153
428
149
1
4
10059
10061
10060
10059
10052
2
3
10
10049
10048
1
10058
10057
9
10058
12
1
3
4
1
3
4
513
3
4
837
517
843
1
6
7
1
6
7
1
6
7
1
6
7
1
6
7
816
6
7
798
823
824
1
1622
3
1
2
1446
1443
1445
1446
1
3
4
624
3
4
1
628
1040
1
1039
1040
957
1039
1
668
956
1
1
669
670
534
669
670
1
136
3
1
2
3
766
2
3
9720
769
9718
1
2
3
10149
2
10150
184
1
2
85
186
739
1
654
655
116
654
118
138
2
3
137
135
134
138
3
139
323
1
325
1
2
3
3
2
5
1
2
3
3
2
5
1
2
3
3
2
5
1
2
3
3
2
5
1
2
3
3
2
5
1
2
3
3
2
4
2
1
3
2
1
3
2
1
3
2
1
3
8
1
9
2
1
3
2
1
3
4
1
5
2
1
3
2
1
3
2
1
3
2
1
3
338
1
23
1
361
2
19
1
2
1
17
4
1
3
4
1
3
4
10509
3
10478
1
31
7
1
6
7
1
6
7
1
6
32
1
33
6
37
5
33
9729
4
5
1
9724
3
1
2
3
939
2
941
1
2
10716
10721
10717
10716
1
5
6
10084
5
6
27
10078
10077
1
10104
10103
10111
10104
1
8816
10112
8
1906
8808
8807
1
10713
2
10742
1
2
1
10744
9568
9563
9567
1
1
9562
5
4
5
1
4
5
6
9608
5
9602
1
6
21
1
20
21
1
20
5
1
4
20
1
19
20
468
19
469
10188
1
10195
1
7
8
1
7
8
1
7
8
1
7
8
1
7
8
1
7
8
1324
7
39
1360
1363
1364
1
4
5
1
4
5
103
4
105
1
2
345
350
346
345
1
5
6
1
5
6
1
5
6
199
5
6
1
205
206
552
205
556
1
4
5
1
4
5
1
4
5
625
4
5
1
630
631
9799
630
9795
1
4
5
1
4
5
1
4
5
10108
4
5
1
10103
10102
1
10103
4
1
3
10129
1
10130
483
330
482
331
7
1
2
1
5
7
1
6
7
1
6
7
1
6
7
1
6
7
1
6
7
28
6
7
1
21
20
1
21
3
1
2
3
346
2
3
1
349
5
1
4
5
1
4
5
1
4
425
423
424
425
577
2
3
10063
580
581
1
10644
23
1
22
4
1
3
4
1
3
4
10070
3
10074
1
4
5
1
4
5
1
4
5
326
4
334
1
8
9
1
8
9
1
8
9
1
8
9
1
8
9
1
8
9
1
8
9
1619
8
9
1444
1628
1448
1
4
5
1
4
5
1
4
415
412
414
415
1
3
4
1038
3
409
957
629
960
1
3
4
1
3
4
133
3
130
1
3
4
1
3
4
10487
3
10485
1
2
3
10148
2
3
1
10145
2
553
1
555
1
2
3
536
2
533
1
3
4
1
3
10190
136
10191
547
324
411
412
1
88
89
3
88
89
1
86
87
3
86
87
1
84
85
3
84
85
1
82
91
3
90
98
1
95
97
3
96
98
1
95
97
2
96
98
2
96
98
2
96
98
2
96
98
2
96
98
8
96
98
2
90
92
2
90
92
4
90
92
2
88
90
2
88
90
2
88
95
2
93
94
22
92
23
359
1
2
1
361
362
21
361
362
1
341
3
1
2
407
10481
406
10480
24
1
2
1
26
27
1
26
3
38
2
35
39
3
4
38
35
34
1
4
5
9727
4
5
1
9722
9721
939
9722
9771
10718
10710
10709
1
9
10
1
9
10
1
9
10
1
9
10
1
9
10
10105
9
10
10104
10095
10094
1
10
11
10715
10
10723
1
8
9
1176
8
9
9566
1185
10
9567
9576
9577
1
10
11
1
10
1
9
9568
9566
9607
9569
9
15
9616
2
1
13
12
15
13
3
16
18
19
1
3
4
450
3
451
10194
1
2
1
10192
10191
1
10192
10191
1
10192
20
1
19
20
1
19
20
1
19
20
32
19
36
1
4
5
1
4
5
1
4
5
101
4
5
347
96
1
1
348
349
1
348
6
1
5
6
1
5
6
1
5
6
1
5
6
351
5
357
1
6
7
1
6
7
1
6
7
1
6
7
1
6
7
10425
6
10419
1
6
7
1
6
7
1
6
7
1
6
7
1
6
7
10107
6
24
10132
10131
10130
10613
2
3
151
10610
10609
1
10458
154
12
153
20
1
8
9
1
8
9
1
8
9
1
8
9
1
8
9
1
8
9
1
8
9
24
8
27
1
3
4
1
3
4
344
3
10527
1
10183
10182
1
10183
2
421
1
2
1
419
4
1
3
4
1
3
4
10621
3
10620
18
1
15
1
3
4
1
3
4
10071
3
4
1
10067
10066
1
10067
8
1
7
8
330
7
8
1
322
9
1
8
9
1
8
9
1
8
9
1
8
9
1
8
9
1
8
9
1
8
9
180
8
9
1
189
4
1
3
4
411
3
4
1
407
406
1
407
2
412
1
407
331
5
6
1
325
3
1
2
3
133
2
3
1
136
3
1
2
3
10488
2
3
1
10491
3
1
2
3
10147
2
3
554
10144
10165
1
10719
10718
535
10719
10713
1
10178
10177
10193
10178
10207
10738
14
13
1
10751
10737
1
10738
7
1
6
7
1
6
7
1
6
7
1
6
7
1
6
7
9
6
7
8
2
1
2
9
1
2
3
1
2
3
1
2
3
1
2
3
1
2
3
1
2
3
1
2
3
1
2
3
1
2
3
1
2
3
1
2
3
1
2
3
1
2
3
1
7
3
1
1
8
1
69
2
10867
1
10798
4
1
3
80
1
79
10807
338
10808
75
405
413
414
10886
9
10883
1
3
4
1
3
4
23
3
22
37
1
2
1
39
40
1
39
5
1
4
5
1
4
5
1
4
5
49
4
5
1
54
10
1
9
10
1
9
10
1
9
10
1
9
10
1
9
10
1
9
10
1
9
10
1
9
10
10713
9
27
1
10740
12
1
11
12
1175
11
12
1
1187
9
1
8
9575
9576
9575
9578
2
3
34
9614
9612
9611
1
3
4
16
3
4
1
12
11
1
12
2
448
1
2
1
446
4
1
3
4
1
3
4
10212
3
4
1
10208
4
1
3
4
1
3
4
17
3
22
1
5
6
1
5
6
1
5
6
1
5
6
97
5
99
1
2
3
342
2
323
1
19
20
1
19
20
1
19
20
1
19
20
352
19
358
1
6
7
1
6
7
1
6
7
1
6
7
1
6
7
10425
6
10419
1
6
7
1
6
7
1
6
7
1
6
7
1
6
7
30
6
26
1
4
5
1
4
5
1
4
5
10612
4
5
133
10607
125
1
8
9
1
8
9
1
8
9
1
8
9
1
8
9
1
8
9
1
8
9
19
8
9
1
10
3
1
2
3
10530
2
3
1
10533
5
10185
4
1
1
10184
2
423
1
2
1
421
3
1
2
3
10623
2
10634
16
11
10
1
6
7
1
6
7
1
6
7
1
6
7
10075
6
18
1
10093
3
1
2
3
331
2
3
1
328
10435
1
10436
10435
1
10436
10435
1
10436
6
1
5
6
1
5
6
1
5
6
1
5
10448
185
10449
5
1
190
6
1
5
6
1
5
6
409
5
410
408
1
403
1
5
6
328
5
331
1
3
4
1
3
4
133
3
130
1
3
4
1
3
4
10488
3
10485
1
3
4
1
3
4
21
3
19
1
2
3
6
2
3
1
3
2
29
1
27
1
2
16
14
15
16
10745
2
12
1
10757
10756
1
10757
10765
1
10766
10765
1
10766
10771
1
10772
10771
1
10772
10780
1
10781
10780
8
10781
10780
2
10788
10787
2
10789
10805
2
10807
10806
2
10808
10807
2
10809
10808
2
10810
10819
2
10821
10817
2
10819
10831
2
10833
10832
2
10834
10833
2
10835
10834
2
10836
10847
2
10849
10848
2
10850
10849
7
10851
10850
10865
10857
10864
10802
1
2
77
10800
78
10886
1
10885
10883
1
2
1
10881
10880
10892
10881
1
1
10893
3
1
2
3
25
2
3
1
28
3
1
2
3
34
2
3
1
37
5
1
4
5
1
4
5
1
4
5
44
4
35
1
9
10
1
9
10
1
9
10
1
9
10
1
9
10
1
9
10
1
9
10
1
9
10
36
9
10
10752
46
1
1
10751
10750
1
10751
10769
1178
10770
10769
9583
9591
9580
1
3
4
1
3
37
2
9
4
1
28
5
1
4
19
1
18
4
1
3
4
14
3
17
1
3
4
450
3
4
1
446
4
1
3
4
1
3
4
10212
3
4
1
10208
10207
1
10208
10225
19
10226
10227
1
10246
10248
1
10249
10252
1
10253
10258
1
10259
10263
94
10264
10263
1
10357
10365
325
10366
10365
1
10040
10045
1
10046
10045
1
10046
10051
1
10052
10051
10057
339
10052
1
10396
10395
1
10396
10401
1
10402
10401
1
10402
10405
1
10406
10405
10425
10406
10419
1
6
7
1
6
7
1
6
7
1
6
7
1
6
7
32
6
27
1
5
6
1
5
6
1
5
6
1
5
6
10482
5
6
1
10476
10492
1
10493
10495
1
10496
10495
1
10496
10500
1
10501
10500
1
10501
10500
1
10501
10504
1
10505
10511
13
10512
10511
1
10524
10523
1
10524
10523
10528
10524
10523
3
5
6
10186
9
1
1
10185
10184
424
10185
10191
1
10615
10614
10636
10615
10624
1
12
13
1
12
7
1
6
7
1
6
3
1
2
3
24
2
23
10096
1
2
1
10094
10093
1
10094
10093
10107
10094
10104
1
3
4
1
3
4
10442
3
4
1
10438
10437
1
10438
10437
1
10438
10451
10453
10452
10451
10454
2
3
184
10451
10450
1
10266
10265
1
10266
10274
405
10275
10274
404
10679
10678
1
10274
10278
326
10279
10278
1
10604
10607
1
10608
10607
133
10608
10612
1
10479
10478
1
10479
10478
10488
10479
10485
1
3
4
1
3
4
22
3
14
1
8
9
1
8
2
5
1
2
28
3
25
14
3
4
1
10
2
14
1
2
1
16
17
8
16
3
1
11
2
5
1
2
1
7
2
8
1
2
1
10
4
1
3
4
1
3
4
16
3
12
1
4
6
1
5
4
1
3
7
9
8
4
4
5
2
12
2
1
1
11
4
1
3
4
1
3
4
11
3
4
1
15
4
1
3
4
1
3
4
7
3
4
1
11
2
10878
1
2
10886
10876
10883
1
3
4
1
3
4
10882
3
5
10890
10887
10886
1
4
20
1
21
20
25
21
42
1
17
16
1
17
27
32
28
27
1
5
6
1
5
6
1
5
6
39
5
6
1
45
10
1
9
10
1
9
10
1
9
10
1
9
10
1
9
10
1
9
10
1
9
10
1
9
10
45
9
43
1
2
3
18
2
3
1
21
3
11
2
3
1
8
2
1
2
23
13
15
14
1
14
1
1
450
1
1
1
1
17
1
2
3
5
4
1
8
1
5
1
5
1
5
1
5
1
3
1
13
1
1
1
1
1
33
1
1
1
1
1
16
2
1
4
1
1
3
6
1
1
1
1
1
8
1
6
1
9
1
5
1
3
1
25
1
1
1
10
1
1
1
1
1
13
1
1
1
1
8
1
1
4
1
3
1
4
1
1
6
1
1
17
1
6
1
22
1
12
1
1
13
9
1
5
1
6
1
1
15
2
1
10
4
3
1
7
1
1
1
11
1
1
1
9
1
7
1
1
8
1
24
1
21
1
10
1
1
1
1
1
35
1
1
1
1
1
1
1
1
52
1
1
18
1
10
1
3
23
24
22
20
3
25
23
3
26
24
3
43
27
25
56
46
1
102
82
13
14
15
1
13
14
15
7
8
12
13
3540
1
18
6
7
8
19
7
6
5
7
1
11
8
7
6
12
1176
1175
7
47
15
14
13
9
8
2
49
24
16
15
26
25
24
17
2
37
36
44
27
26
2
46
45
28
2
39
38
51
50
48
47
46
2
53
52
40
39
2864
55
54
2897
56
65
66
45
2
53
54
62
63
41
50
51
60
37
38
47
48
34
35
43
44
30
31
40
41
60
61
70
71
66
67
10441
63
10512
8
7
5
10504
60
10440
53
52
83
43
42
37
36
60
40
39
32
31
30
34
33
23
22
21
25
24
14
13
12
2
63
62
16
15
8
65
4
5
6
40
55
20
2
3
4
5
1
6
20
19
1
8
7
33
9
8
7
6
2
39
14
2
16
15
1
17
16
2
17
16
1
18
17
16
1
17
16
1
17
16
2
17
2
19
18
2
20
19
32
21
20
1
52
3
1
4
3
1
4
3
4533
4
9
1
4524
4523
1
4524
4510
4523
4511
4510
1
13
1
4526
2
3
1
4523
4513
4497
4514
4513
1
16
15
1
16
29
1
28
29
1
28
29
3
28
29
2
26
27
2
25
26
2
24
25
2
23
24
1
22
23
2
22
23
2
21
22
2
20
21
2
19
80
81
100
123
78
79
23
72
73
74
1
24
71
72
73
23
65
66
1
24
64
65
1
23
56
57
2
24
51
55
56
22
47
48
49
21
22
28
29
45
46
47
2
21
11
25
26
27
2
19
8
9
74
78
71
72
4
6
7
2
7
3
2
1
3
10
9
5
4
4365
4366
12
11
10
1
29
28
21
20
19
39
31
30
22
1
17
4301
11
4309
20
19
18
13
12
30
22
21
15
33
32
24
23
17
29
28
22
21
22
3206
18
17
11
22
21
16
15
14
18
17
12
1184
1186
12
11
10
9
4
4354
4358
4359
5
6
4366
4624
4
5
4369
4370
4342
3
4
21
4345
4346
61
62
63
2
3
6
59
60
61
71
72
3
69
70
4
66
67
73
74
75
3
7
70
71
72
4
77
78
3
6
67
74
75
2
3
5
79
80
2
77
78
2
3
5
76
2
3
5
2
3
4
83
2
3
2
80
3
4
1
3
3
1
2
2
1
1
2
1
1
2
1
1
2
1
1
2
1
1
1
1
17
17
16
18
3
1
2
1
1
9
1
8
9
4198
8
15
1
4183
4182
9
4183
4182
1
4191
4190
9
4191
4190
1
4181
4180
4146
4181
4178
3
32
31
3
34
7
3
10
8
4
11
8
3
12
9
3
12
9
3
12
9
3
12
10
2
13
10
3
12
9
3
12
9
4
12
9
2
13
9
2
11
8
3
10
7
2
10
8
2
10
6
1
8
5
1
6
4
1
5
3
145
4
142
3
1
41
40
59
2
40
2871
61
60
1
63
61
3
2858
64
62
2854
2855
20
65
1
88
87
77
76
10411
89
79
78
81
80
72
71
70
99
73
72
64
100
75
58
65
55
54
47
46
45
49
48
47
37
36
35
1
77
76
39
38
37
27
26
1
28
27
5
30
29
8
7
6
1
9
8
7
2
72
3
10
1
4
3
2
1
5
2
12
19
11
12
1
7
18
1
17
18
1
17
18
49
17
18
1
31
1
32
31
1
32
31
1
32
31
1
32
31
30
1
31
30
1
31
30
28
31
18
1
10
9
12
10
9
1
21
8
1
9
8
10
9
5
1
5
4
10
5
19
1
9
4
10
5
5
1
5
4
54
5
4
1
58
13
1
14
13
1
14
13
1
14
13
1
14
13
1
14
13
1
14
13
1
14
13
1
14
13
1
14
13
1
14
13
1
14
13
14
44
45
46
109
91
43
44
45
1
18
29
30
1
17
28
29
1
18
17
21
22
1
17
20
21
18
12
13
14
1
17
11
12
13
1
18
5
6
1
17
13
4
5
1
15
14
1
18
17
40
16
15
47
37
39
1
5
14
13
10
8
1
16
15
1
5
21
20
17
16
1
4
23
22
1
5
27
26
24
1
28
26
47
27
29
27
1
21
20
1
23
22
17
1
25
24
19
18
1
26
21
20
4372
23
22
19
18
4358
4395
13
4391
1
4356
4345
33
12
11
1
13
12
2
1
10
14
4
3
1
9
5
4
2
3
44
1
2
28
25
43
42
31
32
33
1
23
30
31
32
1
24
40
41
1
19
39
40
1
20
17
39
47
48
1
46
47
1
17
15
45
46
54
1
53
54
1
15
13
52
53
1
14
12
1
13
12
1
13
12
1
13
70
54
69
71
30
3
4
5
1
25
24
1
25
24
1
25
24
60
25
67
1
7
8
1
7
8
1
7
8
1
7
1
7
8
1
7
8
131
7
8
1
123
12
1
11
12
1
11
12
1
11
12
1
11
12
1
11
12
1
11
12
1
11
12
1
11
12
1
11
12
1
11
12
153
11
12
1
141
13
1
13
1
12
13
1
12
13
16
1
18
17
1
12
13
32
31
18
1
33
32
12
13
44
34
33
1
13
46
45
44
12
65
64
1
13
77
66
65
1
12
78
77
12
58
34
35
79
78
1
6
7
23
17
1
25
24
6
33
32
25
6
7
9
34
33
1
6
7
8
9
6
65
3
4
3
7
1
3
9
5
3
11
10
1
44
2
4
3
1
59
167
2
6
5
3
2
5
25
173
12
170
15
14
13
3
2
1
16
5
4
16
1
6
14
15
22
97
4
13
20
21
77
76
72
71
2
73
72
58
57
1
14
144
143
38
37
1
14
39
38
13
35
34
1
13
14
35
32
31
1
14
33
32
1
28
27
1
14
29
28
1
13
14
23
22
1
14
24
23
1
13
14
14
1
15
14
1
13
14
16
15
1
13
14
16
13
138
1
122
123
1
122
123
1
122
123
112
122
123
1
11
12
1
11
12
1
11
12
1
11
12
1
11
12
1
11
12
106
11
113
1
7
8
1
7
8
1
7
8
56
7
8
1
48
47
1
48
47
57
48
47
10
62
1
61
62
56
61
62
1
6
7
1
6
7
1
6
7
14
6
7
1
7
6
1
7
6
1263
7
6
1
1257
8
1
7
8
1
7
1
6
7
24
1
6
7
1
6
7
1
6
7
92
6
7
1
85
84
1
85
7
1
6
7
1
6
7
1
6
7
1
6
7
1
6
7
135
6
7
1
128
127
1
128
127
1
128
127
1
128
127
1
128
127
1
1
128
127
1
128
127
1
128
127
1
128
127
1
128
127
154
128
127
1
281
153
1
154
153
1
154
153
154
29
28
1
154
153
30
29
154
44
43
1
153
45
44
154
57
56
55
1
154
153
76
75
57
1
77
76
154
89
88
78
77
46
153
24
90
89
1
23
22
46
30
29
23
1
46
45
38
37
31
30
1
45
39
38
46
2
3
3
59
60
2
51
6
5
4
5
51
12
11
8
7
1
51
50
21
20
14
13
50
41
22
15
37
9
6
5
128
11
8
7
31
30
18
17
33
32
21
20
9
22
11
10
10
12
8
9
16
7
14
15
1
75
74
78
76
75
32
60
97
66
158
53
52
96
54
53
48
1
96
49
48
97
47
46
97
96
48
47
1
96
43
42
1
97
96
43
37
1
96
38
37
1
97
96
38
1
97
29
28
1
97
96
30
29
1
97
96
125
97
7
1
118
117
1
118
117
1
118
117
1
118
117
1
118
117
1
118
117
1
118
117
1
118
117
1
118
117
1
118
117
102
118
1
1
101
100
1
101
100
1
101
100
1
101
100
1
101
100
1
101
100
1
101
100
52
101
100
1
152
51
1
52
51
1
52
51
1
52
51
1
52
51
1
52
51
1
52
51
1
52
51
1
52
51
1249
52
51
1
1198
30
31
30
1
31
30
29
1
30
29
1
30
29
1
30
29
1
30
29
92
30
18
1
74
73
1
74
73
1
74
73
1
74
73
1
74
73
1
74
73
1
74
73
1
74
73
1
74
11
1
10
11
1
10
11
1
10
11
1
10
11
1
10
11
1
10
11
1
10
11
1
10
11
1
10
11
128
11
1
117
12
1
11
12
1
11
12
126
127
1
125
126
1
11
12
111
112
125
1
110
111
11
12
99
109
110
1
12
97
98
99
11
78
79
1
11
12
66
77
78
1
11
65
66
11
177
178
46
64
1
4
5
17
18
23
24
1
16
17
4
8
9
16
4
49
111
7
8
6
57
58
1
61
6
46
56
57
6
40
41
44
45
6
31
32
38
39
22
29
30
87
88
21
91
28
22
27
28
31
113
114
126
127
123
124
125
136
137
133
134
135
146
147
144
145
155
156
157
154
174
175
182
183
181
182
4
186
187
173
1
2
110
37
1
74
31
42
43
44
1
42
43
75
41
42
47
48
21
75
74
46
47
49
50
1
9
48
49
8
53
54
1
9
52
53
8
58
59
1
8
9
57
58
1
8
9
67
68
1
9
66
67
8
9
104
8
9
1
95
11
1
10
11
1
10
11
1
10
11
1
10
11
1
10
11
10
11
1
10
11
1
10
11
1
10
11
119
10
128
1
9
10
1
9
10
1
9
10
1
9
10
1
9
10
1
9
10
1
9
10
1
9
10
101
9
111
1
10
11
1
10
11
1
10
11
1
10
11
1
10
11
1
10
11
1
10
8143
1
8142
8143
1
8142
8143
1228
8142
8143
1
9371
8
1
7
1
6
7
12
1
6
7
1
6
7
1
6
7
1
6
7
48
6
57
1
9
10
1
9
10
1
9
10
1
9
10
1
9
10
1
9
10
1
9
10
1
9
10
85
9
96
1
11
12
1
11
12
1
11
12
1
11
12
1
11
12
1
11
12
1
11
12
1
11
12
1
11
12
1
11
12
129
11
140
1
11
12
1
11
12
1
11
115
116
1
114
115
100
101
1
12
99
100
11
87
88
89
1
11
12
68
69
87
88
1
67
68
11
55
56
67
12
35
54
55
1
9
20
112
8
13
14
8
5
6
12
13
57
107
108
4
5
52
53
55
56
1
40
41
51
52
35
39
40
6
26
27
33
34
6
17
18
24
25
23
24
39
38
17
21
22
27
90
91
104
27
86
87
88
101
102
97
98
111
112
121
122
132
133
134
132
143
144
162
163
163
169
170
7
6
8
7
175
12
13
174
11
12
209
210
31
32
117
44
45
8
9
116
44
53
54
1
9
121
52
53
8
123
61
1
39
45
50
1
9
44
49
1
8
9
43
49
50
1
9
48
49
1
8
9
58
1
9
57
58
1
8
9
57
1
8
117
106
116
117
1
11
12
1
11
12
1
11
12
1
11
12
1
11
12
1
11
12
1
11
12
1
11
12
1
11
128
118
127
128
1
10
11
1
10
11
1
10
11
1
10
11
1
10
11
10
11
1
11
1
10
11
102
10
11
1
91
7
1
6
91
1
92
6
1
5
6
1
5
6
1
5
6
8133
5
8137
1
4
5
1
4
5
1
4
5
9363
4
5
9368
6
1
5
9376
9377
1
9376
5
1
4
5
1
4
5
51
4
60
1
9
10
1
9
10
1
9
10
1
9
10
1
9
10
1
9
10
1
9
10
1
9
10
87
9
98
1
11
12
1
11
12
1
11
12
1
12
1
11
12
1
11
12
1
11
12
1
11
12
1
11
12
1
129
11
143
1
14
15
1
14
15
1
14
15
105
106
1
104
105
1
14
15
90
103
104
1
14
89
90
1
14
15
78
79
88
89
1
77
78
14
15
57
58
77
1
45
46
56
57
1
44
45
4800
23
24
25
43
44
4659
4661
6
7
121
120
119
50
4663
2
4642
5
6
1
51
52
52
4592
1
47
50
51
1
4715
46
47
50
30
34
4714
45
21
22
28
29
4707
12
13
19
20
21
73
6
10
11
17
18
22
23
66
67
83
38
37
40
41
42
63
64
18
19
36
37
85
86
97
98
99
121
122
133
134
135
151
152
153
160
161
159
160
18
17
16
18
2
3
200
8
22
23
35
36
1
8
34
35
36
44
43
44
7
42
43
52
53
84
8
51
52
124
1
40
41
1
9
10
39
40
51
1
10
40
50
1
9
10
39
9
10
49
56
1
9
48
109
10
1
99
12
1
11
12
1
11
12
1
11
12
1
11
12
1
11
12
1
1
11
12
1
11
12
117
11
129
1
12
13
1
12
13
1
12
13
1
12
13
1
12
13
1
12
13
1
12
13
1
12
13
1
12
13
1
12
13
98
12
13
97
85
84
98
13
102
1
4
5
1
4
5
1
4
5
8132
4
5
1
8127
8126
1
8127
4
1
3
4
1
3
4
9362
3
9358
9371
4
1
9367
2
19
9371
1
2
1
9373
9395
1
9394
9395
56
9394
65
1
9
10
1
9
10
1
9
10
1
9
10
1
10
1
9
10
1
9
10
1
9
10
89
9
10
1
79
11
1
10
11
1
10
11
1
10
11
1
10
11
1
10
11
1
10
11
1
10
11
1
10
11
1
10
11
132
10
11
1
121
11
1
10
11
1
10
11
10
11
91
1
11
90
91
1
10
11
76
77
1
11
75
76
10
64
65
1
11
63
64
10
43
44
45
4807
31
4835
43
44
3
21
22
4775
29
4756
48
2
4778
26
3
18
4654
8
24
16
21
20
4657
11
14
4564
117
118
24
23
4569
107
4566
115
12
97
98
4571
105
4595
89
90
96
10
11
12
18
19
3
4
5
9
10
38
45
46
772
7
8
9
10
11
4
5
631
718
40
41
56
57
84
85
98
99
109
121
122
1768
142
205
218
219
19
1543
27
1558
7
1381
184
183
13
14
15
12
13
14
26
27
25
26
34
35
36
1
6
34
35
44
45
1
6
43
44
43
49
116
1
79
37
30
41
40
41
1
4999
5
39
40
4
46
47
1
4
5
39
46
1
4
5
111
4
120
1
9
10
1
9
10
1
9
10
1
9
10
1
9
10
1
9
10
1
9
10
1
9
10
118
9
131
1
13
14
1
13
14
1
13
14
1
13
14
1
13
14
1
13
1
13
14
1
13
14
1
13
14
1
13
14
1
13
14
1
13
14
89
13
14
1
75
74
1
75
5
1
4
5
1
4
5
1
4
5
8131
4
5
1
8126
5
1
4
5
9361
4
5
9366
9386
1
17
18
19
22
18
28
1
6
7
9329
6
7
1
9336
9337
1
9336
9
1
8
9
1
8
9
1
8
9
1
8
9
1
8
9
1
8
6289
1
6288
6289
90
6288
101
1
11
12
1
11
12
1
11
1
12
1
11
12
1
11
12
1
11
12
1
11
12
1
11
1
12
132
11
12
1
120
18
1
17
18
1
17
17
81
82
1
18
80
81
82
17
66
67
1
17
18
55
56
65
66
67
54
55
35
4843
53
1
20
28
29
4763
45
1
27
28
19
7
8
27
28
19
26
24
21
6
7
36
35
27
25
22
104
105
37
36
94
95
103
104
86
87
88
93
94
79
80
86
87
10
11
17
18
3
826
8
9
10
37
38
45
46
718
29
30
35
36
4
5
719
98
99
110
111
124
139
140
155
167
168
180
181
182
192
193
194
206
207
204
205
206
33
32
19
18
4
5
1398
7
19
20
21
13
18
19
20
28
29
1
13
27
28
29
37
28
36
37
38
12
36
37
42
1
13
42
43
12
42
5179
120
4994
2
99
4960
4996
41
42
1
7
40
41
42
1
7
116
6
125
1
9
10
1
9
10
1
9
10
1
9
10
9
10
1
9
10
1
9
10
1
9
10
122
9
10
1
112
5756
1
5755
5756
1
5755
15
1
14
17
1
16
18
1
17
18
1
17
18
1
17
5751
1
5750
17
1
16
17
1
16
17
1
16
17
1
16
17
1
16
17
80
16
6071
1
5991
5992
1
5991
5992
1
5991
5992
1
5991
5992
8131
5991
5992
1
2139
2084
1
2085
2084
20
2085
23
1
3
1
2
3
2103
10
2
3
1
7
4
1
3
4
1
3
4
9327
3
4
1
9331
6
1
5
6
1
5
6
1
5
6
1
5
6
6281
5
6
1
6275
2
6187
1
2
1
6189
6190
1
6189
11
1
10
11
1
10
11
1
10
11
1
10
11
1
10
11
1
10
11
1
10
11
1
10
11
1
10
4407
138
4406
4407
1
4269
4270
4269
4270
1
4269
11
65
10
64
65
66
1
11
50
64
65
10
49
50
38
39
49
50
1
19
4762
4761
54
18
26
27
18
9
10
11
25
26
11
10
9
9
10
1
40
36
12
11
10
1
41
37
1
86
87
54
53
38
77
78
85
86
69
70
75
76
77
61
3736
3735
68
69
57
62
63
68
38
39
40
778
106
25
26
32
33
34
17
18
23
24
8
7
26
28
75
76
87
88
101
102
103
117
118
133
134
146
147
159
160
161
173
174
186
187
51
50
52
51
36
35
13
12
9
1
1384
1405
6
1432
1
5
1431
15
1430
14
23
24
10
22
23
24
29
30
1
11
28
29
30
10
29
5165
5166
5167
1
7
97
98
2
6
97
112
4955
4990
6
110
4957
1
4996
4997
33
119
4996
135
1
16
17
1
16
17
1
16
17
1
16
17
1
17
1
16
17
1
16
17
1
16
17
1
16
5872
5868
5871
5872
1
4
5
5740
4
5
3
5745
21
2
1
17
18
1
17
18
5734
17
18
5733
5716
5
1
5738
18
1
17
18
1
17
18
1
17
18
1
17
6062
6055
6061
6062
1
7
8
1
7
8
1
7
8
1
7
8
1
7
8
55
7
8
1
47
2
2108
1
2
2106
2105
1
2106
2105
2104
11
2105
15
1
4
5
1
4
5
1
4
5
9325
4
5
1
9330
6
1
5
6
1
5
6
1
5
1
5
6281
6277
6280
6281
1
4
5
1
4
5
6178
4
6169
1
9
10
1
9
1
10
1
9
10
1
9
10
1
9
10
1
9
10
1
4397
9
4401
1
4
5
1
4
5
1
4
4258
5
1
4263
14
56
57
1
55
56
1
13
14
40
41
42
54
55
1
40
41
4820
4843
4844
40
16
9
10
11
35
36
1
7
8
9
10
16
8
7
6
9
28
27
9
8
7
55
52
49
29
28
71
70
69
53
50
69
70
72
71
3748
59
60
68
69
63
64
67
68
57
58
62
63
36
37
99
103
104
23
24
30
31
32
15
16
21
22
10
9
3
4
56
57
67
68
69
82
83
84
98
99
114
115
127
128
141
142
154
155
156
155
168
169
70
69
70
69
55
54
53
55
54
31
30
33
32
31
11
10
13
12
11
14
15
1418
1419
1420
5099
12
13
1
5098
11
12
5119
18
1
17
5080
16
17
5154
5155
1
17
89
90
91
16
90
104
105
106
1
17
104
105
1
104
4861
16
4852
1
9
10
1
9
10
1
9
10
1
9
10
1
9
10
1
9
10
1
9
10
1
9
10
5856
9
5861
1
5
6
1
5
6
1
5
5724
6
1
5730
5731
1
5730
5731
1
5730
5731
1
5730
5731
5721
5730
5731
5720
10
11
1
5731
6056
1
6055
6056
1
6055
6056
6045
6055
6056
1
11
12
1
11
12
1
11
12
1
11
12
1
11
12
1
11
12
1
11
12
49
11
54
1
5
6
1
5
6
1
5
1
4
5
12
2120
4
5
1
2115
2114
1
2115
2114
1
2115
3
1
2
2115
9324
2116
3041
1
6283
4
1
3
4
1
3
4
6276
3
6281
1
5
6
1
5
6
1
5
6
6173
5
6
1
6179
6180
1
6179
6180
1
6179
6180
1
6179
6
1
5
6
1
5
6
1
5
6
1
4392
5
4413
1
21
22
1
21
22
1
21
1
22
4249
21
22
1
4271
6
43
44
1
42
43
5
6
29
42
43
2
24
4780
4779
29
10
22
23
27
5
3
20
21
22
22
21
7
5
3
44
43
42
24
23
66
64
44
43
86
85
67
65
63
53
54
55
87
86
49
50
3862
3863
3864
43
46
47
35
36
37
41
42
23
24
25
29
30
5
6
15
16
37
14
13
4
39
29
4
6
7
10
11
12
52
53
68
69
84
85
97
98
111
112
124
125
125
138
139
99
100
99
98
84
83
84
83
64
62
60
63
61
39
38
40
39
38
13
12
14
13
12
10
3668
3669
1
17
18
37
38
39
1
37
38
37
5064
72
73
74
1
20
72
73
88
72
87
88
1
19
20
86
87
88
1
20
87
4868
19
20
1
4888
9
1
8
9
1
8
9
1
8
1
9
1
8
9
1
8
9
1
8
5864
5852
5863
5864
1
12
13
1
12
13
1
12
13
1
12
13
1
12
13
1
12
13
1
12
13
1
12
13
1
12
13
1
12
13
325
12
13
1
312
11
1
10
11
1
10
11
1
10
11
1
10
11
1
10
11
1
10
11
1
10
11
1
10
11
1
11
43
10
11
1
32
8
1
7
8
7
8
1
7
8
9
1
8
9
1
8
9
2118
8
9
2117
2109
2108
925
9
916
6279
9
10
1
6289
6290
1
6289
6290
6278
6289
6290
1
1
13
1
12
13
1
12
13
1
12
13
1
12
13
1
12
6173
13
1
6186
5
1
4
5
1
4
5
1
4
5
4408
4
5
1
4403
7
1
6
7
1
6
1
6
7
1
6
7
4265
6
7
4272
13
38
39
1
38
39
4271
23
4831
4276
38
1
13
14
15
17
538
537
13
14
11
9
13
14
30
29
28
12
10
8
50
49
48
30
29
70
68
67
50
49
92
91
71
69
38
48
104
92
28
29
36
37
38
14
15
19
20
21
8
9
10
11
5
6
14
15
38
37
15
14
13
13
12
1
1
5
6
10
31
46
47
62
62
75
76
89
89
90
102
103
104
116
117
118
121
120
121
120
106
105
104
106
105
104
87
85
86
84
61
60
59
61
60
59
33
35
34
33
3647
3648
9
3
3660
2
16
17
18
1
25
16
17
52
51
52
53
1
24
25
51
52
53
67
52
66
67
68
1
24
25
66
67
1
24
25
1
24
25
4879
24
25
1
4904
7
1
6
7
1
1
6
7
1
6
7
1
6
7
5856
6
5869
1
13
14
1
13
14
13
14
1
13
14
1
13
14
1
13
14
1
13
14
1
13
14
1
13
14
1
13
14
1
13
14
1
13
14
323
13
14
1
309
11
1
10
1
11
1
10
438
437
10
1
9
10
1
9
10
1
9
10
1
9
10
1
9
10
40
9
10
1
30
9
1
1
8
1
7
8
15
1
7
1
8
1
7
8
1
7
8
925
7
912
1
13
14
1
13
14
1
13
14
1
13
14
1
13
14
1
13
14
1
13
14
1
13
14
1
13
14
1
13
14
1
13
14
1
13
6181
13
14
1
6195
12
1
11
12
1
11
12
1
4410
11
12
1
4398
33
32
33
1
32
33
1
32
33
1
32
33
4259
32
4293
27
4281
1
5
4233
21
22
4
5
6
21
9
4
5
6
1
535
556
10
534
240
11
243
13
12
286
8
7
18
17
24
21
20
18
35
34
26
25
24
33
36
37
35
23
26
27
32
13
14
15
16
22
3
2
7
8
44
43
22
21
17
16
7
114
1
109
5
23
24
25
34
35
50
51
62
63
64
78
79
80
3553
3611
3
4
5
12
11
3311
137
122
121
103
104
103
3600
3604
3606
61
55
54
47
46
1
3736
47
46
47
3709
29
28
29
28
10
9
8
1
10
9
8
26
27
9
26
27
1
55
25
26
27
40
41
42
1
41
42
1
57
59
40
41
42
58
1
59
62
1
61
63
4897
62
64
1
4961
1
13
1
12
13
1
12
13
1
12
13
5863
12
5877
1
14
15
1
14
15
1
15
1
14
15
1
14
15
1
14
15
1
14
15
1
14
15
1
14
15
1
14
15
1
14
15
1
14
15
1
14
320
15
1
305
10
1
9
10
428
9
439
427
11
12
1
439
9
1
8
9
1
8
9
1
8
9
1
8
9
1
8
435
39
434
46
1
7
8
7
8
1
7
8
9
1
8
9
1
8
9
1
8
919
895
1
24
25
1
24
25
1
24
25
1
24
25
1
24
25
1
24
25
1
1
24
25
1
24
25
1
24
25
1
24
25
24
25
1
24
25
6183
24
6173
1
10
11
1
10
4443
1
1
4443
4431
4442
4443
1
12
13
1
1
12
13
1
12
13
1
12
1
13
12
13
12
11
10
1
12
11
10
27
26
11
273
19
18
258
257
7
1
22
20
19
23
3387
28
27
26
3388
23
124
123
3299
111
139
138
125
124
123
81
82
154
153
139
42
43
61
62
81
14
15
16
31
32
36
35
17
16
235
106
35
34
20
11
10
6
5
4
15
16
17
31
32
32
44
45
60
61
60
61
75
76
45
44
36
35
36
35
26
25
24
90
89
3427
4
3
3397
3398
281
3371
3370
3763
103
102
86
85
84
1
85
84
65
85
84
66
65
64
66
65
64
31
30
29
31
30
29
15
31
30
16
15
2
30
31
18
17
16
2
29
30
18
17
2
3
27
28
2
25
26
2
24
25
1
23
4948
23
24
1
4972
5888
1
5887
3
1
2
5887
5865
5886
5887
1
22
23
1
1
22
23
1
22
23
1
22
23
1
22
23
1
22
23
1
22
23
1
22
1
23
22
23
1
22
23
1
22
23
1
22
23
315
22
23
1
292
291
430
292
444
1
14
15
430
14
15
1
445
5
1
4
5
1
4
5
1
4
5
427
4
442
388
15
16
1
404
405
1
404
7
1
6
1
5
403
426
1
402
5
1
4
5
1
4
5
903
4
5
1
908
24
1
24
1
23
24
1
23
24
1
23
24
1
23
24
1
23
24
1
23
1
24
1
23
24
1
23
24
1
23
24
1
23
6197
24
1
6221
6222
4433
6221
4446
1
13
1
1
13
14
1
13
14
1
13
1
13
14
1
13
14
13
1
13
14
1
13
14
1
13
23
22
23
22
21
39
211
212
23
22
215
27
17
16
15
1
27
26
16
3395
3394
28
27
3376
112
111
84
82
151
150
139
138
166
165
164
151
150
54
55
56
180
179
6
7
16
17
61
60
41
40
56
55
41
40
22
21
12
11
2
5
6
18
19
34
35
48
49
50
89
88
80
79
78
71
70
3577
29
28
21
20
19
14
13
14
13
7
59
24
368
28
120
119
118
100
99
1
100
99
98
64
63
1
99
64
63
48
64
63
49
48
47
1
13
48
1
12
13
49
48
1
12
13
1
1
12
13
1
12
13
1
12
13
1
1
12
13
916
12
945
5884
29
30
5885
5914
5915
1
30
31
1
1
30
31
1
30
31
1
30
31
1
30
31
1
30
31
1
30
31
1
1
31
1
30
31
1
30
31
1
30
31
1
30
31
1
30
31
1
30
31
1
30
754
736
753
754
1
18
19
1
18
19
440
18
19
1
459
460
1
459
460
1
459
460
438
459
460
1
22
23
1
22
23
397
22
23
420
421
397
23
24
25
1
422
423
1
422
423
1
422
423
884
422
861
1
23
24
1
23
24
1
24
1
23
24
1
23
24
1
23
24
1
23
24
1
23
1
1
23
24
1
23
24
1
23
24
1
23
1
24
1775
23
24
1
1799
12
1
1
12
1
11
12
11
1
12
1
11
12
1
12
1
11
12
226
11
231
34
5
260
23
22
1
23
22
26
3367
23
17
94
93
75
74
109
107
105
94
93
92
139
138
137
108
106
104
166
165
164
137
191
190
177
176
10
11
29
30
31
44
36
35
28
27
51
50
33
75
28
12
11
6
5
8
10
24
26
27
29
99
98
111
103
102
103
102
101
94
93
93
3455
85
3461
3462
20
19
12
19
13
12
8
52
51
17
16
1
17
16
15
10
9
16
10
9
78
77
461
62
1
63
62
1
63
62
1
11
12
1
11
12
1
11
12
1
11
12
1
11
1
1
11
12
933
11
952
1
19
20
1
20
1
19
222
1
221
19
1
18
19
1
18
19
1
18
1
19
1
1
18
19
1
18
19
1
18
19
1
18
19
1
18
19
1
18
19
1
18
19
1
18
19
724
18
748
1
24
25
1
24
25
1
24
25
1
24
25
1
24
25
1
24
25
1
24
25
1
24
25
1
24
25
1
24
25
1
24
25
1
24
25
1
24
1
23
24
1
23
24
1
23
24
1
23
24
1283
23
24
1
1307
1308
1
1307
15
1
14
15
1
14
1
15
1
14
15
1
14
15
1
14
15
1
14
15
1
1
15
1
14
149
1
150
149
1
1
149
1787
150
1963
1
176
175
1
1
176
175
1
176
1
1
176
175
1
176
1
1
176
175
1
220
176
225
1
11
44
4
5
4
3388
3387
5
4
3
109
91
90
3293
25
24
17
16
30
29
25
24
2457
33
32
29
89
88
83
82
81
98
97
93
92
8
7
3
4
12
11
4
3
8
7
1
2
3
51
50
2961
2962
70
2852
232
226
114
3147
107
106
100
99
2360
63
62
61
62
61
52
51
51
50
41
40
39
40
39
26
1258
10
9
26
27
28
1
14
13
9
8
14
13
9
8
7
467
9
8
7
1
596
197
474
473
74
1
75
1
197
1
198
1
1
198
197
1
198
197
1
198
1
197
1
198
1072
941
1071
1072
1
131
1
1
131
132
203
131
132
202
71
70
1
132
164
1
165
1
1
165
164
1
165
164
1
165
164
1
165
162
1
163
161
1
162
160
1
161
159
1
160
159
1
160
1
159
730
1
170
1
171
1
169
1
170
169
1
168
1
169
167
1
1
167
165
1
1
166
164
1
1
163
164
1
163
160
1
1
159
1
158
1
159
158
1292
159
1441
1
149
148
1
149
148
1
149
148
1
1
148
1
149
148
1
149
148
1
149
148
1
163
148
1
15
16
1
15
16
15
1813
16
1
1829
19
18
1
19
1
18
19
1
1
19
18
1
1
18
19
401
18
19
1
3499
9
3508
137
138
2483
24
25
2315
30
31
25
26
31
17
18
19
25
26
27
28
29
383
4515
23
28
4525
30
15
20
21
7
16
17
21
22
25
26
35
15
25
31
32
33
34
34
35
40
41
32
33
34
35
44
45
45
46
59
60
45
46
59
60
61
60
61
73
74
61
62
74
75
76
74
75
76
1219
75
1338
1339
120
399
6
408
1
10
1
9
1
1
9
10
1
9
1
9
1282
1270
1281
1282
1
12
1
1
12
13
1
12
13
1
12
13
1
12
296
1
1
309
18
1
17
18
1
17
18
1
17
18
3
17
18
2
16
2
2
1
1
12
13
1
12
13
1
12
13
719
12
13
2
706
31
1
29
30
1
29
30
2
29
30
2
28
29
2
27
28
2
26
27
1
25
26
2
25
26
2
24
25
1
23
24
2
23
24
3
22
2
19
20
49
1
18
19
1
18
19
1
18
19
1
1282
1
15
16
1
15
16
1
15
16
1
15
16
1
15
16
1
1
1
15
16
1
15
16
1
15
1
1
15
16
1
15
16
1
1810
16
1
1826
19
1
1
21
1
20
1
1
22
24
1
1
26
1
1
5481
1
26
27
27
28
4849
68
69
46
47
68
69
8
9
47
48
70
6
38
49
50
39
40
50
51
4
5
11
23
24
4
12
24
8
9
9
788
801
48
49
61
62
49
50
62
63
63
64
1
65
66
1
66
1
402
1
395
424
1
1
1
5
6
1
1
6
1273
5
1285
1
12
1
1
13
1
12
13
1
12
13
1
1
1
12
13
1
12
276
291
277
276
1
15
16
1
15
1
1
15
16
1
15
16
1
15
16
1
15
16
1
15
16
1
15
16
1
15
1013
1
1012
15
737
14
766
1
29
30
1
29
30
1
29
30
1
29
30
1
29
30
1
29
30
1
29
30
1
29
30
1
29
30
1
29
30
1
29
30
29
30
1
29
1
1
1
1285
1
1
1
1
1
1
1
1
1
1
1
1
1
1807
2
2
2
2
2
3
2
1
5507
1
13
1
2
3
1
17
19
21
18
20
1214
1
1
1
819
419
1
1
1
1280
1
1
1
1
1
1
1
1
288
1
1
1
1
1
1
1
1
1
1
1
998
997
752
1
1
1
1
1
1
1
1
1
1
1
1
108
125
128
1
20
22
1
21
23
1
22
24
1
23
25
1
24
26
37
25
43
1
6
8
16
7
8
1
8
2
3
1
2
1
1
6
1
5
6
1
5
6
1
5
6
1
5
6
7
5
6
1
1
2
9
1
2
1
7
20
1
19
21
1
20
23
1
22
25
1
24
27
1
26
29
1
28
30
1
29
32
1
31
34
1
33
36
127
35
38
1
89
85
1
86
83
1
84
81
129
82
80
1
49
53
1
52
55
1
54
56
157
55
57
2
100
46
2
44
2
2
2
2
94
95
1
21
26
27
28
20
21
22
27
1
20
21
6
7
8
20
1
2
3
4
6
7
1186
2
3
1
17
18
19
1188
1189
25
1
10
17
18
1
9
10
17
18
1
8
8
9
10
1
9
8
1
10
9
1
14
13
1
15
14
1
15
19
2903
2911
3011
20
1
99
100
2932
1
98
11
2933
1
96
97
13
12
94
95
15
14
2929
20
2821
10487
13
5
10508
3
2
1
15
10484
10485
7
6
9
8
127
128
2
10
11
15
16
17
13
14
15
22
23
20
21
22
32
33
30
31
32
42
43
1
40
41
42
64
61
62
63
75
60
61
62
1
14
1
25
1
1
1
1
1
1
1
1
1
1
49
1
1
13
1
14
1
14
5
1
17
18
19
1
18
19
1
18
19
1
18
70
18
19
1
89
90
1
89
90
726
89
90
1
636
635
1
723
1
724
723
724
723
1
724
23
1
22
23
1
22
23
1
22
23
1
22
23
22
1
22
24
1
23
24
1
23
24
1
23
2
24
1
22
23
22
1
22
23
1
22
23
129
22
172
1
43
46
1
45
1
46
48
1
47
49
1
48
50
1
49
51
1
50
52
1
51
52
1
51
52
1
51
52
1
51
52
1
51
2072
1
2071
2073
1
2072
2073
1
2072
2073
1
2072
2073
2617
2072
2073
1
4690
14
1
13
14
1
13
14
1
13
14
1
13
14
2824
13
14
1
2810
20
1
19
2810
1
2811
2810
1
2811
18
1
17
18
1
17
18
1
17
18
1
17
18
1
17
18
116
17
130
1
14
15
14
15
1
15
1
15
1
14
15
141
14
15
126
15
15
1
14
15
1
14
15
1
14
15
1
14
15
119
14
15
1
104
12
1
11
12
1
11
12
1
11
13
1
12
14
13
35
1
11
1
10
11
1
10
11
95
10
144
2
49
50
2
48
49
1
47
48
1
47
48
1
47
48
1
47
48
1
47
48
1
47
48
1606
47
1583
1
23
24
1
23
24
1
23
24
1
23
24
1
23
24
1
23
24
1
23
1
22
23
39
1
22
23
1
22
23
1
22
23
1
22
23
1
22
23
1
22
23
1
1
22
23
87
22
23
1
110
3
1
747
2
753
1
1
6
7
1
6
1
6
7
6
46
6
7
39
18
1
17
18
1
17
18
1
17
18
1
17
18
1
17
18
1
17
18
1
17
18
150
17
175
3
25
26
23
24
2
22
23
2
21
22
2
20
21
2
19
20
2
18
19
1
17
18
17
1
17
18
1
17
18
2021
17
18
2
2003
2002
1
2004
5
1
4
5
1
4
1
4
5
4676
4
5
1
4681
8
1
7
8
1
7
8
1
7
8
1
7
8
2830
7
8
2829
2822
2821
1
8
9
2829
8
9
1
2820
6
1
5
6
1
5
6
1
5
6
1
5
113
5
120
1
7
8
1
7
8
1
7
8
1
7
8
1
7
8
1
7
8
141
7
8
1
133
132
1
133
132
1
133
9
1
8
9
1
8
9
1
8
116
9
1
107
8
1
7
8
2
7
8
2
6
22
5
26
1
4
5
1
4
1
5
134
4
145
1
11
1
12
1
11
12
1
11
12
1
12
1
11
12
1
11
12
1
12
1630
11
12
1
1642
17
1
16
1
16
17
1
16
17
1
16
17
1
16
17
16
17
1
16
17
18
1
17
18
1
17
18
1
17
18
1
17
18
1
17
18
1
17
18
1
17
18
1
17
107
104
1
3
4
751
3
758
1
7
8
1
7
8
1
8
1
7
1
8
1
7
57
8
1
49
10
1
10
1
9
10
1
9
9
10
1
10
1
10
158
9
177
1
19
20
1
19
1
19
20
1
19
20
1
19
20
1
19
20
1
20
1
19
20
1
19
20
1
19
20
1
19
2019
1
2018
2019
1
2018
2019
2009
2018
2019
1
10
11
1
10
11
1
10
11
1
10
11
4673
10
11
1
4684
18
1
17
18
1
17
18
1
17
18
1
17
18
1
17
18
1
17
18
1
17
18
2826
17
18
1
2808
18
1
17
18
1
17
18
1
17
18
115
125
1
10
11
1
10
11
1
10
11
1
10
11
1
11
1
10
11
1
10
11
1
10
11
1
10
11
142
10
147
1
5
1
6
1
5
6
1
5
6
5
1
4
5
1
4
5
4
5
21
4
175
1
154
155
1
154
155
1
154
155
141
154
155
1
14
15
1
14
15
1
14
15
1
14
15
1
14
15
1
14
15
1
14
15
1
14
15
1
14
15
1625
14
15
1
1640
16
1
15
16
1
15
16
1
15
16
1
15
16
1
15
16
1
15
1
14
15
27
1
14
15
1
14
15
1
14
15
1
14
15
1
1
14
15
1
14
121
118
117
1
4
5
1
4
755
5
750
817
1
818
817
1
818
817
1
818
5
1
4
5
1
4
5
4
59
4
66
1
7
8
1
7
8
1
7
3807
1
3806
3807
1
3806
3514
1
3513
3514
168
3513
3514
1
3346
20
1
19
20
1
19
20
1
19
1
20
1
19
20
1
19
20
1
19
20
1
19
20
1
19
20
2000
19
20
1
1980
9
1
8
9
1
8
9
1
8
9
1
8
9
1
8
9
1
8
9
1
8
9
4666
8
4657
1
9
10
1
9
10
1
9
10
1
9
10
1
9
10
1
10
1
9
10
1
9
2826
9
2830
1
4
5
1
4
5
1
4
5
4
5
1
103
10
1
10
1
9
10
1
9
10
9
10
1
9
10
1
9
10
1
10
1
9
10
137
10
1
127
10
1
9
10
1
9
10
1
9
10
114
9
10
1
104
103
1
104
103
1
104
103
171
104
186
1
15
16
1
15
16
1
15
16
1
15
16
1
16
1
15
16
1
15
16
1
1
15
16
1
15
16
1
1
15
16
1
15
16
1
15
16
1624
15
16
1
1640
13
1
12
13
1
12
13
1
12
13
1
12
13
1
12
13
14
1
13
14
1
14
1
13
14
1
13
14
1
13
131
13
126
1
5
6
5
6
5
62
1
62
67
63
1
5
6
1
823
5
1
816
1
1
66
67
62
1
5
6
1
3800
5
3802
1
2
292
2
3
1
295
3
1
3326
2
3
1
3329
11
1
10
11
1
10
11
1
10
11
1
10
11
1
10
11
1
10
11
1
10
11
1
10
11
1
10
1989
10
11
1978
8
1
8
1
7
8
1
7
8
1
7
8
1
7
8
1
7
8
4665
7
4656
1
9
10
1
9
10
1
9
10
1
9
10
1
9
10
9
10
1
9
10
1
9
10
2821
9
2826
1
5
6
1
6
1
5
6
1
5
6
113
5
6
1
107
10
1
9
10
1
9
10
1
9
10
1
9
10
1
9
10
9
10
1
9
147
1
146
147
137
146
147
1
10
11
1
10
11
1
10
11
1
10
1
10
11
1
10
11
1
290
10
11
1
279
16
15
16
1
15
16
1
15
16
1
15
16
1
15
16
1
15
16
1
15
16
1
15
16
1
15
16
1
16
1
15
16
1
15
16
15
16
1
15
16
1627
15
1614
1
13
14
1
14
1
13
14
1
13
14
1
13
14
1
13
1
12
13
24
1
12
13
1
12
13
1
12
13
1
1
12
13
139
12
136
4
1
4
67
1
7
8
1
7
1
1
8
1
1
7
884
7
889
1
5
6
1
5
6
1
5
6
1
6
3797
5
6
1
3791
3
1
2
3
292
2
286
6
7
1
6
7
3318
6
7
1
3325
17
1
1
16
17
1
16
17
1
16
17
1
16
17
1
16
17
1
16
17
16
17
1
16
17
1986
16
1993
1
7
8
1
7
8
1
7
8
1
7
9
1
8
10
1
9
11
4663
10
12
1
4675
14
1
13
14
1
13
14
13
14
1
13
14
1
13
14
1
13
2828
1
2827
2828
2817
2827
2828
1
11
12
1
11
12
1
11
12
1
11
1
11
12
117
11
12
1
105
14
1
14
1
13
14
1
13
14
1
13
1
13
14
138
13
153
1
15
16
1
15
1
15
16
1
15
16
1
15
16
1
1
15
16
1
15
16
1
15
16
1
15
16
295
15
16
1
279
278
1
279
14
1
13
14
1
13
14
1
13
14
1
13
1
13
14
1
13
14
1
13
1
13
14
1
13
14
1
13
1
13
14
1
13
14
1629
13
14
1
1643
12
1
11
12
1
11
12
1
11
12
1
11
12
11
12
1
11
1
12
13
1
1
12
1
12
13
148
1
1
1
1
4685
1
4684
4685
882
4684
4685
3803
6
1
5
6
1
5
1
5
6
1
3794
5
3799
1
5
288
6
1
294
4
1
3
4
1
3
4
3308
3
3298
1
10
11
1
10
11
1
10
11
1
1
10
1
10
11
1
10
11
1
10
11
1
10
11
1977
10
11
1
1966
1965
1
1966
14
1
13
14
2
13
14
2
13
2
11
12
2
10
11
4661
9
4655
1
6
7
1
6
7
1
6
7
1
6
7
1
6
7
2815
6
7
1
2808
9
1
8
9
1
8
9
1
8
9
1
8
9
1
8
9
1
8
9
1
9
119
8
9
110
6
1
6
1
5
6
1
5
6
1
5
6
140
5
6
1
134
13
12
13
1
13
1
12
13
1
12
13
1
12
13
1
12
13
1
12
13
1
12
13
1
12
13
1
12
1
293
13
280
14
1
13
14
1
13
14
1
13
14
1
13
14
1
13
14
1
13
14
1
13
14
1
13
14
1
13
14
1
13
14
1
13
14
1
13
1631
14
1
1645
13
1
12
13
1
12
13
1
12
1
13
1
12
1
11
12
1
11
1
12
11
12
1
11
12
1
1
1
1
4678
4684
6
7
1
6
7
3797
7
1
1
3804
4
1
4
1
3
4
3794
3
4
1
3790
8
1
7
8
290
7
8
298
6
5
3301
5
3283
1
18
19
1
19
1
18
19
1
18
19
1
18
19
1
18
19
1
18
19
1
18
19
1
18
19
1
18
19
1
18
19
1980
18
19
1
1961
7
1
6
7
1
6
7
1
6
7
1
6
7
4664
6
4657
1
7
8
1
7
1
7
8
1
7
8
1
7
8
1
8
2817
7
8
1
2809
10
1
10
1
9
1
9
10
1
10
1
9
10
1
9
10
1
9
116
10
106
12
1
12
1
11
13
1
12
14
1
15
147
14
16
1
131
16
1
15
1
15
16
1
15
16
1
15
16
15
16
16
1
16
1
15
16
1
15
16
1
15
16
1
15
16
294
15
16
1
278
14
1
13
1
14
1
13
14
1
13
1
14
1
13
14
1
13
1
14
1
13
14
1
1
13
14
1
13
14
1632
13
14
1646
1647
1
20
1
19
20
1
19
20
19
1
19
20
21
1
20
21
20
21
20
1
1
1
11
1
4668
1
1
1
6
3800
7
1
3807
3808
1
3807
3
2
3798
2
3806
1
8
1
9
292
8
289
1
3
4
3288
3
3269
1
19
20
19
20
1
19
20
1
19
20
1
19
1
20
1
19
20
1
19
20
1
19
20
19
1
20
1
19
20
1968
19
20
1
1948
7
1
6
7
1
6
7
1
6
7
4663
6
4653
1
10
11
1
11
1
10
11
1
10
10394
1
10393
10
1
9
10
1
9
10
2819
10
1
2809
10
1
9
1
10
1
9
10
9
10
1
1
9
10
1
9
10
118
10
1
108
16
2
16
2
14
16
2
16
2
16
147
14
16
1
131
13
1
12
13
1
12
14
1
14
1
13
15
1
14
15
1
14
15
1
14
15
1
15
1
14
3475
1
3474
3475
1
292
3531
3532
1
3240
3241
1
3240
14
1
13
14
1
13
14
13
14
1
13
14
1
13
14
1
13
14
1
13
14
1
13
14
1
13
14
1
13
14
1
1
13
14
1626
13
14
1
1640
9
1
1
8
9
1
8
7
8
169
1
8
7
8
1
1
1
3
4676
3
1
1
9
1
8
8
9
3804
9
1
3813
3804
3814
1
10
11
1
10
142
297
143
369
72
71
3272
72
3507
235
1
235
1
235
234
1
235
234
1
235
234
1
1
235
234
1
235
234
1
235
234
1
235
234
1
235
234
1
235
234
1
235
234
1955
235
1854
1
101
100
1
100
1
101
100
4659
101
4789
1
130
129
1
1
130
129
10384
130
129
10383
10513
9
1
10374
10375
1
130
1
131
10374
2819
10373
130
1
2949
108
1
109
1
1
1
1
110
1
111
110
124
110
1
234
123
2
123
2
125
124
126
125
2
127
126
144
127
1
271
2
136
1
138
137
2
138
137
1
139
1
139
138
1
139
138
1
139
138
3461
139
3407
1
54
58
54
53
1
111
15
1
3226
16
3464
1
238
237
1
1
238
237
238
237
1
238
237
1
238
237
238
1
238
237
1
238
237
1
237
1
238
237
1
238
237
1631
238
1808
1
177
1
176
1
177
62
1
4681
4540
1
1
141
140
1
140
1
141
1
141
140
1
141
140
140
226
12
217
1
9
3435
10
1
3445
15
14
15
1
15
1
14
15
1
14
15
1
14
15
1
14
1
14
15
1
14
15
1
14
15
1
14
15
1
15
1
14
15
2089
14
15
1
2074
6
1
5
6
1
5
4688
5
6
1
4694
8
1
7
8
1
7
8
1
7
8
10504
7
10507
1
10504
10497
10496
10505
8
10507
10503
2
10507
1
2834
1
2835
2834
2922
1
7
1
6
111
118
7
8
1
8
1
7
8
1
1
7
8
135
7
143
1
8
9
1
8
9
1
8
9
1
8
1
9
1
8
9
1
8
9
3546
8
3554
1
8
1
9
96
8
9
1
87
3433
3448
3434
3433
1
16
1
15
1
1
16
1
15
16
1
1
15
16
1
15
1
16
1
15
16
1
16
1
15
16
1
15
16
1570
15
1
1
21
1
20
182
1
162
1
1
1
1
1
1
1
1
15
18
1
1
19
1
22
1
21
229
1
4
1
3
4
3430
3
3416
1
14
1
14
15
1
14
15
1
1
14
15
1
14
15
1
14
15
1
14
1
14
15
1
14
15
1
14
15
1
14
2085
2080
2084
2085
1
5
1
5
6
1
5
6
4686
5
6
1
1
7
8
1
7
8
10500
7
10499
10492
10366
1
133
8
10499
7
8
1
1
10491
10490
10500
10491
10490
1
11
2921
1
1
6
7
1
6
7
1
6
7
1
6
1
7
136
6
144
8
9
1
9
1
8
9
1
8
9
1
8
9
1
8
9
1
3546
8
3556
10
11
1
10
11
1
10
3346
11
1
3357
19
18
19
1
18
19
1
18
3721
1
3720
19
1
1
19
21
1
20
1
23
1
22
24
1
24
1
23
24
1
1
23
1565
23
1368
1
198
1
197
198
92
73
1
1
1
1
2
3
3
26
3
2
21
22
2
21
2
19
20
1
248
18
246
2
3
3419
2
3
1
3422
3423
1
12
1
11
1
12
1
12
1
11
12
1
11
12
1
1
11
12
1
11
12
1
11
12
1
2071
11
2077
1
6
1
7
1
6
7
1
6
7
1
6
7
4684
6
7
1
4691
14
1
13
136
135
136
126
135
136
125
10
11
1
136
1
10
1
9
10
1
9
1
10
1
9
1
3040
16
17
1
6
5
1
6
1
5
6
1
138
5
146
1
8
9
1
9
1
8
9
1
1
1
8
3556
1
3555
3556
3548
3555
3556
1
1
8
9
1
8
9
1
8
86
3338
1
30
1
3703
3701
6
7
2
3708
27
2
25
2
25
2
23
24
2
1
22
1
21
22
1
21
1378
1391
1379
1
14
1
1
1
13
72
1
1
1
132
1
1
1
1
1
19
1
20
1
1
19
20
1
264
19
260
1
4
1
5
1
4
5
3410
4
5
1
3415
28
1
27
28
1
27
28
1
27
28
1
27
28
1
27
28
1
1
27
28
1
27
2425
1
2424
2425
2066
2424
2425
1
359
7
1
6
7
1
1
6
7
1
6
7
6
7
4677
6
7
123
4684
128
1
5
6
1
6
1
5
1
126
6
1
132
133
1
1
8
9
1
8
1
7
1
8
1
3021
11
1
1
10
2438
141
2438
1
2297
1
1
2297
2298
1
2297
2298
1
3548
1
7
1
6
1
7
1
6
7
1
78
6
7
1
71
2
3394
3679
2
3651
9
7
8
3681
8
1
3689
3690
1
3689
27
1
1
26
27
1
1
26
27
1
26
27
1
1
1
9
1
1
1
68
1
1
1
4804
1
1
1
1
1
18
1
279
20
1
299
1
5
1
1
3387
3
3360
1
27
28
1
28
30
1
29
31
1
1
33
1
32
34
2398
33
2401
1
3
4
352
3
4
1
356
7
1
6
1
7
1
6
7
1
6
1
7
4556
6
4548
8
1
9
1
8
9
1
1
8
9
1
8
123
9
1
132
1
1171
1
6
5
1
3032
5468
1
2428
2437
1
9
1
10
1
9
10
1
1
9
10
1
2288
3546
2298
2299
1
1247
7
1
6
1
7
1
6
7
1
6
7
1
6
7
73
3368
309
1
3677
3678
3660
3677
1
1
18
19
18
3662
3681
3682
1
1
24
1
1
3681
1
1407
1
1
1
1
1
1
1
1
1
1
1
4808
1
1
1
2
2
2
2
23
294
21
1
3
2
3365
3363
4
1
3367
2
18
2
16
2
2
2
13
14
2
2368
2372
2373
1
5
1
1
6
349
5
6
1
355
1
1
4553
4544
4555
11
4554
4544
4543
1
11
1
12
1
11
12
1
1
11
12
1
1
12
11
1
4
1164
3
1
1
1168
1
1
2
5463
3
5460
1
11
1
10
1
1
10
11
1
1
10
11
1
10
11
1
1
1254
11
1
1
1243
5
4
5
1
4
35
1
32
3
4
1
340
20
1
1
19
20
1
1
20
1
19
1
20
3657
19
3658
1
20
5087
21
1
1
1
1
1
1
1
1
1
1
1
1
1
4815
1
1
1
1
552
254
15
1
1
11
1
10
3349
10
11
1
3360
19
1
1
19
1
18
19
2362
18
1
1
8
1
7
8
1
1
8
1
1
4898
7
4887
1
11
1
1
11
12
1
11
1
12
1
11
12
1
1
1
1
1
1
1
1
3534
12
4698
1
1
5484
1
14
1
1
14
1
13
1
14
1
1
1
13
14
1
13
1248
13
1284
1
31
37
1
1
6
7
1
360
7
1
353
1
1
1
36
1
35
1
1
35
36
1
1
1
5101
1
1
67
1
1
1
1
1
4808
555
1
1
1
1
250
16
1
1
1
3341
1
3384
1
3383
1
3384
2351
3383
12
1
1
2339
1
1
1
5
6
1
5
4894
6
1
4900
23
1
1
1
1
1
1
1
22
1
22
23
1
1
1
1
1
779
1
1
1
1
1
1
13
14
1
1
14
1
13
1
1
1271
14
1
1257
1
1
1
1
6
389
1
1
15
16
15
16
1
1
16
1
1
1
1
1
1
1
1
1
5059
1
1
1
1
1
1
4254
1
1
1
1
237
1
40
1
1
3371
2345
1
1
1
1
1
4877
1
1
1
1
1
1
1
1
1
1
1
3527
1
788
1
1
1
1
1
1
1
1
1
1
1
1
1
1263
1
1
1
1
399
1
1
1
1
1
1
1
1
1
1
1
1
1
1
10
1
1
45
1
1
1
1
1
1
1
1
1
1
1
1
60
61
105
59
60
1
48
49
46
45
1
47
48
1
42
46
47
39
40
41
1
32
33
38
39
40
1
31
32
1
24
25
30
31
1
23
24
4
5
6
22
1
11
3
4
57
14
12
8
7
3
74
1
13
10
9
8
15
14
11
1
4360
4361
17
16
21
4359
18
1
18
4302
70
69
4311
1
20
19
15
71
1
22
21
17
16
1
24
23
19
18
1
26
25
21
20
3177
28
27
3161
22
17
1197
17
16
3195
3194
1196
1214
1209
4392
10
1182
13
9
1186
12
1206
11
4369
4368
4360
1
5
4
4
6
3
4
5
4368
3
4
4367
11
84
3
15
58
56
66
3
53
63
64
71
3
61
68
3
58
65
74
63
64
71
2
61
62
68
69
75
2
66
67
73
2
1
1
83
2
3
2
2
2
2
2
18
2
1
10
1
7
1
1
1
1
1
3
1
27
2
3
3
3
3
2
3
3
3
3
4
3
3
2
4
3
2
2
146
139
15
140
16
33
123
43
1
10
11
1
10
11
1
10
11
1
10
11
1
10
11
1
10
11
1
10
11
1
10
11
1
10
11
75
10
11
1
64
63
1
64
9
1
8
9
1
9
1
8
9
1
8
9
1
8
9
1
8
9
1
8
9
98
8
9
89
16
1
15
16
1
15
16
1
15
16
1
15
16
15
1
15
16
1
15
16
1
15
16
1
15
16
1
15
16
15
1
15
16
1
15
16
1
15
16
147
15
166
19
20
35
19
20
35
1
19
20
35
1
19
20
35
1
19
20
35
1
19
20
35
2
19
20
35
2
18
19
34
115
17
18
1
97
12
1
11
12
1
11
12
1
11
12
1
11
12
1
11
12
1
11
12
1
11
12
1
11
12
1
11
12
1
11
12
203
12
1
191
16
1
15
16
1
15
16
1
15
16
1
15
16
1
15
16
1
15
16
1
15
16
1
15
16
1
15
16
1
15
16
1
15
16
1
15
16
1
16
1
15
16
63
15
16
1
47
10
1
9
10
1
9
10
1
9
10
1
9
10
1
9
10
1
9
10
1
9
10
1
9
10
950
9
926
1
24
1
25
1
24
25
1
24
25
1
24
25
1
25
1
24
25
1
24
25
1
24
25
1
24
25
1
24
25
1
24
25
1
24
25
1
24
127
125
126
124
1
2
4
166
126
127
1
39
16
1
15
16
1
15
16
1
15
16
15
16
1
16
1
15
16
1
15
16
1
15
16
1
15
16
1
73
15
16
1
57
9
1
8
9
1
8
1
8
9
1
8
9
8
9
1
8
9
1
8
9
105
8
9
1
96
15
1
14
1
14
15
1
14
15
1
14
15
1
14
15
14
15
1
1
14
15
1
14
15
1
14
15
1
14
15
1
14
15
1
14
2774
1
2773
14
151
13
166
15
16
15
16
26
15
16
26
15
16
26
15
16
26
15
16
26
15
16
26
15
16
26
1
15
16
109
15
16
1
93
12
1
11
12
1
11
12
1
11
12
1
11
12
1
11
12
1
11
12
1
11
12
1
11
12
1
11
12
11
12
207
11
223
1
16
17
1
16
17
1
16
17
1
16
17
1
16
17
1
16
17
1
16
17
1
1
16
17
1
16
17
1
16
17
1
16
17
1
16
17
1
16
17
1
16
17
57
16
66
1
9
10
1
9
10
1
9
10
1
9
10
1
9
10
1
9
10
1
9
1
9
920
935
921
920
1
15
16
1
15
16
1
15
16
1
15
16
1
15
16
1
15
16
1
15
16
1
15
16
1
15
16
1
15
16
1
15
16
1
15
16
1
15
16
103
15
16
87
3
1
2
3
4
55
3
67
1
12
13
1
12
13
1
12
13
1
12
13
1
12
13
1
12
13
1
12
1
12
13
1
12
13
1
12
13
1
12
13
66
1098
1
1032
1033
1032
8
1
7
8
1
7
8
1
7
8
1
7
8
1
1
7
8
111
7
8
1
103
13
1
12
13
1
12
13
1
12
13
1
12
13
1
12
1
12
13
1
12
13
1
12
13
1
12
13
1
12
13
2760
12
13
2759
2747
1
153
2760
2761
1
2608
11
10
11
10
11
20
10
11
20
10
11
20
10
11
20
10
11
20
10
11
20
1
10
11
20
1
10
11
105
10
11
1
94
11
1
10
11
1
10
11
1
10
11
1
10
11
1
10
11
1
10
11
1
10
11
1
10
230
1
229
230
212
229
230
1
18
19
1
18
19
1
18
19
1
18
19
1
18
19
1
18
19
1
18
19
1
18
19
1
18
19
1
18
19
1
18
19
1
18
19
1
18
19
1
18
19
1
18
50
18
2017
1
1967
1968
1
1967
7
6
7
1
6
1966
1
1965
1966
1
1965
5
1
4
5
929
4
905
1
24
25
1
24
25
1
24
25
1
24
25
1
25
1
24
25
1
24
25
1
24
25
1
25
1
24
25
1
24
25
1
24
25
1
24
25
1
24
25
1
24
25
90
24
93
1
3
1
2
3
50
64
2
3
1
61
15
1
14
15
1
14
15
1
14
15
1
14
15
1
14
15
1
14
15
1
14
15
1
14
1
15
1
14
15
1086
14
1096
1
10
1024
10
11
1
1035
8
1
7
1
7
8
1
7
8
1
7
8
1
7
8
1
7
8
116
7
128
1
12
1
12
13
1
12
13
1
12
13
1
12
13
1
12
13
1
12
13
1
12
13
1
12
13
1
12
13
1
12
2751
2748
2750
2751
1
3
4
2597
3
4
1
2601
2602
2601
10
9
10
142
9
10
142
9
10
142
9
10
142
9
10
142
9
10
1
9
10
1
9
10
105
9
113
1
8
9
1
8
9
1
8
9
1
8
98
1
99
98
1
99
98
1
99
98
220
99
5
1
215
214
1
215
214
1
215
214
1
215
214
1
215
214
1
215
214
1
215
214
1
215
214
1
215
214
1
215
214
1
215
214
1
215
214
1
215
214
1
215
214
1
215
214
1
215
214
1
215
214
1999
215
1893
1
106
105
1960
106
105
1
1855
1856
1960
1855
1856
1
104
103
1960
104
103
1
1857
1858
909
1857
1101
1
192
1
192
191
1
192
191
1
192
191
192
191
1
192
191
1
192
191
1
192
191
192
191
1
192
191
1
192
191
1
192
191
1
192
191
1
192
1
192
191
69
192
16
53
52
1
53
52
51
76
52
51
1
127
75
1
76
1
75
1
76
75
1
75
1
76
3315
1
3316
3315
1
3316
77
1
78
77
1
78
1082
78
1003
1
79
78
1
79
78
1027
79
78
1
949
56
1
57
1
56
1
57
56
1
57
1
56
121
57
56
1
177
2347
1
2346
2347
1
2346
2347
1
2346
110
1
111
110
1
111
110
1
111
110
1
111
110
1
111
110
1
111
110
2739
110
1
2849
84
1
85
84
1
85
84
1
85
84
2591
85
84
2507
151
152
151
152
151
152
151
152
151
1
152
151
1
152
151
1
152
151
104
152
151
1
255
99
1
100
99
1
100
99
106
100
99
1
7
8
1
7
8
1
7
8
104
7
8
1
96
18
1
17
18
1
17
18
1
17
18
1
17
18
1
18
1
17
18
1
17
18
1
17
18
1
17
18
1
17
18
1
17
18
17
18
1
18
1
17
18
1
17
18
1
17
18
2108
17
2116
1
8
9
1
9
1
8
9
1
8
9
8
9
1
8
9
1
8
9
2958
8
9
1
2967
16
1
15
16
1
15
16
1
15
16
1
15
16
1
15
16
1
15
16
1
15
16
1
15
16
1
15
16
1
15
16
1
15
16
1
15
16
15
16
1
15
16
208
15
213
1
5
6
1
5
1
4
5
10
1
4
52
4
5
1
47
3233
1
3234
3233
1
3234
3233
1
3234
3233
3239
3234
3233
1
3239
6
7
1
3231
1
3232
1086
1081
1085
1086
1
5
6
1
5
6
1
5
1005
5
6
1
1011
1012
1
1011
1948
1
1947
1948
1
1947
4
1
3
1
4
2524
3
2533
1
9
10
1
2456
9
2445
1
11
12
11
12
1
11
12
1
11
12
1
11
12
1
11
12
1
11
2771
2765
2770
2771
1
6
7
1
6
7
1
6
7
1
6
2658
6
7
1
2665
9
1
8
9
1
8
9
1
8
9
1
8
9
1
8
9
1
8
9
1
8
9
156
8
9
1
147
8
1
7
8
1
7
8
1
7
8
1
7
8
1
7
8
1
7
8
114
7
8
1
106
17
1
16
17
1
16
17
1
16
17
1
16
17
1
16
17
1
16
17
1
16
17
1
16
17
1
16
17
1
16
17
1
16
17
1
16
17
1
16
17
1
16
17
1
16
17
2099
16
17
1
2082
18
1
17
18
1
17
18
1
17
18
1
17
18
1
17
18
1
17
1
18
2951
17
18
1
2969
15
1
14
1
14
15
1
14
15
1
14
15
1
1
14
15
1
14
15
1
14
15
1
1
14
15
1
14
15
1
14
15
1
14
15
198
14
203
1
5
6
5
6
1
5
6
7
1
6
7
3186
6
3178
1
8
9
1
8
9
1
9
1
8
9
1
8
9
1
8
9
1
8
4326
4318
4325
1
9
8
9
1
8
1
8
9
1
8
1
9
937
8
942
1
5
1943
6
8
1
1951
1953
1
1952
1954
2530
1953
1955
1
575
7
1
6
7
2454
6
7
1
2461
11
1
10
11
1
10
11
1
10
11
1
10
11
1
10
2768
2760
2767
2768
1
8
9
1
8
9
1
8
9
1
8
9
8
9
1
8
9
2656
8
2647
1
9
10
1
9
10
1
9
10
1
9
10
1
9
10
1
9
10
1
9
10
1
9
10
155
9
163
1
8
9
1
8
9
1
8
9
1
8
9
1
8
9
1
8
9
1
8
9
123
8
142
1
19
20
1
19
20
1
19
20
1
19
20
1
19
20
1
19
20
1
19
1
20
1
19
20
1
19
20
1
19
20
1
19
20
1
19
20
1
19
1
19
20
1
19
20
2100
19
20
1
2080
19
1
18
19
1
1
18
19
1
18
19
1
18
19
1
18
19
1
18
19
2954
18
19
1
2973
14
1
13
14
1
13
14
1
13
14
1
13
14
1
13
14
1
13
14
1
13
14
1
13
14
1
13
14
1
13
14
1
13
14
1
13
189
13
14
1
175
6
1
5
6
1
4
5
10
1
4
5
3184
4
1
3189
7
1
7
6
7
6
7
1
6
7
1
4318
1
8
9
1
8
9
1
8
9
1
8
1
9
1
8
934
9
2
925
14
2
2
11
12
2
10
11
2
582
8
9
1
573
3
1
2450
2
3
1
2453
5
1
4
1
5
1
4
5
2758
4
2768
1
10
12
1
11
12
1
11
12
1
11
12
1
11
12
1
11
12
1
11
12
2655
11
12
1
2667
9
1
8
9
1
8
9
1
8
9
1
8
9
1
8
9
1
8
9
1
8
9
154
8
9
1
145
8
1
7
1
7
8
1
7
8
1
7
8
1
7
8
1
7
8
134
7
157
1
23
24
1
23
24
1
23
24
1
23
24
1
23
24
1
23
24
1
23
24
1
23
24
1
23
24
1
23
24
1
23
24
1
23
24
1
23
24
1
23
24
1
23
24
1
23
1
23
24
2099
23
24
1
2075
9
1
8
9
1
8
9
1
8
9
1
8
9
1
8
9
1
8
1
9
2959
8
9
1
2968
14
1
1
13
14
1
13
14
13
14
1
13
14
1
13
14
1
13
14
1
1
13
14
1
13
14
1
13
14
1
13
14
181
13
186
1
5
6
5
6
1
5
6
7
3182
6
7
1
3189
1
1
1
1
4320
9
1
1
9
1
1
8
9
1
8
1
9
1
8
939
9
1
930
6
1
1
5
6
1
5
1
6
576
5
579
1
3
4
1
3
4
2448
3
4
1
2452
2453
1
2452
2453
1
2452
2775
2764
2774
2775
2
11
12
10
11
1
10
11
1
10
11
1
10
11
1
10
11
1
10
11
1
10
11
2658
10
2649
1
9
10
1
9
10
1
9
10
1
9
10
1
9
10
1
9
10
9
10
1
9
10
153
9
10
1
143
7
1
6
7
1
6
7
1
6
7
1
6
1
6
7
150
6
169
1
19
20
1
19
20
1
19
20
1
19
20
1
19
20
1
19
20
1
19
20
1
19
20
1
19
20
1
19
20
1
20
1
19
20
1
19
20
1
19
20
1
19
20
19
20
1
19
20
1
19
20
2084
19
20
1
2064
9
1
8
9
1
8
1
8
9
1
8
9
1
8
9
1
8
9
1
8
9
2954
8
9
1
2963
13
1
12
1
13
1
12
13
1
12
1
13
1
12
13
1
12
13
1
12
13
1
12
13
1
12
13
1
173
12
180
1
7
8
1
1
7
1
6
1
1201
6
1
5
1
5
1
1
56
1
4380
1
1
1
4376
1
1
6
1
5
1
5
6
1
5
936
6
1
930
5
1
5
1
4
5
1
4
5
574
4
5
1
569
6
5
1
5
6
1
5
6
1
5
323
5
2448
1
2771
2770
1
2771
13
1
12
13
1
12
13
1
12
13
1
12
13
1
12
13
1
12
13
1
12
13
2659
12
2648
1
11
12
1
11
12
1
11
12
1
11
12
1
11
12
1
11
12
1
11
12
1
11
12
1
11
13
150
12
14
1
136
7
1
6
7
1
6
7
1
6
3474
1
3473
6
163
5
3473
1
3310
25
1
25
1
24
25
1
24
25
1
24
25
1
24
25
1
24
2863
1
2862
2863
1
2862
2863
1
2862
2863
1
2862
24
1
23
25
1
24
1
25
27
1
26
28
1
27
29
1
28
30
1
29
31
1
2073
2388
2389
1
316
317
1
316
8
1
7
8
1
8
1
7
8
1
7
8
7
8
1
7
8
2950
7
8
1
2958
14
1
13
14
1
13
14
1
13
14
1
13
14
1
13
14
1
13
14
13
15
1
14
16
1
15
17
1
168
17
173
1
5
1
1198
1197
1198
1195
2
3
1191
1
4382
1
1
1
4383
5
4378
1
6
1
5
1
5
6
1
5
935
5
6
929
1
4
5
1
4
5
1
5
575
4
580
1
5
1
6
1
5
6
1
5
6
2453
5
6
1
2459
2460
2784
2459
2792
1
8
1
8
9
1
8
9
1
8
9
1
8
9
8
9
1
8
9
2660
8
9
1
2669
20
1
19
20
1
19
20
1
19
20
19
20
1
19
20
1
19
20
1
19
20
2
19
20
2
18
19
143
17
18
1
125
124
1
125
14
3468
13
3470
3467
2
3
3468
3470
3471
3285
3
3254
1
31
32
1
31
32
1
31
32
1
31
1
32
2839
31
2843
1
4
5
1
4
5
1
4
5
2838
4
5
2
2843
2844
2
2842
27
2
25
27
2
25
26
2
24
25
2
23
2366
2
2364
2365
2359
2363
2364
1
5
6
1
7
308
6
8
1
316
318
1
317
7
1
6
1
6
7
1
6
7
1
6
7
1
7
2944
6
7
1
2951
25
1
1
24
25
1
24
25
1
1
24
25
2
24
25
2
2
22
23
2
21
156
20
1354
1
1198
1193
1199
1
6
7
1194
5
4348
1195
1
1
1
4384
1
1
9
11
1
11
287
1
286
938
1
5
1
4
5
1
4
576
4
5
1
571
7
1
1
6
7
1
6
7
6
1
6
7
333
6
342
1
9
10
1
9
10
1
9
10
1
9
10
1
9
10
1
9
10
1
9
10
1
9
10
2649
9
2633
1
16
17
1
16
17
1
17
1
16
17
1
16
17
1
16
17
1
16
17
1
16
17
1
16
3602
1
3601
16
1
15
16
139
15
16
3457
123
3461
1
4
6
1
5
7
3257
6
9
1
3266
3268
1
3267
3269
1
3268
3270
1
3269
9
1
8
9
2812
8
2827
1
15
1
17
1
16
17
1
16
17
1
16
17
2815
16
17
2
2832
2833
1
2831
5
1
2343
2369
2370
1
27
28
1
27
28
1
27
28
2
27
28
2
26
2
26
310
24
25
1
335
7
1
6
7
1
6
7
1
6
7
1
6
7
1
2926
6
7
1
2933
10
1
1
9
10
1
9
10
1
1
9
10
1
9
1
10
9
1601
1334
1601
1
267
268
1
1
267
4353
1
9
71
2
4459
2
2
4444
276
278
1
2
652
3
649
1
648
1
649
1
578
2
584
1
6
1
6
7
1
6
7
1
6
1
7
336
6
7
1
329
9
1
1
8
9
1
8
9
1
8
9
8
1
8
9
1
8
9
2642
8
2623
1
19
21
1
20
22
1
21
22
1
21
22
1
21
22
1
21
22
1
21
22
1
21
3610
3586
3609
3610
3585
24
25
1
3610
20
1
19
20
3584
19
3609
2
25
26
2
24
25
3
23
24
2
21
22
2
20
21
2
19
20
3260
18
19
1
3279
3280
2819
3279
3280
2
461
15
1
13
14
1
13
14
1
1
13
14
1
13
14
1
13
14
2826
13
14
2366
2840
2383
1
17
18
1
1
17
18
1
17
18
1
17
18
1
17
18
1
17
18
1
17
328
17
18
1
346
347
346
6
1
5
6
1
5
6
1
5
6
1
2923
6
1
2929
25
1
1
24
1624
1
1623
1
1
1623
1624
1
1592
1624
32
1
3
4
1
4620
255
1
4365
1
4364
1
1
1
1
4723
4731
1
10
1
1
9
10
1
652
9
102
1
582
754
753
1
1335
1
1334
1
1335
5
1
4
1
5
1
4
1337
338
1338
1
1
1675
1674
1
1675
6
1
5
1
403
1
402
403
1
402
403
2631
402
403
2
3034
3035
2
1
18
19
1
18
19
1
18
19
1
18
19
1
18
3603
3589
3602
3603
1
14
15
1
14
15
3590
14
15
1
3605
3606
3590
3605
3606
1
16
17
1
16
17
1
16
17
1
16
17
1
16
17
1
16
17
1
16
17
1
16
18
1
17
19
446
18
438
1
8
9
1
8
10
1
9
11
1
10
12
1
11
1
14
1
13
14
457
13
445
1
12
14
1
13
15
1
14
16
1
1
16
1
17
19
1
18
19
1
18
19
1
18
1
19
340
18
19
359
6
1
1
6
1
5
6
1
5
2904
6
1
2910
1608
1600
1
8
9
1
8
1
9
1
8
9
1
8
9
1
258
4543
1
4284
73
1
1
4715
1
1
1
99
1
98
1
99
111
1
13
14
1
14
1
13
14
1
1340
13
14
1
1326
1
1341
1326
1325
1
16
1
1
16
17
1681
16
17
398
1664
1
9
10
1
9
10
1
9
10
1
9
10
1
9
3013
9
10
1
3023
3024
1
3023
3024
1
3023
3024
1
3023
3024
3585
3023
3607
1
22
23
1
22
23
1
22
1
23
1
22
23
1
23
1
22
23
1
1
22
23
1
22
1
23
1
22
23
1
2
22
23
2
456
20
443
1
13
14
2
13
14
2
12
13
2
11
12
2
10
11
2
9
10
8
9
458
8
440
2
18
2
18
2
16
17
2
15
16
2
14
15
2
13
14
1
1
12
13
1
12
13
1
12
13
1
353
13
1
366
367
1
366
9
1
1
8
9
1
8
1302
1285
1
17
18
1
1
18
1
17
1
18
1
17
1
18
4579
17
1
12
1
1
1
1
10
1
1
1
1
1
1
1
1
24
1
1
23
24
1
23
24
1
1
24
1
23
1
1
23
24
1
23
1
1
23
24
1
23
24
23
24
1
2047
11
1
10
11
1
10
11
1
10
1
10
11
1
10
11
1
10
11
1
10
11
1
10
11
1
10
11
584
11
1
573
16
1
1
15
16
1
15
16
1
15
16
1
15
16
1
15
16
1
15
16
1
15
16
1
15
16
1
15
16
1
15
16
1
15
16
1
15
16
1
15
16
463
15
455
1
8
9
1
9
1
8
1
9
1
8
9
1
8
9
1
8
9
448
8
9
1
457
458
1
457
458
1
1
12
1
12
1
11
12
1
11
12
1
11
1
1
11
12
1
11
12
1
11
1
357
14
1
371
373
1
1293
1282
1
11
12
1
1
12
11
1
12
11
1
11
1
4585
1
1
1
1
1
4628
1
1
1
24
1
1
24
1
23
1
24
1
23
1
1
23
24
1
23
1
1
23
24
1
23
24
2058
23
2070
1
12
13
1
12
1
13
1
12
13
1
12
13
1
12
13
1
12
13
1
12
1
13
12
13
589
12
13
1
576
20
1
19
20
1
19
20
1
19
20
1
19
20
1
19
20
1
19
20
1
19
20
1
19
20
1
19
20
1
19
20
1
19
20
1
19
20
1
19
20
470
19
20
1
490
14
1
13
14
1
13
14
1
13
14
13
14
1
14
1
13
1
14
1
1
13
14
445
13
426
1
19
20
19
20
1
1
20
1
19
20
1
19
20
1
19
1
1
20
2
19
20
18
2
1654
16
1635
1
19
1
1
19
20
1
1
20
1
19
1
1
19
1
4589
1
1
1
1
1
8
1
1
2
2
1
1
1
1
13
1
12
1
1
12
13
1
1
13
1
12
13
1
1
13
2047
12
2059
1
12
13
1
1
13
1
12
13
1
12
13
1
12
1
12
1
1
12
13
1
12
13
1
12
988
596
987
988
1
392
15
1
14
15
1
14
1
15
1
1
15
1
1
15
1
1
1
1
1
1
476
1
10
1
11
1
10
11
1
10
11
1
10
11
1
10
11
1
10
11
1
10
11
1
10
11
439
1
1
14
1
13
14
1
13
14
1
1
1
14
1
13
14
1
13
1
1
1
13
14
1651
1
1
11
12
1
1
11
1
1
1
1
1
1
1
1
7
1
1
1
1
1
1
1
1
1
1
1
1
1
1
1
1
2047
1
1
1
1
1
1
1
1
1
976
1
377
1
1
1
1
1
1
1
1
1
1
1
1
1
480
1
1
1
1
1
1
1
1
436
1
1
1
1
1
1
1
1
1
1
1
1653
1
1
1
1
1
1
1
1
1
1
1
1
1
1
