1105
31
1209
1210
1214
448
453
193
1037
1504
247
851
400
2
363
1085
316
82
747
176
455
77
302
406
350
73
142
54
681
81
690
908
60
1206
1207
655
73
72
384
20
1092
677
969
882
676
1138
877
878
879
34
24
855
14
42
672
501
356
338
1066
1332
36
724
397
798
508
719
720
721
398
836
1151
1
141
757
705
471
391
352
357
345
351
923
1074
1080
1117
700
1127
701
692
703
844
616
532
843
648
639
288
221
747
845
841
479
245
386
278
412
285
1147
305
273
374
258
418
354
455
454
262
417
766
511
891
703
580
561
890
802
1461
221
160
728
1454
1453
1457
219
220
462
180
209
394
268
409
377
187
155
1178
1100
2
298
1
46
1325
433
343
1323
155
849
225
205
174
186
176
181
7
283
446
447
522
523
524
285
450
173
145
133
208
207
253
62
740
431
344
1186
1324
1196
777
159
439
762
236
240
219
761
221
102
103
530
656
200
1020
89
201
202
611
609
462
938
550
477
1469
72
227
299
148
99
56
179
298
98
219
218
217
180
868
875
286
880
881
731
282
732
405
292
464
1287
291
1187
438
284
998
295
289
294
293
456
1377
17
1296
404
314
820
174
162
521
448
254
234
832
833
852
203
215
205
210
846
433
130
711
254
417
418
224
33
1157
748
410
266
269
73
74
501
627
171
60
172
173
582
580
286
1440
101
119
70
27
150
69
248
247
246
151
839
315
851
311
435
1258
319
320
1158
409
313
318
1348
59
61
168
651
872
419
203
192
69
136
59
31
618
76
291
438
437
125
262
339
26
598
1250
570
502
501
500
666
499
498
1163
67
187
42
777
998
293
329
66
195
10
185
157
744
50
312
311
1
465
152
724
1376
696
376
375
374
792
373
372
1289
74
46
183
636
857
434
188
207
54
151
44
16
512
603
91
306
453
452
140
324
11
583
1235
555
517
516
515
651
514
513
1148
42
78
151
668
889
402
220
175
86
119
76
48
635
59
421
420
108
356
615
294
1267
587
484
483
683
479
482
481
1180
1378
146
426
884
842
858
730
741
152
8
337
472
818
64
726
380
983
400
23
746
734
740
79
32
733
5
6
3
276
278
1461
1026
1036
29
940
37
295
536
424
832
782
1158
800
745
296
552
620
1155
461
817
210
197
767
903
111
110
71
70
69
68
49
833
868
681
682
683
289
288
560
287
291
1370
180
244
1349
71
1350
458
368
433
874
200
180
149
161
151
156
119
364
877
1024
1313
618
50
765
37
38
336
308
309
254
471
472
547
548
549
310
44
412
475
1094
89
899
1343
120
108
278
40
327
171
456
427
369
614
270
1207
558
367
1070
984
1221
184
1054
253
94
802
3
652
464
211
215
246
1226
127
128
555
681
225
1045
114
226
227
636
135
1101
634
340
487
103
1428
575
502
105
173
374
52
207
1421
1494
47
202
500
274
121
173
124
81
529
204
273
123
194
193
192
205
819
893
900
261
905
906
257
595
225
18
267
430
489
169
1312
974
266
1212
463
612
259
1023
210
264
269
268
481
978
253
205
640
1402
637
459
509
178
242
243
244
252
288
598
637
456
856
508
636
171
262
273
938
235
47
782
1175
3
335
811
441
386
817
868
334
898
232
41
756
121
1252
78
2
15
598
269
60
78
1204
246
548
483
1192
794
536
1220
378
1228
244
85
793
815
1257
1217
234
363
1006
569
365
423
1250
926
1251
951
340
158
562
247
831
1282
265
263
480
1536
215
1337
1032
83
1361
261
260
936
296
414
259
501
258
257
256
830
1
326
281
365
445
256
232
106
105
461
374
32
33
107
831
411
749
422
377
396
1160
406
418
412
419
369
332
626
1052
796
347
760
689
905
892
1005
1090
424
277
810
972
373
1
2
3
4
5
1001
402
50
172
351
622
767
877
14
21
1
782
772
760
766
479
89
809
202
217
846
385
359
84
203
322
805
96
1228
68
873
123
178
489
88
419
420
534
1214
105
1469
917
919
778
145
258
37
1220
1229
1315
1317
1268
366
186
103
1376
754
957
463
838
831
954
160
343
293
565
676
677
865
867
869
902
402
166
860
607
1155
266
225
1108
483
230
153
152
1389
226
253
252
355
187
356
251
250
1360
1361
386
861
1362
1364
407
1197
509
488
573
1018
1091
570
706
729
816
595
1002
56
1049
929
50
64
1085
296
1072
1065
38
142
359
311
261
678
670
259
596
260
510
489
574
1019
1092
571
707
730
817
596
1003
57
1050
930
51
65
1086
297
1073
1066
39
141
360
312
260
679
671
258
597
259
680
511
490
575
1020
1093
572
708
731
818
597
1004
58
1051
931
440
52
66
1087
298
1074
1067
40
1044
140
361
313
259
672
257
598
258
1016
1077
1037
1023
51
173
352
294
15
22
942
623
2
802
783
538
480
90
810
203
218
847
552
487
213
380
386
360
85
125
204
323
1297
1138
97
1229
69
865
874
124
179
490
174
89
420
535
1215
106
463
852
954
1470
1474
918
920
146
259
307
38
1112
367
187
104
1377
1009
755
958
464
839
832
711
202
966
707
207
677
678
903
403
167
285
861
1156
267
226
1109
484
231
152
151
1265
805
171
254
251
356
186
357
250
249
1361
1362
387
862
1363
340
248
247
142
143
134
246
245
1315
1364
1365
408
1198
1020
1081
1041
1027
55
177
356
19
26
946
627
882
931
1094
88
6
787
898
484
764
94
814
207
222
851
217
384
390
364
89
129
81
54
871
903
208
802
327
918
810
101
1233
73
869
878
128
183
494
93
424
539
1219
110
467
856
958
1474
922
924
150
263
311
42
1116
371
191
108
1381
1013
759
962
143
133
964
95
67
468
843
836
206
970
442
408
409
711
681
682
833
907
407
171
289
865
828
1160
829
271
830
230
1113
488
235
1269
1546
1548
809
1362
175
258
247
360
182
361
246
245
1365
1366
391
866
1367
344
244
243
146
147
138
242
241
1319
1368
1369
412
1202
254
315
275
261
711
589
410
747
740
180
139
760
21
282
672
48
559
544
85
376
402
677
637
434
558
439
142
143
144
44
665
467
8
693
103
112
764
638
583
272
673
342
227
453
656
4
415
300
299
539
90
192
708
92
502
156
158
496
616
503
455
650
724
546
396
305
350
213
395
214
90
575
658
615
247
7
196
424
393
618
298
77
70
560
204
324
358
357
55
1003
751
744
85
84
141
145
359
595
99
394
495
536
347
278
531
503
416
415
414
413
412
43
486
1002
591
277
508
1013
406
948
405
1012
1011
599
600
375
100
601
422
1010
1009
620
619
628
1008
1007
553
602
603
354
436
642
643
644
402
38
706
584
405
742
735
185
154
134
58
755
45
26
738
10
581
554
555
715
277
206
398
592
667
53
554
539
451
90
418
371
915
672
632
452
553
440
434
147
472
3
378
688
630
108
117
769
633
578
267
483
668
337
371
222
458
651
420
534
95
197
713
87
507
106
161
191
163
46
611
24
498
450
719
25
715
217
218
390
219
85
570
746
178
653
343
251
113
15
620
252
2
201
694
728
151
429
613
82
101
100
75
555
209
319
353
352
50
1
60
315
301
232
244
665
146
354
590
472
104
399
490
531
352
273
526
508
790
569
48
996
481
586
503
1008
401
298
943
400
1007
1006
604
605
370
105
606
995
417
765
994
1005
1004
615
614
623
1003
1002
558
607
608
349
441
681
277
1052
932
53
67
1088
212
299
1075
1068
41
512
491
1005
126
139
1021
819
598
59
362
576
40
314
278
258
814
673
256
599
257
325
729
46
74
953
939
82
707
16
69
62
965
42
698
697
15
494
515
433
297
274
1
120
1132
1145
15
187
408
947
719
146
644
430
103
1046
874
356
692
728
1264
192
333
1262
407
1263
435
425
41
43
1486
475
878
866
463
13
363
476
478
1282
1018
805
887
554
1082
626
107
1021
1020
726
285
531
116
78
79
501
12
74
393
423
209
675
201
202
283
9
348
977
471
470
469
468
467
466
465
410
1286
1285
1284
1280
1283
1040
80
106
446
888
876
473
353
466
468
1292
815
897
564
1092
636
117
736
275
369
368
367
541
106
511
359
403
413
219
728
685
191
192
273
1
358
481
480
479
478
477
476
475
420
1296
1295
1294
1290
1293
1050
116
456
278
185
644
584
1757
723
613
153
480
363
510
296
348
91
84
5
489
433
113
1017
193
109
939
1756
582
1755
1481
280
187
646
586
1759
725
615
155
482
365
512
298
350
110
93
86
3
195
111
941
1758
584
1757
1483
1403
1146
1116
201
216
867
883
49
784
766
800
781
789
17
771
759
765
753
176
1157
1164
1139
1141
1017
229
40
325
1231
230
892
576
597
163
665
227
719
720
75
48
289
1295
1136
1220
1222
290
577
578
863
817
818
1029
850
1472
869
1094
1128
422
1285
906
837
830
942
921
1270
19
1071
1528
1281
558
401
389
283
263
224
288
331
399
154
153
29
1054
1056
226
225
82
1074
64
153
838
392
854
991
71
227
93
222
198
524
231
232
31
218
86
994
246
949
229
241
973
99
434
521
180
216
790
712
139
210
706
74
38
513
355
405
377
436
229
1
2
53
124
109
317
840
370
924
56
242
475
464
172
312
305
285
282
138
275
92
714
49
77
366
259
1068
849
1251
1252
32
57
89
90
91
78
68
67
365
478
499
417
281
258
65
38
39
40
48
50
965
879
30
16
68
19
24
1427
1435
713
362
210
6
741
723
833
13
12
420
1188
187
757
738
26
728
716
722
453
11
10
277
121
518
377
487
159
246
788
47
52
101
173
193
142
857
395
99
2
359
360
759
1480
708
1248
1249
186
1251
259
256
258
260
928
255
254
114
768
233
337
318
446
673
178
1
176
731
192
438
26
924
329
56
332
416
1071
935
1424
1167
430
202
1195
995
1171
1172
1173
1181
427
1218
1211
184
214
1426
49
20
1425
209
289
1250
423
637
653
6
574
217
210
817
787
425
952
424
1210
799
571
194
1290
249
214
69
275
235
221
280
606
473
140
291
354
575
16
6
48
724
11
13
47
321
760
529
541
279
746
611
438
8
406
45
457
30
401
762
4
336
558
510
427
478
333
72
63
531
5
628
31
326
17
375
240
18
229
50
42
116
146
350
106
37
30
397
142
121
595
360
489
512
401
874
497
225
557
332
650
649
648
233
294
254
240
620
88
625
492
159
310
373
594
3
13
29
743
8
32
28
340
741
23
144
510
522
180
298
727
630
360
457
27
425
64
476
11
420
84
116
743
15
131
355
577
441
491
446
459
352
91
82
512
14
609
50
345
36
394
221
37
248
69
61
135
165
369
344
125
56
49
416
161
140
183
732
341
508
967
493
382
855
516
206
576
969
351
631
630
629
997
1058
1018
1004
852
1389
1256
923
1074
1137
1358
767
749
796
864
754
742
748
1104
741
254
1062
1394
1221
791
1189
828
533
468
1240
1184
21
1119
1341
1205
1210
735
1116
846
252
155
70
1109
800
543
1158
801
833
825
929
1133
889
820
813
1180
925
904
1496
777
1280
558
1340
1115
133
134
135
785
35
166
171
159
165
781
6
218
682
215
216
13
9
10
11
12
14
21
20
35
313
802
690
299
351
302
259
15
8
16
744
68
737
741
740
739
738
736
52
60
735
742
734
53
717
18
593
842
47
338
165
495
224
143
712
302
199
704
174
502
706
707
708
716
8
440
429
518
91
491
41
16
59
643
4
434
491
323
378
430
30
228
456
14
386
758
29
532
679
51
306
493
529
688
644
453
258
540
171
530
401
85
242
77
13
134
629
639
192
178
677
705
26
399
341
486
162
487
198
187
424
606
202
67
61
518
348
1029
521
56
388
57
501
58
175
284
488
531
737
573
432
104
847
597
1025
1024
468
350
1023
263
1022
1021
1020
66
598
847
507
496
169
534
138
383
722
13
434
42
328
18
383
48
173
99
435
129
537
13
648
483
301
9
8
160
121
500
219
717
297
194
709
608
435
523
86
486
36
11
54
1
25
233
451
287
19
391
684
24
442
46
488
30
448
253
166
535
406
80
237
753
144
72
185
21
404
346
481
157
482
193
182
429
611
207
62
513
343
1034
516
506
348
289
526
568
437
592
1030
1029
473
355
1028
268
1027
1026
1025
61
255
316
276
262
586
835
495
484
181
522
150
395
710
25
422
117
54
316
6
362
341
371
60
185
111
423
141
525
1
199
670
698
636
495
313
172
133
488
231
705
309
206
697
699
700
701
709
596
447
511
98
498
48
23
66
11
37
221
463
7
379
672
36
58
500
42
460
265
178
523
394
92
249
765
189
188
92
84
33
526
392
334
493
169
494
205
194
417
93
195
74
99
522
525
355
1022
528
494
277
538
784
580
925
785
425
604
1018
1017
461
343
1016
256
1015
1014
1013
73
592
841
869
501
490
175
528
144
389
716
19
428
111
48
322
377
54
179
105
429
135
531
7
642
489
15
14
166
494
225
711
303
200
703
929
705
706
707
715
441
517
215
280
92
492
42
17
60
5
31
227
457
438
13
385
678
30
52
494
454
259
172
529
400
86
243
759
78
191
27
520
398
340
487
163
488
199
188
423
605
201
88
68
516
519
349
1028
522
500
527
176
283
421
420
419
532
418
417
780
574
491
471
470
431
598
1024
1023
467
349
1022
262
1021
1020
1019
67
474
140
39
405
919
342
357
338
411
608
59
395
137
134
112
68
46
908
123
86
74
124
212
106
161
66
34
135
19
127
179
593
88
178
31
794
804
27
842
870
156
6
591
599
398
625
188
1
769
2
339
510
48
603
288
671
390
45
419
466
97
266
602
394
843
108
241
825
29
74
42
735
91
555
623
402
137
122
876
234
715
646
720
632
103
79
482
632
73
658
134
769
870
526
314
1052
166
359
587
118
503
395
1051
1039
266
60
1234
505
954
1269
208
1159
1100
584
188
289
436
1314
126
176
169
161
830
145
65
4
36
1
8
2
247
746
416
253
432
512
573
541
576
569
575
330
1445
1115
446
1131
1211
1272
1240
1275
1268
1274
1029
1442
1441
750
420
249
436
516
577
545
580
573
579
334
677
347
322
363
443
504
472
507
500
506
261
674
673
405
528
676
519
459
787
502
24
490
949
1004
1005
471
472
1064
262
347
124
476
292
139
78
75
53
9
148
105
967
208
417
120
165
691
177
1136
454
282
337
338
1138
418
1137
364
897
339
1139
340
207
783
566
397
399
400
429
149
574
289
425
408
334
736
995
266
97
122
260
223
286
42
991
1052
332
316
456
83
127
173
88
275
86
702
293
674
290
746
318
182
938
217
135
860
15
1205
51
699
138
263
100
119
257
220
283
45
988
1049
335
313
459
312
56
35
7
80
130
176
85
272
83
671
293
743
185
935
214
132
857
12
1202
54
677
228
349
527
182
235
198
261
67
966
1027
265
357
291
481
285
29
263
264
58
152
198
63
250
61
649
315
721
122
97
207
913
192
110
241
835
10
1180
76
740
945
34
90
184
114
976
138
217
170
142
192
577
129
937
111
144
174
134
102
203
247
525
156
977
224
168
3
1288
209
458
459
273
203
194
328
329
148
66
197
523
54
120
219
319
72
258
103
473
348
54
327
562
117
954
1018
559
563
67
1174
79
95
436
572
1017
387
43
24
442
443
282
452
273
225
755
34
48
243
188
438
333
21
416
349
83
111
604
605
606
607
70
56
637
982
229
522
91
567
445
224
168
234
492
504
505
886
1081
543
790
834
784
1120
759
802
1335
1210
808
1189
1424
979
92
156
1421
1425
795
312
783
767
1298
1434
155
1249
819
838
1304
1305
580
1314
1135
1087
107
828
910
1105
674
1300
820
529
883
1278
1211
779
751
1466
1467
1468
1469
792
806
1499
120
1091
1384
771
1429
1307
638
1030
1096
1354
1366
1367
401
598
334
754
132
101
643
283
24
155
7
746
38
57
120
56
716
5
200
437
55
632
11
574
93
685
28
29
387
433
172
15
174
398
449
325
683
13
320
536
23
721
327
248
426
34
138
443
171
255
198
148
135
16
666
389
332
649
50
455
489
549
555
438
561
297
95
680
361
246
61
192
44
75
93
679
32
163
400
92
669
26
611
56
722
65
66
350
396
135
52
137
412
288
720
50
357
573
14
364
285
463
3
101
406
134
292
161
111
172
53
703
352
369
686
13
418
452
512
518
336
322
222
314
462
4
253
286
719
157
218
178
164
809
782
19
53
105
667
44
104
317
75
6
40
39
7
4
12
1
727
6
76
327
49
349
20
27
85
64
55
648
647
985
42
456
257
494
663
673
662
3
2
173
983
982
981
180
534
738
262
986
530
532
272
486
417
416
364
487
412
743
46
303
336
306
669
207
268
228
214
759
732
55
717
6
367
54
314
293
93
49
25
251
56
10
11
43
54
358
139
414
62
649
49
677
44
126
474
377
99
30
23
135
114
5
598
597
2
8
13
744
406
307
444
463
462
461
460
613
623
612
619
47
48
223
933
932
931
584
688
312
936
415
580
582
8
212
318
182
1107
391
381
361
284
300
1123
321
320
319
316
1006
1060
1016
185
1054
1082
85
306
310
307
33
1013
292
323
254
435
434
346
505
430
349
43
687
792
51
73
699
12
3
2
1
2
688
698
133
736
764
795
794
38
8
7
25
447
36
502
503
432
44
697
285
31
695
26
108
359
81
12
5
117
96
23
616
615
10
659
708
751
762
289
28
462
504
631
29
30
951
950
949
566
706
731
906
294
954
433
562
564
636
372
466
467
468
403
404
139
693
142
41
262
34
8
465
630
18
754
731
204
73
17
594
387
369
351
330
510
49
174
130
12
52
53
54
57
633
643
188
681
709
302
10
471
1065
212
288
363
93
25
683
181
47
405
410
48
80
432
423
616
492
91
395
176
480
485
254
167
99
340
612
100
81
163
22
403
556
136
67
60
427
172
294
151
711
32
520
610
45
93
88
679
690
519
51
542
919
777
587
543
617
788
277
606
811
777
470
392
322
83
44
539
226
138
490
54
87
113
659
76
46
107
742
389
843
72
117
827
2
849
48
47
591
15
23
293
4
560
14
458
291
41
28
35
77
56
646
7
542
424
398
450
719
467
718
717
716
1014
671
590
682
683
982
952
209
692
1148
820
245
638
843
502
360
290
115
12
507
194
106
458
86
119
145
627
108
859
144
78
774
357
875
104
85
122
34
881
80
559
55
261
767
528
46
426
323
475
614
39
510
392
366
418
435
748
1046
703
558
650
651
1014
984
241
660
1180
601
602
603
719
346
537
742
441
442
401
461
391
14
758
113
608
295
207
559
15
18
44
728
7
114
43
23
162
707
735
673
458
774
3
186
21
499
340
67
780
21
22
660
54
46
362
73
666
629
55
527
222
654
110
41
34
146
125
884
715
62
611
493
467
519
536
647
945
602
659
751
752
913
883
140
761
912
1079
336
835
230
858
325
517
345
275
874
3
492
179
91
443
101
160
612
60
61
62
123
159
93
789
342
890
119
70
137
49
896
95
70
246
782
513
61
411
257
599
54
377
351
403
420
763
1061
718
635
636
999
256
1195
574
169
633
601
997
135
275
742
362
243
355
384
518
573
378
483
173
567
639
63
79
692
599
10
720
442
110
113
39
210
53
399
265
353
335
15
140
96
193
46
774
329
632
633
634
13
439
440
444
142
917
346
565
561
560
559
768
234
697
408
324
12
1
167
719
70
517
270
216
132
729
139
442
179
105
918
233
104
117
328
327
213
483
648
484
541
485
916
420
663
692
693
694
702
589
486
588
505
421
422
435
863
912
30
311
455
457
150
225
530
559
468
606
188
157
534
652
339
603
482
695
352
306
221
245
37
91
61
256
493
307
430
381
412
387
389
369
348
67
192
265
148
6
320
28
27
683
233
443
489
228
230
23
173
481
111
43
79
65
423
192
428
821
692
531
696
66
277
98
884
520
450
441
634
366
420
745
90
575
109
576
680
413
194
498
499
585
398
49
280
26
272
406
185
358
342
594
581
227
673
99
748
764
765
766
181
376
571
747
432
40
574
154
85
78
445
190
169
176
316
350
729
349
538
50
242
962
286
22
592
63
759
849
106
110
662
699
708
779
1020
362
714
34
655
535
537
35
180
42
899
842
126
545
659
789
563
794
700
796
595
596
597
354
418
546
24
605
545
639
354
365
631
632
955
510
449
489
503
655
373
372
563
445
559
289
124
288
231
287
352
109
286
318
267
351
350
337
1635
1684
742
461
317
315
622
547
229
242
213
388
166
238
466
321
465
1202
391
584
615
378
408
120
433
370
149
291
740
169
290
77
652
420
708
661
648
551
1017
735
681
711
257
516
614
279
729
96
693
398
312
311
707
349
964
344
1593
80
76
706
495
674
1656
252
322
331
406
1192
27
682
132
262
197
663
196
92
359
608
578
274
606
273
187
374
266
723
492
70
114
305
500
296
210
208
366
54
587
486
414
191
545
99
673
300
24
8
7
6
591
396
771
367
518
360
385
383
403
424
705
580
218
574
766
201
452
744
745
89
539
329
283
544
542
599
568
85
41
25
103
340
732
239
198
618
18
687
694
327
582
603
596
43
234
722
750
709
704
13
1621
666
662
4
1434
1433
73
64
7
63
243
871
410
58
738
601
1026
117
237
235
417
737
952
1678
730
1671
1614
898
227
1633
1631
1431
17
209
21
22
72
24
1250
1632
177
176
175
872
1126
1190
1318
748
167
1317
133
1173
418
1478
407
392
1630
141
140
948
26
947
236
328
523
448
331
61
768
795
215
20
26
9
25
7
359
350
18
322
103
267
13
713
8
90
777
802
834
835
705
30
90
384
402
326
596
341
63
6
13
99
78
121
407
441
440
641
41
28
416
10
271
649
655
11
12
968
967
548
724
276
972
544
546
492
116
596
653
676
482
494
208
326
699
212
482
647
483
665
485
453
504
434
29
670
4
174
464
855
463
533
380
686
628
664
484
576
263
336
737
265
481
674
666
78
42
373
64
427
691
65
715
519
365
744
454
108
193
397
25
717
271
531
357
595
388
580
98
255
651
599
187
588
338
401
694
123
60
577
404
386
388
356
368
347
66
117
519
630
27
731
366
386
611
153
84
77
444
277
168
175
728
200
594
49
461
48
269
105
299
364
470
654
147
534
488
271
635
900
251
50
902
178
275
604
638
353
609
610
626
634
455
31
1057
880
61
846
867
287
542
118
163
698
862
77
327
833
628
813
677
796
83
200
58
358
504
664
228
111
87
394
142
870
869
571
521
345
1131
113
222
221
220
219
218
1130
1001
999
130
131
155
193
633
732
117
60
97
122
75
54
132
353
121
97
1076
892
162
973
714
991
803
652
676
638
791
689
691
1385
795
742
107
50
87
132
65
44
142
363
111
107
704
1086
902
172
983
724
1001
813
662
686
648
801
699
701
1395
805
89
938
881
918
699
896
176
875
689
468
942
724
127
255
71
659
152
107
170
18
174
169
145
24
183
536
30
132
130
564
1055
26
780
69
12
49
170
27
693
6
180
401
73
145
742
1124
940
210
1021
762
1039
851
695
700
724
893
686
333
839
737
739
1433
186
843
808
41
16
21
198
1
721
22
1072
208
429
45
173
770
1152
968
238
1049
790
1067
879
723
728
752
921
714
361
867
765
767
1461
158
1399
871
1300
621
470
753
18
94
698
516
304
190
713
461
518
640
463
482
7
420
737
284
358
88
759
479
56
20
227
42
554
43
254
1064
75
401
552
372
657
390
141
210
374
143
562
26
257
739
383
335
617
590
206
650
448
222
232
14
38
131
422
167
299
526
146
440
706
27
3
40
736
69
747
685
47
512
49
514
1070
639
866
46
934
865
522
682
540
867
862
572
574
278
1058
331
132
106
217
848
36
871
312
167
530
332
262
136
802
887
62
909
83
166
107
233
795
57
500
74
398
497
430
466
484
479
1013
78
67
364
114
338
329
390
776
407
622
623
1012
269
1208
535
1
969
536
873
870
534
942
597
596
595
594
593
592
172
146
239
626
619
288
1185
60
1502
34
643
770
271
185
24
259
634
158
691
704
315
302
284
45
38
161
633
450
352
520
338
269
281
71
150
129
114
25
26
77
58
498
392
421
500
84
21
329
308
225
1353
797
939
38
37
36
28
141
101
180
73
1111
850
250
773
82
199
768
1180
1171
820
1240
839
757
1197
1206
1002
1292
1294
758
1245
915
1016
1201
531
986
80
911
390
928
922
906
1392
1268
793
418
836
432
501
489
1439
640
639
248
744
9
287
622
439
79
68
354
123
192
125
186
188
632
430
240
140
497
22
564
501
1
1781
1026
986
972
517
39
31
709
114
270
271
818
834
518
1146
814
768
769
801
1223
730
731
965
820
1192
931
933
907
857
788
781
893
872
1449
795
509
852
890
433
180
1245
615
291
251
237
450
663
218
92
655
751
724
725
726
734
26
754
753
465
217
411
436
349
79
251
428
33
429
34
66
488
485
77
648
201
17
5
4
230
687
85
656
457
196
197
198
641
172
160
122
53
46
158
137
670
714
618
667
710
60
623
645
226
117
155
302
555
590
862
665
120
179
350
364
975
945
91
250
138
111
112
113
121
186
587
141
140
1234
247
187
2
773
780
160
865
66
67
68
69
70
71
72
703
616
192
1
1367
1369
1372
323
222
923
1003
100
1
1154
1245
228
1116
79
74
94
707
709
711
714
601
163
147
120
125
906
820
685
1095
1096
230
1209
1210
1211
1212
1213
1214
1215
1216
252
253
254
1182
1030
446
130
327
844
853
939
941
566
892
1
137
1
215
1209
127
157
406
390
848
454
515
1110
1071
53
410
478
1
1342
994
1055
1015
1001
264
46
21
11
12
890
1286
802
803
804
807
40
39
38
30
143
55
1178
28
1275
1116
1038
47
102
265
1452
136
1434
1390
98
1502
902
263
204
1271
1336
715
1535
1016
1017
1099
1112
1176
339
364
396
397
125
44
15
43
822
1115
887
284
467
416
274
348
329
459
485
237
282
298
481
402
260
334
315
473
499
223
268
256
1033
789
659
1098
169
1051
283
315
329
328
296
1209
896
277
240
309
316
204
225
1207
456
1135
1300
1208
286
779
1003
759
868
629
1068
914
139
1021
253
539
285
10
299
298
266
1179
866
247
931
678
210
279
286
174
195
1177
426
1105
1270
1178
173
157
170
722
34
86
37
6
770
298
289
211
288
137
117
230
48
218
248
44
76
400
557
47
22
967
678
50
49
565
378
303
1407
279
818
1225
921
1047
446
591
388
391
390
595
594
592
627
626
641
293
196
110
307
255
304
347
598
590
1372
109
680
880
458
84
459
226
21
29
231
31
450
876
850
156
105
756
528
230
89
83
188
349
251
255
3
987
404
888
1448
242
247
1092
222
335
194
254
811
489
184
813
200
816
657
236
82
235
83
234
1062
233
1063
232
1245
165
231
230
681
710
1214
231
6
905
274
193
233
4
734
691
698
259
22
1357
225
1364
771
758
782
61
42
344
198
742
117
270
929
433
116
645
714
144
1036
798
1218
1219
1220
750
1245
232
5
906
273
194
234
5
735
699
260
21
1358
226
1365
772
759
783
62
43
345
199
743
116
269
930
434
115
646
715
143
1037
799
1219
1220
1221
751
1246
233
4
907
272
195
235
6
736
700
261
20
1359
227
1366
773
760
784
63
307
44
275
346
200
744
115
268
931
435
114
647
716
142
1038
800
1220
1221
1222
752
1247
241
4
915
264
203
243
14
744
269
12
1367
235
1374
781
768
792
71
315
52
354
208
752
104
460
107
260
939
443
106
655
724
134
1046
808
1228
1229
1230
876
760
1255
409
69
348
349
513
660
410
155
776
1085
122
135
737
911
127
108
61
245
363
203
696
653
930
744
243
379
402
505
182
593
333
109
125
31
271
314
21
437
222
595
448
510
499
374
400
436
288
159
378
691
289
268
512
473
586
616
671
37
368
535
422
537
271
60
342
92
934
933
407
932
931
392
500
43
453
722
179
637
280
536
259
246
336
362
522
93
209
91
141
140
227
150
253
170
723
44
608
92
553
744
745
70
509
719
762
724
100
2
937
185
276
536
36
123
45
269
233
232
231
230
295
602
362
438
74
683
883
81
462
223
24
32
234
34
453
879
853
159
108
759
750
531
1227
92
80
191
352
248
252
6
407
891
1451
239
1095
250
225
338
191
251
814
492
181
197
816
819
233
85
660
232
86
231
1065
230
1066
229
1248
168
228
227
684
713
1217
682
882
460
82
461
224
23
31
233
33
452
878
852
158
107
758
749
530
1226
547
91
81
190
351
249
253
5
989
406
890
1450
240
1094
249
224
337
192
252
813
491
182
198
815
818
234
84
659
233
85
232
1064
1065
231
230
1247
167
229
228
683
712
1216
700
687
695
22
866
127
394
626
150
656
900
125
1305
774
202
639
1121
102
135
253
1
237
4
240
431
53
77
430
200
320
45
126
135
150
801
817
46
723
296
1201
196
364
176
528
473
246
218
134
685
848
851
853
854
97
793
105
888
128
891
896
104
103
102
101
912
100
99
901
398
143
142
409
175
80
387
427
1
557
347
346
131
482
203
510
712
511
860
122
377
378
273
248
236
517
57
2
50
237
238
111
345
133
93
411
412
103
1
2
68
172
173
57
799
85
822
64
87
185
242
540
211
868
315
142
381
94
347
269
613
152
132
131
187
100
838
1
277
495
867
97
96
61
162
431
365
106
323
327
203
734
377
217
597
409
286
267
596
508
186
18
588
73
107
375
396
192
193
666
682
88
242
187
135
300
160
337
109
223
131
890
1269
36
355
354
32
360
381
207
208
651
667
103
227
172
120
175
322
124
238
116
875
1254
402
51
17
308
309
310
311
312
657
684
26
2
1129
100
295
489
5
201
135
488
101
348
486
859
875
104
781
105
805
614
139
435
380
328
354
296
269
274
223
243
16
144
152
151
150
149
148
147
84
30
1319
136
249
1259
34
138
422
118
586
531
131
188
160
379
192
833
743
906
909
381
911
912
39
851
679
47
939
82
21
946
70
949
954
46
45
44
43
970
42
41
959
1543
1065
1385
208
168
154
803
754
245
447
656
489
636
616
792
819
826
772
690
582
621
644
858
224
617
147
650
120
534
387
328
430
537
230
58
136
18
177
26
27
28
29
20
21
22
23
24
702
1098
189
188
187
186
185
76
1097
968
80
883
882
82
881
634
880
95
92
93
684
96
846
192
152
138
819
770
261
463
672
505
652
632
808
835
842
788
706
598
637
660
874
208
633
131
647
403
344
521
246
120
34
193
10
11
12
13
4
5
6
7
8
718
1114
205
204
203
202
201
60
1113
984
64
899
898
66
897
650
896
79
112
141
199
639
638
300
302
979
469
1057
222
460
633
331
225
73
266
1041
904
430
552
551
321
353
134
389
382
1066
1144
309
373
8
387
9
720
184
249
390
394
510
555
554
553
455
329
445
490
489
488
70
475
228
405
282
374
285
284
283
1100
12
727
69
310
205
671
146
37
775
820
324
110
352
353
858
728
183
389
629
127
123
346
720
483
247
250
7
31
128
171
290
203
527
528
121
513
122
354
421
90
322
561
24
490
604
450
79
545
546
383
134
164
136
19
442
151
370
701
640
855
33
729
740
691
284
646
156
515
535
211
781
214
448
271
337
350
537
319
486
320
579
1092
71
407
103
9
323
296
598
142
387
547
167
355
478
497
168
143
256
734
578
577
837
1093
405
406
505
332
749
172
786
701
98
460
748
587
500
506
347
722
667
504
566
782
685
311
683
780
633
10
9
631
604
435
144
218
1
167
671
367
350
79
535
290
130
510
322
199
180
421
38
1057
400
506
291
33
34
35
127
458
100
160
785
559
784
560
783
54
766
1
410
340
77
301
938
398
328
754
762
344
596
677
199
863
678
751
812
772
758
17
371
461
248
532
142
182
1021
252
223
676
310
453
426
272
2
917
482
987
973
228
917
40
163
330
144
142
141
586
862
1197
181
186
1263
1088
221
32
981
1110
1423
1062
188
699
782
1223
762
763
240
202
201
122
1298
195
578
208
29
1503
159
337
27
1
707
456
28
234
102
455
453
263
236
241
190
210
17
1178
1187
1273
1275
1226
1
171
389
151
553
498
164
221
193
159
800
710
873
876
878
879
72
818
80
906
913
103
916
921
79
78
77
76
937
75
74
926
1025
902
1116
764
245
402
234
416
485
473
104
763
1175
923
57
208
1207
1216
742
741
939
1165
540
757
793
1403
219
197
184
918
211
325
107
306
307
308
309
310
12
9
150
11
1055
10
1
2
3
4
5
6
1254
695
8
587
532
480
682
72
694
7
586
531
479
681
71
693
6
585
530
478
680
70
692
5
584
529
477
679
69
691
4
583
528
476
678
68
690
3
582
527
475
677
67
966
692
691
31
697
744
671
104
590
47
586
210
413
215
588
591
472
73
633
163
564
560
236
439
241
562
565
2
1
3
1490
1488
1
1047
418
7
226
1139
764
105
1150
849
55
28
1322
768
82
700
722
723
755
61
937
774
417
1344
742
735
847
826
1176
731
976
942
157
959
961
979
498
587
500
518
491
496
445
465
1637
8
358
471
250
472
332
773
757
374
1
2
413
117
122
837
224
676
92
759
29
810
42
571
753
423
286
724
28
4
287
642
226
1005
341
265
187
143
141
167
239
255
1
74
73
72
70
1081
1029
1250
828
34
217
733
1059
212
737
123
1001
167
51
272
996
975
292
363
294
1134
240
439
481
140
357
1263
100
69
68
1255
1256
1257
1258
1259
1260
707
825
44
452
133
745
560
878
143
451
1
825
224
196
446
21
135
1
2
34
498
301
731
688
451
450
449
448
447
137
512
312
299
42
35
158
636
453
355
523
341
272
284
68
147
126
111
22
23
74
55
495
750
653
66
389
503
18
572
691
326
305
222
656
15
16
640
190
466
39
677
155
868
432
289
650
443
410
641
630
149
156
5
182
153
79
2
847
1
100
1
729
478
319
386
55
14
395
41
249
322
142
141
459
111
645
612
191
2
127
17
25
99
101
207
120
34
133
413
309
355
15
290
473
472
471
470
469
730
477
318
385
54
13
394
16
40
143
142
460
110
646
613
190
1
126
24
262
98
100
206
119
33
132
414
356
16
289
470
762
445
286
353
22
19
16
8
175
174
492
78
678
645
158
31
94
66
68
174
87
1
100
446
342
388
48
690
257
502
690
692
259
1
6
2
311
189
306
1485
1
1486
1487
1489
1488
31
120
23
873
475
109
4
217
966
975
1061
1063
1014
5
135
93
1
85
297
298
300
18
877
1
1
574
591
877
880
573
346
407
80
11
31
62
50
55
12
13
2
332
384
335
292
1376
48
49
59
70
79
114
430
120
756
973
45
153
46
47
4
3
60
237
726
5
184
360
296
401
170
194
258
351
1112
1111
88
345
51
1101
228
717
4
193
351
287
161
185
249
342
260
1103
1102
79
354
28
555
584
544
535
99
1293
743
742
827
378
361
520
988
11
27
252
402
570
388
319
331
21
19
41
119
9
606
678
670
637
29
403
175
446
91
40
673
1071
990
340
383
237
379
514
213
19
1060
548
520
531
385
464
1095
446
459
1057
577
1058
895
770
184
328
356
412
430
810
181
182
194
715
776
736
722
514
524
525
528
686
1028
1029
447
1018
1020
7
6
1318
10
2
229
208
9
8
1
1128
99
294
488
4
202
134
487
100
347
485
295
268
273
222
242
15
145
83
31
104
804
613
140
434
379
327
1258
33
139
421
119
585
530
132
189
161
378
191
832
742
905
908
380
910
911
40
850
678
48
934
938
83
22
945
71
948
953
47
46
45
44
969
43
958
1542
1064
1384
8
7
772
11
209
10
9
586
297
502
169
305
628
18
134
540
446
9
80
17
1130
833
515
149
36
257
35
175
318
733
629
846
544
306
562
343
382
850
190
56
3
346
115
1
2
509
1118
935
936
1151
1152
1156
878
564
775
851
1155
178
246
29
256
753
350
345
249
247
293
976
183
86
17
183
184
137
33
188
225
465
190
274
340
37
534
131
879
757
175
154
166
167
36
305
10
380
611
569
279
402
403
275
82
186
166
94
931
923
415
251
252
595
594
218
253
113
154
195
44
119
210
256
5
4
3
67
592
165
1
48
855
598
241
496
183
165
141
199
537
198
538
191
483
330
363
364
861
1268
1122
593
84
266
83
777
594
512
78
105
52
970
1250
785
305
102
152
153
154
155
56
5
1419
310
324
141
84
978
278
290
312
311
67
379
135
194
321
190
593
280
224
82
4
225
372
85
250
29
50
992
394
600
672
351
612
614
332
101
102
103
485
431
71
374
341
340
214
580
133
461
115
117
139
104
73
237
645
555
658
788
246
761
323
678
508
509
657
544
496
136
131
252
551
484
659
293
92
96
697
710
604
361
480
148
665
670
511
2
668
539
527
560
297
666
669
544
667
1189
193
383
711
200
160
811
14
116
114
122
194
856
125
132
107
109
40
252
253
277
278
636
291
610
269
191
255
1181
515
1
2
519
301
458
459
460
384
383
456
457
622
16
2
1
473
466
603
362
739
301
135
176
428
579
435
354
454
507
533
401
82
472
477
623
542
563
83
715
564
296
328
529
418
455
325
203
530
531
195
554
649
367
171
106
124
702
23
339
325
256
268
335
435
434
433
432
431
485
484
577
578
283
160
340
719
853
709
770
730
716
940
514
265
173
1054
1056
165
164
187
194
71
865
682
161
82
103
118
155
266
882
163
160
195
204
290
292
732
211
243
411
661
879
1315
246
155
503
650
1016
197
1083
733
1144
924
699
717
11
157
1012
1011
1010
1009
202
90
780
53
931
187
745
183
114
240
170
156
517
93
332
527
629
864
863
862
861
860
331
29
841
114
992
126
806
244
53
301
231
217
456
32
271
466
690
925
924
923
922
921
270
69
960
801
74
952
166
766
204
93
261
191
177
496
72
311
506
650
885
884
883
882
881
310
83
946
787
60
938
180
752
190
107
247
177
163
860
510
86
325
520
636
871
870
869
868
867
324
91
1083
465
1081
1170
42
48
769
44
901
900
899
898
897
6
51
253
616
50
53
44
547
649
42
97
99
400
409
495
497
448
699
271
145
601
712
600
599
190
365
677
87
311
18
11
123
102
134
660
477
471
527
379
365
296
658
308
554
313
404
135
134
403
244
129
782
783
784
787
740
48
246
264
237
242
191
211
1023
937
989
821
263
107
106
198
105
104
893
916
78
102
775
1031
1420
892
384
901
284
1500
1502
1014
1016
1320
1321
1034
127
309
302
218
77
454
308
310
854
702
1070
1297
269
821
1025
314
1
177
21
945
150
160
139
102
16
639
689
130
480
803
831
3
328
1015
170
1025
114
1017
156
321
297
1277
236
716
240
239
238
237
235
270
269
284
64
269
416
892
553
441
121
214
50
102
53
10
607
1461
332
831
234
858
243
747
241
233
96
481
220
221
731
730
729
262
745
514
265
294
48
163
561
779
58
24
339
242
305
275
767
107
473
507
506
771
243
700
699
94
222
636
715
721
128
210
478
480
612
106
155
156
1130
984
84
341
1120
167
516
613
347
132
133
127
128
129
140
130
141
983
1333
3
232
756
755
219
827
890
570
209
515
564
324
602
775
779
778
771
774
773
772
777
65
422
137
76
760
761
762
765
333
1112
1120
1421
1122
98
147
148
1
1399
132
133
126
721
975
143
1325
81
140
441
1
2
3
374
302
420
246
606
164
163
162
461
512
263
68
706
273
24
22
24
504
538
537
74
72
113
442
118
117
116
778
737
736
57
442
62
906
189
871
1087
517
1086
1085
98
1174
20
109
12
1159
862
486
26
228
6
146
104
147
190
677
289
1149
621
299
828
830
784
749
742
254
366
775
854
833
818
781
1040
158
13
184
126
1141
331
849
465
125
414
1010
1011
1074
1
630
699
705
223
638
891
1
476
393
482
195
655
789
718
934
921
637
1064
91
921
216
108
533
101
1102
604
718
771
1154
693
37
76
43
303
127
197
444
823
1280
1296
783
806
808
826
404
422
395
400
329
496
349
369
447
168
731
1131
59
200
58
142
29
273
257
516
181
1132
1
248
60
429
186
58
713
1113
527
217
77
182
76
160
47
255
498
163
1114
17
230
456
159
31
740
1140
554
190
50
209
49
133
20
282
266
525
190
1141
10
257
451
164
36
735
1135
549
195
55
204
54
138
25
277
261
520
185
1136
5
252
136
1163
655
107
1
173
128
307
79
818
2
1
465
188
22
303
996
488
274
166
6
295
474
88
651
169
168
298
21
145
15
786
1186
144
600
4
255
3
87
26
113
328
312
571
236
1187
502
56
303
5
34
766
1166
164
580
24
235
23
107
6
133
308
551
216
1167
482
36
283
260
571
26
301
103
261
1114
1119
979
312
459
136
442
858
1
175
547
501
158
505
511
548
479
472
584
563
1144
201
1371
1327
73
827
1223
739
740
741
744
1115
1212
1053
16
39
35
1439
200
141
1208
953
954
1036
1049
1113
133
879
880
881
882
883
884
885
886
78
77
76
1015
238
1017
518
1031
79
49
274
62
169
82
1140
1201
129
215
1239
1
2
3
171
939
170
938
169
937
168
201
835
154
159
1236
1061
194
59
954
1396
1035
755
1196
1453
735
736
213
229
228
149
1271
222
551
181
56
132
1316
310
867
9
98
1
1148
851
497
37
239
17
157
666
300
280
575
328
447
222
349
972
44
16
24
783
784
948
785
126
217
1061
181
127
126
235
236
272
1116
542
541
233
75
74
287
288
324
254
273
56
1168
490
489
119
1093
934
1012
1001
135
670
80
25
845
460
66
891
64
65
219
629
1054
551
717
98
217
341
51
716
387
458
465
432
353
374
389
426
1259
1191
228
1069
299
306
273
194
215
230
267
1014
1100
1032
40
296
930
841
964
1
923
1092
1096
1029
434
258
683
956
776
476
32
477
941
121
682
940
401
21
366
373
340
282
334
75
1126
1027
943
221
270
645
841
446
204
512
794
791
55
118
202
962
971
31
169
54
980
1090
1097
1072
1074
950
214
1365
870
168
155
372
735
595
596
422
597
550
35
42
9
70
49
34
3
14
545
361
56
695
136
768
249
228
200
41
339
560
351
770
519
594
415
648
235
541
946
474
538
519
518
517
487
487
718
162
128
4
63
67
278
290
280
86
285
925
390
136
317
1365
1244
1245
1246
1247
1248
1249
1250
1251
287
288
289
1003
301
540
541
542
971
184
1198
73
40
861
75
773
1237
327
106
246
485
93
434
433
432
77
763
756
673
885
824
943
718
891
809
553
812
825
535
862
516
929
609
671
367
525
48
49
106
73
1
2
709
70
69
638
1
586
854
849
828
508
665
684
228
546
841
974
753
50
63
548
817
232
146
487
486
485
484
483
421
422
464
744
133
103
403
616
85
87
6
1
32
111
90
75
38
382
583
579
269
475
423
730
686
275
550
529
747
770
708
830
185
424
832
831
70
80
1151
138
206
647
422
187
38
373
1296
75
199
270
1270
325
767
766
541
812
814
68
81
272
231
1415
760
762
764
806
194
26
1045
100
99
293
977
94
107
144
1190
541
385
1
2
330
1
327
328
339
338
337
336
335
334
333
332
329
331
505
87
158
954
1045
324
71
588
203
202
201
167
103
57
322
1
507
257
117
2
203
858
224
400
264
301
166
883
201
752
753
447
1041
1211
712
1066
103
118
898
452
3
4
29
108
87
72
35
99
763
95
152
240
188
285
284
45
56
54
52
55
711
453
432
22
873
207
206
205
202
195
96
607
698
319
320
829
22
211
258
1013
230
320
703
735
915
28
298
242
7
293
786
784
86
1165
1163
594
1
290
289
288
258
923
225
924
521
520
1157
202
116
272
145
3
358
367
453
455
67
497
406
48
406
147
685
296
303
278
280
83
81
334
380
119
121
76
363
449
145
164
95
485
526
460
101
286
345
355
259
90
156
154
135
98
942
139
660
128
417
257
738
19
47
516
514
1080
1081
594
501
317
383
79
86
53
26
5
10
47
58
12
92
307
814
563
550
371
692
191
585
990
582
475
562
561
443
531
762
596
499
315
385
81
88
55
24
3
12
49
60
10
90
305
816
46
565
548
369
694
189
587
992
520
584
473
564
563
441
533
764
1
112
106
978
116
538
324
974
148
115
1165
113
260
110
427
1166
437
225
111
226
109
108
107
452
26
285
286
1
128
113
334
785
143
624
379
223
222
82
120
221
220
79
66
972
800
38
473
1
109
34
110
530
481
111
1091
706
281
8
132
400
1026
1027
1028
1029
1030
338
873
877
480
506
339
296
439
555
340
84
54
64
59
1347
965
543
1104
780
857
719
126
1
2
890
980
645
729
858
94
19
1
2
3
4
5
6
7
1216
1172
308
202
981
990
1076
1078
319
1029
1068
222
1273
149
148
83
686
1
800
599
64
109
1160
262
261
30
573
114
687
486
49
702
701
700
699
698
697
696
253
621
513
1085
1084
1082
1083
209
547
577
469
573
580
608
1041
1040
1038
1039
1011
414
415
416
417
418
1366
1088
248
255
1162
905
874
199
186
495
82
1486
247
188
1255
707
238
1320
1000
1083
1084
1096
1160
842
224
662
278
529
368
286
52
433
820
851
215
671
287
538
377
295
43
442
829
937
129
757
373
624
463
381
43
528
915
939
127
759
375
626
465
383
45
530
917
161
670
384
710
160
890
176
416
334
4
577
481
868
326
106
105
443
12
111
1084
1164
469
476
504
473
937
936
365
934
935
126
40
874
741
100
107
16
778
595
497
483
414
426
74
5
16
31
68
353
247
645
124
798
498
697
664
139
75
42
11
194
193
59
249
18
81
465
361
407
67
238
525
524
523
522
521
486
224
87
132
217
581
678
4
3
2
1
214
218
216
230
28
642
262
188
380
966
99
303
495
32
592
269
1
110
1
6
60
100
892
891
3
889
1
890
562
304
325
248
386
190
2
1
237
578
100
907
284
999
4
358
1110
129
122
147
145
23
24
53
951
172
61
888
49
318
307
305
1056
1117
353
200
138
649
1207
733
5
402
188
187
65
691
658
145
81
12
87
459
401
61
244
718
515
615
553
554
555
558
332
333
334
337
795
160
1141
1148
1123
1125
806
807
808
811
443
425
1153
1235
1316
231
179
534
199
442
10
710
1215
1094
809
622
687
28
772
608
85
866
734
665
658
770
749
756
312
686
310
162
688
89
90
91
353
411
195
120
131
671
159
115
377
411
410
477
591
2
698
136
190
45
14
717
92
412
405
504
407
506
493
1360
8
7
6
5
4
3
2
1
965
964
963
84
897
904
879
881
610
1208
5
155
804
156
65
588
589
590
593
701
167
698
64
66
1
715
1320
118
1034
1378
245
1169
148
135
71
1027
1252
1253
1
154
136
195
688
679
814
1
233
234
1
2
1
881
9
641
1025
410
563
387
329
587
505
28
27
552
419
144
28
119
595
276
488
532
533
534
535
526
527
528
529
530
554
550
391
390
389
386
639
411
134
788
312
1
2
51
39
49
44
640
424
2
1
49
31
19
29
24
620
404
22
21
18
447
589
373
53
52
30
459
601
385
41
40
357
20
449
591
375
51
50
25
454
596
380
46
45
84
260
781
10
11
12
1
273
99
217
1
127
320
441
442
443
444
1050
826
315
316
317
318
385
386
387
445
924
139
140
143
141
604
361
341
427
122
123
124
453
297
471
476
454
202
529
530
258
237
314
622
194
553
650
368
172
107
176
125
701
22
575
731
340
326
257
269
125
334
577
282
161
339
330
1138
1
1
738
1
148
147
700
1050
3
643
1052
395
1055
344
896
486
461
574
45
15
1049
4
642
1051
394
1054
343
895
699
485
460
573
44
16
1
506
428
75
96
212
917
317
359
115
243
334
309
231
473
418
427
553
97
14
98
99
508
499
324
114
101
457
247
248
323
324
325
987
20
669
1
110
2
3
412
287
1270
320
988
239
820
570
129
569
568
563
102
337
21
819
818
816
526
56
489
82
470
543
201
254
93
433
567
566
565
564
405
1
2
3
4
310
607
519
256
165
704
141
380
1
381
32
430
800
81
560
120
1167
958
960
374
123
339
709
10
651
29
1076
867
869
465
210
223
572
48
895
610
1208
251
277
859
431
1
782
766
1221
264
405
290
872
418
14
795
779
812
859
640
1069
526
525
1210
277
3
684
89
467
208
184
173
171
78
79
118
561
1
241
23
717
1146
603
602
1287
250
248
166
1
2
638
1137
689
1251
1022
515
594
819
465
302
528
544
545
546
466
797
184
191
166
168
303
527
543
544
545
467
798
183
190
165
167
304
526
542
543
544
78
161
124
1001
377
166
835
999
370
1326
676
257
1027
1034
1009
1011
372
461
460
673
672
458
415
449
448
14
21
91
70
55
247
671
478
479
705
268
459
538
539
348
1033
427
459
176
102
171
178
66
87
55
849
666
282
716
502
1034
1
994
15
16
17
970
96
195
286
7
306
305
304
301
1037
113
120
8
29
44
3
581
1
866
984
983
357
606
1
2
318
553
205
595
560
561
511
500
502
123
410
595
630
283
406
1
2
89
5
87
88
545
163
4
162
75
159
77
76
108
59
107
20
104
22
21
721
355
473
369
317
366
409
722
1
180
93
92
91
90
89
87
611
610
608
657
309
607
94
323
271
320
363
614
606
273
413
7
6
5
4
3
592
596
33
1047
274
485
865
869
173
255
308
307
186
631
516
1097
1158
1159
1160
1161
1162
484
620
619
155
1217
414
625
1005
1009
604
78
1376
1377
1378
1379
1380
637
1223
1227
682
669
623
607
1
559
581
693
557
534
13
80
1105
59
75
1453
1703
1704
56
57
58
1104
715
656
1379
1380
1381
1382
1383
640
1226
1230
1295
592
617
618
619
614
680
544
521
67
1092
1441
1691
1442
1443
1444
1445
43
44
45
1091
702
1
2
3
4
5
402
6
7
748
749
750
751
317
369
320
277
331
180
179
174
173
171
163
162
316
368
319
276
330
179
178
173
172
170
162
161
315
367
318
275
329
178
177
172
171
169
161
160
314
366
317
274
328
177
176
171
170
168
160
159
313
365
316
273
327
176
175
170
169
167
159
158
324
84
32
81
124
70
221
222
227
228
230
238
239
312
364
315
272
326
175
174
169
168
166
158
157
311
363
314
271
325
174
173
168
167
165
157
156
567
568
569
570
568
569
570
571
573
574
575
576
574
575
576
577
576
577
578
579
584
585
586
587
585
586
587
588
723
880
167
185
1116
998
126
3
727
159
275
329
884
113
238
325
375
376
377
378
171
212
747
972
562
218
1340
27
181
429
1120
52
1002
281
670
124
59
9
323
1105
58
55
122
1040
548
1207
547
548
341
382
501
594
136
224
100
360
209
299
688
106
77
27
679
1123
40
340
729
65
118
68
1164
1
543
270
277
154
948
765
165
186
201
815
14
281
882
1001
909
286
59
871
890
798
175
338
968
1304
582
1065
710
672
1012
383
751
753
382
1130
156
819
9
112
4
1112
57
962
682
681
916
108
1
2
3
4
5
63
365
62
364
61
363
60
362
59
361
489
482
594
573
558
231
750
757
732
734
168
694
99
966
998
403
1031
1150
1021
260
226
227
639
501
1113
877
287
1080
15
17
578
50
169
40
721
755
754
342
480
132
295
104
294
1087
22
10
585
43
162
33
349
487
125
288
111
269
1125
1062
3
35
560
68
187
58
703
737
736
324
462
150
313
86
271
1064
1
33
562
66
185
56
326
464
148
311
88
54
3
2
1
885
884
661
752
82
873
3
4
546
669
668
667
666
665
664
663
608
582
209
210
211
678
655
1278
734
745
746
747
750
382
364
1092
515
1174
1451
231
1468
1255
514
1279
171
1280
1213
562
189
210
89
326
412
1010
1011
637
1018
47
190
548
559
531
491
1146
1147
268
269
433
270
501
1154
70
167
571
536
508
468
1169
1170
291
292
456
293
478
1177
562
935
937
714
366
991
196
62
1064
11
1066
409
1069
358
910
500
475
588
59
1
474
718
61
721
10
562
337
152
127
240
289
349
716
394
279
295
13
12
967
968
731
1615
732
1
745
288
287
286
283
412
351
246
9
1
209
724
473
239
238
461
207
27
756
1217
175
403
936
477
262
1
2
3
631
260
184
18
688
308
426
630
53
1
445
243
427
47
27
165
314
1
444
309
443
241
429
49
167
312
1
568
1
187
892
409
671
291
812
218
890
1
521
73
236
291
193
390
74
132
999
80
403
78
207
3
191
1
530
20
56
555
387
118
21
119
90
125
470
668
33
129
6
469
468
233
64
397
196
190
531
282
1
547
1291
890
1
95
96
396
948
408
150
726
388
461
352
348
283
826
433
426
538
517
502
524
74
491
240
38
301
261
107
114
2
23
9
785
602
346
652
739
535
534
533
267
438
529
528
586
831
134
875
731
5
807
180
1052
809
808
806
1
742
326
325
640
1299
639
598
71
72
354
73
448
671
145
427
146
521
198
690
199
11
57
29
770
771
935
772
23
37
1146
1155
45
105
17
77
782
783
947
784
722
723
887
724
264
457
465
433
531
256
382
326
156
532
279
82
280
281
431
255
432
433
350
26
23
1
2
38
791
37
36
789
896
914
186
694
1236
1
224
225
226
1755
1756
1752
1757
1
4
1750
1751
1747
1752
35
889
435
972
301
936
942
979
989
302
303
554
565
71
72
73
93
36
398
17
16
991
21
928
716
3
366
1145
1398
1400
886
858
347
112
48
231
230
22
701
363
444
1
104
874
128
375
368
480
459
262
21
162
161
91
632
401
435
35
434
677
322
28
155
154
98
625
34
36
38
41
28
670
84
267
266
14
737
140
782
578
63
47
246
245
7
716
119
5
662
475
476
450
451
162
222
428
668
557
204
736
735
734
733
732
98
422
241
456
275
455
274
95
25
699
769
516
586
342
343
138
955
432
362
19
636
395
566
1071
23
507
577
747
322
1
2
1295
553
572
116
361
521
141
329
452
471
142
24
28
21
64
117
230
1383
708
711
552
551
811
709
710
833
874
893
437
682
842
462
650
773
792
463
438
551
1029
873
872
1132
873
436
681
841
772
791
462
437
550
1028
872
381
413
1
189
312
331
2
90
671
967
593
89
844
825
2
732
714
87
720
347
876
63
18
12
13
14
2
3
1060
545
642
643
583
1202
635
634
1
792
793
794
788
39
40
41
42
752
753
754
751
752
753
750
751
752
749
750
751
11
10
9
3
4
5
166
114
163
206
730
323
732
75
735
576
141
254
275
335
408
265
281
1
2
981
982
678
375
680
23
683
524
89
202
327
387
356
317
333
51
50
929
930
594
727
326
729
72
732
573
138
251
278
338
405
268
284
2
1
978
979
781
639
839
1051
770
283
772
115
775
616
181
294
235
295
448
225
241
41
42
1021
1022
1204
640
669
1173
952
638
1066
479
480
1595
544
562
166
192
312
325
333
869
868
885
1596
1598
884
698
696
699
652
697
102
530
531
532
533
534
1240
1242
398
397
327
244
690
705
622
169
418
183
404
252
335
240
347
1
2
24
1646
1647
1048
1645
1646
1047
829
1624
1025
198
970
199
1
14
37
15
36
35
34
85
905
86
22
3
23
21
20
287
19
308
2
22
307
1
21
195
906
194
503
175
886
174
483
89
7
454
453
248
459
839
843
571
71
70
1196
834
370
58
847
882
881
57
57
848
883
882
56
56
849
884
883
55
28
40
75
824
586
753
587
37
36
529
877
63
62
876
873
865
75
74
864
861
830
110
109
1322
1328
829
826
1326
1327
81
859
858
573
579
80
77
577
578
319
483
486
488
489
621
620
318
152
316
319
321
322
788
787
151
318
482
485
487
488
622
621
317
1
942
2
3
941
941
1
2
940
376
554
564
563
39
375
686
255
685
253
372
412
850
251
1
263
136
102
974
137
103
975
249
350
114
215
161
74
175
201
813
937
743
745
1534
1533
744
79
1
1
582
342
344
1095
343
315
167
856
314
888
317
340
928
333
185
874
332
906
335
322
946
395
543
146
396
178
393
1050
218
1
1040
1041
1042
1043
1044
532
479
482
484
485
721
104
2
720
662
697
825
1
813
180
111
515
12
514
518
516
90
812
41
552
799
836
838
455
593
1014
718
241
723
101
69
7
12
336
564
565
566
567
568
569
570
571
393
392
391
5
4
3
1037
1038
1039
1040
1041
1045
1043
1046
999
1044
787
800
337
589
654
279
653
277
129
655
35
3
2
4
138
24
1
4
3
2
1
6
5
4
1
306
24
25
26
108
712
1
49
1
2
1
193
76
1
2
37
38
39
40
41
42
855
1
2
3
697
20
3
2
184
183
579
6
577
4
575
2
1
1
320
1
695
105
1
2
68
676
69
675
528
3
2
1
2
3
4
5
9
7
10
8
621
1
88
89
393
2
29
1
395
1
3
397
396
398
400
399
400
402
401
401
46
55
403
402
1
2
1
1
700
110
699
109
108
3
234
235
2
110
109
109
108
355
239
590
2
1
485
531
5
1
3
2
154
1
4
5
3
163
8
5
4
6
5
59
1
574
77
1
139
428
430
1
157
158
1
2
1
1
128
1
1
137
138
136
1
1
18
21
22
20
1
23
24
25
1
1
161
407
485
159
1
2
2
4
5
1
509
3
4
1
1
19
203
1
19
17
2
493
496
497
1
1
98
2
1
1
2
1
1
1
1
1
2
1
1
383
384
385
386
226
9
1
1
41
2
372
373
374
375
212
215
439
500
216
617
331
330
334
337
3
7
1
364
2
152
3
2
3
360
2
148
149
150
151
152
4
153
224
1
387
36
1
202
410
10
1
1
1
49
48
1
1
2
36
35
1
1
1
29
341
363
1
4
2
3
1
321
1
1
301
1
2
1
2
7
1379
293
3
1
293
288
2
6
1
187
1
216
220
1
227
1
2
4
5
3
3
4
2
1
1
435
56
57
1
690
1
1
1
3
4
1
1
2
3
4
5
211
210
209
208
207
1
138
789
791
108
109
110
1
119
1
1
1
1
1
175
177
29
30
1
871
33
34
2
1
3
1
156
162
199
209
224
61
226
57
1
1
2
1
1
1
40
41
42
1
1
1
1
12
11
1
2
3
4
5
6
47
46
45
44
43
42
2
3
2
1
1
457
1
2
3
1063
114
1064
113
1065
112
1
1
1
2
4
1
1081
1083
1
1
16
1
1
1
1
1
87
1
1
1
1318
1330
1
5
3
1
73
1
69
2
72
1
1
1
3
1
5
1
1
2
971
1
973
1
23
1
1
2
3
4
52
5
42
51
4
41
50
3
40
49
2
39
1
4
1
2
3
5
1
1
99
1
2
1
1
25
1542
457
1
1522
3
1
1
1
2
1
742
1
1
1
1
2
1
4
1
