187
266
965
186
1
2
265
1152
631
1945
367
1343
25
188
80
1
51
52
1151
521
555
1706
1
1157
267
1845
448
74
50
1
963
962
2
1151
964
1208
1153
1152
1
189
441
1517
165
108
964
1149
1151
166
185
1153
584
380
585
379
630
1
964
963
965
584
251
1840
631
8
1
2
1155
584
3
585
1223
2
1055
1157
1
1057
870
857
571
662
638
1057
1058
381
380
1118
587
632
1
1281
765
260
766
1499
382
252
795
270
381
796
531
1219
1534
1048
967
1
1498
2
381
382
968
965
1
146
835
1105
555
1497
821
1
293
1116
130
1479
292
946
1
587
147
1
380
379
378
586
575
1165
381
251
380
728
195
1674
1108
1645
1
964
330
291
634
1161
764
1142
1925
1869
1069
221
964
1
1222
1221
585
965
1566
609
379
116
1146
356
1223
1918
640
3
1
829
828
867
636
398
1382
767
419
55
56
379
1
965
2
380
381
256
378
1371
477
243
635
2
135
136
964
963
857
1371
430
378
404
1
637
576
223
1491
1110
1489
527
379
992
583
380
477
134
1108
1371
1
2
583
581
584
379
50
51
582
380
581
583
1165
1886
535
1887
373
721
629
963
1019
315
963
964
965
381
202
382
383
602
1165
581
796
1
581
1195
584
583
818
1608
215
1
614
230
1689
1
1688
1104
1690
83
232
1
65
73
1105
1755
1873
584
232
527
399
650
965
1489
384
966
1
967
968
1
3
50
1219
1105
1488
1609
582
504
49
121
966
1
1222
1
584
967
966
965
968
267
967
383
381
1235
1
1485
519
1104
1786
966
381
171
1049
250
753
1267
1137
682
631
54
3
267
648
34
1752
1233
61
268
1234
1235
83
501
1485
502
1
503
682
360
463
876
585
801
1894
1895
216
1042
1269
1819
983
519
291
207
1120
1471
1173
941
502
85
1
232
550
1
294
967
968
380
268
381
966
380
1147
1148
1557
171
1262
674
168
728
1788
904
184
1235
1137
587
1094
55
1296
648
768
218
967
1176
587
966
586
607
296
160
608
209
381
589
1674
1085
1333
379
462
380
1396
302
841
1016
1
966
1237
1244
1176
469
1238
97
1177
1253
278
1252
210
235
1335
1010
1212
7
1578
1180
1177
1689
589
1
590
591
1178
210
579
1176
966
587
1100
1095
1688
5
133
379
1816
457
1
587
1064
968
1043
477
75
1
2
587
3
4
5
4
1
129
637
3
3
593
472
584
582
1
596
139
296
597
387
125
1219
252
233
379
1924
1327
746
597
1655
1122
1178
1058
463
386
581
969
968
967
1
581
1
388
969
968
386
971
381
585
212
1180
1687
211
213
598
1181
1182
1104
969
4
970
206
507
1275
969
679
172
1474
385
1141
583
584
1
1089
598
2
597
405
1182
123
582
1088
5
598
1687
1083
604
1183
1134
599
1054
666
278
667
668
279
67
669
68
1248
46
449
2
598
389
211
1642
1
212
236
385
390
1853
24
579
1180
1131
49
1
2
579
1180
578
580
579
581
849
1182
1312
602
1584
387
1477
1473
1752
1683
966
279
1985
69
1249
669
283
214
1
2
391
1473
1707
211
3
1
380
1521
1706
1098
212
546
6
379
1471
547
267
1082
709
388
158
924
1918
579
1
580
2
3
602
845
1
1181
266
579
160
708
2
1
604
978
1313
1
2
969
968
967
1
968
970
1101
125
1
2
1284
1
2
3
969
1285
315
10
2
1
421
396
971
422
549
1189
1683
217
1190
218
605
219
1191
494
969
1259
2
1078
1463
1
295
388
972
971
977
124
1096
385
6
1640
972
161
4
290
68
119
1929
1261
409
128
385
605
586
384
383
1
2
911
1096
386
1097
242
1191
1314
606
123
970
1094
1
545
1094
166
166
711
1076
1314
606
1461
1462
969
385
221
293
1
492
887
1460
1077
1755
65
1239
1190
395
606
1142
1820
126
689
690
294
384
1
718
2
584
585
2
1639
969
385
719
383
672
723
292
1311
1661
720
582
52
1
634
1038
1039
583
609
584
2
386
385
1192
969
46
630
1330
792
224
1145
1146
50
586
1305
582
970
339
584
583
582
971
581
1
3
98
532
388
389
50
633
975
1
101
1
613
614
615
616
617
1194
1195
612
1730
1186
1309
216
761
614
1
152
1118
734
151
581
389
1
396
1
577
1
970
222
563
1192
1193
1145
1194
616
223
341
1107
393
970
163
578
1269
393
586
691
1
393
2
437
616
392
271
617
713
393
175
1108
44
165
1
570
164
439
726
527
618
810
1330
568
1109
570
485
1678
1795
484
1193
1
703
117
1283
1030
1544
704
1304
971
577
576
484
1599
394
1455
571
253
254
1
884
1455
484
1060
1059
121
971
122
396
973
849
576
1241
1
704
224
621
1196
620
1197
225
1198
84
174
710
575
171
577
134
404
971
972
1282
1454
1067
1460
481
131
1118
1117
6
973
132
841
1277
1059
1454
1453
1058
395
680
394
285
396
395
953
78
228
623
1
624
229
1681
625
1428
441
702
1759
707
80
1828
1
1523
1453
588
399
622
111
445
1242
1
511
624
1522
1360
396
1361
71
965
724
704
398
1055
1
2
3
88
1
266
267
1
627
969
970
307
400
971
1452
228
837
483
570
1197
1277
482
707
40
1146
45
571
440
962
667
1199
130
131
363
1069
1
2
3
400
399
571
663
194
400
92
570
1
194
402
722
723
722
689
194
402
1124
971
329
144
617
1300
1279
711
309
712
310
311
713
1759
1280
568
687
666
567
1234
569
403
1
154
633
1234
144
1141
1
153
402
1046
566
732
479
1612
1133
402
401
1
567
2
635
132
1124
167
1125
1
969
660
402
636
368
565
637
549
438
88
1
1202
968
1315
967
690
1203
968
113
347
1641
656
1179
170
1
633
516
1988
2032
501
602
1283
315
1284
1285
716
1759
1286
1287
1288
830
358
1
4
969
841
613
278
970
128
687
1
1043
572
228
473
815
342
825
1
113
1901
79
637
1680
1681
236
638
2014
34
1485
960
961
350
753
750
1793
221
1947
926
1448
1760
1043
1
1445
402
292
694
570
638
402
1
401
571
1208
162
972
363
237
374
853
640
845
377
403
733
3
570
972
137
1137
972
971
1
570
970
1631
1
402
1
172
359
358
571
971
1138
173
1040
1
2
720
719
571
1038
302
1760
575
1
570
212
263
736
1
1681
1290
1458
456
593
1680
146
358
168
569
469
972
1
568
1038
722
403
736
266
1304
468
1139
615
977
404
569
973
974
975
404
976
403
405
1
568
1
3
572
572
209
1
573
1035
725
571
572
405
573
1760
462
1303
2
1679
1296
457
1155
1151
1
977
978
1141
841
1
1035
2
405
648
573
1034
758
649
568
250
1033
276
250
237
407
757
978
646
1167
81
870
869
1221
332
407
478
571
728
1
406
978
1442
979
1
464
723
729
407
834
1438
1440
461
1760
2
2
244
1440
322
979
978
1299
144
1301
145
1461
1155
1684
461
1032
1438
1223
1391
652
872
171
977
351
406
266
140
833
174
247
246
1146
977
1220
1684
1392
1033
1032
461
1031
257
259
1
750
2
571
259
830
570
258
978
977
976
570
569
2
409
659
1
832
1515
163
407
831
1222
1
572
250
1225
656
249
1685
1
1686
169
1226
568
1224
1
1342
407
659
211
1029
106
252
969
637
977
170
1135
1516
76
1685
1517
1147
1343
656
774
950
1725
1724
10
1726
1437
1029
1028
460
200
543
408
977
199
544
1187
140
1
568
140
1176
428
1
2
3
658
568
569
1
568
231
1
583
391
661
398
1226
1
337
979
978
1227
1
566
544
545
1075
202
248
413
249
540
979
567
438
129
130
1
2
1023
661
3
567
756
662
2
580
579
235
1021
663
333
776
456
688
899
1417
82
581
942
331
564
232
1
799
564
2
1020
416
563
468
469
1019
236
327
980
418
228
646
1166
418
420
830
1360
1
237
236
755
464
410
419
417
456
559
979
558
1229
1435
1685
420
566
1
708
2
288
410
238
671
1229
1
979
456
978
171
250
1685
1423
39
907
908
980
1064
979
829
658
1434
1724
290
1434
1015
1014
455
157
622
420
979
183
243
1
560
1014
672
795
671
420
559
1686
1685
1281
123
1431
910
405
65
1886
375
1570
1572
1571
58
404
1388
1230
1389
409
1357
1181
828
979
821
559
558
557
1
1317
420
1093
1
758
419
251
1
417
558
1318
1013
1956
339
140
86
674
251
252
1
2
137
1519
760
423
1513
1
251
1
926
927
1453
139
553
1748
141
649
250
1682
672
673
90
1683
127
251
1432
2
3
978
340
424
1431
1008
762
762
1011
250
251
800
256
248
422
1810
1056
539
423
662
172
824
1
422
1177
975
755
239
565
155
1009
1823
1430
1429
814
671
564
420
12
1745
1087
229
2009
143
393
820
172
1
432
1214
1216
420
1
1009
554
2
510
1528
166
421
974
343
1207
1008
765
785
1007
1773
1064
1139
233
766
512
173
1550
498
640
974
1
256
975
422
423
424
1
543
552
817
91
421
422
1517
324
1231
116
680
508
1347
542
1094
265
1096
1
1095
266
172
551
550
974
1
549
423
2
396
424
592
928
551
1201
288
1352
550
394
425
550
424
772
423
551
975
423
169
347
974
1
1
551
348
160
1207
1203
1
1550
1555
974
816
133
817
552
158
974
551
1235
1
1234
261
168
1207
681
1211
975
789
552
265
790
683
1083
421
942
1
1476
287
1475
1235
420
552
784
262
976
977
978
424
1
2
3
1
813
290
974
291
544
976
554
1307
544
975
727
422
211
1098
2
685
554
421
555
1
2
556
975
813
1
973
163
977
1418
2
554
1
397
554
396
685
263
687
264
1681
265
2
1682
91
263
689
786
787
995
1417
164
355
1212
1206
267
1773
1
553
2
554
3
819
261
553
820
550
1372
284
786
552
1
173
942
174
1088
1608
1
10
426
977
1
427
978
979
265
807
552
691
277
976
1242
1349
978
423
551
552
968
989
1813
1681
437
265
692
791
552
426
132
1376
601
11
1482
1485
775
978
1546
1416
979
1
2
426
692
527
138
1
2
552
692
693
835
428
1
836
1540
101
554
835
309
550
740
1244
700
1509
1
789
694
986
6
429
545
782
1588
95
1589
1334
527
1680
428
959
1415
721
694
1680
1
1415
437
694
695
3
696
4
1681
265
438
978
182
1528
978
979
265
1416
1
2
264
541
976
270
1242
748
437
1243
1681
1401
266
700
1322
620
1
706
1612
1058
1097
2
291
598
690
291
692
430
1098
247
1612
116
1789
693
808
1677
1239
1
977
264
304
263
978
979
131
264
979
723
3
977
1241
801
1240
1153
40
148
450
989
440
1243
691
91
1
263
262
253
1
1242
1243
1676
1244
1245
690
1
1
256
433
1150
257
432
1583
1243
749
1151
555
542
1244
600
599
1498
993
494
1
2
1255
555
554
1154
553
1
555
1257
809
1
4
3
1
1
429
428
2
427
2
292
428
721
1
431
1
1
553
2
982
552
1153
554
259
1
813
429
244
554
177
185
182
1523
430
831
377
1819
979
425
978
840
1649
841
1753
593
1647
809
554
555
1381
553
1
432
829
431
1
553
2
722
430
1239
985
434
182
1343
1269
743
432
1
252
984
983
982
551
981
1
804
3
803
1240
9
1
431
430
975
104
701
271
1676
1677
272
273
103
375
1
1
1405
1
179
376
47
1631
1
979
1591
980
2
376
3
1590
377
725
851
270
2
1
976
1967
978
378
1102
380
333
701
845
424
1
1164
423
1789
144
1509
702
1510
1511
271
1935
1125
2009
422
1655
419
1656
239
425
8
1
1088
433
808
1587
135
1310
423
558
552
1
1097
824
1096
424
336
976
425
1521
1248
710
1097
846
1
425
1398
426
279
335
280
426
1
1398
846
973
760
552
4
5
972
705
1001
1678
157
105
425
972
838
419
845
426
277
413
703
422
548
548
706
272
1096
548
1312
1
1410
1
1093
862
968
1092
4
1411
281
1678
1257
547
1256
155
1130
282
849
851
429
119
977
1
1131
1735
422
710
709
975
269
1244
124
1751
1519
970
1750
780
548
1849
461
1966
23
22
817
818
548
976
421
147
969
1807
1398
968
289
838
1
767
102
387
430
768
278
388
430
1396
429
339
975
818
817
1
1516
422
971
423
1682
972
1093
1259
710
563
1339
1
2
713
556
1149
430
713
411
557
1148
431
715
432
545
157
1579
977
362
1124
1125
282
136
80
1147
851
432
966
876
796
1998
1579
1515
1398
1842
163
1257
1259
1681
715
283
3
1317
422
966
432
5
2
438
437
412
286
1920
1398
976
433
179
1318
543
543
544
774
965
1
1
543
977
542
541
544
434
964
1
7
8
2
1
6
433
3
1862
284
720
285
721
1
722
723
1577
1141
2
436
439
264
414
1406
1
435
436
193
278
629
720
732
1686
721
1
175
781
956
1577
439
632
1
621
421
1577
420
1844
2
1
1423
1369
1370
1425
420
1371
537
838
834
1634
957
1397
440
957
1682
1264
1262
537
768
1
1
536
231
1
469
800
2
537
799
727
723
283
1682
1264
1265
1266
1267
4
539
637
796
1399
715
374
418
684
266
815
1
2
266
1
1176
415
964
963
1744
549
1329
286
1400
985
444
445
984
435
415
541
1072
4
1
539
790
445
984
443
985
446
447
1
954
539
444
539
538
1106
445
954
567
842
285
1399
2
732
446
571
952
569
1798
286
1684
125
1514
195
839
49
844
1767
1398
984
982
768
767
537
1110
214
1
268
128
983
269
573
714
1108
538
985
1
1271
951
816
447
733
2
735
283
992
984
446
458
459
12
5
541
734
790
1107
1
537
1272
1524
550
449
168
538
1273
1105
1
852
221
903
402
447
229
174
318
817
536
403
539
1
1272
410
986
1728
591
1178
1396
1685
289
712
453
1526
1803
1001
560
538
1432
537
536
410
737
448
2
949
948
895
1842
1
787
947
1000
451
289
1526
450
1686
446
161
1396
983
450
1397
984
2
451
289
947
258
259
706
739
946
688
290
258
1682
46
534
1072
1419
1321
1
538
6
397
885
539
7
1
1275
742
743
608
1795
8
439
1
1
1002
743
29
291
1276
748
134
1
531
133
132
257
2
134
1244
1277
287
288
289
65
745
746
607
747
461
1
462
988
460
989
989
1
990
988
406
463
990
354
1395
774
528
520
1
139
458
2
457
1
527
527
528
1
985
459
1050
747
1
14
1005
1509
988
407
526
1395
2
1396
1643
568
1124
933
869
774
458
527
932
1
459
1344
261
460
987
788
789
1
433
434
583
1123
1557
265
987
415
1
129
1
1402
584
436
1
130
1
989
987
1423
986
242
990
987
833
1230
131
357
154
531
1
401
2
1283
751
532
752
534
456
400
399
1285
62
562
1286
1292
1972
530
145
77
1283
295
1510
990
1215
763
201
267
452
1388
179
1389
268
1
1848
1
1388
1505
1230
1
1229
838
1320
267
1348
400
986
985
1223
297
261
1387
1
1386
935
162
773
189
307
277
1
5
2
752
751
6
753
2
455
752
454
753
1045
521
8
519
755
1798
122
1002
456
309
1
147
706
1228
707
146
401
931
1807
1685
530
837
1406
307
2
754
122
1128
568
883
932
931
930
1686
1
254
755
458
986
1388
459
987
988
488
528
449
24
530
448
976
1474
19
929
1876
3
251
528
276
1
1493
70
363
71
1504
594
249
250
528
529
760
507
1411
1289
1040
773
596
1
528
2
3
4
761
463
528
2
765
762
526
1209
290
524
1032
1
320
683
767
12
765
5
998
1296
447
991
299
699
469
504
1293
1
525
482
481
467
2
524
1
230
589
1007
229
1
1387
994
299
837
469
1
988
987
1123
1292
989
146
1386
993
400
470
918
236
1393
1293
197
241
530
1295
525
1
524
1
12
995
849
525
13
1386
1385
391
1810
300
301
991
2
1
995
425
996
146
473
1419
238
571
1658
287
690
1924
1657
1
1295
1533
1
472
1
1385
1384
136
526
525
992
524
993
3
4
1
467
917
467
468
469
605
55
524
525
604
1
2
913
1
850
523
161
851
1129
898
610
208
524
1
2
288
900
902
1427
1132
432
523
236
759
469
234
1
2
759
1468
735
166
1299
995
733
614
1967
168
473
304
1298
1534
305
473
1
506
995
1
994
1494
1
995
1
1424
703
996
293
499
1425
22
1925
293
1811
909
1832
384
757
901
923
295
1525
1381
384
1380
1
472
834
9
496
1140
996
471
359
231
1134
525
332
468
525
1137
296
524
522
227
229
229
611
335
524
211
906
611
361
905
736
735
163
1517
380
1811
906
1433
999
1
1430
524
998
1000
1
136
266
1431
906
527
474
137
525
905
526
527
784
974
526
380
2
1000
379
300
1002
1311
1804
173
1
193
190
1
475
611
527
528
930
1
476
749
612
1495
1225
455
1311
735
1
1458
213
476
748
137
1494
1224
137
838
839
836
576
312
194
613
526
2
475
506
1
1002
526
826
1508
526
1003
736
527
300
931
208
477
210
362
899
898
1688
373
789
526
363
614
527
790
525
785
342
1152
1
1310
1311
698
137
790
224
478
348
1
526
1688
792
793
566
1316
794
795
826
479
525
862
521
1387
896
892
893
1
218
4
217
482
345
1
866
979
1
980
479
1
484
312
1004
1376
1005
485
483
1221
489
1004
892
1316
797
306
1
891
520
519
1317
521
518
521
797
3
2
697
787
3
889
2
1
1
796
326
1318
1218
17
992
1
317
700
1006
1007
518
1
1005
1
482
1
1219
1490
519
219
626
1006
738
1218
1
128
1447
441
442
129
1448
20
1964
709
789
1007
171
793
314
1312
1
443
1319
1835
1468
516
514
384
1008
486
1522
313
201
799
1835
1319
580
314
147
1036
520
739
1217
693
546
461
1145
1392
1
521
1
522
73
1684
314
1685
1151
799
315
881
1370
1369
1371
464
490
319
1835
534
484
521
1
1148
522
484
523
522
1
485
1149
316
513
1007
1008
1
1
2
1
317
1006
1525
199
1000
1883
512
2032
999
1524
515
1007
1006
1301
207
294
1055
1382
1213
482
318
483
1
1006
1007
1008
998
799
480
481
526
854
801
1325
345
317
1699
855
525
484
531
1005
1
980
1327
319
579
6
320
260
1009
1045
1
1326
358
1
524
883
489
488
1
882
1033
508
1333
525
1334
809
1007
259
1
319
483
1009
2
36
802
1061
1328
1149
319
579
321
94
481
7
800
708
1009
488
485
320
1802
802
526
46
34
1
620
937
880
2
200
41
540
879
201
1930
305
307
1817
939
805
5
1026
805
804
1
713
1831
1025
1002
806
821
805
91
1609
92
720
807
942
3
1008
318
302
784
1792
788
1203
1474
1472
487
1007
1
644
523
645
1
520
521
522
487
520
807
1
1007
1041
1327
1009
169
433
34
1009
35
433
488
489
1360
320
3
2
1044
1329
372
872
258
871
809
1005
196
520
521
996
522
523
489
1
4
1407
1009
3
2
1417
1188
1518
1716
507
1189
1713
1187
198
1
1419
117
828
1420
1332
1411
1680
935
411
346
1269
262
1334
974
360
987
1511
974
973
79
525
524
1333
523
522
161
808
3
162
96
230
435
809
1
33
1
159
375
811
867
1
522
493
2
1678
54
813
822
866
1624
758
759
525
521
1015
502
1020
495
8
9
1015
1
520
1416
1333
155
1360
401
325
496
318
521
187
761
1417
708
709
813
183
996
129
435
570
864
16
1
476
462
157
496
1016
1355
1362
158
500
501
495
520
495
1
863
520
516
499
320
496
4
497
1016
381
862
149
765
1627
343
4
816
965
701
702
1489
898
519
1011
116
1
402
497
498
1358
1359
320
3
1359
537
497
264
1357
518
7
1
1
1
1679
826
1095
867
345
1336
515
1335
1523
433
1524
63
1681
855
860
820
704
818
1
515
1335
514
1334
516
1
514
1336
884
517
819
321
584
821
820
519
1339
1135
515
822
1018
1338
1017
1
515
1204
502
320
503
557
1018
1204
155
263
131
1149
516
887
5
823
291
1803
532
1512
1596
516
9
1487
525
4
1
1531
1488
2
3
1490
1147
1525
515
218
313
542
505
971
543
383
314
465
506
1371
568
343
1
185
184
486
404
506
1023
507
1024
508
1
517
516
1018
502
3
517
516
507
820
1023
493
1
264
507
160
530
1022
263
823
667
499
242
503
1
1
822
506
340
669
498
2
846
956
2
514
787
1313
1347
301
832
833
1679
829
1046
847
914
510
474
512
4
850
1357
521
1496
515
1555
331
514
1348
1040
665
516
517
1
316
1679
834
1176
1
516
834
2
509
1
508
844
169
509
833
675
1684
836
326
840
1352
590
173
511
324
511
1026
1357
1679
1829
330
843
1
1350
837
1815
170
1349
836
1499
986
988
1831
740
989
1501
1832
759
846
1508
1349
835
513
978
1007
1985
1092
843
671
842
250
1
1091
1514
512
250
331
848
1511
760
332
512
1182
1354
844
1686
249
1
512
1561
1
924
943
944
925
511
2
512
926
513
517
513
1028
1562
1438
1
432
1437
1030
431
512
518
1359
534
324
842
843
1683
844
1355
845
1684
1
841
838
526
328
1893
511
515
523
840
1
1565
1026
839
840
1679
517
521
8
998
509
1
522
2
3
1000
1514
1836
153
1838
1001
508
506
9
503
519
519
523
5
524
1033
2
509
514
515
1558
511
1032
1
519
257
1052
1559
1883
1039
1560
197
1561
527
507
512
414
1363
1
1034
526
1
1514
367
1035
1047
1361
1513
323
926
327
1685
1684
1365
1
1686
2
971
1539
1836
1516
1848
1528
72
321
320
1535
1362
514
1
1037
1377
1685
848
512
1038
323
142
1038
1370
1050
321
326
1051
332
526
849
1038
4
514
1363
834
851
850
9
849
514
832
1685
1684
1367
1365
327
1521
465
841
1364
1363
834
850
514
1078
515
525
1684
319
321
1592
2
1040
1195
528
1194
529
853
852
388
387
1359
1360
1841
1521
1843
774
322
1039
321
1520
1095
1361
481
1041
1362
94
482
1039
1040
1361
1362
553
1363
155
324
321
947
322
1915
1746
1747
1916
554
266
233
11
1
1
1368
323
2
1040
322
1041
1040
518
78
330
1691
1370
329
1371
457
1362
1042
523
288
522
264
159
1042
258
138
811
485
1036
1190
1191
1040
914
913
320
1600
1371
587
1372
1522
1691
1869
319
1520
1372
159
1
1044
462
521
716
2
1047
1
1046
1202
385
1506
195
519
1449
524
1691
318
1360
1690
1373
991
1
849
382
380
1042
330
521
848
329
1778
331
519
849
1
518
517
2
929
296
256
519
518
519
1045
1044
1
521
520
522
1
941
942
522
1086
1
837
857
1034
521
527
520
519
1694
1871
855
520
854
521
522
524
332
1375
333
101
856
1379
1
2
1375
1379
991
170
1045
526
1046
1218
398
171
1043
433
434
523
161
835
523
1378
1208
312
1520
236
523
388
521
1046
524
1
135
1473
461
964
1851
332
1017
493
1018
1542
524
666
1049
549
83
1190
524
663
525
524
684
522
522
657
162
523
814
160
334
814
162
1255
90
1
523
523
524
2
208
522
1565
954
129
522
524
525
1183
658
1043
522
829
264
862
1
1084
307
521
1047
1566
1093
1354
863
222
1045
519
1048
814
529
265
691
521
439
438
234
594
1148
424
1011
864
1696
91
832
287
689
520
528
1052
654
1050
1
519
529
520
521
522
3
1607
1
2
1610
499
1550
1551
1552
1547
1548
1852
71
1553
2
337
1052
1054
1058
531
398
1
2
5
3
300
1613
1913
1781
3
4
957
528
1
526
1027
1217
238
1347
298
1346
1055
1554
1852
336
499
1438
1108
1556
1029
1555
1
525
821
287
824
1028
339
529
1185
1186
2
162
1389
600
177
1152
527
656
868
1
957
529
527
2
1397
871
869
872
1395
340
529
530
129
1055
525
1396
295
1395
525
1056
1690
168
1351
163
866
1522
1774
870
1
528
525
1
1394
869
1690
294
1689
819
867
1396
871
1398
337
1395
870
164
1010
1034
1397
1
1058
1057
1060
1059
1
1434
19
20
3
531
527
819
528
529
1058
1058
537
339
3
1
519
1055
291
520
1587
1619
1
290
1620
1909
1618
1098
1100
1114
576
1493
530
1062
1401
545
1787
871
819
818
817
1691
532
547
502
2
872
1
643
111
2
873
642
466
1
535
510
1034
536
340
534
535
540
165
622
25
699
876
534
815
1351
816
1350
536
4
535
2
525
524
1060
523
522
536
2
1
644
852
14
643
705
1
2
854
811
804
1783
7
855
1
2
520
540
882
1107
233
1
519
1109
1060
998
810
62
433
625
342
343
885
225
1693
1350
808
807
644
122
568
7
543
1
343
1
1350
543
1059
2
342
1693
884
888
1403
885
1
1404
435
1354
258
1066
1
343
807
809
516
80
887
2
1057
118
436
1175
1403
1521
1404
862
542
979
633
515
516
518
1054
518
1
1
515
543
516
542
517
1059
1
1062
1059
498
1176
1061
1557
1205
1345
540
1055
1
1058
499
536
540
1057
348
4
1345
1058
1
517
262
539
978
887
1405
2
1404
1407
344
92
287
1344
1693
1
1406
287
1499
349
1344
442
181
797
348
1
1786
349
353
1794
891
1346
1
4
1445
1095
806
287
519
890
631
889
1353
1409
983
629
538
1345
3
1056
1055
1633
1057
1054
1
2
350
540
578
1042
451
23
1441
538
1
888
2
807
979
519
264
291
890
1
806
890
1407
1786
505
601
1155
893
889
351
597
1406
1
601
352
353
538
1
518
702
537
1346
350
1066
165
164
1053
1510
1414
169
600
1171
1170
1
457
517
703
532
886
15
16
1055
894
1614
720
1112
720
549
514
941
515
1431
1784
891
353
540
238
893
1123
1408
1646
1
515
1638
1639
404
1208
1636
282
1410
1648
807
1915
1692
799
517
540
1
539
1056
552
1339
798
1891
624
1093
540
718
1241
1059
519
282
1642
1093
1924
2
1412
1154
174
977
1414
1415
814
1
1058
1246
188
533
579
3
1694
1696
280
1231
280
1518
1517
2
1237
1058
1239
1060
1236
1340
181
250
1225
1226
1060
179
1521
280
1516
279
1894
512
1615
1417
398
153
978
1348
802
176
1418
1
1020
1071
1021
99
526
1071
277
1528
973
545
447
1805
1251
1250
1263
1
526
527
230
1065
538
1066
363
1044
539
528
571
1099
1429
241
499
16
896
855
1382
157
1697
155
1698
486
524
739
2
573
1641
1
1725
1937
1961
1603
1076
1366
1602
1
981
1579
1580
527
1
1581
1
528
527
529
454
528
847
898
542
914
800
1078
2
27
357
318
1426
853
16
1698
1
1342
1069
540
615
616
1341
615
1398
574
573
1069
1402
272
528
1681
1213
333
203
612
800
848
1153
121
306
1274
1954
308
1646
1607
1608
1079
1080
1880
538
236
1081
43
525
1628
528
526
529
1587
528
1058
76
800
617
459
1342
183
618
1159
309
79
302
1124
455
1103
3
905
73
729
550
798
251
725
1105
547
546
273
1344
252
1345
249
456
610
600
1091
1
1095
295
677
714
801
1158
117
1959
1368
1367
1
818
819
1367
1366
1289
1346
1688
437
93
1073
342
452
1415
1206
1606
906
1207
187
85
668
1801
1092
803
1930
1802
1056
450
284
999
301
821
425
528
984
1512
1574
1076
1708
802
1075
1435
906
200
273
894
893
907
1107
1
527
998
907
526
999
267
711
529
1422
265
1635
1691
1692
528
24
1433
196
89
549
1
1089
816
277
1076
550
1090
1
815
550
817
451
813
276
267
549
910
1001
526
1347
361
450
1075
452
360
1707
1708
196
910
1
1435
633
1797
1
1512
79
909
277
1144
504
405
155
802
1527
1068
1910
1071
670
1709
550
49
630
281
974
1521
246
274
773
1047
801
501
711
141
831
1302
1885
1512
1350
1
1352
162
161
60
1076
1
1351
1075
334
19
1094
1240
1944
1
546
964
259
549
277
1525
525
1075
1352
1243
108
109
414
548
1075
160
550
964
1
802
3
2
801
550
914
805
1351
1284
390
551
418
364
1
524
914
915
523
534
1097
1620
299
1438
1
259
391
390
973
1052
359
1
1797
551
12
536
230
1
1774
919
1448
234
229
529
1031
1043
1352
363
524
1920
1520
518
279
962
797
1241
1232
1075
556
1361
966
13
1587
1431
466
241
1231
1432
275
1943
391
1668
1904
1636
551
1106
6
246
1191
522
6
1629
523
522
1
521
1629
561
924
1108
923
1
1630
1
524
1633
1631
1634
1109
549
185
525
3
3
1773
1447
326
1
1634
2
524
1635
560
315
1087
1355
364
525
526
268
793
1353
555
309
277
560
1129
1
679
250
253
252
1197
277
1
1009
278
229
277
268
1
1450
1451
267
1451
1369
1
917
688
1446
676
82
1240
322
563
524
766
537
1353
446
120
1354
1087
267
1087
513
1371
738
1600
1924
1636
1492
700
229
2
1229
1228
233
526
792
1924
266
1658
187
1632
692
5
294
840
563
564
792
498
1023
1355
136
1
565
1
702
839
792
1011
793
1
1630
1631
1358
591
138
1357
564
566
561
270
1949
1496
1951
383
1534
343
447
1
700
701
876
699
592
131
836
142
699
688
346
985
117
118
133
1085
1399
132
1531
271
732
1358
524
217
307
689
524
1213
158
671
1527
525
1662
268
793
830
1
1623
1528
526
525
706
722
683
181
948
2
1
526
1125
1714
1
1357
373
1244
1093
1
114
984
1989
264
1092
1
895
1093
896
113
523
681
564
563
792
1
2
1127
711
712
375
376
1
1355
563
791
1919
564
1355
1737
1357
2
793
1920
135
1357
436
382
1221
1793
611
92
1090
703
1587
1522
496
1185
967
702
647
1359
1
1174
1335
1175
1609
606
530
829
1079
171
351
671
648
702
698
181
1199
701
1000
954
176
1352
528
529
159
151
670
1
688
160
823
1
1617
1618
1869
1869
943
792
264
1460
934
528
668
670
658
139
264
661
925
1866
1056
294
1607
1723
1269
646
1889
1250
1722
668
529
1901
2017
1
150
1192
169
1483
950
33
949
1121
1
533
532
531
1516
570
1
1
3
985
533
1103
1521
571
572
1104
418
573
532
650
533
2
531
1182
2
988
125
531
2
533
660
531
1184
662
925
1447
1868
633
1448
821
819
1188
665
1
1187
1188
1107
81
733
179
1108
929
532
1081
113
663
5
536
661
1706
533
1523
371
990
399
1183
1184
1348
654
74
921
1
920
783
921
330
904
85
1184
1183
251
1514
1415
1765
1673
320
554
1496
1520
1176
117
766
605
708
497
637
60
1116
1364
1288
493
1001
56
248
871
402
753
504
1160
249
106
600
1690
1
911
1
246
912
245
912
1164
1158
1157
540
1164
1345
1342
536
624
785
1209
805
355
1994
1365
1
1364
1916
1120
1
551
1319
1365
1917
495
1119
1
1120
625
1170
1076
541
535
1134
80
927
736
1315
1702
