168
122
291
297
300
301
305
45
110
101
174
734
6
9
10
14
1041
5
59
78
3
4
8
1047
81
1
5
1050
68
93
82
4
1051
86
62
183
1055
42
65
968
78
84
87
88
92
83
509
510
1033
18
46
149
879
1
508
1077
880
306
317
80
365
363
367
368
509
1078
1375
569
67
78
11
70
992
108
26
5
81
1003
119
15
386
397
300
33
908
242
312
75
181
51
246
81
16
172
3
273
2
31
4
5
364
10
274
12
53
194
222
65
234
74
8
166
285
187
10
24
246
316
79
185
55
250
85
20
176
7
277
2
66
35
1
368
6
203
190
278
16
57
198
226
69
238
78
4
118
119
102
170
289
191
247
317
80
186
56
251
86
21
177
8
6
278
3
67
36
369
279
17
58
199
227
70
239
79
3
152
171
290
15
29
819
63
870
625
584
1
459
440
458
439
589
641
807
688
647
62
522
503
521
502
652
704
930
1480
75
1036
728
214
689
16
729
472
566
437
567
511
41
34
995
687
173
25
857
824
649
689
688
431
1103
1196
825
525
396
526
470
585
527
185
57
56
626
412
610
605
590
642
99
91
145
46
306
19
1
20
213
112
80
110
164
65
287
18
1
194
131
98
92
146
47
305
19
212
113
79
111
165
66
286
193
132
36
692
8
20
15
54
45
190
14
300
363
17
929
591
437
34
533
21
43
47
48
108
52
51
13
16
9
190
883
16
91
1052
744
230
1254
32
745
488
582
453
583
527
116
396
203
140
304
1371
83
1
39
36
454
390
3
471
467
479
478
581
166
507
167
580
220
290
53
159
59
6
150
19
251
24
9
22
26
27
342
252
10
172
200
43
212
52
30
144
263
139
614
59
54
347
39
475
198
193
5
58
498
954
257
163
292
162
218
250
94
35
95
39
507
129
1
55
413
130
74
542
56
412
468
898
33
436
914
865
403
297
881
690
40
183
584
706
730
143
624
746
973
93
969
1062
866
691
528
882
742
568
493
354
552
547
584
226
12
210
205
214
230
236
239
240
244
133
82
242
243
181
134
253
83
15
419
164
31
36
89
24
180
2
6
173
9
321
195
32
210
245
95
53
493
949
30
40
436
155
922
279
10
72
60
862
147
148
149
116
91
87
53
54
37
51
37
53
20
855
213
53
397
22
1
13
149
125
28
196
38
36
45
1
2
247
285
336
326
337
577
291
137
352
310
348
208
237
389
400
70
32
25
9
20
20
128
28
5
26
30
31
36
470
471
501
876
914
955
966
538
576
617
628
154
560
384
422
463
474
327
489
406
104
79
46
1089
55
77
81
82
87
65
24
564
25
578
948
554
576
580
581
1362
148
154
157
158
162
150
766
43
86
99
294
96
212
52
396
21
2
14
148
124
29
3
20
99
215
55
399
24
1
11
151
127
26
17
74
395
682
48
174
515
183
867
178
339
125
93
123
211
858
370
381
398
193
256
196
251
50
743
397
139
121
302
297
233
150
93
1236
1124
52
171
7
58
76
12
44
47
1068
461
100
313
26
268
4
112
73
43
62
95
175
144
171
19
85
103
4
8
7
165
113
124
81
533
105
106
109
49
171
140
167
23
89
107
12
11
161
117
120
85
109
110
113
53
183
152
179
11
77
95
1
173
105
132
73
97
98
101
41
182
151
178
12
78
96
172
106
131
74
98
99
42
210
746
107
67
64
34
463
9
73
35
38
380
613
658
723
290
537
501
502
600
603
70
466
185
244
396
115
314
77
44
831
275
633
875
366
90
142
555
276
52
975
976
645
169
14
50
19
41
182
20
175
629
40
64
75
224
1027
1028
697
159
236
689
26
25
24
57
82
86
120
119
136
128
40
80
169
172
173
177
168
119
79
159
39
287
198
1475
454
452
586
558
623
102
167
56
135
79
154
43
50
75
77
52
153
156
107
179
132
1337
51
6
162
198
61
62
18
28
27
49
53
54
758
59
37
4
82
57
128
103
99
65
66
49
592
3
906
66
585
778
777
806
805
871
519
712
711
740
739
805
193
192
221
93
94
95
96
61
353
341
367
220
286
204
203
191
213
165
1
28
503
545
382
100
201
251
101
68
49
40
129
112
27
93
151
40
87
89
187
194
35
175
116
29
502
544
381
101
202
250
100
67
50
39
130
113
28
94
152
41
88
90
188
195
36
176
117
531
573
410
72
173
279
129
96
21
68
101
84
1
65
123
12
57
59
61
159
166
7
147
88
176
93
174
66
14
124
13
60
62
160
106
167
8
148
89
108
80
58
53
6
4
94
101
123
58
82
23
111
41
92
78
13
61
170
989
160
1
2
3
154
335
408
443
440
488
470
336
165
486
457
1
2
155
334
409
444
441
489
471
335
166
487
458
1
156
333
410
445
442
490
472
334
167
488
459
157
332
411
446
443
491
473
333
168
489
460
489
254
272
295
282
249
259
263
289
277
286
290
334
490
11
332
303
259
40
16
376
121
19
137
32
38
12
1331
14
41
42
46
56
36
7
14
17
30
47
48
4
42
2
281
45
149
23
199
414
131
25
11
167
203
202
104
101
247
28
364
109
31
125
44
50
1319
26
53
54
58
48
29
42
59
60
16
30
14
269
57
137
35
187
402
119
37
23
155
191
190
92
89
54
135
5
12
729
1235
32
92
81
134
324
276
33
34
1134
139
58
21
25
40
513
29
126
145
17
630
689
1
13
9
39
399
10
174
160
196
12
10
38
398
9
22
26
386
3
50
48
408
19
563
360
29
213
199
42
500
529
210
615
530
596
548
690
473
542
571
252
657
572
638
590
732
515
807
419
482
457
464
409
475
477
498
585
39
76
92
25
98
101
102
106
148
51
29
12
18
73
7
51
219
5
94
65
75
16
105
90
102
80
128
36
30
103
799
150
183
59
60
268
545
344
221
454
949
33
209
210
118
695
194
146
71
161
301
304
982
246
257
242
243
85
728
478
161
113
38
194
334
271
89
80
30
63
22
44
102
9
6
13
38
40
76
37
128
141
145
14
126
113
1217
67
156
62
63
64
31
6
2
32
31
48
169
119
152
67
133
191
80
234
75
215
156
245
243
88
27
26
25
58
83
87
121
120
137
63
69
72
73
77
50
51
17
102
36
633
355
22
89
74
67
42
40
323
324
65
94
46
634
13
76
229
142
143
144
111
86
82
48
49
32
85
19
437
39
72
262
306
307
13
26
75
65
78
95
96
82
77
63
4
22
91
125
126
127
94
69
65
31
32
15
7
79
232
201
228
198
268
41
47
50
51
55
111
156
301
15
19
43
116
24
656
35
347
107
54
52
14
17
401
40
45
18
37
19
38
55
154
5
135
76
94
145
131
85
80
27
92
19
111
114
115
2
38
1
90
103
121
88
75
112
126
83
78
25
90
21
109
112
113
36
3
88
101
119
86
73
110
128
256
168
190
161
15
20
73
8
5
11
14
15
19
10
10
3
7
25
14
8
12
13
18
176
177
189
167
215
123
236
53
231
444
86
64
102
143
154
157
163
166
167
171
159
140
81
76
38
3
14
17
23
26
27
31
19
680
59
275
45
127
188
189
190
157
132
128
94
95
78
78
1424
312
72
88
87
366
650
196
51
686
575
199
12
104
145
27
93
129
167
208
219
47
205
195
198
116
171
864
3
973
72
1033
416
725
241
211
686
146
71
6
515
117
21
52
9
14
42
126
641
700
102
157
850
17
959
58
1019
402
711
227
197
672
132
57
8
501
103
35
38
23
28
112
627
686
1004
170
791
772
33
832
651
600
867
728
869
1
137
1002
1037
898
19
159
825
29
435
41
140
191
714
55
213
494
322
792
492
31
54
57
140
806
416
60
121
172
695
194
475
303
773
473
50
910
865
900
886
908
912
913
599
247
635
524
250
39
53
196
78
144
21
72
131
20
146
116
166
137
123
90
8
60
97
345
973
1031
1038
1019
67
240
246
249
250
254
666
141
242
164
148
92
44
57
169
77
202
239
658
685
634
884
918
761
106
622
874
1269
120
111
51
239
88
98
126
122
18
121
103
61
286
295
366
367
368
369
370
440
528
467
775
770
1
87
88
89
90
91
733
274
269
279
275
306
305
287
273
527
167
312
590
262
587
504
780
818
168
859
870
124
525
128
37
55
22
141
134
588
1
893
887
882
885
918
776
771
86
87
88
89
90
734
156
386
2
3
22
31
32
82
222
241
38
318
211
277
1
261
609
455
245
160
150
13
28
40
1337
33
5
140
178
219
230
129
66
86
163
87
50
56
34
150
140
1036
63
177
410
336
117
88
257
29
181
192
175
170
195
201
204
205
209
323
166
76
24
152
163
146
141
166
172
175
176
180
352
195
105
53
57
138
228
429
2
154
21
29
13
248
30
31
17
13
15
28
181
43
56
70
151
241
442
11
167
2
8
11
12
16
261
17
18
4
26
28
15
194
56
69
13
82
42
123
213
414
17
139
44
35
2
1331
11
33
37
38
166
41
41
114
304
85
421
166
256
536
182
13
7
4
3
1
8
72
175
41
194
195
185
233
926
209
196
22
204
244
176
20
62
163
228
241
247
250
251
255
284
170
495
205
42
6
7
105
108
187
49
137
111
156
221
572
98
101
13
58
123
150
3
135
52
63
1
261
172
341
291
324
334
363
234
215
233
214
406
182
247
387
328
333
292
64
79
198
109
278
228
261
397
300
1
326
339
343
119
184
324
311
265
270
210
239
402
201
392
1
324
305
262
342
400
390
407
2
248
388
347
334
59
70
33
52
14
403
72
39
24
17
8
10
108
91
128
129
115
44
96
37
83
70
51
92
93
94
61
36
32
2
1
18
563
639
559
671
516
721
338
411
475
151
504
610
165
214
616
156
603
641
183
244
182
608
221
41
10
80
49
257
164
160
172
171
240
105
245
186
134
191
322
317
31
337
320
185
325
266
214
271
17
22
101
56
5
515
25
971
1363
358
268
216
156
108
325
72
70
775
122
127
147
198
196
29
534
208
219
220
181
215
71
203
602
631
471
111
112
113
394
325
306
500
185
134
3
117
112
59
124
13
143
146
147
7
32
34
122
135
153
120
107
144
94
110
105
52
117
6
136
139
140
25
27
115
128
146
113
100
137
101
14
194
106
47
42
76
39
62
155
44
50
981
630
246
174
164
86
81
115
101
83
89
591
207
135
125
1
82
133
214
210
207
1
2
31
56
60
94
93
110
204
83
134
215
211
208
1
32
57
61
95
94
111
84
135
216
212
209
33
58
62
96
95
112
206
51
102
183
179
176
146
25
29
63
62
79
26
77
158
154
151
121
4
38
37
54
148
22
73
154
150
147
117
34
33
50
144
12
39
98
120
116
113
83
1
16
22
110
11
40
99
121
117
114
84
17
21
111
28
23
82
104
109
100
97
67
38
94
467
60
71
103
62
73
129
130
233
91
97
91
92
93
60
35
31
3
2
19
278
302
499
701
712
679
404
428
24
221
423
434
401
126
366
361
392
395
1
319
280
61
259
238
367
362
393
396
320
281
62
258
239
664
549
87
63
507
168
596
537
538
139
5
1
10
177
1
343
927
13
38
43
89
45
328
12
8
7
209
187
235
211
198
24
65
143
77
4
199
22
36
653
88
214
250
249
148
16
99
307
88
64
277
189
508
169
259
460
29
597
538
539
140
185
6
2
11
75
178
344
928
14
39
44
313
90
713
329
13
9
8
3
198
210
188
236
212
199
25
66
308
5
160
200
23
37
654
89
215
251
250
149
100
198
13
5
207
189
185
8
121
194
176
25
523
526
527
531
338
519
318
283
516
50
60
51
126
162
161
733
63
60
72
122
730
3
27
630
266
808
31
4
34
36
432
27
3
67
463
182
42
112
73
202
100
121
205
95
139
170
368
363
1122
390
240
197
326
399
54
38
612
331
1271
1272
102
73
79
90
73
68
11
95
650
369
140
111
41
52
35
30
49
57
11
6
11
90
45
16
504
14
960
1352
347
257
205
1428
1512
4
749
446
447
34
122
156
295
301
304
70
305
309
255
269
197
193
205
204
273
89
306
268
271
797
1044
1050
1053
1054
1058
154
1950
62
87
157
77
58
48
428
585
586
587
544
545
546
12
163
31
13
32
99
160
139
161
165
166
170
14
466
353
395
467
497
248
346
1980
290
182
80
94
674
516
617
142
785
140
15
445
1046
859
532
454
453
452
601
501
340
158
246
399
394
404
417
389
154
410
430
286
41
316
244
17
320
292
314
318
319
249
240
322
294
42
13
133
128
365
125
69
201
1648
243
249
252
253
257
248
1447
444
450
453
454
458
20
181
209
220
278
279
233
274
190
1372
293
503
532
64
99
402
122
703
295
679
701
705
706
439
468
163
274
275
276
228
553
534
231
280
339
270
107
269
272
59
173
398
1
2
442
808
1
443
809
444
810
322
576
543
434
393
178
218
179
582
583
584
943
944
566
140
14
591
556
646
61
136
189
156
51
1277
17
335
492
493
398
494
336
434
46
789
49
65
69
82
47
40
31
42
53
41
52
77
61
29
74
89
46
25
75
21
90
63
100
101
62
88
92
93
98
23
64
60
26
27
10
84
1
1311
1313
1226
4
731
354
196
294
12
321
339
69
130
671
322
10
55
99
24
26
21
34
61
50
77
202
75
164
12
72
47
79
162
63
226
94
140
84
70
40
257
71
75
80
512
59
163
79
95
19
64
389
29
328
434
339
320
307
96
190
109
435
436
344
432
358
371
1
94
2
156
419
540
448
490
462
510
420
560
158
95
1
157
420
541
449
491
463
511
421
561
157
96
62
325
446
354
396
368
416
326
466
252
158
421
542
450
492
464
512
422
562
156
263
384
292
340
321
334
306
354
264
404
314
388
982
483
394
482
513
373
508
245
491
1370
54
13
212
231
95
19
23
1
6
94
77
88
125
134
15
120
143
136
103
134
138
139
767
389
880
728
863
698
824
12
291
276
663
664
114
118
131
96
89
18
7
484
450
451
16
7
6
39
29
25
1
11
2
2
3
28
110
78
25
40
3
24
26
28
230
308
309
310
41
51
52
13
261
39
43
44
49
935
47
113
109
75
76
59
48
4
138
54
54
18
118
106
144
4
63
35
155
338
165
166
153
157
158
77
49
85
84
14
17
149
144
142
50
58
22
122
110
148
8
67
39
334
169
170
167
42
29
30
81
45
81
80
18
21
154
33
114
135
123
181
322
323
21
171
80
52
145
152
165
182
183
137
180
217
72
160
146
118
166
2
313
504
79
100
88
126
14
45
17
231
356
147
148
143
52
125
111
59
67
103
102
4
1
77
9
71
82
72
119
920
92
117
366
12
37
21
11
114
86
65
115
140
141
102
76
124
15
10
25
707
55
113
81
22
118
38
7
104
97
72
70
34
73
26
11
48
49
10
5
36
40
41
46
71
40
35
732
80
138
106
3
903
143
13
32
129
122
97
95
59
98
23
24
15
20
11
15
16
21
188
175
54
19
92
103
152
155
156
32
135
150
79
40
161
162
123
159
59
60
61
28
3
1
35
34
51
145
37
32
140
16
29
15
48
26
27
12
17
14
18
19
194
195
196
163
138
134
100
101
84
16
13
52
91
68
183
142
1
44
26
19
6
367
525
492
11
12
1153
318
27
1
3
4
9
185
186
176
200
187
584
13
54
66
7
148
209
210
211
178
153
149
115
116
99
188
11
239
1699
137
9
453
114
408
542
48
21
29
25
140
123
37
324
54
55
41
30
50
124
243
10
97
94
45
12
432
93
387
521
69
50
4
119
102
58
303
75
76
62
73
51
103
222
11
76
73
59
24
38
482
143
437
571
19
54
169
15
152
5
8
353
25
26
12
687
9
13
17
18
23
1
101
102
85
153
272
39
126
123
9
74
16
428
89
383
517
73
115
98
62
79
80
573
264
250
66
77
55
80
99
218
15
72
69
63
20
127
104
52
922
75
105
249
751
1
22
194
250
195
397
251
444
533
534
9
24
14
10
16
4
13
17
313
35
19
7
252
253
55
224
5
56
11
8
29
66
67
23
23
54
58
59
145
132
42
1
77
62
587
2
82
90
299
60
469
794
801
812
558
728
306
166
426
382
437
438
435
433
415
401
349
195
221
140
246
258
274
278
227
126
238
279
64
50
275
120
237
240
215
263
168
27
88
97
377
378
122
1456
5
99
57
70
1202
576
191
36
4
27
189
245
190
392
246
439
528
529
14
19
9
5
21
9
18
22
308
3
40
247
38
60
219
10
61
3
71
72
28
18
59
63
64
47
6
67
88
1312
128
582
7
17
61
124
322
283
404
405
193
206
259
318
292
257
253
275
353
364
392
405
422
423
377
211
224
223
400
386
179
5
80
974
479
480
481
482
325
876
71
977
331
157
633
301
53
30
246
302
247
449
303
496
585
586
43
76
66
62
36
48
39
35
365
1508
250
54
17
46
33
45
304
3
330
276
47
4
420
98
16
3
14
15
29
75
20
2
6
7
389
149
11
12
197
184
10
51
129
10
145
1369
8
22
639
50
74
443
2
294
45
249
955
144
155
604
51
22
371
159
138
188
134
131
92
213
214
375
537
33
295
296
326
197
114
502
73
353
352
734
724
737
752
18
294
246
26
372
344
405
406
403
209
208
196
218
170
258
317
219
131
36
29
33
23
19
7
5
4
8
26
48
709
51
52
56
9
34
327
290
263
31
46
3
18
32
22
376
4
377
55
37
533
166
202
27
40
57
58
19
32
12
33
8
250
41
42
214
126
31
34
7
4
9
13
31
14
39
322
285
258
36
51
8
37
1
50
42
51
55
43
44
161
197
32
45
62
63
24
27
17
60
38
3
58
46
227
139
44
21
18
40
43
44
48
1
26
335
298
271
23
38
5
24
12
136
155
137
156
63
29
174
210
19
32
49
50
11
40
4
25
16
45
33
76
55
105
51
64
48
9
128
66
67
79
57
105
90
91
92
59
34
30
4
3
20
378
379
409
114
31
144
95
122
92
162
26
22
161
123
50
202
132
145
163
117
160
158
39
214
36
193
206
55
139
140
178
158
219
45
201
389
49
402
407
427
484
490
493
494
498
254
386
382
394
393
497
435
230
142
447
448
449
450
293
786
787
557
396
110
623
668
1672
39
19
237
223
224
491
94
6
492
23
12
51
46
26
21
2
11
44
34
30
4
16
7
3
98
1
13
273
145
485
387
106
99
74
72
178
192
318
67
71
59
60
16
29
46
47
773
44
152
261
40
113
114
80
81
64
251
42
30
531
652
359
142
359
347
365
364
367
97
17
263
6
411
265
458
547
548
5
2
10
16
92
5
7
19
44
694
63
139
2
23
27
27
357
3
274
61
65
53
54
538
171
207
22
35
52
53
9
7
276
91
25
12
47
494
28
48
27
77
23
92
28
100
94
95
107
85
133
118
119
120
87
62
58
24
25
8
406
407
437
86
3
42
48
37
741
27
2
107
82
108
5
268
74
33
54
4
132
11
53
21
22
8
17
22
691
9
13
14
19
56
1353
138
105
106
89
178
67
5
642
701
261
767
137
144
169
171
246
287
130
68
67
100
125
129
163
162
179
201
67
158
177
345
204
242
44
175
131
142
255
265
80
47
200
201
184
225
244
412
271
209
194
272
254
309
23
242
64
75
1136
131
322
85
110
332
147
107
123
133
134
95
121
125
126
111
97
19
187
46
261
266
286
107
78
358
359
211
222
226
205
255
280
281
82
83
278
59
130
18
771
772
196
101
74
99
19
96
44
112
67
40
1
9
5
17
16
122
123
84
110
114
115
120
106
471
482
1411
305
508
90
498
412
115
104
190
61
3
39
46
71
73
117
174
192
178
189
20
7
114
187
127
92
15
220
265
90
372
202
290
266
309
404
331
189
342
343
304
253
277
278
205
280
75
387
187
275
251
419
316
174
327
328
289
238
262
263
549
687
662
693
703
714
688
544
604
533
576
643
455
704
552
448
472
34
33
468
504
529
530
534
535
497
492
339
338
348
414
438
1
434
470
495
496
500
501
463
458
305
304
314
415
415
439
435
471
496
497
501
502
464
459
306
305
315
416
209
121
26
39
23
10
23
13
9
17
5
14
18
36
52
58
61
62
66
19
44
317
280
253
41
58
56
13
42
366
6
45
47
156
192
37
50
67
68
29
22
22
65
43
2
240
232
144
49
16
13
46
36
32
6
18
9
5
13
29
35
38
39
43
4
21
340
303
276
18
33
10
19
389
17
141
160
142
161
282
38
77
68
24
179
215
14
27
44
45
6
45
1
774
616
717
42
20
21
885
263
186
98
3
62
10
14
40
28
37
41
59
42
67
294
257
230
64
79
36
65
29
22
70
133
169
60
73
90
91
52
1
45
66
25
74
196
108
13
52
4
30
18
27
31
49
1188
32
57
304
267
240
54
69
26
55
19
39
32
60
143
179
50
63
80
81
42
9
35
78
56
15
38
41
64
230
200
112
17
48
7
18
26
14
23
27
45
28
53
308
271
244
50
65
22
51
15
56
147
183
46
59
76
77
38
13
31
74
52
11
60
226
138
43
22
12
3
1
19
2
27
659
699
334
297
270
24
39
4
25
25
29
11
40
62
30
13
173
209
20
33
50
51
12
39
5
16
38
42
43
48
26
15
27
34
223
135
40
25
4
22
5
30
331
294
267
27
42
1
28
8
59
33
537
170
206
23
36
53
54
15
36
8
51
29
12
24
136
111
107
73
74
57
37
211
24
266
78
79
80
380
69
271
157
282
31
247
269
273
274
278
257
217
289
102
344
1
2
302
147
235
360
47
335
295
290
103
345
1
301
148
236
361
48
336
296
291
104
346
300
149
237
362
49
337
297
204
242
55
283
294
297
288
248
848
923
985
964
279
36
305
256
242
243
1046
120
113
25
983
42
31
235
80
40
17
30
63
53
49
23
35
26
22
117
291
21
4
292
1
16
1507
406
158
177
159
178
197
211
86
90
78
79
563
27
28
11
25
171
280
59
959
23
5
9
61
11
48
433
36
38
349
540
4
64
52
90
110
88
79
642
100
74
81
94
111
112
73
66
109
100
87
89
75
37
245
225
503
504
501
415
76
121
186
213
36
35
607
63
66
198
112
157
222
176
1
571
99
102
10
55
120
74
49
226
250
228
286
200
261
246
269
256
233
263
251
260
264
292
185
211
314
15
306
117
282
165
86
80
91
311
81
128
148
101
126
123
138
387
149
150
111
106
47
48
60
38
86
76
50
85
65
101
100
2
1
133
5
40
1
10
37
47
67
20
45
42
57
213
291
292
293
7
604
605
468
68
69
30
25
244
21
66
128
129
141
119
167
44
3
5
46
32
4
146
182
181
83
80
1
402
374
392
284
283
282
315
340
344
378
377
394
403
375
501
285
284
283
316
341
345
379
378
395
191
265
388
392
221
72
399
461
456
579
412
590
159
158
125
100
378
376
356
342
991
1002
305
32
249
411
431
353
486
493
380
379
396
40
77
63
93
48
62
66
65
69
91
95
96
99
56
117
118
119
86
61
57
23
24
7
61
64
15
87
84
255
39
213
242
388
383
408
414
417
418
422
110
1345
1379
70
1187
326
306
292
312
323
368
433
446
452
455
456
460
247
211
212
310
313
729
717
103
78
716
732
844
805
670
465
497
254
292
358
333
344
347
353
356
357
361
526
650
1
153
105
1229
41
153
154
43
44
56
34
82
46
131
117
137
510
569
54
278
77
33
258
536
537
534
1163
237
324
328
598
133
132
120
142
94
130
307
293
1572
1694
339
45
472
467
26
464
408
427
422
71
419
363
651
309
323
275
338
342
14
584
147
146
134
156
108
184
75
250
229
19
103
104
194
255
81
237
206
244
285
296
195
20
97
21
16
10
32
84
74
190
228
269
280
179
6
16
100
90
174
212
253
264
247
242
163
116
106
1
468
479
524
469
480
523
515
370
46
88
1
31
409
371
47
87
30
410
401
77
57
717
730
722
750
402
447
454
211
446
536
79
326
290
291
389
392
390
390
97
57
58
59
60
61
62
119
1
294
218
219
863
708
564
891
887
813
1
2
3
4
5
50
636
49
278
368
420
1
2
3
4
51
637
50
279
369
421
1
2
3
52
638
51
280
370
422
1
2
53
639
52
281
371
423
1
54
640
53
282
372
424
55
641
54
283
373
425
549
118
175
99
591
100
293
217
473
218
524
594
76
75
887
1080
1
560
566
23
151
156
63
1111
1112
293
147
340
429
430
139
110
109
160
140
153
81
125
136
158
162
163
167
168
41
28
146
105
922
967
987
885
989
687
48
1128
359
44
49
69
74
97
120
369
84
51
61
65
91
79
88
92
126
132
135
136
140
13
87
688
1248
59
20
29
128
139
68
295
74
79
99
104
127
89
145
90
114
81
91
95
121
109
118
122
156
162
165
166
170
119
19
26
51
53
172
40
27
122
571
120
165
190
254
79
295
315
312
84
172
311
293
773
767
764
768
553
786
784
769
793
56
1
229
245
30
199
250
171
226
248
252
253
258
236
195
55
285
301
269
257
26
255
227
314
612
292
251
230
246
29
200
251
172
227
249
253
254
237
196
146
47
136
137
432
430
462
433
446
439
441
427
399
193
282
133
283
286
270
258
316
126
155
315
106
119
293
240
295
281
253
89
90
479
509
508
486
488
474
446
1
568
598
575
577
563
535
569
599
576
578
564
536
121
348
35
368
318
379
380
336
290
355
314
315
442
228
284
275
162
16
28
287
20
23
44
6
48
259
30
24
121
114
89
87
43
82
86
74
75
192
228
31
32
12
58
23
788
29
897
180
167
7
34
27
622
33
68
255
1060
313
317
270
295
215
292
257
318
319
280
229
294
253
232
291
304
310
313
314
318
320
307
99
98
97
130
155
159
193
192
209
275
229
1108
201
288
266
225
112
7
1
1
563
672
685
742
703
707
708
653
700
752
564
673
686
743
704
708
709
654
701
753
103
39
135
109
61
127
20
31
50
73
105
227
228
229
776
61
310
253
94
38
666
302
98
13
433
908
113
49
63
120
150
112
115
345
28
222
339
363
338
341
169
205
213
231
261
7
167
206
399
172
242
262
249
90
230
250
254
238
258
198
236
97
295
95
270
214
307
215
269
315
671
225
327
187
582
157
158
159
116
117
118
389
564
598
1
2
41
40
39
546
1
42
41
40
547
43
42
41
548
1
2
505
680
1
506
681
507
682
154
64
195
206
189
184
14
85
187
81
151
168
50
209
220
203
198
71
126
95
165
803
158
57
655
111
612
573
645
101
497
269
454
674
746
598
168
555
723
732
613
733
21
987
38
283
56
809
810
37
234
63
36
61
19
58
41
30
9
59
5
82
74
29
43
10
29
33
21
22
54
67
679
46
72
76
77
82
7
2
42
45
4
15
30
445
13
75
228
223
40
304
106
11
30
53
61
247
248
18
246
274
16
56
177
2
32
10
93
103
131
92
95
104
29
315
95
19
42
72
258
259
63
7
257
285
27
67
188
97
13
43
1
82
114
120
81
84
150
85
10
334
76
23
91
277
278
44
12
276
304
46
86
207
78
32
62
20
63
133
101
62
65
173
62
13
357
53
114
300
301
21
35
299
327
15
69
109
230
55
55
85
26
43
40
156
78
39
42
362
1
265
191
439
367
110
204
75
149
340
378
339
342
363
266
192
438
366
109
203
74
204
148
341
379
340
343
251
285
193
202
73
203
327
147
198
179
197
178
270
266
278
277
292
740
110
182
439
345
474
344
400
68
196
18
180
249
210
155
533
276
370
241
371
315
30
212
445
231
429
424
39
57
404
431
719
181
819
328
537
123
461
313
144
174
372
367
545
546
547
548
549
776
238
876
271
594
180
162
655
4
22
322
88
1414
264
292
34
74
195
90
20
50
8
75
121
113
74
77
329
235
364
234
290
178
829
1027
1022
1025
373
194
367
391
366
369
508
291
11
48
270
449
349
1
258
257
691
702
410
421
94
624
550
942
63
153
205
822
823
492
1
1361
1260
846
1362
1261
847
62
448
513
467
428
424
436
435
210
80
327
291
292
390
393
144
510
576
499
559
459
580
577
450
548
565
600
517
132
392
272
273
58
450
1
330
331
683
793
670
673
805
1500
1498
1444
280
767
781
160
748
785
467
176
330
736
780
783
523
201
487
505
187
104
50
539
627
622
625
16
170
659
576
824
862
903
914
286
846
773
977
343
241
990
1021
204
244
232
52
270
237
216
266
212
281
217
261
274
291
292
248
246
279
283
284
289
287
249
252
275
192
634
102
712
625
606
554
676
687
714
648
736
814
656
778
789
816
750
218
523
185
164
214
160
239
240
196
237
162
140
757
719
740
525
662
59
584
721
448
1637
892
919
1189
444
1260
257
250
182
132
159
140
158
139
303
192
199
224
226
270
35
719
341
593
1175
1437
1445
182
1820
1627
1638
2
173
58
260
177
378
232
425
514
515
179
52
234
106
31
10
60
6
27
11
224
28
32
20
21
55
68
40
243
8
74
212
63
49
69
14
121
85
29
84
336
339
344
267
289
55
100
325
332
313
343
201
233
217
205
346
231
243
259
263
239
190
221
262
240
43
191
178
33
1119
164
76
77
72
425
97
103
106
107
250
251
216
47
39
48
1639
336
335
334
333
332
331
75
274
957
995
1036
1047
199
1156
1194
1235
1246
558
420
388
442
201
441
601
147
576
587
1290
136
4
230
231
232
233
234
235
214
243
414
390
412
416
417
48
138
190
54
111
112
113
114
115
116
173
722
55
348
272
273
667
374
450
1
194
193
2013
255
293
357
334
345
354
357
358
362
360
1631
1133
182
81
1
172
14
399
141
66
242
136
24
170
254
49
265
266
227
233
253
67
60
260
485
763
764
675
747
202
650
192
291
316
638
57
183
343
731
248
283
13
13
215
98
127
344
233
27
261
265
255
236
249
266
267
386
77
63
177
221
67
258
650
597
620
607
574
584
588
614
602
611
615
626
73
128
294
301
314
47
205
172
53
331
332
286
329
120
133
327
172
243
28
32
69
54
4
206
148
7
43
182
204
208
209
212
381
471
422
321
218
197
390
444
596
572
594
598
599
602
81
379
142
841
440
90
92
41
178
166
224
60
599
184
9
63
215
139
195
208
226
180
191
213
217
218
223
221
123
324
125
181
126
49
104
88
76
183
134
150
330
81
27
155
133
61
793
76
63
640
539
415
608
662
612
750
225
124
193
247
197
399
45
375
397
401
402
266
102
401
130
519
931
882
904
1064
271
118
530
481
650
656
618
606
659
660
664
503
663
329
324
180
251
247
259
258
351
332
360
185
465
466
103
102
493
867
919
218
762
883
871
884
934
374
426
275
269
373
396
383
350
360
364
390
378
387
391
195
441
376
395
570
895
876
1491
1519
1436
1245
1355
15
5
28
15
18
8
4
22
10
19
23
41
57
63
39
66
51
67
71
81
11
173
42
55
691
73
17
91
139
126
48
127
8
16
79
331
206
150
205
451
176
456
432
454
458
459
10
5
25
30
53
40
7
17
21
47
35
44
48
66
82
88
64
91
76
92
96
56
36
67
80
666
98
8
66
73
102
54
81
5
20
25
48
35
2
12
16
42
30
39
43
61
77
83
59
86
71
87
91
61
31
671
93
3
71
68
107
4
59
76
369
375
378
379
37
64
272
22
21
332
338
341
342
27
54
55
235
15
16
305
311
314
315
208
42
43
243
316
669
1375
1378
1379
1383
1367
49
48
56
81
97
80
165
122
121
193
174
206
147
198
47
212
224
120
104
723
1
7
32
48
31
116
73
72
144
125
157
98
149
2
163
133
212
465
175
71
180
55
8
33
49
32
117
74
73
145
126
158
99
150
1
164
134
211
176
72
181
287
56
25
41
24
109
66
65
137
118
150
91
142
9
156
126
219
472
168
64
173
279
48
16
1
84
41
40
112
93
125
66
117
659
34
131
101
244
497
143
39
148
193
254
23
17
68
25
24
96
77
109
50
101
50
115
85
260
513
127
23
132
177
74
742
238
7
85
42
41
113
94
126
67
118
33
132
102
243
144
40
149
194
91
725
255
24
43
44
28
9
41
18
149
100
86
87
33
118
47
17
328
59
45
64
109
41
55
6
810
170
61
1
71
52
84
25
76
75
90
60
285
538
102
2
107
152
49
767
213
18
8
72
53
85
26
77
74
91
61
284
537
103
1
108
153
50
766
214
17
7
19
13
46
85
86
147
21
32
51
74
39
5
146
19
11
356
609
31
114
73
36
81
22
838
89
79
113
116
32
27
66
67
128
40
51
70
93
58
24
127
38
8
337
590
50
133
54
55
70
132
135
59
98
99
160
8
19
38
61
26
8
159
6
24
369
622
18
101
86
23
68
35
851
129
102
100
103
39
40
101
67
78
97
120
85
51
100
65
77
160
27
43
159
162
742
151
14
16
361
614
26
109
78
31
94
7
108
111
135
210
182
288
57
97
101
96
165
30
12
95
92
108
94
97
152
64
89
84
177
42
387
640
83
104
5
50
120
188
82
85
193
188
73
62
283
109
154
51
765
215
16
174
393
267
520
749
44
49
63
62
741
234
108
94
295
189
259
213
5
254
265
14
13
790
139
185
59
45
26
140
210
199
19
240
251
1
804
125
171
45
31
40
126
196
200
18
241
252
803
126
172
46
32
39
127
197
146
1
62
106
117
136
159
45
141
142
124
140
168
90
50
71
104
55
74
36
54
35
116
199
198
201
147
61
107
118
137
160
46
140
141
125
139
167
91
51
70
105
56
75
37
55
36
117
200
199
202
208
168
179
198
221
107
79
80
186
78
106
152
112
9
166
136
178
261
260
263
798
284
860
648
1
98
75
99
97
76
98
317
173
1
220
219
717
755
441
796
807
410
1630
1661
1610
829
78
688
1009
189
375
72
148
974
241
147
596
49
34
200
421
265
153
241
224
235
167
358
272
267
4
293
294
291
76
902
169
219
336
347
225
296
307
344
339
76
365
366
349
826
93
295
385
301
372
383
420
415
152
441
442
742
326
764
758
508
1
320
696
355
70
560
548
75
596
279
605
591
205
193
280
241
222
235
252
253
207
76
250
56
55
43
65
17
4
45
236
72
508
773
752
802
453
211
268
715
823
865
876
846
664
721
1168
57
523
555
392
690
570
572
707
400
206
598
467
31
395
476
305
523
543
345
522
508
480
494
799
971
865
231
995
906
347
1054
665
239
122
377
200
512
265
525
546
537
538
286
415
258
203
437
162
431
432
408
430
434
435
439
440
129
127
113
114
28
141
147
109
150
83
151
155
124
145
146
68
82
67
103
111
122
144
148
149
153
154
55
42
79
152
863
1231
1059
1097
1138
1149
531
537
540
541
545
389
524
510
1702
1339
1681
287
56
238
220
108
312
288
315
316
320
169
176
201
203
57
19
7
297
248
225
317
162
92
30
35
69
87
957
546
34
57
159
215
160
44
11
21
25
51
39
48
52
278
163
33
70
217
90
180
258
259
260
189
40
91
101
102
58
211
12
89
93
94
99
77
36
552
37
754
1167
1089
1146
1132
926
929
930
934
226
227
132
228
70
460
226
903
175
312
291
341
336
349
12
364
202
206
240
239
256
350
1074
979
345
286
145
228
259
238
9
200
175
274
299
219
296
285
292
305
56
214
181
44
322
323
284
277
320
234
306
59
200
199
336
656
289
131
164
389
667
668
665
579
651
141
277
467
597
583
529
230
72
105
330
608
609
520
509
136
456
442
123
437
450
89
69
36
189
467
468
422
465
379
451
417
454
128
32
329
445
38
468
469
452
1008
665
1063
1067
79
110
113
340
300
323
277
318
264
356
446
357
367
333
355
360
830
1
698
845
870
790
867
492
491
831
699
846
871
791
868
493
492
819
795
1
617
1360
1371
1354
1349
1004
1000
1022
791
605
584
546
620
645
565
642
614
593
643
589
290
630
569
375
1299
1239
1308
740
789
803
802
671
670
848
834
849
835
190
159
186
156
226
165
243
20
42
69
126
140
85
66
965
7
25
244
673
672
620
649
795
790
429
428
658
319
497
503
506
507
511
192
434
111
110
508
187
334
1039
915
1148
1134
700
809
795
62
755
112
864
37
924
307
616
132
102
577
37
202
38
103
46
20
8
186
63
116
122
84
72
125
126
130
578
618
6
17
36
178
132
118
119
124
58
855
109
95
934
315
195
196
674
673
993
954
120
119
1195
1269
1
1075
1188
1149
1076
1189
1150
361
399
440
451
140
614
615
466
501
539
580
591
375
156
941
41
660
666
120
27
104
84
122
157
214
97
220
223
224
228
26
115
16
205
216
138
170
152
143
51
165
114
55
74
330
313
370
376
379
380
384
260
232
330
140
273
348
18
222
321
707
276
562
640
781
804
809
147
282
305
292
259
269
273
299
287
296
300
340
328
271
324
293
329
350
336
317
363
186
17
91
95
135
158
145
112
122
126
152
140
149
153
70
193
181
124
177
146
120
81
182
172
185
203
189
170
157
510
39
314
70
839
50
201
235
78
153
219
330
311
297
131
117
123
126
127
34
131
123
58
54
453
324
454
76
398
91
119
100
41
90
93
1064
1039
1158
1074
364
445
274
492
385
418
514
500
470
921
927
930
931
935
774
3
178
406
305
202
304
376
81
412
287
231
286
532
257
1
805
688
411
736
717
822
798
820
824
825
806
689
412
737
718
823
799
821
825
826
582
642
577
660
663
664
668
478
659
652
631
657
661
662
1691
607
162
941
12
483
964
992
996
986
345
654
668
157
235
481
509
513
503
515
138
171
185
450
418
310
391
549
550
547
527
513
190
88
84
106
184
195
247
114
205
230
124
227
62
178
228
174
215
56
44
66
18
54
231
217
165
154
577
152
42
267
281
172
605
654
668
667
713
699
900
433
482
496
495
308
541
527
728
1
672
389
699
938
939
936
673
390
700
939
940
937
940
941
578
577
856
1260
1324
1510
404
391
468
642
563
573
578
598
493
670
671
654
1006
758
993
1239
1267
1271
662
624
612
665
666
670
617
596
646
592
493
374
572
667
1
394
463
668
395
464
1034
1960
315
316
813
726
922
909
1003
1
1224
1318
1225
1319
62
93
66
96
26
331
133
158
246
269
135
20
290
252
470
106
236
180
309
347
308
311
71
40
67
37
107
46
25
116
166
85
119
32
13
31
104
100
112
111
96
65
92
62
132
71
539
141
191
60
94
114
136
25
179
160
871
101
119
40
30
1
2
307
464
465
466
423
424
425
417
139
964
535
238
127
530
519
13
65
66
67
367
82
18
203
13
221
7
38
11
1
277
37
12
26
25
251
280
286
262
289
290
294
71
57
872
230
209
8
39
12
278
211
36
13
27
26
252
281
287
263
290
291
295
72
58
871
231
1733
1827
1605
1552
1646
1504
1424
1501
1246
809
35
888
51
340
315
320
301
124
318
242
290
195
312
386
387
149
383
309
313
172
923
75
86
163
305
280
285
266
283
207
255
160
314
351
352
114
348
274
278
137
1200
622
931
945
351
381
803
583
868
551
876
640
209
30
472
103
642
603
704
650
694
707
468
239
263
312
234
156
155
154
114
113
495
485
498
203
276
264
8
376
326
387
388
191
190
178
200
152
276
335
460
757
733
760
4
761
1745
643
466
535
722
917
69
612
256
175
308
205
307
379
84
415
290
234
289
535
260
548
391
483
380
482
554
259
590
465
409
464
710
435
224
20
107
18
74
19
227
233
236
237
241
48
232
208
230
234
235
240
353
218
177
36
223
146
151
171
17
73
18
228
234
237
238
242
165
114
187
47
211
161
185
779
416
215
660
698
629
634
654
711
717
720
721
725
407
913
872
883
891
879
622
942
1
780
1183
781
1184
668
1073
694
731
758
966
343
366
353
320
330
334
360
348
357
361
395
401
404
405
26
63
90
298
47
1694
1253
1324
1335
1377
448
1546
1126
1207
1098
1
157
734
528
746
5
762
724
745
1206
508
1247
1258
698
1
739
750
299
159
164
461
494
300
160
766
95
1016
911
869
898
1078
1080
1146
637
636
1092
1053
1
983
984
1
1257
1258
644
1539
1538
840
839
895
876
894
875
1637
816
1
65
108
319
107
106
105
660
775
832
811
817
66
109
320
108
107
106
661
776
833
812
751
43
254
42
41
40
595
555
710
767
746
708
211
1
2
3
552
512
667
602
724
703
497
212
213
214
341
301
456
331
312
330
311
479
513
492
709
1
2
553
513
668
603
725
704
710
1
554
514
669
604
726
705
711
555
515
670
727
706
156
906
1000
1098
40
155
115
110
50
169
662
41
412
151
56
62
58
70
69
497
498
159
236
123
107
172
171
1062
1021
1069
1078
1099
1142
1050
1101
1086
1171
552
621
625
528
165
164
226
264
305
316
215
77
1
36
30
52
64
54
303
341
382
393
292
76
113
107
129
13
23
408
406
192
390
385
18
365
527
528
529
530
531
758
220
858
289
576
162
422
89
519
536
395
805
962
1200
468
395
825
947
328
327
675
896
1349
248
371
499
389
330
163
458
600
365
2
1
531
123
251
163
270
341
111
319
370
259
411
371
100
62
335
27
283
31
128
778
286
147
218
12
196
178
247
136
534
248
23
61
212
301
96
160
4
299
154
1289
1284
1032
1392
1129
1154
1151
1139
894
924
854
739
1170
1
2
3
942
943
290
222
599
613
15
1
2
943
944
291
221
600
614
16
1
944
945
292
220
601
615
17
945
946
293
219
602
616
18
862
857
1
2
3
4
820
863
858
1
2
3
821
864
859
1
2
822
865
860
1
823
866
861
824
378
826
448
768
966
961
811
227
265
306
317
216
37
31
53
63
53
196
234
275
286
185
22
94
779
780
84
280
318
359
370
269
385
1713
295
613
223
9
19
213
78
202
261
385
821
998
518
334
10
301
21
38
608
731
429
428
532
207
253
137
90
62
372
414
379
466
263
1
534
195
220
314
105
262
271
458
483
577
158
533
196
221
315
104
1
760
486
759
485
443
474
447
477
407
398
441
633
274
451
985
58
789
944
1001
1
2
3
4
5
6
7
200
199
241
240
253
268
198
197
1
2
3
4
5
6
201
200
242
241
254
269
199
198
1
2
3
4
5
202
201
243
242
255
270
200
199
1
2
3
4
203
202
244
243
256
271
201
200
1
2
3
204
203
245
244
257
272
202
201
1
2
205
204
246
245
258
273
203
202
1
206
205
247
246
259
274
204
203
207
206
248
247
260
275
205
204
1
41
40
53
68
2
3
137
148
167
190
155
230
229
232
42
41
54
69
1
2
138
149
168
191
156
231
230
233
211
1
12
27
43
44
96
107
126
149
170
114
189
227
188
191
212
13
28
42
43
97
108
127
150
171
115
190
228
189
192
199
15
55
56
64
84
95
114
137
158
102
177
215
176
179
184
70
71
568
1070
69
80
99
122
143
87
162
200
161
164
1
139
150
169
192
157
232
231
234
140
151
170
193
158
233
232
235
637
648
667
690
307
655
581
730
680
768
729
732
245
345
1
351
418
193
174
6
128
383
206
518
271
531
552
543
544
7
468
172
430
484
537
543
546
547
551
504
529
532
509
6
306
6
3
172
295
311
208
310
382
87
418
293
237
292
538
263
551
394
1369
1380
686
685
684
683
840
662
667
703
714
718
492
491
430
616
547
641
1283
131
1301
394
1432
525
897
935
976
987
919
1
211
212
1128
1027
1143
252
1103
1176
231
223
488
398
531
299
426
363
543
554
541
552
374
343
356
532
538
150
81
61
188
308
314
317
318
322
313
218
217
289
311
315
316
321
112
125
117
1359
1257
1361
293
66
725
713
772
773
558
522
523
49
621
624
359
451
1429
425
404
454
400
479
480
265
229
230
342
328
331
463
380
707
162
891
150
834
816
802
1877
476
543
318
176
391
564
677
638
741
181
66
326
742
747
767
775
625
589
590
688
691
823
632
260
726
714
699
709
559
523
524
622
625
757
46
170
555
838
218
1609
56
60
204
435
568
73
38
404
1166
31
1292
57
40
40
51
351
1422
1423
41
88
305
108
61
86
19
83
14
423
98
172
250
251
252
427
109
110
96
71
66
203
36
90
45
105
141
140
42
39
234
798
879
936
947
948
874
837
931
215
164
528
609
630
618
676
145
678
1252
1332
1343
1333
1
1530
475
1531
476
345
356
341
360
339
389
335
261
414
415
315
1078
1020
519
872
1182
1117
631
1243
1196
1119
100
1098
176
111
776
1174
1019
998
76
11
676
1074
1078
65
821
802
820
801
972
998
876
874
452
974
727
1005
942
488
511
498
465
475
479
505
493
502
506
442
438
450
449
378
57
643
727
715
700
752
738
1
695
696
1
316
616
476
317
617
477
1716
253
1
254
253
614
107
570
619
633
632
826
678
664
721
677
740
739
933
785
1654
975
815
680
987
867
1340
1
1250
1216
1251
1217
1730
1636
1617
346
395
409
408
409
410
248
442
391
454
440
746
1
425
608
447
306
894
1055
914
405
300
366
1054
104
426
531
286
398
359
367
363
375
374
1341
1386
1
2
3
255
1034
1
2
256
1035
1
257
1036
258
1037
600
599
538
706
717
736
759
724
799
798
801
177
599
610
629
652
617
72
692
691
694
422
433
452
475
226
440
105
515
514
517
1089
950
1148
1143
1050
1248
1243
959
970
989
1012
977
1052
1051
1054
538
119
1
130
423
434
453
476
497
441
516
554
515
518
120
131
424
435
454
477
243
442
517
467
415
516
519
11
293
304
323
346
112
311
386
314
310
322
321
336
284
385
388
1908
146
145
636
786
819
577
576
183
1
490
640
673
431
430
55
491
641
674
432
431
54
47
192
1
2
3
108
392
899
226
145
46
45
44
61
859
81
191
190
203
189
1058
272
1
12
2
107
813
271
13
1
106
814
270
105
712
817
1791
1885
1896
839
812
842
772
1014
975
462
463
130
114
141
435
402
293
252
37
77
38
441
442
443
802
803
425
1
333
16
460
735
190
254
11
565
532
423
382
167
207
168
571
572
573
932
933
555
129
3
580
349
444
174
270
27
549
516
407
366
151
191
152
555
556
557
916
917
539
113
13
564
41
294
253
697
40
1
38
400
271
205
185
184
221
215
237
39
78
440
311
245
224
261
255
277
39
401
272
206
186
185
222
216
238
1
803
804
426
94
846
816
744
1704
1717
1956
565
1732
1690
1462
494
365
299
279
202
278
315
309
331
215
225
128
483
666
677
11
582
719
197
1482
930
1285
508
883
44
530
855
836
138
890
860
788
38
56
332
17
208
64
375
464
382
280
427
220
279
307
150
149
148
191
190
189
871
1153
1828
719
917
912
1
2
3
4
816
720
918
913
1
2
3
817
721
919
914
1
2
818
722
920
915
1
819
723
921
916
820
1708
1735
119
120
121
122
123
124
125
54
55
56
533
416
428
220
556
401
235
1
2
3
4
5
6
65
64
63
652
535
547
339
354
1
2
3
4
5
66
65
64
653
536
548
340
355
1
2
3
4
67
66
65
654
537
549
341
356
1
2
3
68
67
66
655
538
550
342
357
1
2
69
68
67
656
539
551
343
358
1
70
69
68
657
540
552
344
359
71
70
69
658
541
553
345
360
1
2
587
470
482
274
549
289
1
588
471
483
275
550
290
589
472
484
276
551
291
2103
1
1376
393
1073
1377
394
1074
149
537
151
185
184
180
675
643
679
490
489
477
499
451
621
1027
1068
1079
281
944
285
1510
1507
1420
1514
460
926
206
299
904
942
292
983
994
649
844
1737
1240
1022
1021
536
1433
216
544
71
371
318
397
396
395
428
453
457
491
490
507
923
918
148
147
61
60
59
58
57
881
1114
1155
1166
1149
1144
1702
1697
1
1703
1698
1883
1878
215
850
1
1
1393
600
1521
1480
1537
1
1
1
1
2
1
1
2
1
1
2063
1
1
766
1
2
1
1
1144
926
464
845
992
1014
1000
569
781
361
165
270
347
352
372
180
322
423
291
434
444
445
432
436
437
442
428
492
283
522
503
110
1502
1305
375
20
41
300
221
178
157
207
153
202
215
232
233
96
36
35
23
45
3
609
610
611
216
133
1
1
1
2
1
621
1493
1518
1515
231
1196
459
299
154
554
633
379
186
699
1
267
762
1220
1201
1219
1200
1
1
1
1
1
391
392
393
1
1
702
701
700
703
702
701
454
840
816
1
2
536
455
841
817
1
537
456
842
818
538
40
633
634
244
239
208
155
346
208
213
233
66
284
295
82
46
305
306
293
297
298
106
1
2
1
2158
240
1914
1
201
202
453
1102
1124
1
1
2
3
1
2
1
1
1
2
3
1
2
1
1
1
1
397
194
398
203
195
1
1428
1409
973
455
563
761
767
770
771
775
436
703
772
183
638
944
950
926
953
954
958
886
849
646
1125
1450
1431
1
1681
194
1487
477
1
1208
1209
11
332
350
418
737
738
172
40
229
228
198
721
690
798
814
156
909
910
896
132
821
422
334
558
666
682
24
777
778
764
689
290
761
1
1
2
1
566
565
564
1166
181
970
1
1182
2
1167
182
971
1183
1
1168
183
972
1184
1
1
583
564
465
19
1134
1113
1163
99
118
1233
1212
1262
677
362
361
1298
1336
1377
1388
1
1019
1535
1643
207
1328
1436
1357
1
230
402
172
1245
450
21
487
556
743
109
74
1192
917
922
942
999
1005
1008
1009
1013
272
453
1659
1640
1
1
1
2
796
1
797
798
609
864
845
835
724
673
38
1
1
2
1
1
450
931
534
360
1016
1098
1099
1100
481
84
90
617
618
619
422
421
409
431
383
397
596
582
571
45
104
673
688
1014
1015
1016
174
1189
1190
411
715
605
777
676
369
654
779
771
42
1
1119
456
1081
391
351
1097
938
764
909
1014
820
819
807
829
781
174
841
988
1083
478
1
2
1
1
2
3
1
2
1
1
2
1
1
459
572
571
459
635
1001
1
460
636
1002
1415
411
829
727
1004
1
2
3
1
2
1
1
1595
1
1596
1
196
197
236
696
1
2
3
4
92
237
697
1
2
3
93
238
698
1
2
94
239
699
1
95
240
700
96
144
604
836
1329
1598
1
261
1709
1508
821
305
1
1
2
1
1
1
1
467
1092
683
1
1493
1
2
3
90
89
88
1
2
91
90
89
1
92
91
90
93
92
91
1114
1
2
1115
1
1116
270
1
1608
259
864
1198
863
1259
1167
605
939
604
422
480
479
508
654
507
573
535
542
567
569
334
1
270
146
145
174
284
295
173
239
201
208
233
235
240
236
248
247
353
354
155
335
156
186
481
480
509
508
574
536
543
568
570
606
567
260
1
261
834
1367
1405
1366
1369
1
2
1
819
996
891
1
820
997
892
1
2
3
1
2
1
1188
1
353
451
352
354
452
353
1182
1141
1198
98
1
990
986
998
997
99
781
1106
1087
1
2
3
4
1
2
3
1
2
1
1
1
457
544
600
717
329
370
87
143
1
2
260
242
283
980
56
88
89
173
628
186
227
924
144
145
117
763
69
110
803
802
805
330
371
1068
1
261
331
372
1069
262
999
1037
831
919
1078
1089
968
1
2
3
4
1
2
3
1
2
1
364
459
363
549
1064
95
1
185
399
359
1071
96
301
90
142
1167
571
186
597
922
903
309
269
988
1313
1294
1284
713
1738
1
474
1773
1690
1
2
1
474
694
693
1
2
1
1
2
3
4
1
2
3
1
2
1
1302
1340
1381
1392
448
854
892
933
944
927
922
613
500
367
669
133
1376
1329
302
169
1080
1091
1074
1027
177
1584
888
1
889
503
161
610
463
342
449
302
1396
107
558
576
871
891
963
964
147
40
269
268
267
1094
1022
412
881
688
776
820
709
908
748
610
1358
796
1
1540
268
1884
1
1
1
1
2
1
1
1
2
3
1
2
1
1
938
672
1368
110
564
486
485
484
845
846
533
266
757
430
376
1111
1112
1034
1023
696
150
22
320
475
404
374
415
416
413
411
373
376
393
379
327
399
1
1
2
208
207
120
1
209
208
121
210
209
122
118
1168
1
88
119
1169
87
1256
484
1622
1768
278
279
1
1
1
1186
1224
1265
1276
1
2
1187
1225
1266
1277
1
1188
1226
1267
1278
1
1
2017
1
317
316
1
2
318
317
1
319
318
1
1594
576
1231
1212
1230
1018
1
696
697
565
109
292
1
2
1
1
1
2
480
638
537
369
1
481
639
538
370
482
640
539
371
1
434
171
433
629
654
748
1
2
3
401
510
418
435
172
434
630
655
749
1
2
402
511
419
436
173
435
631
656
750
1
403
512
420
437
174
436
632
657
751
404
513
421
33
230
32
228
253
347
72
405
406
109
1
174
17
244
76
76
317
76
339
77
119
144
182
47
204
121
276
238
333
110
283
92
353
33
185
16
247
15
78
211
236
347
45
296
330
387
386
389
261
59
438
437
587
752
332
1
514
404
231
481
329
439
438
588
753
333
515
405
232
482
330
34
33
183
365
348
72
405
333
329
341
340
173
404
407
77
75
207
206
356
521
101
506
502
514
513
250
98
219
277
276
426
472
497
591
320
101
43
44
106
152
177
215
271
152
135
170
109
108
258
423
3
408
404
416
415
1
2
1
822
1
823
227
471
1
2
3
4
228
472
1
2
3
229
473
1
2
230
474
1
231
475
1
536
650
1
2
3
4
5
218
217
257
389
642
603
537
651
1
2
3
4
219
218
258
390
643
604
538
652
1
2
3
220
219
259
391
644
605
539
653
1
2
221
220
260
392
645
606
540
654
1
222
221
261
393
646
607
541
655
223
222
262
394
647
608
318
483
432
505
529
1
39
171
424
385
114
319
484
433
506
530
40
172
425
386
115
279
444
393
466
490
784
132
436
385
346
147
375
381
384
385
389
312
261
334
358
386
253
214
57
37
156
228
304
74
142
86
28
32
106
10
3
68
79
116
89
114
59
24
8
111
769
874
81
99
105
1442
62
115
39
101
828
882
883
76
125
67
36
107
118
155
98
15
47
730
835
120
144
44
45
13
12
16
50
49
66
789
843
271
160
62
67
384
89
363
91
442
399
369
344
335
410
618
415
1377
1181
814
1299
487
1220
1450
1403
614
31
299
836
54
222
353
890
276
767
483
482
966
945
995
168
327
289
1706
1
2
1
1272
927
73
72
563
713
746
504
784
1
2
3
163
1
2
164
1
165
166
590
1
878
427
1384
223
1388
1165
54
568
335
217
294
311
30
492
543
290
690
827
786
1113
1035
627
1108
694
748
798
890
837
416
62
224
1389
1
2
1
1
2
1
281
1
2
3
1
2
1
1
2
3
4
1
2
3
1
2
1
1
1
306
305
397
396
307
306
398
397
402
680
806
1
91
90
403
681
807
92
91
311
589
667
715
1
312
590
668
716
1
2
3
4
5
1
2
3
4
1
2
3
1
2
1
283
284
67
66
65
64
162
161
160
289
288
159
63
62
650
1
2
3
95
94
93
222
221
92
4
5
651
1
2
96
95
94
223
222
93
3
4
652
1
97
96
95
224
223
94
2
3
653
98
97
96
225
224
95
1
2
555
1
2
127
126
3
163
99
100
556
1
128
127
2
162
98
99
557
129
128
1
161
97
98
428
563
564
1
130
290
226
227
429
564
565
129
289
225
226
558
160
96
97
654
1
655
242
416
851
171
654
1
1
186
185
579
1259
1550
228
1322
1791
1
1
720
600
1541
1
292
291
1
1
2
3
4
120
1
2
3
121
1
2
122
1
123
124
238
503
429
332
331
74
1
2
3
4
1
2
3
1
2
1
1
1683
1721
1773
1434
1
1435
1
2
3
4
1
2
3
1
2
1
1
1
1
1
1
2
3
1
2
1
1
2
1
1
2
3
1
2
1
355
821
334
225
408
130
596
665
852
183
53
413
482
1025
669
1090
1
1091
73
1
2
3
4
5
6
7
56
55
54
53
52
51
50
49
74
1
2
3
4
5
6
57
56
55
54
53
52
51
50
75
1
2
3
4
5
58
57
56
55
54
53
52
51
76
1
2
3
4
59
58
57
56
55
54
53
52
77
1
2
3
60
59
58
57
56
55
54
53
78
1
2
61
60
59
58
57
56
55
54
79
1
62
61
60
59
58
57
56
55
80
63
62
61
60
59
58
57
56
219
17
1
2
3
4
5
6
7
220
18
1
2
3
4
5
6
221
19
1
2
3
4
5
222
20
1
2
3
4
223
21
1
2
3
224
22
1
2
225
23
1
226
24
940
1
2
492
1
493
494
283
1006
587
810
965
906
1022
353
1248
1229
1247
1228
1151
1460
1474
1
2
3
4
1
2
3
1
2
1
1
2
1
423
422
464
463
476
491
421
420
1
2
3
303
302
301
300
424
423
465
464
477
492
422
421
1
2
304
303
302
301
425
424
466
465
478
493
423
422
1
305
304
303
302
426
425
467
466
479
494
424
423
306
305
304
303
80
81
82
83
84
85
86
87
120
119
161
160
173
188
118
117
1
2
3
79
80
81
82
83
84
85
86
121
120
162
161
174
189
119
118
1
2
78
79
80
81
82
83
84
85
122
121
163
162
175
190
120
119
1
77
78
79
80
81
82
83
84
123
122
164
163
176
191
121
120
372
435
633
544
713
663
696
735
778
619
759
1
700
373
436
634
545
714
664
697
736
779
620
760
701
1183
1231
1321
1373
1
720
1579
1590
174
724
827
1243
94
420
1
2
1
1490
303
230
73
1771
1
207
1
2
174
208
1
175
209
176
33
1434
1
2
3
4
5
6
7
1
2
3
4
5
6
1
2
3
4
5
1
2
3
4
1
2
3
1
2
1
421
662
708
707
1
663
709
708
421
1021
1052
1025
1055
985
861
160
191
164
194
124
98
231
256
283
153
152
81
367
118
350
392
407
406
409
1340
1553
1
1573
1554
1574
58
365
208
207
206
249
248
247
1
2
59
366
209
208
207
250
249
248
1
60
367
210
209
208
251
250
249
1
2
1
228
1
2
178
229
1
179
230
180
445
50
553
552
497
56
935
55
564
1133
380
472
502
507
403
559
542
512
484
1
144
549
508
143
90
219
416
381
473
503
508
404
560
543
513
485
145
550
509
144
91
220
417
236
328
358
363
259
415
388
852
853
398
368
340
427
405
364
1
54
75
272
237
411
329
359
364
260
416
217
399
370
369
341
427
406
365
53
76
273
290
382
412
417
313
469
329
164
452
422
394
459
418
129
326
161
335
253
283
288
184
340
293
39
323
139
24
294
293
265
351
330
289
211
197
229
36
194
138
1238
56
86
91
13
143
64
129
1124
1125
22
126
142
148
97
151
152
156
96
147
66
102
68
123
145
149
150
154
155
133
92
153
515
1012
497
600
723
872
165
166
1
2
3
306
1
2
307
1
308
309
1035
1123
848
847
1
874
755
754
885
1
2
875
756
755
886
1
876
757
756
887
421
429
1
2
3
4
430
1
2
3
431
1
2
432
1
433
622
533
1141
1427
310
1
311
1
1
101
100
189
99
188
114
102
101
190
100
189
115
851
1
88
2
87
13
89
1
88
291
14
628
90
1
380
75
89
290
15
629
235
74
367
490
512
434
433
432
557
506
481
25
133
32
711
426
366
345
626
1289
60
1
2
1
1
1207
1245
490
1286
1297
1
1208
1246
491
1287
1298
1
1
1
2
3
4
325
1
2
3
326
1
2
327
1
328
329
1077
1076
1079
1
509
510
250
249
152
325
151
1
251
250
153
326
152
1
2
1
1
2
3
4
1
2
3
1
2
1
1814
22
71
70
78
103
119
102
187
144
143
215
196
228
169
220
69
234
246
142
126
1
2
33
32
23
72
71
79
104
120
103
188
145
144
216
197
229
170
221
70
235
247
143
127
1
34
33
24
73
72
80
105
121
104
189
146
145
217
198
230
171
222
71
236
248
144
128
35
34
11
38
37
45
70
86
69
154
111
110
182
163
195
136
187
36
201
171
213
109
93
1
782
10
39
38
46
71
87
70
155
112
111
183
164
196
137
188
37
202
172
214
110
94
781
936
893
892
977
918
891
1584
1
2
3
4
5
6
7
8
9
10
11
12
1
2
3
4
5
6
7
8
9
10
11
1
2
3
4
5
6
7
8
9
10
1
2
3
4
5
6
7
8
9
1
2
3
4
5
6
7
8
1
2
3
4
5
6
7
1
2
3
4
5
6
1
2
3
4
5
1
2
3
4
1
2
3
1
2
1
2350
1505
1
2
3
1506
1
2
1507
1
1508
975
2352
1749
646
553
1644
1
1645
2319
1
1966
1967
954
312
183
413
642
1297
1283
1
101
184
230
541
725
90
128
312
102
414
2276
2267
2268
1671
1789
1
1672
1790
459
1605
1096
1095
86
1799
945
848
773
859
807
682
663
681
662
867
854
864
1648
1
1649
1768
1055
1030
293
292
492
199
200
1085
1034
1322
46
1080
1
2
3
4
5
47
1081
1
2
3
4
48
1082
1
2
3
49
1083
1
2
50
1084
1
51
1085
832
1
903
1203
514
833
904
1204
515
2036
832
1204
165
1096
1049
1813
1
492
1814
493
1313
1316
1317
1321
1
1309
2
3
1310
1
2
1311
1
1312
346
289
1087
1
151
2
252
150
121
347
290
152
1
253
151
426
195
138
922
910
153
101
1
348
291
254
152
356
94
37
775
840
835
102
103
458
196
139
966
1
459
36
199
140
651
967
646
1107
1067
716
1207
179
178
1028
1
1550
1029
1551
1105
1
2
3
4
1106
1
2
3
1107
1
2
1108
1
1109
341
2305
45
713
1118
739
776
803
1011
1
46
714
1119
740
777
804
1012
1733
1
2
1734
1
1735
1816
1808
1
2
1809
1
1810
1534
1
2
3
4
1
2
3
1
2
1
932
1334
1054
1227
1740
2059
2348
2325
717
1362
1565
976
975
1958
1
1959
1
2
3
736
1
2
737
1
738
739
692
800
647
890
909
1151
467
1909
1058
1201
1275
1300
1
1246
1108
412
704
1247
414
647
696
800
892
117
292
2
839
414
60
49
1178
1203
1200
1188
1
2
50
1179
1204
1201
1189
1
51
1180
1205
1202
1190
1982
417
413
608
921
1348
1617
1375
1415
1414
1417
1787
759
1
2
3
4
132
1
2
3
133
1
2
134
1
135
136
39
976
1
190
2
977
191
1
786
1459
192
978
1711
1842
80
358
354
376
383
454
465
502
522
327
326
314
336
288
519
324
507
813
917
1009
409
119
956
297
57
1297
1308
354
294
756
860
952
899
356
100
498
1737
398
1162
1158
1180
1239
747
865
1338
1
234
748
866
1339
235
513
36
631
836
129
1659
1941
240
1701
1822
1176
1155
1205
218
402
12
1761
966
1398
2069
824
2347
1807
1
2
1808
1
1809
843
1630
1810
1226
1112
1207
1308
1329
1464
803
793
792
435
30
1029
368
358
357
1039
852
1082
1
867
868
2053
841
1212
484
1099
986
1219
1228
1
1138
1003
826
1147
1179
1100
1155
1310
1
1326
2
3
4
1311
1327
1
2
3
1312
1328
1
2
1313
1329
1
1314
1330
1636
1530
1652
1
1637
1531
1653
383
382
607
1463
1380
1987
2368
2071
1988
1637
608
1
741
1326
1434
1148
1935
1602
174
1
1428
175
1580
1603
244
1283
1039
1038
419
339
794
795
219
165
164
163
1
399
778
420
340
795
796
400
74
375
442
200
506
517
120
376
54
55
56
46
220
180
429
496
254
560
571
174
1
2
100
166
234
430
497
255
561
572
175
1
101
165
235
431
498
256
562
573
176
102
164
236
195
262
20
60
293
265
341
320
370
316
474
296
1793
488
294
311
849
527
526
929
901
1029
293
507
455
556
234
233
636
608
66
65
515
479
736
339
214
162
495
506
342
427
432
452
27
20
19
422
394
442
403
494
507
52
394
72
71
474
446
295
217
216
215
494
455
464
264
1844
1793
769
504
503
723
818
730
455
843
6
2301
1516
1508
1492
1
1517
1509
1493
924
791
1331
1446
1432
2353
509
68
1
2
3
4
510
69
1
2
3
511
70
1
2
512
71
1
513
72
763
1177
1142
106
1229
544
864
869
1283
1248
650
970
349
496
479
587
677
620
673
642
668
681
699
666
653
14
492
1026
1358
1448
496
244
910
530
862
952
925
950
947
935
252
1766
1
364
1767
365
1164
1402
1461
1977
1168
894
759
809
853
28
728
709
727
708
910
1632
1627
1483
189
1003
1294
1471
1472
2373
1398
189
972
1292
1209
195
783
1103
666
1184
1022
1307
1031
1807
1818
1
1808
1819
1322
1126
1281
1338
216
316
1106
687
910
1065
1006
183
100
1643
1447
1602
1659
559
1056
1107
1097
1108
1071
723
963
1123
669
1073
1736
1422
92
410
74
89
369
357
405
362
341
391
337
304
220
219
207
229
181
179
119
317
2084
610
1094
1440
1474
1057
370
1015
1069
2125
750
1076
1104
1101
1
2
3
1039
751
1077
1105
1102
1
2
1040
752
1078
1106
1103
1
1041
753
1079
1107
1104
1042
1
1553
1605
1554
1606
1048
836
835
966
962
984
157
1
679
678
642
691
705
704
750
736
158
664
837
836
967
963
985
1808
1728
1498
1998
1670
1378
1338
1411
1378
1
2
1105
1412
1379
1
1106
1413
1380
1107
1778
1790
1
1779
1791
2317
2088
2081
685
294
1234
1235
1
438
785
686
295
1235
1236
439
786
189
353
795
144
785
796
797
347
597
133
74
386
365
327
401
426
491
346
423
438
449
450
411
253
252
240
262
214
1663
1664
186
530
1477
1478
458
344
665
1133
1134
625
624
594
1053
136
1
2
1054
137
1
1055
138
1302
1232
1
1303
1233
536
1609
1558
1409
1791
1110
1657
1827
1
1658
1828
1899
1
1900
489
435
316
434
141
217
216
1
57
490
436
317
435
142
218
217
58
432
378
259
377
84
160
159
971
1
2
3
4
1
2
3
1
2
1
1756
1821
1593
1983
1272
66
574
1313
1324
603
669
537
462
29
710
721
424
382
698
702
596
697
700
1316
1
1337
650
649
135
1
1202
515
514
329
136
1338
651
650
1117
1638
1255
1381
2027
611
884
1411
1422
1416
709
1002
643
213
137
506
76
1339
1310
1340
1318
1663
1670
1366
759
203
481
762
769
794
796
884
897
869
607
1411
1419
753
1671
68
67
89
666
460
63
694
698
699
700
656
41
98
677
326
27
26
130
707
501
719
22
735
697
57
603
718
367
30
31
187
764
558
776
35
792
754
775
424
394
393
237
340
134
352
389
368
319
298
348
294
373
374
330
351
468
469
470
357
1240
1144
1
2
1399
1
940
1242
1146
1
2
1
711
792
1032
828
402
457
509
550
584
425
424
453
309
390
452
518
37
608
567
426
55
107
148
182
254
335
315
567
543
565
569
570
174
414
575
371
52
93
127
260
202
283
263
515
491
513
517
518
70
501
460
319
41
75
164
161
242
222
140
474
450
472
476
477
335
278
1611
34
127
208
188
435
441
444
445
449
369
448
145
426
385
244
1938
945
1122
1017
1
946
1123
1018
2044
1
2045
1798
1506
1541
672
333
589
648
266
680
670
683
700
655
276
277
98
170
304
865
924
946
959
931
1
178
106
580
866
925
947
960
932
179
107
581
788
778
781
753
764
786
790
791
72
759
818
840
853
825
474
604
189
188
217
381
387
390
391
395
216
282
265
366
379
96
351
354
319
519
401
638
825
30
558
423
327
911
137
304
576
572
594
689
644
649
669
550
711
724
741
742
604
1330
1336
1339
1340
1344
1952
2046
1822
1742
485
592
122
121
85
134
148
147
320
325
345
305
193
179
304
300
312
311
415
218
2203
192
645
328
646
19
76
542
574
411
709
589
216
164
591
140
121
139
457
468
429
434
454
112
526
527
504
490
439
493
217
492
810
145
88
378
410
545
339
425
578
579
427
273
562
77
674
685
329
743
744
546
534
556
508
1403
454
1
2
455
1
456
607
312
89
99
390
110
51
1
122
121
68
697
2
67
120
608
313
90
100
391
111
52
123
122
69
698
1
68
121
485
190
33
199
171
23
268
12
71
1
54
575
124
55
2
486
191
32
200
172
22
269
11
70
53
576
123
54
1
539
244
21
253
225
31
322
42
17
70
1
52
609
314
91
101
392
112
53
699
69
122
540
245
22
254
226
32
323
43
16
53
487
192
31
251
201
173
21
270
10
69
2141
969
965
987
1123
1134
1135
430
837
621
539
535
485
593
557
657
645
602
574
704
705
682
668
1471
246
136
447
446
242
1225
110
201
200
1220
1313
1335
311
310
1026
1029
1030
1034
1024
1
594
880
1031
1014
1000
121
260
191
350
301
200
339
76
269
323
475
121
451
473
477
478
552
613
812
487
426
1038
661
751
803
1339
1834
1278
2075
2001
1205
2024
1618
7
124
125
218
219
220
221
37
222
816
453
1
2
123
124
217
218
219
220
38
223
817
454
1
122
123
216
217
218
219
39
224
818
455
1464
1423
1278
1428
1480
1052
321
1106
1117
1115
1122
1133
720
1773
1734
1146
1534
1628
1391
2349
2086
866
1222
1228
1231
1232
1236
1220
845
937
1024
916
953
990
1015
1012
881
1667
1592
1657
1616
1438
1383
1470
1399
1427
1434
2090
1823
1835
1840
2377
2022
2089
435
502
277
258
231
170
355
635
636
238
53
184
261
108
149
619
251
40
279
197
264
39
20
7
328
339
68
117
397
398
395
185
54
23
130
50
950
89
436
382
449
224
205
178
117
302
582
583
285
131
208
55
96
368
305
251
318
93
74
47
14
171
369
330
451
452
449
77
76
35
291
228
633
174
241
16
3
30
353
91
94
292
253
374
375
134
135
165
153
112
381
327
394
169
150
123
187
62
247
527
528
41
511
340
18
286
353
128
109
82
21
206
404
365
486
487
41
1094
989
1208
1942
612
161
365
405
393
213
431
442
422
435
452
453
409
407
440
444
445
347
436
265
508
712
541
752
740
769
782
799
800
756
754
388
1
1827
2033
1593
1828
1095
1207
1296
1346
1211
1260
1449
1434
1
546
1450
1435
547
903
1055
1095
888
1094
1097
1654
725
527
590
684
631
627
639
638
741
393
605
952
933
951
932
722
383
1253
1234
1113
1062
1649
1
722
109
1650
723
110
1498
1621
20
319
25
274
433
412
462
408
487
488
21
22
52
399
471
388
945
873
797
1217
949
1195
1
946
874
798
1218
950
1196
699
1014
1013
656
1773
1735
1
1774
1736
1351
1350
1320
774
509
508
728
823
735
460
848
79
479
5
1
729
824
806
817
736
698
103
832
927
909
920
839
801
946
407
805
34
1040
102
1
2
509
907
68
1142
101
100
408
806
33
1041
395
1
948
409
807
32
1042
1470
1495
1354
1589
1420
141
537
823
835
969
945
967
971
972
2392
1249
1599
510
1680
1776
1812
1837
1605
1641
1666
1586
1287
1228
1265
1327
1247
1312
1544
955
1587
339
1336
1342
1345
1346
1350
1139
489
1430
501
685
454
374
497
196
468
517
531
530
745
576
562
184
706
1006
1034
1038
859
925
983
1040
1032
55
775
121
640
833
832
861
860
926
934
933
962
552
1034
961
1027
1137
373
2110
1
1529
1684
1
1655
1530
1685
1656
282
242
281
682
553
487
467
466
503
497
519
1
2
283
243
282
683
554
488
468
467
504
498
520
1
284
244
283
684
555
489
469
468
505
499
521
1090
1136
981
1040
1086
1110
689
1106
353
402
271
406
394
292
442
423
436
453
454
408
451
431
417
388
389
390
1226
1232
1235
1236
1240
1129
1063
1046
1051
1071
1128
1134
1137
1138
1142
1471
1477
1480
1481
1485
595
819
824
844
901
907
910
911
915
660
140
15
690
696
699
700
704
235
240
425
482
446
343
183
307
342
527
370
1032
1035
1036
1040
962
863
744
1684
1687
1688
1692
1685
1688
1689
1693
1031
1343
1346
1347
1351
1
1032
1344
1347
1348
1352
1135
1111
1138
1139
1143
268
399
508
509
867
870
871
875
874
131
445
698
579
240
378
736
712
739
740
744
632
628
640
639
743
109
120
121
1099
269
627
603
630
631
635
634
350
632
142
81
173
416
422
384
372
425
426
430
141
421
397
419
423
424
429
253
134
1686
1689
1690
1694
1339
1345
1348
1349
1353
1311
1
2
374
1
375
376
1418
1429
993
1000
1025
1027
1115
1128
1100
1
994
1001
1026
1028
1116
1129
1101
1090
1097
1122
1124
1212
1225
1197
1544
1551
1576
1578
1028
945
950
970
890
897
922
924
554
102
137
474
391
396
416
473
479
482
483
487
336
343
368
370
406
367
232
1145
457
456
455
584
583
454
294
1062
990
914
88
1
207
1063
991
915
89
208
855
783
707
119
1079
1090
2370
927
1099
1532
391
80
308
370
332
40
406
431
351
428
443
416
452
54
55
85
526
252
421
524
446
834
969
926
905
955
901
827
978
643
560
655
637
648
567
658
683
680
529
668
169
272
1836
1847
1
879
1219
1347
1323
1345
1349
1350
1
1348
1324
1346
1350
1351
715
652
360
775
1325
555
160
97
785
744
159
619
600
618
599
749
801
73
233
170
858
817
232
692
673
691
672
822
874
1478
1454
1476
1480
1481
1309
1350
1326
1348
1352
1353
1479
1455
1477
1481
1482
1033
1009
1031
1035
1036
1
612
865
746
1034
1010
1032
1036
1037
613
866
747
78
303
263
445
393
344
243
296
119
312
366
518
494
516
520
521
43
524
2092
712
739
820
958
877
1012
760
883
1028
81
2366
262
92
91
652
229
1094
1129
990
286
285
380
284
442
665
294
725
290
128
801
80
1390
1180
1449
1453
685
705
754
623
758
746
644
794
775
788
760
803
352
840
1129
1140
1109
1116
1138
1142
1143
928
962
884
883
882
931
1100
1552
1468
1724
39
1046
1320
1218
117
1322
156
929
1203
1101
1202
1205
1
2073
2104
449
450
60
270
378
55
24
29
162
250
468
459
472
444
485
57
1379
89
184
506
507
647
117
222
251
10
276
112
81
28
219
193
411
240
241
432
433
146
127
1835
377
1323
756
116
1118
1990
1825
867
597
567
1130
1009
958
1496
1867
1224
1204
1208
1238
1168
1
1380
1376
1388
1387
2302
2285
773
671
1199
1198
248
525
423
951
950
1243
1160
1461
1410
1660
452
1592
1512
1
1785
1679
729
1082
1093
717
1151
1152
96
170
825
1178
1189
1247
1248
266
559
912
923
981
982
855
854
871
2045
2056
316
913
924
568
982
983
456
17
37
239
31
1222
1293
1304
616
1346
1110
826
825
1294
1305
1342
1052
1355
1426
1437
1431
2122
1032
1081
1095
1094
1140
1126
1356
1427
1438
436
375
1731
1218
86
85
168
1
132
133
87
86
167
131
132
218
217
1
219
218
214
1959
696
1234
1239
1228
1235
1216
126
624
1776
1757
1157
1186
1338
1349
1040
132
1289
1318
1470
1481
24
518
389
323
303
226
302
339
333
355
239
249
1
2
3
4
25
519
390
324
304
227
303
340
334
356
240
250
1
2
3
26
520
391
325
305
228
304
341
335
357
241
251
1
2
27
521
392
326
306
229
305
342
336
358
242
252
1
28
522
393
327
307
230
306
343
337
359
243
253
1378
198
756
363
1085
169
1493
561
1835
1730
576
1860
1730
1853
1680
1639
1593
1696
171
1464
1594
1700
1407
1388
1384
1396
1395
1012
1255
1251
1263
1262
1368
1230
1256
1252
1264
1263
747
1977
478
315
490
1039
1035
1047
1046
1149
515
1389
1385
1397
1396
778
698
1
578
524
523
522
758
779
699
579
525
524
523
759
154
390
74
377
384
409
411
529
530
134
2365
17
18
539
1425
1513
1562
594
808
1470
1838
1024
175
176
177
1
2
1
1618
1669
1699
1378
622
281
1041
670
760
812
721
75
631
1043
852
1406
1411
1431
1687
1659
413
834
1247
1302
1542
790
1248
1410
602
495
962
1149
972
364
892
1212
1163
256
513
13
1228
1148
1485
207
206
697
847
880
638
637
122
111
206
207
110
274
571
604
410
270
1
237
2
112
205
206
111
275
572
605
411
271
238
1
126
443
444
127
37
334
367
892
173
33
441
442
639
239
113
204
205
112
276
573
606
412
272
1028
1043
1349
1242
1359
1371
1780
1837
1390
399
115
351
35
338
345
370
372
182
183
490
491
85
139
140
141
39
95
2277
1321
1302
1320
1301
844
1285
1610
1591
1
1286
1611
1592
1460
1785
1766
1086
1411
1392
1452
771
1287
1612
1593
1055
1786
1767
1
1787
1768
1456
1412
1393
1272
1221
1788
1769
1881
107
880
968
1060
1041
812
1153
1
699
849
882
235
1120
920
901
653
497
13
289
775
750
627
637
869
818
489
276
476
200
1264
1239
213
263
13
1065
1130
1051
1026
1371
2045
1153
1158
1178
744
1155
1230
1237
159
85
147
307
395
373
568
574
481
501
462
563
584
297
327
349
223
382
308
370
596
791
797
724
685
786
520
550
572
1128
701
998
635
372
634
350
43
101
832
530
529
566
696
680
707
131
164
273
314
567
1354
1628
1668
1667
1670
1426
1078
1202
987
1245
1178
1
722
1079
1203
988
1246
1179
723
1890
959
1803
1764
2086
2034
1801
1876
1866
1296
1455
1
2
460
1297
1456
1
461
1298
1457
462
836
995
974
1024
970
950
744
723
685
779
759
784
704
781
753
732
782
728
769
641
656
972
929
908
958
904
830
176
884
1105
1084
1134
1080
1159
1160
1060
760
1113
1101
1130
1143
1115
1158
1001
1318
1297
1347
1293
1356
1273
1134
193
1321
1277
1258
1248
1370
1
1626
1863
1
1627
1864
223
295
996
975
1025
971
242
241
951
19
353
252
394
200
760
785
302
53
782
770
1
18
354
251
395
199
761
786
303
54
783
771
1504
1644
1825
772
691
159
980
110
109
108
107
662
581
49
870
1047
1
2
3
663
582
50
871
1048
1
2
664
583
51
872
1049
1
665
584
52
873
1050
609
1148
1499
1480
259
350
90
3
889
1240
1221
1520
175
546
551
571
595
620
617
522
643
644
605
641
240
63
232
335
217
415
855
287
835
860
857
845
375
374
344
623
1410
1487
1503
1479
167
615
1713
2247
1108
1087
1137
1083
985
1074
1146
1063
