4336
2072
4674
4740
7638
6197
679
838
1786
2642
2614
2676
2707
1681
1665
5729
5786
3279
3223
6343
3538
5135
273
104
1137
1169
3898
374
459
7142
816
7067
2300
2254
1431
4437
4188
4146
4206
2661
5627
2595
1796
4256
1816
1753
1768
6088
1714
2121
2107
2169
1860
1444
1534
2016
1630
1403
2181
2211
2187
8104
7598
7770
5901
5744
3331
8148
3324
3289
7549
7663
7722
1384
3211
6430
3389
2079
6346
6310
6248
4942
716
6696
6656
5119
5293
7802
7925
7888
7870
5168
6574
2872
7882
127
157
290
1136
6763
6758
807
1135
1155
848
817
954
950
977
7441
3932
347
772
661
446
7334
334
5433
2452
5402
5337
550
6971
6909
7230
7090
6844
6852
2373
2305
2307
2336
2435
2436
2428
2407
2400
2261
2290
2355
4374
4317
4191
4197
4238
4246
4095
4099
4075
4154
4155
4178
5613
4182
5595
5588
5571
5564
5392
5535
5497
5465
5482
5523
2564
2556
2668
2453
2593
2589
2581
2620
2637
4270
2643
4241
1792
1757
1690
2693
2685
2729
2504
2495
652
596
616
6014
5998
5993
5946
4897
5970
6038
1709
1700
1728
1744
2148
2117
2137
2088
1947
2128
2133
1740
1738
1781
1777
1869
4422
1862
4392
4423
4308
2255
1484
1459
1505
1458
4387
1582
2025
1586
1600
1642
4477
8094
8091
1621
1411
1420
2191
2070
8190
8114
2231
3368
3420
4708
4703
4676
4523
8133
4521
4512
4500
4571
4561
4559
4798
5797
5706
4630
5921
5900
5909
5773
5780
5914
5872
5879
5776
7553
7555
7541
7478
3274
7590
4825
3351
3338
3267
3260
3228
3217
3155
3116
3119
3120
7622
7753
7621
3132
7695
7643
7716
7957
5270
5266
3099
3096
3129
3093
3100
1255
1282
1374
1243
6293
1389
1333
3259
3208
3362
1897
6342
6412
6394
6371
2246
2064
6373
6074
6147
6206
6230
4867
6185
4914
4973
4844
4847
1318
4978
4990
5134
5051
3946
6754
6717
6713
6803
6814
6749
2826
2748
2829
6631
1327
1314
1322
1212
1363
5254
1177
3054
5175
5202
5268
7899
7897
7939
7860
7873
7879
8031
2993
8015
7979
180
2986
2793
2935
2912
2820
2953
2831
2796
2780
2853
2766
2783
3085
193
207
175
149
140
122
240
99
142
50
46
19
3457
227
2895
3527
3521
3470
3738
3705
3722
3542
3770
3776
2887
6539
6568
3962
6517
6525
3548
6502
3970
3977
4012
3603
3621
3679
3697
3713
3726
3645
3634
1112
3802
3846
922
1152
1080
1048
849
1065
919
936
3820
3903
1006
7168
7311
7156
3934
3924
3830
4057
4046
4043
3784
3786
3871
3851
3857
5097
4945
4931
4898
758
676
690
733
694
696
627
798
361
390
707
684
729
371
7358
7319
7277
7224
576
397
7331
381
386
409
453
450
380
588
5432
5421
5359
505
6989
6950
7218
549
7231
6927
6937
6847
6837
6836
7144
6841
7200
7250
7288
7247
972
964
973
7019
7060
881
854
7069
7068
7093
7082
7132
7109
7046
7044
2362
2383
2395
2361
2365
2370
2316
2314
4106
2286
2322
2340
2299
4082
4079
4076
4074
4083
2354
2349
2294
2335
2414
2412
2437
2433
2431
2441
2421
2426
2283
1440
2252
2253
2258
2406
4333
4329
4328
4306
4309
4316
4315
4331
4334
2356
2295
4312
4313
4464
4369
4361
4363
4362
4342
4343
4299
4455
4357
4349
4350
4456
4454
4453
4292
4200
4280
4255
4373
4250
4235
4239
4266
4263
4209
4217
4215
4230
4094
4084
4072
4117
4112
4065
4123
4098
4096
4153
4058
4140
4135
4141
4164
4176
4179
4187
5612
5639
5631
5632
5630
5625
4205
4204
4068
5586
5604
5607
5580
5584
5592
5367
5366
5578
5628
5626
5629
5633
5559
5558
5566
5563
5562
5393
5518
5491
5528
5525
5520
5480
5526
5380
5474
5485
5487
5464
5551
5549
5375
5378
5382
5377
5379
5368
2663
2664
2552
2551
2474
2473
5548
5552
5543
5537
2470
5547
2481
2480
2460
641
640
2487
2502
2522
2528
2518
2594
2499
2603
2578
2615
2657
2654
2623
2570
2625
2566
2638
2630
2446
2573
2571
2659
4262
4275
4276
4285
4290
2575
1785
1797
4288
1799
1773
2611
1752
1759
1803
1741
1747
1727
1711
1725
2688
2692
2690
1672
6066
6063
2682
2714
2696
1754
2710
2708
2709
2507
2503
2705
2671
2512
2511
603
594
664
599
604
2670
6017
6004
6009
5940
5992
6007
6057
2718
2722
2717
2680
6051
5969
6095
6090
5954
6031
6022
6024
6021
5941
5951
5961
5968
5149
4909
4910
4911
4907
6129
6134
5979
5967
6094
6144
6073
6203
6083
6354
6117
6121
6122
6103
1705
1703
6101
6116
6124
2160
2156
2155
2167
2159
2163
2151
2149
2119
6356
6348
2100
2094
2097
2105
1943
1939
2177
1938
2174
2178
1981
1976
2014
1983
1985
1984
2001
2007
1919
1912
1990
1987
2153
1925
2126
2132
2134
1834
1861
1837
1839
1802
1879
1811
1823
1855
1842
4413
4425
4444
4391
4389
4426
1826
1829
1848
1907
1914
2003
2019
2029
2027
2023
2031
2042
4395
4405
4400
4378
4396
4385
1461
1462
4377
1478
1482
1479
1450
1451
1504
1539
1527
1506
1497
1498
1565
1557
1500
1526
1552
1535
1537
1972
1580
1604
1614
1401
1406
1611
1609
1613
1598
1612
1593
1594
1588
1627
1641
1619
1624
1639
1638
4493
4492
4496
4485
4470
4491
4495
8110
8087
8139
8135
8124
8099
1663
8076
8075
1662
1412
1427
8113
1426
8115
8116
8118
2207
2081
2076
2074
2058
2077
2196
2217
2221
2224
2226
2230
2227
8166
8156
8179
8173
8175
8153
8158
4673
4679
8161
8160
8162
8163
3385
3374
3391
3377
4695
4642
3399
3390
3327
3405
3320
4639
4640
4702
4696
4687
4822
4842
4653
4650
4663
4657
4661
4680
4672
8131
4554
4665
4664
4570
4534
4504
4467
4528
4545
4540
4537
4564
4738
4737
4620
4617
4614
4607
4599
4581
4627
4731
4729
4720
4769
4723
4726
4767
4764
4779
5790
4761
5727
5716
5720
5700
4587
5675
5673
5654
5650
5652
5925
5924
5655
5916
5894
5899
5888
5848
5850
5846
5840
5842
5813
5843
5845
5782
5821
5831
5704
5804
5792
5875
5870
5871
5868
5865
5858
5859
5774
5811
5758
5762
5771
5740
5764
5757
5753
5751
5734
5735
7523
5748
7530
7578
7583
7535
7537
7539
7527
7610
7534
7449
7450
7447
4711
7603
7612
4791
4790
4780
4834
4832
4827
4809
4828
7595
7480
3352
3330
3204
3203
3184
3166
3244
3245
3227
3225
3163
3144
3162
3172
3127
3128
3141
3125
3137
7780
3117
3121
7461
7462
7458
7489
7557
7624
7619
7556
7563
7564
7513
7512
7491
7503
7516
7735
7763
7756
7758
7767
7747
7669
7684
7727
7636
3135
7630
7629
7674
7687
7671
7676
7614
7696
7668
7710
7613
7706
7713
7829
7831
7816
7813
7956
7958
7820
7805
7839
7838
7822
5289
5285
5294
5279
5156
5323
5303
5288
7652
7654
3143
3111
3109
3435
5316
5314
3101
3108
3107
1342
5317
5313
5312
5218
5209
5210
1354
1382
1339
6290
6179
1234
1252
1246
1247
6287
6235
6292
6169
6298
6282
6295
6421
6184
6151
6166
6173
6167
3221
6153
3263
3262
3182
3257
3253
3252
3235
3234
3268
3293
3312
3303
3364
3301
3294
3416
2236
3365
6439
6438
3359
6406
6431
6339
6317
6318
6314
6303
6304
6340
6433
2244
2243
1893
1891
1895
1889
1887
2071
2063
6350
6353
6383
6380
6379
6372
6376
6374
6401
6209
6213
6257
6198
6223
6221
6227
6331
6236
6231
6220
6255
6242
6251
4859
4855
6239
6241
6192
6187
6207
4965
4963
4961
4981
4980
5045
5041
4967
4876
4858
4856
1396
1309
5026
5123
1319
1311
6683
6685
5018
5062
5144
5145
5108
5137
5067
5092
5066
5064
5049
5053
5048
4001
4004
3982
3964
3999
3996
6735
6737
6724
6731
6739
6736
6790
6702
6704
6716
6693
6691
6679
6673
6658
6666
6659
6668
6800
6793
6747
6797
6798
6791
6817
6816
6819
2828
2746
6650
3047
6632
6633
3045
3033
3030
1223
1221
1224
1205
1203
1207
6671
1293
6674
1297
1298
1300
1211
1286
1299
1325
1328
1263
1366
1367
1218
1192
1189
1365
1358
5228
5225
5255
5227
1188
5249
5150
3062
5258
5257
5253
5171
5176
5177
5185
5189
5178
5204
5200
5241
5251
5280
5273
7847
5159
5160
7970
7966
7851
7965
7962
7963
7943
7945
7947
7892
7941
7940
7919
7896
7895
7854
5197
5196
5165
5195
5184
5182
7862
8039
8062
7877
7863
8005
7986
7997
7978
8023
8018
8016
7982
7984
192
8010
3091
2991
2990
2989
8057
8059
2981
3015
2968
2789
2967
2962
8027
8041
8042
8043
5169
8028
2922
2933
2928
2915
3063
3065
2913
2946
2951
2941
2787
2958
2956
2815
2786
2801
2782
2774
2814
2847
2849
2858
2739
2852
2855
2778
2805
2759
214
213
215
3009
2999
3012
3011
3020
3017
3018
2983
2980
2970
7
2984
178
179
173
205
204
196
118
183
187
88
184
169
8
209
5
2975
216
113
96
98
102
144
158
93
156
160
159
124
155
154
131
132
129
61
75
84
49
48
86
70
42
41
38
31
293
252
250
249
97
220
219
259
267
281
230
2894
2860
2840
2838
2896
3448
236
241
3459
3455
3449
3472
3479
3514
3504
3486
3481
3484
3554
3731
3752
3778
3464
3439
3779
3760
6622
6460
6545
3496
3515
3505
3518
3511
2886
2888
2867
6537
6454
6453
2871
2876
2878
2810
6451
6455
6452
6575
6450
6811
6784
6780
6581
6604
6607
6605
6547
6462
6612
6490
6489
6513
6591
6592
6585
6467
3963
6770
3967
3985
6469
6493
6495
3987
3981
3980
3988
6510
6499
6503
3559
3560
3567
3564
3562
3557
3678
3537
3541
3535
6620
6618
3768
3769
3766
3767
3703
3739
3701
3707
3718
3723
3725
3716
3696
3727
3648
3632
3614
3609
3633
3626
3627
3578
3580
3584
3595
3587
1105
1133
1107
1110
1114
1111
1097
1092
1138
1131
1128
1124
1163
1159
1160
1084
1083
1157
1050
858
866
853
851
1057
1056
1071
839
986
997
1033
1010
920
1068
1069
910
1100
907
918
916
915
933
935
944
942
1031
1036
1001
1034
1007
1003
7373
7374
7170
7169
7439
7158
7442
897
928
3825
7154
4050
4042
4036
3832
3828
3927
3849
3798
3804
3805
3803
3808
4027
4023
3810
3599
3606
3602
4024
4017
4053
3949
3950
3945
3944
3956
3955
3864
3863
3785
3869
3913
3915
3899
3894
3872
3860
3853
3873
715
691
5033
5082
3788
3790
5095
5094
5100
4999
5001
4882
4984
4997
5006
4991
4975
4916
4913
4901
4986
755
4923
4922
752
754
749
739
673
4938
4883
4953
4948
701
349
342
697
795
736
761
775
776
797
618
790
630
628
631
659
626
325
404
358
360
357
355
378
379
7341
7350
7357
389
387
372
725
723
724
727
730
3886
3881
3891
3930
3888
7152
7160
7361
7356
7321
7324
7313
7399
7419
7414
7406
7408
7412
7421
572
7172
569
562
577
585
584
541
434
433
583
430
394
395
7336
401
423
364
445
425
452
451
375
414
406
330
317
314
497
499
487
469
5458
475
472
522
337
436
432
426
520
5325
5333
5339
5435
5438
529
5434
5405
5455
5396
5417
5406
5507
5414
5418
5494
5505
5326
5351
5352
5349
5347
5331
5343
6985
6986
6978
6970
547
6972
507
513
506
551
548
6966
6959
6944
6945
6942
6943
6961
6957
6896
6953
6998
6999
6922
6897
6939
6903
6899
6935
6912
6829
6857
6859
6892
6913
6900
6864
7198
6882
7285
7292
7295
7271
7272
7207
6906
6905
7216
7427
7228
7227
7308
7436
7435
7389
7390
7383
7371
7382
7366
7174
7369
7367
1038
7187
7185
7184
7183
7179
7281
7287
7251
7248
889
891
886
887
7256
982
974
1021
1018
967
957
830
820
871
844
821
822
7061
827
885
7077
7066
7054
7092
7087
7043
7041
7099
7076
7102
7012
7017
6875
7139
7084
7114
6846
6850
6854
6835
7113
7121
7027
7128
7025
7036
7038
2364
2363
2386
2385
2384
2375
2381
2378
2379
2380
2377
2376
2388
2387
2397
2389
2391
2390
2366
2392
2382
2371
2367
2368
2369
2302
2304
2321
2320
2311
2317
2267
4107
4104
2315
2312
2318
2323
2313
2297
2296
2310
2324
2308
2319
2306
2303
2338
2330
2329
2350
2345
2341
2337
2309
2287
2298
4078
2342
2343
2443
4081
4080
2353
2352
2358
2360
2359
2344
2348
2351
2346
2432
2434
2438
2442
2326
2347
2332
2331
2339
2334
2328
2327
2333
2394
2393
2396
2372
2272
2374
2413
2325
2410
2411
2415
2270
2427
2425
2418
2420
2417
2440
2439
2430
2408
2416
2419
2409
2405
2404
2403
2280
2278
2279
2422
2424
2423
2277
2271
2275
2274
2276
2285
1428
1432
1433
1429
1446
1434
1430
1435
1439
1437
1447
1453
1438
2249
2284
2251
1436
2281
2282
2273
2256
2263
2264
4379
2265
2250
1454
1455
1456
1463
4376
4380
4401
4399
4382
4407
4404
4402
4307
4304
4381
2262
4298
4303
4327
4324
4326
4332
4335
2260
2259
2257
2266
2398
2401
4330
2288
2402
2399
2429
2268
2289
2291
2292
2269
2293
4314
2357
4323
4325
4322
4339
4318
4319
4364
4346
4367
4348
4345
4347
4344
4354
4356
4358
4353
4341
4338
4340
4321
4320
4310
4302
4383
4305
4301
4409
4388
4403
4410
4406
4390
4421
4420
4408
4429
4419
4424
4418
4417
4447
4452
4449
4375
4300
4448
4450
4451
4457
4458
4441
4439
4445
4446
4416
4432
4430
4443
4442
4459
1870
4440
1866
1867
1868
4462
4461
4460
4435
4436
4434
4201
4199
4198
4196
4195
4463
4352
4351
4355
4193
4192
4194
4226
4365
4190
4366
4219
4251
4243
4225
4189
4227
4232
4231
4234
4249
4248
4247
4223
4244
4228
4224
4159
4156
4221
4220
4085
4222
4130
4124
4089
4093
4091
4090
4092
4245
4371
4372
4359
4086
4088
4368
4370
4360
4070
4337
4311
4073
4071
4069
4113
4116
4077
4067
4114
4115
4109
4108
4110
4087
4111
4120
4129
4125
4131
4139
4097
4119
4122
4121
4100
2301
4066
4101
4152
4103
4105
4102
4150
4151
4148
4149
4145
4147
4144
4142
4136
4143
4137
4138
4118
4127
4128
4126
4157
4158
4160
4165
4166
4167
4162
4168
4174
4169
4170
4134
4171
4064
4132
4133
4180
4181
4177
4183
4185
4184
4186
5643
5641
5616
5614
5615
4207
4202
5611
5594
4203
4210
4208
4172
4175
4173
4163
4161
4214
4212
4211
4216
4218
4213
4229
4233
4242
4240
4261
4271
4268
4269
4267
4259
4258
4260
5600
5602
4265
4264
5601
5603
5598
5596
5597
5555
5599
4257
2619
2618
2640
2636
2635
2641
2639
2633
2632
2629
2634
2622
2626
2547
2549
5590
5591
5589
5587
5585
5582
5624
5608
5610
5605
5609
5593
5620
5606
5618
5623
5621
5619
5642
5640
5637
5634
5635
5622
5617
5636
5638
5560
5644
5556
5557
5561
5581
5579
5576
5583
5572
5575
5577
5574
5573
5386
5385
5394
5565
5516
5570
5569
5567
5568
5519
5512
5514
5515
5509
5510
5511
5532
5534
5533
5521
5531
5530
5475
5527
5522
5486
5472
5473
5383
5384
5513
5517
5381
5395
5391
5371
5372
5540
5374
5376
5373
5476
5488
5545
5553
5538
5550
5544
5546
2454
5536
5539
2461
5364
5541
5370
2555
2553
2554
2561
2569
2567
2557
5365
5390
5388
5389
5387
5363
5369
2665
2666
2662
2548
2667
2624
2563
2565
2568
2562
2627
2628
2558
2560
2559
2591
2592
2590
2597
2583
2582
2584
2596
2519
2520
2539
2542
2537
2535
2534
2532
2533
2521
2477
2445
2531
2479
2478
2464
2462
2465
2466
2475
2471
2472
2463
2469
2476
2483
2482
2484
2489
2486
2488
2455
2467
2468
2530
2536
2529
2525
2523
2546
2524
2526
2527
648
645
635
644
647
646
639
642
643
650
593
638
2515
2513
2496
2494
2493
2514
2516
2510
2509
2508
2506
2492
2491
2545
2538
2541
2544
2543
2500
2498
2540
2517
2602
2601
2604
2600
2497
2501
2550
2607
1769
2609
2608
1771
1775
1767
1774
1758
1760
1801
1772
1770
2610
1670
1798
1790
1791
2616
2613
2617
2612
2606
2605
2599
2598
2588
2580
2646
2651
2587
2585
2586
2621
2648
2631
2649
2650
2647
2644
2658
2656
2652
2655
2645
2653
2579
2577
2576
2444
4284
4294
4282
4278
4286
2574
4274
2660
4272
4273
2572
4279
4252
4277
4236
4237
4253
4254
4295
4296
4291
4293
4297
4438
1778
1864
1783
4281
4289
4287
4283
1789
1795
1794
1793
1780
1784
1788
1764
1800
1787
1812
1863
1782
1779
1776
1865
1880
1881
1825
1807
1808
1809
1810
1815
1821
1818
1814
1805
1806
1804
1817
1813
1682
1683
1686
1687
1688
1824
1822
1685
1684
1679
1680
1743
1742
1717
1739
2127
2129
2135
1737
1736
1730
1735
1677
1733
1731
1732
1748
1734
1749
1745
1691
1746
1724
1722
1723
1719
1721
1729
1726
1698
1701
1702
1699
1720
1750
1708
1713
6061
6064
6050
1675
1671
1673
1718
2689
1674
2695
2691
2687
2686
2684
2683
1696
1694
1697
1689
1695
1693
1751
1819
1820
1762
1761
1763
1765
1692
1755
2734
1756
1766
2715
2704
2703
2706
2712
2713
2699
2698
2700
2725
2724
2711
2731
2726
2723
2727
2728
2716
2733
2730
2732
2702
2701
2505
2678
2675
2672
2674
2677
2490
595
597
613
606
602
605
601
612
600
598
611
610
6012
6011
6013
2673
6002
6018
6016
5997
6005
6003
6000
6015
6010
6008
5987
771
6001
5989
5991
5990
5995
5985
5994
5984
6025
6026
5988
6006
6020
6019
6053
6048
6054
6056
6052
5986
5996
2679
2721
2720
5999
6049
2669
2681
2719
2697
2694
6059
6062
6055
6058
6070
6060
6067
6068
6069
6047
6042
6043
6040
6041
6080
6093
6091
6092
6039
6046
5978
5975
5977
5976
5974
6037
6044
6045
6032
6029
6027
6035
6030
6028
6034
6036
6023
5983
5943
5944
5947
5948
5942
5956
5957
5955
5950
5962
5959
5973
5958
6033
5972
5971
5965
5981
5980
6141
6136
5960
5966
5963
5964
4894
6133
6128
6135
6140
6130
6132
6131
6126
6127
6201
6139
6142
6138
6137
6208
6204
6202
6205
6149
6145
6146
6148
6143
6125
6072
6097
6099
6098
6096
6085
6081
6078
6084
6077
6075
6082
6076
5934
5930
5932
5933
5935
5938
6384
6388
6391
6360
6362
6364
6363
6361
5936
5931
6345
6123
6120
5937
6108
6107
6106
6087
6089
6086
6079
6105
6104
6109
6110
6112
6071
5982
6065
1707
1706
6111
6102
1704
1716
1712
1715
1710
2113
6100
6113
6114
6115
6118
2111
6119
2118
2122
2158
2112
2161
1676
2157
2165
2164
2168
2150
2166
2147
2172
2162
2171
2152
2154
2136
2142
2141
2138
2143
2109
2098
2114
2103
2140
2115
2116
2120
6347
2083
2084
6351
6344
6358
6352
6355
6357
6349
2065
6359
2099
2101
2066
2075
2090
2056
2091
2092
2102
2096
2110
2106
2104
1904
2093
1951
1955
1946
1950
1954
1952
2176
1953
2095
2175
2201
2200
2193
2194
2053
2179
2182
2180
2183
1415
1417
1418
1416
1421
1966
1968
2248
1977
1975
1967
1969
1965
1935
1934
1956
1940
1937
1936
1933
1916
1979
1970
1971
1978
1974
2017
2015
2013
2010
2012
2018
1994
2009
2008
1986
1992
2011
1988
1989
1982
1930
1926
1929
1927
1905
1944
1942
1945
1941
1949
2087
1948
2085
2086
2089
2108
2139
2145
2146
2144
2123
1928
2173
2170
2124
2130
2131
1836
2125
1923
1915
1922
1924
1911
1913
1910
1850
1906
1908
1831
1669
1849
1840
1835
1833
2055
1841
1838
1678
1883
1853
1852
1877
1876
1882
1872
1873
1878
1874
1875
1858
1851
1871
1844
1843
1846
1847
1857
1856
1854
1859
1832
1830
1828
1827
4063
4061
1845
4059
4433
4431
4412
4415
4062
4428
4060
4414
4393
4427
4411
2038
2039
2037
2050
2044
2043
2046
2047
1959
2045
2049
2048
1958
1957
1884
1909
1963
1960
1964
1920
1918
1921
1917
1991
1932
1961
1962
1995
1996
1993
1997
2006
2005
2004
1999
2002
1538
1536
1540
1529
1530
1541
1531
1532
1528
1508
1516
1513
1514
2024
2028
2026
2020
2041
2040
2030
2032
2022
2035
2036
4394
4397
4398
1903
2033
2034
1522
4386
4384
1519
1517
1518
1521
1520
2021
1515
1512
1511
1509
1510
1476
1473
1474
1475
1460
1464
1457
1469
1471
1472
1470
1487
1486
1445
1443
1485
1483
1480
1477
1481
1465
1468
1467
1491
1493
1494
1490
1489
1452
1442
1507
1449
1448
1488
1503
1533
1525
1668
1561
1502
1501
1495
1492
1466
1400
1496
1569
1499
1563
1570
1568
1566
1523
1567
1654
1652
1547
1651
1545
1546
1544
1548
1543
1549
1551
1558
1562
1564
1559
1560
1553
1554
1556
1587
1550
1555
1441
2000
1998
1931
1583
1581
1573
1579
1578
1973
1584
1585
1577
1575
1576
1574
1542
1571
1605
1603
1607
1608
1606
1597
1407
1408
1980
1405
1404
1402
1413
1409
1410
1422
1661
1667
1524
1664
1666
1610
1599
1617
1622
1618
1620
1615
1601
1602
1592
1595
1596
1572
1591
1590
1628
1589
1653
1650
1649
1631
1648
1644
1629
1632
1645
1643
1646
1647
1637
1633
1640
1636
1635
1623
1616
1626
8073
1634
4480
4468
8088
4472
4479
4476
4475
4478
4466
4494
4474
4473
4488
4487
4489
4481
4483
4482
4484
4503
4501
4499
4497
4486
4508
4509
4511
4531
4510
4514
4471
4506
4507
4490
4505
4469
8089
8092
8095
8093
8096
4498
4535
4533
4536
4527
4526
4522
4525
4520
4518
4645
8128
8130
8140
8119
4524
8097
8137
8120
8078
8108
8101
8079
8082
8077
8085
8086
8090
8074
8081
8084
8080
8083
8072
1625
1655
1657
1660
1658
1656
8105
1659
1425
1424
1423
1419
8100
8106
8109
8111
8107
8102
8146
8182
8103
8183
8181
8185
8184
8186
8187
2190
8112
8117
1414
2052
2189
2192
2188
2186
2206
2205
2208
2203
2204
2080
2197
2195
2202
2199
2198
2210
2218
2219
2214
8145
2216
2184
2185
8189
8188
8180
8177
8170
8147
8191
8178
2215
2220
2212
2213
2209
8152
8150
8151
2051
3372
3380
3378
8149
8167
8164
8165
8159
8157
8154
8143
4675
8142
8172
8155
8171
8174
8176
8123
8168
8169
8126
8125
8121
8122
8141
8138
8134
8144
8129
8127
8136
8132
4670
4678
4677
4681
4682
4667
4659
4658
4693
4690
4691
4694
4701
4700
4704
4707
4705
4706
4697
4699
4660
4655
4698
8098
3381
3383
3384
3386
3388
3379
3375
3376
3412
3410
3409
3387
3398
3397
3400
3408
3403
3407
3406
3404
3402
3382
4709
4641
4637
4635
4634
3315
4636
4638
3434
3401
3325
3323
3319
3328
3321
3326
3333
3344
3340
3329
3343
3175
3322
4810
4811
4807
4815
4818
4821
4819
4816
4813
4783
4823
4633
4689
4688
4820
4841
4836
4692
4839
4838
4837
4806
4840
4824
4804
4805
4801
4800
4802
4797
4686
4732
4730
4733
4735
4739
4741
4736
4744
4743
4742
4578
4576
4465
4643
4648
4652
4684
4685
4654
4683
4656
4647
4651
4646
4668
4666
4671
4669
4515
4519
4516
4662
4550
4553
4517
4530
4529
4552
4556
4551
4549
4644
4649
4555
4558
4562
4560
4563
4566
4565
4548
4569
4532
4513
4568
4567
4543
4546
4572
4502
4547
4544
4542
4539
4541
4606
4538
4605
4584
4603
4619
4601
4602
4604
4557
4577
4575
4583
4579
4600
4622
4582
4580
4624
4625
4629
4631
4628
4626
4618
4616
4621
4615
4610
4609
4608
4611
4612
4613
5674
5649
5685
5683
5684
4598
4594
4573
5696
4588
4589
4596
4593
4591
4632
4592
4623
4590
4595
4597
4574
4724
4728
4722
4734
4799
4768
4727
4725
4772
4771
4770
4766
4773
4775
5695
4755
4721
4585
4586
5693
5686
5645
5687
5692
5688
5691
5694
4774
4759
4758
4757
5690
5701
5702
4756
5733
5730
5721
5717
5689
5718
5698
5715
5722
5666
5668
5664
5665
5667
5647
5659
5657
5662
5658
5661
5660
5680
5676
5677
5682
5681
5671
5670
5672
5678
5679
5669
5656
5653
5929
5646
5648
5651
5663
5707
5703
5708
5712
5711
5714
5928
5926
5713
5882
5913
5927
5915
5918
5920
5919
5922
5923
5887
5897
5893
5896
5895
5898
5904
5903
5902
5892
5891
5917
5911
5910
5912
5907
5890
5853
5852
5885
5889
5886
5884
5883
5851
5847
5829
5830
5841
5849
5905
5906
5908
5799
5844
5839
5828
5820
5809
5808
5807
5823
5822
5826
5825
5835
5827
5818
5803
5801
5805
5806
5802
5836
5838
5834
5832
5697
5833
5837
5699
5705
5709
5710
5719
5732
5728
5731
5724
5726
5725
5723
5755
5787
5789
5796
5791
4715
5795
4719
4718
5878
5793
5794
5798
5785
5874
5877
5861
5783
5784
5781
5788
5778
5800
5779
5854
5857
5862
5814
5856
5819
5824
5815
5810
5812
5817
5816
5766
5759
5756
5767
5769
5768
5770
5772
5775
5777
5860
5855
5881
5867
5738
5742
5741
5743
5880
5765
5760
5763
5761
5739
5746
5745
7778
7777
5754
5752
5736
5737
5749
5747
5750
7524
7522
7521
7569
7772
7768
7520
5866
5864
5863
5876
5873
7776
7775
7773
7771
7451
7448
5869
7769
7509
7774
7570
7529
7531
7536
7532
7533
7525
7526
7542
7477
7483
7481
7599
7587
7528
7597
7596
7600
7594
7602
7604
7608
7607
7611
7609
7452
7606
4717
4714
7605
4713
4712
4716
4710
4747
4751
4750
4746
4745
4749
4748
4760
4762
4782
4792
4793
4787
7586
7591
7592
7593
4788
7589
4786
4835
4789
4794
4763
4765
4776
4752
4778
4777
4833
4795
4754
4753
4796
4803
4817
4831
4830
4829
4826
4814
4812
3272
3341
3270
4781
4808
4784
4785
7588
7601
3273
3271
3353
3347
7453
7482
3345
3346
3354
3349
3350
3342
3339
3348
3335
3283
3280
3282
3276
3281
3275
3092
7474
7468
7466
7460
7467
7464
7465
7463
3176
3205
3201
3206
3264
3277
3265
3266
3194
3199
3197
3198
3200
3195
3240
3239
3238
3241
3242
3243
3189
3196
3115
3186
3185
3187
3192
3188
3193
3202
3191
3190
3183
3151
3124
3152
3153
3154
3156
3169
3173
3159
3171
3170
3160
3134
3126
3133
3140
3136
7633
3149
3158
3150
3118
3148
7626
7487
7585
7484
7486
7625
3122
3123
7459
7469
7470
7455
7475
7456
7471
7473
7479
7476
7540
7472
7457
7485
7584
7538
7571
7572
7573
7574
7581
7582
7559
7488
7454
7560
7545
7558
7544
7554
7566
7547
7561
7562
7576
7565
7575
7568
7577
7579
7446
7580
7490
7494
7493
7492
7495
7496
7779
7501
7498
7499
7506
7502
7500
7497
7504
7515
7518
7510
7511
7514
7567
7519
7737
7738
7739
7740
7733
7517
7508
7754
7505
7507
7730
7732
7755
7703
7761
7760
7757
7764
7749
7762
7731
7736
7728
7748
7719
7725
7724
7723
7720
7721
7734
7729
7552
7548
7550
7543
7635
7546
7551
7620
7623
7639
7637
7634
7618
7617
7640
7641
7692
7632
7691
7694
7701
7702
7693
7688
7689
7697
7700
7690
7657
7664
7660
7662
7666
7665
7667
7698
7699
7726
7658
7670
7616
7742
7743
7741
7746
7745
7765
7766
7759
7751
7752
7750
7711
7709
7708
7707
7704
7705
7718
7717
7712
7744
7714
7659
7834
7835
7837
7836
7830
7715
7832
7840
7781
7812
7814
7833
7815
7817
7811
8071
7828
7827
7826
7825
7821
7818
7819
7824
7823
7810
7794
7801
7803
7798
7797
7800
7661
7795
7799
7796
7677
7675
7678
7685
7686
7683
7682
7681
7679
7782
7793
5282
5278
5284
5286
5275
5283
5295
5287
5292
5217
5307
5262
5298
5302
5306
5305
5304
5301
7648
7646
5300
5299
7680
5206
7673
7672
7653
7651
7650
7627
7615
7628
7631
7642
3131
3139
3138
7655
3130
3174
3161
3142
3110
7647
7649
7656
7644
7645
3112
5297
3114
3095
3145
3146
3113
3147
3165
3167
3168
3157
3164
3094
3097
3218
3231
3216
3226
3105
3104
3106
3103
1258
1256
1254
1257
1253
5318
5308
3102
5315
5322
3098
5320
5319
5321
5310
5309
5296
5223
5221
5222
1356
5311
1349
1350
1348
1347
1353
1351
1352
1390
1344
1345
1346
1341
1343
1337
1338
1336
1385
1383
1335
6174
1394
1388
1391
1395
1387
1381
1386
1380
1379
1378
1376
1375
1377
1372
1236
1235
1249
6271
1237
1370
1233
6268
6270
6216
6269
6267
6178
6177
1369
1392
1393
6163
6170
6175
6168
6181
6180
6183
6176
6154
6155
6297
6157
6156
6405
6422
6409
6420
6423
6415
6416
6411
6410
6182
6413
3181
6152
6159
3179
6160
6158
6162
6165
6171
6172
1334
6164
6161
3222
1332
3220
1340
1259
3219
3224
3214
3213
3215
3230
3229
3261
3249
3237
3251
3247
3248
3178
3255
3177
3254
3250
3246
3212
3256
3307
3302
3305
3308
3286
3233
3258
3232
3236
3311
3309
3285
3310
3290
3313
3278
3284
3337
3336
3318
3332
3314
3288
3316
3317
3334
3292
3291
3296
3295
3298
3306
3304
3300
3299
3358
3357
3356
3355
3297
3269
3392
3394
3396
3395
3393
3423
3418
3414
3413
3417
3419
3422
3421
3411
3367
3427
3425
3424
3360
6429
6408
6404
3361
3363
3366
3287
3209
3207
3210
6419
6428
6407
3180
6402
6414
6424
6418
6417
6427
6426
6425
6403
6440
6436
6337
6336
6341
6311
6315
6300
6306
6335
6338
6434
6305
6307
1899
1902
1896
6186
3431
6435
6437
6432
3432
3428
3429
3430
2234
3433
3426
3415
3370
3369
3371
3373
2232
2237
2240
2229
2228
2225
2247
2245
2238
2239
2235
1894
2242
1900
1890
1892
1888
1898
1901
2241
2223
2222
2059
2233
1885
2069
2060
2082
2078
2067
2061
2062
2073
2057
1886
2068
2054
6365
6369
6370
6366
6367
6299
6368
6150
6302
6301
6322
6308
6320
6319
6321
6323
6312
6309
6381
6390
6389
6386
6387
6385
6382
6378
6396
6395
6377
6375
6195
6194
6196
6193
6398
6399
6199
6258
6200
6234
6219
6222
6218
6397
6400
6392
6393
6313
6316
6228
6217
6333
6329
6334
6328
6330
6325
6324
6327
6326
6332
6289
6294
6296
6283
6237
6232
6233
6225
6224
6226
6229
6274
6279
6249
6286
6285
6280
6284
6281
6291
6273
6272
6288
6277
6276
6278
1250
1251
1230
6238
6240
6275
6250
6265
6264
6262
4875
6244
6243
6247
6263
6245
6252
6254
6256
6253
6246
6260
6211
6214
6215
6210
6212
6190
6191
6261
6259
6189
6188
4962
4966
4873
5044
4972
4970
4974
4982
4983
5042
5043
5039
4879
5040
5038
4864
4863
4865
4860
4874
4872
4871
4878
4877
4866
4869
4868
4870
4852
6266
4854
4853
1248
1398
4857
4850
4848
1306
1397
1308
4851
4849
5029
4845
4846
4861
4862
5019
5024
5028
5027
5021
5023
5025
1310
1307
1312
1320
1317
1303
5020
5114
5022
1260
5117
5118
5116
5121
5030
5120
5130
5122
5141
5146
5139
5138
5140
5133
5132
5129
5148
5037
5131
5105
5107
5106
5110
4979
4977
5109
5005
5111
5147
5011
5010
5009
5013
5012
5014
5089
5112
5015
5142
5136
5127
5124
5128
5143
5060
5058
5063
6707
6709
6706
5070
5059
5061
5087
5090
5065
5091
5071
5069
5054
5052
5057
5047
3992
3965
3991
5050
5055
3995
4002
4000
3994
3993
4003
5017
5046
5056
5068
6705
6745
6744
6718
6719
6734
6746
3998
3997
6723
6722
6729
6738
6742
6727
6741
6733
6756
6732
6726
6725
6728
6740
6703
6681
6701
6700
6682
6710
6712
6711
6699
6720
6721
6743
6708
6715
6714
6688
6690
5125
5126
5113
5115
6624
6687
6689
6692
6684
6686
6676
6657
6694
6660
6661
6672
6634
6636
6637
6638
6628
6630
6651
6629
6627
6625
6664
6665
6667
6670
6662
6695
6669
6680
6804
6655
6654
6801
6802
6799
6796
6792
6748
6795
6794
6805
6815
6818
6820
2751
6644
6645
6643
6649
6653
6652
6663
6648
6647
6646
3039
2747
2743
6821
2749
2750
2752
2825
2807
2745
2824
2827
2832
2819
2830
2833
2821
2822
2740
2742
2744
2741
3057
3040
3042
3051
3034
3037
3038
3036
6626
6822
3035
3050
3048
3049
6641
6642
6639
6640
3044
3046
3043
3041
3028
3029
3025
1225
3032
1227
1228
1229
1226
1185
1195
1196
1213
1216
1210
1214
1215
1209
1198
1208
1204
1219
1222
1220
1202
6635
1206
1200
1199
1296
1231
1201
6678
6675
6677
1294
1292
1291
1331
1305
1313
1316
1315
1330
1289
1285
1295
1301
1302
1288
1274
1273
1271
1268
1275
1290
1329
1321
1326
1324
1323
1304
1241
1244
1245
1242
1239
1232
1240
1238
1269
1270
1272
1373
1371
1267
1265
1264
1266
1276
1280
1278
1287
1283
1279
1281
1277
1361
1284
1217
1197
1186
1368
1187
1362
1261
1262
1364
1357
1359
1360
5226
5158
1355
5212
5208
5220
5216
5214
5211
5230
5232
5252
5248
5247
5246
1399
5231
5229
1190
1191
1194
1193
1184
1175
1181
1183
1182
1178
3026
3024
1174
1179
1180
3077
3027
3073
3068
3067
3074
3072
3076
3075
1176
5256
5259
5242
5243
5244
5205
5240
5260
3060
3078
3080
3079
5173
5164
5174
5170
5172
5180
5179
5188
5187
5199
5181
5203
5201
5161
5239
5207
5271
5233
5238
5237
5235
5234
5245
5213
5250
5236
5224
5263
5215
5219
5281
5291
5290
5274
5267
5272
5265
5277
5264
5276
7792
7785
7783
5261
7784
5269
5162
7789
7786
7787
7788
7849
7845
7844
7846
7848
7806
7850
7790
7791
7809
7807
7808
7804
7843
7935
7953
7954
7952
7959
7955
7961
7960
7951
7938
7948
7950
7949
7946
7853
7936
7856
7937
7841
7842
7964
7968
7967
7971
7930
7929
7969
7934
7944
7942
7932
7931
7933
7857
7928
7907
7926
7927
7923
7922
7920
7921
7887
7886
7889
7890
7885
7866
7898
7900
7902
7901
7894
7893
5155
5152
7891
5154
5153
5151
5163
5157
5194
5186
5198
5193
5191
5190
5192
5183
7864
7865
7871
7880
7874
8063
8065
8067
7876
7875
7878
7884
7883
7881
7855
7858
7859
7908
7861
7868
7869
7872
7867
7916
7915
7913
7910
7917
7914
7918
7909
7924
7906
7912
7911
7905
7975
7973
7974
7977
7976
7999
7989
7904
7903
7987
7996
7988
8022
8002
8000
8001
7998
7991
7990
7993
7994
7992
7995
7985
7981
7972
7852
7980
7983
8011
182
8003
8019
8008
8009
3082
3090
3089
8012
8017
8021
8020
8014
8024
8007
8006
8004
8055
8068
8025
8069
8066
8056
8053
8054
8013
2979
2987
2992
3016
2978
8058
8045
8046
8026
2966
2965
2905
2963
2964
2961
8047
8049
8051
2929
2936
8048
8052
8050
8044
8060
8061
8064
8070
8033
8034
8029
8030
8040
8038
8036
5167
5166
8035
8037
2923
2921
3061
3064
2920
2919
2926
2925
8032
2924
2927
2930
2931
2932
2910
2914
2918
2934
2916
2911
3066
3069
3070
2917
3052
3059
3071
3031
3081
3058
3056
3053
3055
2906
2908
2736
2949
2950
2944
2948
2907
2909
2943
2940
2938
2937
2939
2942
2947
2959
2960
2788
2904
2954
2813
2952
2945
2738
2823
2957
2812
2834
2845
2879
2818
2817
2955
2800
2799
2772
2769
2816
2771
2770
2773
2768
2846
2848
2850
2874
2880
2875
2873
2877
2865
2863
2861
2839
2862
2836
2835
2890
2889
2842
2843
2841
2859
2837
2897
2902
2901
2844
2854
2857
2864
2851
2856
2803
2806
2781
2785
2765
2764
2804
2900
2899
257
2755
2756
2763
2757
2754
245
2758
221
2761
2737
2760
2767
2776
2762
3000
3008
3001
3006
3010
2792
2775
2777
2784
2779
2795
2798
2794
2996
2791
2797
2802
2790
2994
2995
3021
3013
3022
3019
3014
2982
2985
2988
3084
3023
3003
3007
3005
3004
2997
2998
3002
2972
2977
2973
2969
4
3
2
1
2971
3088
3086
3087
3083
194
0
201
195
200
203
181
177
174
176
202
206
172
12
191
189
188
199
208
210
9
6
16
117
119
115
116
186
198
197
185
190
89
90
91
164
165
166
171
161
170
162
167
163
10
168
151
148
108
109
110
107
111
114
112
121
92
120
106
123
2976
2974
211
212
218
222
217
94
95
277
279
275
276
274
285
286
282
284
288
251
15
287
289
103
14
13
68
76
66
65
105
67
101
100
143
141
139
33
147
145
152
150
133
153
128
138
146
136
126
125
130
73
135
80
134
137
77
79
78
81
72
43
85
83
87
60
58
59
63
62
82
54
56
57
64
55
52
53
51
74
47
45
44
37
39
36
27
20
40
34
71
69
21
18
17
26
25
28
253
248
32
30
23
24
22
35
11
303
29
294
307
304
305
291
301
300
302
306
310
309
234
233
235
237
308
296
298
297
247
299
295
283
265
292
272
270
264
280
263
278
268
246
266
269
271
260
261
258
262
256
239
255
243
242
244
231
229
232
3526
2903
228
226
238
254
2893
223
224
3530
2892
2898
2881
3528
3529
3519
3523
3525
3524
3522
3520
3513
3490
3467
3468
3444
3531
3446
3451
225
3458
3450
3447
3445
3454
3456
3453
3452
3476
3473
3471
3475
3477
3474
3460
3487
3480
3478
3485
3482
3489
3488
3517
3516
3495
3503
3497
3510
3506
3502
3507
3499
3508
3462
3463
3466
3483
3465
3469
3732
3735
3736
3730
3734
3733
3729
3748
3702
3746
3747
3749
3754
3741
3740
3772
3751
3753
3773
3777
3750
3461
3437
3498
3438
3440
3441
6463
6461
3775
3774
3761
3759
3764
3758
3757
6610
6459
6621
6609
6611
6555
6546
6543
3442
6544
6542
6540
6551
6533
6535
6550
6549
6548
6541
3443
3500
3501
3509
3493
3492
3491
3494
3512
2891
2883
2884
2882
2735
6538
2753
2885
6529
6530
6528
6531
6536
6534
6532
6557
6563
6564
6558
6464
6560
6561
6567
6566
6559
6562
6447
6458
6526
2866
6527
2868
2869
2870
6456
6448
6449
6441
2809
2811
2808
6812
6809
6813
6810
6808
6806
6807
6750
6751
6444
6442
6446
6457
6445
6576
6578
6571
6781
6787
6788
6443
6783
6752
6753
6755
6785
6786
6782
6789
6730
6759
6762
6778
6775
6776
6779
6577
6570
6569
6598
6582
6586
6587
6583
6589
6584
6572
6573
6579
6580
6588
6553
6552
6565
6556
6554
6602
6608
6603
6601
6600
6606
6599
6615
6623
6613
6480
6483
6616
6484
6488
3553
6491
6482
6481
6477
6486
6485
6523
6522
6521
6520
6590
6479
6597
6595
6596
6594
6593
6757
6777
6760
6761
6766
6771
6769
6768
6767
6764
6773
6774
6697
6772
3939
6698
6468
6465
6765
6524
6466
6471
6470
6497
6494
6474
6475
6472
6473
3961
3968
3966
3989
3990
3969
3983
3984
3974
3979
3978
3973
3972
3971
3986
6501
4010
6500
6511
6512
6505
6498
6496
6492
6519
6518
6515
6516
6514
6504
6506
6508
6487
6507
6476
3561
3565
6509
6478
3566
3600
3558
3563
3568
3699
3694
3556
3686
3688
3638
3691
3687
3698
3680
3695
3700
3692
3676
3677
3436
3546
3617
3547
3550
3549
3552
3551
3534
3543
3540
3545
3544
6617
6619
3755
6614
3532
3765
3763
3762
3771
3756
3737
3684
3536
3539
3681
3683
3682
3685
3714
3667
3717
3715
3712
3743
3744
3745
3704
3742
3533
3719
3710
3708
3706
3709
3711
3720
3724
3721
3665
3675
3728
3663
3673
3674
3669
3664
3666
3670
3660
3690
3693
3689
3668
3653
3637
3640
3639
3641
3652
3654
3650
3661
3671
3672
3662
3649
3655
3651
3646
3656
3657
3659
3658
3615
3611
3631
3642
3622
3629
3630
3624
3625
3628
3623
3620
3643
3644
3647
3636
3575
3619
3618
3579
3576
3577
3574
3570
3569
3571
3597
3585
3591
3590
3596
3598
3589
3588
3586
3581
3582
3583
1053
1129
1134
1130
1127
1121
1132
1139
1103
1104
1106
1113
1109
1108
1093
1116
1115
1102
1094
1098
1117
1118
1095
1120
1089
1119
1088
1153
1154
1170
1126
1091
1125
1123
3635
3607
3608
1122
3610
3612
3613
3616
1171
1172
1173
1166
1165
1164
1168
1167
1161
1051
1052
1158
1156
1162
1087
1151
1141
1086
1082
1085
1078
1061
1081
1060
1055
1054
1046
1047
1058
1049
1045
1042
801
862
864
865
859
861
867
860
857
855
856
852
863
850
846
879
847
842
843
837
1041
1044
1043
1073
1062
1067
1066
947
1064
1063
840
877
876
988
841
992
990
989
994
996
1019
993
943
991
987
1072
945
941
923
908
909
925
1076
1070
1077
1074
1059
1079
1146
1075
1145
1142
1143
1147
1148
1149
1150
1144
1140
1099
1101
1096
917
921
924
940
938
914
905
926
930
927
929
939
932
931
894
900
934
901
1016
904
937
902
903
1017
1014
1013
1025
1012
1015
1011
1032
1027
1022
1028
1037
1030
1029
1035
1039
1002
1004
1000
1009
998
1026
1024
1023
1008
946
896
3827
3826
895
898
7443
899
999
7376
7375
7444
7171
7438
7377
7396
7394
7167
7157
7440
7445
3819
7155
7153
3909
3908
3907
3931
3901
3906
3817
3823
3824
3821
3904
3902
3922
3822
3818
3918
3919
3921
3929
3933
3816
3936
3935
3937
3938
3912
3926
3917
3923
3916
3910
4052
4040
4044
4041
4051
4048
4049
4047
4045
3833
3835
3836
3834
3829
3928
3925
3920
3839
3837
3842
3795
3840
3838
906
913
912
893
911
3799
3796
3797
3794
1090
3806
3848
3845
3847
3841
3831
3843
3844
3813
3814
4028
3812
3815
3801
3809
3811
3800
3593
3594
3807
3601
3592
3572
3573
3605
3604
4020
4022
4021
4025
4019
3555
4008
4009
4006
4016
4014
4007
4026
4054
4056
4055
4015
4018
4011
4037
4039
4032
4038
3951
3976
3960
4013
4005
3947
3975
3948
3942
3953
3958
3957
3943
3959
3941
5086
5076
5077
3940
3780
3792
5075
3791
3789
3781
3787
3783
3954
3952
4029
4035
4031
4030
4034
3782
3865
4033
3870
3911
3914
3868
3867
3866
3876
3877
3875
3878
3862
3856
3861
3855
3854
3793
3858
5032
5085
5034
5080
677
5036
3859
3852
681
682
686
685
688
678
689
687
683
670
675
4946
4943
680
5035
4881
4940
4884
5084
5079
5072
5083
5081
5078
5074
5073
5098
5101
5104
4891
5093
5099
5096
5102
5103
5088
5031
4890
4888
4887
4889
5004
5016
4998
5000
5002
5003
4886
4885
4892
4949
4987
4988
4985
4936
4957
4932
4930
4989
4995
4993
5008
5007
4992
4996
4994
4960
4900
4899
4969
4971
4968
4964
4959
4912
4915
4976
4917
4906
4908
4893
4895
4905
4903
4904
4902
4880
4933
4918
4934
4935
4929
4927
4928
4920
4921
5953
4896
5952
4919
4925
4924
5939
5949
5945
764
769
756
768
753
4926
744
757
745
750
738
746
748
747
4939
4955
4956
4954
4958
4937
4950
4951
4952
4947
4944
4941
672
4843
666
743
671
674
741
735
737
734
705
704
702
700
693
346
706
703
698
800
699
799
792
796
781
667
695
782
780
751
762
783
786
760
759
770
767
765
763
773
766
778
777
774
592
608
607
788
789
787
785
784
793
794
620
632
633
624
619
621
614
615
609
665
617
625
657
662
663
649
653
655
656
658
660
623
322
321
329
408
410
407
324
332
629
622
791
779
353
323
350
352
348
709
344
351
356
354
359
411
345
312
377
392
391
343
388
385
7333
7335
7343
7354
367
7332
368
370
7347
7348
369
669
319
373
366
340
339
341
711
712
318
721
710
722
742
740
668
719
718
720
713
714
717
591
3874
708
728
732
726
692
731
7344
7346
7149
7151
7150
3850
7345
3879
3900
3897
3883
3882
3892
3884
3895
3893
3896
3880
3890
3889
3887
3885
7148
7166
3905
7162
7161
7159
7315
7163
7164
7165
7349
7355
7359
7360
7362
7314
7351
7353
7352
7318
7320
7322
7317
7316
7312
7323
7401
7400
7397
7398
7330
7326
7325
7327
7340
7342
7403
7329
7328
7420
7405
7404
7413
7411
7409
7407
7410
7418
7417
7416
7415
7432
7433
7423
7425
7422
7428
7426
7192
7225
570
546
7424
532
563
568
566
544
543
580
579
561
582
578
581
573
575
574
590
545
542
537
539
538
533
535
536
589
534
508
510
511
515
336
422
420
431
419
421
442
424
427
429
428
435
571
586
587
396
399
398
402
400
393
7339
7337
7338
384
311
362
363
365
383
382
376
338
413
454
449
447
444
443
440
448
455
461
460
462
458
457
456
418
416
415
405
403
417
328
327
412
326
331
320
654
636
637
316
634
651
315
2450
2449
2451
2448
2447
2456
490
313
496
498
489
502
488
485
486
481
482
2458
2459
2485
2457
480
491
5399
5397
5398
5461
5456
5457
5460
5459
483
477
479
473
478
476
467
471
492
484
495
493
501
500
463
494
470
441
439
438
437
333
335
464
466
468
521
523
526
530
465
5429
5430
5431
528
5436
5437
5401
5400
5439
5422
5425
5445
5440
5442
5444
5423
5424
5428
5426
5427
474
5453
5452
5454
5450
5448
5467
5462
5463
5542
5469
5468
5466
5479
5489
5471
5490
5478
5483
5477
5443
5451
5447
5449
5446
5419
5420
5415
5416
5481
5441
5502
5484
5470
5524
5501
5500
5499
5503
5496
5529
5554
5495
5493
5506
5498
5508
5504
5492
5412
5350
5353
5362
5344
5413
5407
5403
5404
5409
5411
5342
5345
5408
5410
5332
5340
5346
5358
5360
5355
5354
5361
5356
5324
5357
5348
6996
6994
6993
6995
6962
6992
6990
6991
6984
6976
6975
6983
6973
6974
5341
5330
5328
5327
5329
5335
5336
5338
5334
503
518
527
519
524
525
531
514
516
517
509
504
512
540
552
6963
6967
6965
6969
6977
6964
6968
6954
6946
6947
560
559
554
553
567
565
564
558
557
556
555
7223
7206
7213
7214
7220
7215
6823
6949
6951
6948
6956
6960
6955
7002
6958
6952
6941
6982
6981
6987
6980
6979
6997
7000
6988
7001
6917
6918
6919
6920
6926
6925
6921
6923
6931
6929
6930
6940
6936
6924
6895
6928
6904
6907
6908
6938
6934
6932
6902
6901
6898
6933
6915
6914
6910
6916
6911
6827
6832
6831
6828
6893
6833
6830
6855
6856
6853
6860
6861
6858
6870
6873
6894
6842
6878
6876
6867
6869
6868
6871
6866
6865
6863
6862
7199
6872
6890
6888
6889
6874
6877
6880
6879
6891
6887
6886
6885
7249
6883
6826
7252
6881
6884
7147
7286
7290
7293
7294
7273
7284
7296
7291
7202
7201
6824
7203
7204
7208
7211
7209
7205
7217
7219
7221
7210
7212
7232
7233
7234
7226
7229
7193
7191
7269
7275
7270
7276
7297
7302
7299
7300
7298
7307
7306
7278
7304
7305
7310
7268
7309
7274
7429
7267
7266
7431
7430
7434
7391
7437
7387
7388
7402
7395
7379
7380
7393
7384
7378
7372
7381
7370
7368
7365
7364
7392
7385
7386
7180
7177
7186
7188
7176
7189
7178
7363
1040
1005
948
983
7175
979
984
808
969
970
975
978
981
976
960
7173
980
7240
7243
7244
7237
7238
7239
7181
7182
7190
7280
7279
7236
7282
7283
7303
7301
7289
7235
7253
7242
7254
7246
7245
7241
7259
7261
7260
7257
7262
7265
7008
7009
7050
7145
7264
7258
884
888
890
882
880
956
949
7255
892
7263
7222
958
959
951
952
961
965
971
962
968
1020
995
966
963
832
985
874
878
875
873
835
834
833
953
955
836
810
814
828
819
813
818
868
872
869
870
812
815
805
809
845
802
806
804
803
823
824
811
7062
7059
7055
7057
7058
7070
7065
7056
826
825
829
883
831
7004
7064
7051
7048
7049
7052
7073
7075
7074
7072
7063
7071
7053
7091
7096
7095
7105
7106
7094
7088
7103
7078
7022
7107
7104
7089
7085
7111
7005
7086
7011
7014
7097
7098
7101
7100
7047
7021
7013
7018
7016
7010
7006
7007
7197
7196
7146
7195
7194
7135
7138
7136
6825
7137
7143
7131
7140
7020
7015
7133
7134
7081
7129
7127
7003
7130
7141
6840
6845
6843
6848
6849
6851
7112
6834
6838
6839
7118
7115
7117
7119
7124
7122
7120
7116
7125
7028
7029
7026
7123
7126
7024
7080
7083
7079
7110
7023
7032
7040
7108
7045
7042
7039
7035
7037
7033
7031
7030
7034
