3671
2728
3122
2917
3722
1100
3763
1134
1342
1316
471
330
2036
1712
3505
3382
314
3615
3639
3546
4003
3377
3383
1591
3355
3544
3572
140
1145
1108
742
1378
1213
2384
2264
349
2174
717
3113
701
3134
2594
1748
1923
1766
2221
1758
1761
1917
1832
2749
2492
2980
3026
2654
3237
3173
3136
4026
4056
3948
3941
3048
3927
3791
3741
3821
3804
308
285
3733
201
304
3748
3756
3755
1093
3723
3647
3656
3693
3972
3295
3709
3729
1081
1065
990
1031
1629
1035
1625
1544
3406
1556
1604
1596
1129
1137
1119
1128
1110
1109
1037
1028
1055
253
150
219
146
1153
187
175
1327
1277
1309
663
815
695
1253
3516
1257
1314
1244
2308
485
2309
2413
2428
2368
2431
570
561
574
417
549
416
578
617
597
598
332
347
372
390
580
579
2109
61
3471
3423
442
3519
473
1136
670
3501
678
973
876
42
922
102
2582
2584
2448
1701
1741
1740
2203
112
82
2245
2218
2260
2226
2162
2167
1979
1967
2010
1976
2237
2199
1725
1932
1732
1814
1947
1817
1809
1842
1856
1830
1862
1875
1883
3875
1638
2592
1667
2580
2576
2574
2498
2494
2801
2771
2804
2799
2761
2744
2729
2733
2851
2825
3230
2514
2563
2516
3285
3120
3216
3097
837
1446
3102
3379
3343
3166
3233
3246
2907
3932
3334
3300
3384
3299
4067
3997
4068
2890
3904
2943
3033
3036
2893
2950
2859
2874
3000
2976
2986
2989
3045
2968
3790
3773
3779
3747
3739
3742
3786
3836
3801
3789
3799
3780
3788
3785
3808
3813
3815
306
294
3730
318
3783
3845
3834
985
986
295
277
289
317
1057
1067
1072
1069
982
1014
1094
1092
995
3824
3827
3831
3757
3762
3622
3623
3662
3660
3636
3672
3645
3627
3650
3653
3601
3602
3634
3694
3697
3685
3690
3696
3688
3678
3974
3977
3971
4094
3985
4088
3589
3596
3706
3600
3550
3610
3548
4091
3552
3564
3547
3576
3710
3571
3725
3728
3714
3717
3718
3654
1074
1022
1085
1075
1090
1083
1006
1044
1029
1046
1123
1107
1429
1428
1125
1098
1010
1613
1593
1607
1561
1594
1545
3538
1546
1571
1577
1574
1595
1602
1514
1572
1570
1512
1569
1447
826
1510
1506
1513
1505
1528
1521
1533
1518
1517
1466
1433
1430
1432
1115
1114
1130
813
739
758
741
760
764
792
1168
770
1177
1173
1188
810
998
1096
1186
1042
1000
1061
1060
1159
1156
1184
1163
1190
245
216
199
259
249
203
136
142
202
147
186
188
226
145
224
234
237
750
1405
160
786
178
1341
177
1391
1393
1349
1326
1334
1339
1365
1375
1308
1302
1278
1281
1279
799
800
803
763
650
657
1255
1320
1292
1313
1312
1258
1272
1254
1204
3517
1208
1211
1223
1225
1266
1231
486
506
503
2284
2285
1243
1246
2281
1337
2288
2287
2297
2302
2355
2294
2334
541
538
539
2446
2330
2408
2311
2325
2318
2397
2363
2380
2393
2394
2369
2385
2412
2383
2414
2411
2407
2439
2440
2434
2429
2426
2430
2422
2419
564
569
568
559
622
629
634
518
514
2438
535
534
532
533
396
552
425
1219
474
398
405
439
465
469
406
404
409
616
408
472
411
601
375
592
333
328
354
582
335
585
380
389
365
352
371
367
344
2159
320
348
336
385
2044
2097
454
447
466
463
2055
2056
2059
2045
2047
2066
3473
2032
45
57
3481
878
3495
3446
3453
3454
3508
3474
3424
3489
3528
3535
3530
3523
694
691
704
705
636
706
961
3434
725
727
720
685
647
668
680
679
974
970
866
867
855
976
3433
3438
880
873
874
860
857
845
852
842
823
887
956
69
70
954
884
847
835
830
900
3100
3082
2554
3282
2551
2450
2545
2546
916
36
938
126
41
106
124
129
1747
109
1684
4
110
115
113
17
2122
14
72
77
75
88
84
86
49
32
26
2075
2082
2081
2112
2197
2195
2265
2254
2263
2246
2092
2243
2099
2095
2129
2149
2164
2128
2227
2139
2138
2266
2255
2251
2259
2020
2223
2008
2013
2214
2003
2026
1950
2011
1974
1972
1692
1721
1965
2210
2238
2208
1751
1706
1707
1686
1703
1711
1693
1700
1723
1937
1859
1880
1770
1964
1963
1985
1953
1984
1952
1941
1954
1942
2000
1999
1810
1812
1821
1803
1940
1945
1759
1808
1757
1818
1816
1824
1778
1774
1789
1776
1798
1756
1834
1838
1836
1828
1850
1851
1861
1874
1873
1876
1872
1867
3860
3858
3861
3900
3879
2785
3887
3885
3883
3895
3864
3867
3888
1888
1635
1643
1678
1738
2619
2617
2621
2620
2636
2629
2816
2499
2488
2486
2530
2585
2532
2550
2562
2464
2517
2523
2764
2792
2815
2610
2607
2611
2789
2788
2770
2777
2760
2750
2672
2678
2524
2513
2507
2508
2667
2666
2680
2711
2682
2748
2719
2741
2736
2732
2669
2726
2720
3004
2842
2721
2661
2665
2656
2644
2662
2847
2846
2837
2856
2820
3150
2655
3243
3225
3235
3234
3236
3228
2640
3151
2564
2506
3219
3220
3205
3209
3278
3207
3280
3275
3272
3192
3141
3139
3091
3288
3117
3087
3099
3094
3112
3116
838
1455
1457
3109
3107
3108
3125
3133
3365
3414
3290
3373
3375
1422
3403
3402
3412
3356
3354
3357
3304
3306
3179
3174
3350
3130
3198
3186
3258
3188
3252
3146
3317
2925
2939
2940
2947
3937
3341
3929
3320
3322
3328
3312
3330
3329
3385
3397
3348
3391
3955
3954
3966
4020
3332
3338
4041
3956
3999
3996
3995
3983
4017
4009
4010
3994
4012
4073
4047
4037
4079
4042
4033
4052
4032
3923
4061
4063
3914
4070
3911
3903
3906
2902
3061
3056
2948
2894
2903
2935
2942
2944
2910
2924
2921
2854
2915
2912
2861
2860
2878
2879
2884
2872
2995
3007
2996
2834
2835
2838
3017
3003
3023
3025
3020
3014
2990
2957
3030
3008
2871
2951
3046
3035
3077
3074
3071
2973
3769
3776
3775
3774
3781
3778
3768
3765
3772
3770
3767
3771
3766
3764
3737
3738
3736
3735
3743
3744
3745
3746
3740
3734
3792
3794
3795
3793
3732
3837
3823
3835
3846
3844
3847
3784
3787
3806
3782
3809
3797
3796
3777
3798
3800
3820
3822
3807
3818
3819
3811
3805
3803
3802
3814
3810
284
3812
3817
3816
3731
138
134
135
139
137
207
206
141
287
286
288
200
204
282
198
197
208
205
315
240
316
309
311
299
291
313
303
305
307
302
300
301
293
292
297
281
290
298
283
280
278
272
276
279
270
310
312
251
239
255
252
254
256
266
262
260
261
250
267
242
271
269
268
257
243
241
1053
1059
1054
1058
1062
1064
1068
1071
275
274
273
991
983
984
981
1016
1066
1015
989
1025
1026
1095
1091
993
992
3833
994
988
987
3829
3832
3825
3830
296
3828
3838
3839
3826
3843
3842
3841
3758
3761
3760
3759
3840
3749
3753
3751
3750
3752
3848
3754
3669
3617
3613
3614
3616
3624
3619
3618
3621
3664
3670
3661
3663
3665
3668
3666
3667
3638
3644
3649
3640
3673
3628
3626
3625
3629
3620
3658
1024
1021
3657
3721
3659
3630
3648
3646
3716
3655
3652
3719
3720
3713
3704
3705
3707
3712
3611
3651
3632
3633
3635
3642
3643
3637
3641
3687
3686
3682
3683
3684
3681
3698
3695
3689
3692
3691
3595
3584
3588
3699
3679
3612
3676
3675
3677
3674
3680
4015
3973
3975
3978
3976
3585
3587
3593
3590
3586
3591
4087
3982
4090
4092
4093
4086
4089
3594
3609
3608
3549
3592
3607
3605
3598
3631
3606
3603
3604
3599
3711
3700
3702
3570
3568
3573
3567
3569
3708
3551
3597
3703
3560
3545
3558
3553
3555
3554
3556
3563
3565
3559
3582
3561
3581
3580
3542
3579
3562
3543
1538
1421
1552
1550
1551
1553
1611
3540
3541
3539
3583
3577
3575
3578
3574
1616
1623
1612
1620
1622
1606
1614
1009
1012
1619
1621
1618
1087
1615
1617
3566
1086
1082
3726
3715
3701
1078
3724
3727
1084
1088
1089
1077
1080
1079
1076
980
1023
1020
1027
1018
1019
1017
1073
1056
1070
1047
1033
1030
1034
1008
1013
1032
1040
1052
1051
1038
1036
1039
1005
1007
1011
1099
1112
1097
1043
1045
1041
1105
1111
1103
1106
1127
1113
1116
1117
1122
1118
1102
1120
1121
1427
1474
1469
1431
1467
1470
1472
1471
1468
1598
1600
1603
1599
1601
1626
1627
1126
1124
1628
1101
1624
1630
1608
1610
1609
1537
1547
1563
1564
1576
1559
1562
1590
1560
1589
1588
1592
1587
1542
1539
1541
1436
1543
1540
1585
1586
1584
1580
1578
1573
1575
1420
1435
1477
1483
1549
1567
1583
1568
1581
1582
1579
1555
1565
1558
1554
1597
1605
1557
1473
1548
1515
1516
1464
1527
1501
1530
1504
1502
1503
1507
1508
1494
1509
1566
1475
1476
1482
1479
1496
1487
1497
1499
1500
1511
1493
1498
1486
1492
1485
1495
1484
856
854
865
818
870
868
869
1490
1488
1489
1491
1529
1532
1531
1534
1535
978
968
966
967
965
971
681
675
676
677
972
637
1519
1536
1525
1526
1523
1465
1520
1131
1463
1138
1524
1522
669
1149
1150
1142
1141
1140
1143
1148
1135
1132
1147
1151
814
744
812
811
1146
1144
1139
672
674
667
671
643
740
738
640
649
735
737
743
761
736
762
745
759
780
796
805
797
808
801
790
793
794
798
756
776
774
769
773
771
757
755
754
753
751
748
746
747
1152
1175
1178
1180
768
766
772
816
767
765
1133
1176
1174
1187
1191
1189
1179
1181
1170
1158
1185
1183
1182
1192
1104
996
1001
1004
1049
1050
1048
1003
1063
979
999
1002
997
263
1157
264
319
265
258
191
247
248
212
214
1161
1162
1155
1160
1164
1171
1169
1166
1165
1172
1167
752
749
1154
235
233
236
222
164
225
227
232
215
213
211
228
210
209
143
246
244
217
218
220
221
229
231
223
189
192
230
193
196
195
194
148
238
144
149
151
171
173
190
184
185
166
181
167
168
169
172
179
170
180
182
1343
174
1403
1404
1408
183
176
165
163
157
162
156
153
154
155
161
777
159
158
152
1382
1384
1383
787
785
788
789
791
775
1379
1381
1380
1386
1399
1397
1401
1402
1407
1406
1409
1385
1398
1392
1395
1394
1396
1400
1390
1344
1387
1364
1350
1362
1351
1347
1352
1361
1359
1345
1360
1357
1358
1355
1370
1369
1373
1348
1346
1330
1328
1325
1363
1372
1371
1303
1331
1310
1329
1412
1418
1411
1282
1285
1410
1388
1389
1416
1417
1415
1413
784
1414
795
1280
1283
1284
1299
1298
1296
1286
807
802
806
804
781
809
783
779
778
642
655
654
658
639
782
1276
1293
1289
1288
1419
656
660
665
662
664
1318
1287
1294
1306
1305
1322
1295
1291
1290
1300
1297
1301
1304
1311
1307
1251
1232
1245
1247
1249
1248
1256
1271
1270
1315
1319
1321
1252
1323
1317
696
1264
1193
1201
1200
1261
1262
1263
1260
1234
1259
1206
1203
1205
1230
1226
1212
1214
528
525
526
1267
523
1268
1274
1265
1273
1275
1269
487
507
505
491
489
501
635
488
2286
2304
1240
1241
2283
1233
1242
1250
1239
1238
1237
1235
1376
1374
1367
1368
1366
1324
1333
1236
2282
1340
1338
1377
1353
1354
1332
1356
1336
1335
2295
2296
2298
2280
2273
2279
2289
2278
2291
2276
2303
2301
2299
2300
2292
2293
2354
2352
2314
2351
2356
2274
2277
493
2290
2275
500
497
494
499
502
498
2331
482
496
479
495
2336
2328
2333
2335
2340
2338
2337
2339
2342
2346
2341
2348
2324
2319
2323
2317
2349
2326
2327
2353
2350
2315
2320
2321
2322
2358
2360
2364
2357
2359
2316
2305
2365
2361
2378
2362
2379
2377
2375
2374
2376
2366
2373
2370
2399
2371
2367
2372
2391
2416
2395
2396
2398
2392
2381
2388
2387
2389
2415
2410
2406
2401
2405
2312
2310
2307
2313
2345
2347
2344
2343
2306
2400
2442
2443
2441
2447
626
625
633
632
2437
2445
2436
2404
2272
2402
2403
2409
2386
2390
2427
2424
2432
2433
2435
2444
2418
2423
2417
2425
2420
2421
2271
567
565
571
572
562
576
573
560
623
2382
558
624
631
630
628
627
614
515
621
509
556
554
555
551
553
550
516
519
517
508
511
512
513
522
2329
2332
543
546
544
557
510
537
545
542
540
481
480
504
484
483
492
490
521
529
530
536
531
524
547
520
548
1229
478
527
1224
1215
1221
1220
1222
1227
1228
436
420
421
477
476
435
475
395
430
433
428
3509
441
427
429
432
431
434
419
446
443
444
440
438
467
437
468
459
445
402
410
426
415
423
424
422
397
418
376
414
618
620
613
619
615
401
413
399
610
605
608
606
612
611
566
604
575
563
590
591
599
594
595
600
607
609
588
586
587
589
602
593
374
331
329
334
583
584
377
581
577
596
412
603
403
400
407
470
461
457
379
384
383
382
388
391
373
351
327
378
387
381
368
366
369
355
353
357
361
356
362
364
363
370
346
345
359
358
360
326
325
323
322
324
2132
321
2126
338
340
339
343
350
392
386
337
341
342
2105
2102
2103
2106
2108
2111
2090
2042
448
2043
2110
2107
2104
453
455
452
456
458
464
451
462
460
449
2031
450
2049
2046
2054
2052
2051
2053
3504
3507
2058
3506
2034
2057
2039
2033
2035
2041
2048
2050
2060
2061
2037
2038
2068
2040
53
33
3475
3476
3477
3472
3427
3462
3422
47
46
44
58
55
56
3485
3484
3482
3442
3483
3478
3480
3461
3479
3457
3460
3463
3455
3448
3450
3498
3500
3499
3452
3497
3486
3467
3468
3456
3459
3470
3458
3464
3466
3469
3465
3426
3425
393
3487
3488
3491
3490
3494
3524
3518
3521
3520
3522
394
1194
3537
1218
1217
1216
1207
1209
1197
1210
1196
1198
3527
3511
3525
1199
3512
1195
1202
697
3514
3515
3513
3510
3536
3534
3533
3531
3532
3529
3526
3493
3492
3496
3503
3502
732
708
731
703
700
716
719
707
699
702
730
734
733
683
687
690
692
693
638
659
661
684
653
689
686
723
698
688
652
644
666
645
651
646
648
673
641
721
722
724
726
729
715
713
714
728
964
718
969
977
963
975
962
958
959
3439
3436
957
960
3431
682
3430
712
710
711
3428
709
3451
3447
3429
3435
3432
3437
3440
819
3444
3445
3443
3449
821
3441
875
877
885
886
861
879
881
883
882
820
864
863
862
858
859
894
889
892
893
936
944
933
934
932
952
891
888
890
955
872
871
68
71
89
80
90
87
817
953
931
939
929
935
927
78
79
81
76
930
928
940
926
951
923
925
942
941
943
937
948
950
947
949
946
911
896
921
920
924
918
914
915
913
910
909
895
2541
2540
2539
2543
2544
2549
2454
2535
2455
2542
907
912
119
127
121
120
2453
2452
132
122
128
130
123
131
118
37
10
919
917
908
35
38
34
39
40
74
100
101
99
108
114
116
111
96
97
107
104
103
133
105
125
1743
1744
1742
1749
1750
92
95
98
94
9
1689
93
1682
1683
1685
1698
1696
1715
1688
1690
1687
0
1
3
6
5
117
7
8
2182
2
2187
2185
2115
2119
2116
2117
2118
2114
2123
2121
2120
2183
13
2184
20
16
19
18
66
67
23
73
21
24
12
15
11
22
43
65
83
85
91
59
60
63
62
64
50
51
54
28
30
31
2113
27
29
25
52
48
2067
2065
2083
2064
2063
2062
2071
2072
2079
2080
2078
2077
2076
2269
2268
2270
2186
2190
2196
2267
2198
2073
2074
2070
2247
2248
2240
2257
2258
2261
2217
2256
2253
2252
2131
2250
2094
2084
2101
2244
2242
2069
2096
2091
2100
2098
2093
2089
2085
2086
2088
2087
2180
2181
2154
2151
2153
2157
2125
2127
2169
2158
2161
2160
2177
2176
2178
2165
2163
2170
2166
2168
2175
2156
2142
2173
2172
2171
2133
2146
2144
2145
2147
2148
2225
2143
2134
2155
2150
2152
2179
2140
2141
2135
2137
2136
2220
2224
2222
2216
2193
1966
2009
2021
2130
2006
2219
2228
2213
2215
2212
2022
2023
2124
2024
2016
1995
2018
2019
2017
2025
2014
2015
2029
2028
2027
1996
2004
2002
2030
1997
2001
1993
1948
1949
2012
2005
2007
1991
1987
1989
1990
1992
1988
1975
1971
1977
1978
1736
1720
2211
1717
1973
2194
1968
1969
2231
2229
2230
2232
2233
2249
2241
2236
2262
2239
2234
2235
2207
2209
2205
2206
2201
2202
2189
2192
2188
2191
2200
1705
1709
1671
1710
2204
1718
1719
1713
1716
1704
1702
1699
1708
1666
1680
1697
1695
1714
1694
1674
1675
1676
1664
1663
1668
1860
1631
1887
1886
1885
1884
1892
1882
1909
1889
1858
1912
1931
1673
1913
1914
1908
1906
1927
1905
1935
1936
1934
1933
1735
1632
1731
1726
1724
1672
1722
1691
1730
1734
1733
1727
1986
1728
1729
1982
1929
1930
1958
1928
1981
1970
1980
1983
1998
1994
1955
1943
1951
1823
1938
1944
1946
1956
1962
1957
1765
1768
1939
1819
1822
1804
1811
1820
1815
1802
1769
1767
1911
1764
1763
1960
1959
1961
1925
1915
1926
1922
1921
1920
1918
1760
1854
1852
1753
1755
1794
1754
1762
1800
1807
1806
1801
1805
1796
1813
1775
1772
1777
1773
1771
1797
1795
1799
1783
1793
1792
1791
1788
1790
1779
1787
1786
1785
1784
1782
1825
1781
1780
1843
1752
1845
1846
1844
1837
1839
1840
1841
1848
1849
1833
1847
1868
1870
1827
1831
1835
1829
1855
1853
1826
1916
1899
1900
1924
1919
1902
1903
1904
1901
1910
1898
1891
1863
1897
1864
1865
1907
1893
1881
1890
1895
3868
1896
1894
1878
1879
1866
1871
1869
1877
1857
3853
3850
3851
3852
3854
3857
3863
3873
3866
3865
3899
3871
3872
3869
3862
3859
3856
3855
3874
3880
3877
3878
3876
2606
3884
3894
3896
3891
3889
3892
3893
3882
2604
2633
2628
2635
2627
2626
2605
3890
1636
1642
1640
3886
3898
3897
3870
1634
3849
1639
1648
1633
1659
1647
1650
1651
1641
1646
1657
1658
1649
1653
1661
1662
1665
1660
1669
1679
1677
1681
1737
1739
1652
1655
1654
1656
2589
2599
2578
1746
2579
1745
2588
2581
2583
2598
2597
2600
2590
2603
2595
2596
2593
1670
1637
1644
1645
2591
2618
2623
2622
2503
2624
2490
2502
2496
2500
2491
2489
2487
2485
2616
2484
2602
2601
2587
2586
2451
2459
2458
2449
2457
2482
2481
2479
2480
2477
2483
2531
2456
2548
2547
2529
2534
2577
2460
2474
2560
2533
2476
2501
2478
2497
2472
2473
2475
2468
2471
2466
2467
2465
2469
2809
2796
2817
2797
2751
2493
2495
2462
2625
2504
2632
2634
2631
2630
2614
2612
2615
2608
2609
2613
2637
2791
2786
2784
2782
3881
2783
2790
2787
2768
2772
2769
2781
2778
2775
2776
2779
2773
2798
2795
2793
2806
2780
2774
2802
2805
2767
2803
2765
2818
2757
2758
2755
2808
2800
2794
2812
2810
2811
2813
2814
2512
2521
2519
2522
2511
2807
2756
2674
2675
2527
2526
2528
2515
2638
2509
2525
2679
2690
2681
2684
2673
2676
2677
2762
2766
2759
2763
2754
2753
2752
2683
2745
2703
2705
2746
2747
2691
2714
2708
2710
2712
2713
2704
2738
2685
2742
2740
2735
2737
2731
2743
2739
2725
2706
2709
2723
2702
2724
2722
2717
2715
2695
2716
2833
2718
2671
2697
2701
2699
2700
2698
2696
2707
2692
2688
2689
2687
2686
2647
2649
2646
2650
2643
2645
2652
2651
2657
2653
2659
2664
2663
2823
2660
2658
2848
2849
2850
2826
2827
2831
2830
2828
2829
2824
3267
3266
3268
3260
2819
3253
3259
3261
3257
3255
3262
3241
3250
3248
3263
3265
3264
3226
3244
3242
3240
3247
3245
3232
3215
3224
3214
3213
3217
3223
3221
3155
3202
3222
3231
3159
3153
2639
2642
2641
2648
2510
3158
3156
3157
3154
3152
2566
2565
2567
2561
2505
2520
2518
2463
2461
2470
2558
2559
2575
2573
2571
2569
2568
2570
3206
3208
3211
2557
2552
2572
2553
2538
2536
2537
2556
3203
3284
3283
3277
3276
3204
3210
3279
3212
3270
3218
3271
3227
3273
3274
3201
3287
3281
3286
3086
3085
3118
3119
3132
3135
3123
3121
3124
3114
3095
3098
3093
904
3088
3089
3083
3084
897
2555
902
905
903
899
831
898
906
901
832
839
843
834
840
833
945
850
851
849
848
846
844
827
824
828
822
825
853
841
829
1450
1444
1443
1445
1478
1481
1480
1442
1448
1460
1454
1456
1451
1458
1453
1452
836
3289
3096
3092
1449
3115
3103
3101
3106
3110
3104
3105
3111
3090
3420
1423
1424
1459
1461
1425
1434
1462
1440
1439
1441
1437
1438
3413
3416
3415
1426
3419
3417
3418
3421
3372
3371
3408
3376
3407
3374
3370
3400
3353
3361
3359
3360
3368
3364
3367
3366
3363
3358
3352
3351
3171
3170
3169
3178
3168
3184
3176
3177
3172
3175
3349
3362
3369
3126
3129
3127
3128
3137
3131
3194
3138
3140
3193
3200
3191
3199
3197
3195
3196
3269
3239
3229
3238
3161
3249
3162
3256
3182
3180
3181
3189
3183
3187
3185
3190
3147
3148
3251
3144
3149
3145
3305
3307
3142
3308
3316
3315
3319
3318
3298
2927
3309
2930
2929
3935
2926
3942
3943
3944
3936
3311
3310
3340
3325
3339
3934
3940
3930
4024
4025
3933
3297
3333
3335
3326
3327
3313
3314
3321
3323
3164
3303
3165
3167
3346
3344
3345
3163
3342
3347
3301
3324
3386
3387
3388
3381
3380
3378
3405
3404
3401
3411
3410
3409
3291
3293
3296
3395
3396
3389
3394
3393
3965
3292
3294
3557
3964
3967
3963
3962
3961
3952
4023
4022
3953
3392
3390
3398
3399
3302
3331
3337
3336
4021
4050
4053
4045
4048
4043
4049
4044
3958
4039
3992
3959
3957
3960
3986
3990
3987
3984
3969
3970
3988
3993
3991
3989
3968
4005
3981
4007
3979
4002
3980
4016
4014
4013
4006
4008
4011
4018
4004
4074
4001
4000
3998
4040
4072
4075
4076
4077
4080
4082
4084
4078
4085
4064
4062
4031
4059
4060
4036
4083
4081
4046
4051
4038
4035
4054
4019
3931
4034
4028
4027
4029
4030
3949
4055
3950
3947
3939
3938
3946
3945
3928
3951
3921
3922
3919
3918
3925
3920
4057
3924
4071
4058
4069
4065
4066
3908
3915
4095
3910
3916
3913
3917
3907
3905
3901
3902
3912
3909
3057
3065
3060
3062
3063
3064
3053
3055
3051
3059
2901
3058
2895
2896
2898
3052
2900
3037
2875
2949
2876
2873
2897
2899
2933
2936
2934
2937
2892
2887
3926
2888
2889
2891
2945
2946
2928
2941
2938
2920
2919
2881
2909
2922
2918
2923
2932
2931
2905
2916
2913
2904
3143
3254
2821
3160
2822
2914
2911
2908
2862
2863
2906
2857
2852
2853
2844
2855
2845
3001
2858
2865
2870
2864
2867
2868
2869
2866
2886
2882
2885
2883
2880
2877
3011
3010
2953
3006
2965
3031
3018
3029
3019
3009
2998
3012
2997
2999
2836
2839
2843
2841
2840
2693
2694
3002
2832
3005
3028
3021
3022
3024
2668
2670
2730
2734
2727
3013
3015
3016
2978
2979
2977
2988
2964
3027
2963
2962
2984
2991
2987
2985
2992
2967
2994
2971
2969
2966
2959
2970
2972
2975
2982
2993
2983
3044
2981
2956
3043
3032
3040
2952
3050
3042
2960
2955
3038
3041
3049
3047
3039
3034
3054
3067
3081
3066
3076
3068
3079
3075
3078
3080
2961
2958
2954
3069
2974
3072
3073
3070
