804
1842
1505
1504
2122
2097
1833
1457
659
2007
1919
349
347
205
203
1284
1268
1571
1006
1831
1280
1902
2015
1108
1369
2054
861
895
2047
346
899
1273
463
1027
1314
1304
2017
1901
849
145
144
1931
858
128
117
393
131
866
1837
1366
2146
2125
1678
1677
1932
854
1193
1566
1274
1467
1466
834
1543
1540
784
2080
1079
194
993
994
1058
201
577
506
1603
1832
1626
1621
22
1947
1895
850
1672
1428
1398
1009
1010
968
967
1818
1576
1584
523
791
1560
1668
123
585
1933
1396
1836
867
1260
488
489
859
1138
1852
2053
1205
1203
2002
1615
1935
1925
1281
1744
1762
935
919
1865
199
129
93
820
366
537
531
754
504
799
1239
1238
2067
1414
1248
1499
1494
200
860
2051
992
1950
1952
872
977
909
1007
2058
2081
893
881
1005
1004
1652
1647
870
1570
245
228
2059
810
816
487
13
1829
527
339
335
873
2099
283
282
1828
848
839
1920
497
1824
196
1126
1111
1926
1018
1097
1017
1863
470
1472
1432
292
286
2019
815
1465
2172
2184
1168
1140
1486
1639
1619
1482
1344
304
127
1949
1846
2048
2100
1003
422
1390
880
2096
2095
38
43
868
2074
838
1825
1337
1539
1532
309
698
692
1877
35
863
764
757
1811
17
14
2052
1575
2238
1914
2038
1249
793
792
1008
1293
1759
2214
2215
1093
2006
1670
1771
513
520
1673
1650
790
1227
1368
2057
1137
1134
1306
507
1921
1037
1379
776
2091
465
1538
778
777
1900
766
1817
944
943
1649
1241
1242
525
1531
2050
2071
2103
289
911
913
96
94
491
1223
1206
658
2037
1430
2124
1866
833
1397
2018
703
701
146
759
1026
1019
709
23
1719
2049
143
142
705
19
28
229
227
582
579
319
581
1725
1724
1667
1535
857
39
1533
1589
1588
1340
116
114
2163
2162
918
914
2185
2194
2190
2183
280
1580
526
876
856
2152
2151
2200
2203
1202
190
1669
917
762
503
1483
1769
1462
962
961
1924
483
1001
1810
654
2042
1195
2089
702
33
202
1012
120
997
599
598
1418
1417
136
135
995
1503
382
1899
360
141
1904
267
915
1283
2191
1823
1618
318
317
1038
1412
925
921
1582
2167
2236
533
137
27
26
99
98
851
1534
1579
386
806
1135
1225
490
1084
139
841
2104
1143
1604
2084
1125
25
843
1674
1500
1843
1819
644
2070
1196
2041
522
796
704
1335
1261
1948
1226
1237
30
49
1339
1265
1930
756
348
167
168
1307
905
2138
2154
1993
2180
588
1376
2123
2098
1923
1090
211
2079
2208
2206
418
1443
1395
1394
1438
1850
1861
770
2090
530
288
1447
583
803
1240
713
712
1025
138
1092
1218
2078
2150
373
775
832
1117
1666
481
514
1458
1841
1536
263
624
1049
1636
763
1064
1059
1585
383
855
1082
5
4
933
278
1648
930
1254
2210
140
949
945
1309
20
71
2014
2106
1383
2223
2213
1761
1760
1624
1776
1765
1040
1303
1080
291
1889
1679
1680
1849
101
100
1745
1726
1686
1000
998
1642
36
1263
912
516
311
469
468
2181
362
496
482
1194
964
125
758
1631
584
1665
1502
1597
1145
2175
594
592
1393
1142
974
966
1047
1046
1373
2148
1936
1128
769
2013
699
2195
1565
1918
246
1887
948
2005
270
1590
249
1544
388
486
932
1951
1578
1043
0
1
999
21
972
971
1676
1359
1913
40
794
1616
1768
1915
1909
1664
1365
942
385
1266
940
12
1392
825
1456
1371
2176
315
1041
1564
1173
773
1541
818
1011
1498
1442
786
2036
1927
1015
904
907
1720
941
1917
2149
1045
853
2101
2102
1885
118
1308
1013
109
1844
1208
593
1946
1587
1592
124
1258
586
1118
364
313
1288
323
1675
16
2153
809
1051
2008
908
1821
485
88
2046
1297
1294
1039
133
374
986
988
960
707
285
417
1030
1468
934
2121
320
2211
1822
1081
103
104
779
780
1610
788
580
15
831
115
299
1181
1174
126
1699
846
484
1184
1763
97
714
715
923
924
415
1374
916
95
2165
1016
1372
1577
2222
1172
2093
1171
589
1262
108
2094
1684
332
1096
1275
989
1790
963
204
1614
1711
1228
979
785
493
1209
222
781
668
783
1063
1601
1757
1862
24
1912
1129
1213
1264
902
642
637
1028
536
782
1189
1488
1800
852
2228
1177
34
761
922
1066
1474
795
2224
2087
987
1380
1834
2219
2218
926
774
1271
2088
221
1903
1826
1682
391
1883
1136
2205
223
464
1402
1399
920
760
119
957
956
985
350
2189
1197
1201
649
811
1939
845
2173
2212
1555
1413
416
1873
578
1207
1671
1285
1940
2061
2177
147
29
869
1251
250
1928
1061
1120
2072
874
198
122
1204
1911
66
1141
982
983
1722
2075
312
1897
1835
965
2083
1246
31
842
1485
638
807
216
1377
2196
1830
1470
1441
535
2
801
134
1563
1020
927
981
218
970
1681
1437
414
121
42
980
2076
2077
378
1200
314
1315
1749
1292
1311
1312
1721
1542
1391
1983
293
1062
472
473
1910
969
996
1375
345
502
817
1342
1752
894
2193
1839
1463
1596
1435
1436
1755
1493
266
1685
1035
1879
1186
1451
813
1367
2202
2073
206
2220
69
1501
655
878
1896
226
772
389
511
2062
789
1060
2169
1050
1338
1139
1291
92
879
2060
812
1116
1113
377
643
264
1943
830
32
2174
1546
672
976
1124
652
662
1253
1942
2114
1267
814
653
651
2012
1598
1471
1065
1052
1133
755
896
661
2160
889
1937
847
1282
2010
2201
102
1164
1706
1290
1222
768
787
1748
1114
220
2105
1620
1645
106
1256
86
1411
819
217
1252
384
771
3
2178
321
946
1250
669
1076
419
68
1995
1653
1569
1416
1816
1820
1838
76
2227
1934
2055
1387
297
2204
1689
1688
2170
2197
224
1815
2187
189
1175
937
1122
1419
1415
595
1894
1220
1586
797
1298
338
984
1461
1882
1574
2179
225
1091
1243
1127
1178
1336
244
1945
1277
1908
1827
636
1299
305
1190
1276
290
1067
1929
1484
1121
247
1101
81
1568
219
1627
1029
947
1002
1991
1269
2120
1048
1083
635
674
2032
376
1305
888
1944
1217
2016
706
337
955
1782
1044
1473
421
1654
2117
368
959
1034
420
44
673
1407
1623
656
327
1941
802
664
2069
898
90
1086
1075
1884
647
1567
1922
587
392
1858
476
268
1352
1350
381
1559
1613
1421
1024
2110
910
107
1646
2186
2164
2225
634
532
524
1622
1656
1014
1770
1302
1078
1854
1100
840
958
1464
2082
2112
1746
1321
1573
2035
2171
1658
663
871
1210
1868
1199
1255
287
387
1487
2056
2233
528
2021
2066
1638
390
1431
466
671
1378
210
1907
273
1758
75
1152
1109
1497
1036
1840
91
46
1450
2216
80
1211
1279
1553
1938
1099
1475
1341
1148
534
657
1583
1300
862
1069
2217
884
294
477
316
394
1727
48
1316
767
1112
670
1523
265
650
591
1259
622
1750
1221
1409
1023
897
1384
1893
1343
1042
1272
682
2033
1629
1386
341
336
1107
1710
132
355
2158
1512
2025
1766
2063
2119
1492
892
973
1753
1756
18
1147
1906
248
365
183
633
631
1974
1212
1214
1287
397
1481
1773
307
1600
1530
1640
2064
1550
835
45
1477
1158
1747
1785
1633
1558
1439
660
130
1905
1224
1095
1230
1388
1898
1094
1170
1401
1632
193
10
9
1496
1153
689
2065
1219
721
1053
877
342
1606
1777
1132
1630
1581
2118
708
891
1767
1163
1385
1871
590
882
1495
1511
936
207
279
1167
1651
480
1772
271
1089
324
1479
1106
306
363
498
639
865
1522
1641
1434
2024
1764
844
2188
694
209
1812
1361
620
1992
1517
1169
632
41
1324
1605
555
113
1510
1982
1182
1802
1179
1103
2029
1805
1549
1628
1774
710
1864
824
628
1055
1489
1655
1701
890
1478
1071
308
665
1997
1403
1232
1851
1888
1775
1445
261
1130
823
1491
1353
1557
885
1793
1856
1705
1996
1429
607
1507
353
343
1595
1400
1792
1476
1236
276
1617
1742
928
1729
354
1286
1433
471
1594
492
1381
1310
284
675
1506
340
1490
990
685
1657
1033
1278
1301
1872
361
1788
1712
2116
822
1233
2166
2207
1808
89
1634
1637
1524
2022
1022
597
300
2115
1853
864
11
1216
344
1520
1554
253
931
1548
110
1180
1021
2111
1809
821
165
166
2157
1635
1875
369
678
1683
2092
1382
1743
2234
1607
500
272
1347
1890
1156
1448
357
1801
1515
1715
741
1229
328
1696
1370
302
1513
1733
325
2028
1453
212
1602
303
413
298
1328
1704
1713
686
1963
1916
1424
829
277
667
407
2039
375
1659
112
2031
501
2145
512
1986
1085
621
828
105
1088
1056
478
2086
1551
295
1718
2043
2004
2003
301
1516
1346
2237
1663
1146
1552
1296
1295
677
1876
2030
1814
1529
467
978
1460
1813
1891
1981
1389
1527
875
1087
1707
1115
2159
1859
6
7
8
1151
1971
1526
1144
1057
1694
1422
1234
953
2161
901
697
1521
1869
1331
683
371
2026
508
1660
2147
1518
1716
2001
1561
60
310
2085
58
1717
2020
680
296
1326
939
281
1984
645
2226
1410
1404
1780
1708
2045
1192
1803
1155
87
2068
1735
269
197
399
619
334
1508
1874
1892
1714
2034
551
646
1972
1528
1700
2023
1661
1562
235
59
1662
333
230
1525
83
2040
208
1160
254
54
67
1318
2044
475
1966
693
1855
1955
326
1999
1162
1405
1870
1881
1697
2027
1325
1332
51
1110
1356
1149
1783
1547
2230
1166
1985
695
2155
1880
1857
1778
262
938
505
1446
1795
1860
1878
275
258
1545
1157
1806
1690
62
1154
1159
1695
1235
2235
2231
1970
730
56
82
681
1691
372
1185
1161
2232
65
1979
1781
1231
370
1165
50
367
561
623
1150
474
550
2156
684
1980
351
1317
214
1791
1804
1730
352
676
1319
356
1334
1994
737
63
499
1787
256
1188
1364
600
576
548
1425
559
215
1965
1270
1183
543
1098
1408
1349
1354
77
2132
1807
251
1187
720
1998
1779
1406
495
259
494
232
1191
260
237
625
52
2229
626
359
1363
1798
1357
1455
1786
1956
601
1355
1796
1348
57
1987
1797
398
1789
461
1784
395
1738
2000
2127
330
1799
1360
188
744
1362
155
1967
696
1964
1958
401
74
329
462
1444
1426
1323
1988
2128
1957
2143
1333
1320
78
1358
630
1329
64
1198
255
750
2136
732
711
735
742
717
573
400
164
723
549
688
157
606
540
727
679
404
734
719
728
738
747
752
745
739
753
725
729
740
604
724
726
736
722
521
716
743
605
541
751
733
718
749
544
746
805
731
748
951
950
952
1625
1215
517
515
518
519
2209
975
358
1449
1452
1454
37
837
213
1480
798
800
2168
2182
648
929
1119
1123
2009
2011
700
2198
2199
2107
2113
2108
2109
827
826
691
687
690
954
192
1723
603
618
616
613
610
615
609
608
602
611
617
509
614
612
274
2140
2134
2130
2137
1345
1728
2131
2144
2126
2142
2141
2135
2139
2129
2133
252
257
406
1593
1591
1599
1247
629
627
380
379
451
430
560
427
440
460
455
556
446
453
542
450
429
426
439
163
459
454
448
156
173
557
434
449
547
428
425
438
458
452
437
457
240
443
431
441
424
435
445
571
442
423
456
1459
396
538
436
403
447
432
444
433
1054
331
1245
1244
1643
1754
1751
570
567
554
563
574
572
568
545
553
566
2221
539
558
546
1420
564
569
575
565
552
562
1847
1845
1848
596
1469
111
1794
1176
991
1519
1509
1514
1327
1330
1322
1731
1732
1739
1734
1737
1736
1740
1741
1644
239
238
231
234
233
242
236
241
243
1074
1073
640
1068
1070
1077
1072
2192
1556
900
903
906
1031
1032
641
1886
1867
1572
191
195
1440
479
1104
1105
1102
1608
1609
1612
1611
47
1351
529
1687
1313
510
1702
1693
1692
1709
1698
1703
1257
666
1537
1423
1427
1289
411
408
412
409
402
405
410
836
176
182
186
171
150
154
181
162
161
158
174
179
184
169
148
152
160
159
175
180
185
170
149
153
178
177
187
172
151
808
765
1131
322
72
85
84
70
53
55
79
61
73
887
886
883
1989
1968
1953
1959
1975
1961
1978
1977
1990
1969
1954
1960
1976
1962
1973
