1
2
144
4
6
7
8
9
228
12
306
14
232
234
363
530
21
23
24
25
26
27
241
29
30
31
33
632
372
543
20
35
13
362
227
240
255
257
25
36
1
8
23
37
6
5
7
38
11
143
39
22
40
23
382
12
5
6
256
31
25
41
742
42
7
10
142
19
21
744
361
43
154
4
22
29
24
547
746
401
48
304
860
861
159
997
413
415
21
23
26
27
12
30
33
34
36
38
41
43
132
46
48
119
49
118
52
2
55
1002
10
322
1003
437
261
438
1
27
8
252
438
56
357
15
260
25
762
2
323
442
58
1007
20
445
1015
19
16
202
356
64
450
1019
68
26
7
70
673
72
1023
1024
678
221
1000
227
2
78
18
678
25
17
79
5
453
34
232
16
454
354
908
81
219
363
45
46
30
47
48
49
135
50
13
35
51
350
246
144
52
253
53
54
55
355
56
57
358
58
266
268
270
272
100
47
33
209
101
102
103
14
690
12
11
9
105
106
19
17
34
35
36
37
23
405
10
9
8
7
6
5
4
2
1
409
345
1
3
227
515
19
12
823
349
7
706
218
178
31
903
993
701
1044
2
4
135
5
6
52
24
9
7
8
26
10
53
11
43
12
13
80
14
15
16
212
470
45
17
18
142
19
21
22
131
23
25
27
773
754
755
84
758
759
51
22
627
760
761
9
24
762
792
207
32
90
122
33
79
34
185
105
35
36
38
39
9
131
41
78
100
44
46
48
49
51
53
55
56
57
59
107
61
63
65
67
68
69
54
70
71
72
73
135
74
75
48
289
272
32
33
35
8
21
9
987
6
19
42
4
10
2
5
869
989
42
17
43
1
8
240
94
45
969
259
243
46
245
873
47
246
1081
49
50
20
41
45
866
38
26
877
19
52
893
54
20
189
2
59
62
359
4
131
18
974
887
762
524
64
66
548
537
68
70
2
25
72
438
552
397
405
391
390
504
73
65
46
47
897
555
451
145
74
17
63
437
75
5
14
10
899
455
46
1085
13
76
78
36
972
232
87
88
2
17
60
18
309
901
15
684
80
81
82
83
129
719
717
561
417
371
550
474
905
791
23
565
1091
912
52
261
384
38
917
196
567
568
32
98
33
106
18
17
9
285
108
241
110
337
286
1
22
113
40
12
44
74
131
2
15
233
116
11
7
287
34
41
42
10
8
36
1
34
13
497
74
10
690
280
1030
148
597
257
142
693
1075
46
1073
501
865
232
961
37
34
9
337
33
901
3
338
225
36
226
815
1033
255
2
1
1
2
3
333
5
225
1
2
3
5
6
9
10
11
31
16
18
119
114
26
20
21
62
32
52
25
35
2
498
496
67
30
81
7
134
14
206
8
102
456
9
130
459
11
492
321
323
358
721
2
26
12
590
15
3
171
1
157
5
829
612
822
68
229
26
29
13
721
892
14
861
57
15
619
154
838
7
841
285
114
21
821
421
49
592
702
42
31
45
2
522
724
725
593
707
846
48
1
3
61
8
625
615
31
29
544
57
27
65
228
66
33
283
67
69
19
165
360
510
180
79
145
217
27
71
182
855
41
883
56
845
71
65
956
857
48
630
288
379
354
7
859
72
44
706
45
819
169
134
284
838
970
705
113
861
874
32
37
1061
641
40
602
869
864
740
521
506
953
853
22
40
41
281
42
158
635
45
46
48
49
50
22
51
52
694
273
177
109
179
282
660
193
56
5
2
643
163
181
59
50
190
180
60
417
699
630
192
215
642
258
693
256
415
298
46
405
63
112
67
179
21
29
11
67
69
70
3
73
75
47
77
78
631
117
43
79
81
901
57
14
506
299
519
659
74
528
1074
18
552
662
5
1075
954
951
912
622
76
10
914
68
431
14
54
40
21
11
69
171
24
9
56
37
671
36
94
29
15
67
895
368
34
38
745
14
69
554
707
461
592
24
5
87
517
1
35
182
596
604
85
296
466
498
54
319
10
13
55
12
46
53
60
71
68
51
93
47
39
4
98
30
25
11
50
48
25
6
47
15
22
45
14
43
48
426
848
813
840
12
851
277
667
99
946
34
333
516
1
59
585
289
501
842
498
399
445
195
535
19
137
840
23
36
256
407
20
811
60
18
4
755
18
198
27
38
801
669
756
604
367
117
312
750
31
3
766
14
12
565
234
196
297
9
334
311
76
748
6
8
179
337
206
38
710
35
6
714
14
11
672
5
71
19
946
8
454
449
681
141
92
15
448
14
142
13
3
12
139
129
34
48
61
42
35
32
8
2
81
263
135
156
506
332
658
32
36
25
32
66
1
8
19
30
9
11
54
60
10
79
20
65
46
304
26
5
24
13
12
2
914
17
10
917
919
920
921
5
58
27
60
31
922
15
20
47
923
5
925
3
432
928
99
929
29
3
13
18
25
4
10
58
56
45
228
180
27
633
389
20
1
1
410
188
93
5
249
8
118
77
390
110
10
15
23
22
53
7
55
26
28
698
9
11
72
14
9
20
6
39
12
16
47
14
12
17
147
1
3
585
35
580
148
154
164
141
120
159
125
234
19
16
8
22
10
37
17
19
20
124
15
21
23
18
2
10
29
15
43
20
12
16
20
22
8
20
41
18
40
27
900
897
19
583
920
27
905
20
672
701
713
7
8
38
40
11
45
16
25
160
36
917
21
19
17
259
18
36
4
28
10
48
19
33
17
11
2
22
43
3
822
16
828
477
18
33
4
19
478
425
7
17
836
475
795
137
243
483
6
640
194
10
191
114
216
3
7
17
25
19
301
4
3
8
294
18
5
124
52
331
79
912
8
114
29
19
111
20
704
1
53
717
10
21
5
22
27
668
653
685
607
720
16
592
732
2
145
761
4
570
538
625
513
54
629
801
49
998
969
40
409
975
963
848
766
1061
161
860
937
892
909
31
19
244
32
480
34
205
609
590
608
510
681
79
14
920
105
200
8
9
1
371
21
11
218
12
10
26
373
19
14
689
80
678
78
13
204
671
708
727
544
150
900
720
109
110
36
12
37
74
147
705
20
149
938
15
780
722
250
35
563
726
293
996
700
129
156
142
80
59
43
286
723
13
8
15
102
134
29
30
17
18
183
54
329
260
61
35
29
21
44
77
531
337
402
535
90
619
30
4
44
42
79
19
194
545
74
50
57
73
47
6
162
208
828
52
30
783
839
28
47
27
489
918
1007
1049
794
786
37
13
16
49
350
2
238
197
11
159
3
191
155
7
519
666
16
12
793
59
716
803
326
141
590
37
27
696
57
690
2
13
382
420
31
405
27
12
22
386
24
356
72
69
22
48
13
62
47
59
17
52
94
55
10
34
40
52
56
2
54
460
18
933
843
5
13
916
11
25
899
31
5
47
40
17
44
6
42
56
66
51
24
42
37
4
22
21
20
68
47
14
9
67
36
441
26
12
444
594
16
793
447
449
66
792
14
27
2
589
36
808
829
11
10
78
18
17
14
50
138
12
72
10
96
19
16
46
26
32
25
11
9
7
5
40
3
1
30
1
545
568
606
956
30
197
609
139
9
119
554
42
575
707
6
858
194
37
922
29
826
903
137
4
20
5
7
22
51
2
33
3
5
916
31
37
312
17
312
23
6
977
253
135
458
133
410
1025
178
13
947
1
28
103
89
347
274
123
34
55
28
8
70
1
88
5
89
525
87
134
512
364
393
81
444
400
38
108
23
8
41
99
10
59
33
51
65
47
33
15
17
20
69
22
26
62
28
132
35
52
13
11
30
35
109
49
29
32
36
127
139
110
85
54
13
56
78
30
111
31
94
4
61
42
18
19
72
21
24
26
11
29
28
63
31
803
800
29
33
53
34
37
38
204
41
4
57
43
420
33
3
169
406
314
326
392
308
509
343
9
42
5
4
48
6
14
16
10
274
168
23
13
38
11
323
40
5
34
287
2
32
20
35
164
233
28
21
7
89
35
7
4
41
10
52
1
25
402
23
15
21
13
52
1
24
12
25
320
38
346
395
39
367
70
95
20
22
27
19
110
106
3
60
40
119
77
43
46
126
4
58
52
44
105
67
123
41
42
62
73
165
38
5
53
1
38
429
167
44
9
2
36
277
123
23
67
189
101
4
37
8
54
213
467
11
55
11
42
29
39
43
23
7
34
32
38
37
46
36
45
28
25
5
49
30
46
39
4
43
35
44
37
40
59
115
21
33
38
11
490
22
23
56
19
24
57
703
35
521
9
58
842
68
469
62
41
20
60
327
9
22
23
6
3
7
108
25
26
75
130
59
1
1
92
226
379
28
430
418
80
118
99
108
139
113
19
63
141
237
148
5
98
128
78
145
89
25
25
94
18
125
44
11
22
103
108
12
86
23
148
3
55
2
121
23
24
80
65
97
27
26
957
503
156
52
975
5
504
16
8
413
67
1
33
2
219
329
255
966
1004
1
110
155
315
251
82
1
99
51
63
973
181
1014
1013
80
80
1007
784
31
41
92
227
5
521
856
788
69
936
94
980
1018
17
283
14
554
535
231
679
856
516
751
882
81
818
595
503
647
579
353
745
110
858
514
185
451
971
493
874
100
721
52
634
42
415
76
83
77
80
78
68
403
274
7
854
838
728
987
39
10
142
85
1
994
45
567
863
739
708
261
313
550
52
600
90
480
48
738
632
53
45
41
42
378
5
14
421
370
32
286
33
36
408
204
154
462
31
34
30
16
44
40
29
294
292
293
210
42
41
2
39
43
15
29
34
1
44
37
368
16
38
30
152
391
4
44
43
41
45
380
374
291
419
221
406
632
398
412
639
413
13
14
71
51
38
114
560
92
23
74
15
16
17
20
112
8
110
107
18
41
18
498
19
20
157
38
34
47
253
20
1
22
39
604
10
21
28
30
5
605
8
33
9
1
29
4
451
20
22
2
27
3
369
559
226
753
714
7
6
336
689
3
341
227
8
102
22
28
11
504
116
7
153
8
607
5
35
10
19
30
6
17
24
1
4
217
3
25
5
599
84
686
224
37
673
597
16
31
26
12
32
4
30
227
15
2
17
18
13
8
101
88
36
38
109
39
40
41
51
16
44
19
75
68
254
113
652
5
38
931
19
854
104
17
65
892
90
588
121
938
911
23
206
442
220
22
477
33
34
117
35
84
37
88
38
151
779
342
43
7
39
40
42
759
752
82
135
4
117
31
25
32
121
156
134
34
545
43
27
319
144
129
9
4
5
143
1
167
7
9
3
48
1
4
6
19
20
3
210
13
27
29
26
44
138
884
28
79
36
219
13
41
221
121
7
186
149
148
634
9
151
142
120
8
40
34
35
612
780
378
142
193
9
642
10
333
844
12
28
28
267
8
30
56
5
782
853
33
198
21
6
188
203
152
231
265
263
422
8
52
23
55
12
14
28
7
670
671
882
978
5
7
143
573
13
19
9
88
26
11
227
9
135
478
1
12
91
232
657
18
677
13
9
45
21
26
468
43
773
165
6
51
23
190
11
31
90
12
5
34
77
1
36
68
38
260
114
14
2
214
9
23
6
21
19
35
49
48
688
16
11
139
19
127
386
314
392
71
31
21
46
168
13
55
3
54
20
42
35
10
92
2
385
50
12
14
9
30
32
39
16
102
1
25
40
85
98
9
42
53
74
24
15
89
63
61
20
29
55
8
52
291
153
129
115
7
38
63
103
9
73
1
14
66
84
25
11
47
13
28
6
20
729
62
43
32
67
34
52
24
55
121
36
13
7
68
37
72
48
65
27
380
364
37
13
30
57
9
17
87
30
90
43
25
15
11
118
15
68
63
121
34
77
396
70
51
203
322
55
49
75
29
35
62
30
93
32
31
69
81
10
85
74
75
76
295
87
64
250
147
114
398
36
191
72
10
173
145
338
92
2
9
43
54
53
94
50
27
19
16
6
171
143
164
307
355
375
21
31
18
57
87
80
67
104
338
71
78
5
29
343
302
140
495
59
21
75
55
2
38
161
12
10
59
8
89
6
26
78
20
70
16
58
22
48
88
18
19
27
74
50
19
12
21
5
28
79
78
24
10
1
55
57
18
4
63
60
8
108
87
17
103
14
66
6
35
15
22
52
61
24
70
12
34
10
53
31
8
35
40
14
104
26
125
73
16
7
55
82
74
10
25
81
11
26
14
83
89
90
537
353
79
67
58
41
28
64
8
100
56
551
2
11
64
73
98
68
91
41
7
71
33
66
6
41
275
34
274
12
62
88
9
5
2
96
68
27
300
81
272
43
76
167
25
74
75
59
37
176
88
352
94
73
20
77
52
106
69
71
55
80
4
1
20
6
33
47
46
7
57
91
3
15
45
32
27
3
81
39
77
5
46
45
2
88
72
35
348
355
245
4
76
64
159
541
17
30
29
67
24
118
163
79
36
53
289
87
84
50
59
64
57
70
3
46
85
83
71
84
52
35
71
369
32
40
14
27
86
54
62
32
70
71
52
475
49
5
34
6
35
1
39
40
33
20
59
208
320
758
912
383
844
835
232
788
11
551
24
781
255
32
46
652
716
766
7
814
8
4
7
12
31
642
13
579
1035
80
154
449
9
28
1054
41
55
3
56
299
57
13
58
713
882
662
286
1055
838
37
902
4
114
827
508
693
416
20
59
528
37
50
51
42
45
66
26
694
597
588
26
99
237
3
513
22
131
162
701
750
120
779
716
780
2
55
295
28
12
43
21
53
22
2
35
10
47
659
690
6
641
44
52
57
53
25
662
644
57
8
76
283
38
714
45
35
189
86
823
335
50
45
44
63
56
178
794
45
869
22
55
43
899
725
632
54
55
644
52
671
656
56
704
134
778
767
684
694
13
59
25
243
468
3
7
703
580
15
55
4
237
6
4
136
70
45
44
46
22
19
61
475
514
2
433
47
504
22
24
7
23
221
21
37
285
878
65
432
31
611
65
548
46
44
379
10
26
34
11
35
36
21
37
32
15
13
51
9
38
87
562
521
86
852
794
867
39
868
68
595
65
29
45
11
46
22
35
526
35
34
75
121
91
119
108
20
525
40
870
41
755
843
28
127
133
158
118
17
18
55
19
4
266
7
37
492
892
579
9
1
10
33
29
2
27
12
28
421
31
71
30
22
17
28
598
83
34
601
40
193
3
261
93
18
5
62
864
31
97
947
47
29
749
76
19
86
95
339
92
24
6
799
1016
106
90
609
514
865
814
442
761
230
604
657
455
793
526
695
502
400
57
19
24
347
115
137
18
149
30
122
109
135
146
285
14
91
88
25
7
78
51
55
100
23
97
7
84
18
36
99
191
267
9
17
210
59
11
8
58
7
2
56
54
53
12
311
6
7
1
58
235
37
95
614
635
17
312
321
80
61
23
81
2
82
74
37
30
132
139
9
129
118
193
205
23
71
50
2
75
19
52
43
55
4
9
591
473
10
2
11
40
12
13
14
15
30
88
20
137
113
114
126
41
73
37
81
15
85
82
86
30
72
10
22
59
27
370
134
470
112
29
9
617
21
750
290
125
138
306
505
712
698
711
713
44
6
9
69
85
9
30
81
84
12
82
14
16
102
83
6
5
17
18
77
13
8
5
138
195
74
100
168
43
2
614
159
22
297
518
29
72
70
509
497
62
35
178
64
16
68
70
72
17
18
341
19
20
78
21
23
67
63
71
25
367
14
13
480
144
321
359
432
161
1
15
603
577
519
20
21
24
31
16
21
36
16
100
59
3
120
113
40
766
6
111
68
596
192
3
241
19
11
1
12
3
2
86
4
583
11
10
119
88
117
365
10
173
67
3
295
60
16
12
13
5
14
25
337
273
377
10
219
6
14
35
385
352
62
282
64
8
580
583
166
19
93
41
7
530
8
802
107
89
300
586
10
29
50
72
38
31
113
98
32
91
8
5
46
144
5
13
173
1
45
140
146
73
143
5
3
18
4
10
30
552
21
44
105
17
28
40
90
7
26
32
139
88
8
519
127
5
5
63
37
68
126
16
583
21
79
66
96
3
72
58
6
11
56
52
401
20
5
27
7
19
243
245
204
33
205
860
15
511
924
1
47
314
566
137
25
407
22
231
240
414
75
39
51
15
66
13
40
21
44
54
26
47
11
36
177
249
36
4
7
138
280
21
83
46
351
397
190
423
8
162
80
146
513
78
1
544
3
98
397
565
234
551
239
436
200
78
270
5
9
318
253
63
15
10
8
16
39
12
42
20
45
53
281
8
339
34
33
7
235
29
265
212
10
14
230
276
950
168
16
903
473
232
247
2
537
20
12
18
5
253
19
396
203
34
226
239
237
19
539
82
21
199
28
103
18
33
12
19
10
17
16
438
35
43
13
413
10
450
5
27
18
43
14
304
218
29
25
68
8
39
426
9
65
57
93
741
313
64
82
47
22
247
118
77
168
7
66
49
987
845
27
30
11
12
13
5
15
10
16
6
17
18
2
34
3
22
19
965
612
18
312
20
204
20
43
101
704
411
62
917
870
774
73
22
27
18
51
29
14
65
28
60
31
32
32
52
693
34
94
42
744
439
619
571
555
225
20
391
3
4
2
567
17
561
5
203
202
6
54
542
227
376
359
20
478
8
7
45
44
2
220
293
563
11
49
35
36
28
32
194
49
42
30
35
12
43
13
664
732
13
670
10
31
12
222
157
55
232
612
104
35
61
29
22
423
27
20
43
12
329
19
18
2
4
82
32
71
31
5
38
2
64
1
52
36
100
320
22
353
50
21
26
93
68
564
21
6
26
40
39
55
236
22
412
37
13
9
91
295
47
10
15
42
25
2
22
25
57
53
4
12
48
22
15
55
54
252
45
17
31
13
7
12
11
5
42
174
404
312
841
296
24
20
31
6
3
7
26
368
9
10
11
23
3
14
12
34
55
56
160
223
21
51
63
441
900
23
33
73
47
14
875
414
82
51
100
436
207
902
111
47
37
48
49
48
167
8
14
1
2
25
10
15
23
5
9
4
1
7
46
51
57
8
13
40
16
44
8
12
17
4
6
3
7
24
47
189
407
1
4
5
27
57
49
2
3
10
19
4
8
29
43
218
25
288
185
50
53
67
1
6
8
2
45
65
31
1
23
60
456
77
56
4
37
61
8
71
83
25
35
64
29
14
6
86
69
7
73
15
63
8
61
33
5
82
60
59
253
36
107
6
100
6
49
24
67
802
9
311
44
8
10
282
13
46
38
59
72
55
58
17
40
57
9
20
22
445
83
29
51
53
595
15
44
49
26
21
52
90
40
41
2
18
100
25
12
64
89
80
184
27
47
15
44
62
65
13
150
5
41
30
13
863
6
91
34
125
48
35
117
138
34
19
130
16
459
3
97
329
44
4
277
177
230
7
154
32
374
211
613
413
84
2
3
1
8
14
6
34
14
87
15
66
87
3
64
327
35
92
78
109
85
524
94
2
4
106
92
101
96
80
109
108
4
19
249
2
33
51
111
605
22
43
93
48
73
70
23
1
99
101
3
93
94
102
24
775
114
79
18
11
9
91
101
749
33
731
651
13
1
37
76
166
75
44
116
971
54
933
901
61
11
26
3
3
17
50
25
236
184
51
6
14
67
9
4
63
123
6
9
6
83
817
2
57
56
4
58
611
14
700
5
45
919
6
63
456
23
208
376
587
545
34
48
437
257
317
510
310
531
37
44
42
20
58
53
40
31
6
44
72
27
3
4
6
41
432
80
47
36
18
22
1
23
89
12
75
1
20
88
50
24
19
14
46
320
495
10
169
108
49
779
3
374
165
371
448
7
144
207
114
625
165
164
154
240
13
114
64
116
665
568
45
500
14
824
836
133
2
913
180
155
57
22
109
69
33
59
4
31
1
25
22
67
12
13
113
647
55
658
61
694
111
69
233
239
100
93
7
4
5
41
2
22
90
98
276
11
110
6
29
55
456
37
68
4
39
41
21
3
35
30
2
22
364
5
17
70
5
7
89
37
102
13
110
33
25
85
7
706
127
147
116
65
640
111
5
720
3
76
2
719
110
111
28
36
47
42
2
17
6
33
21
1
24
61
1
26
433
13
2
3
25
4
5
14
61
94
20
1
104
63
34
44
38
16
5
36
8
14
518
24
16
50
33
768
4
946
91
4
35
32
78
49
103
316
177
706
20
94
117
49
95
105
12
67
153
69
237
257
32
554
34
860
457
27
22
47
55
1
607
135
53
12
2
23
52
32
919
909
931
7
43
942
29
922
19
15
30
4
11
32
1
5
21
26
2
46
31
6
20
926
37
33
549
483
45
6
7
34
41
40
29
42
4
24
28
43
36
3
934
8
48
2
19
23
972
930
1
10
956
24
917
929
910
933
892
902
3
42
26
38
53
26
25
19
38
11
36
24
4
2
26
41
9
37
457
15
22
3
21
3
2
1
20
53
47
51
16
3
2
11
15
40
10
46
36
41
21
50
2
20
42
17
52
62
4
21
17
25
46
749
3
36
15
48
3
31
9
30
11
743
542
12
763
292
31
860
849
774
1
17
266
241
34
20
21
55
2
39
37
17
70
275
39
6
18
2
15
4
2
542
14
732
21
7
51
577
3
140
15
426
1
815
804
419
243
13
15
7
27
16
66
68
18
67
65
28
20
5
26
14
26
11
70
60
38
36
41
175
165
3
43
39
33
339
25
29
16
9
8
48
14
306
29
5
27
21
19
17
21
9
22
33
2
18
24
334
9
137
244
667
8
445
26
8
40
121
78
25
64
63
13
61
51
44
53
125
132
38
261
33
504
560
66
664
157
5
30
978
807
903
104
79
86
32
3
26
87
29
76
68
66
38
1
87
65
64
74
77
73
70
69
6
50
194
47
92
49
15
20
12
55
6
21
15
51
5
201
42
32
25
430
27
183
26
27
28
24
25
48
55
46
56
14
10
50
58
48
37
76
36
73
9
22
4
37
801
46
63
54
64
13
56
10
15
141
14
16
10
6
165
43
7
9
36
1
60
10
64
53
18
18
62
325
23
19
21
88
49
22
11
649
85
920
939
39
38
311
86
918
310
375
32
309
26
27
25
307
148
348
235
139
122
70
34
227
93
152
1089
96
1096
1095
790
103
696
185
6
32
53
82
54
39
36
87
95
50
85
107
43
37
59
251
27
41
20
25
47
22
66
48
28
8
3
32
3
11
44
9
19
10
17
21
78
13
123
10
369
348
396
375
77
140
22
107
19
24
133
335
12
83
951
53
359
161
340
13
27
59
102
20
674
87
4
72
5
59
2
316
67
143
17
15
9
53
678
320
8
22
25
2
34
50
28
391
13
32
2
14
91
3
31
14
16
43
6
18
22
23
26
50
75
19
690
2
38
29
893
8
59
12
53
54
64
16
32
59
6
16
713
55
91
7
5
16
12
2
5
12
22
14
1
26
456
285
26
282
21
23
23
101
13
43
46
5
39
51
33
816
15
24
9
73
61
40
37
1
34
115
59
52
74
31
7
823
79
271
82
338
14
119
7
6
552
40
8
57
10
11
32
29
66
48
6
49
451
11
10
87
83
59
457
126
2
13
1
292
214
41
35
1
42
260
34
35
19
16
53
75
424
18
830
829
42
146
165
758
812
1125
1
20
39
47
45
1070
135
130
841
55
8
51
55
24
1
35
1
31
32
3
32
922
83
63
72
69
500
444
7
55
30
49
33
105
76
68
50
32
56
1
3
220
245
4
2
86
8
10
38
77
11
12
3
104
10
83
9
35
94
50
92
89
78
13
101
732
451
60
69
8
27
26
4
2
25
1
284
6
18
5
24
1
23
4
13
16
242
1
751
30
28
39
27
26
18
5
23
25
12
30
25
33
24
3
2
42
310
38
28
7
13
23
3
18
68
219
2
27
13
64
29
282
51
49
50
52
13
8
59
29
65
53
58
69
67
66
65
36
35
79
8
29
334
38
59
33
23
18
15
8
46
486
1
2
43
17
845
3
7
5
1
10
53
907
54
544
45
48
62
66
16
968
675
1
80
28
29
107
229
27
26
1
70
34
21
40
52
46
38
22
54
54
42
51
23
41
1052
59
11
400
6
8
90
66
2
21
29
72
71
88
87
2
53
4
51
13
1
51
17
51
36
80
2
3
4
1
2
1
9
31
2
75
72
96
7
74
100
79
2
66
17
77
72
64
77
15
22
92
42
1
7
22
8
8
2
24
23
20
21
4
78
36
18
17
26
45
24
14
13
2
33
57
62
10
40
18
48
3
52
40
54
28
40
60
21
1
7
1
17
4
5
26
54
53
27
8
37
20
8
17
8
13
12
42
9
5
39
42
43
114
114
37
61
1
21
108
77
21
76
44
1
45
72
43
44
71
45
111
39
3
36
69
36
19
27
33
12
6
31
4
6
25
19
21
43
29
2
1
28
7
27
1
6
26
60
1
9
32
48
3
26
5
