1
1349
16
20
23
24
27
342
717
136
169
96
97
1363
1471
1477
464
1398
117
148
1244
1433
1932
1394
1430
310
320
127
129
114
290
1410
125
1499
25
1422
811
812
173
174
175
362
176
177
178
1363
467
469
471
475
479
481
1209
116
329
1437
555
1447
652
653
666
668
671
314
17
1358
357
359
363
373
80
213
3
6
9
469
176
180
3
138
139
200
36
1071
1072
1073
1074
31
186
199
17
271
273
274
276
278
282
327
329
177
3
463
170
174
39
460
1105
176
379
382
42
390
215
87
171
665
114
282
123
124
636
657
431
610
328
327
311
309
307
305
304
302
632
100
101
102
103
104
105
107
113
583
335
334
220
219
120
121
61
289
3
4
5
6
7
8
10
13
15
16
17
87
88
156
172
1
2
3
4
5
7
10
12
13
14
84
85
169
254
420
138
193
195
197
91
92
146
119
201
203
205
207
209
211
1
2
574
900
250
751
117
11
12
497
224
225
226
228
229
230
231
232
233
234
235
886
891
159
552
295
770
45
503
93
334
92
238
516
90
247
756
83
147
73
79
74
75
76
77
78
79
80
81
248
935
175
937
939
940
114
941
943
122
957
123
124
125
127
162
161
38
159
158
14
625
134
69
110
111
112
151
167
86
27
244
302
478
483
487
139
192
194
196
118
940
942
90
91
200
202
5
8
624
204
206
208
210
1
246
771
11
496
249
118
223
224
225
227
228
229
230
231
232
233
149
158
551
190
502
94
333
93
237
91
245
82
146
80
247
113
121
122
123
124
163
162
160
159
13
133
68
166
26
243
301
477
482
486
195
117
118
9
10
244
81
145
208
12
165
353
141
117
371
200
2
5
7
981
219
220
748
558
36
35
226
614
145
156
693
776
315
685
80
401
346
111
86
123
801
164
165
81
96
50
218
746
351
143
115
373
198
3
5
979
560
38
37
224
612
143
154
695
778
313
683
78
399
344
109
84
121
162
163
79
94
48
214
215
743
348
146
112
376
195
2
976
563
41
40
221
609
140
151
698
781
310
680
75
396
341
106
81
118
219
159
160
76
91
45
213
741
346
148
110
378
193
974
565
43
42
219
607
138
149
700
783
308
678
73
339
104
79
111
116
157
158
74
234
43
471
178
801
184
551
108
109
910
434
781
126
880
60
471
960
883
841
572
551
408
435
436
437
767
1
486
125
124
474
400
21
22
23
25
424
873
875
24
249
494
492
487
486
547
545
543
810
673
1045
723
398
724
496
499
117
118
120
125
127
101
72
79
116
704
156
161
228
229
231
233
467
353
750
79
80
820
821
739
840
238
504
163
150
181
183
185
875
107
189
191
193
195
197
199
884
769
542
383
700
920
426
485
126
125
664
241
127
212
213
214
216
401
217
218
219
220
221
222
223
593
596
874
877
879
95
136
626
147
438
637
529
540
476
829
283
779
782
57
594
1044
491
567
107
105
225
322
226
104
234
102
235
98
983
744
71
135
751
91
62
63
64
65
66
67
68
69
814
73
448
236
530
531
929
931
102
104
110
349
547
973
112
113
115
174
173
50
171
170
282
2
18
714
192
613
122
57
98
99
323
100
153
139
917
155
166
167
162
15
38
184
232
290
466
471
475
823
809
6
54
57
58
59
375
158
1005
244
171
409
11
54
332
61
60
783
97
1217
1215
4
1329
128
26
96
27
28
29
494
496
17
135
497
324
693
19
78
1228
14
536
16
1306
90
88
493
1278
20
10
125
886
126
130
131
951
133
1114
69
76
77
412
1270
84
91
161
1163
164
37
38
337
40
42
344
44
45
47
48
58
52
143
1
5
6
8
1079
153
154
156
1071
1142
24
1065
335
142
163
150
286
68
1
155
156
12
94
587
88
161
14
130
146
119
56
58
61
58
124
22
77
74
1322
1289
1286
1282
23
24
25
1253
1252
121
122
123
125
126
127
128
885
49
328
65
418
69
1189
70
71
44
1117
1081
143
159
579
1
2
3
4
5
7
8
12
11
129
130
1
2
3
4
6
7
11
1275
274
223
112
1470
229
649
244
246
249
6
120
123
4
7
8
11
7
1355
798
159
23
1534
1540
1545
1547
196
47
1719
1721
1356
1357
1358
14
80
81
29
28
31
33
34
35
38
1741
69
1382
212
89
97
109
111
135
137
1576
128
1215
138
140
144
59
60
1558
154
169
170
269
728
1247
1248
1673
1674
1675
1676
1679
8
5
1326
1327
1328
312
1330
13
1509
12
11
1334
1335
1336
1337
1340
9
1701
147
1486
173
260
1353
262
1868
1870
996
1590
1397
1
2
3
1496
1495
1493
1492
1491
1432
1431
1188
5
6
1169
1167
1163
1161
1160
10
1272
1
2
28
31
133
63
1506
197
198
200
19
20
21
24
4
5
27
85
12
13
1490
29
32
34
35
9
11
32
1253
8
7
6
1
27
30
132
62
1507
196
197
199
18
19
20
23
3
4
26
84
11
12
1491
28
31
33
34
8
10
33
1254
9
8
7
26
29
131
61
1508
195
196
198
17
18
19
22
2
3
25
83
568
10
11
1492
27
30
32
33
167
7
9
34
1255
10
9
8
1271
270
219
108
225
645
240
242
245
697
8
116
119
155
542
3
4
7
11
19
1530
1235
1237
1536
1541
1543
40
192
43
1715
1717
10
405
199
76
1516
1519
77
1521
1522
427
25
24
27
29
30
31
34
65
1378
208
78
79
85
93
97
216
218
105
107
111
131
117
36
39
133
41
42
44
1572
46
49
1175
52
124
1211
134
139
136
140
1404
54
55
56
1554
150
165
166
265
724
1243
1244
1410
204
212
241
12
248
9
1321
308
1326
1505
1589
5
329
1697
20
143
1482
169
256
1349
258
72
1864
1866
992
1646
1586
1393
1268
267
216
105
222
642
237
239
242
694
5
113
116
1400
152
539
1
4
14
791
461
1510
1511
16
1527
173
1533
1538
1540
189
40
1712
1714
7
1353
352
196
73
1513
1516
74
1518
1519
424
22
21
24
26
27
28
31
432
434
436
438
1734
62
1375
445
447
449
205
453
75
457
76
82
90
94
213
101
215
102
104
128
33
36
130
38
39
41
1569
43
46
1172
49
121
1208
131
136
133
137
1401
51
52
53
1551
508
510
513
147
162
163
262
721
1240
1241
201
15
12
1318
305
1323
1502
292
2
326
1694
335
337
341
17
140
1479
166
253
1346
255
69
989
217
218
1643
1583
1390
1267
266
215
1377
104
221
641
235
236
238
241
692
693
696
4
112
115
151
1293
1294
538
3
15
15
1526
1532
1537
1539
188
39
1711
1713
6
1513
195
72
1512
1515
73
1517
1518
423
21
20
23
25
26
225
27
226
30
1733
438
440
61
1374
204
1390
81
89
93
212
480
214
101
103
127
32
35
129
37
38
40
1568
42
45
1171
48
120
1207
130
135
132
136
1400
50
51
1500
52
1550
507
509
512
146
514
516
529
531
709
710
711
161
162
261
720
1239
1240
1602
1614
200
16
13
304
1322
1501
1
325
1693
242
8
9
11
682
12
685
16
13
687
689
139
1478
165
252
1816
1345
254
68
988
1642
1643
1582
1389
1264
79
88
263
212
1374
313
99
101
218
638
1473
1890
1
1
109
112
142
1398
148
149
535
359
18
1414
12
1523
1529
1534
1536
33
36
40
1708
1710
1347
3
1510
1548
407
190
191
192
69
70
344
18
17
20
22
23
24
1336
27
1444
1445
435
1450
437
58
1371
201
453
78
90
209
477
211
98
100
124
29
32
126
34
35
37
1565
39
42
1168
45
117
1204
127
132
129
133
1397
1392
47
48
49
327
1547
504
506
509
143
511
513
14
526
705
528
522
706
1413
707
708
158
1169
1170
159
715
258
717
1236
1237
1417
1418
1419
1420
197
626
627
635
636
19
16
1314
598
301
1319
1498
2
322
1690
679
13
334
444
448
452
136
1475
162
554
557
249
560
1342
251
1643
388
391
399
61
63
65
985
1617
1639
1579
1972
1386
1
1163
23
81
8
9
1494
719
25
28
30
31
15
16
17
19
20
4
5
7
312
59
129
343
36
24
27
1257
12
11
10
1194
1164
22
80
7
8
1495
24
755
27
29
30
1163
34
1508
14
15
16
18
19
21
3
4
6
1409
55
313
58
1380
128
251
344
37
23
26
192
193
195
1258
13
12
11
522
1
2
4
403
5
6
919
595
58
810
148
402
920
596
57
717
2
806
4
201
203
3
4
3
149
327
551
37
748
528
431
148
147
586
295
33
615
620
461
462
160
696
83
124
508
509
168
118
122
123
124
81
14
73
106
101
110
135
136
137
138
139
140
142
143
144
145
5
10
162
715
808
6
201
1
2
5
325
553
35
746
526
429
584
293
31
613
618
459
460
158
698
81
210
896
897
898
166
65
116
79
12
71
104
99
108
133
134
135
136
137
138
140
141
142
143
7
8
160
10
1322
11
12
13
345
198
138
83
1
22
23
794
942
224
601
598
358
602
129
153
542
286
200
65
64
67
717
145
7
11
100
103
107
140
137
82
21
22
793
941
223
600
599
357
601
128
152
285
64
62
63
66
716
144
8
10
102
106
139
1386
448
107
110
1696
1698
1006
1007
89
91
1332
21
24
1519
28
1333
1334
1335
1359
320
322
326
328
329
1282
14
332
1507
1572
1513
1514
157
1526
1527
1337
1068
192
195
85
197
109
92
98
112
114
116
118
8
5
1466
7
9
13
18
1153
26
31
174
977
177
182
185
271
33
31
281
1302
817
818
1570
18
1629
83
1518
1521
232
235
1598
169
190
1845
1847
208
1660
247
25
23
1314
860
335
199
233
195
1195
1078
847
1137
337
185
237
121
1186
205
166
1200
296
1011
1176
88
98
31
101
1115
195
58
177
370
1104
653
936
979
980
2
107
2
3
5
6
7
9
10
12
13
15
764
18
20
21
179
24
25
124
1
20
3
4
5
7
8
10
11
21
1485
1482
13
766
16
18
1478
19
181
289
22
23
189
191
257
1534
192
572
2
4
1486
12
549
15
17
1175
182
181
1
2
4
5
8
66
12
9
7
6
1352
1424
1488
1485
10
13
15
1481
383
16
150
1190
1188
1184
1233
1080
1078
1076
1072
1068
172
44
19
20
1
3
4
7
65
9
12
14
15
151
126
1191
1189
1185
1234
1081
1079
1077
1073
1069
173
18
19
2
37
3
75
76
6
64
14
11
9
8
1452
1451
8
11
13
1385
14
152
88
1192
1190
1186
1235
1082
1080
1078
1074
1070
1445
1419
1413
42
319
26
219
214
1379
209
25
53
54
55
56
57
58
17
18
984
1114
1113
1
389
4
62
16
13
11
10
205
1090
1088
6
9
11
12
182
113
531
1194
1192
1188
1237
1084
1082
1080
1076
1072
23
1115
1467
1410
185
1144
118
932
15
16
128
1066
985
1461
3
61
13
1455
1454
1357
1429
1493
1490
1091
1089
5
8
10
11
1182
130
1195
1193
1189
1238
1085
1083
1081
1077
1073
1223
1071
12
916
177
9
6
39
4
7
1145
117
1324
14
15
710
1185
1359
776
8
11
8
1543
1542
174
140
139
747
131
276
275
274
272
271
58
138
10
745
201
2
5
7
1391
8
522
1386
158
133
744
743
46
1074
9
19
1181
31
1425
1419
36
325
104
105
125
227
225
220
281
317
316
1385
215
31
1483
47
48
49
50
51
52
11
12
347
58
1532
119
747
135
746
745
133
226
227
744
1071
245
248
990
678
44
1074
3
5
6
947
473
1498
1495
182
14
11
1187
87
88
89
195
90
1103
1101
1099
1097
1096
1094
1473
537
1090
1088
1086
1082
1078
1076
33
1433
696
1427
694
693
1421
692
691
690
689
688
34
685
682
327
1404
679
138
524
1388
119
56
812
227
222
1342
217
1243
51
1200
1198
1194
1122
191
188
1150
112
1466
82
1329
546
91
92
1272
9
10
32
454
457
458
459
583
1005
1006
1027
1024
66
784
33
34
52
54
55
57
689
690
409
778
781
947
948
950
6
1101
1017
1221
136
223
224
245
242
2
3
4
5
15
16
17
18
19
31
53
6
7
330
327
326
325
138
1367
221
222
243
240
1398
1
75
542
1205
1203
1199
1248
1095
1093
1091
1087
1083
106
2
3
13
14
15
16
17
1188
27
24
22
21
24
926
1439
1432
1426
29
332
143
39
51
62
63
232
227
1392
222
38
46
31
86
87
40
41
42
43
44
45
4
5
1224
755
1376
530
1394
141
38
1
2
11
1439
25
28
333
1410
96
97
98
50
401
117
724
716
235
130
714
233
228
64
66
67
289
325
324
318
436
166
3
4
15
149
1073
414
553
827
86
87
446
451
456
79
83
1236
1234
7
550
552
551
201
202
1304
1301
1297
8
9
10
974
955
343
860
1239
225
1210
125
120
1196
831
828
142
101
388
389
22
1148
521
121
144
1339
370
272
123
388
241
1533
1530
8
265
446
9
10
1526
109
1602
295
642
168
777
1225
14
1
59
332
329
328
327
192
244
59
28
74
334
424
93
70
71
72
1226
521
520
60
191
245
58
27
73
333
15
92
69
70
71
278
1458
1874
83
501
137
502
277
268
684
70
3
343
402
404
1381
7
1338
1310
311
317
374
36
1476
1479
37
1481
1482
1499
391
318
321
399
1411
330
1417
1418
171
174
176
88
77
91
93
95
84
97
1509
1510
1511
108
204
1369
478
47
125
1384
435
153
111
160
161
164
172
405
423
632
1355
208
39
1608
1593
211
212
213
215
216
217
196
398
226
227
275
1455
80
747
498
134
499
274
265
681
67
340
399
401
1378
4
1335
1307
308
1360
421
314
371
33
1473
1476
34
1478
1479
1496
1300
388
315
392
318
394
396
1408
327
398
1414
1415
168
171
173
85
74
88
90
92
81
94
1361
1506
1507
1508
105
201
1366
475
50
122
843
1381
432
150
1331
108
157
158
161
169
402
420
629
1352
42
1605
1590
208
209
210
211
212
213
214
143
193
395
1224
271
1451
76
494
1188
1190
130
495
270
261
677
63
1304
1374
1866
1305
1306
1307
1303
1356
310
367
29
1469
1472
30
1474
1475
311
314
1404
1410
395
336
164
167
169
81
70
84
86
88
90
1502
1503
1504
197
1362
471
54
146
104
153
157
165
398
416
625
1348
1586
204
205
206
207
208
209
139
189
370
372
372
373
573
572
6
368
7
8
9
482
1398
182
49
50
1540
103
2
71
68
690
689
15
104
106
107
742
3
738
1633
1246
1724
60
63
178
175
149
151
1400
180
47
48
101
69
66
692
691
13
102
104
105
744
1
740
1635
409
1248
1726
58
61
180
177
444
443
442
441
440
745
865
866
867
19
4
61
172
173
175
128
120
121
122
741
125
127
101
102
1
116
19
205
20
21
91
39
41
42
44
112
113
115
9
7
103
104
105
106
107
108
109
110
115
204
90
111
112
114
102
103
104
105
106
107
108
109
20
80
141
37
1243
147
1241
306
11
138
135
134
133
52
810
809
803
467
468
470
471
87
86
70
55
1
2
16
3
967
949
942
1282
928
9
926
921
920
985
99
912
981
100
102
979
104
105
977
909
907
107
905
27
350
903
901
899
895
891
1140
43
1254
50
51
53
1296
58
65
135
1189
815
138
71
11
12
254
255
14
16
318
18
19
323
267
96
21
22
109
719
26
117
879
1054
1043
25
21
1056
20
18
12
281
1013
1011
1007
127
128
130
1097
2
1124
137
124
42
787
788
809
806
114
57
23
168
169
171
81
140
36
1032
146
707
305
12
53
811
804
466
88
87
810
70
986
1044
1244
1242
101
69
1
2
467
26
469
10
19
108
470
351
720
51
1255
13
816
128
1346
17
968
4
950
943
1283
929
927
922
921
735
98
913
99
982
103
980
104
978
910
908
906
106
1141
42
49
50
52
1297
57
64
134
1190
137
208
10
11
13
15
317
17
372
18
95
20
21
25
116
880
1055
26
22
21
19
126
127
129
1098
3
360
136
41
82
139
35
1033
145
304
13
140
137
136
135
52
812
805
465
89
88
811
69
987
1045
1245
1243
100
559
68
1
466
25
3
66
468
11
18
107
469
352
721
50
901
18
897
893
1256
14
817
16
334
969
3
951
944
1284
163
166
168
169
930
928
923
922
97
914
98
983
102
981
103
979
911
909
907
105
1142
41
48
49
51
1298
56
60
63
133
136
9
10
12
14
316
16
17
94
19
20
24
115
881
1063
1056
1053
27
23
22
20
125
126
128
1099
4
931
929
363
927
135
168
40
83
138
139
34
144
303
14
141
138
137
136
813
119
117
806
464
19
90
89
812
68
988
1046
1246
1244
99
560
67
465
467
12
17
106
468
353
722
49
1257
15
126
1348
163
970
952
1332
1331
945
1285
931
929
924
923
96
915
97
984
101
982
102
980
912
910
908
104
1143
40
1232
47
48
50
1299
55
62
132
1192
135
8
9
11
13
315
15
16
320
93
18
19
23
114
25
882
1064
1057
1054
92
648
28
24
23
21
1342
1341
1339
1338
1337
124
125
127
1100
5
362
270
134
39
75
72
971
972
1171
1172
1173
1174
1175
1176
13
18
21
25
315
313
30
311
33
34
35
308
307
39
41
43
1183
46
47
51
53
55
57
1353
58
60
62
994
617
64
66
68
72
76
78
80
27
59
61
219
1203
1204
33
36
1249
163
136
626
622
621
1348
739
814
1160
837
836
730
91
728
1156
102
1020
1155
727
1248
1246
942
216
1152
1142
1140
153
1036
97
925
726
101
1220
89
1144
912
65
189
725
14
724
47
1259
35
95
17
1178
795
146
1092
1303
1090
1290
1407
1032
17
412
1419
69
1113
1111
554
164
436
433
1
2
3
4
101
1312
353
1207
926
1380
22
17
12
1
2
3
100
1313
354
1208
927
1381
23
18
11
1
2
99
1314
355
1209
928
1382
24
19
10
306
308
1
98
1315
356
1210
929
1383
25
20
9
97
1316
357
1211
930
1384
26
21
8
304
306
129
5
30
12
20
153
151
30
33
112
1024
262
264
265
7
10
134
330
331
332
333
334
335
93
90
87
67
35
86
105
103
224
7
333
331
329
15
158
16
17
146
97
25
28
117
1019
257
259
260
2
5
9
10
143
33
53
22
25
938
966
300
254
202
100
97
94
43
256
259
262
203
340
338
5
336
8
9
10
102
104
107
278
276
205
274
272
281
198
195
216
193
14
16
18
1158
21
22
26
28
30
32
1260
1261
1262
1263
33
35
37
1266
969
314
994
39
41
43
47
51
55
52
24
109
2
3
958
36
141
143
146
154
184
187
1178
1179
2
1155
77
76
4
7
8
479
358
280
561
312
373
375
241
87
88
89
37
90
393
322
265
602
51
647
131
109
111
188
1581
194
195
1518
51
1153
79
78
2
5
6
477
356
278
559
310
371
373
1307
1279
1348
465
239
85
86
87
35
88
320
263
53
645
129
107
109
186
1579
192
193
1516
971
57
304
8
1006
338
337
289
291
13
17
65
216
1323
28
30
964
265
46
1066
408
977
48
208
59
60
61
63
31
1205
1236
333
201
206
1347
3
4
475
354
276
557
254
308
369
371
1330
463
1407
67
237
83
84
85
33
86
318
1151
261
55
81
80
643
127
105
107
184
1577
190
191
1514
278
51
11
1
2
1003
131
145
6
8
50
43
10
1150
13
18
20
22
25
27
29
974
45
1122
47
45
807
242
244
245
269
248
83
251
84
86
92
95
1233
1170
1171
102
314
190
237
277
286
82
103
130
1
120
280
1003
9
1149
35
204
62
290
806
241
243
36
244
270
84
174
125
1002
298
22
7
6
218
258
121
65
67
69
70
74
81
113
146
83
84
85
91
252
136
138
140
144
291
1232
18
12
5
1084
1169
1170
103
313
191
236
276
285
83
104
129
53
119
279
1002
4
6
8
1148
11
36
27
205
61
291
805
240
242
37
243
271
85
175
126
1001
297
23
8
7
219
257
122
64
66
68
69
73
80
114
147
82
83
84
90
251
135
137
139
143
290
1231
19
13
6
1083
1168
1169
1195
12
1312
1422
465
281
134
466
290
85
241
34
1
79
244
298
355
359
1340
366
368
1345
1413
55
1302
263
1266
556
79
21
1404
70
80
81
82
30
83
294
1375
1376
1382
408
64
1323
21
72
168
1337
447
83
369
596
598
464
1319
1256
253
19
12
322
916
188
160
11
1311
1421
464
280
133
465
86
240
33
80
243
354
365
367
1344
1412
56
1301
262
1265
555
78
20
1403
71
79
80
81
29
82
1374
1375
1381
407
63
1322
22
71
167
1336
446
84
368
595
597
463
1318
1255
252
20
13
321
915
187
159
304
958
973
974
125
95
92
57
2
100
49
4
1144
7
372
1093
1096
1098
1099
247
319
371
1314
19
21
23
998
955
65
53
51
31
212
209
207
295
292
290
288
286
150
142
135
132
1081
801
288
997
293
109
111
19
12
230
92
219
1039
435
126
187
2
142
1227
17
231
244
246
255
257
1164
302
956
92
123
192
97
94
92
343
59
102
51
2
1142
5
250
370
1091
1094
1096
1097
249
321
17
19
21
996
953
925
994
576
978
67
55
53
40
33
214
211
209
297
294
292
290
288
152
144
137
134
799
433
432
286
995
291
107
109
21
727
14
143
232
90
221
125
127
130
138
437
128
700
276
185
413
412
410
409
4
922
1225
19
229
242
244
253
255
1162
72
70
1140
3
4
251
323
15
17
19
951
89
87
83
132
21
23
25
29
33
35
158
18
1160
1161
1019
950
942
1089
1137
224
1125
1123
130
1121
1229
1227
1223
1272
1119
1117
1115
1111
1107
851
1072
1070
8
866
62
9
10
11
12
13
14
16
17
18
19
20
21
297
951
87
121
118
118
64
365
361
364
12
14
16
991
92
90
86
135
18
20
22
26
30
362
363
72
60
58
56
38
219
216
214
302
299
297
295
293
149
142
139
229
794
231
232
281
990
286
102
104
383
384
26
386
19
138
237
85
226
120
122
125
133
133
180
107
9
335
1220
24
224
237
239
248
250
1045
1157
840
957
909
186
74
65
82
10
81
109
1306
104
55
50
11
13
291
283
15
947
92
90
84
919
988
200
911
940
570
972
93
91
87
136
17
19
21
25
29
72
105
1049
274
77
272
71
70
1027
225
220
963
217
51
215
303
300
298
296
294
793
234
237
240
87
980
88
982
439
438
104
989
284
269
27
24
1016
238
227
14
241
243
109
174
179
275
916
1219
169
41
25
168
225
1212
1213
1214
1215
21
7
30
99
141
124
106
111
113
258
1104
69
71
118
73
43
2
4
6
85
108
7
9
907
968
338
904
956
329
276
29
65
370
43
224
221
219
307
304
302
300
298
191
978
28
242
231
195
105
130
65
106
258
86
89
90
376
22
209
211
213
216
219
221
222
223
229
246
250
3
143
126
28
30
104
109
111
260
101
1102
71
69
120
71
41
2
4
87
110
5
7
941
905
340
902
954
331
278
25
27
67
45
226
193
976
279
30
233
193
103
132
63
108
256
88
87
88
378
24
214
217
219
220
221
227
244
248
1
145
128
26
102
107
109
262
103
1100
79
78
73
67
122
69
39
2
89
112
3
5
294
939
903
69
13
17
21
342
900
952
333
280
23
25
47
228
225
223
45
311
328
322
308
306
304
302
195
974
277
32
246
288
235
191
101
134
61
110
254
12
16
20
32
90
85
86
380
26
212
215
217
218
219
225
279
242
246
1
147
130
100
105
264
105
81
71
75
65
124
67
37
91
1
3
271
272
273
937
901
344
898
950
335
282
21
23
49
230
405
197
972
275
34
237
189
202
99
112
252
92
382
28
210
213
215
216
217
223
244
3
1419
349
1621
602
596
53
55
58
155
1379
315
1746
712
711
65
1489
1354
1293
60
148
149
1291
165
63
21
166
1396
1390
395
366
736
1739
334
945
1363
557
551
1526
1630
233
1744
75
71
70
69
486
485
128
288
117
1294
59
619
727
726
118
1747
801
142
569
772
21
121
161
162
123
46
44
790
789
147
9
8
6
126
1050
352
939
124
122
289
290
946
120
291
292
293
294
295
1056
115
1472
898
771
774
775
776
963
148
99
104
106
623
175
1082
1085
85
106
84
83
82
178
81
70
100
76
64
125
36
262
213
96
2
271
281
4
979
1047
421
97
95
94
908
66
977
900
929
859
559
61
961
94
1038
436
976
132
286
59
285
284
283
20
22
57
53
1016
231
39
228
40
226
314
311
309
307
305
217
219
782
220
223
226
229
294
69
71
74
198
76
969
77
78
971
450
86
88
89
974
1043
449
279
978
280
275
277
278
279
24
1005
249
37
1006
1007
184
186
242
187
85
238
230
27
30
836
145
953
41
143
43
45
1004
50
156
157
163
57
137
168
170
174
177
244
251
601
794
68
191
119
122
905
125
128
185
385
383
267
268
1208
165
52
167
36
29
1060
179
178
215
73
1210
34
32
236
998
999
4
11
128
358
941
1048
354
1431
937
126
124
287
288
944
122
289
290
291
292
293
1054
216
201
1453
896
150
697
113
128
97
102
104
628
173
1073
102
1080
1083
87
108
1072
1075
1077
1078
899
231
86
85
84
176
83
1007
72
1013
68
242
63
61
98
78
241
318
315
62
127
136
280
59
334
34
260
211
94
350
269
279
2
977
1231
1045
299
423
934
103
99
97
96
906
975
898
927
1174
959
92
1036
438
974
134
288
287
286
285
20
1014
236
233
37
230
38
228
316
333
327
313
322
311
309
320
307
215
217
780
218
221
224
296
200
170
74
967
75
969
452
84
86
87
972
451
88
281
91
976
279
273
278
275
276
277
1161
1162
1225
1226
1227
1228
22
1003
141
1290
251
35
1004
1005
182
184
293
244
185
83
240
228
100
101
25
28
154
147
951
39
145
41
144
43
48
154
155
161
55
257
139
166
168
172
175
447
114
242
28
249
66
117
120
123
126
187
387
385
265
266
56
256
1206
156
163
54
165
46
38
31
1420
1058
548
1180
181
180
213
1043
75
1208
36
34
234
996
997
160
1242
6
13
935
71
102
270
113
88
171
76
74
72
1318
1319
80
1340
1337
349
975
932
201
203
206
54
235
232
342
230
318
315
313
311
309
165
958
158
155
778
219
222
65
67
70
293
454
453
265
974
270
42
35
253
6
69
242
933
149
164
123
1353
131
1204
40
208
221
223
232
234
1141
107
114
920
1060
646
644
638
1051
175
38
837
832
830
1021
1357
161
35
1020
684
1019
1017
73
1008
74
1006
79
1002
997
1313
836
1387
1061
1070
723
80
584
43
1039
1037
1031
1030
32
28
41
36
82
746
1281
102
13
1167
16
1164
894
1250
1247
1329
1245
194
203
1326
1241
1242
20
1238
21
1323
719
154
1230
21
31
1093
859
263
35
850
848
847
1385
38
20
42
111
1113
974
971
47
905
904
1185
1182
1177
749
748
933
706
704
183
57
1073
56
55
52
47
46
42
98
1029
100
104
31
800
29
949
1142
968
700
1112
5
15
384
270
210
455
453
824
60
342
631
420
730
402
209
208
581
790
908
896
571
728
1019
398
13
851
757
418
485
934
905
808
447
567
448
64
41
40
39
38
37
35
34
715
745
486
593
141
829
197
97
1091
74
94
973
2
4
8
12
14
163
968
255
182
184
255
257
153
110
108
104
102
99
1140
195
99
1089
76
92
971
2
6
10
12
302
165
966
257
180
182
253
255
155
112
110
106
104
101
1138
193
15
96
101
1087
78
90
342
969
4
8
293
10
304
167
964
259
178
180
35
251
253
157
114
112
108
106
103
1136
189
11
92
105
1083
82
86
346
965
4
297
6
308
171
960
263
174
176
31
247
249
161
118
116
112
110
107
1132
185
7
88
109
1079
86
82
350
961
301
2
426
312
175
956
267
170
172
27
243
245
165
122
120
116
114
111
70
1128
146
1030
266
267
268
269
929
356
142
274
1036
233
140
168
306
79
86
285
1065
126
441
1077
104
103
158
101
90
88
77
996
959
251
248
246
334
327
325
328
199
762
128
314
58
161
470
301
152
299
149
1518
297
296
4
269
258
168
210
212
214
220
279
39
124
118
231
108
113
48
885
403
401
399
248
398
72
56
390
1182
94
196
91
52
1103
223
1126
24
147
358
142
939
170
153
14
305
77
82
287
128
878
879
104
94
72
942
367
42
44
220
949
252
260
166
183
185
76
135
875
114
115
405
51
187
192
193
194
200
254
221
26
35
553
193
20
10
50
53
100
64
66
68
79
81
83
85
87
78
61
62
63
123
124
126
161
101
73
234
975
90
34
21
70
1302
1323
1180
97
74
1257
1255
57
56
55
36
11
37
38
39
1184
1253
1251
1260
1177
1174
1195
1172
23
25
7
743
52
28
594
33
101
38
31
46
17
87
15
30
3
1163
48
1186
1185
59
60
61
41
8
6
5
4
2
1
5
20
667
89
1385
51
178
175
174
173
14
250
1199
49
48
1188
67
1286
1284
1267
1255
8
726
723
1241
1147
20
871
22
25
856
29
98
1126
248
278
279
280
281
284
33
34
35
36
56
806
888
725
721
1328
1327
259
996
985
229
287
165
2
4
53
1808
46
48
49
50
51
52
18
1305
195
204
1314
59
60
101
49
602
47
45
43
604
42
1544
300
1
2
1
163
2
590
1372
102
681
1295
1297
44
409
46
47
48
49
50
51
917
918
107
1408
1411
1413
1414
43
103
106
108
20
23
25
27
29
551
85
96
122
633
114
103
1515
884
1285
1261
210
594
115
118
535
1370
104
592
545
588
684
681
1103
1106
1107
1108
1293
682
683
42
44
45
46
47
48
49
480
105
1406
1409
1411
1412
101
104
106
18
21
23
25
27
549
175
53
200
1310
701
703
704
706
1318
83
416
94
124
631
1208
112
105
141
655
51
49
1513
882
544
570
1283
3
1280
1281
10
13
673
674
675
1097
1100
1101
1102
33
1287
676
677
327
1261
1286
20
1664
326
505
516
5
6
7
8
9
10
11
863
19
308
1437
1436
33
501
711
1565
1756
1556
1439
918
4
2
3
4
5
6
7
45
1080
283
17
16
1220
1219
1218
1216
200
686
132
22
20
19
198
199
21
1055
959
245
246
76
77
78
79
80
81
82
83
84
85
86
29
1150
1
16
1509
561
3
10
11
12
13
15
16
1497
2
203
551
124
645
3
6
902
903
1345
1219
1280
1282
1335
18
81
360
128
265
6
7
28
25
335
32
34
37
39
42
1502
143
1
26
1026
51
62
1203
1180
1022
7
1344
25
1027
50
61
1204
1181
1023
6
1345
5
3
1604
23
50
66
85
88
1064
90
2
5
7
9
11
732
22
1113
67
1323
78
53
959
1738
1570
73
8
1324
1601
20
47
63
1327
1328
82
85
1061
87
24
1
1440
2
4
6
8
5
729
19
1110
64
1320
75
50
956
1735
1567
76
472
633
450
435
22
24
25
27
573
72
367
79
466
325
351
264
327
24
277
324
805
364
329
2
428
614
3
4
1173
806
436
231
42
419
597
10
83
235
96
97
1
2
3
84
21
23
24
26
94
519
27
25
87
88
89
91
92
13
48
473
23
92
425
235
34
4
1
2
82
83
999
263
421
417
60
61
62
63
654
64
420
66
67
70
36
271
268
20
22
449
23
25
28
29
31
33
35
95
36
37
39
348
586
15
14
106
49
47
46
77
44
43
42
41
50
1088
28
26
17
35
52
904
381
513
418
398
1132
57
47
48
49
445
3
4
5
830
587
190
1061
74
1036
843
841
999
38
187
11
1065
969
200
948
383
97
42
18
16
43
21
23
25
28
29
289
279
91
92
93
1135
60
44
45
46
448
1
2
833
187
1064
77
1039
846
844
1002
41
184
8
1068
972
197
951
386
94
39
21
19
46
18
20
22
25
26
286
282
88
89
90
1136
61
43
44
45
449
1
834
186
1065
78
1040
847
845
1003
42
183
7
1069
973
196
952
65
387
93
38
22
20
47
17
19
21
24
25
132
285
283
87
88
89
1137
62
42
43
44
450
835
1066
79
1041
848
846
1004
43
182
6
1070
974
195
953
388
92
37
23
21
474
48
178
175
16
18
20
23
24
131
284
284
86
87
88
1977
1979
1644
1637
1634
1311
1152
44
1491
1492
1336
325
1042
75
132
1085
1132
1083
1395
142
861
1412
1086
378
377
213
867
1397
1247
1245
2
264
262
862
423
425
117
1186
236
61
60
47
48
53
1029
54
1020
55
1318
1310
1189
1187
169
1351
3
179
1069
389
884
883
238
102
16
1411
10
239
82
445
13
83
252
519
95
518
515
94
26
44
30
204
184
56
136
1191
940
124
1155
698
468
1157
438
1260
131
303
304
306
313
1222
1220
53
212
1343
979
977
528
527
526
525
523
84
129
128
127
126
993
183
510
10
12
49
472
24
91
426
234
33
3
1
688
81
82
998
251
422
418
59
60
61
62
63
419
655
65
66
69
37
272
269
19
21
448
22
24
27
28
30
32
34
94
35
36
38
15
105
50
48
47
76
45
44
43
42
51
1087
29
27
36
51
903
382
512
417
397
11
50
471
80
25
90
427
233
32
2
687
81
997
252
423
419
294
58
59
60
61
62
418
656
64
65
68
38
273
270
18
20
447
21
23
26
27
29
31
33
93
34
35
37
17
16
104
51
49
48
75
46
45
44
43
52
1086
30
28
19
37
50
902
383
511
416
396
1201
1189
8
1271
268
63
1228
181
42
43
79
73
74
76
77
56
1
2
3
2
1
4
1
4
3
2
3
1
2
8
9
25
23
113
1
2
5
6
7
22
19
739
738
38
33
36
51
53
1625
116
136
137
138
139
89
73
101
121
122
123
125
127
76
67
13
50
68
53
44
41
28
24
22
103
7
8
26
24
112
129
130
1
4
21
18
740
739
37
32
35
50
52
584
582
581
579
578
1626
115
135
136
137
138
96
95
94
93
90
72
100
120
121
122
124
126
85
113
114
77
68
53
55
12
51
69
54
45
42
29
25
23
102
20
17
506
505
504
502
501
1735
1627
78
69
43
365
642
2
3
4
5
6
7
1701
1703
584
707
297
384
195
369
2
17
14
39
576
19
17
50
52
53
15
14
12
508
507
505
504
82
584
1
13
32
40
12
31
41
706
13
686
788
252
66
399
1028
347
505
637
635
797
989
992
996
439
253
246
27
29
260
620
35
37
617
38
1032
548
549
424
660
310
51
52
53
54
55
56
57
59
64
65
619
357
653
654
170
793
445
730
117
1
2
3
4
5
149
116
1
2
3
4
150
115
1
2
95
3
154
1264
1462
1292
1293
151
99
97
93
92
1494
250
84
114
1
96
2
153
1263
159
152
100
98
94
93
1493
249
105
113
97
1
152
1262
153
101
99
95
94
1492
248
86
112
1321
153
37
167
166
151
1261
377
154
102
100
98
96
95
1491
247
192
26
11
10
44
42
1325
94
111
112
758
757
19
53
362
33
31
36
38
39
3
14
17
23
24
25
26
28
30
32
34
602
600
599
597
596
34
1644
97
1122
1735
540
117
539
59
118
119
120
108
1308
48
46
54
5
6
82
102
103
104
106
108
678
750
103
8
5
95
96
95
86
75
71
74
73
6
69
87
72
1745
63
60
47
43
41
1517
84
61
14
13
47
45
1328
91
108
109
761
760
16
56
365
36
34
33
35
36
11
14
29
31
605
603
602
600
599
37
1647
94
1125
1738
114
62
115
116
117
111
1311
43
51
2
3
79
99
100
101
103
105
681
753
106
11
8
92
93
98
89
78
821
74
77
76
9
72
90
75
1748
66
63
50
46
44
1520
64
708
78
125
123
122
115
1
705
725
770
849
833
491
494
496
497
257
947
946
161
162
943
921
168
167
889
166
375
519
517
11
214
127
128
878
28
139
242
80
91
93
1034
100
105
104
103
102
101
100
99
97
96
88
65
64
63
62
61
60
59
58
687
57
56
55
951
990
987
695
709
77
704
724
769
850
834
490
493
495
496
258
948
947
160
161
944
922
169
168
890
167
374
520
518
12
460
213
127
27
877
241
79
90
92
1035
106
105
104
103
102
101
100
98
97
89
66
65
64
63
62
61
60
59
686
58
57
56
694
2
5
7
10
81
83
54
5
8
51
53
35
108
107
106
5
167
11
619
618
1210
554
721
76
78
68
3
46
48
49
30
195
194
113
112
111
314
65
265
692
691
2
4
188
162
957
1
5
7
880
854
374
222
956
103
879
864
693
695
881
512
365
44
45
801
420
418
862
31
29
26
377
376
832
90
853
558
557
247
204
202
198
126
2
359
884
37
35
19
357
886
39
37
17
50
696
1104
77
725
721
81
1123
1119
15
875
873
79
1055
37
937
1365
915
913
910
908
905
1177
1136
10
8
5
1
885
68
26
779
1433
26
715
1126
735
732
730
728
1033
818
229
1015
725
952
150
2
154
848
28
272
267
18
16
15
83
77
74
140
143
145
147
164
158
151
944
462
228
180
187
950
148
250
246
182
152
174
263
226
403
550
12
238
85
86
40
41
75
77
146
178
176
64
437
431
426
424
111
113
114
214
123
28
556
555
872
383
382
397
34
33
829
85
79
76
46
141
132
143
145
684
160
1102
52
153
142
1039
1040
2
602
231
600
262
663
942
101
100
99
961
960
958
957
956
955
954
953
952
951
950
949
947
946
944
943
98
99
100
101
54
55
56
773
81
83
84
85
87
88
89
772
23
22
21
17
15
70
37
1275
10
7
58
59
85
245
286
403
620
462
465
467
468
213
139
880
404
427
73
31
1
2
175
1
71
170
670
1054
48
91
558
559
561
526
72
1017
31
155
171
456
160
1345
1346
196
111
98
97
77
75
73
59
43
1378
1310
299
301
1082
452
454
175
994
174
102
1688
1690
1327
47
141
138
2
654
550
1318
1463
131
1047
1144
1247
1222
1248
1249
1250
307
143
468
1166
15
1090
156
1162
1303
171
156
54
55
56
910
1281
55
29
1464
1067
110
1271
1272
1397
165
164
162
161
160
6
815
50
80
79
1
2
3
4
6
8
10
12
39
1
2
3
5
7
59
57
13
15
16
12
17
1
2
4
6
60
58
12
14
15
11
16
1
3
5
61
59
11
13
14
10
15
2
4
62
60
10
12
13
9
14
2
64
62
8
10
11
7
12
66
64
6
8
9
5
10
2
311
69
1
3
4
84
2
46
48
99
2
3
62
85
1
100
1
67
66
64
87
18
17
1
43
45
102
68
67
65
973
972
971
88
19
18
2
42
44
103
1
2
3
5
7
9
59
45
46
48
1
2
4
6
683
8
126
125
124
44
45
47
1
3
5
125
2
4
685
6
128
127
126
42
43
45
2
4
40
41
43
148
2
81
38
39
41
64
151
36
37
152
39
1
3
2
5
2
1
4
22
1
2
4
5
80
79
77
76
74
73
50
48
1098
20
17
16
50
51
56
4
64
72
71
1
3
4
196
1099
21
18
17
408
409
410
411
49
414
50
55
5
3
73
72
2
3
397
195
22
19
18
48
49
54
6
4
66
77
74
73
1
241
130
47
48
50
53
512
1505
53
171
1179
159
167
37
38
127
1266
19
22
99
24
85
61
59
1380
57
55
56
1312
181
178
1450
147
142
1402
1
285
12
1267
348
1003
511
1
193
1102
24
450
397
448
46
410
47
52
8
6
68
79
76
75
192
25
396
45
409
46
51
9
7
725
69
80
77
76
3
6
609
1345
99
98
97
464
94
299
332
839
901
802
573
344
606
756
145
862
884
207
239
237
310
250
496
455
454
64
81
1
2
3
4
5
6
7
77
38
296
53
1311
1
52
2
3
4
5
6
51
90
78
283
77
37
14
1144
728
121
120
119
39
71
1
971
4
5
116
1113
106
102
33
54
1312
79
130
129
128
126
122
103
36
19
18
17
16
15
14
13
12
11
10
9
7
59
1020
314
154
47
1
2
3
4
92
153
33
221
293
80
79
34
35
1281
1
2
3
220
207
81
34
1
2
219
55
154
163
1211
150
151
82
169
33
317
157
1
218
56
1244
1208
95
291
1474
1445
1442
156
1411
1406
83
1268
32
1403
108
1238
1435
1434
217
57
290
59
1317
58
1443
84
83
80
83
250
252
15
31
108
253
137
564
91
1
1256
4
6
9
12
14
7
1255
3
5
72
70
1
68
66
75
8
11
10
13
67
96
8
731
36
37
38
118
1073
36
690
1372
1446
1445
1443
1442
1441
358
137
1250
27
1327
1325
127
126
125
34
59
33
32
31
1254
1323
1321
1330
1247
1244
1265
1242
47
7
974
38
45
77
122
42
31
444
1308
108
39
116
87
157
30
22
1452
40
1148
124
95
96
49
1305
11
131
226
252
78
76
75
74
72
69
65
1018
2
213
332
82
1125
56
12
99
1258
1122
43
42
84
77
75
1123
1124
1125
4
73
71
80
3
6
15
8
1128
1308
1311
1313
1314
1142
1211
1114
1115
1116
13
130
17
29
1129
146
3
18
5
1202
786
787
31
34
118
1205
1
37
1278
1131
1160
83
100
80
94
78
89
76
87
74
1013
63
33
58
46
45
1236
7
1251
199
198
196
195
194
133
14
26
1126
149
21
2
1199
28
31
121
1202
2
34
1275
1128
1157
86
103
83
97
81
92
79
90
77
1010
66
30
75
61
49
48
1233
10
197
135
24
1124
151
1197
26
29
123
1200
4
32
1273
1126
1155
88
105
85
99
83
94
81
92
79
1008
68
63
54
51
50
1231
23
12
1246
199
4
5
1628
31
30
28
25
23
1097
1
2
4
5
6
7
8
9
10
11
12
13
14
15
16
17
18
19
20
6
2
32
31
29
26
24
1
3
4
5
6
7
8
9
10
11
12
13
14
15
16
46
45
44
17
18
19
33
32
30
27
25
2
3
4
5
6
7
8
9
10
11
12
13
14
15
47
46
16
17
18
35
34
32
29
27
1
2
3
4
5
6
7
8
9
10
11
12
13
49
48
47
14
15
16
36
35
33
30
28
1
2
3
4
5
6
7
8
9
10
11
12
50
49
48
13
14
15
37
36
34
31
29
1
2
3
4
5
6
7
8
9
10
11
51
50
49
12
13
47
14
38
37
35
32
30
1
2
3
4
5
6
7
8
9
10
52
51
11
12
48
13
39
38
36
33
31
1
2
3
4
5
6
332
333
335
336
7
8
9
53
52
10
11
338
339
49
12
68
40
39
37
34
32
1
2
3
4
5
6
7
8
54
53
52
9
10
50
11
69
41
40
38
35
33
1
2
3
4
5
6
7
55
54
53
8
9
51
10
70
42
41
39
36
34
1
2
3
22
23
88
40
38
37
35
86
4
5
6
56
55
54
7
8
52
9
43
42
40
37
35
1
2
21
22
89
41
39
38
36
87
3
4
5
57
56
55
6
7
8
44
43
41
38
36
1
20
21
90
42
40
39
37
88
2
3
4
58
57
56
5
6
54
7
71
69
73
45
44
42
39
37
19
20
91
43
41
40
38
89
1
2
3
4
5
6
74
18
19
46
45
43
40
38
657
1
2
60
59
58
3
4
5
446
630
44
42
41
39
73
71
92
90
47
46
44
41
39
61
60
4
1
2
3
16
17
48
47
45
42
40
246
62
1
2
3
46
44
43
41
196
259
63
67
68
69
71
72
94
92
15
16
49
48
46
43
41
63
62
61
1
2
817
47
45
44
42
811
812
813
814
95
93
766
50
49
47
44
42
64
63
60
1
79
51
50
48
45
43
65
64
63
61
4
3
1
2
4
5
3
5
4
1
3
4
5
1363
6
5
2
3
4
8
7
1
2
5
9
8
1
108
107
1
121
120
119
118
117
122
121
120
119
118
1
52
1
3
236
49
9
125
236
26
146
11
61
97
12
13
7
96
36
205
246
248
250
252
256
50
48
47
45
98
54
84
83
361
357
2
3
4
6
9
12
415
385
380
374
266
265
263
928
363
359
352
349
1
2
376
268
267
265
926
364
360
1
373
377
269
268
266
925
270
269
267
3
293
9
7
6
421
537
345
343
824
706
125
368
98
65
9
296
6
4
3
424
540
346
821
703
128
371
1107
101
982
68
12
821
65
523
553
427
471
24
496
111
122
980
96
162
1241
1180
1155
1181
1182
1183
40
1176
76
1099
1242
145
32
4
223
1057
5
6
883
7
8
9
11
1472
13
15
1406
839
858
72
5
467
150
1146
202
1142
29
281
189
408
195
198
89
1376
132
203
462
155
1137
286
350
184
403
190
193
94
17
13
17
296
1231
1234
1236
1237
55
59
10
25
220
1250
371
81
169
1131
1092
176
178
341
251
3
8
10
301
300
17
202
415
5
7
304
412
2
15
16
17
19
21
12
13
407
409
215
1117
233
189
192
194
196
405
406
407
377
1532
1535
702
125
374
1
403
414
709
173
174
132
833
159
471
168
172
272
1531
1534
701
489
124
373
402
413
1579
832
1357
1426
1487
13
158
521
522
636
470
689
167
171
258
259
260
262
999
271
148
8
430
397
16
1214
1217
1032
326
327
48
49
50
51
60
64
71
73
186
914
27
162
292
209
228
249
406
144
1137
374
240
242
245
253
269
391
431
1342
98
100
375
395
397
52
55
56
58
176
89
394
396
19
17
310
117
16
312
1078
955
164
165
11
6
415
416
417
418
419
420
421
5
856
26
238
240
242
246
392
394
191
1413
3
1163
1580
311
19
23
189
201
1057
27
17
326
99
33
264
391
393
675
10
406
9
58
63
65
1032
1101
40
41
42
43
1029
390
380
330
821
1274
947
1517
408
31
296
223
313
314
376
377
379
312
256
845
1197
115
105
286
164
274
855
268
196
198
200
213
215
395
155
154
79
831
923
924
733
1104
233
1127
1054
309
206
1142
79
225
150
30
20
323
366
369
371
373
388
390
1180
1181
109
1325
67
1446
1170
14
1359
17
19
23
25
26
214
1158
316
311
312
145
215
198
198
157
156
85
1246
354
1358
199
1394
386
388
91
334
325
4
377
49
54
56
1153
321
319
1212
31
32
33
34
64
65
82
1416
1474
1075
1114
762
1093
877
1095
1233
1097
1046
698
532
627
628
576
16
17
349
351
15
345
18
83
86
1195
1393
1218
513
525
708
1414
710
1588
1418
1419
1420
1421
480
194
1261
637
291
6
7
9
10
11
333
342
558
54
703
389
986
258
1641
404
1581
1332
328
1508
1511
1513
1514
1159
13
1334
343
16
22
26
34
36
1206
135
613
155
82
107
69
1209
1207
9
8
7
1136
1205
1203
1212
1147
71
856
80
73
41
329
330
331
332
4
76
335
149
2
31
78
40
42
43
44
46
49
53
170
172
307
1126
148
1007
42
232
1132
1198
296
311
313
316
1232
193
308
310
312
315
978
3
5
6
884
173
33
34
35
36
37
1368
38
103
775
117
909
907
15
14
13
981
2
3
887
176
30
31
32
33
34
1371
35
106
778
114
912
910
18
17
16
983
1
1417
889
178
28
29
30
31
32
1373
33
108
780
112
914
912
20
19
18
984
1418
890
179
27
28
29
30
31
1374
32
109
781
204
111
915
913
21
20
19
746
153
1017
367
415
1089
1088
112
113
114
115
116
117
118
119
120
121
122
47
1024
287
147
1459
368
83
101
651
653
9
8
6
5
4
417
152
39
212
211
210
208
207
206
205
204
80
29
118
806
76
858
1214
1211
1209
1207
1218
1205
57
67
69
71
74
78
1177
147
1176
327
328
329
330
333
82
83
84
85
105
1149
1138
120
16
24
11
10
9
6
135
137
140
131
132
38
40
41
42
44
47
51
387
331
13
11
7
56
1129
317
286
829
830
832
833
835
836
133
340
337
306
301
1069
1243
1244
1245
1246
1310
1323
908
912
960
965
851
1097
1098
5
208
1299
39
55
915
641
131
130
594
597
4
1456
607
36
322
1229
1230
1230
1227
3
196
801
206
1477
184
1245
713
993
7
76
61
56
1195
627
105
106
249
231
4
1086
905
1
2
3
410
8
12
14
16
18
23
25
1
2
26
17
22
24
1
295
16
21
23
28
15
20
22
712
105
106
297
335
284
43
45
46
48
384
385
116
117
119
120
348
154
744
418
466
5
3
1059
107
224
108
109
110
111
112
113
114
1008
271
1015
1531
33
1040
4
6
8
23
26
118
244
858
1138
145
147
150
429
1054
350
166
170
168
38
45
149
696
697
698
227
230
231
244
1284
40
56
58
60
1258
288
1221
66
64
42
39
56
2
208
162
164
1011
4
771
425
22
1134
150
34
382
240
88
52
86
83
54
284
355
68
66
188
194
197
199
39
300
160
162
1009
2
423
268
20
99
32
220
384
238
652
282
66
288
1007
43
41
39
421
36
34
30
79
18
1130
212
158
160
30
194
211
236
1245
280
6
1101
68
348
5
7
1044
1274
30
73
2
914
915
75
341
6
171
135
352
93
73
153
82
142
205
234
293
295
216
219
1401
675
176
393
100
101
59
66
68
1268
1360
139
70
72
63
128
119
1040
39
34
22
26
1382
170
172
173
1
69
398
835
196
185
217
131
133
134
30
1
8
1
2
4
5
1101
1100
7
8
14
1
3
4
111
131
6
7
121
30
32
44
49
2
63
64
71
72
66
15
46
15
2
3
110
130
5
6
86
120
29
43
1033
48
62
63
70
71
90
65
14
45
17
1
108
128
3
4
84
118
27
29
41
1035
46
60
61
68
69
88
63
12
43
87
18
107
127
2
3
83
117
26
28
40
1036
45
59
60
67
68
62
11
42
167
1
26
94
72
2
4
7
21
454
456
123
1570
166
25
95
71
1
3
6
20
453
455
122
1569
85
20
1
81
115
24
26
38
1038
43
57
58
125
65
66
60
9
105
40
84
21
80
213
114
23
37
1039
42
56
57
124
64
65
59
8
104
39
2
50
52
58
61
64
48
50
56
59
62
130
132
4
7
8
1105
12
30
96
903
45
1391
16
92
4
113
115
118
121
123
125
900
1388
89
146
147
149
152
136
137
1604
46
35
38
40
42
44
100
111
88
106
732
733
734
735
89
90
91
92
93
94
95
96
97
98
99
1009
1007
630
72
211
1242
8
61
48
37
42
1080
1273
1275
115
151
1239
232
1249
1
2
4
5
1
3
641
4
2
640
3
638
1
163
630
631
633
598
41
99
528
13
29
1450
371
373
1154
524
526
103
1066
246
84
1760
1762
1399
119
574
1599
733
1597
165
1642
11
67
10
8
84
85
86
87
2
1464
6
12
1096
17
1467
19
1106
29
31
38
11
9
7
1515
158
617
17
1034
29
907
43
1397
1513
997
2
368
1435
51
53
54
6
20
22
93
24
26
17
82
34
39
40
71
1455
14
16
87
18
20
11
76
1094
28
33
44
46
34
65
41
40
39
38
37
316
38
56
54
10
110
1067
279
108
109
115
55
209
492
1102
266
9
11
82
15
71
227
217
509
136
1528
68
1
52
152
159
361
1438
431
86
1231
1227
1225
1224
271
348
163
69
70
1409
125
113
2
994
1390
48
50
51
1368
101
97
94
7
9
80
11
13
4
69
1289
1292
12
1365
26
1226
1295
412
24
1429
1430
39
41
42
141
351
348
1071
175
1381
45
133
61
585
61
85
245
554
360
28
100
1077
386
100
98
96
94
431
231
1144
99
105
44
68
69
70
71
72
73
74
75
76
77
78
409
411
412
3
2
802
880
16
1216
1285
1448
976
1213
1486
81
1004
1005
967
588
14
129
1007
844
980
1185
1484
968
1258
1179
68
79
1326
26
27
28
14
49
20
81
10
25
48
407
259
1252
240
241
25
59
88
229
230
1347
113
136
135
133
132
131
1253
1254
1246
1123
1256
1503
1076
556
507
17
18
17
15
56
13
11
20
45
497
995
1458
1271
1470
1191
1300
1301
89
98
864
446
568
948
19
102
464
599
5
962
163
1310
1432
1812
15
16
1712
883
958
532
167
166
165
1328
1463
470
176
58
59
36
122
549
31
387
294
1021
796
1
2
3
5
6
4
867
85
8
7
6
5
4
3
2
1
197
17
13
2
198
20
181
194
195
196
971
18
10
12
357
355
15
213
473
961
929
930
1100
1102
262
109
972
218
219
62
18
53
193
194
357
13
15
1130
1067
370
22
20
51
18
16
25
40
1497
50
51
71
72
728
729
39
456
20
54
101
99
97
148
195
10
41
6
61
791
1219
42
73
72
70
69
2
3
65
59
56
1
67
61
58
461
441
949
68
62
59
67
68
115
2
1333
2
3
193
2
204
499
969
206
177
178
179
180
1080
550
7
249
250
251
252
4
123
122
255
69
1081
1079
1075
1073
1072
49
60
27
28
29
13
12
10
312
738
1432
1032
230
1030
1025
1022
1020
1014
428
835
202
178
180
371
370
822
911
336
64
659
69
18
1114
141
130
1051
1327
60
138
135
1388
1389
1
34
32
39
30
28
37
28
1248
1251
1324
100
310
307
1030
134
1340
4
92
20
544
102
44
513
1326
59
139
136
1238
1387
1388
35
33
38
31
29
38
27
1247
1250
1323
99
309
306
1029
133
1339
3
91
19
543
103
43
203
512
65
69
71
74
76
78
1
942
229
226
223
50
51
64
68
70
73
75
77
178
160
127
126
48
203
700
9
359
69
71
454
1158
408
1
46
47
80
114
1
2
3
67
335
331
283
278
602
1
2
356
355
5
1
6
7
241
136
187
70
71
72
77
17
14
11
9
123
303
129
18
16
247
63
64
65
66
67
70
76
426
424
100
88
71
174
127
125
123
31
51
51
695
58
13
9
121
63
6
67
370
25
430
42
40
39
38
36
33
29
47
49
51
68
428
587
169
29
60
418
417
1
2
3
4
5
6
7
56
55
1477
8
9
10
11
12
13
14
43
1
1110
594
128
1065
3
48
1063
45
43
54
1111
593
127
1066
2
49
1064
46
44
55
1
2
3
4
5
6
12
16
9
8
7
1
2
3
4
5
11
15
10
9
8
1
2
3
4
10
14
11
10
9
1
2
3
9
13
12
11
10
1
2
8
12
13
12
11
1
7
11
14
13
12
6
10
15
14
13
1
69
13
28
5
4
3
2
1475
1473
382
68
12
1402
27
6
5
4
3
1490
57
51
53
54
172
171
169
168
167
1
2
3
4
5
6
1192
13
9
21
19
17
1
2
3
4
5
1193
14
10
22
20
18
1
2
3
4
1194
15
11
23
21
19
1
2
3
1195
16
12
24
22
20
851
849
1
2
802
801
1417
916
915
374
1
56
1198
19
15
27
25
23
1134
1487
1485
394
23
1347
1414
14
15
18
17
16
15
879
38
140
1316
1314
116
115
114
23
22
21
20
1243
1312
1310
1319
1254
36
34
66
111
31
42
76
19
29
1
2
67
65
64
63
61
58
54
112
47
1103
33
65
62
60
58
56
1031
126
1220
49
52
1223
19
55
1296
1178
102
11
1269
181
180
178
177
176
106
1
824
142
55
105
825
399
143
56
88
89
90
210
195
1452
5
1125
191
70
105
106
107
108
109
110
111
326
2
145
321
76
74
71
63
336
329
327
399
60
220
404
89
103
104
105
106
107
108
109
147
323
722
5
6
331
329
1150
1280
283
285
287
1287
471
264
200
1447
237
147
782
787
290
288
284
282
281
4
5
53
332
119
80
260
1291
36
73
71
1020
69
67
76
1209
493
38
41
1212
8
44
1285
1167
187
123
319
157
156
155
153
280
291
289
285
283
282
292
290
286
335
17
19
22
73
75
281
366
32
102
33
219
682
201
213
140
275
1095
1059
929
181
84
81
79
77
75
1201
1204
262
36
1485
73
1159
1268
260
1181
279
829
91
695
292
290
286
284
283
846
848
851
14
11
612
294
292
288
337
156
644
286
2
42
966
1023
79
369
64
106
123
370
47
802
974
44
76
376
3
79
76
2
190
189
188
187
1
517
141
27
25
24
22
20
192
191
190
189
225
224
143
142
140
145
39
136
135
134
133
130
144
20
19
18
17
16
15
14
13
12
11
10
9
8
7
6
5
61
782
154
71
50
51
53
936
711
3
420
138
285
417
422
425
307
305
301
350
180
579
558
135
3
5
2
43
47
49
188
65
849
155
153
381
107
169
379
40
121
7
165
109
377
205
204
360
37
49
50
50
13
15
183
182
181
180
179
178
177
175
174
111
1
3
6
10
9
109
107
105
103
112
2
5
101
11
10
3
1455
103
13
12
114
111
109
107
105
1452
106
16
15
117
114
112
110
108
11
2
4
6
8
10
188
33
239
7
2
4
6
8
190
31
43
241
5
2
4
6
192
29
45
144
243
3
2
4
194
27
288
47
142
245
1
2
196
25
49
140
247
1
198
23
51
138
249
3
194
360
86
128
25
26
28
126
1
3
464
780
4
1
3
4
784
10
7
5
3
795
3
11
8
6
4
1
13
14
15
407
64
63
62
215
13
10
8
6
780
14
11
9
7
1392
1385
597
776
847
846
339
898
1123
256
179
5
766
764
56
55
54
53
994
991
837
1183
1232
794
791
789
1141
787
1132
916
133
130
1420
771
1085
488
1216
167
1070
107
1
16
15
157
156
154
17
16
62
61
60
59
1195
1428
2
112
6
114
204
2
202
1
1
1
256
255
170
1
110
62
60
59
57
132
5
108
13
48
78
54
837
111
63
61
60
58
133
6
109
12
49
79
55
836
370
689
1
2
4
5
6
7
8
9
1
3
4
5
6
7
8
2
3
4
5
6
7
8
1
2
3
4
5
6
7
1
2
3
4
5
1
2
3
4
5
1
2
3
4
1
2
225
5
12
168
1
13
2
161
14
347
158
159
761
762
763
764
157
160
501
502
87
220
175
14
112
111
110
109
124
123
122
130
68
249
352
144
143
27
28
160
1010
557
558
500
501
344
186
183
10
155
154
132
83
91
359
149
39
31
30
29
28
27
127
1035
1
2
1089
119
1040
4
51
1132
140
1
952
2
3
121
120
823
828
690
141
953
1
2
122
121
824
829
691
341
342
1
2
134
58
1127
1
2
155
474
340
154
339
20
861
475
728
497
1
156
341
155
340
19
153
862
59
1128
1030
184
115
149
473
471
355
110
525
524
176
560
578
230
498
527
88
122
183
233
744
69
657
655
171
294
709
708
394
96
1353
1
1314
430
423
420
1
2
11
3
5
7
8
9
359
1
10
374
372
368
366
365
2
4
6
7
8
360
9
375
373
369
367
366
1
3
5
6
7
361
24
258
375
371
369
368
167
226
216
214
5
108
198
1361
1358
1356
1354
1352
80
78
76
73
304
118
71
338
158
157
156
153
109
107
106
105
103
100
96
2
3
4
5
6
1
2
3
4
1
2
3
1
2
1
183
182
181
180
179
24
21
51
416
97
3
5
2
122
106
1023
83
254
559
84
232
387
264
231
328
29
28
27
411
270
81
37
237
100
696
37
233
63
62
199
198
197
1
13
2
11
3
10
9
44
42
17
15
14
121
120
119
115
113
14
1
12
2
11
10
18
16
15
122
121
120
116
114
201
200
199
13
1
12
11
46
45
44
19
17
16
15
123
122
121
117
115
202
201
200
13
12
47
46
45
20
18
17
16
14
124
123
122
118
116
97
96
95
72
70
69
67
56
55
53
146
147
118
109
135
339
424
1
2
3
4
9
8
7
6
5
4
3
2
389
390
391
392
393
1
35
34
33
32
31
430
2
3
10
9
8
7
6
5
4
3
75
73
72
70
1
423
123
121
9
8
7
5
4
1
12
11
10
9
8
7
6
5
13
12
11
10
9
8
7
6
1
2
90
89
87
84
36
35
34
33
32
154
146
6
55
1
2
3
4
88
85
111
106
105
104
103
102
101
121
151
150
149
148
147
535
118
1
2
3
5
56
55
54
89
86
532
534
550
402
9
8
7
6
5
112
107
106
105
104
103
102
122
1
2
3
4
592
90
87
42
10
9
8
7
113
6
108
107
106
105
104
103
1
2
3
591
43
114
109
108
107
106
105
104
1
2
590
92
89
44
12
11
10
9
115
8
110
109
108
107
106
105
589
590
2
161
45
156
153
152
60
61
123
94
91
117
112
111
110
109
108
107
127
94
92
90
1
88
210
212
198
197
195
73
634
697
128
24
23
22
47
138
137
136
116
95
93
91
89
211
213
199
198
196
74
635
603
602
601
600
599
1
2
3
4
5
6
7
8
147
145
144
142
141
140
139
122
120
119
118
1
2
3
4
5
6
7
148
146
145
143
142
141
140
123
121
120
119
1
2
3
4
5
6
149
147
146
144
143
142
141
124
122
121
120
1
2
3
4
5
150
148
147
145
144
143
142
125
123
122
121
1
2
3
4
151
149
148
146
145
144
143
126
124
123
122
1
2
3
152
150
149
147
146
145
144
127
125
124
123
1
2
153
151
150
148
147
146
145
128
126
125
124
1
154
152
151
149
148
147
146
129
127
126
125
155
153
152
150
149
148
147
86
84
83
81
132
137
135
133
131
130
128
127
126
2
3
5
6
7
8
69
71
72
74
23
18
20
22
24
25
27
28
29
1
3
4
5
6
67
69
70
72
21
16
18
20
22
23
25
26
27
2
3
4
5
66
68
69
71
20
15
17
19
21
22
24
25
26
1
2
3
64
66
67
69
18
13
15
17
19
20
22
23
24
1
2
72
63
65
66
68
17
12
14
16
18
19
21
22
23
1
62
64
65
67
16
11
13
15
17
18
20
21
22
61
63
64
66
15
10
12
14
16
17
19
20
21
304
302
7
9
10
299
1031
15
314
1662
1335
19
1156
312
13
136
434
435
436
437
438
439
440
14
2
3
185
1097
187
183
184
8
257
259
261
265
132
134
432
433
434
435
436
437
438
1205
1
182
6
191
309
1021
5
515
517
1739
9
10
11
12
15
1
2
3
426
427
428
429
430
431
432
274
1089
176
1392
166
124
1
2
1014
4
183
8
9
10
11
14
411
1
3
182
7
8
9
10
13
2
181
6
7
8
9
12
253
1103
1087
365
1031
319
4
5
6
7
10
45
134
150
151
152
153
155
156
23
175
174
173
172
169
71
72
73
74
75
76
78
79
80
81
82
83
1
2
3
6
1
2
82
5
85
40
1
81
4
84
14
39
80
3
83
38
140
141
1281
77
80
372
35
3
1647
671
464
4
437
976
1183
31
1210
25
1549
667
217
266
345
1855
1859
1861
293
1010
606
855
1303
1290
1284
31
33
667
799
1076
75
3
4
6
7
8
116
118
1
3
4
5
229
2
3
4
228
1
2
226
1
225
224
114
116
118
120
111
143
5
172
174
177
333
201
271
367
2
6
8
9
1121
10
225
239
67
99
141
7
170
172
175
331
199
158
269
365
4
6
7
1119
8
223
237
65
97
137
11
327
195
154
265
361
2
3
1115
4
219
233
61
93
135
13
164
166
169
325
193
152
263
359
1
1113
1187
2
217
231
59
91
134
14
324
192
151
262
358
1112
1
216
230
58
90
447
448
154
104
18
59
121
122
123
124
125
19
4
511
361
1181
84
85
38
6
1285
1286
124
125
126
128
190
354
356
129
1
11
9
5
54
298
300
303
161
1515
1275
85
34
1263
1278
55
3
1079
1082
104
106
108
87
1
3
881
12
125
154
70
31
103
105
107
86
2
882
13
32
34
124
126
127
128
129
153
69
29
101
103
105
84
884
15
30
32
122
124
125
126
127
151
67
927
925
949
947
945
43
4
952
953
56
48
50
51
53
22
105
2
62
32
46
48
49
51
54
55
57
59
61
62
63
65
103
24
948
60
30
1
174
39
1
4
259
3
258
370
614
67
4
114
1
2
3
127
128
129
130
132
133
1
111
59
63
111
110
2
3
186
2
3
4
184
1
3
2
1275
183
186
932
373
24
26
1350
1351
1
325
324
75
81
84
18
1262
7
10
1260
1
1255
1252
1250
1244
1582
1580
1237
1578
195
16
427
91
68
74
77
11
182
184
186
88
276
110
8
326
6
300
2
79
81
104
101
998
9
230
79
86
296
90
254
256
600
602
434
278
366
1
41
39
36
17
71
1224
1222
27
2
568
4
566
2
564
306
248
563
348
942
904
5
6
897
179
50
52
54
56
47
89
47
123
10
1243
1240
1238
1236
1234
38
40
42
45
92
93
84
83
82
1123
665
106
108
111
9
11
12
13
15
18
22
25
299
114
112
109
107
1055
2
150
148
117
119
122
125
127
129
1607
49
59
508
509
515
520
1
515
96
62
63
60
50
47
514
95
62
59
51
48
176
43
1129
1
3
5
6
95
96
97
98
2
57
59
4
5
94
95
96
97
2
3
92
93
94
95
1
90
91
92
93
89
90
91
92
182
283
180
243
1384
35
216
706
157
32
142
199
202
204
144
239
258
200
202
564
681
2
4
5
7
5
1
3
2
220
169
171
174
192
202
49
51
52
1
2
3
4
5
6
1
2
3
4
5
1
2
59
170
925
253
169
157
14
1
71
73
74
76
78
82
127
129
187
189
250
251
252
253
254
255
256
450
1216
342
929
934
151
152
200
31
27
23
28
227
113
1008
210
929
944
978
264
263
892
2
1082
15
617
1084
17
615
1285
1288
120
3
5
7
9
14
1096
2
4
6
1282
1285
117
1093
380
382
385
31
2
4
1280
1283
115
150
149
148
146
1091
29
1329
2
1278
1281
113
1089
27
1480
1276
147
1279
111
1087
108
109
1549
1558
1584
4
5
1768
6
37
1
177
178
180
67
99
672
1062
54
55
56
57
58
59
60
61
62
63
64
65
66
101
100
212
2
156
214
139
141
144
158
2
5
902
195
3
900
193
897
190
54
55
15
16
17
18
4
7
29
27
26
25
23
20
16
2
5
778
729
866
3
1165
5
11
12
13
14
49
50
51
52
95
497
33
31
30
29
27
24
20
292
1168
1121
2
446
308
734
36
34
33
32
30
27
23
80
906
339
20
22
16
18
19
21
13
11
811
21
143
142
23
1179
555
2
222
18
43
62
553
59
512
56
55
16
61
60
62
881
63
113
1013
110
89
27
28
1027
2
209
207
4
3
2
1
1
3
8
10
111
112
114
2
7
9
110
111
113
5
7
108
109
111
2
103
104
106
101
102
104
2
3
5
70
57
14
8
9
11
13
15
16
17
19
1
3
72
55
12
6
7
9
11
13
14
15
17
2
73
54
11
5
6
8
10
12
13
14
16
205
206
73
49
65
61
75
52
9
3
4
6
8
10
11
12
14
27
879
488
393
373
44
233
5
2
49
50
65
64
41
39
47
48
67
66
133
63
131
130
132
42
40
241
94
430
43
289
11
12
13
14
87
96
475
661
41
40
39
1
3
42
41
40
2
44
43
42
1
2
3
1
2
1
65
2
4
6
2
118
19
36
120
17
38
122
586
15
73
1
74
39
713
568
1
2
3
4
5
7
22
23
24
1
2
3
4
6
44
42
1
2
97
3
1
98
2
4
46
44
99
1
3
47
45
2
1262
442
25
24
1264
444
27
26
164
147
198
48
47
46
96
95
94
93
1
67
97
96
95
94
85
84
1
2
25
3
5
7
8
1
24
2
4
6
7
23
1
3
5
6
2
4
5
6
8
11
13
15
16
17
18
20
21
22
31
2
3
4
6
9
11
13
14
15
16
18
19
20
22
29
1
2
4
7
9
11
12
13
14
16
17
18
20
27
1
3
6
8
10
11
12
13
15
16
17
19
26
2
16
25
14
23
2
11
46
47
20
162
161
159
157
9
44
45
18
164
163
161
159
155
154
153
1
2
7
29
30
31
33
156
155
154
1
6
28
29
30
32
157
156
155
5
27
28
29
31
2
4
2
1
754
1180
9
1477
1476
1475
1473
16
17
18
19
21
22
1
49
28
69
48
29
70
79
1
80
70
81
71
28
26
25
1
24
100
661
889
147
88
353
340
243
2
5
28
137
855
33
86
355
342
245
3
30
139
853
31
83
358
345
248
33
142
850
28
2
3
4
6
7
8
104
103
102
98
96
987
986
1142
184
183
182
1
2
4
5
6
106
105
104
100
98
185
184
183
1
3
4
5
107
106
105
101
99
186
185
184
2
3
4
108
107
106
102
100
188
187
186
1
93
91
2
110
109
108
104
102
1
111
110
109
105
103
886
885
112
111
110
106
104
95
93
6
4
3
2
4
5
7
238
236
234
918
2
5
69
236
341
244
95
976
268
266
238
2
239
241
426
845
348
168
167
77
179
25
24
23
195
192
191
190
188
187
194
193
195
2
196
107
170
1226
1
2
3
4
5
6
7
8
9
10
1
2
3
4
5
6
7
8
9
1
2
3
4
5
6
7
8
1
2
3
4
5
6
7
1
2
3
4
5
6
1
2
3
4
5
1
2
3
4
1
2
3
1
2
1
217
226
224
1449
1145
1
2
52
1
53
384
54
1546
726
61
127
126
124
123
40
943
230
229
228
226
2
365
363
359
408
232
231
230
228
367
365
361
410
353
51
237
395
397
465
213
215
216
218
220
45
389
391
87
88
1
86
87
1677
1
2
4
126
129
132
1676
1
3
125
128
131
1675
2
124
127
130
122
125
128
9
253
256
43
45
49
51
1293
998
995
6
7
8
9
10
11
144
3
562
718
141
565
715
4
2
1330
4
5
6
8
9
2
3
1
86
1
2
4
5
1
3
4
2
3
1
341
344
346
174
29
23
24
25
26
27
30
1657
35
9
1182
3
12
2
1
1
1666
26
2
6
8
1250
4
6
1248
2
272
275
130
326
598
601
47
180
2
3
1
818
819
1
45
1
820
821
865
1
2
3
4
6
7
1
2
3
5
6
1
2
4
5
1
3
4
2
3
27
654
85
895
1
44
70
1
1
1
1
1
1
1
1
2
1
1
1
2
1
1
1
1
1
2
1
1
1
1076
22
1
1
1
2
1
1
2
56
1
2
1
1
1
1
1
2
1
3
2
1
2
4
8
12
2
6
10
94
242
4
8
21
80
13
98
238
4
17
84
17
102
234
13
88
21
1
2
1
3
3
5
2
80
1
1
2
3
1
2
1
1
1
2
3
1
2
1
1
1
1
1
2
8
1
7
7
1
1071
113
109
1
1
2
3
6
3
1014
1017
1
1
2
1
1
2
3
1
2
1
1
1
2
3
24
1
24
1
4
1
3
110
2
1
3
1
1
2
4
5
2
3
1
1
1
2
1
1
2
5
8
11
3
6
9
3
6
3
1054
1
2
36
643
3
393
396
31
1
2
1
1
2
3
1
2
1
1
2
1
1
1
51
49
1
1
2
3
1
2
1
1
1
1
2
1
3
1
2
3
4
5
1
2
3
4
1
2
3
1
2
1
9
1
1
7
1
8
7
6
4
1
1
2
1
1
1
1
4
1
1
2
363
356
354
351
1
364
357
355
352
365
358
356
353
7
9
12
2
5
3
1
55
1
2
3
4
1
2
3
1
2
1
1
2
1
2
1
1
1
2
3
1
2
1
1
2
3
4
1
2
3
1
2
1
1
2
3
4
1
2
3
1
2
1
1
1
1
2
4
6
1
3
208
209
5
2
207
208
4
205
206
2
203
204
1517
1
2
3
4
1
2
3
1
2
1
1
2
3
5
30
32
1
2
4
1
111
3
63
2
1
4
1
2
1
1
91
93
1
2
1
1
2
3
4
1
2
3
1
2
1
9
2
5
3
1434
1
3
4
6
1
3
2
2
1297
1321
1295
276
1
820
818
817
2
1
1
1
1
2
1
1692
1
1
2
3
1
2
1
1
1251
7
9
1244
1242
2
614
622
1410
1
1
2
3
4
6
1
2
3
5
1
2
4
1
3
2
3
1
2
1
1
1
4
6
1
1
1
2
1
2
1
1
1
3
5
2
46
1
2
1
1
3
6
3
1
5
6
7
8
9
10
1
2
3
4
5
1
2
3
4
1
2
3
95
96
1
97
98
2
15
18
99
94
95
96
97
1
14
17
98
13
16
1
2
1
2
2
8
11
14
6
9
12
3
6
3
1
1
2
3
4
5
7
8
9
10
11
12
1
2
3
4
6
7
8
9
10
11
1
2
3
5
6
7
8
9
10
1
2
4
5
6
7
8
9
1
3
4
5
6
7
8
2
3
4
5
6
7
1
2
3
4
5
79
1
2
3
4
80
92
1
2
3
1
2
82
847
1101
898
12
1
1092
1090
1087
963
13
1093
1091
84
2
1
2
1
2
1
2
3
4
1
2
3
1
2
1
2
1
97
64
39
2
95
66
37
3
50
53
1
2
1
2
190
161
127
1315
158
1
1
2
1
1
2
1
1
1
1
2
3
1
2
1
1
2
3
4
1
2
3
1
2
1
1
1
2
3
4
5
1
2
3
4
1
2
3
1
2
1
1
2
3
4
5
1
2
3
4
1
2
3
1
2
1
1
2
1
2
3
4
5
6
7
8
9
10
11
13
1
2
3
4
5
6
7
8
9
10
12
1
2
3
4
5
6
7
8
9
11
1
2
3
4
5
6
7
8
10
1
2
3
4
5
6
7
9
80
1
2
3
4
5
79
6
8
81
1
2
3
4
80
5
7
82
1
2
3
81
4
6
83
1
2
82
3
5
84
1
83
2
4
85
84
1
3
2
1
1
3
1
1
2
98
1
1
1
2
3
4
5
1
2
3
4
1
2
3
1
2
1
1
1
2
3
4
1
2
3
1
2
1
1
1
1
2
3
4
1
2
3
1
2
1
1
1
1
1
1
2
3
1
2
1
1
2
1
1
2
3
1
2
1
1
2
3
1
2
1
328
1
1
2
3
4
5
6
7
8
9
10
11
12
13
14
15
1
2
3
4
5
6
7
8
9
10
11
12
13
14
1
2
3
4
5
6
7
8
9
10
11
12
13
1
2
3
4
5
6
7
8
9
10
11
12
1
2
3
4
5
6
7
8
9
10
11
1
2
3
4
5
6
7
8
9
10
1
2
3
4
5
6
7
8
9
1
2
3
4
5
6
7
8
1
2
3
4
5
6
7
1
2
3
4
5
6
1
2
3
4
5
1
2
3
4
1
2
3
1
2
1
2
4
8
2
6
4
72
94
73
1
2
3
4
1
2
3
1
2
1
1
2
1
2
4
6
7
9
10
11
2
4
5
7
8
9
2
3
5
6
7
1
3
4
5
2
3
4
1
2
1
1
1
1
130
1
2
1
1
1
1
2
3
1
2
1
1
2
3
4
5
6
7
1
2
3
4
5
6
1
2
3
4
5
1
2
3
4
1
2
3
1
2
1
502
2
1
2
4
2
1
2
1
1
2
1
1
3
4
2
3
1
4
2
3
4
6
9
13
1
2
4
7
11
1
3
6
10
2
5
9
3
7
4
666
1
4
6
56
29
1
5
7
8
4
6
7
2
3
1
2
4
2
1
1
2
1
2
3
5
7
1
3
5
2
4
2
1
1
1
2
3
4
5
6
7
1
2
3
4
5
6
1
2
3
4
5
1
2
3
4
1
2
3
1
2
468
1
1
1
2
1
1
1
1
1
2
3
4
5
6
1
2
3
4
1
2
3
1
2
1
1
2
1
1
1
2
1
1
2
3
4
1
2
3
1
2
1
1
3
6
8
2
5
7
3
5
2
35
37
1
2
3
4
5
6
7
8
9
10
11
12
1
2
3
4
5
6
7
8
9
10
11
1
2
3
4
5
6
7
8
9
10
1
2
3
4
5
6
7
8
9
1
2
3
4
5
6
7
8
1
2
3
4
5
6
7
1
2
3
4
5
6
1
2
3
4
5
1
2
3
4
1
2
3
1
2
1
6
9
11
3
5
2
1
1
2
3
4
230
2
100
1
231
98
232
97
99
1
474
1
3
4
6
9
11
13
2
5
7
9
3
5
7
2
4
2
3
2
111
110
1
2
1
1
2
3
1
2
1
2
5
8
10
12
3
6
8
10
3
5
7
2
4
1376
2
34
36
1
2
1
1
2
4
5
1
3
4
2
3
1
1
1
2
1
1
2
1
1
2
3
4
1
2
3
1
2
1
1
114
1
1
3
5
7
2
4
6
2
4
2
173
798
291
29
32
7
10
3
3
155
772
380
1
2
3
4
5
1
2
3
4
1
2
3
1
2
1
913
2
5
7
3
5
2
2
34
3
37
39
34
36
31
319
1
2
1
1157
3
329
331
4
9
5
3
5
2
138
1
20
68
2
1
1
1
1
2
3
4
1
2
3
1
2
1
1
1
4
8
2
4
2
7
12
5
18
88
90
92
96
13
155
1
1
2
4
1
3
2
1202
170
168
167
75
77
79
83
2
1
2
3
4
1
2
3
1
2
1
1
3
6
2
5
3
6
8
81
3
5
163
162
161
77
78
79
80
1
1
3
2
1
1
2
427
1
1
2
1
1
5
1
2
5
13
3
11
8
1
1068
2
1066
1
2
1
3
1
7
12
6
11
5
4
7
119
3
2
3
1
2
2
2
498
3
541
5
1
1
1
3
2
1
2
3
4
1
2
3
1
2
1
1
1
2
3
23
1
4
3
1
3
5
7
2
4
2
112
2
3
1
1
2
1
1
2
3
5
6
1
2
4
5
1
3
4
2
3
10
1
9
67
1
1
1
2
3
4
5
1
2
3
4
1
2
3
1314
1
1
69
68
1359
1
935
1
2
217
214
212
210
247
241
238
1
2
1
1
1
2
3
4
5
6
7
1
2
3
4
5
6
1
2
3
4
5
1
2
3
4
1
2
3
1
2
1
1
1
2
3
4
1
2
3
1
2
1
1
115
246
1
2
3
4
1
2
3
1
2
1
1
1
3
2
1
1
1
2
3
4
5
6
1
2
3
4
242
5
1
2
3
4
1
2
3
1
2
1
1
103
1
1
1
155
156
1
124
110
6
132
2
3
1
2
1230
1233
4
2
2
3
6
1
240
242
243
245
247
251
296
298
3
97
89
96
363
1
2
3
1
2
1
1
325
225
3
1
1
1
2
1
2
88
2
3
1129
6
1126
6
3
1123
1572
1315
1317
2
4
7
2
5
3
1
1
1
1
3
2
3
7
8
1
267
266
542
1
1
84
2
2
1
1
6
7
9
3
111
1
1
3
1
2
1
2
4
2
10
3
5
7
2
4
1080
2
3
1
2
3
1
2
1
568
3
1
2
6
8
1
5
7
4
6
2
3
8
5
691
2
3
5
7
11
1
3
5
9
2
4
8
55
53
2
6
53
51
4
51
49
47
45
1
1639
1
2
3
1
2
1
1
2
9
1
1
2
3
1
2
1
4
2
389
388
32
1
2
775
2
3
1
2
1
2
4
7
2
5
3
1
1
1
1
3
5
2
1
2
3
4
1
2
3
1
2
1
1
2
2
