370
289
280
258
256
248
238
122
29
5
291
381
213
42
183
177
124
116
1176
114
1071
92
87
239
1163
113
118
2
3
381
313
352
380
14
177
391
157
22
397
404
413
420
266
270
275
281
292
191
428
431
438
296
276
301
306
312
441
324
174
6
7
335
339
342
344
348
358
382
448
378
373
450
906
6
112
415
892
389
912
255
702
258
921
43
34
33
32
1120
1454
1455
1547
1548
1121
1123
1124
1125
1468
991
1295
392
118
421
886
383
1076
303
528
650
52
1077
66
69
637
747
501
74
67
354
535
166
236
233
68
69
299
70
335
292
284
775
10
364
17
780
31
30
400
784
26
20
17
45
33
13
790
792
796
801
707
804
11
588
89
64
76
608
609
610
611
4
90
543
590
563
568
577
78
53
65
597
598
599
600
7
101
579
552
557
100
677
2
7
15
17
1093
32
38
50
58
63
72
80
25
65
60
53
52
47
13
85
179
447
68
217
291
48
77
252
61
254
449
277
450
1206
386
390
393
451
452
1210
454
292
455
457
458
1414
223
459
460
461
462
463
464
465
134
299
9
11
467
99
108
7
468
470
1207
230
471
472
473
474
359
475
476
477
479
215
483
484
485
486
487
488
489
490
60
491
110
493
494
274
269
496
498
384
388
389
391
4
289
27
32
40
42
57
476
477
27
1540
22
63
75
1251
1433
21
83
88
97
105
12
521
159
154
36
472
23
277
86
279
474
302
475
480
482
483
316
324
493
495
1232
255
496
497
499
1122
500
501
502
504
508
509
510
511
512
513
514
515
85
516
518
519
299
294
520
523
409
413
414
416
30
45
90
72
166
462
597
468
487
492
508
437
630
517
442
442
469
1
2
3
150
444
72
587
591
693
687
141
58
447
200
51
391
45
223
450
40
350
455
458
141
140
32
187
461
184
436
631
518
443
441
470
1
2
149
445
73
588
592
694
688
140
57
446
201
52
392
46
222
449
41
351
457
142
141
33
188
185
435
632
519
444
440
471
1
148
446
74
589
593
695
689
139
56
445
202
53
393
47
476
221
448
42
352
453
456
143
142
34
189
186
434
633
520
445
439
472
147
447
75
590
594
696
690
138
55
203
54
394
48
491
220
45
447
43
353
455
144
143
35
187
967
9
100
55
117
162
54
74
219
53
193
149
171
974
48
91
349
209
93
65
64
63
84
94
96
72
71
235
321
86
62
67
831
1408
16
10
75
174
334
107
986
1544
1545
1546
1547
339
144
151
163
155
959
962
238
131
51
50
184
558
1548
559
1031
126
990
995
998
562
564
1537
152
156
83
59
105
114
119
126
127
132
139
147
170
172
181
186
194
196
206
211
217
229
237
242
251
259
266
272
279
277
283
292
6
190
22
23
198
578
626
111
3
129
627
131
9
10
163
234
102
162
388
210
426
431
240
433
439
628
456
629
630
631
34
632
633
471
634
158
635
636
477
637
35
402
638
639
640
641
642
643
644
36
645
38
313
332
41
478
646
372
43
278
45
287
401
405
442
498
274
647
648
649
650
651
409
652
653
430
214
538
654
50
655
344
656
657
658
659
660
661
662
663
664
665
666
667
668
669
239
670
69
671
672
673
387
448
453
674
675
676
677
563
567
568
570
175
577
283
97
233
231
224
221
107
545
227
388
108
554
102
32
58
362
364
152
169
17
18
96
105
260
19
173
28
29
30
370
374
119
278
379
32
382
7
189
172
388
110
678
128
134
140
130
160
168
141
27
182
200
214
254
302
330
335
469
371
159
166
273
390
398
293
402
405
408
300
413
411
679
417
415
418
421
422
424
680
426
431
433
436
334
681
682
439
683
51
450
52
442
452
457
458
460
461
464
513
810
947
643
916
674
997
1005
735
708
637
811
812
445
158
444
38
164
77
92
32
51
137
71
70
69
68
67
66
106
112
165
173
64
518
1446
1447
508
295
93
187
302
197
844
419
306
309
202
328
343
1503
681
1
2
3
4
735
270
582
15
501
1
2
3
736
271
583
14
686
689
47
1490
1106
514
850
88
22
24
32
42
1384
86
85
309
706
1473
1297
6
1
430
36
673
482
92
19
162
17
45
27
79
867
99
107
77
76
75
97
103
76
164
1452
1453
1454
688
1541
1542
872
1543
192
1060
1102
7
187
11
67
207
1438
230
72
1544
198
220
263
64
31
266
379
382
384
249
386
681
894
34
344
236
1083
473
270
224
228
717
728
736
836
347
62
635
637
1109
1114
1115
59
352
4
353
355
859
356
808
52
359
362
1
2
737
499
494
487
480
471
544
538
610
272
584
26
25
191
24
472
13
391
1
738
2
3
4
635
618
5
6
7
674
668
661
640
273
585
625
8
675
671
606
614
597
615
586
9
10
11
12
13
14
406
739
1
2
3
636
619
4
5
6
675
669
662
641
274
586
626
7
676
672
607
615
598
616
587
8
9
10
11
12
13
407
740
741
742
103
120
743
744
745
64
70
77
98
465
153
113
746
582
63
67
132
124
141
123
152
16
747
748
749
750
751
752
332
69
1468
492
828
110
1533
287
684
832
62
57
55
51
1275
28
21
499
15
408
25
2
10
20
1362
14
1199
1200
651
460
45
114
41
140
153
5
18
23
5
102
101
845
77
85
145
75
81
788
142
1042
487
666
1051
1519
1520
850
1521
170
1038
1080
15
165
11
89
185
1416
1196
1534
1535
1536
1537
1538
1021
1089
1083
1539
208
50
1522
176
198
241
86
53
227
32
39
147
156
659
1329
872
179
1150
12
322
214
1061
1474
1157
451
248
202
206
695
706
714
1421
814
325
40
613
615
276
37
330
18
74
1134
337
1081
340
71
1466
490
826
112
1531
285
682
830
64
59
57
53
1273
30
23
497
13
590
124
123
406
23
8
18
1360
109
491
345
33
12
1197
1198
649
458
43
160
116
43
138
7
21
3
103
843
75
83
258
73
79
786
492
493
125
494
52
140
152
156
161
167
178
182
664
187
192
198
1049
1517
1181
1518
848
1519
168
1036
1078
17
163
13
91
183
1414
1194
1532
1533
1534
1535
1536
1019
1087
1081
1537
206
48
1520
174
196
239
60
88
55
225
139
145
657
870
177
1148
10
320
212
1059
1155
449
246
693
561
704
562
712
1419
812
323
38
611
613
274
35
328
20
76
1132
335
1079
338
79
1458
482
818
558
120
1523
277
674
822
633
72
635
67
65
61
1265
9
134
38
31
588
489
5
582
132
131
398
15
10
1352
4
641
450
35
124
51
130
15
13
5
111
835
67
75
65
71
778
44
81
124
132
656
1041
1509
394
1510
840
1511
160
1028
1070
25
155
21
99
175
1406
1186
1524
1525
1526
1527
1528
1011
1079
1073
1529
198
40
1512
114
166
343
1193
758
188
231
96
63
229
217
145
137
649
862
169
1140
543
887
888
889
891
2
312
204
1051
1147
742
789
441
238
680
685
696
704
895
1411
897
695
700
900
903
1149
804
315
30
603
605
27
320
28
84
1124
110
115
122
129
138
327
1071
330
89
915
1448
918
922
472
11
808
1353
249
548
220
130
1536
1537
1513
267
664
248
812
106
1255
233
144
48
41
479
5
572
142
141
388
5
1
1342
26
6
631
25
134
61
120
25
3
15
122
121
120
825
57
65
1357
847
117
62
1538
51
55
61
466
730
734
739
71
114
122
281
288
1539
824
160
1366
646
1031
943
1499
384
1500
830
1501
150
1018
1060
171
175
35
145
31
109
165
1396
457
1176
1514
1515
1516
1517
1518
1001
1069
1063
1519
188
30
1502
104
156
333
1183
748
418
178
221
124
106
64
73
207
210
127
146
793
151
852
159
862
1130
877
8
302
194
198
1041
1137
431
228
407
246
618
1540
888
890
893
1139
1115
794
305
20
593
595
256
17
310
38
94
1114
574
317
809
633
1310
813
1541
1542
1061
320
312
180
352
281
402
398
333
454
341
324
342
313
401
395
388
377
367
373
657
282
283
284
57
285
286
362
287
133
277
275
276
26
132
40
593
90
86
21
29
18
12
30
1
91
231
233
89
83
149
76
65
55
148
42
61
969
594
595
596
369
597
598
50
124
1060
599
179
589
587
588
590
591
592
305
577
847
841
756
333
331
783
732
200
1378
916
1333
1360
1309
377
1542
33
57
63
6
39
80
9
309
514
516
512
37
196
69
165
1270
225
2
56
55
65
1543
865
994
132
861
1544
355
1372
1360
1545
82
323
327
1539
1546
1547
1548
813
142
1549
913
1550
1551
1552
1553
698
1554
1555
918
581
582
583
155
1536
27
51
57
45
74
303
508
510
506
190
75
159
1264
219
8
71
1537
859
988
126
855
1538
1355
1357
1359
1366
1354
1539
76
1533
807
136
806
1543
907
1544
1545
1546
1547
692
1548
1549
912
575
576
577
590
149
149
27
140
139
138
956
328
420
336
2
258
9
410
199
323
430
346
315
568
351
357
434
363
374
379
298
385
389
394
399
404
523
79
205
359
326
422
338
256
7
412
197
321
432
344
317
570
349
355
436
361
372
377
418
296
383
387
397
402
361
1536
1071
47
42
35
27
24
99
18
63
71
69
114
124
123
122
116
115
8
114
113
112
111
128
579
580
796
581
1077
135
88
112
129
148
44
34
139
4
118
117
246
1054
1057
1537
1538
1539
1540
1541
1061
1065
70
344
116
95
258
127
133
444
159
163
165
1267
1270
983
178
193
1460
1436
275
46
1172
874
188
192
304
529
357
195
599
362
262
199
253
608
609
131
56
82
11
767
122
32
40
174
947
59
19
214
201
203
171
175
428
113
60
165
162
56
431
69
511
153
288
189
197
87
216
932
382
163
845
1022
1027
745
1
2
63
69
76
87
97
110
112
123
134
140
122
151
17
174
184
48
1
12
62
68
75
86
96
109
111
13
14
15
122
133
139
121
16
150
18
164
173
183
192
200
69
208
210
220
61
74
13
121
230
138
120
241
19
170
6
13
24
34
49
682
8
3
1
3
195
216
48
47
60
77
59
46
1545
88
196
243
248
254
238
208
212
217
223
234
314
39
111
121
7
18
28
43
676
54
71
53
82
190
110
237
242
248
232
202
206
211
217
228
308
105
115
639
692
11
29
21
275
280
36
669
21
16
14
10
1240
1241
47
64
46
1295
75
183
196
230
235
241
225
195
199
204
210
221
194
59
26
30
202
9
16
38
53
57
63
98
108
432
435
317
23
438
220
223
10
289
25
658
32
27
25
21
84
121
164
36
53
35
64
86
93
65
219
224
230
214
184
188
193
199
210
112
208
187
292
1188
87
97
128
688
859
1105
1101
15
648
83
1219
1220
161
182
82
81
111
154
26
43
25
54
146
82
209
214
220
204
174
178
183
189
200
290
99
84
280
1138
1140
5
104
282
300
908
77
87
642
643
678
849
375
174
148
24
12
1125
1127
100
225
634
601
602
158
66
106
55
240
242
633
255
98
82
59
11
23
28
10
1259
39
48
55
147
67
101
100
75
84
99
7
716
409
1188
19
10
6
347
67
89
1536
1537
166
27
20
74
17
21
27
62
72
93
123
127
928
396
399
281
13
1056
1202
492
23
262
1537
1538
1539
1540
120
247
1079
225
402
120
147
12
346
64
487
17
1
28
108
107
254
488
489
121
490
85
128
101
148
152
157
163
174
73
178
183
188
194
1112
1114
21
17
95
258
37
44
57
93
622
56
112
111
78
227
232
113
52
239
87
256
697
703
386
389
390
394
400
403
387
712
407
1468
283
84
882
260
1439
1440
51
61
1208
385
388
270
92
50
652
823
1075
334
216
221
228
63
351
12
123
122
281
286
95
288
150
104
200
202
209
212
256
260
124
1324
180
605
606
608
609
610
432
14
210
215
222
69
18
11
127
126
768
773
779
783
788
38
605
61
34
44
67
62
60
56
157
148
13
228
233
240
51
1249
29
150
100
184
189
195
179
149
153
158
164
175
73
109
108
786
791
797
801
806
17
1071
593
1178
20
16
259
623
212
214
221
224
79
229
234
136
156
275
37
30
84
7
11
17
1469
1440
1441
52
62
386
389
271
23
25
148
147
57
9
16
28
36
138
137
48
277
298
301
1540
1541
1542
677
1284
1288
49
45
123
308
594
106
216
1497
1498
23
33
84
88
590
225
889
357
360
997
2
3
4
5
8
9
10
11
12
13
14
15
20
21
23
24
25
26
27
28
29
30
31
32
33
34
35
36
37
38
39
40
41
42
43
44
45
46
47
48
49
50
51
52
53
54
1
55
56
57
58
59
60
61
355
752
51
549
144
755
768
28
57
32
29
377
830
157
113
151
1
29
321
323
330
333
158
253
574
168
493
576
578
580
582
27
164
112
186
231
28
157
252
573
167
492
577
579
581
26
163
150
36
583
40
45
47
51
55
62
585
66
99
69
74
81
89
92
18
105
120
127
133
139
142
7
1
110
193
236
148
2
244
158
228
173
177
183
588
223
229
196
589
201
267
14
210
218
226
221
300
232
237
245
374
249
254
590
258
263
268
273
383
275
279
281
283
194
289
294
298
301
307
313
316
591
320
323
330
592
315
369
35
592
593
39
44
46
50
54
61
584
354
65
98
68
73
80
88
91
116
19
104
119
126
132
138
141
8
109
192
235
147
1
243
157
227
163
594
172
176
182
587
222
595
596
228
597
195
200
266
13
209
217
225
220
299
462
231
236
244
373
248
253
589
257
262
267
272
382
274
278
280
598
282
193
288
293
297
300
306
308
312
315
590
319
322
325
329
591
532
314
368
31
34
38
43
45
49
53
60
64
67
72
79
87
90
97
103
108
118
125
131
137
140
9
8
146
152
1
2
3
156
162
171
175
181
191
194
199
208
216
219
224
230
235
132
139
243
247
252
256
261
266
271
273
277
279
281
287
192
292
296
299
305
307
311
314
318
321
324
328
666
22
30
889
40
241
672
163
60
154
153
152
46
1210
8
168
123
6
51
649
166
170
175
867
18
38
156
161
105
186
605
1277
1278
125
129
561
538
545
546
54
1202
160
131
2
43
641
158
162
167
859
10
30
148
153
178
597
1269
1270
553
1524
1510
1511
1512
1513
1514
530
537
538
849
367
369
371
839
829
8
12
17
20
349
1216
1218
1220
20
342
346
425
431
434
383
181
402
401
2
7
184
9
438
444
445
451
459
461
465
469
133
134
474
478
482
152
153
6
3
612
7
13
14
20
28
30
34
38
43
47
51
39
50
56
65
2
1
91
92
100
61
109
115
121
123
129
12
136
111
141
153
154
169
9
10
11
180
181
188
195
204
211
218
225
237
229
235
199
242
245
250
13
259
262
266
271
277
283
288
292
297
302
308
311
316
320
325
327
334
337
150
170
342
347
352
358
263
362
243
133
370
371
351
355
363
360
343
345
379
274
241
383
386
389
281
394
392
398
396
399
402
403
405
410
407
412
414
417
315
421
420
426
431
33
423
433
435
145
438
439
441
442
369
445
606
118
123
130
161
837
841
846
849
10
30
41
108
56
82
83
52
100
106
112
114
21
127
102
132
334
336
124
141
120
136
11
10
232
145
1
2
342
241
346
91
47
250
351
4
354
161
144
360
311
365
367
171
359
172
179
186
195
202
209
216
228
220
226
190
233
236
274
302
373
307
183
343
353
234
361
362
379
370
265
374
377
380
272
385
383
389
387
390
393
394
396
398
403
405
408
306
412
411
347
24
414
419
424
426
429
430
432
433
436
439
29
40
107
55
81
82
36
41
43
47
51
99
105
111
113
22
126
101
131
333
335
123
140
119
135
12
11
231
9
144
1
341
240
154
161
345
90
46
249
350
3
353
160
261
267
278
143
359
310
170
358
398
171
178
194
201
208
215
227
219
225
189
232
235
273
301
454
457
306
315
317
324
327
182
342
352
233
360
361
369
264
373
376
379
271
384
382
388
386
389
392
393
395
397
402
404
407
305
411
410
465
23
413
423
469
425
474
428
429
431
432
435
476
482
484
488
28
39
34
54
80
81
50
98
104
110
112
23
125
100
130
332
334
122
139
118
134
13
12
230
10
143
340
344
89
45
248
349
2
352
159
142
358
363
365
169
170
177
184
193
200
207
214
226
218
224
188
231
234
272
498
300
501
504
508
254
305
314
316
323
326
341
347
351
232
129
136
359
360
368
263
372
375
378
270
514
383
381
387
385
388
391
392
394
396
401
403
406
520
304
410
409
524
22
412
422
468
424
473
427
428
430
431
217
222
229
236
245
434
437
670
188
10
719
724
730
734
739
1102
8
73
24
31
502
1
494
106
118
121
3
9
38
45
716
84
57
49
422
423
55
424
18
19
62
65
70
167
82
86
91
97
108
7
421
947
951
27
342
115
56
50
1513
785
541
502
764
318
1182
572
789
709
1117
235
341
163
93
386
6
615
117
21
298
12
617
370
369
189
275
113
83
81
184
251
127
139
646
89
75
114
104
126
214
527
632
268
5
198
215
59
370
284
20
94
211
37
719
29
732
170
273
97
177
103
157
9
52
177
119
827
830
308
5
11
15
20
808
699
715
371
115
650
234
309
313
6
10
15
813
704
720
376
110
655
239
314
319
4
9
819
710
726
382
104
661
245
320
600
596
323
5
823
714
730
386
100
665
249
324
328
828
719
735
391
95
670
254
329
609
605
187
1094
436
1078
996
1082
912
386
1045
727
1128
563
25
758
3
2
1281
965
966
969
889
970
973
1530
557
247
560
566
16
23
494
486
98
12
110
113
182
572
708
49
367
34
939
943
1121
1499
531
1069
746
1130
336
1091
1092
1531
259
117
469
643
16
108
197
271
1258
637
75
699
702
64
494
7
478
25
470
82
94
97
496
218
217
124
117
51
109
106
129
77
81
34
83
14
21
692
108
33
25
398
399
31
400
148
261
264
266
5
38
41
268
46
173
34
58
62
67
73
84
397
923
927
1105
3
28
904
906
910
915
1467
1468
730
1114
192
91
80
74
838
471
226
10
115
463
28
22
159
685
317
803
705
12
31
167
127
129
133
137
143
24
860
868
40
54
34
57
87
386
872
876
756
726
367
417
697
481
356
8
499
493
312
214
154
332
234
483
440
432
518
511
362
304
344
342
338
334
328
389
397
431
525
505
558
85
401
405
285
255
116
180
762
367
4
10
823
824
717
50
349
835
17
20
63
71
73
109
195
197
130
8
28
973
969
417
981
519
7
116
758
689
375
267
101
107
128
491
485
304
222
146
340
234
242
475
432
504
354
300
298
296
336
334
330
326
320
397
405
423
517
497
550
473
77
348
409
413
293
263
305
301
298
150
157
655
12
15
260
84
1297
68
61
907
145
610
190
49
316
317
51
87
44
41
23
99
785
266
238
993
994
617
620
162
156
1298
627
1299
466
1300
651
447
855
368
666
223
313
182
3
822
208
144
598
202
591
1011
1285
773
440
278
1290
248
72
47
13
980
636
1020
599
226
981
982
98
174
936
168
689
1205
1206
1207
1291
1208
986
1286
1250
615
1287
866
868
869
870
264
4
1288
16
669
137
462
639
1141
643
947
444
852
365
663
226
316
185
172
819
205
147
83
76
595
205
64
56
588
1008
1282
770
437
281
1287
245
69
50
16
977
633
1017
596
223
978
979
101
177
933
171
686
1202
1203
1204
1288
1205
983
1283
1247
612
1284
863
865
866
867
261
7
1285
19
666
134
459
636
1138
640
944
144
118
269
1035
122
199
195
225
50
54
540
44
184
6
915
66
42
46
419
2
16
59
29
240
541
67
518
83
180
152
30
191
193
155
157
161
165
171
19
1003
24
1341
402
163
133
280
60
91
738
206
1044
17
112
143
146
904
153
762
1059
700
349
1255
265
124
263
1029
128
205
219
56
534
50
190
909
72
40
10
53
35
234
535
61
512
89
174
146
36
185
187
149
151
155
159
165
13
997
18
1335
396
169
127
274
54
85
732
200
1038
11
106
137
140
898
147
756
1053
694
343
1249
259
625
633
458
486
345
146
648
654
659
487
143
138
131
123
488
120
233
230
82
492
489
490
89
7
675
77
678
122
19
262
172
167
165
161
31
52
217
56
19
24
27
64
32
451
498
499
328
20
152
37
708
63
67
69
500
501
716
94
724
346
732
738
609
351
744
749
503
217
719
723
618
626
451
338
153
641
647
652
150
145
138
130
127
240
237
89
616
485
482
483
64
96
668
84
671
129
12
65
255
179
174
172
168
24
45
26
17
20
71
25
61
54
212
55
874
450
876
491
492
879
321
202
13
145
30
163
701
883
885
56
889
894
60
62
493
494
709
101
24
101
339
725
731
602
344
737
742
429
496
210
3
8
15
22
19
712
716
800
659
667
647
626
697
654
651
646
599
594
588
604
634
630
625
619
608
709
605
395
689
601
772
766
1451
763
141
265
103
146
678
149
201
206
212
196
166
170
175
181
192
1005
274
292
55
51
44
37
30
23
20
13
67
24
28
34
1540
1541
1542
871
6
606
614
439
165
629
635
640
162
157
150
142
139
252
249
101
96
473
470
471
174
17
176
862
108
243
216
236
38
5
8
83
60
65
71
55
25
29
34
40
51
235
234
890
894
656
309
214
1
133
18
689
871
873
877
882
44
48
50
481
482
697
287
1042
1043
113
327
713
719
590
332
194
725
730
198
320
700
704
190
164
137
698
703
124
120
743
154
149
142
134
131
244
615
179
34
100
299
375
46
15
67
679
682
687
30
13
1014
792
16
21
472
473
474
65
58
771
129
173
216
59
68
73
79
63
33
37
42
48
59
91
145
111
208
125
27
957
280
22
3
24
647
317
256
133
9
26
159
160
998
469
52
56
58
761
489
490
1028
674
677
39
66
28
97
854
1032
1033
1034
1036
1037
1002
369
1038
23
708
986
712
644
573
64
11
527
522
515
507
504
614
86
108
648
194
473
342
463
346
257
1
367
2
327
306
403
360
502
432
449
233
293
254
248
1
363
561
364
359
14
232
347
342
412
625
321
317
315
655
407
402
662
366
368
371
372
38
629
631
634
636
666
639
4
158
640
74
31
643
63
12
572
590
615
107
643
647
195
474
341
464
345
256
368
1
328
305
404
361
353
503
450
234
294
255
249
416
2
362
560
360
15
233
348
343
411
624
322
654
406
403
661
371
39
628
630
633
635
665
638
5
364
157
639
75
32
642
808
811
815
1104
431
356
697
130
940
251
160
155
148
140
137
247
475
1011
1015
26
109
173
106
709
96
713
624
369
40
673
36
7
1127
15
135
36
42
53
82
134
74
113
119
48
366
730
928
3
8
353
135
20
25
779
34
992
46
50
52
1022
774
35
1029
994
739
329
996
998
1001
1003
1033
1006
363
732
525
1007
293
336
1010
62
328
616
106
196
475
340
465
344
255
329
405
362
412
414
417
354
504
451
235
295
256
250
417
3
348
361
559
700
361
16
349
344
410
623
323
653
405
404
370
40
627
629
632
634
637
6
363
638
76
33
641
120
97
233
1532
90
21
91
30
86
1172
882
1533
12
561
29
74
84
433
46
80
105
609
617
83
653
136
179
663
540
541
62
106
149
110
8
160
1137
1267
1098
699
24
685
544
668
1134
1135
1486
1534
464
616
622
627
1409
138
1410
1535
96
137
223
119
10
335
360
164
795
1536
1138
1139
131
143
1141
484
113
431
149
546
157
82
875
952
45
1133
477
134
407
390
709
954
107
467
955
958
878
959
962
138
127
728
733
94
974
773
124
119
112
104
101
214
501
213
212
63
645
712
717
83
642
210
1286
776
209
18
4
66
70
745
60
660
83
95
921
43
819
1291
46
45
224
525
719
504
1000
35
28
99
143
58
186
29
121
175
177
194
179
139
141
145
155
12
402
766
3
1295
1144
484
539
1027
1029
8
903
1298
179
33
6
262
545
550
558
345
347
126
128
135
138
7
685
388
286
163
39
44
182
389
186
171
555
784
52
786
56
1299
189
510
1115
190
82
86
326
1161
1164
791
88
519
1302
1303
885
806
810
325
1080
1081
704
707
69
1
101
591
2
222
398
127
788
598
130
1304
1305
1306
1307
1085
884
888
1308
1309
767
43
1312
835
1034
628
399
452
1313
1314
1315
1316
236
549
561
7
684
372
738
1016
742
1046
179
928
192
503
1236
200
125
832
909
2
1237
1238
820
1239
1090
434
177
658
911
150
424
196
191
189
912
185
864
915
835
916
919
181
119
170
685
690
137
931
730
167
162
155
147
144
257
106
602
669
674
126
599
19
116
1243
733
166
61
49
109
113
21
138
702
103
97
94
243
617
40
52
878
241
776
1248
3
88
230
181
1120
482
8
460
676
461
957
78
71
142
186
21
72
78
132
134
151
136
96
98
102
112
359
723
40
1252
1101
859
856
1253
496
270
1254
984
986
1186
35
860
1255
23
31
222
10
37
502
507
515
302
634
304
64
107
100
105
110
223
226
228
642
345
243
120
4
1
139
346
143
128
512
741
9
743
13
1256
27
146
467
1072
32
37
1013
648
147
1257
1258
738
39
43
1118
1121
748
45
476
1259
1260
842
825
763
767
282
1037
1038
661
664
42
533
548
41
179
355
84
745
555
87
1261
1262
1263
1264
1042
841
845
1265
1266
30
1267
1268
1052
1024
1269
792
320
114
68
293
991
504
585
193
356
1270
1271
1272
1273
237
193
506
242
518
641
329
524
695
973
1196
699
1003
206
817
431
173
621
627
632
170
165
158
150
147
122
260
455
259
258
257
109
104
465
25
96
101
116
108
183
235
91
5
179
182
189
648
859
1084
301
222
7
125
4
10
681
143
36
40
42
473
474
689
1274
658
661
286
121
44
81
1243
1099
319
705
711
582
324
717
722
190
692
696
211
200
208
472
66
658
903
158
907
474
987
417
341
111
178
677
141
266
175
170
163
152
145
265
262
114
139
661
666
266
158
69
608
117
473
111
105
44
249
96
451
452
453
949
652
86
79
150
9
113
97
124
59
48
936
1019
43
157
43
1273
1274
335
879
947
230
941
66
45
1275
494
499
507
296
235
12
7
338
223
120
130
735
902
764
898
24
671
29
139
31
35
912
469
1007
274
704
157
45
305
180
76
68
147
86
577
20
683
173
672
183
134
510
945
950
188
191
695
644
278
44
195
928
50
26
547
348
550
552
25
555
19
141
31
157
11
10
165
557
560
562
563
564
566
568
570
305
317
80
572
138
145
158
8
574
225
368
575
372
357
247
268
577
187
309
195
199
579
20
580
28
329
121
81
129
108
4
9
15
26
75
740
741
30
35
40
46
748
24
752
101
293
132
94
266
32
325
125
85
133
112
5
11
22
79
736
737
26
31
36
42
744
246
28
748
97
289
136
90
262
37
320
922
130
90
138
272
117
6
17
83
84
731
732
21
26
31
37
739
251
33
99
743
92
284
141
1234
85
257
43
314
916
136
96
144
278
123
11
77
90
725
726
15
20
25
31
733
257
39
93
737
86
278
147
1228
79
251
54
303
905
147
107
155
289
134
66
101
714
715
4
9
14
20
722
900
268
50
82
726
75
267
158
1217
68
240
927
137
558
887
1356
1525
1363
70
122
161
57
964
479
537
971
126
404
115
740
112
92
89
82
202
51
46
654
1526
33
778
15
999
702
791
267
110
121
250
884
1041
1527
1528
1310
168
167
274
1144
357
119
162
151
298
1392
56
51
183
68
73
827
522
202
94
98
100
822
1092
756
57
14
191
1529
610
1397
1075
1399
1049
1054
411
341
19
384
259
743
345
1028
754
1002
462
253
357
65
501
240
331
258
343
347
613
109
448
193
432
177
174
364
562
326
431
247
358
13
346
341
413
626
401
628
373
630
632
635
637
640
3
366
641
232
73
30
644
556
1551
809
49
120
121
398
791
278
273
265
18
565
22
24
28
296
290
282
15
31
35
36
78
30
422
326
109
368
85
46
324
1416
451
915
586
604
15
22
376
880
377
529
520
793
797
802
190
30
33
10
216
220
173
222
779
343
611
291
829
116
64
89
358
99
106
35
9
192
105
328
244
27
297
316
320
1190
825
494
859
863
868
587
874
588
368
141
253
161
67
217
209
52
535
315
61
99
128
285
549
553
558
18
36
16
276
151
152
567
237
16
18
25
28
117
43
156
159
161
163
53
458
581
80
582
588
594
597
109
604
111
65
608
260
114
613
58
621
223
628
452
632
350
349
6
241
366
496
75
198
42
1
133
17
13
10
8
4
595
599
30
449
314
535
223
98
582
184
589
593
1
1
2
1
508
513
378
16
48
53
55
59
452
77
82
89
97
100
518
456
172
194
217
25
333
337
340
342
346
356
193
238
240
257
283
287
289
298
526
359
376
435
319
36
450
118
57
283
531
512
295
507
2
377
47
52
54
58
76
81
88
96
99
407
412
221
414
401
455
542
545
547
22
326
328
335
338
171
3
4
216
332
336
339
341
345
355
239
256
552
282
286
288
297
525
556
301
379
560
563
358
357
565
375
568
570
434
318
35
558
572
447
449
397
309
310
174
291
55
74
374
70
68
61
58
143
225
393
392
127
19
600
1542
235
350
563
42
535
667
673
679
687
693
698
90
1543
580
581
444
354
181
405
61
245
517
496
499
503
506
511
514
326
7
516
1527
116
151
52
49
1354
1355
1356
1357
14
69
63
199
105
95
82
500
501
502
503
504
505
506
507
508
509
510
127
100
164
161
197
201
16
1365
13
437
543
759
461
456
343
340
338
450
336
613
618
622
772
93
153
36
123
168
215
32
102
74
124
187
321
232
1435
1549
6
358
363
370
79
45
41
275
42
284
43
339
603
1
554
716
342
315
466
417
563
534
487
555
717
343
316
467
418
564
535
486
804
117
613
146
141
134
126
123
166
809
137
201
816
31
17
164
28
34
546
60
64
66
292
821
419
89
921
137
730
29
24
17
9
6
283
110
109
926
20
85
84
933
148
134
281
145
151
663
282
175
177
181
183
409
938
536
206
453
300
587
465
44
39
230
37
163
68
159
138
1
369
374
200
158
293
107
360
228
286
205
810
429
116
280
448
447
744
539
177
184
489
691
98
63
58
249
56
278
70
417
448
467
466
380
386
394
400
404
68
69
409
562
87
88
370
380
77
33
120
385
390
199
392
394
398
404
408
411
415
419
422
426
430
433
436
438
76
440
442
322
140
452
108
215
455
459
19
18
437
464
3
457
468
474
476
480
484
486
489
492
497
499
501
393
506
508
512
515
516
517
175
518
519
521
522
526
527
529
532
533
535
536
540
563
340
337
189
83
118
284
494
787
413
865
47
305
872
288
328
277
164
2
9
12
209
299
155
110
65
40
125
143
885
208
805
887
809
169
888
1
891
106
597
166
561
342
339
191
81
116
282
492
785
411
863
45
307
870
290
330
279
166
7
10
211
157
112
67
42
127
145
883
206
803
885
807
171
886
3
889
108
595
164
554
349
346
198
74
109
275
485
778
404
856
38
314
863
297
337
286
173
3
218
164
119
74
49
134
152
876
199
796
878
800
178
879
10
882
115
588
320
157
111
551
352
349
201
71
106
272
482
952
775
401
853
35
317
860
300
340
289
176
221
122
77
52
137
155
873
196
298
629
793
875
797
181
876
13
879
118
585
154
108
1274
1275
258
66
101
190
7
5
896
1276
1237
26
22
399
131
128
766
53
770
188
1053
725
70
191
185
29
54
589
398
238
11
1531
1532
1271
514
425
833
660
901
571
1426
77
202
1021
19
35
291
1
173
37
553
31
21
66
217
150
206
168
174
22
315
192
73
84
94
323
910
1469
209
104
216
109
219
115
117
924
235
491
50
134
31
672
678
679
685
695
42
618
494
416
1533
1534
1535
1536
49
121
60
87
562
481
137
10
356
263
708
1537
712
668
861
495
563
564
565
423
6
687
322
328
389
399
96
14
139
404
409
218
411
413
417
423
427
430
434
438
441
445
449
452
455
457
95
459
461
456
341
159
471
127
234
474
478
1
372
483
22
241
487
493
495
499
503
505
508
511
516
518
527
531
534
535
536
194
537
538
540
541
545
546
548
551
552
554
555
388
398
95
15
138
403
408
217
410
412
416
422
426
429
433
437
440
444
448
451
454
456
94
458
460
455
340
158
470
126
233
473
477
371
482
21
240
563
486
492
494
498
502
504
507
510
515
517
524
526
530
533
534
535
193
536
537
539
540
544
545
547
550
551
553
554
558
207
63
95
216
173
624
92
170
189
68
215
220
225
238
246
253
1
2
2
3
4
1
3
1
2
3
2
1
1
969
707
971
214
974
266
979
197
329
430
438
471
479
271
987
433
689
995
999
996
5
136
141
1006
1009
12
279
150
105
95
131
1014
74
1015
315
1016
961
1017
1020
1023
465
315
474
484
306
702
964
966
219
969
261
267
257
244
214
211
974
202
334
425
433
466
474
266
1074
982
428
1055
684
990
994
991
131
136
7
284
155
110
100
6
119
122
124
126
1009
79
1010
320
1011
956
1012
794
151
1015
1018
796
798
460
310
469
479
793
311
130
851
297
669
860
124
415
440
480
429
134
132
192
214
116
120
123
125
129
139
1516
1517
3
182
151
38
197
64
221
15
129
420
352
20
357
363
131
127
122
371
374
382
485
434
139
137
7
3
1285
1101
513
1288
1104
516
448
451
375
99
360
17
13
407
132
459
461
359
339
353
465
61
352
23
361
470
242
380
473
369
417
421
477
480
482
487
259
489
492
495
499
502
503
507
513
516
488
500
512
520
373
48
522
525
320
527
531
349
4
7
9
13
23
297
353
3
5
9
19
301
356
208
2
6
108
16
75
43
47
40
304
545
233
592
194
599
603
851
358
68
206
4
106
14
38
1027
306
543
231
590
192
597
601
362
202
102
10
34
310
539
227
586
188
593
597
845
22
372
89
192
34
153
28
24
20
320
529
217
92
576
178
583
587
404
298
1248
1250
65
1253
660
545
17
27
40
70
73
1380
1258
1381
82
50
709
717
750
758
550
1182
1358
1266
712
1388
1339
1390
968
1274
1391
1278
1275
40
7
410
129
174
184
772
92
777
783
289
293
298
291
1293
205
1294
36
1295
700
706
714
534
718
723
731
1240
1296
1397
1398
570
1399
1078
435
1553
1299
1217
1400
1401
1302
335
986
1080
1082
1403
744
594
753
763
673
1077
27
957
959
226
962
369
254
274
264
251
221
218
1089
967
1090
209
341
418
426
459
467
259
891
1067
975
421
1097
477
1048
1099
677
983
1100
987
984
119
162
117
107
481
199
486
492
2
2
7
1002
86
1003
327
1004
243
949
1005
1106
1107
279
1108
787
144
1008
926
1109
1110
44
695
789
791
1112
453
303
462
472
382
786
318
52
145
140
138
134
30
753
757
1116
1117
59
56
1204
79
417
1529
1530
1531
1053
552
1069
484
423
1163
1158
1161
1013
1014
1015
1016
1017
379
382
384
385
386
388
639
390
392
1210
1212
1216
1218
1329
1262
1149
102
181
40
846
45
643
648
166
58
63
576
319
322
330
15
459
463
464
634
348
532
1331
97
190
185
183
179
75
708
712
1071
1072
104
101
1159
34
372
1008
507
1024
378
1118
1113
1116
968
969
970
971
972
334
337
339
340
341
343
594
345
347
1165
1167
1171
1173
1104
57
136
85
801
598
603
211
13
18
531
274
277
285
60
203
419
589
487
234
1
243
2
1272
1220
287
291
294
9
232
1273
1274
1252
1275
255
266
274
278
287
1
299
303
1263
1211
278
282
285
255
241
1113
1115
1264
1265
1243
1266
14
7
410
228
338
331
324
317
142
182
110
345
127
89
86
1037
16
48
1542
1543
72
228
10
567
147
146
132
1406
1407
159
164
169
175
140
173
216
21
36
7
14
105
345
127
230
472
196
223
1546
7
596
94
3
110
1539
589
87
10
117
15
1538
98
62
54
93
170
25
790
794
546
168
167
690
254
27
1513
1116
1118
355
138
1476
392
166
208
15
434
216
235
851
852
853
855
46
401
175
1539
859
861
269
567
612
783
787
549
527
479
356
156
161
169
218
427
417
418
419
421
187
193
284
202
167
209
425
178
173
800
320
253
1173
1111
1174
1175
1176
1177
707
309
297
386
382
234
109
244
900
902
701
105
97
91
176
64
21
241
645
229
185
126
992
98
50
8
39
46
101
860
556
636
637
639
154
909
910
102
44
246
66
240
420
169
51
44
1178
1179
896
643
396
567
391
571
4
390
56
394
218
1167
1170
1171
519
525
533
566
574
582
366
1270
1271
1272
214
1120
384
561
565
571
254
257
258
262
268
271
243
249
255
261
580
267
275
540
541
545
550
554
27
560
410
569
579
51
380
153
8
231
389
402
317
199
120
432
427
425
421
224
16
3
89
61
927
162
259
45
191
232
639
15
41
20
256
210
1231
553
417
196
192
908
828
912
162
113
267
1058
1059
998
1025
1027
123
207
863
26
490
1271
1204
35
734
21
213
1113
475
215
114
765
347
911
61
65
1272
318
216
72
1273
5
228
591
50
1275
1276
1277
5
844
58
240
205
121
125
115
275
124
334
325
598
602
607
276
143
96
101
507
6
464
109
114
116
306
129
775
404
166
34
30
32
27
20
13
4
188
564
566
1028
1022
1014
1010
1005
997
488
432
203
6
14
18
23
31
548
680
411
407
402
391
311
8
12
17
25
554
674
417
413
408
397
305
4
9
17
562
666
425
421
416
405
297
5
13
566
662
429
425
420
409
293
8
571
657
434
430
425
414
288
579
649
442
438
433
422
280
596
56
1
20
16
11
696
536
61
57
1100
4
9
513
716
556
1120
5
498
501
509
1128
1129
712
552
45
41
1116
493
496
504
1123
1124
154
157
129
707
547
50
46
1111
831
3
5
580
7
9
13
16
20
21
15
11
6
2
583
4
6
1027
10
13
17
18
8
585
2
4
568
572
577
587
589
444
593
596
600
601
2
6
9
13
14
797
4
517
7
11
12
378
334
381
3
7
8
1
1022
1
28
2
1023
27
194
837
842
34
42
52
65
95
98
158
416
421
15
18
40
11
306
308
855
450
159
454
462
465
198
456
459
461
25
58
355
468
471
473
475
51
346
348
282
490
199
494
502
505
960
405
408
410
26
7
295
297
231
844
427
439
148
443
451
454
1034
523
295
16
14
687
680
672
669
251
199
519
674
235
61
409
412
416
861
420
674
474
31
529
512
393
485
7
160
43
711
533
378
460
486
482
480
585
31
36
47
55
35
148
123
70
110
113
115
307
15
2
64
549
132
144
147
148
156
159
108
111
113
309
13
66
882
547
130
142
149
146
154
157
931
610
552
175
788
349
352
97
76
156
183
73
941
75
346
167
2
217
1
17
24
33
721
604
392
436
403
360
207
593
331
105
542
138
117
4
7
100
26
41
1170
60
1249
1250
647
311
33
222
109
112
5
98
131
793
331
146
271
602
603
776
773
480
24
479
513
245
680
252
535
642
27
220
19
757
750
516
845
846
847
848
849
850
851
586
587
853
854
855
501
488
274
279
280
483
482
476
821
1203
1207
117
72
255
142
145
38
164
364
33
29
179
22
282
741
208
460
113
110
217
138
91
76
41
36
3
104
25
11
126
120
22
183
37
152
179
1058
172
790
793
797
801
302
960
107
28
14
122
209
19
34
908
167
137
596
1297
65
900
236
240
1244
1245
306
1300
79
93
126
326
141
1301
451
452
455
456
474
103
581
539
495
365
866
557
275
974
970
968
642
860
501
192
90
810
803
635
795
792
815
609
605
652
603
597
462
702
179
1038
297
278
452
574
105
940
27
239
228
1092
161
156
149
142
133
482
5
591
262
309
302
52
556
53
205
196
469
473
478
134
294
291
314
108
104
151
102
455
375
405
157
19
287
505
208
34
238
231
225
218
289
333
132
11
15
13
4
11
211
1193
1160
535
539
544
263
550
264
44
750
450
713
282
372
422
425
257
540
560
212
770
541
674
631
707
900
893
539
35
538
725
885
882
905
699
695
742
693
86
934
929
927
923
816
809
215
220
221
607
189
206
201
194
186
183
296
235
20
155
388
16
8
261
1048
25
68
81
26
4
43
6
127
174
169
533
541
287
100
17
314
142
181
225
81
281
522
53
48
41
34
25
603
193
210
205
198
190
187
300
231
24
159
20
12
265
1044
21
64
77
30
47
2
123
529
537
283
104
21
310
138
185
229
85
435
277
518
29
601
195
212
207
200
192
189
302
229
26
161
92
382
22
14
267
1042
19
62
75
49
32
121
527
535
281
106
23
308
136
187
231
1300
516
384
385
31
18
13
7
165
155
990
131
127
121
438
435
434
430
424
421
449
443
437
433
431
112
428
425
417
478
27
28
113
118
124
34
24
4
10
307
304
303
299
293
290
318
312
306
302
300
19
297
327
152
153
294
286
347
109
114
120
38
28
6
311
308
307
303
297
294
322
316
310
306
304
15
301
331
148
298
290
351
103
108
114
44
34
317
314
313
309
303
300
328
322
316
312
310
9
307
337
142
143
304
296
357
420
425
431
273
283
3
4
8
14
17
11
5
1
5
7
326
10
20
459
460
13
21
40
417
422
428
270
280
1
5
11
14
14
8
2
2
4
323
7
23
456
457
10
18
466
43
416
421
427
269
279
4
10
13
15
9
3
1
3
322
6
24
455
9
17
465
44
412
417
423
265
275
6
9
19
13
7
3
437
429
419
406
1
318
2
28
451
5
13
376
373
461
48
647
406
411
417
259
269
3
25
19
13
9
7
312
4
34
445
446
1
7
455
54
641
403
408
414
256
266
28
22
16
12
10
309
7
37
442
443
4
4
452
57
638
431
436
442
284
294
6
12
16
48
49
67
83
78
269
76
68
18
337
21
9
470
471
24
32
480
29
425
430
436
278
288
6
10
42
43
61
89
84
275
82
62
12
331
15
15
464
465
18
26
35
419
424
430
272
282
298
303
4
36
37
55
95
90
281
88
56
6
325
9
21
458
459
12
20
468
41
654
415
420
426
268
278
32
33
51
99
94
285
92
52
2
321
5
8
16
45
650
413
418
424
266
276
101
96
287
94
292
297
677
319
3
27
452
453
6
14
47
250
30
31
144
49
50
94
99
105
53
43
346
133
366
316
313
305
410
415
421
263
273
104
99
290
97
98
233
104
694
695
696
697
698
334
30
3
11
50
27
28
46
47
407
412
418
260
270
107
102
293
100
161
48
45
43
33
446
447
8
53
41
22
24
25
43
44
399
404
410
252
262
41
438
448
61
634
460
465
471
313
323
20
499
500
509
7
8
12
109
9
1
10
116
117
118
108
119
120
503
2
1
10
1
2
8
9
11
12
16
3
2
1
51
49
493
495
498
500
502
504
11
9
6
4
2
1
2
497
500
502
504
385
738
37
1046
658
209
4
1047
112
107
298
105
67
39
42
292
321
309
301
296
279
19
20
38
3
1
656
746
748
751
753
754
755
756
757
379
382
256
324
251
257
31
400
9
7
152
148
4
2
1
1
2
724
1155
10
8
5
3
2
1
560
725
1156
6
4
3
591
324
3
767
283
701
635
703
828
786
659
480
847
363
328
468
588
321
770
280
704
638
706
831
662
483
850
556
360
325
471
31
218
890
248
17
283
68
1269
1037
215
1091
65
180
741
451
394
385
658
662
667
55
346
83
161
167
211
64
395
524
57
1525
1526
1205
100
107
113
119
397
8
1519
776
441
393
737
203
6
321
502
229
414
594
471
56
15
354
449
218
162
166
191
197
204
327
508
600
477
9
360
455
212
914
715
717
915
509
504
502
498
253
247
263
177
917
650
129
507
732
2
174
44
455
473
294
493
291
403
1033
908
856
287
402
784
896
1526
780
112
198
804
901
826
699
4
773
967
146
599
285
511
116
156
34
675
805
806
453
262
466
1021
75
1024
1025
1027
68
103
72
125
560
740
900
105
148
72
275
886
341
646
896
200
899
652
900
902
659
57
904
600
22
26
19
13
7
197
435
615
233
150
162
155
48
50
761
122
336
344
621
623
278
306
549
554
273
393
390
237
538
262
859
587
935
723
76
1183
701
848
850
105
358
173
29
506
209
107
16
730
732
736
741
1185
742
68
1188
863
589
121
2
614
1
769
919
24
963
1113
153
310
3
9
261
238
636
706
219
428
15
501
406
317
408
409
412
332
413
416
418
918
202
52
419
421
422
423
266
1031
809
695
22
237
527
805
826
136
93
466
808
658
1546
235
607
340
345
584
309
103
106
866
869
874
74
122
129
30
885
890
63
905
164
898
744
68
619
137
27
117
1266
1426
36
292
299
1538
1097
394
823
133
491
477
552
1033
981
1358
620
723
395
1071
1132
156
1529
1080
1074
115
344
1194
759
189
232
95
62
245
868
434
1383
1539
488
888
889
890
892
677
830
680
1146
896
1412
551
1540
1150
409
362
367
1061
1220
194
99
1223
457
458
674
459
955
76
130
132
165
172
949
4
645
1176
29
217
62
105
1013
346
703
553
753
987
349
1001
651
1183
626
3
8
792
534
532
32
317
836
19
24
803
141
198
1179
76
226
224
872
215
210
97
202
661
200
876
94
744
33
40
348
142
1007
391
307
844
294
599
218
482
486
491
576
139
143
915
169
209
171
381
170
360
109
125
122
1180
252
611
711
484
2
645
591
59
148
143
136
129
120
325
823
481
385
72
980
4
848
274
894
889
887
883
45
216
840
706
443
662
248
704
705
759
118
58
270
19
12
5
349
853
350
163
3
6
17
146
752
108
454
316
584
260
373
376
378
802
89
380
331
8
36
301
832
836
841
560
847
561
341
270
278
282
286
3
682
305
396
383
1
303
242
239
232
299
76
302
304
307
308
1074
5
7
11
317
315
362
408
691
692
693
26
170
178
181
1548
917
238
243
1465
988
1069
2
6
312
310
357
403
686
687
688
31
165
173
176
1543
912
233
238
1460
983
1067
4
217
310
308
355
401
684
685
686
33
163
171
174
1541
910
231
236
1458
981
1063
213
306
304
351
397
484
680
681
682
37
159
167
170
1537
906
227
232
1454
977
1025
41
735
744
737
230
717
412
413
211
210
209
208
207
206
205
204
203
202
201
579
639
350
735
454
522
462
459
126
496
491
484
477
468
991
576
50
44
159
220
293
116
25
20
13
5
2
11
744
308
81
494
758
762
767
569
441
173
485
446
206
249
252
365
368
370
372
262
138
155
642
312
330
1121
1124
542
543
544
545
546
547
548
549
824
828
833
323
552
839
553
333
338
341
845
342
794
702
925
63
68
74
58
931
140
250
282
163
155
145
132
102
99
776
942
945
949
953
954
312
502
960
962
964
198
124
968
969
147
151
975
977
437
438
265
268
703
981
707
214
108
109
224
1009
403
303
373
383
662
526
230
536
540
663
223
601
45
682
653
86
197
190
238
224
341
20
24
1074
236
674
237
606
155
855
860
33
89
57
84
64
69
839
844
44
5
822
86
16
11
811
827
416
21
16
816
116
806
811
11
445
15
1091
245
250
59
252
582
1188
1023
114
1288
681
687
688
694
702
704
708
712
1051
1372
213
376
377
493
494
717
721
725
677
395
396
287
248
547
145
577
144
40
141
571
143
142
7
12
140
581
136
351
578
579
975
417
191
797
1475
1476
1477
1542
1543
1544
589
590
805
5
406
435
617
838
808
812
357
363
369
718
510
148
207
719
720
688
153
61
492
722
723
724
725
726
727
728
729
473
730
731
576
733
498
504
715
1541
1542
1543
1544
427
66
571
572
540
5
344
134
574
1545
575
576
968
582
583
762
428
462
585
1340
535
339
156
161
167
151
569
54
566
567
958
150
565
576
963
1546
1547
577
31
578
423
290
766
763
5
795
365
26
30
771
800
29
32
127
479
148
697
702
320
18
119
279
352
473
664
243
940
668
14
272
676
721
634
206
210
167
243
436
429
74
342
261
421
418
441
278
285
728
246
731
733
735
154
737
369
738
16
733
4
734
249
266
219
688
197
201
623
81
436
1552
1544
1534
1521
316
315
1491
1488
803
808
86
8
18
31
602
428
61
64
186
858
1263
973
965
49
16
96
1553
111
1554
795
94
10
23
594
420
53
56
175
178
850
1255
965
957
59
57
24
40
88
103
1546
785
790
104
13
584
410
43
46
165
168
840
1245
955
947
69
67
34
50
78
93
1536
63
772
777
117
571
397
30
33
152
155
827
1232
942
934
82
80
47
65
80
1523
1
1037
232
1149
507
88
548
60
600
599
927
485
932
1038
231
1150
506
87
549
61
601
600
928
486
933
93
742
747
147
3
122
125
797
1202
912
541
904
112
110
77
35
50
1493
367
96
739
150
119
237
122
794
1199
909
538
901
115
113
80
32
47
1490
364
419
4
5
7
9
11
423
424
426
428
430
248
464
690
461
191
372
606
443
29
379
50
305
75
719
768
6
3
2
1
709
3
772
846
432
183
185
493
488
481
473
470
206
39
330
313
220
230
235
246
254
1187
1188
1190
1191
297
298
299
300
301
302
303
304
305
306
307
401
277
520
422
8
216
159
442
1475
150
134
1151
976
163
111
249
250
741
1089
749
24
27
29
977
3
5
817
1001
2
820
1004
822
1006
532
887
807
891
183
1092
236
93
144
186
842
5
469
14
713
744
326
890
1024
40
44
1251
297
557
51
194
63
56
36
220
1323
437
1315
127
14
15
805
16
254
1
267
132
88
271
99
279
103
25
299
324
329
336
339
204
458
674
100
25
199
45
97
90
50
669
344
87
24
203
355
362
135
181
174
6
166
163
186
23
1101
103
1273
8
33
46
39
129
31
28
51
112
29
1236
32
1408
1205
418
143
955
1025
737
15
417
63
292
371
1027
1029
1034
1039
895
430
1215
949
409
420
366
280
501
185
178
10
167
27
263
436
735
52
672
246
108
18
1348
1176
1441
648
453
315
4
74
44
60
609
825
610
1106
164
451
269
1539
105
257
264
133
137
639
223
680
685
5
829
193
186
18
178
175
198
35
135
92
20
150
115
109
102
47
253
690
11
271
33
76
323
148
324
91
714
720
286
723
554
649
475
183
657
242
722
587
588
589
590
591
592
593
594
595
596
597
285
221
940
402
78
379
120
125
134
142
537
423
101
253
260
635
394
405
65
119
132
139
145
152
159
175
179
187
450
89
117
145
135
95
624
357
244
629
74
91
1
53
331
52
332
474
9
273
277
282
177
421
414
211
223
137
1069
1180
352
48
1181
1182
323
146
142
190
208
213
220
227
236
95
101
89
19
103
256
35
262
274
286
329
60
67
235
75
78
55
218
336
347
327
151
243
349
361
365
370
592
25
1540
7
108
27
161
481
256
900
1204
1268
1272
820
1380
1381
1382
1533
1383
101
20
154
148
191
474
249
893
81
1513
9
85
454
873
48
52
17
1522
707
710
711
714
716
721
724
727
729
736
741
743
745
747
751
754
756
763
1035
644
525
229
735
888
436
784
786
789
191
88
512
517
1099
312
1079
948
243
169
280
176
180
33
1417
392
411
704
844
261
659
732
557
560
83
850
415
337
476
866
1249
1242
1074
1234
1231
1254
1091
392
858
860
862
864
145
871
581
479
878
881
23
29
35
132
186
60
237
1528
88
203
812
80
731
35
274
7
5
13
440
46
323
8
445
41
328
413
309
575
383
603
606
453
33
336
787
883
884
238
195
435
429
170
428
366
140
142
145
290
391
884
432
138
194
81
78
76
365
267
272
74
123
155
156
372
157
653
490
172
184
165
161
888
890
891
780
175
220
391
669
215
892
893
395
98
264
751
14
29
42
69
670
842
196
101
138
844
701
647
617
441
621
256
647
652
28
657
22
43
226
219
51
211
208
231
68
102
125
117
290
115
291
124
681
687
253
690
521
616
442
216
624
299
226
604
609
71
753
614
65
269
262
94
254
251
274
111
59
168
74
247
72
248
167
638
644
210
647
478
573
399
259
581
17
15
11
9
8
7
635
424
425
618
620
624
626
627
628
7
11
189
666
90
632
614
186
198
637
93
639
78
391
86
746
153
672
737
378
362
458
460
462
700
466
467
510
506
237
234
288
676
2
4
157
736
674
2
672
724
222
294
899
861
215
51
48
814
815
843
87
89
504
93
97
663
6
546
538
535
589
33
44
238
45
192
196
41
352
236
227
219
62
262
701
94
39
258
31
1102
212
224
107
501
774
778
783
273
502
789
503
283
298
1100
1086
1078
1076
4
878
497
779
804
14
19
590
722
728
734
742
748
753
306
311
765
316
429
432
434
780
322
436
227
33
65
122
34
135
145
155
160
115
8
174
32
89
1
102
112
122
127
82
25
141
803
132
138
144
152
158
163
268
805
806
807
671
6
12
20
26
31
400
673
674
675
665
6
14
20
25
406
667
668
669
659
8
14
19
412
661
662
663
651
6
11
420
653
654
655
645
5
426
647
648
649
640
431
642
643
644
5
16
79
53
1034
1036
1038
1040
267
260
362
11
84
92
58
1029
1031
1033
1035
349
443
452
84
453
573
568
561
554
545
113
116
118
464
6
120
532
808
1001
609
23
585
3
5
351
107
7
419
695
888
496
90
472
2
348
110
4
416
692
885
493
93
469
346
112
2
414
690
883
491
95
467
391
387
297
302
458
344
306
307
494
114
95
624
412
688
881
489
97
465
279
183
176
278
281
8
147
26
1113
1115
1117
1119
33
737
251
337
282
275
79
583
80
232
496
500
505
107
267
264
287
124
482
46
314
532
181
61
306
38
31
19
23
562
566
571
290
577
291
71
650
1184
163
158
151
143
140
253
431
80
170
576
584
57
26
357
185
182
54
17
565
571
10
5
2
9
18
97
4
93
753
52
538
101
89
749
48
542
544
547
290
294
348
353
357
7
370
397
399
400
403
323
404
407
270
229
419
6
354
356
360
365
275
319
6
222
103
105
499
296
168
170
171
174
94
175
178
190
223
819
574
567
548
235
87
123
1252
1253
1254
39
178
795
218
59
5
89
7
117
13
141
804
284
283
67
282
214
576
569
2
550
45
175
168
270
160
157
180
153
1274
559
567
74
9
340
168
199
548
1
633
149
12
11
739
138
313
312
96
311
185
717
712
134
706
722
590
587
580
418
146
73
486
37
586
29
120
1151
46
269
728
221
194
225
189
184
177
169
166
144
83
882
884
331
510
343
208
110
157
215
169
741
741
227
258
588
570
562
299
298
82
297
199
1128
1129
647
796
66
61
55
71
1130
358
807
6
721
556
125
70
272
801
54
751
813
821
187
191
396
167
255
3
512
52
253
1
2
20
416
418
420
422
253
254
316
411
305
53
54
32
305
306
8
9
754
808
1102
753
751
247
750
298
3
818
821
823
825
827
829
830
832
14
16
18
20
24
27
29
36
19
7
8
5
23
28
31
15
12
515
690
3
203
206
914
915
718
819
371
893
59
54
48
64
1
1182
1183
236
899
412
970
1254
212
273
12
1534
208
282
1535
208
1037
200
125
274
432
1056
1059
271
567
1084
438
1178
1173
1176
1028
1029
1030
1031
1032
198
474
478
479
272
47
45
5
16
24
52
50
723
716
708
705
728
11
19
196
63
61
739
734
727
719
716
8
40
207
71
69
747
742
735
727
724
48
215
3
254
627
12
20
25
34
42
635
453
601
242
615
8
13
22
30
623
441
593
602
234
607
5
14
22
615
433
254
588
597
229
602
9
17
610
428
579
588
220
593
8
601
419
571
580
212
585
593
411
2
188
184
179
176
874
494
800
2
6
385
4
389
8
7
6
4
516
345
2
639
1479
524
523
522
520
514
330
331
333
684
336
337
338
339
341
347
348
350
353
10
9
8
6
641
1181
78
3
389
601
220
484
488
493
578
221
167
111
1182
1183
631
632
633
635
250
613
713
486
99
92
35
42
325
117
277
647
593
61
327
825
168
210
483
387
74
2
645
2
4
647
312
313
507
314
1025
1017
171
44
179
37
285
248
227
982
1266
224
3
1
3
8
599
598
122
1
19
131
126
317
124
83
86
20
2
61
57
602
123
18
132
127
318
125
84
87
19
1
62
58
601
5
487
1
2
3
4
5
6
7
423
1
2
3
4
5
6
424
1
2
3
4
5
425
6
1
2
3
4
426
5
596
1
2
3
427
4
1
2
428
3
598
1
429
2
599
10
430
1
209
307
480
431
435
170
763
436
186
594
599
587
437
596
606
590
304
7
11
556
551
544
21
716
20
19
16
183
42
36
3
186
7
72
58
63
31
874
1012
1016
1426
1546
1547
574
575
1548
1549
592
798
1519
208
181
683
602
477
399
67
54
66
65
185
565
408
506
487
419
4
9
828
532
43
8
514
510
335
23
698
5
105
290
169
13
519
515
330
28
693
100
295
164
317
315
199
297
293
459
266
810
735
4
506
425
756
193
31
915
429
1043
806
731
198
502
421
752
197
27
911
774
658
76
183
186
418
197
240
1096
1232
270
272
1231
275
394
396
397
102
304
9
709
621
211
208
154
702
838
124
122
197
470
2
54
175
179
96
90
85
787
2
5
474
251
496
497
498
499
785
3
472
317
316
100
315
181
249
494
495
496
497
782
469
320
319
103
318
178
246
491
492
493
494
270
965
790
297
581
245
265
49
264
232
668
253
348
343
336
328
325
312
421
15
242
44
501
505
510
52
367
30
229
516
230
10
103
18
522
19
471
1
2
3
269
22
1
2
270
23
1
271
24
272
25
247
650
653
206
208
209
210
212
1541
1542
3
704
707
3
37
169
451
560
714
91
149
225
42
43
21
200
219
442
458
1
40
97
473
700
47
44
88
41
92
100
607
611
41
35
27
710
711
712
20
19
15
10
6
150
6
9
14
19
22
194
109
115
123
130
131
135
140
144
156
159
164
169
172
44
598
601
602
50
44
36
3
701
702
703
29
28
24
19
15
5
10
13
203
588
591
592
60
54
46
13
5
691
692
693
39
38
34
29
25
3
213
707
709
712
67
62
253
60
37
33
30
893
157
84
25
6
716
36
30
29
23
15
13
9
5
839
825
826
827
828
829
4
339
8
40
10
4
3
2
1
676
40
34
33
27
19
17
13
9
46
4
44
133
128
319
126
310
316
324
330
334
347
492
17
18
44
38
37
31
23
21
17
13
48
4
10
11
17
25
27
31
35
608
609
45
42
686
672
673
674
675
540
532
118
486
490
495
498
500
504
533
536
143
29
295
11
328
8
549
554
556
320
46
608
46
50
610
612
617
622
478
482
487
490
492
496
525
528
135
21
625
627
34
631
635
303
53
37
541
546
548
3
134
126
59
54
51
49
45
16
13
406
520
84
86
507
90
94
207
5
7
204
538
414
64
54
50
21
18
411
525
212
2
209
543
409
66
61
58
56
52
23
20
413
527
77
79
514
83
87
214
211
545
407
3
618
470
1075
179
607
619
475
479
484
487
489
493
522
525
132
18
306
49
317
40
9
8
7
165
427
5
3
621
148
358
1
721
720
719
25
27
32
1078
563
558
551
176
139
140
141
17
182
180
773
176
172
145
473
506
149
573
572
571
9
7
5
3
2
3
7
10
13
15
16
844
842
841
837
836
834
831
830
11
9
7
5
1
5
8
11
13
14
846
844
843
839
838
836
833
832
12
10
8
6
4
7
10
12
13
847
845
844
840
839
837
834
833
16
14
12
10
3
6
8
9
851
849
848
844
843
841
838
837
19
17
15
13
3
5
6
854
852
851
847
846
844
841
840
22
20
18
16
2
3
857
855
854
850
849
847
844
843
24
22
20
18
1
859
857
856
852
851
849
846
845
25
23
21
19
860
858
857
853
852
850
847
846
828
831
833
834
835
837
839
841
2
3
7
8
10
13
14
134
129
320
127
17
826
829
831
832
833
835
837
839
1
5
6
8
11
12
136
131
322
129
15
825
828
830
831
832
834
836
838
4
5
7
10
11
137
132
323
130
14
821
824
826
827
828
830
832
834
1
3
6
7
141
136
327
134
10
820
823
825
826
827
829
831
833
2
5
6
142
137
328
135
9
818
821
823
824
825
827
829
831
3
4
131
144
139
330
137
7
815
818
820
821
822
824
826
828
1
147
142
333
140
4
814
817
819
820
821
823
825
827
148
143
334
141
3
162
242
44
269
5
244
95
281
275
167
58
67
283
237
400
716
627
718
719
722
642
723
726
728
729
731
732
733
313
49
537
326
451
529
738
325
743
403
314
405
406
409
329
410
413
42
1009
264
425
12
239
100
276
221
225
111
55
57
561
58
510
811
816
817
391
393
394
397
317
398
401
651
413
386
14
153
418
5
6
1050
757
1105
756
754
250
753
301
133
1
762
1110
761
759
255
758
306
763
1111
762
760
256
759
307
699
1544
171
184
1545
224
516
304
31
26
21
8
1
3
507
4
456
382
179
7
49
45
38
31
24
17
14
7
61
30
34
40
349
351
855
352
804
2
506
3
455
504
1
33
453
260
385
503
537
51
764
43
889
779
782
34
452
261
386
486
578
713
556
838
525
277
54
119
854
287
1183
223
173
800
168
241
244
250
262
271
276
280
52
62
873
785
385
167
935
760
53
858
33
34
1182
714
653
655
921
916
909
902
893
5
12
19
28
922
7
14
23
917
7
16
910
9
903
894
176
169
161
158
181
271
1
715
714
274
499
568
192
370
526
17
103
1
217
2
498
442
173
240
270
2
716
715
273
500
567
193
369
525
16
582
104
216
1
497
443
174
239
54
57
716
351
409
153
309
200
366
320
215
281
659
390
23
269
3
717
716
272
501
566
194
368
524
15
581
105
496
444
38
175
238
227
224
997
70
690
128
28
481
85
601
940
671
258
1387
98
92
1217
1205
1390
1384
1395
1396
1397
1398
543
75
957
472
431
124
120
757
758
635
474
475
763
624
620
68
632
764
559
766
218
7
331
253
231
226
220
236
104
101
94
75
343
683
705
1
8
9
712
713
714
716
718
428
547
1
2
257
722
615
711
712
713
715
717
722
723
97
724
429
548
1
258
721
607
581
616
710
711
712
714
716
721
722
98
723
430
549
259
720
608
580
2
1
780
774
583
582
192
8
330
141
150
145
336
143
102
105
1
80
76
151
146
337
144
142
138
132
128
125
121
117
114
106
103
184
81
77
338
324
329
122
3
122
119
125
48
309
494
738
643
696
239
42
509
297
38
33
28
15
281
186
53
244
1535
95
34
32
29
312
26
437
283
286
316
125
546
3
196
409
205
1044
624
398
479
398
164
234
462
24
345
175
171
5
672
278
661
176
501
502
4
732
733
308
252
924
274
291
795
457
29
340
180
429
117
341
252
118
490
497
249
498
432
1
199
200
401
293
118
114
526
258
261
39
295
289
352
987
3
591
245
914
284
2
69
291
128
1078
110
114
30
6
8
12
2
6
4
101
390
730
290
1122
4
341
336
71
225
808
801
793
790
813
1035
203
337
620
19
24
31
39
42
55
788
352
125
853
856
636
637
638
539
453
686
356
374
868
872
877
596
883
597
377
340
91
340
342
447
346
642
420
1
421
762
765
766
767
59
771
558
725
186
28
31
342
614
5
1077
1283
506
1541
1496
1542
1543
1072
1278
501
1536
1491
1538
395
392
814
8
1196
1347
1349
1337
1338
518
1339
1188
83
80
1339
1341
1329
1330
510
1331
151
153
141
142
678
143
2
10
9
829
8
12
11
831
10
561
268
666
379
422
495
430
691
268
164
282
63
225
219
300
684
197
243
237
402
855
6
14
17
25
19
3
11
8
353
435
432
425
38
290
141
11
18
1
1
2
3
4
5
2
1
2
3
4
3
4
124
202
681
751
71
199
533
534
626
627
200
202
203
204
547
70
14
8
22
20
19
16
96
15
12
399
566
27
71
74
78
102
128
791
563
556
6
130
15
66
683
424
416
685
686
687
688
5
799
692
659
804
697
654
333
106
520
5
12
20
23
1551
90
7
15
18
328
101
515
95
620
94
93
115
8
11
321
94
508
1451
1452
1453
1454
102
108
582
3
313
86
500
110
100
491
310
763
83
497
113
12
721
167
539
730
125
128
1202
172
1093
6
130
136
138
688
690
692
210
698
699
700
701
702
703
704
705
706
707
708
709
710
711
712
4
21
669
524
521
17
514
673
714
713
292
191
1
422
523
421
522
798
801
483
747
751
756
297
70
813
817
822
541
828
542
322
436
663
435
134
656
227
187
15
186
450
454
459
261
501
504
394
133
507
516
520
525
244
531
245
25
1269
414
111
212
1245
1249
797
743
747
752
471
758
472
252
357
359
363
293
303
74
69
260
67
319
324
743
971
121
9
631
649
633
641
258
59
998
272
1282
265
1290
1291
1292
2
450
7
6
1287
715
1528
1529
934
1002
996
105
1
1
253
254
78
80
82
45
558
559
560
561
4
9
12
1
2
3
554
549
546
1
2
555
550
547
1
556
551
548
557
552
549
5
186
7
48
45
70
9
13
19
23
26
30
34
37
191
2
43
40
65
4
8
14
18
21
25
29
32
193
234
231
256
195
199
205
209
212
216
220
223
792
407
595
598
12
41
38
63
2
6
12
16
19
23
27
30
34
46
107
120
123
217
623
189
57
4
688
693
697
698
708
709
684
689
693
694
6
135
741
744
746
661
662
749
334
356
343
25
348
909
878
201
913
916
920
922
744
746
749
4
7
740
742
745
3
737
739
742
264
268
273
4
9
5
119
1
2
367
1
9
3
5
8
2
4
357
40
361
290
290
371
248
580
137
20
7
19
18
138
137
149
148
124
13
1
2
118
117
117
118
12
11
511
131
1
499
119
118
116
117
500
120
119
115
116
1
1289
452
1440
1434
1290
453
1441
1435
117
22
359
14
185
299
654
656
658
663
668
257
2
4
9
14
831
832
2
4
50
54
874
870
867
2
52
56
876
872
869
54
58
878
874
871
820
816
813
755
754
67
66
48
51
52
59
60
61
4
7
4
7
65
66
753
754
868
871
872
879
880
881
824
533
827
3
61
62
749
750
864
867
868
875
876
877
820
537
823
58
59
746
747
861
864
865
872
873
874
817
540
820
1
759
762
758
761
1
71
3
2
1
839
2
3
74
70
4
3
2
840
1
2
73
3
4
44
642
634
601
593
103
104
105
1
47
645
637
604
596
100
101
102
48
646
638
605
597
99
100
101
1
55
56
57
4
448
3
1279
1280
1281
1282
695
483
148
153
158
171
566
7
569
581
559
562
574
264
3
24
476
21
479
2
4
6
715
1298
166
1280
307
303
650
653
3
10
541
657
314
660
295
145
647
650
7
538
654
311
657
292
142
640
643
531
647
304
650
285
135
6
14
47
55
63
153
21
22
26
31
35
461
464
324
8
41
49
57
159
745
746
747
15
16
20
25
29
33
41
49
167
737
738
739
7
8
12
17
21
8
16
200
704
705
706
26
25
21
16
12
8
776
773
208
696
697
698
34
33
29
24
20
216
936
297
42
41
37
32
28
568
565
174
175
179
184
188
103
265
104
984
687
975
979
969
972
396
297
5
249
196
588
798
1030
5
302
404
796
291
4
579
583
452
93
250
252
52
12
65
2
3
4
8
461
462
463
464
465
606
609
611
517
129
436
438
508
1
2
3
4
5
6
7
8
9
10
1
2
3
4
5
6
7
8
9
1
2
3
4
5
6
7
8
1
2
3
4
5
6
7
1
2
3
4
5
6
1
2
3
4
5
1
2
3
4
1
2
3
1
2
1
179
551
553
174
162
1
21
400
22
399
221
421
402
435
40
29
30
31
1
647
161
1
705
700
694
710
150
146
406
158
706
701
695
711
149
145
407
157
36
690
2
633
627
829
417
419
420
421
422
495
438
432
430
44
47
383
3
1
2
3
306
307
308
577
1
2
305
306
307
578
1
304
305
306
579
303
304
305
1055
7
200
5
10
16
718
162
170
173
177
180
185
188
470
652
289
182
1110
169
107
1292
13
296
1439
86
590
591
592
593
594
735
738
740
438
1
2
3
4
1
2
3
1
2
1
345
57
63
56
11
3
5
6
7
9
13
9
554
182
311
669
1
166
1
1
563
372
5
11
713
167
6
708
172
702
481
482
149
483
332
333
713
265
722
721
572
187
1293
456
448
457
837
1294
1285
2
3
4
6
8
10
1
2
4
6
8
1
3
5
7
2
4
6
2
4
165
93
658
525
2
438
441
4
207
1
1
794
1
1
1
1
2
1
1
2
1
1
1
1
1
2
1
1
679
1120
572
1
1
1
1
2
1072
128
1536
1
618
1
1
1
1
1
1
2
1
3
1
1
829
826
822
830
827
823
3
7
622
836
672
34
445
4
625
839
669
37
448
629
843
665
41
452
1
2
1
499
2
48
50
305
1
1
2
3
1
2
1
1
1
2
3
1
2
1
1
1
1
1
2
2
1
3
1
1
984
252
658
297
1
502
1
831
832
152
154
1
1
2
1
1541
1536
1529
5
12
7
1
1
491
487
4
18
961
1
3
1
509
258
977
1
298
1
1
1
2
1001
1
1002
1003
1
1
2
1
1
251
761
242
393
510
9
142
519
368
151
808
1
780
777
457
511
246
265
1265
1
2
1
1
2
3
1
2
1
1
1
2
1
153
652
651
100
1
2
3
1
2
1
1
1
1
1
2
1
3
7
10
15
18
4
7
12
15
3
8
11
5
8
3
439
1
15
127
127
2
304
1
1
1
1
2
1
1
1
1
304
1
3
6
9
629
628
627
3
6
632
631
630
3
635
634
633
638
637
636
1
2
1
91
306
1
737
736
735
738
737
736
1
2
1
2
833
1
2
1
5
1
2
3
1
2
1
3
794
221
7
797
224
4
573
801
228
1
2
3
4
1
2
3
1
2
1
1
1
2
3
4
834
1
2
5
6
836
1
4
5
837
3
4
838
841
842
12
1
2
3
4
1
2
3
1
2
1
32
136
88
181
104
56
149
206
207
48
51
45
2
93
1
23
1
2
1
300
1549
1546
1
2
1
1
2
3
4
1
2
3
1
2
1
4
286
353
67
127
1
123
735
122
612
1
613
1547
285
1262
521
811
1
380
381
382
123
1
1
1
1
2
1
191
1
1
2
3
1
2
1
1
4
293
395
297
399
102
413
416
422
1
1
2
244
243
118
1
245
244
119
246
245
120
1
126
125
305
1
1
1
1
1
1
2
1
1
1
1
1
2
1
1
639
1
1127
1128
1129
1
2
1
1
1
2
1
1
10
14
43
46
347
461
4
33
36
357
471
29
32
361
475
3
390
504
97
99
393
494
103
507
41
38
107
101
496
114
352
355
500
490
492
466
469
1
1
2
2
1
3
5
7
2
4
6
2
4
2
1
4
11
18
25
32
35
42
12
79
83
89
7
14
21
28
31
38
16
75
79
85
7
14
21
24
31
23
68
72
78
7
14
17
24
30
61
65
71
7
10
17
37
54
58
64
3
10
44
47
51
57
7
47
44
48
54
630
54
37
41
47
623
52
91
95
101
4
10
586
1113
1432
882
1514
6
1512
1513
1140
1417
1506
1507
576
1508
304
1
1
2
434
1
2
3
1
1
2
2
1
3
4
1
1
1548
28
3
593
1545
31
590
206
213
219
1
1520
1521
1
357
968
975
4
971
1522
1
2
1
1
2
1
1
1
1
2
3
1
2
1
1
1
2
3
2
3
4
1
2
1
1
1
386
384
382
380
387
385
383
381
2
4
6
2
4
2
1
2
3
4
5
1
2
3
4
1
2
3
1
2
1
1
1
1
2
3
4
5
6
7
258
257
9
10
11
1
2
3
4
5
6
259
258
8
9
10
1
2
3
4
5
260
259
7
8
9
1
2
3
4
261
260
6
7
8
1
2
3
262
261
5
6
7
245
1
2
263
262
4
608
5
6
246
1
264
263
3
609
4
5
247
265
264
2
610
3
4
18
1
267
345
268
269
17
266
346
267
268
249
612
1
2
1
1
1
272
1
1
301
139
1
1
1
2
3
4
1
1
2
3
2
1
2
3
1
4
5
2
1
2
3
4
1
2
3
1
2
1
1
8
1
2
3
4
1
2
3
1
2
1
1
1
1
1
1
2
3
1
2
1
1
2
1
1
2
3
1
2
1
252
251
273
1
21
22
348
1
3
5
7
9
11
12
14
804
802
800
798
794
791
789
782
2
4
6
8
9
11
807
805
803
801
797
794
792
785
2
4
6
7
9
809
807
805
803
799
796
794
787
2
4
5
7
811
809
807
805
801
798
796
789
2
3
5
813
811
809
807
803
800
798
791
1
3
815
813
811
809
805
802
800
793
2
816
814
812
810
806
803
801
794
818
816
814
812
808
805
803
796
2
4
6
10
13
15
22
2
4
8
11
13
20
2
6
9
11
18
4
7
9
16
3
5
12
2
9
7
1
2
436
1
437
438
74
435
810
1
2
3
4
1
2
3
1
2
1
1
2
1
3
5
6
7
9
11
13
2
3
4
6
8
10
1
2
4
6
8
1
3
5
7
2
4
6
2
4
2
10
1
427
30
1
1
2
130
1
2
4
123
2
125
127
1
2
3
4
5
6
1
1
2
3
4
5
2
1
2
3
4
3
1
2
3
4
1
2
5
1
6
7
8
1
291
3
573
576
1
2
1
1
2
1
1
2
28
1
29
30
503
4
9
272
15
271
491
5
276
11
275
495
281
6
280
500
287
1
219
286
506
220
418
655
4
3
651
653
1
2
3
807
1
2
808
1
809
810
651
650
1
1
2
5
3
2
3
4
5
1
2
3
1
2
1
3
1
2
5
6
296
7
295
9
3
4
298
5
297
7
1
301
2
300
4
302
1
301
3
303
1
305
302
2
566
304
386
1
2
1
1
2
1
1
6
9
14
19
372
3
8
13
378
5
10
381
5
386
391
1
790
791
1
1
1
2
1
2
3
4
1
2
3
1
2
1
5
11
147
137
6
152
142
158
148
10
382
372
1
2
3
4
5
6
7
8
1
9
10
11
1
2
3
4
5
6
7
2
8
9
10
1
2
3
4
5
6
3
7
8
9
1
2
3
4
5
4
6
7
8
1
2
3
4
5
5
6
7
1
2
3
6
4
5
6
1
2
7
3
4
5
1
8
2
3
4
9
1
2
3
10
11
12
1
2
1
1
2
3
1
2
1
2
1
312
90
88
186
224
1
2
36
509
38
511
1
1
710
2
1021
2
6
8
9
10
4
6
7
8
2
3
4
1
2
1
1
1
317
621
1
23
24
1
3
4
2
3
1
3
4
5
703
9
1
2
706
6
1
707
5
708
4
363
712
277
435
1
3
2
3
4
7
9
1
4
6
3
5
2
2
1
2
1
1
2
1
1
1
2
3
2
3
4
1
2
1
765
3
1
5
9
15
312
4
10
317
6
321
327
330
617
2
611
614
6
11
5
162
420
447
597
2
3
7
8
51
1
5
6
53
4
5
54
1
58
59
306
2
787
6
789
4
793
832
7
3
276
11
273
8
4
482
4
9
5
271
1
473
37
1
2
1
269
4
265
107
4
502
520
1
1191
1
825
1
2
3
4
1
2
3
1
2
1
1
1
496
494
7
10
3
4
242
246
245
333
331
330
329
1
334
1
4
556
8
552
12
564
398
371
335
367
334
332
331
330
5
2
5
7
9
3
5
7
2
4
2
1
653
650
654
651
3
865
866
145
862
863
615
616
617
135
137
456
141
304
2
3
1
385
763
1
595
1
737
1
736
65
273
1
2
6
11
4
9
5
1
10
20
10
1
2
1
1
3
370
642
373
645
272
1
417
135
418
2
4
2
1
983
1450
408
141
1439
363
3
2
4
5
1
1
2
1
3
1
2
2
3
1
4
643
1
368
1
222
369
6
193
121
1
2
4
1
3
2
676
437
3
440
1
2
1
212
547
542
537
524
335
330
325
312
5
10
23
5
18
612
13
615
715
1
1
7
13
15
19
22
6
8
12
15
2
6
9
275
4
3
13
828
264
572
481
40
150
649
650
297
519
493
7
376
2
7
5
1
6
7
13
21
23
27
31
1
7
15
17
21
25
6
14
16
20
24
8
10
14
18
2
6
10
4
8
4
4
1
2
4
401
1
3
402
2
403
405
208
15
647
2
591
6
10
593
4
8
597
601
4
3
5
8
3
405
1
2
3
6
74
7
10
1
4
76
5
604
8
3
77
4
7
80
1
4
81
84
3
1555
268
1
1
3
785
788
750
292
362
507
289
1
2
1
39
261
263
2
1
36
4
182
32
427
428
1
3
4
5
348
129
178
9
590
375
482
2
7
12
5
10
5
779
60
3
2
1
4
1
2
1
1084
88
1
517
449
455
68
813
62
6
656
86
87
1
2
301
1
302
303
8
679
363
2
3
1
538
215
599
384
107
491
273
2
27
5
1
227
2
1
486
490
117
369
891
1528
122
87
318
107
451
1
2
1
493
130
131
222
1
352
2
353
833
1
2
3
1
2
1
25
1
1
5
10
14
4
9
13
5
9
4
274
3
271
546
1
426
424
423
422
427
425
424
423
2
3
4
130
347
1
2
132
345
1
133
344
134
343
1
119
24
25
26
1
2
1
815
465
51
137
1
819
2
820
1
821
182
477
363
362
814
1
1
335
152
159
7
4
1
2
5
6
3
4
1
2
307
1
3
288
282
6
14
13
12
11
1
2
3
1
2
1
1
258
510
