80
135
147
928
428
1282
225
13
140
1390
233
152
375
925
288
256
463
171
1495
137
579
409
1920
259
1921
136
23
114
135
143
144
134
139
140
142
87
145
125
147
94
1285
537
1
48
49
63
255
64
490
305
17
45
30
348
166
82
929
163
314
462
297
399
239
157
338
1159
46
552
403
311
1252
1449
972
398
1505
1513
1529
1534
214
230
1570
356
508
516
1594
223
1654
1664
1673
602
1955
1956
1957
1958
170
208
207
176
389
164
197
201
203
159
210
200
190
191
168
156
194
195
32
90
202
21
10
5
8
75
735
170
686
331
107
1307
328
167
1468
10
267
197
147
111
252
292
182
57
242
747
113
1728
103
605
128
239
619
561
190
82
237
88
78
476
247
64
912
270
204
667
1183
866
96
207
684
85
455
360
91
208
724
259
588
723
368
1028
118
440
1049
572
1902
250
106
174
77
636
582
109
569
325
446
272
557
871
365
281
351
1973
264
216
545
1040
153
463
583
262
790
327
104
450
212
563
1974
1975
533
249
527
547
131
664
120
560
152
458
318
499
81
41
32
67
69
82
50
83
38
71
43
61
59
76
74
84
27
49
201
560
569
717
822
767
718
874
1414
909
956
878
709
520
615
1076
1395
756
643
516
676
1214
1031
947
907
813
543
814
707
1348
754
1321
735
127
882
325
1021
1178
1458
1515
600
1220
1543
965
901
458
927
653
1035
912
978
885
548
1077
644
741
1109
1651
1656
817
921
1670
1129
1680
692
915
512
616
1042
1191
701
1738
785
104
1748
1754
1755
818
1767
1776
7
1790
1796
725
677
847
1813
1826
1828
1829
1128
1842
848
8
96
1172
1862
1868
720
1065
1120
1875
1232
908
1082
1881
412
911
1889
1159
860
952
196
1895
869
370
1247
1209
1908
871
1910
944
1916
670
344
1922
1924
1925
1034
1072
1152
1928
1929
995
105
1229
2220
2221
2222
219
2223
268
1217
1059
2224
1200
2225
1070
2226
2227
844
2228
2229
338
2230
1194
1131
1150
161
60
135
49
2231
976
2232
890
424
209
1427
801
1426
199
137
164
202
175
177
150
184
206
171
738
1165
94
881
78
15
1446
1496
1521
41
14
141
162
65
1039
70
122
51
41
71
93
326
45
31
950
295
1357
891
959
1207
1
680
87
36
1
72
108
1620
206
1354
1353
1351
1344
1293
33
230
1207
932
414
1427
270
1465
1469
594
75
37
111
1520
994
688
247
263
265
256
239
257
272
270
243
310
797
1034
151
310
1143
12
1169
684
78
203
22
246
71
152
207
105
202
197
199
206
204
20
192
553
244
517
543
353
76
715
37
458
133
140
15
322
375
777
915
223
129
1532
9
1548
724
560
1586
217
1600
396
873
1160
2085
2086
2087
935
743
253
293
405
382
236
568
545
518
552
754
47
2
134
86
375
159
1343
67
1339
6
307
311
282
2
232
371
495
47
271
356
169
181
136
208
209
210
170
140
186
156
211
805
890
690
659
692
750
701
599
503
796
857
892
1203
884
598
499
1025
895
700
1276
865
827
640
800
446
1059
868
1018
1014
1048
1053
724
739
1002
1092
87
948
526
1103
830
636
768
784
10
831
198
1133
627
820
910
737
1155
1726
1727
861
1736
1177
43
1192
1200
1785
1208
1212
1215
1804
1808
202
1230
1232
660
626
379
53
25
49
34
15
52
54
16
51
254
89
393
329
108
181
16
293
397
333
304
517
646
184
761
378
25
75
1508
37
534
134
421
1554
37
153
897
656
2067
1034
243
315
104
185
263
125
449
159
170
370
371
260
413
786
536
1121
972
1173
2068
246
140
391
750
364
112
2069
751
966
673
401
281
314
510
129
2070
161
512
155
426
467
301
250
683
978
325
798
980
2071
157
812
2072
2073
2074
480
1053
312
2075
432
479
254
106
588
640
264
509
69
492
205
882
340
738
576
135
703
105
446
201
261
121
232
478
169
962
189
535
474
256
628
199
200
90
404
591
586
253
316
172
144
151
333
117
687
91
533
293
120
138
49
143
674
337
230
142
93
284
539
107
123
516
224
139
407
148
268
73
410
126
554
421
680
152
274
265
162
1918
1178
1102
1931
431
101
347
267
456
228
374
468
1240
427
290
1206
2038
392
2039
1151
215
118
379
454
934
2040
2041
311
811
2042
334
844
2043
938
1189
581
2044
196
231
2045
192
218
710
689
886
704
945
910
177
804
103
545
197
273
2046
2047
505
778
2048
188
571
506
2049
948
335
2050
2051
848
582
100
2052
767
625
283
619
108
953
955
956
770
217
1187
577
167
1243
435
184
2053
279
187
186
1180
2054
768
1213
2055
252
690
2056
1253
555
380
464
1235
89
416
2057
638
776
291
441
438
2058
2059
271
2060
2061
856
600
328
338
331
287
30
1238
1239
255
471
269
469
968
182
839
221
826
578
98
2062
1035
866
518
83
1223
612
136
517
130
92
134
178
534
1126
348
71
433
309
388
163
359
2063
241
2064
2065
653
1146
437
742
2066
583
330
223
312
327
198
549
1657
693
163
401
1411
134
1072
937
728
940
650
1052
1384
235
1378
128
1357
1244
637
532
685
687
853
1184
1324
1315
983
483
1297
692
989
1260
417
1422
1121
1439
160
1043
1464
207
1468
42
811
311
1108
1518
1523
1554
1556
740
885
1569
229
1039
979
1598
1618
762
1629
263
1656
1122
1666
767
1124
363
1044
1684
161
1145
864
982
1709
302
1714
1172
87
1754
1759
1193
447
980
1777
1004
1802
1803
1820
406
1825
1826
1837
1838
1843
1844
827
752
2130
2131
44
307
279
234
295
278
291
109
343
525
708
281
709
798
63
101
137
102
114
69
123
143
110
73
109
253
6
1154
874
1036
697
225
248
235
500
505
473
506
449
477
238
102
583
1239
808
1373
85
1391
55
187
87
630
606
23
17
27
418
133
206
318
354
422
542
358
329
403
41
121
980
336
671
576
578
62
214
23
148
45
519
316
1622
100
209
127
232
108
485
1679
77
24
45
9
28
29
27
32
7
16
341
102
116
79
84
86
41
77
182
252
99
145
441
242
160
259
1301
74
650
432
990
139
850
86
563
83
79
622
151
352
545
73
80
549
339
858
526
256
628
564
453
433
785
579
872
52
345
503
510
659
923
690
817
382
597
380
281
374
475
1825
405
839
1101
111
626
70
593
906
264
775
135
646
1874
360
553
1204
1879
619
234
288
829
892
1891
1893
149
1174
1173
551
1906
1909
857
42
821
1921
633
885
6
120
352
277
291
500
177
1202
153
404
101
417
194
335
137
131
135
178
252
334
358
132
376
269
111
312
1043
902
516
410
1238
341
117
872
311
306
1093
164
108
465
67
364
80
207
183
95
163
809
304
198
592
508
119
87
278
92
123
354
133
567
1745
305
222
858
224
144
309
426
257
146
539
472
107
1031
243
249
142
563
499
435
283
112
407
182
474
212
461
455
317
876
409
179
329
155
538
1227
383
1180
386
347
215
147
1929
190
210
109
235
2013
368
2014
1146
389
543
400
225
136
186
704
1066
1155
2015
525
261
2016
896
935
897
898
323
2017
1048
494
2018
374
83
848
325
165
812
2019
512
145
233
86
172
600
482
2020
237
280
1032
106
166
244
2021
268
279
1042
2022
503
8
10
83
232
57
215
11
171
256
157
380
88
123
473
642
1295
1054
642
9
1190
1172
853
672
34
569
37
624
116
102
743
373
377
4
161
229
88
309
273
284
358
1235
626
92
4
1182
228
396
10
1229
367
208
1504
370
578
976
445
449
184
155
154
609
87
145
94
311
276
1770
307
980
214
129
220
515
994
564
703
949
252
451
352
264
1852
1189
665
1861
95
1865
497
77
318
136
205
101
240
259
187
339
815
335
7
149
162
85
139
131
138
153
145
172
134
38
2
348
662
85
176
206
160
194
198
185
183
201
141
199
501
390
583
576
172
103
89
188
189
190
113
184
360
389
51
71
54
213
23
244
116
135
267
1122
378
193
75
239
147
236
580
1468
487
602
1515
1526
368
377
725
336
1624
2078
509
2079
257
1028
2080
2081
508
2082
2083
244
366
1567
657
366
183
975
299
1665
237
367
423
132
11
704
59
56
322
137
75
122
269
77
489
118
550
95
496
185
582
255
510
111
267
113
262
119
238
1622
53
215
197
507
241
195
114
1707
727
1735
794
769
960
278
319
92
802
174
528
797
1139
2083
303
568
338
294
821
145
579
794
1252
2084
482
2085
2086
1112
953
1238
276
1226
1135
16
497
765
1245
665
2087
119
1187
547
2088
635
448
690
786
813
265
106
597
325
213
328
454
456
468
466
218
95
330
236
89
573
971
67
979
1134
700
166
229
1127
443
822
271
1018
179
88
298
374
245
1229
238
205
139
66
1191
181
202
168
470
513
127
93
109
133
227
408
1256
333
398
281
382
153
742
252
114
190
344
503
262
197
253
322
125
264
536
101
811
335
1079
1246
898
428
185
124
332
214
268
83
357
841
228
266
1889
726
810
377
134
194
1223
284
115
309
410
90
186
569
175
588
861
296
386
464
680
254
393
413
1158
608
2077
2078
1088
652
420
246
212
232
1147
451
931
778
1213
935
744
65
215
2079
2080
2081
2082
320
942
452
385
1006
2089
650
739
150
1165
46
792
2090
163
300
120
104
1188
368
533
969
553
455
388
748
311
507
126
2091
612
831
135
247
795
977
2092
1113
2093
2094
476
103
261
458
879
790
36
1
54
533
529
569
85
1
186
111
1063
889
1212
995
125
1059
143
200
552
1564
161
1077
249
1630
710
212
185
29
1677
44
1970
1971
1972
983
1
135
27
122
120
138
121
78
136
88
206
35
139
377
989
244
794
110
39
598
725
1809
139
252
408
74
64
464
68
1128
1483
379
467
160
336
439
178
28
182
274
102
249
320
694
606
61
737
149
161
330
71
768
1078
396
472
108
63
212
383
220
444
218
107
676
629
134
236
193
933
458
328
142
375
424
377
652
997
694
619
685
496
492
665
519
870
1278
683
932
790
1412
1154
591
887
346
883
629
1460
885
954
592
711
995
877
314
824
587
858
1509
952
888
1523
836
928
761
730
732
137
653
884
80
81
1022
450
381
412
237
81
180
542
508
993
84
205
107
148
88
415
1177
562
772
195
157
289
327
141
865
302
458
380
1185
60
1157
392
198
706
110
462
474
370
211
1905
194
212
457
165
83
398
156
166
186
106
160
2144
62
2145
982
98
595
183
311
217
1125
1157
182
934
7
404
272
784
621
592
365
436
270
1396
490
781
1387
88
1367
89
92
100
986
1031
757
1514
642
1519
1076
958
435
427
535
95
114
1620
314
200
243
254
1647
120
577
1654
1657
1675
1679
112
503
631
763
799
805
1693
609
687
1710
665
393
1721
464
785
378
485
1759
1762
635
354
149
348
766
1053
1797
1801
239
236
736
487
877
1835
86
1843
1846
1852
1166
978
478
108
251
227
1866
597
575
880
1874
1875
709
299
647
1880
1100
153
716
795
1890
414
853
862
1893
1185
1101
191
1901
1904
1906
216
1908
1909
1911
1914
2095
609
726
64
609
362
10
124
1297
150
254
362
712
600
418
1531
343
210
60
842
394
769
1037
156
315
28
5
252
381
66
270
142
184
262
55
353
38
98
189
685
373
1050
1182
77
90
412
268
865
84
346
635
598
556
1098
241
619
290
147
683
857
976
152
49
409
1561
915
1585
112
666
295
146
359
1185
448
782
1619
552
225
366
697
688
586
232
106
545
1108
100
237
166
245
101
1656
158
344
633
1671
390
707
656
259
1085
533
105
462
440
1703
1704
575
570
87
792
433
879
1183
288
80
846
1754
873
505
1232
162
86
1834
387
1848
1078
1187
1178
799
443
206
501
502
847
85
2125
93
56
93
97
1276
106
84
76
62
67
85
101
55
258
219
691
868
1186
639
1198
770
32
321
252
171
207
233
296
15
55
1029
1218
108
769
261
234
215
222
235
165
208
201
52
835
1113
108
1254
645
608
252
45
1460
2
547
77
72
878
176
291
1555
271
106
435
479
49
92
115
98
690
194
99
254
36
264
8
2117
833
68
707
492
603
524
295
256
297
298
286
264
262
82
344
59
1
62
57
81
100
94
73
64
823
1019
733
262
1323
153
543
132
381
645
372
36
787
689
869
1385
1393
121
822
290
964
301
150
147
283
571
498
291
139
505
710
1102
1040
37
465
493
265
1218
132
126
1512
1064
115
254
30
941
212
1044
186
777
44
387
63
295
2092
2093
499
160
2094
544
2095
341
362
146
169
1654
134
196
1687
149
1700
238
139
87
1776
522
125
368
1047
275
115
279
91
84
322
160
1207
17
126
726
837
547
1884
254
2076
2077
242
2078
2079
867
588
863
2080
864
257
918
2081
2082
226
188
267
401
41
140
72
483
1090
320
1019
1218
917
783
1086
1031
46
641
355
1081
173
1912
381
357
547
509
54
530
31
71
59
72
949
890
958
1372
2072
514
2073
1157
164
477
478
1583
1588
1589
349
412
329
1064
409
144
467
407
312
109
100
1096
99
92
85
743
741
117
242
172
180
114
714
201
311
183
327
584
1698
192
214
378
343
132
822
173
257
252
135
541
211
366
516
520
590
670
269
648
209
683
684
224
287
362
125
510
607
1793
282
1216
323
469
573
440
268
226
264
1807
203
1236
437
319
1821
1824
1825
330
851
629
149
1249
255
650
83
508
433
1025
94
632
246
1031
1864
709
1868
410
474
408
791
89
669
1046
307
1094
685
636
423
505
184
53
148
213
1232
283
277
88
1225
1893
504
147
763
157
285
692
686
557
862
1197
756
166
1185
411
634
497
506
711
102
1169
217
779
447
275
1933
1937
828
370
2209
2210
388
2211
2212
2213
2214
2215
1062
2216
2217
1223
792
249
950
239
569
940
1081
91
960
151
1335
178
314
130
1295
1007
427
493
146
450
55
1445
110
87
174
1070
897
1483
291
134
129
1508
1515
321
1519
163
1542
297
476
137
1560
113
196
622
906
954
139
101
52
112
347
224
457
394
1419
260
98
537
49
145
77
709
904
912
99
1162
1067
1293
1124
195
1199
1385
275
237
203
871
870
199
1189
1527
356
228
134
569
2088
181
231
388
229
204
300
477
170
119
292
1101
223
187
473
618
117
92
89
137
224
321
744
1731
403
104
177
627
266
116
216
215
652
376
1230
472
842
141
161
297
813
900
133
448
1033
379
200
90
188
254
1886
121
340
112
85
149
151
1212
332
113
420
103
126
535
335
1924
264
199
372
155
271
217
454
1942
227
417
650
289
1151
422
1943
394
1150
1944
214
1945
1946
1149
359
398
738
546
1159
810
333
843
708
1235
195
230
1147
522
709
590
671
361
718
703
1947
625
804
176
803
544
196
1144
553
396
148
807
799
1141
777
409
136
296
505
585
823
1948
581
796
938
1075
1949
1950
1951
309
704
1952
1953
679
632
1954
1219
576
183
278
186
185
499
1955
906
646
689
411
515
899
1956
1957
736
207
728
95
653
88
1958
658
247
290
440
437
270
1959
267
599
327
337
410
1960
1131
470
268
418
1961
523
577
1962
97
1963
135
129
91
533
1125
432
700
240
673
610
741
252
1200
152
896
487
655
1180
794
140
302
285
262
651
122
1116
142
370
65
712
412
785
1120
555
1964
457
138
390
749
363
111
567
893
750
250
280
313
509
128
568
160
1965
1158
511
179
831
171
1966
425
732
249
1967
682
326
324
318
1968
273
1115
479
1969
757
311
256
431
782
507
395
879
1970
1971
68
491
1028
139
140
133
180
169
125
147
145
1359
218
512
98
275
1298
242
51
828
92
1034
1619
1630
300
184
1641
638
308
117
429
578
503
1727
214
257
376
534
57
271
1806
1817
318
625
469
565
412
53
658
492
465
767
619
656
796
564
602
592
870
1527
129
793
119
281
1021
1031
182
641
1578
352
147
706
337
127
684
130
164
168
177
145
147
148
156
96
482
132
311
1
646
978
875
576
62
1273
281
55
1433
108
527
56
158
201
59
753
1548
472
359
151
53
470
335
1592
328
1602
257
203
210
445
1088
683
1038
806
285
162
765
985
143
260
556
10
506
497
28
1108
69
58
313
277
100
444
288
1509
392
64
473
202
267
16
1256
49
186
1745
700
201
139
1081
375
195
77
246
384
311
178
340
1033
694
1028
568
78
219
814
940
1474
34
277
437
223
1526
85
616
207
90
375
196
237
197
1576
97
331
867
508
619
361
1138
1590
297
127
109
134
280
1078
183
444
1614
1617
668
91
143
529
564
95
1647
1657
2197
2198
2199
273
1118
20
732
338
420
1330
1316
1310
1257
86
182
1427
1491
379
407
619
611
1564
674
224
2036
925
377
795
366
626
763
397
897
476
272
477
12
2117
683
457
543
409
444
284
106
331
90
2118
209
324
414
450
969
961
214
370
517
571
859
836
129
85
182
171
381
2119
159
178
421
118
136
364
487
446
357
615
467
154
108
400
165
419
294
320
305
501
408
581
1162
454
389
1026
502
2120
935
198
254
1530
201
439
759
286
309
466
663
280
113
1232
304
463
239
177
89
176
132
217
193
194
82
579
215
528
854
329
346
141
210
105
2113
449
1058
367
482
851
242
2114
437
970
2115
224
135
185
516
121
682
170
240
190
83
2116
806
86
181
403
375
334
1025
268
328
197
841
575
295
515
186
606
1039
107
276
206
673
79
574
108
343
99
866
256
453
533
330
1054
24
94
191
104
659
986
193
167
173
179
145
146
174
186
169
126
170
189
190
230
3
195
480
958
523
810
823
317
1513
291
518
321
1535
939
197
152
1592
194
151
341
150
238
93
345
436
448
402
442
86
68
159
696
164
99
422
363
117
95
315
118
614
308
50
373
94
328
352
495
319
552
108
279
123
202
356
355
537
829
115
137
691
246
255
292
536
798
818
307
2057
1
333
204
1
126
374
1377
1345
1307
980
171
35
1611
373
281
57
1655
343
96
183
196
83
578
537
150
91
563
1712
237
415
1766
654
108
59
439
155
82
306
1823
532
62
166
84
1984
694
645
1237
1233
53
1083
524
796
820
2065
493
831
1368
661
979
317
1155
1279
1211
1362
1376
41
1422
25
1499
79
140
1576
481
248
526
125
737
907
720
1313
62
1259
492
98
122
198
59
1399
272
125
1443
944
1447
731
1137
140
1484
1500
115
213
114
870
241
809
116
924
1016
281
585
218
121
633
1947
431
1948
1209
1159
850
299
745
1197
224
458
1100
727
1072
126
71
1363
43
159
742
357
750
663
261
265
255
244
245
230
211
615
1060
1018
1005
653
95
1212
175
1250
916
62
564
119
439
234
99
431
894
870
1373
90
59
53
145
645
746
144
1207
723
666
1302
1712
249
339
211
216
310
307
90
1
177
84
99
366
1162
502
729
112
123
809
223
205
87
146
1485
308
969
816
117
329
910
283
165
1568
141
166
915
1607
547
578
1079
1620
1626
297
269
140
708
243
150
553
296
858
139
1707
629
631
838
888
658
103
147
1187
1189
885
895
604
1790
1807
538
1815
1235
290
1826
959
1839
1841
1842
610
1850
1857
1858
463
755
768
248
195
181
131
179
398
70
332
338
584
586
184
395
410
487
76
469
133
330
359
345
218
73
926
1560
419
198
865
375
381
605
72
489
556
1071
1081
519
104
322
352
617
768
529
488
1088
67
63
223
711
770
445
1679
1680
281
1696
109
411
390
351
576
723
68
58
210
479
387
344
83
668
666
745
273
440
877
194
71
241
65
266
230
78
367
270
1591
838
136
495
130
1064
892
125
728
709
1641
972
1108
640
17
646
1954
417
634
210
285
146
85
230
136
563
79
487
976
842
954
197
504
120
158
502
342
138
253
546
594
339
344
285
401
557
376
1676
426
108
1703
1708
81
1149
139
111
503
625
1730
141
252
751
67
121
463
854
582
439
604
152
314
539
46
52
156
1
442
43
420
552
117
8
410
632
118
317
110
550
57
153
48
875
213
740
520
412
216
630
446
41
54
756
524
300
82
535
800
122
568
788
710
656
359
183
235
1727
842
604
469
886
369
1122
22
824
997
543
164
342
314
215
224
1304
1504
506
722
147
738
127
435
531
26
285
330
180
16
884
1174
236
124
44
61
42
79
83
71
4
29
41
249
402
567
709
844
846
891
825
262
125
281
265
46
1392
158
125
99
80
393
271
433
176
244
76
520
121
94
1104
306
1109
135
360
240
171
353
205
1774
770
467
78
795
174
117
1835
1087
613
266
578
254
104
259
534
299
367
652
228
696
1196
402
511
305
768
700
165
140
137
340
278
298
444
1915
275
627
242
73
123
414
379
129
1059
916
164
791
212
136
569
391
329
1992
591
1056
587
398
1110
79
593
598
1187
36
400
497
144
1236
496
16
373
521
580
682
1091
753
1189
973
74
839
700
6
1048
806
99
595
845
596
1073
165
776
53
108
937
111
616
386
587
1882
333
385
1120
1057
1341
93
109
96
1701
265
1740
834
283
683
899
133
544
901
234
219
82
185
353
449
622
92
267
702
73
471
1822
430
221
100
216
902
1842
1843
562
1848
437
246
478
421
446
582
527
461
737
775
308
375
127
167
120
148
155
325
44
284
1068
1381
437
1405
69
939
9
141
921
79
36
480
563
703
2092
446
449
483
181
312
614
506
214
162
198
736
172
6
218
660
1439
252
330
77
98
62
84
431
71
182
69
1709
49
94
226
87
222
228
50
381
196
368
96
610
395
165
2118
208
1016
1761
92
549
1762
1763
213
795
984
277
267
433
555
184
188
142
114
164
1296
1257
1169
1333
363
1395
292
226
208
1535
592
1578
2109
647
987
50
378
27
432
387
316
1426
401
127
48
1510
344
67
313
1541
42
119
155
1644
2090
822
2091
320
38
319
497
35
47
264
70
51
260
46
88
1165
654
1271
1264
1047
1235
1122
756
827
1181
880
1401
388
480
1435
275
307
417
173
250
295
240
260
423
1417
278
899
164
890
110
813
538
90
328
126
544
289
263
484
489
487
82
254
614
147
685
435
341
532
100
496
283
565
595
1590
870
142
1064
1611
1073
457
229
376
153
515
599
1629
371
211
1638
384
1642
272
475
1645
832
720
855
702
1131
793
794
290
1690
1697
535
247
339
823
258
478
1715
134
648
1720
709
443
470
358
1028
436
568
590
386
72
1747
1753
712
1759
1767
1773
445
1778
512
385
1798
1804
1809
354
2091
2092
311
2093
19
748
131
181
118
780
1035
116
664
255
969
115
255
138
244
138
219
204
226
147
396
1308
68
186
306
563
896
498
704
710
65
1468
1492
146
389
131
1514
102
86
331
236
891
444
387
1568
555
835
1044
278
289
250
379
1596
884
336
264
782
874
1119
25
498
75
12
172
304
710
47
1420
161
236
585
213
101
1502
1539
366
189
79
89
409
111
234
142
191
27
335
812
48
6
338
326
275
256
320
353
74
374
393
501
161
189
480
212
425
962
1239
1225
52
59
1847
54
46
27
214
548
426
527
96
383
204
676
36
181
148
462
222
429
438
92
105
451
1266
885
80
1495
86
578
151
581
380
130
117
76
1602
479
122
141
839
104
335
146
132
382
1000
618
231
123
244
112
590
307
1660
459
716
1673
358
536
572
111
432
442
606
1686
1129
89
490
874
1720
1163
611
1730
1731
746
233
343
749
1746
687
1766
827
1773
1201
1783
1092
1788
792
569
1795
1805
1809
516
1138
1828
1081
331
362
850
1118
1852
1858
2151
2152
806
2153
465
891
2154
2155
379
333
2156
519
1007
1084
257
468
988
132
51
171
428
30
136
152
62
64
102
88
38
1093
111
299
97
84
610
111
622
161
126
477
172
482
508
515
511
855
854
336
761
292
36
63
58
84
91
103
77
70
998
296
6
156
534
128
679
386
198
216
524
88
447
114
735
70
58
91
1319
73
1228
361
23
90
365
76
1059
124
28
35
88
135
360
49
137
195
394
67
468
248
260
26
168
66
296
272
821
1341
1458
406
82
73
77
349
46
111
428
1128
320
263
97
1746
90
294
356
87
78
53
352
648
89
80
232
223
600
664
58
173
384
602
228
244
407
313
566
366
745
296
104
214
1274
1270
1262
1180
319
1099
631
13
230
112
420
1352
448
1100
2015
1138
414
184
1444
664
930
254
1714
258
1182
357
1110
1077
773
250
95
695
340
122
668
1299
1770
24
1771
447
975
880
537
108
70
185
2193
2194
1052
498
595
766
2195
581
2196
1184
378
1069
206
462
120
2197
2198
87
414
2199
2200
657
289
436
293
1067
1205
334
2201
336
2202
455
150
375
522
576
96
2203
351
1224
516
331
2204
263
841
298
237
176
364
435
251
198
1256
151
716
2205
412
164
287
426
123
371
157
141
492
711
411
1039
599
567
136
248
316
323
2206
812
427
518
2207
310
506
413
1046
345
471
114
246
269
89
125
88
1526
299
169
935
67
222
94
452
582
112
1619
255
465
214
906
301
223
110
135
199
584
433
532
254
241
90
571
387
196
105
404
128
326
118
531
148
203
332
822
419
598
226
253
137
513
149
394
134
537
654
468
286
409
282
182
327
190
115
325
799
211
170
410
1922
533
727
402
429
610
291
405
139
1168
2179
454
1209
416
372
2180
780
247
1206
116
772
358
2181
685
442
309
1176
1248
707
713
2182
2183
229
853
140
2184
1146
640
521
2185
360
321
453
2186
2187
803
175
1219
1143
529
91
512
408
380
569
445
273
946
333
146
2188
641
1044
2189
623
617
2190
951
1165
953
215
422
2191
1239
2192
901
902
1013
734
1060
131
277
8
350
100
1413
1073
964
1594
114
1668
191
1693
79
29
200
65
159
303
70
63
192
174
80
1178
208
558
499
80
141
564
68
64
33
1308
452
752
643
418
101
125
466
107
68
155
436
89
891
75
73
417
436
432
87
26
36
24
30
194
466
308
129
418
406
736
833
248
423
936
844
413
120
43
44
1065
280
856
540
68
131
392
151
14
154
120
61
58
142
433
65
299
102
1700
185
343
386
190
89
159
221
110
472
303
133
267
284
396
410
161
239
521
213
70
753
482
108
1210
460
384
211
416
85
503
319
393
203
123
172
587
1879
1953
156
320
188
165
523
1014
292
100
263
1251
8
93
91
70
89
1431
1478
885
1526
1594
1057
1721
1722
1754
33
174
456
419
28
1813
559
169
1820
585
633
244
113
1122
94
115
115
42
419
411
414
380
319
317
109
249
753
415
413
410
311
309
307
65
1273
70
407
149
5
36
127
58
553
722
64
32
44
321
526
339
204
100
119
685
681
234
1001
178
946
159
185
164
1201
134
649
557
651
169
354
813
799
180
321
154
373
884
145
150
247
301
227
287
256
189
143
107
209
636
109
312
273
299
1724
73
1774
635
572
399
1207
458
161
1824
1825
582
610
289
270
862
545
643
122
498
151
302
435
1869
271
1011
1208
842
205
493
772
208
359
760
412
680
318
608
350
391
816
673
1920
1143
1924
990
731
839
2093
444
2094
425
2095
796
754
395
852
253
107
1409
78
98
217
1961
14
10
440
1387
293
214
732
75
143
1173
449
701
411
490
466
926
109
1277
73
1296
526
552
107
63
488
200
71
288
1155
179
368
100
94
177
251
197
362
1583
156
417
127
492
59
599
93
585
1710
581
361
62
220
221
347
795
899
909
910
269
1412
912
91
91
1248
477
802
25
482
516
281
197
607
691
667
399
152
734
394
332
103
2082
819
477
154
1111
723
840
1875
1876
1877
121
176
149
175
178
35
183
73
252
34
532
1095
234
353
85
54
593
371
216
361
211
1135
195
329
379
190
213
443
1756
93
78
182
519
221
421
118
256
173
927
142
92
152
127
998
302
1841
1003
453
28
65
1230
239
1428
344
287
498
52
142
505
51
663
231
273
105
550
570
1683
497
1692
557
1941
1942
67
48
366
137
1128
220
1532
54
384
1565
1611
699
168
161
53
139
176
219
55
134
418
1719
827
579
90
1211
234
125
1842
512
77
729
2111
567
247
137
465
133
874
1410
822
71
498
94
357
436
210
223
68
121
318
96
406
134
320
135
1834
1009
764
212
405
451
75
289
378
1871
221
130
195
569
1188
310
1886
149
160
709
100
313
521
1138
1924
400
647
266
2011
654
159
2012
392
618
362
230
808
141
352
1027
490
469
878
219
980
1149
35
1170
705
821
94
115
122
507
621
681
74
117
77
222
1600
909
34
165
670
283
87
1030
196
83
213
346
660
39
174
563
182
180
585
70
114
66
776
143
659
269
191
952
743
439
536
433
81
289
198
357
1023
228
206
1571
16
62
532
615
1059
189
348
1614
841
1626
80
270
145
1093
5
1
310
226
182
264
156
463
253
615
607
429
410
117
464
129
194
9
156
163
133
210
555
572
226
367
517
855
665
127
101
313
95
900
622
863
1154
724
617
457
751
1759
87
824
630
321
1788
1790
702
669
882
776
385
1286
230
127
408
751
936
120
91
42
224
122
319
304
170
451
981
12
37
925
690
908
1153
210
77
200
212
642
1192
1387
1393
256
66
1885
1886
235
35
235
75
72
94
216
725
227
86
189
900
1
443
236
98
175
726
118
565
623
192
110
274
110
1307
196
1353
672
120
1387
858
47
102
760
1392
259
437
199
47
159
200
244
56
1569
260
269
324
974
499
786
247
1717
1718
39
49
973
721
25
700
1
356
1634
210
285
376
402
894
258
120
464
205
232
260
169
17
58
711
177
73
44
180
45
2143
275
7
229
257
799
700
94
684
32
129
293
516
159
781
876
1074
361
1076
454
77
140
137
173
241
110
131
116
320
517
39
80
422
303
298
507
778
760
135
96
182
100
578
398
531
528
108
137
402
1578
1630
658
305
2019
10
363
51
134
36
407
7
388
556
254
277
354
85
158
341
1329
827
225
81
718
369
1636
384
559
83
348
432
157
207
258
101
4
153
692
198
1043
5
248
29
1659
25
65
2081
795
243
1421
842
881
116
441
294
958
1565
302
1566
844
570
840
2026
2027
477
244
424
1168
152
297
16
53
72
49
113
290
380
473
17
336
41
1002
2065
73
542
787
70
575
1125
177
189
406
380
989
457
66
92
1262
489
354
239
93
44
100
392
1056
564
189
279
556
674
186
428
409
142
454
388
44
39
65
72
25
281
440
156
400
825
716
164
160
458
78
335
432
362
182
109
605
175
110
481
478
76
216
270
268
248
1839
97
1851
1943
73
216
12
102
257
159
1832
1621
1647
558
125
310
118
964
413
104
130
556
1196
272
729
468
126
225
740
491
496
380
170
181
207
96
212
20
124
244
474
726
316
194
227
676
276
228
235
97
104
95
121
128
148
109
28
116
379
675
1309
304
676
471
150
164
585
167
352
704
31
91
98
56
571
266
130
96
258
284
73
291
1012
1673
1688
742
108
107
381
691
863
1450
1472
1473
170
105
377
46
274
45
232
78
218
794
1584
733
282
308
315
72
79
258
202
185
246
18
395
177
1312
132
197
139
367
400
306
339
1111
1121
114
326
105
131
6
1575
1611
1622
1859
1892
1987
633
1988
333
208
487
203
582
450
126
88
382
535
683
571
229
790
55
241
716
306
1110
704
440
446
306
313
438
109
310
321
1416
817
552
106
506
371
353
2153
790
1229
502
776
1210
617
430
2154
2155
2156
350
1024
662
2157
777
791
2158
357
1144
905
1534
674
1
149
715
1225
1533
430
695
424
1051
1993
1994
786
1995
1996
1997
1048
1998
324
1118
1999
2000
2001
522
736
1045
601
2002
2003
860
910
1079
1256
