1
168
10
11
74
75
86
87
1
62
28
29
38
39
49
50
148
163
166
5
114
7
8
9
17
61
67
86
95
115
16
246
13
36
57
93
124
256
295
300
318
9
421
5
42
79
84
85
96
99
110
113
6
201
239
314
555
569
34
42
43
51
61
2
290
154
184
3
153
7
70
1
65
75
98
41
104
982
955
997
82
1371
1267
1236
3
1019
675
9
1
26
1065
78
39
864
7
871
1134
1334
1
1310
1
7
1244
1
6
11
56
90
45
4
7
706
29
426
12
860
59
107
1
11
354
427
418
148
222
51
189
5
395
607
555
4
572
55
211
20
481
2
250
19
550
137
1
558
16
367
16
399
3
298
13
135
6
127
1
10
14
360
10
246
50
780
1
901
4
480
30
791
26
622
1
870
1
1301
1
626
14
1036
1
1
1039
1
1016
75
1
490
6
133
21
2
30
109
56
57
96
102
175
220
223
224
231
3
367
74
75
110
115
116
141
173
207
212
62
141
143
157
190
642
8
42
66
89
122
18
864
1
31
34
39
51
93
116
127
129
6
1007
31
38
47
1344
1343
1279
1278
1274
1273
5
252
1
129
130
160
173
215
241
242
293
6
57
3
11
12
64
84
123
146
149
7
253
5
29
47
60
63
65
66
68
112
1
380
1
15
18
22
23
32
63
64
66
7
454
21
84
100
111
122
140
141
159
177
64
704
1
8
11
23
24
33
56
95
1031
100
104
110
126
134
1237
1372
1371
1368
1367
1339
1338
2
1290
1289
1269
1268
1260
1259
1208
1207
1200
926
1
1201
1158
1157
1146
1135
1039
1014
1013
928
1417
4
21
27
28
50
51
80
81
111
465
149
146
145
124
123
59
58
42
41
178
21
23
63
64
65
66
67
108
109
35
26
3
5
15
47
78
113
138
139
158
9
143
6
17
33
69
247
252
253
274
293
33
599
56
58
62
70
85
121
132
141
154
5
1001
13
44
78
86
99
109
110
151
158
2
973
2
79
93
94
113
114
115
1319
1318
7
85
1
4
5
16
128
129
137
138
192
47
70
21
35
36
40
42
43
135
141
142
3
35
32
34
43
55
82
88
123
143
149
46
161
6
9
10
16
24
38
44
50
118
12
313
1
70
71
84
99
114
142
143
146
6
473
2
26
64
108
169
198
210
254
275
1
811
15
52
58
62
106
107
109
1
922
21
1405
1404
1398
1397
1351
1350
1349
5
430
1
21
22
27
62
63
139
147
148
30
78
37
49
65
90
93
77
15
3
16
21
41
66
69
77
14
202
39
58
87
88
103
14
195
14
101
102
169
170
171
177
191
1
421
27
61
125
126
129
163
165
1
590
1
2
5
44
46
134
137
148
156
16
208
764
8
15
116
155
157
177
179
1146
1145
1
378
87
237
238
251
275
310
313
317
328
1
30
8
55
18
2
15
20
22
30
31
48
114
283
3
85
97
99
211
244
268
396
195
104
3
160
155
75
348
353
380
388
426
456
212
16
243
52
54
55
67
135
136
145
172
234
8
150
160
466
710
662
640
291
7
90
10
430
20
23
87
96
97
101
103
107
134
29
608
9
48
52
84
106
108
143
150
154
5
777
10
33
114
116
120
177
179
1284
1283
5
466
1
65
66
67
68
76
77
89
90
1
219
37
888
25
51
19
22
25
39
43
64
70
114
115
10
94
20
21
22
23
48
64
85
86
93
61
241
13
85
87
111
140
141
142
143
150
1
402
194
196
197
240
243
246
353
513
524
3
930
1437
1436
1435
1434
1413
1412
1398
1397
1
458
1
2
64
103
104
125
126
156
164
36
257
1
8
92
97
125
137
202
203
3
4
9
20
24
58
60
122
129
161
164
182
31
36
42
43
44
45
57
74
670
24
52
68
74
105
106
154
201
988
1
7
5
454
1072
1
521
71
72
165
166
206
207
212
213
238
4
278
114
181
196
197
223
281
312
327
328
9
266
190
17
47
51
366
580
173
432
74
136
43
44
54
57
79
129
148
149
2
331
1
548
5
313
4
29
35
40
41
114
115
122
124
2
442
4
8
56
83
97
111
122
143
197
22
150
204
205
216
223
1213
1212
667
105
143
27
521
23
66
476
78
130
131
288
289
292
305
403
511
43
33
200
301
27
304
1
6
24
25
97
110
112
172
207
280
291
292
4
38
90
237
4
216
80
404
458
481
296
294
185
606
500
2
5
504
270
11
33
40
69
85
111
144
184
188
12
479
15
18
23
26
178
232
267
270
272
23
731
31
111
112
126
128
1015
980
964
1
529
51
52
82
83
113
114
119
130
131
1
380
51
52
84
85
132
140
226
228
231
4
139
5
24
59
84
168
176
204
206
25
101
29
51
56
59
61
91
93
103
107
3
212
6
20
42
55
75
79
228
250
478
1
13
27
34
73
99
115
120
127
12
624
19
20
62
132
141
142
148
206
4
837
1
50
51
1402
1401
1327
1326
4
484
1
3
27
28
101
102
107
108
118
7
406
1
3
6
16
17
31
32
33
34
5
342
1
9
188
212
259
288
322
749
3
9
6
272
30
58
194
6
1
27
7
472
77
87
105
106
150
152
161
13
28
3
651
62
81
85
124
126
155
176
1269
1266
5
821
1
15
177
55
399
110
144
145
246
245
472
474
110
113
63
59
11
14
1
117
12
381
1
624
14
241
438
28
537
1
519
49
451
16
170
14
1
17
2
4
8
50
1
1
14
235
54
369
9
171
1416
1294
20
1314
1391
49
89
1
1
1
1
1
16
4
14
1
1
5
1
30
10
33
120
1
45
16
30
3
22
2
2
38
9
5
29
35
59
32
27
1
8
1
2
17
2
2
2
2
1
1
1
1
1
8
21
10
4
11
9
9
10
11
11
5
4
3
17
2
7
2
3
15
10
11
11
11
17
11
4
2
222
10
11
9
7
156
7
9
11
11
11
11
1
2
6
11
11
11
11
11
2
4
3
3
2
4
3
2
3
4
2
2
2
2
2
2
2
6
2
4
2
2
4
7
11
8
