1482
1359
523
1831
957
972
980
173
876
1412
492
502
2
4
10
11
13
19
1142
126
128
136
148
660
1823
767
769
771
977
202
213
1247
1251
1252
1253
1255
9
1290
1294
1301
1302
1802
1707
1601
1612
1625
1629
703
1072
1636
329
1269
1347
1456
1457
1472
1494
1495
1334
1688
1689
1443
1699
354
386
390
398
1353
1563
1134
190
1588
1162
92
94
586
139
606
683
782
243
320
612
60
385
339
168
178
179
229
231
1343
1402
61
65
1462
241
242
397
406
409
415
465
467
846
882
1026
375
479
706
727
438
1187
1188
1193
1194
597
278
402
417
420
143
921
556
616
663
664
665
666
877
544
591
596
599
600
81
473
474
520
520
521
548
1229
1236
1238
1242
1246
82
979
757
1237
1247
1249
1255
1259
1155
1190
1191
1192
1213
1216
1149
1156
1158
1159
1160
1161
1172
1173
1174
1239
1242
1243
1249
1254
150
1190
1195
1200
86
68
28
1175
1176
1192
1209
44
81
289
205
203
200
286
273
485
706
238
186
184
176
172
39
3
101
200
202
265
424
442
755
98
435
734
752
390
713
453
727
390
332
536
933
939
915
730
831
830
697
253
379
496
1033
950
993
997
753
754
757
923
924
955
977
492
995
987
1027
491
490
529
137
204
905
903
57
45
609
545
863
945
588
566
13
1036
1035
1033
849
268
961
574
953
872
787
794
830
488
150
22
425
428
429
326
385
189
146
331
243
852
151
49
46
37
36
170
1121
1193
1186
1218
1340
1338
1337
484
486
1341
1340
1011
996
1336
1334
1330
1329
1326
1320
1073
1058
1388
1365
1351
1335
1151
1408
1406
1403
1401
1400
1397
775
750
742
1343
1291
1287
1295
1294
1269
1268
1264
1254
1252
1251
1250
738
822
796
795
791
789
1276
1066
1063
1062
837
317
1283
1280
1157
1153
1152
1151
1147
1144
318
316
1307
1275
1273
1272
1271
1269
325
207
1283
1279
1266
1265
1324
1318
1316
1311
1293
262
257
1290
1287
1285
1284
280
224
1287
1185
1179
1200
1199
1197
1192
1191
1190
1171
197
1321
1294
1288
1279
1277
1407
1738
1700
1293
1290
1088
137
29
1244
1237
1234
1233
20
138
1240
1225
1659
1436
1232
1220
158
125
1268
1262
1245
1235
200
1209
1178
1173
1179
1176
1174
1051
1046
1
1487
1554
1226
1179
1171
1170
1167
1182
1180
1168
1131
126
1641
1288
1323
1831
504
701
590
595
596
681
52
42
1763
11
465
834
637
638
654
664
429
525
751
627
754
761
1068
1067
1065
1062
1047
1046
693
691
689
679
252
399
552
553
554
567
484
361
369
371
317
328
1039
141
145
158
782
189
196
200
202
185
214
219
225
338
301
176
184
9
650
661
708
35
32
2
18
641
100
49
46
44
11
200
195
191
177
259
90
101
107
93
89
88
87
83
24
335
333
332
331
278
664
496
296
295
275
271
268
245
244
242
221
220
54
57
425
423
416
415
257
1756
473
414
372
349
161
160
152
151
324
179
1821
1813
475
473
469
503
471
789
792
793
795
35
125
1303
1304
1307
1311
1317
1330
224
295
1293
1325
1326
1327
720
1273
1274
1403
1414
1415
1418
416
1298
1299
1310
1280
1281
1283
1285
1288
1
730
1287
1701
1702
1704
729
1288
1501
1507
1700
554
1306
1307
1317
1318
1328
163
1466
1468
1469
719
589
594
595
598
1337
1369
972
984
1188
1196
1302
1303
1305
1263
1268
1358
1567
1270
1344
1345
1263
1264
1266
1268
1269
1271
1273
1298
1032
1310
1311
1312
1317
1302
1310
1319
1322
1324
1327
366
1276
1278
1279
1388
1308
1309
1314
1316
1505
1313
1325
1334
1335
1336
1327
1329
1341
1343
1347
1231
1262
1266
1268
1270
1275
1276
1411
636
1264
1266
1268
1270
1275
1392
427
38
1216
1217
1232
1233
1335
1337
1340
1341
1350
18
1259
1260
1262
1263
1278
512
1239
1241
1243
1278
760
1147
1177
1181
1182
27
31
115
485
465
459
217
4
333
244
490
415
354
338
337
387
370
367
312
284
600
332
4
660
656
664
336
334
301
95
198
370
345
338
305
303
423
8
83
24
28
725
316
91
20
909
902
323
337
398
386
197
81
278
328
543
538
536
67
1103
701
650
479
613
766
378
416
641
740
19
1153
1150
1151
755
417
698
1109
1169
1170
16
408
720
542
736
477
526
780
761
760
722
308
751
82
756
758
748
728
683
882
878
830
810
765
315
151
235
414
59
413
8
920
919
908
1266
947
927
916
1271
1270
1228
255
959
1523
1490
1443
1387
1314
525
973
1404
1331
1328
1327
1232
320
1463
1408
1284
1235
111
153
1458
1337
1246
100
676
669
1448
1357
1783
1782
1728
1486
970
2
862
860
854
13
862
856
836
869
864
849
838
106
101
98
78
77
72
84
82
79
76
75
848
846
803
798
792
613
608
455
887
871
864
584
328
276
192
184
933
920
904
329
194
186
166
161
140
139
167
136
2
16
31
1913
1
431
1750
28
178
152
1919
427
1751
1459
1193
401
1471
1470
1843
1495
1493
662
3
1528
1205
1864
1614
1611
822
668
425
161
1083
1326
1912
348
349
953
1840
1887
941
1733
310
302
1840
1596
1808
107
839
275
137
77
303
1594
1548
104
36
23
21
269
1061
8
1286
47
792
277
35
306
985
604
348
298
395
333
639
419
61
59
42
180
282
1
439
74
719
749
756
438
92
75
35
104
765
639
609
531
206
180
119
93
19
1207
1208
473
121
53
98
507
403
64
278
279
280
441
169
172
173
179
464
273
268
263
262
662
594
590
588
514
451
1778
44
320
1388
204
1338
364
1432
1545
1542
1540
569
568
1591
1587
1584
1569
1566
1605
1791
1768
1767
1449
316
1409
1123
1180
1189
724
723
670
831
1714
1683
1630
1606
1304
1192
1732
886
883
905
903
901
900
1754
1036
1268
19
17
23
31
23
17
12
8
39
38
35
106
45
53
47
18
79
72
40
6
67
59
387
90
58
8
932
1671
1807
60
360
107
109
1790
1794
120
119
117
151
153
152
146
230
228
221
220
218
84
1405
1408
1590
214
1596
1605
1681
185
226
220
822
184
973
1321
298
277
274
272
268
263
262
259
258
255
261
249
247
246
57
369
319
315
262
261
260
333
331
330
329
307
9
682
390
389
382
373
398
397
394
391
283
318
317
315
311
525
523
497
496
583
569
568
556
500
523
578
573
567
457
452
521
517
516
513
512
8
597
593
589
588
596
595
588
549
9
785
777
775
579
577
876
931
784
780
586
72
176
1005
519
872
42
107
126
548
547
84
57
690
683
682
655
164
161
703
701
698
694
679
11
658
657
653
675
673
672
671
669
668
673
672
212
210
52
224
221
220
218
118
278
276
270
269
839
838
398
396
394
842
839
837
830
829
815
900
897
853
852
851
1006
1003
994
993
23
959
958
957
953
976
975
971
978
974
973
972
961
1006
978
971
965
1021
1020
1018
969
1021
968
963
830
118
959
958
901
2
989
986
985
969
964
960
957
955
957
977
970
967
966
965
957
967
964
961
960
947
13
980
979
978
968
174
1000
993
991
987
1018
1001
996
995
989
988
1059
1056
1021
1020
1019
1017
56
1010
1007
1005
1004
1028
1026
1025
1035
1033
1027
1026
920
1
922
918
917
913
924
923
922
919
1060
961
36
1062
1058
1055
1094
1091
1090
1081
1019
1124
1080
1079
2
1117
1109
1108
1107
1106
14
1134
1131
1119
1108
1107
1105
1148
1120
1119
1107
1105
990
989
985
983
980
4
1122
999
986
979
1005
1003
985
983
978
1107
1104
1102
1096
1289
1288
1283
1282
1280
1375
1312
1310
1306
1299
1293
1263
1261
1260
59
1282
1276
1273
1266
47
1337
1335
35
1349
1320
1319
1317
1316
1301
872
19
1770
1350
1347
1344
1384
1382
1358
1355
1354
88
1789
1393
1369
1360
1877
1466
1460
1459
1448
1424
1423
426
427
453
223
7
216
230
69
207
209
223
1206
137
138
154
155
244
1069
1055
1053
1051
647
525
457
171
194
209
224
227
107
188
693
331
298
7
81
848
845
807
804
803
405
403
74
852
809
801
883
881
880
877
847
3
1410
1409
1375
1373
115
900
887
886
884
881
879
839
1378
1376
1374
1056
1054
1053
568
451
866
569
567
566
1042
283
287
312
315
318
67
116
258
261
264
764
761
755
724
331
116
117
121
124
38
447
403
406
407
409
246
452
459
460
461
463
398
412
413
418
423
425
427
183
385
386
387
421
8
10
427
432
435
459
2
38
448
451
36
425
433
334
384
632
416
397
399
410
1446
1601
1692
415
416
435
436
439
444
445
453
58
267
268
274
378
202
206
216
217
219
320
75
421
123
125
418
419
420
5
1033
1090
265
267
268
1026
1028
263
265
269
1097
66
266
267
274
279
280
285
2
13
108
208
210
213
11
50
206
207
343
322
319
321
325
327
197
332
3
173
189
192
196
188
189
192
193
7
179
192
206
208
172
175
183
185
174
178
179
180
683
1
113
162
163
165
102
105
106
111
112
225
229
163
165
166
169
45
154
155
185
187
192
200
68
139
140
142
333
20
1176
725
105
107
317
76
85
87
89
71
265
266
268
245
5
6
7
54
57
59
2
2
7
9
10
11
12
5
10
5
2
1
2
43
116
115
113
111
188
186
167
156
155
154
177
176
175
174
172
170
165
163
11
176
175
711
241
240
186
56
5
702
705
75
71
697
197
195
82
80
127
628
233
231
228
227
225
337
363
358
352
349
125
246
368
367
500
497
496
495
494
493
492
598
597
593
580
569
614
613
611
609
607
600
598
596
701
700
686
664
662
658
657
66
630
628
624
615
632
630
696
695
693
690
688
701
700
693
690
689
686
716
712
710
709
707
704
608
606
710
709
694
690
1470
1450
1451
731
728
653
40
757
752
745
742
95
788
785
784
782
772
769
764
755
3
894
776
770
768
767
779
776
1052
883
850
846
845
1907
1901
1639
860
859
6
220
268
1053
214
1661
830
1045
408
407
399
396
393
1221
831
833
834
857
862
742
779
785
809
814
817
1
797
800
801
718
719
720
802
468
823
824
825
828
837
1245
451
454
455
459
461
794
786
785
351
355
356
174
392
393
395
396
369
372
389
392
219
221
225
231
232
59
61
63
65
66
67
68
73
76
80
62
64
7
12
72
74
76
65
69
72
73
28
29
60
62
67
73
74
365
363
305
387
383
382
373
364
362
123
359
354
353
3
490
482
477
467
472
470
469
1182
1186
1189
1200
1226
1228
1229
111
112
122
124
1005
1007
1024
1057
1058
1059
449
492
496
499
502
27
25
21
19
101
105
3
173
185
186
190
193
831
617
616
613
609
608
607
416
170
176
177
178
181
184
188
503
180
176
149
679
677
654
216
168
167
159
158
157
43
1342
1347
1383
1384
8
14
1350
1352
838
1340
1341
1342
826
1335
1336
1338
1339
1340
1341
1344
1301
1303
1304
1340
32
1291
1292
1304
256
1266
1269
1272
89
1186
1188
1191
1192
993
1099
1100
1102
1108
1
9
12
1106
1107
1115
8
1106
1107
1108
3
1099
1096
1101
1103
2
1013
1014
1043
1053
1054
433
1010
1012
1013
1051
1049
1053
1054
1057
1
1032
1034
1036
1038
1050
1031
1032
1035
963
964
977
991
994
996
120
963
971
974
975
978
981
983
986
16
883
892
894
901
900
906
907
914
917
867
872
875
876
904
848
849
851
866
901
902
10
879
923
925
928
940
9
865
866
875
932
21
866
869
871
918
923
854
862
864
871
848
850
854
856
844
862
876
877
892
885
886
887
888
4
104
100
847
848
883
80
748
752
770
774
781
575
577
618
621
622
623
769
690
694
698
700
4
492
493
706
30
483
487
489
702
30
62
454
457
670
672
7
11
651
660
1
653
654
655
656
4
647
653
654
92
640
643
644
164
618
619
650
144
142
141
135
651
658
198
197
196
169
631
618
619
621
652
53
299
521
523
527
529
570
455
457
486
468
484
509
511
515
517
520
466
477
486
488
489
491
446
447
451
452
453
459
9
12
469
474
495
497
499
3
489
490
491
502
457
460
499
463
466
467
470
471
476
478
223
224
226
284
330
210
214
218
221
230
271
202
204
321
330
331
142
143
147
328
329
240
264
265
266
268
274
275
277
278
285
7
1458
178
179
182
197
355
368
1465
708
702
320
348
78
173
174
175
226
355
97
102
109
332
7
8
78
79
81
90
1
2
202
209
101
94
92
89
7
299
296
36
222
215
210
1
247
245
244
242
253
251
248
207
206
161
214
213
170
169
164
1802
1803
1807
1808
1816
2000
198
197
170
169
168
4
1803
1832
1833
1842
1828
1829
1833
1739
1798
1844
1846
1849
1638
1642
1643
1644
1637
1640
1641
1644
1647
1638
1640
1766
1768
1785
465
1474
1644
1658
1661
1662
420
1565
1567
1569
1575
1577
1578
1582
1054
1242
1243
1
167
1194
1195
1196
1209
1211
1221
187
189
190
1208
1210
1213
6
1028
1053
1054
1047
1049
1050
1059
1061
1062
1063
1067
556
557
559
560
531
532
535
538
732
742
743
416
428
433
434
438
439
858
859
856
857
859
820
823
825
827
853
823
851
852
853
856
69
362
388
389
822
854
290
295
297
306
313
319
320
6
10
526
527
529
1736
257
258
267
2003
2004
19
1918
1919
1964
1965
1966
2014
2018
2019
1902
1911
2014
2024
2025
2028
1895
1896
1900
1999
1805
1806
1809
1810
1938
1940
152
1935
1937
1942
1944
1946
1751
1790
1792
1794
64
68
146
148
154
431
155
8
82
84
4
78
363
56
74
76
20
6
12
152
1007
1626
63
140
1289
1466
995
61
77
840
1226
17
20
25
779
5
22
55
1001
4
17
117
754
11
13
48
979
28
801
946
25
27
793
800
2
5
773
2
33
2
225
586
12
4
193
197
215
189
4
127
278
18
123
125
107
2
86
151
4
84
1
77
80
282
76
281
932
1008
1006
65
202
224
63
240
241
260
197
21
22
1223
1213
1
15
334
348
1247
1244
14
299
319
524
1
298
313
732
722
19
69
221
723
50
7
152
145
5
42
43
984
37
38
1118
54
17
1028
1024
1026
3
18
225
1027
15
1030
14
17
165
199
205
218
3
182
34
53
1773
1772
1770
1804
13
1779
1381
9
1781
2
1790
1825
1792
1826
4
1866
1863
1867
1914
3
398
453
1172
1166
1115
1045
51
1180
1128
1117
134
11
1213
20
1202
1
10
4
414
2
73
410
10
45
337
106
443
466
80
386
564
743
177
179
2
471
473
472
379
439
619
1308
564
540
1848
358
355
24
33
209
176
1
56
228
918
812
917
123
124
242
244
73
172
1
42
46
95
3
4
1189
1483
1
121
49
39
242
533
555
2
203
516
91
201
12
110
1146
98
559
1050
1116
1134
110
291
461
181
323
325
351
22
127
142
105
15
2
8
26
5
74
805
818
26
69
9
11
557
2
240
483
548
43
5
37
731
6
32
26
170
179
144
693
694
38
47
85
205
577
579
583
9
545
548
549
158
33
153
243
120
133
210
492
1
31
471
499
324
334
335
339
30
77
360
334
359
330
440
1
66
84
85
275
65
274
283
1
52
576
51
135
190
84
8
16
46
749
30
1277
765
5
26
1741
22
198
1746
1307
9
176
110
138
167
28
14
181
165
43
1929
195
193
22
26
1980
463
4
1972
3
2006
343
342
246
244
5
2009
1313
346
2014
1516
1485
1318
1517
1
458
32
1023
1020
459
1324
1040
1032
1778
426
1108
1055
1
2
1538
1146
318
323
8
831
512
828
823
13
316
16
303
7
154
280
126
829
659
586
294
496
350
537
49
202
153
846
887
12
946
564
1154
467
1023
1291
445
1333
98
46
65
24
68
10
41
44
302
27
31
266
292
4
14
23
24
239
3
2
136
244
3
8
134
3
5
39
94
42
1711
126
971
108
54
78
806
24
86
752
50
53
3
6
37
666
3
31
1
135
167
629
84
134
282
625
628
50
86
198
32
36
8
12
24
94
112
4
12
955
8
82
4
74
942
943
947
70
88
107
937
938
19
343
17
196
830
352
571
69
79
227
10
43
33
148
115
3
1
100
174
74
1116
1114
4
345
370
732
1184
139
366
74
45
54
63
2
4
9
214
2
4
7
202
200
210
3
114
191
197
198
201
9
111
102
227
9
19
84
107
109
134
10
125
83
2
65
71
72
73
57
63
769
826
825
23
92
832
2
69
25
67
387
74
78
320
924
4
246
1030
1028
1032
1031
1003
1002
22
47
88
91
1186
25
57
66
1302
1327
1235
1233
1850
1493
1455
1359
3
1913
1916
2
1
1
1753
37
1752
1716
36
395
359
215
241
353
26
112
35
540
1133
505
1131
1093
996
131
1640
1638
38
134
331
135
197
196
113
111
298
1127
82
83
248
30
31
32
829
486
1771
232
1073
1071
1055
353
408
1305
55
1462
1461
914
1713
1711
1562
1427
1365
1364
1
2
134
135
1
6
133
4
5
2
8
10
16
17
22
1
114
127
2
3
50
109
111
1
46
47
48
2
19
45
6
17
6
11
5
2
1
3
5
6
2
25
26
1
2
12
24
1
23
8
1
7
2
3
6
2
3
1
3
6
1
3
11
12
2
3
4
10
1
1
2
6
4
18
21
2
3
4
5
6
1
14
1
1
1
2
5
9
10
21
2
3
1
22
23
32
16
22
1
3
2
5
11
3
3
4
6
1
10
2
9
6
10
14
9
2
5
6
7
2
4
2
6
7
11
189
4
2
3
16
1
3
4
12
14
1
2
1
4
1
3
2
8
3
35
49
178
2
29
30
32
4
12
27
1
7
8
2
4
13
1
5
8
9
3
4
15
1
7
11
12
3
6
1
2
3
61
1
59
60
62
70
1
4
7
47
48
58
6
7
10
46
1
2
3
1
1
2
1
1
3
10
14
2
3
9
1
36
3
6
31
35
2
3
28
1
15
27
4
14
2
10
129
1
6
7
8
127
5
126
1
4
6
1
3
13
1
5
8
9
11
2
4
10
2
110
4
56
58
107
108
3
107
108
104
1
2
1
4
5
7
1
2
3
4
10
2
4
39
1
3
5
7
2
2
35
2
5
11
13
32
33
1
11
10
1
6
8
2
5
1
7
10
9
543
545
547
19
21
1
3
15
2
7
8
12
14
5
527
534
522
2
4
27
2
22
25
2
4
8
2
1
1
3
2
3
5
8
10
49
1
3
6
27
5
44
3
5
24
25
26
1
3
2
7
21
1
1
2
452
460
461
5
7
10
450
4
14
5
6
7
8
9
10
1
3
443
1
2
440
1
210
439
1
209
1
202
208
1
5
199
201
1
1
1
3
10
194
51
53
191
193
3
7
49
1
4
46
3
27
28
41
42
45
2
1
3
7
1
2
1
1
4
6
7
1
6
1
1
2
1
8
10
14
1
7
5
6
4
17
55
70
79
1
2
1
1
8
11
4
6
7
1
2
1
5
7
1
4
3
2
4
38
2
4
6
35
33
34
1
11
15
17
2
3
14
1
3
5
11
2
5
6
3
4
6
125
126
1
3
5
119
1
2
60
61
1
2
60
116
1
58
4
2
3
14
1
7
12
2
6
1
2
15
13
1
7
10
1
3
6
3
20
23
36
3
1
9
7
8
13
1
2
4
10
2
5
7
8
9
3
2
6
13
2
4
1
3
31
155
794
2
25
28
1
4
5
23
3
17
20
22
1
4
17
1
2
1
3
55
56
2
12
13
4
6
8
10
52
2
4
17
15
26
27
45
46
2
3
13
1
1
3
2
4
6
2
115
124
2
1
2
11
1
5
6
7
9
12
1
4
1
3
105
106
2
104
107
108
1
96
98
99
1
5
88
94
95
4
7
85
87
1
3
2
6
4
72
78
9
3
7
8
31
69
70
76
3
4
28
1
5
10
24
1
3
4
2
62
1
1
5
1
4
1
3
2
6
4
14
1
9
12
1
11
10
2
3
1
2
1
6
3
5
1
7
38
2
6
4
1
5
6
222
224
226
1
2
4
30
31
26
27
29
30
1
15
2
3
6
14
1
1
216
205
206
215
8
4
142
144
202
3
11
131
136
143
3
5
8
16
140
12
13
1
3
9
10
11
2
3
5
124
120
2
56
117
121
1
53
54
2
52
1
4
1
1
6
2
6
38
4
6
34
35
30
32
1
29
2
1
7
6
1
2
3
9
1
3
21
1
1
17
18
4
16
477
639
3
6
24
3
6
15
67
1
3
1
61
2
6
43
3
4
41
54
51
1
2
50
51
1
11
10
49
50
52
3
1
3
1
12
15
1
12
16
2
11
3
9
2
6
427
429
4
8
424
425
4
2
408
415
417
413
416
1
1
399
398
400
6
8
9
1
35
361
362
31
33
2
27
29
32
3
13
30
1
1
10
2
6
4
5
11
13
61
2
6
7
3
56
1
53
2
3
2
5
325
326
2
3
313
318
1
6
11
310
5
8
10
11
4
32
2
5
15
29
30
3
28
3
9
10
1
2
7
297
299
6
5
133
157
2
3
4
118
125
1
1
14
13
1
2
5
7
1
108
110
111
3
56
107
2
51
53
1
8
2
3
6
7
8
1
2
1
1
8
35
34
37
1
2
14
29
1
4
13
27
2
2
6
9
4
9
3
1
2
4
5
1
2
1
26
3
7
25
1
2
4
10
17
22
1
8
9
2
4
7
3
1
2
4
10
7
9
2
51
1
5
6
32
48
49
52
31
32
44
45
47
1
2
4
5
12
1
3
8
7
3
4
1
7
2
4
6
2
2
4
7
9
11
2
2
3
1
1
2
1
2
3
5
1
2
1
2
4
5
12
1
2
1
2
7
1
5
14
13
14
28
1
2
4
10
1
9
2
4
6
3
1
3
5
7
2
1
2
1
14
2
4
8
13
2
5
3
4
1
24
1
5
18
23
3
4
1
2
3
5
1
1
2
1
5
6
8
2
4
829
832
27
28
1
2
19
1
3
7
4
5
1
134
135
1
5
7
8
9
10
1
2
4
1
2
49
1
17
47
1
15
16
18
1
4
14
1
2
3
1
800
6
10
2
4
782
785
786
2
6
780
3
4
1
2
30
1
3
29
1
2
4
2
8
3
5
6
739
2
516
736
1
2
4
509
515
1
514
2
1
8
14
1
5
6
7
503
502
503
1
28
467
498
24
27
1
22
5
6
3
9
1
4
6
2
3
1
2
3
6
48
55
56
64
1
4
15
45
46
13
32
1
11
2
8
10
2
3
6
443
4
441
439
440
2
9
12
23
2
21
19
4
9
13
15
223
425
3
421
418
419
427
214
2
2
197
207
7
8
193
4
6
7
10
12
1
2
8
1
185
1
1
3
2
33
47
1
2
19
1
7
18
9
11
2
8
4
1
11
1
8
10
1
3
7
1
2
1
5
1
2
10
14
1
2
1
8
1
7
1
1
2
15
7
10
11
13
4
7
3
2
4
2
1
3
17
18
20
15
1
2
9
13
1
2
5
8
1
113
3
51
111
112
3
4
5
48
2
4
7
1
44
5
3
2
1
9
2
8
3
4
6
1
9
24
26
2
3
8
1
1
2
1
1
8
7
17
2
5
6
10
11
2
3
1
1
29
4
1
7
2
6
2
1
4
3
2
8
9
11
2
4
5
32
30
1
15
28
2
10
1
2
8
1
2
1
6
5
3
4
8
9
6
3
4
7
4
7
13
1
3
2
4
112
113
2
104
105
108
5
6
3
8
9
98
99
1
5
1
4
3
5
15
1
2
83
89
3
7
1
4
37
3
36
37
2
15
2
5
9
1
3
2
4
3
8
7
12
13
18
2
3
5
11
9
1
2
1
2
6
5
6
4
10
6
5
1
201
202
3
29
4
1
1
9
1
2
8
179
188
191
1
176
178
179
128
130
175
1
3
4
6
123
124
2
122
1
11
1
7
10
5
6
111
112
118
2
3
110
56
58
1
107
1
3
15
53
2
5
8
3
1
3
2
6
1
4
5
36
39
4
38
13
14
15
30
32
1
2
3
1
3
9
1
6
8
11
52
1
2
2
8
15
1
3
6
2
5
1
3
28
41
2
3
1
4
7
13
21
20
3
5
9
2
3
2
8
4
6
1
13
46
12
14
28
29
33
1
3
2
2
3
6
1
2
1
13
3
8
9
12
1
2
6
15
16
1
4
6
2
5
3
2
3
4
9
41
180
189
763
1
5
7
1
7
2
4
32
1
2
5
6
1
27
28
3
25
26
2
8
10
23
1
3
8
1
2
1
1
5
1
2
4
1
2
6
2
4
6
7
9
1
4
2
43
47
2
10
11
1
5
6
8
3
4
1
1
1
1
2
139
1
6
9
138
1
5
1
2
4
28
1
10
25
27
2
4
9
2
3
1
2
4
5
9
1
126
129
2
115
124
125
1
6
7
12
114
5
113
1
4
13
15
3
9
10
6
3
5
106
107
2
3
57
101
103
1
2
54
2
5
7
50
2
3
2
10
8
43
3
1
9
3
8
5
35
2
4
13
33
34
1
2
31
1
30
9
1
2
6
1
4
6
8
1
2
19
18
21
17
1
4
31
2
3
1
23
4
22
1
10
17
18
7
8
3
1
1
6
7
5
1
2
23
36
39
1
11
21
22
1
2
9
10
1
1
7
6
1
1
1
10
4
6
8
9
3
1
2
202
206
214
1
2
1
7
200
1
2
3
6
1
1
13
3
1
193
2
192
194
30
32
33
41
1
26
27
29
3
4
1
2
8
9
1
6
14
13
3
4
5
9
11
1
8
1
3
4
1
9
2
1
3
5
2
2
8
3
4
38
574
6
1
14
32
34
8
10
12
17
1
3
1
1
2
3
1
146
1
145
2
141
7
10
139
2
5
17
3
8
15
3
5
1
54
55
115
117
119
2
117
118
129
1
6
7
8
3
5
2
1
2
1
12
13
536
3
5
2
35
32
33
1
12
15
18
29
9
14
1
7
3
4
6
523
1
3
512
516
5
3
6
7
11
1
5
7
4
500
503
2
27
491
492
493
499
25
497
499
2
3
8
9
1
5
67
1
3
4
6
9
1
2
1
1
62
1
3
2
7
5
2
8
17
18
48
6
46
6
2
7
434
6
9
10
16
20
425
427
14
1
4
7
1
415
414
420
1
212
213
3
3
4
2
3
4
5
196
1
194
1
1
3
4
15
2
191
1
187
189
190
4
5
9
11
1
36
37
47
50
52
181
4
1
2
17
11
16
3
5
12
2
4
9
1
11
12
5
10
11
18
2
4
2
8
1
5
7
14
2
12
13
1
10
2
9
1
2
7
15
1
2
13
11
28
29
30
1
3
1
6
8
2
5
2
3
129
1
3
4
8
2
1
17
16
1
3
4
3
1
51
56
58
50
2
16
4
10
11
14
2
4
6
2
1
3
2
1
1
3
7
4
5
6
31
33
31
1
8
14
15
27
1
7
11
3
10
1
1
5
4
7
10
1
13
3
1
1
30
2
4
6
27
29
2
11
25
2
4
2
3
5
14
11
2
7
9
3
5
46
39
42
43
4
11
12
22
23
24
26
2
3
23
2
4
7
20
2
1
3
2
3
5
14
1
11
1
2
7
9
1
5
1
4
3
2
4
3
1
10
11
2
70
2
42
68
1
40
29
38
39
1
3
17
25
26
2
25
27
1
14
3
13
1
1
4
3
1
8
9
2
5
6
8
1
2
3
4
1
1
1
3
1
10
2
6
7
9
1
1
2
1
6
1
4
5
2
3
26
8
24
25
1
1
2
193
1
5
19
189
191
1
2
128
1
5
6
121
123
127
4
10
15
14
1
3
4
110
117
1
59
107
109
3
5
57
58
2
3
5
1
2
1
52
5
1
1
3
2
7
5
1
2
7
9
15
5
2
1
6
3
5
17
2
16
14
12
22
7
10
15
18
20
8
11
10
1
4
25
3
24
1
2
3
13
14
2
4
1
1
2
1
46
1
45
1
2
8
40
41
43
1
5
28
39
1
2
23
1
2
4
12
22
2
9
10
12
6
2
5
3
4
3
1
2
3
9
2
3
5
8
1
1
2
3
8
13
1
2
3
1
4
5
1
3
2
1
5
3
4
9
39
3
6
16
36
35
180
2
3
4
11
13
1
2
3
1
7
6
5
2
3
1
7
2
6
2
4
20
2
6
8
12
2
1
4
17
1
3
14
2
13
2
4
6
2
5
4
1
3
13
1
1
135
3
8
10
1
5
4
128
9
2
5
2
3
10
1
5
8
46
103
2
37
48
58
1
35
46
34
41
5
12
14
37
1
2
4
3
35
38
1
2
7
3
6
13
5
9
32
3
7
8
10
4
1
2
25
1
2
10
24
1
2
8
2
1
4
5
3
2
5
6
1
1
3
7
12
1
2
2
32
28
30
1
5
26
1
4
3
5
7
2
1
3
2
1
7
10
1
6
2
5
18
35
48
3
6
9
14
16
3
3
5
1
2
4
2
4
6
11
2
7
17
1
3
4
5
6
2
5
1
1
2
7
6
1
5
10
11
4
8
22
13
14
1
2
1
6
3
5
35
16
2
15
1
5
1
11
1
5
6
10
22
5
20
21
17
4
15
1
4
7
2
3
1
12
2
5
11
3
4
1
2
2
