51
305
358
918
3555
524
529
2944
3170
2784
2799
3399
78
2943
2944
2946
2723
3571
3604
3608
3611
3612
824
1217
3769
2758
3099
554
577
632
635
859
1124
3580
2906
2905
1203
1935
2769
235
715
166
700
701
1179
1413
1421
291
501
2908
113
112
104
53
51
970
3426
3054
1031
106
110
125
205
2915
3236
715
725
727
3299
570
572
573
574
2303
2305
2481
699
700
715
722
1428
1645
1653
1655
1657
1666
159
655
660
662
749
445
2185
2905
2910
2915
2917
344
290
456
393
358
348
741
157
156
69
61
538
682
720
721
282
839
633
732
735
2702
2610
2611
2632
2634
2397
2499
2501
2506
2509
2510
2511
2515
391
1717
2439
2506
2602
1553
2061
722
283
284
285
2187
2188
2191
721
1260
1507
1617
1646
2052
2359
2091
799
212
276
321
320
37
581
2133
2347
755
1154
559
832
958
1526
859
849
675
503
1181
1113
707
1230
1228
1165
943
941
939
906
850
843
839
722
721
720
719
308
96
551
580
438
104
2508
1658
2734
634
639
1913
676
239
238
192
626
637
641
646
648
711
124
18
9
47
49
82
84
88
617
2137
1684
1685
142
137
135
133
127
1478
1583
1161
1544
1555
1774
709
710
713
714
715
350
349
348
336
335
350
211
223
224
225
226
230
564
187
206
212
214
217
791
1971
254
139
122
120
6
1113
439
1731
2078
1438
136
1343
1444
490
121
122
130
1289
544
65
166
173
174
1505
136
143
144
147
150
841
157
134
132
131
130
128
107
2645
2335
229
228
227
207
106
2321
912
913
918
920
921
925
928
163
2775
2733
2638
837
841
843
407
849
179
176
173
169
1773
126
242
244
245
1997
1692
144
145
146
279
139
52
54
56
891
2358
135
137
138
381
383
384
2357
2077
387
412
420
382
384
386
387
389
390
953
102
104
371
373
379
2467
670
678
679
360
364
369
396
404
472
163
210
253
262
32
2985
2666
296
220
204
199
205
578
2723
2832
2456
1829
1790
1024
1025
452
1799
1651
62
1555
2980
107
3592
1584
123
383
3304
3151
1691
230
1936
1440
1317
384
358
3662
1645
811
2140
2136
1922
15
670
226
85
49
14
61
62
97
959
648
527
515
282
281
2084
2742
3095
182
418
2821
2729
737
728
665
645
543
1058
2700
2766
474
218
393
515
1089
2945
2019
1965
1713
1711
1655
1092
966
1552
1336
1335
1299
917
963
940
690
1287
1869
2269
2377
380
287
2206
2212
2214
2215
2233
371
1388
346
2045
2046
2064
2067
478
217
114
83
611
696
743
1865
234
90
2552
18
947
931
135
911
1424
493
491
531
534
606
2455
2071
1289
1171
476
474
207
203
362
452
1412
1043
1296
1391
1477
1479
818
2280
2048
1994
1860
995
1066
1084
122
86
76
431
118
133
2432
2283
2275
400
365
230
452
2489
990
2880
272
2279
276
271
76
1184
1186
1634
185
1998
1299
1290
173
194
2470
746
723
717
712
367
2645
896
874
703
2253
1391
1007
2561
569
454
465
3539
279
355
859
3164
1516
2150
2261
2268
2285
24
23
201
260
1241
1379
721
722
270
10
2877
1087
1188
1362
174
1077
272
50
34
77
226
234
3402
3018
278
144
371
1066
1747
310
3386
871
974
1106
1149
447
99
749
1121
1859
1902
2623
499
496
414
38
695
541
539
538
1022
2524
607
600
1915
705
701
699
677
662
1536
636
612
611
609
618
614
609
605
603
2537
547
515
514
503
486
156
2902
2903
2936
512
505
503
303
2761
2780
659
559
627
625
622
361
363
368
1027
698
706
863
867
971
579
293
351
353
360
484
703
1420
582
580
1620
74
76
77
83
85
479
823
813
806
800
797
793
861
860
845
1600
2064
761
805
796
794
793
277
710
684
682
612
606
1171
489
487
485
480
479
478
473
1343
1124
894
891
889
884
883
138
962
942
939
32
560
637
643
1073
1072
1068
765
1161
1159
1157
1155
522
605
1104
1095
1066
630
1086
1080
1079
1077
15
615
896
894
892
890
888
875
869
1107
913
909
907
207
978
943
941
940
1269
1267
1265
1242
1241
1155
1148
1147
1146
174
344
1081
1078
1335
1182
1180
1176
1175
1174
1463
1132
1131
1129
1109
1108
1106
1221
1212
1207
1206
1205
1177
1499
1506
1697
1230
1219
279
280
1173
1172
1149
1147
1142
949
1311
1205
1185
1178
1543
1224
1220
1219
1218
170
1257
1256
1253
1252
1425
1423
1407
418
1336
1335
1334
1332
1325
1263
1262
1000
681
678
674
2019
1593
1592
1542
1535
1533
1530
1975
1973
1886
1630
1532
1531
1529
1528
1523
348
766
346
1929
1908
1905
1679
1551
1546
1545
1544
1522
1520
1518
16
2075
2072
2069
1034
1041
1043
1044
290
624
296
623
1581
1746
1363
1645
1644
1642
1620
726
282
506
579
897
790
466
1779
1777
461
470
1740
1738
1727
1720
1879
1870
1865
1862
1859
1857
1856
278
2023
2000
1999
1998
1996
2103
2101
2078
2063
2062
8
3751
1195
1194
1190
3759
2900
1203
1146
1145
124
2980
2259
1233
1219
1216
1215
1214
3429
2074
2171
2170
2167
1746
1328
9
3461
1355
1347
1344
1339
1332
3470
1364
1352
1617
2054
2096
2099
39
2348
1524
1523
1520
1519
1419
1413
2797
1517
1518
1519
1528
1755
1773
904
1073
1076
1094
1098
1060
665
668
669
671
1554
1489
534
535
757
762
1498
314
319
332
353
285
290
318
280
282
283
267
270
273
275
278
281
608
441
196
200
201
366
368
93
95
184
185
187
1134
223
220
218
2670
2283
1861
1857
1845
1840
1326
1876
1489
1487
1486
1485
165
163
159
154
153
151
150
221
152
84
65
62
60
307
305
288
286
260
661
660
658
647
645
640
940
590
551
548
546
543
283
300
309
489
546
727
725
709
128
638
106
3005
895
845
618
516
977
974
973
1168
1165
1162
1158
1155
1154
1402
1401
1400
1396
1339
1337
1336
1308
2965
2023
1320
1318
1316
1313
2099
1389
1359
1357
1355
1002
1003
1652
1660
1662
1799
503
505
768
869
1293
1291
1062
1047
1046
643
362
1726
1731
1732
1816
1819
3245
1809
1813
1815
1817
1819
2139
2532
2535
2536
2537
2538
2549
2561
2562
2566
2613
127
2624
3015
3035
725
979
2496
2497
2908
400
2480
2483
2484
2486
2487
2415
2416
2417
2434
2435
2437
99
2455
2457
2471
1522
1634
2346
2347
2348
2350
1
1657
2356
2358
2361
968
1656
2355
2364
2368
2370
1622
1623
2328
2329
2384
2385
2161
2390
2391
2394
2396
2415
2253
2270
3326
3327
3334
2374
2418
2094
3174
3178
2998
2174
2179
2180
2196
3089
3091
3135
2172
2176
2181
2206
820
751
100
2224
2226
453
1435
1454
1466
429
452
1045
416
1038
2166
2168
2174
2175
2192
401
1870
1875
1876
1886
1887
2319
2160
2162
2164
2168
2154
2161
2162
2165
2168
2169
2171
1052
2027
2032
2035
2037
2103
2474
2883
2160
2246
2247
1202
2172
2176
2199
2233
304
5
514
2192
2197
2208
897
2232
2234
2235
2239
391
2310
2455
2456
2460
2472
2268
2271
2274
2276
2277
305
2264
2266
2267
2276
1378
1310
459
1644
1647
2015
2639
1631
1632
1642
1643
1645
2402
2426
2033
2460
2487
2490
987
2052
2053
2054
2058
2300
969
2042
2044
2045
2153
155
2073
2075
2077
2144
1326
1327
2051
2115
1920
1987
1989
1991
75
332
2099
2160
2173
1831
1832
2028
2030
407
2093
2094
2098
2067
2111
2179
2182
2183
2191
168
171
1933
1936
1939
1960
245
1085
2009
2010
1902
1904
1927
2163
836
1893
1895
2117
2118
2119
619
1881
1882
1884
1898
1910
1325
1819
1919
1921
1922
648
672
1591
1598
1601
795
1520
1509
1512
1513
2442
1904
1421
1426
1434
1450
1119
1120
1124
1019
1033
1034
1040
2366
930
936
938
950
2184
943
948
949
951
954
958
1992
856
860
918
920
425
2503
1
409
1295
1238
374
373
408
586
1296
1262
648
612
309
2524
2
1369
1366
1061
1058
243
11
3169
1062
1060
245
43
252
264
698
242
3160
52
26
15
288
170
115
221
232
3629
3238
2916
3247
240
117
3031
2982
2597
2081
1848
62
3045
1238
12
3461
950
54
93
228
216
3850
3861
2714
506
90
2056
1854
311
1796
1376
1333
2139
1944
401
287
288
441
724
103
612
853
863
986
2697
2646
504
527
857
2493
2385
2373
2132
571
1419
2885
267
224
216
112
36
51
3515
3554
3160
3173
3455
3464
2727
3143
3145
3153
3330
48
1826
3459
3596
2660
629
679
3548
2612
139
262
298
679
68
210
227
260
683
58
66
795
787
330
572
583
695
1376
1533
2
741
1
926
1278
1287
743
927
1279
1976
398
444
1390
1417
1485
1493
1330
1331
1339
1418
1336
122
1642
1708
1383
1454
1520
1586
65
67
71
137
211
257
263
1574
1593
1627
1633
2151
834
1992
1530
377
3846
3826
3822
416
905
3033
603
2894
353
2107
1534
1902
2924
3225
1523
1887
366
62
83
463
822
951
21
576
760
1407
1469
2
870
905
906
943
868
904
1178
1294
1386
274
1224
2945
3054
3100
3105
3106
867
936
1176
1220
1259
3376
3504
1180
1185
1493
1549
3012
3041
1157
1165
1257
1298
1409
6
1770
2228
2427
2954
1339
1398
1400
1763
1764
2948
87
945
1009
164
875
858
788
874
883
2250
2286
2671
2832
159
3209
3211
3227
3317
3461
244
3068
3116
3302
2558
2559
2959
177
3021
3062
3354
3368
258
83
2824
2872
407
2885
3191
3033
253
252
19
3
93
10
11
303
2613
197
8
666
2607
2608
2610
83
2493
2496
61
1760
734
1924
1917
155
627
2416
2488
2426
2461
2468
2473
642
2189
795
1863
150
2
2816
814
1841
1844
1847
2814
1839
733
578
577
482
463
1019
1158
1182
1184
18
27
64
25
372
22
30
587
735
284
8
534
257
845
821
757
666
308
526
557
332
450
1547
1437
858
791
2
1759
188
86
25
593
190
26
9
591
303
225
206
1331
1467
1638
1686
695
561
409
74
523
1558
1643
1120
1
833
1254
845
1279
299
834
941
1253
630
493
117
82
102
290
875
8
452
199
173
460
165
175
1001
765
370
333
196
12
22
989
396
12
819
20
11
1212
1555
1609
29
50
1001
929
792
408
418
420
34
21
1682
1552
667
440
437
2219
1573
1290
842
549
2316
2001
1792
1655
15
2204
1899
484
3098
2876
2812
2502
2408
1914
1857
1824
2258
1769
896
879
465
460
1834
1774
1689
1515
901
161
873
866
552
507
472
973
280
1045
1034
633
632
670
669
664
544
535
2522
2464
546
3
405
428
434
2754
402
406
431
1049
1047
459
3711
3325
541
981
216
219
855
684
504
730
481
417
180
33
3908
20
3624
840
3623
3575
3202
3204
3950
1442
3344
3343
3332
3334
2352
2367
2517
3428
3429
3430
3433
333
617
618
616
668
704
2115
2226
824
1766
1424
1421
880
767
3611
666
704
1181
1572
381
414
802
805
2
1749
1942
2113
2543
800
1758
802
1747
1582
1581
1416
758
706
475
232
2604
14
356
2667
2343
1057
2590
2248
1388
973
2846
2655
2584
2335
886
2653
299
1898
1904
1906
1910
1914
194
207
1883
1886
251
415
973
956
947
164
173
1832
1780
1207
1944
1939
1873
1696
2011
2005
1380
1368
291
79
2041
2039
214
261
264
271
106
194
197
203
423
2183
2116
194
197
1310
1317
2288
2287
2120
2118
2116
2057
113
2339
2287
2286
2254
2184
1041
189
1163
1355
3
1323
3644
1384
1377
1246
1230
314
1320
1243
1253
2323
61
77
3576
1823
1461
1325
1753
2400
3954
3952
3958
3963
1733
1896
1894
3025
3802
52
49
48
46
75
49
46
9
11
16
1820
115
18
121
97
66
63
3947
139
136
132
117
115
122
121
119
118
116
109
2680
99
96
11
1
7
8
137
134
133
131
130
111
238
236
211
208
138
1
211
246
243
242
283
243
240
239
231
1255
1418
460
459
458
457
454
395
434
433
431
430
415
408
59
1178
464
447
446
523
174
94
678
503
502
512
506
502
497
494
3
1668
1671
1865
507
1665
1703
1862
1
187
649
616
614
612
590
185
650
648
618
591
833
830
829
803
799
794
789
786
785
777
849
846
838
834
833
867
813
809
807
805
1629
959
956
951
949
948
939
376
1110
1108
960
956
952
279
376
1325
1322
1320
1319
1317
1410
1337
103
1318
1260
1258
331
691
1425
1355
1352
1153
1421
1874
2088
1766
218
174
175
1730
1470
2151
1022
1466
1686
1622
1620
1618
297
412
1875
1861
1858
1851
2172
2148
61
2278
2277
2273
2214
2210
2272
2270
2269
2267
2263
2334
2301
2275
2273
8
2582
2578
2576
2482
2592
2590
2588
2577
2490
2486
2784
2780
2779
2672
2579
2578
2557
2555
2529
2528
2577
2571
2564
2563
2561
2560
2559
2777
2774
2773
2771
2770
210
2867
2862
2847
2846
3020
2959
2958
3078
3077
3072
3069
3009
3004
3003
2989
2985
3009
3008
3007
3006
3002
3089
3083
3080
3078
3075
3051
3048
3040
107
3093
3089
3087
3081
3080
3188
3187
3184
3181
3178
3173
3448
3423
3414
3412
3408
3205
3406
3208
3207
3206
3205
3420
3320
3221
3441
3340
3339
125
134
3441
3435
3411
3409
3408
3343
3342
3560
3556
3555
3536
3546
3543
3542
118
135
3935
3934
3930
3665
4050
4049
4048
3785
3783
4070
4069
3691
3677
3676
4086
4084
4083
4082
152
150
141
275
277
1305
166
837
851
854
855
1187
1904
105
102
101
99
162
155
124
118
117
955
938
933
932
2023
2958
2946
2929
2928
925
923
1275
1272
1271
1270
1252
1302
1301
1276
1255
1254
1253
1249
1292
1285
1995
1985
1983
1144
1130
2003
2000
1136
1131
1130
1129
2172
1347
1341
1340
1339
2322
2319
2315
2314
2394
1987
1986
1982
2397
1990
1985
1984
1978
2391
2387
2386
2384
2375
464
2478
2420
2418
2417
2415
2393
2881
2869
429
2970
2872
2871
2869
2614
2612
2611
2610
3406
3399
3396
3394
3300
2
3429
3428
3373
3366
1030
3431
3425
3375
1904
37
33
32
2024
1941
1936
1935
1934
1000
3110
3084
3082
3079
3423
3418
3417
3402
3401
265
2395
2345
2344
2082
2080
2079
1
2350
2348
2345
2349
2346
2344
2337
2334
2332
1050
2062
2061
2060
2057
2055
3144
3130
3117
3113
3112
3111
3107
569
570
571
595
598
599
19
21
684
686
688
2
63
646
647
653
669
651
663
1870
1975
2296
488
489
500
503
522
353
584
585
606
1779
421
445
449
450
452
233
234
235
239
123
136
137
138
141
145
184
181
180
166
165
207
157
154
152
149
137
238
233
231
415
378
300
299
298
295
289
282
2
372
365
359
374
361
359
355
396
395
392
373
676
342
340
339
334
29
44
239
1036
989
210
449
1023
1020
1010
1009
195
1080
1077
1272
1230
1335
1334
1329
1295
1293
62
105
426
1349
364
1438
1436
1433
1411
1382
1472
1458
1454
83
1622
1617
83
1360
1691
1634
1633
1611
1705
1715
1698
1696
1694
1718
1716
1715
1713
1712
1710
1499
1497
1496
1
1716
1709
1510
1710
1706
1511
1507
1766
1716
1713
1711
1710
1709
1720
1719
1716
1715
1712
1701
1557
1555
3
1722
1721
1720
1787
1786
1784
1731
1728
1725
1723
1
1728
1716
1715
1714
1692
1715
1712
1710
1708
1707
1693
1808
1797
1
18
309
1702
1680
1678
2055
1703
1685
1681
291
1697
1696
1695
1992
1991
1989
1988
1921
1918
2107
2106
2104
2103
2102
2047
1992
1990
1989
1988
1987
1983
8
2063
2061
2060
2051
1655
2059
2053
1663
89
2057
2054
2040
2039
2035
2034
176
195
2128
2124
2277
2262
2258
2256
833
2278
2276
2274
2169
12
321
2294
2189
2188
19
309
2306
2304
2205
212
2319
2224
6
2531
2436
2435
2434
2519
2517
2516
2515
2513
2444
2441
2440
2521
2518
2517
2514
2513
2511
2588
2519
2518
2517
2515
2599
2595
2590
2588
2569
6
7
3051
2971
2755
2729
2723
2722
1820
1735
2761
2751
2729
2729
2725
189
3576
2728
2727
2726
2683
3765
2877
2876
2874
2872
3766
3519
2932
2927
2916
247
3035
850
852
856
887
888
587
590
605
606
2769
2765
2762
2757
2706
2669
318
319
323
372
2167
2179
2156
2152
2150
2148
2154
2152
2128
2127
2105
106
125
126
128
11
18
19
20
33
674
671
670
661
660
657
126
145
2393
2392
2384
1560
1558
892
891
889
887
885
883
881
875
1
914
868
63
913
864
862
838
981
929
927
902
901
898
837
970
967
944
918
354
918
914
155
152
960
931
930
929
924
923
922
913
1139
928
926
925
1234
1445
1443
1230
2679
2468
2465
2464
1584
1583
1581
1333
1331
1326
2
1603
1600
1590
1587
1988
1590
1589
1585
1563
1502
1782
1781
1755
1815
1760
1759
1758
1757
1756
1755
1767
1135
1131
1130
2183
1758
1757
1756
58
2590
2578
2575
2573
2572
2571
1947
1943
2345
2343
2339
2336
1649
857
856
854
853
2517
2505
2502
2492
2490
2487
1285
1281
1279
1277
1238
1234
1232
1723
1721
1720
1717
1713
1712
2635
1340
1343
1347
1351
1354
1355
42
744
754
759
698
701
702
717
719
496
498
590
591
596
597
425
427
486
443
444
445
446
449
450
141
149
201
207
209
215
82
83
101
126
78
83
86
88
216
214
212
187
156
155
20
285
280
277
233
229
227
250
249
248
247
1
52
235
233
51
264
234
384
281
279
278
276
273
256
174
172
315
312
310
304
287
260
259
255
253
912
1062
251
244
241
229
224
335
284
283
559
558
528
511
510
508
1197
1402
814
802
801
798
838
824
822
820
819
139
730
821
820
819
818
328
327
591
660
1437
957
1008
1011
1165
1235
294
293
1005
1162
1232
1303
1305
289
324
325
348
1373
987
257
321
588
1086
1082
1078
5
71
514
368
66
71
519
1079
1011
5
590
439
393
389
89
160
155
1158
1151
1150
1153
1143
1142
1141
1313
1311
1292
1291
1288
1268
1266
1261
1259
1257
1242
10
1283
1276
1275
1350
1344
1293
1285
1281
1279
6
1330
1314
1313
1312
1309
60
1107
1101
1318
1315
331
6
1167
270
271
272
3
93
264
266
267
269
273
248
258
259
261
270
271
174
176
178
1503
1501
1476
1474
1464
1462
168
272
1534
1533
1532
1530
1529
1528
1514
13
1697
1696
1691
1710
1705
1704
1696
1801
1787
1786
4
1825
1824
1823
1822
1821
1819
1817
1814
1771
186
1825
191
190
188
187
20
1788
1787
225
224
215
214
245
241
238
235
253
252
251
247
246
245
314
313
311
295
292
291
228
59
481
435
434
433
542
540
494
491
489
1142
639
638
637
663
662
657
654
646
2123
2103
2101
1098
1094
1078
7
2136
2135
1090
2150
2148
2143
2141
1097
2312
2305
2301
2274
2216
2211
161
2311
2309
2215
2213
2211
2202
2324
2313
2312
2306
2302
30
2256
2238
2236
2234
2233
2264
2263
2255
2253
2250
2247
20
2277
2270
2266
2264
2247
2331
2328
2286
2284
2281
1512
1516
1517
1518
1567
1181
1242
1243
2118
2122
2123
249
1730
1729
1726
1722
1665
1255
1256
1257
1262
2101
1209
1231
1235
1236
1238
1485
1481
1477
1470
1468
1191
1253
1254
1258
1259
785
829
831
923
929
249
1484
1483
1481
1480
1473
1454
1452
908
909
910
913
915
916
975
46
114
135
138
142
1134
90
91
92
93
107
2485
2475
2474
2472
2470
247
139
137
27
1282
1278
1021
1042
1027
1025
1024
1037
1033
1032
1030
1029
1026
1025
14
1094
1081
1076
1075
1073
1090
1087
1086
1082
1081
1080
1078
1234
1205
1175
1173
1171
1796
1790
1789
1787
1783
1769
1768
19
1895
1891
1889
1885
1873
1872
1977
1914
1894
1892
1890
1983
1982
1976
1975
1889
1887
1878
1874
10
226
1888
1886
1877
1874
1903
1898
1884
65
1076
1199
2648
1030
1012
2583
956
955
2275
2103
169
172
560
142
191
196
198
200
202
1725
1734
1756
1759
1761
3
1760
1763
1765
1766
1745
1747
1749
1762
1763
16
1769
1772
1774
1775
1783
1786
1787
1774
1831
1835
1836
1843
1844
1781
1784
1786
1794
1799
950
952
1767
1770
1772
1775
11
1717
1830
1851
6
1718
1822
1823
1824
1827
1712
1746
1812
1816
91
94
1706
1708
1711
1817
1819
1627
1632
1634
1636
1617
1619
1620
1609
1612
1613
1614
1728
1834
171
267
1725
1726
1730
1712
1713
1715
1725
1729
96
1554
1606
1607
1608
1459
1485
1486
1488
1510
1375
1378
1380
1382
1394
1340
1341
1343
1344
1345
1142
1145
1146
1147
1148
1150
1016
1017
1022
1024
1027
1035
1036
911
914
967
968
970
974
801
804
809
830
642
644
646
788
809
561
660
677
735
736
434
437
439
479
483
485
487
435
438
440
441
443
456
457
67
453
461
467
468
472
475
378
383
387
388
389
386
388
391
394
33
6
9
11
13
27
394
398
399
22
24
366
367
372
131
345
348
349
350
96
93
91
85
311
325
171
244
246
247
255
217
218
225
226
173
174
175
176
399
20
26
27
28
32
39
262
236
212
224
222
194
192
189
129
127
126
27
274
258
257
256
249
298
293
289
288
285
276
272
1292
2517
338
336
334
331
301
296
29
386
382
377
376
347
421
412
411
409
376
278
497
490
481
480
134
304
906
711
710
701
775
758
756
754
162
170
841
835
9
1004
1003
1000
997
1210
1209
1017
1011
17
263
1013
1012
9
1230
1035
1029
1244
1239
1036
42
3133
1023
1022
122
1067
1065
1064
1062
1198
1184
1180
1178
1175
1189
1184
1183
1140
1214
1213
1203
1202
1198
1276
1271
1270
3427
2787
1833
1244
1224
1593
1592
640
2183
744
3104
1490
1489
1488
1483
2899
2360
738
102
1861
1879
2088
2111
2161
2162
2185
22
38
59
2084
2086
2103
2105
2060
2062
2063
2064
2083
21
2063
2065
2027
2030
2031
2034
2038
2042
1615
1622
1630
1634
1640
1641
1643
1645
1649
951
953
956
959
249
936
938
949
964
965
958
962
965
970
11
715
716
718
720
721
612
707
710
761
766
705
710
742
743
746
2
717
733
734
735
731
733
736
739
147
655
658
660
649
650
659
660
672
445
447
508
513
1581
450
447
1061
1059
1043
522
525
537
538
3
594
593
592
591
147
718
622
617
614
594
590
339
338
737
735
489
486
494
492
491
490
487
2030
3035
964
954
946
30
12
1015
1013
1011
1007
1006
989
978
977
959
958
1003
994
993
989
1376
1348
1347
1346
1341
1286
1284
1281
2136
2139
2141
2163
2165
2166
1005
1066
1088
1090
1427
1428
1430
1441
1803
1296
943
931
930
924
923
1430
1428
1427
2182
2598
2599
2600
2605
1736
1750
2592
2595
2597
2598
11
14
437
2544
2639
2641
2533
2611
2623
2627
2628
423
2627
2631
603
2576
2580
2582
2583
2597
2102
2106
2107
2208
2211
2304
2081
2086
2087
2088
779
2095
2098
2103
2107
2109
2025
2083
2087
2107
2108
3
1979
1981
1991
1992
1994
1983
1988
1989
1992
1942
1943
1952
1953
1955
1754
1755
1758
1763
254
1761
1765
1770
1771
463
1511
1925
1929
1930
1758
1769
1770
1776
31
1392
1397
1399
1761
1762
1763
982
592
1469
1486
1734
1368
1459
1460
1465
1468
1729
1730
1731
734
1439
1444
1446
1494
1376
1387
1402
1403
1404
1407
1324
1327
1328
141
1263
1267
1269
1183
1189
1193
1195
1198
1122
1125
1127
1128
1
1061
1068
1071
1067
1068
1069
1070
823
824
826
853
714
715
716
717
707
762
764
704
705
706
712
710
730
732
733
734
737
36
178
537
538
555
558
559
142
502
506
509
513
19
503
504
509
12
489
490
1037
477
697
78
1098
1250
561
563
566
603
604
1029
1172
517
524
525
367
372
377
471
252
264
266
269
288
2
214
229
238
163
221
227
229
230
236
253
252
150
134
133
131
128
127
21
148
147
142
139
166
163
162
160
280
276
804
111
2827
793
794
801
2867
756
760
761
762
763
386
383
373
372
371
2938
2900
667
670
674
683
373
598
657
658
659
391
388
387
376
374
9
540
537
496
495
492
486
505
504
456
494
528
524
518
501
586
585
584
583
661
655
646
47
664
663
658
657
705
704
703
213
765
3534
183
238
18
24
369
802
78
79
91
820
58
60
38
985
959
957
931
929
928
927
1025
1023
1018
1008
1000
998
997
920
2962
3019
3044
3050
3054
3061
2993
34
30
16
68
3027
3393
851
2977
2099
2102
2103
1916
2122
2132
2134
2136
2139
2143
23
1734
1736
1738
1743
1750
593
1723
1727
1130
1137
1142
1484
498
466
459
435
40
985
986
1049
1051
1008
1009
1011
1012
1015
1016
129
836
837
904
905
929
415
920
921
924
925
926
928
776
779
800
801
524
503
505
511
497
499
502
504
506
509
510
1070
525
567
565
314
545
1034
738
739
743
756
2
2639
293
295
296
300
302
1476
289
291
300
40
39
191
193
185
178
177
155
153
151
130
186
1394
338
337
336
318
487
486
466
464
463
586
1794
724
723
636
626
1208
137
136
132
1057
1067
1068
1168
3477
453
452
349
348
970
999
1030
1031
1032
2126
2265
2266
2284
2287
2295
155
158
160
161
165
203
210
36
60
3174
3197
3198
3209
3214
96
3239
3240
3245
3138
3144
302
3017
3021
3129
3136
3236
2715
2716
2934
2828
2829
2892
2893
2895
2919
2741
2769
2770
2772
2774
2726
2727
2762
2763
2765
2780
2782
2788
2789
2790
4
592
2655
2657
2663
2664
2644
2651
2656
2659
392
391
2198
2204
2215
2216
2217
2326
2328
2329
2339
2342
2345
57
2065
2072
2256
2257
2008
2198
2200
2201
2202
2203
1
2
1903
1904
2083
2084
1
1903
1917
1919
2081
7
1914
1917
5
1907
1908
1910
1913
1919
367
1832
1837
1892
1903
1905
1964
1826
1827
1828
1836
1959
1822
1824
1837
1970
1758
1765
1772
1776
1777
1778
1739
1741
1763
1766
1770
1772
1733
1783
1784
1786
1788
1377
1378
1379
1380
1381
1774
1788
1523
1525
1526
1534
1538
1115
1987
1989
1992
1437
1441
1442
1444
1448
1448
1451
1452
1453
1458
1470
527
1423
1426
1427
1429
1437
15
22
1788
1790
1792
7
313
1365
1366
1775
306
1640
1764
1765
1766
1052
1057
1332
1333
1334
1061
1064
1065
1071
1073
1076
1025
1029
1271
1274
1284
78
902
907
909
910
914
938
833
835
836
860
861
74
150
834
845
846
16
745
791
794
799
804
76
772
775
788
795
802
684
726
793
720
722
725
724
750
751
787
788
4
108
741
753
754
757
762
779
747
749
775
778
779
21
655
779
786
792
717
721
726
765
771
1133
646
654
655
656
280
291
384
386
404
406
529
11
104
118
120
122
8
6
7
11
109
113
369
116
121
123
133
111
124
128
137
1
4
160
193
199
3
122
126
196
119
124
155
156
24
21
18
16
9
6
26
22
18
17
14
13
12
46
46
29
28
92
74
71
70
150
91
89
85
83
81
3208
2751
143
136
133
117
112
242
241
240
231
230
229
3795
3549
3551
3661
3663
138
137
135
134
132
3527
3528
3530
3531
3532
3534
3550
248
247
246
163
819
3550
3551
3558
3147
3149
3268
3270
2731
2739
2742
2744
175
162
161
159
154
150
147
280
2713
2718
2720
2722
2744
2433
2437
2497
2503
2506
2508
2511
2492
2498
2499
2500
2251
2254
2256
2257
2273
2276
3
1757
1761
1765
770
1758
1761
1786
1787
1789
535
772
1782
1788
1789
1798
1801
1487
1489
1492
121
139
143
144
145
163
418
780
1505
1518
1525
1529
1743
237
1262
1263
991
1017
1025
1058
1062
1063
1043
1044
1047
1051
1080
1
52
898
904
926
927
903
924
925
485
486
920
921
922
937
846
848
875
879
881
892
790
793
794
795
798
800
803
64
65
66
67
1
437
438
447
452
448
453
454
24
2769
947
948
949
950
919
920
923
3399
3869
3873
3882
3885
3423
470
486
487
3824
3827
3878
3879
3880
725
2308
2309
2310
2406
16
600
3888
3889
3893
3910
3930
3931
584
728
3912
3915
318
3870
3876
3891
3892
91
3825
3869
3877
3890
16
3734
3786
3788
3718
3772
3618
3628
3630
3570
3573
3574
3538
3541
3570
3573
3574
3477
3478
3479
3481
3495
3322
3325
3328
3330
3363
3364
3366
3367
3372
3288
3295
3296
3316
3294
3296
3297
3315
3316
3352
3179
3181
3214
3241
3242
3170
3175
3184
3187
3030
3032
3143
3145
3029
3144
3247
3135
3137
3142
3145
2731
2955
2967
2916
2917
2920
2926
2928
9
2910
2911
2912
2913
2915
2902
2904
2696
2698
2700
2702
2704
2705
2764
332
401
607
646
653
69
82
233
843
13
130
206
117
151
34
57
76
24
63
66
74
157
19
69
865
39
50
3
7
4
91
87
1683
1706
83
90
796
7
343
1770
28
31
336
706
3
311
678
305
1050
2176
2113
2
123
205
121
12
933
921
1
2
456
1004
454
506
993
1002
52
2634
147
487
2686
26
340
2833
3304
196
10
23
2636
2626
3449
3445
8
303
13
295
9
135
3350
3297
3936
581
1973
1936
4066
2103
3432
3355
1963
3487
322
371
3116
3107
49
9
385
376
1807
2208
666
853
1355
39
33
235
293
803
805
6
2
187
8
1745
260
148
185
1737
37
58
568
1493
1738
245
1567
1425
2
43
1
41
42
43
2355
1
269
936
655
806
268
667
214
1378
3132
3131
1591
1574
44
1937
1971
1618
3545
3372
1754
1555
151
1706
260
3173
3175
3909
3908
736
734
2921
734
733
2
154
172
173
73
152
3
43
1421
1418
1437
1440
1378
6
104
1359
98
1197
1353
36
146
497
509
883
749
847
76
154
243
296
351
142
53
108
12
241
10
818
819
8
142
159
246
307
393
98
134
36
50
1983
977
33
67
87
2108
2075
2100
2869
32
113
743
746
793
1156
1798
20
81
1735
1766
2041
61
86
242
253
630
156
1
20
155
198
377
19
376
377
3
135
132
43
97
179
1596
157
168
503
1606
1605
1603
1602
61
72
82
359
1698
11
1759
287
335
1
277
50
276
48
322
323
326
410
659
1021
1052
1632
226
274
278
325
363
48
1
2106
3
50
2124
2113
2107
47
38
2175
2174
37
194
1400
2178
159
157
1437
973
1049
9
881
890
2030
31
306
611
25
305
253
280
434
769
27
95
1
8
88
7
8
444
1571
1578
3
340
436
198
335
4
82
132
1309
86
67
74
86
3174
2984
2292
2271
2251
1441
7
19
53
46
3123
600
3271
3260
6
137
3958
3938
3799
2985
20
24
159
2960
2961
1
3500
422
2851
3497
3078
419
462
43
2566
2429
2523
137
2671
1702
2859
2757
2670
364
732
368
232
236
4
3235
3226
3239
9
63
53
122
219
3389
102
68
69
560
568
1
96
359
488
500
87
8
11
3
263
76
256
260
180
184
893
713
12
35
8
69
23
61
38
37
274
277
240
3
86
116
83
38
1876
1881
2156
5
36
1828
1832
1874
31
32
54
364
1
1838
22
30
8
252
92
41
62
21
22
41
111
19
30
59
89
845
2
826
801
810
799
808
29
59
424
5
574
2430
395
569
2425
786
2
56
1548
253
1
418
458
137
184
47
977
110
134
1018
1017
664
1095
24
26
985
1155
808
798
1165
959
40
1269
1267
1262
1176
199
1309
36
1090
1234
1882
1472
385
527
1508
109
113
142
4
46
29
1
58
275
401
217
343
126
128
2
16
3031
3231
3047
41
186
3279
145
306
2971
144
3116
14
3616
3271
3172
1830
958
3630
3277
2658
3624
184
338
341
3286
3283
3285
154
388
457
3096
3170
234
2
99
101
233
132
863
1342
2805
69
2673
2678
2608
2609
2612
293
2532
2
2579
292
658
366
845
1710
295
479
865
872
7
10
218
2005
6
214
2008
2417
3
208
116
2223
2222
2339
2338
528
2534
42
43
47
579
7
2013
2006
571
782
409
24
180
275
706
711
155
156
1019
1065
95
19
431
410
412
2
5
86
9
347
1
103
286
354
102
107
2112
31
40
209
9
148
635
64
139
249
13
75
2081
62
484
549
1713
1849
2068
487
12
58
68
483
46
78
471
10
19
218
312
393
102
199
3
44
1787
41
61
10
20
1743
10
1733
1718
1723
35
584
617
94
110
549
16
81
65
415
439
1229
202
226
259
274
665
1016
24
814
50
203
247
384
386
33
15
150
153
334
391
7
1902
718
720
3
2230
1909
713
913
41
42
44
2233
1
3
2
2275
584
588
742
1200
474
477
2
57
55
406
351
136
219
48
133
458
85
5
325
2763
320
381
2895
2768
3
20
71
3212
1071
3215
51
3346
113
3232
18
22
164
4
3159
1170
25
186
3413
6
3855
3182
3438
2090
3869
3861
3859
3233
6
112
2628
114
3227
106
1348
2516
129
130
1242
2514
2387
1
283
448
1883
2124
2642
72
977
1003
1639
227
1552
1779
1782
40
386
412
387
2016
1976
3
26
25
1629
1223
343
54
96
42
1973
2015
3076
426
778
3546
3530
3502
3360
3296
222
232
10
2
526
663
673
188
315
524
134
16
127
28
268
328
326
355
354
352
149
8
137
10
23
13
1989
1976
227
284
432
476
492
577
489
1798
1918
57
33
192
1155
1188
1181
60
145
101
1349
1347
873
138
629
745
752
1573
520
614
357
362
2201
1314
5
116
944
1671
111
135
136
1
414
413
7
147
300
303
304
314
132
268
285
2099
1484
1554
153
1352
17
2453
2452
2367
3
2470
1
2473
2
10
2474
8
37
812
29
5
775
770
2560
35
170
171
1
135
5
120
36
45
46
9
1
171
180
430
3
4
1
250
249
763
3252
64
212
3343
148
237
166
18
3555
15
2907
2430
350
72
260
285
2922
335
213
71
263
25
3990
3604
3182
4015
386
2784
2783
48
321
273
274
283
1
9
1
1498
1609
2590
38
36
906
1447
2
33
421
1122
1447
1449
1416
2780
701
541
111
1767
1656
978
979
981
34
1653
1518
1379
911
913
976
1619
1295
1624
1621
1553
1552
1413
324
677
1286
1285
2916
1
325
551
550
2174
1648
1631
226
2
2508
2734
2724
423
1364
2510
607
941
1449
2933
334
2056
3573
1813
1517
3330
9
10
1
1
102
169
70
3583
3587
67
3500
3517
4
6
2302
2310
2
54
59
52
5
243
177
191
14
17
3
71
140
141
222
249
139
1
2290
2291
81
2286
2290
58
59
60
567
1
27
509
2205
1
17
26
16
146
490
507
12
130
118
121
983
1392
1659
3
344
341
354
374
538
862
13
17
1692
20
237
1676
1675
1678
164
217
53
59
324
329
474
6
1439
270
222
221
217
150
151
197
409
145
146
492
1
4
212
479
475
478
267
7
10
71
3
4
61
1113
22
57
1109
35
1084
1087
1313
23
87
190
1048
64
1335
103
267
164
768
770
858
604
1672
1670
157
298
714
205
1995
1992
1978
224
615
718
455
70
2
2276
88
317
318
3
6
7
1
3
18
218
220
17
15
203
208
215
4
192
188
11
809
3515
5
7
2
1
1334
1070
3818
1713
2680
634
3535
3154
2105
2901
2706
2810
195
381
2615
2429
2093
336
815
1049
1
479
992
234
273
163
4
108
1066
1136
1935
1872
2
1878
1876
126
958
568
832
264
1
919
263
333
70
2204
846
3008
3006
1551
777
3071
3854
2
3
9
11
1455
1
6
2
3
5
2
2
1
4
3
5
416
2
3
15
406
404
409
411
3
12
403
404
2
3
4
398
400
1
9
398
401
1
5
6
8
5
394
268
269
376
378
1
3
251
265
1
3
10
11
16
248
2
6
7
34
1
23
24
26
27
2
26
27
30
36
28
1
16
19
5
6
15
1
228
232
5
9
118
226
227
4
112
113
1
3
2
3
1
2
95
100
2
16
17
26
1
25
10
14
24
2
3
8
9
5
6
1
1
4
1
9
12
1
17
3
8
11
16
13
3
1
3
63
70
2
60
61
62
22
32
35
1
4
58
3
57
1
1
2
1
7
6
15
1
2
4
1
2
1
2
3
1
2
8
1
6
10
11
13
3
7
4
2
3
4
6
1
3
3
5
1
4
5
55
2
54
60
58
1
46
48
51
4
43
47
1
5
9
2
4
2
6
18
19
22
4
1
12
1
5
8
11
7
2
5
8
3
6
1
3
2
108
106
2
4
2
3
1
2
68
4
5
66
90
91
94
1
33
2
32
36
6
10
26
27
34
2
4
9
2
5
7
4
6
14
20
2
4
2
4
8
2
2
4
18
1
2
1
6
5
6
12
14
1
6
7
3
4
28
2
14
27
1
2
12
25
1
8
10
1
7
6
7
8
2
1
4
3
2
3
2
18
24
368
2
4
14
16
2
3
9
10
11
12
1
2
4
7
3
24
1
2
8
9
21
1
6
2
5
3
5
6
3
4
15
1
2
1
1
62
89
344
4
5
6
1
3
4
22
2
50
53
1
51
1
2
3
6
18
1
1
3
3
6
8
9
10
11
23
2
4
7
2
3
5
1
4
3
2
3
4
9
11
14
13
14
1
2
5
1
4
6
13
17
3
16
17
26
2
3
7
1
2
1
2
106
108
1
4
104
2
3
4
35
1
1
9
4
6
8
25
31
1
11
14
22
2
10
21
2
3
8
1
3
5
2
1
3
2
3
7
27
5
8
4
5
24
1
3
1
5
6
14
4
6
1
2
61
62
2
3
4
33
61
56
59
2
25
31
36
1
2
1
3
22
23
27
2
3
5
3
22
24
2
3
4
1
6
11
19
1
5
4
8
255
4
5
1
247
250
1
8
249
7
242
243
248
1
4
6
224
236
240
1
5
223
14
15
222
2
236
12
15
16
29
3
5
2
7
8
1
204
207
208
210
203
1
100
101
3
6
99
199
1
3
2
4
9
12
13
2
5
13
16
21
5
11
1
20
22
15
16
18
21
3
6
7
1
1
3
2
4
7
5
2
3
1
2
3
1
11
14
3
4
10
2
1
5
6
65
4
64
1
54
55
56
60
2
3
30
55
1
2
4
7
28
1
2
3
1
3
5
2
20
21
2
4
6
15
18
2
2
9
1026
1027
1028
2
4
18
1025
6
16
1023
14
15
1003
1021
3
4
9
10
1017
1
4
5
25
1
17
23
24
2
3
14
16
23
1
21
1
2
4
10
11
1
2
988
3
4
6
1
982
985
2
47
981
1
7
45
2
4
6
7
5
1
4
9
12
15
2
3
14
12
30
31
1
5
6
1
1
2
3
1
1
1
3
2
1
2
11
12
13
16
24
1
3
93
95
2
3
10
63
1
88
90
2
60
87
58
85
2
10
13
23
27
1
53
25
1
8
1
7
6
3
1
2
934
872
932
2
4
5
13
3
863
864
866
867
1
9
10
865
864
3
4
5
1
2
4
23
1
22
2
3
8
9
11
18
20
1
1
2
1
2
4
1
839
2
414
831
832
838
2
408
412
413
1
1
406
2
5
405
408
3
5
7
2
387
403
3
4
10
12
11
14
385
388
1
2
1
2
6
4
2
3
2
7
8
12
6
367
370
374
1
356
355
359
361
1
3
4
6
84
88
95
2
87
96
1
9
1
2
8
1
6
7
60
62
78
81
3
4
9
27
53
55
1
2
4
6
1
51
2
1
13
14
18
1
2
13
1
3
9
12
1
6
7
6
1
3
4
13
12
1
2
3
1
5
6
3
22
23
26
28
29
17
19
26
15
3
4
1
6
3
8
9
11
14
37
133
1
2
1
3
2
5
17
3
5
2
2
7
3
5
6
11
23
2
17
20
21
1
3
2
4
5
2
1
7
9
12
1
3
5
2
3
4
57
1
56
58
79
54
55
2
29
51
53
1
2
5
22
23
25
3
4
3
11
21
7
8
9
6
7
10
14
16
1
10
1
3
2
4
257
4
7
14
232
253
2
3
250
252
255
1
2
1
3
249
4
5
7
1
2
12
13
14
23
1
22
1
10
2
3
4
6
9
1
2
218
1
2
3
216
1
3
108
109
108
109
112
213
1
105
2
28
104
8
9
3
4
26
3
4
10
15
15
20
22
1
4
5
7
1
3
2
1
2
2
5
6
7
21
3
4
1
1
5
1
2
3
4
14
1
9
13
1
5
7
8
1
4
77
2
72
76
2
33
36
39
67
73
1
6
7
29
31
4
5
2
3
5
1
1
2
9
22
6
7
1
7
6
9
13
4
5
7
28
1344
3
2
23
3
7
19
22
4
2
4
2
6
3
20
23
24
31
3
4
1
7
10
12
59
3
9
4
6
57
1316
1
3
52
54
2
53
47
1
42
1
10
13
16
17
16
31
32
34
1
6
5
4
1
2
3
1
1
3
1
5
16
100
101
15
1
3
11
1
2
11
1
10
11
95
1
8
91
92
93
94
1
7
60
86
88
90
3
6
59
2
55
56
3
1
22
1
2
21
1
2
3
2
3
19
1
2
1
2
1
5
14
15
19
38
1
5
4
29
1
2
3
18
25
26
1
2
5
23
1
5
6
7
15
2
4
2
216
1
9
206
205
211
1
3
7
4
6
4
8
1
3
5
194
200
2
199
4
8
10
11
189
1
3
26
1
19
23
1
3
2
1
159
160
174
178
2
3
5
12
13
1
11
155
2
4
149
150
153
154
1
2
5
7
1
3
60
61
59
145
1
2
27
55
54
58
2
24
1
4
3
2
2
1
1
14
1
7
9
12
13
1
1
3
9
10
11
2
10
12
3
7
1
4
27
28
1
2
18
24
23
2
16
2
5
4
1
1
2
5
3
1
3
16
3
9
12
15
2
6
1
4
1
3
4
17
83
86
3
1
5
12
13
14
3
6
416
417
1
3
409
410
413
2
408
1
410
1
9
8
66
3
9
10
30
32
34
62
1
4
60
64
3
6
59
3
58
60
1
3
2
6
10
22
4
390
1
4
363
383
386
3
4
5
9
362
6
9
12
1
4
5
3
254
256
258
259
357
2
15
1
4
13
3
1
3
9
2
4
7
8
3
23
27
28
1
3
5
14
4
2
7
8
11
2
5
3
109
110
210
211
1
214
2
3
4
213
2
105
1
1
22
97
2
3
4
21
7
9
19
1
1
2
3
1
3
7
10
1
3
4
2
1
8
15
3
5
2
75
1
2
6
70
71
69
73
4
5
7
40
41
3
13
38
37
65
2
6
10
35
4
4
6
25
2
1
11
13
10
7
9
14
25
2
18
22
6
11
30
1
28
1
3
5
2
16
20
2
6
4
2
47
48
49
902
1
45
1
1
4
4
3
10
12
16
18
16
29
1
2
4
3
1
1
4
100
2
3
1
3
13
2
5
3
9
10
1
52
54
6
51
2
4
22
1
2
1
49
1
2
1
2
3
9
12
15
1
1
2
4
6
2
2
1
2
4
13
15
854
3
2
3
11
1
3
7
8
1
17
23
24
2
25
1
2
23
1
2
1
2
3
835
838
839
2
3
8
9
1
2
1
6
1
2
5
824
825
4
6
3
818
819
1
2
1
2
13
1
7
8
11
31
36
37
1
6
24
787
3
2
5
18
774
779
781
1
3
16
2
3
14
15
1
763
769
10
11
2
9
57
58
703
762
760
3
23
26
28
1
2
3
6
7
21
22
1
20
49
1
48
1
4
1
7
1
6
16
1
3
10
1
2
1
3
2
5
7
1
1
2
1
5
9
23
25
26
27
2
3
1
4
6
5
10
2
5
2
5
99
1
3
2
5
7
87
1
3
5
11
16
2
15
19
22
2
1
5
6
1
1
645
1
641
644
1
3
640
2
5
3
632
635
637
1
18
616
625
626
1
5
9
16
17
68
3
4
1
1
63
1
2
6
12
27
1
26
30
31
53
56
7
54
55
59
3
4
5
6
602
1
598
1
3
592
596
597
1
589
2
3
10
262
1
5
7
8
3
4
259
1
245
251
256
259
2
250
1
6
10
11
14
248
250
5
3
5
7
4
1
3
21
23
2
1
3
10
1
4
216
219
220
218
236
1
3
6
103
106
2
5
212
103
210
1
2
5
1
97
3
15
17
26
95
96
1
3
5
7
9
10
13
2
12
2
2
3
1
5
1
3
5
2
1
9
1
4
20
1
3
2
3
1
8
16
68
1
67
66
69
29
34
61
2
3
8
58
1
4
25
3
5
8
4
5
6
21
3
2
6
8
12
16
17
1
3
4
1
1
6
4
5
18
2
4
14
13
14
2
9
12
1
6
7
5
11
13
16
24
27
1
3
6
1
2
5
58
1
2
1
3
2
3
1
5
8
44
4
18
5
6
14
2
1
2
1
3
6
1
3
2
3
1
22
23
5
106
3
15
17
20
21
10
12
2
4
5
8
2
55
58
1
52
53
3
30
2
6
2
3
4
6
1
4
1
2
17
1
2
14
16
1
10
12
9
3
7
7
14
4
5
1
2
1
7
5
6
2
1
2
13
16
18
1
17
1
11
3
10
1
2
5
7
1
1
2
3
1
1
1
2
1
2
3
1
2
14
1
6
12
1
2
5
34
1
3
2
32
35
4
6
8
29
4
7
8
23
25
2
1
2
7
1
4
16
2
6
12
1
4
7
6
68
69
2
3
6
7
1
23
60
59
1
2
1
3
4
5
3
2
3
7
10
1
2
1
4
2
4
5
3
1
2
3
15
18
1
1
1
4
37
1
4
6
14
15
3
14
16
29
33
1
2
1
3
2
3
4
51
53
56
319
1
2
13
2
39
24
27
2
16
21
2
7
14
19
2
5
3
4
1
1
2
3
4
1
1
2
3
1646
2
11
14
1
1638
1644
1
51
52
51
54
1632
1634
1
2
26
28
48
1
3
4
24
27
3
1
20
21
3
2
4
14
2
5
1
2
7
9
1
262
263
4
5
261
11
12
13
238
1
255
257
2
9
1
2
6
7
1
3
4
2
11
22
1
7
9
10
11
1
8
9
1
5
7
1
2
224
226
1
109
108
220
222
2
94
1
2
3
6
25
1
2
4
7
10
13
17
1581
1
22
18
19
21
1579
3
4
1
2
3
1
1
3
2
3
1
4
1578
3
4
1
1574
1563
1564
2
4
10
15
16
18
1
2
16
1549
1554
1561
1
2
3
6
3
58
59
1
5
6
25
28
4
5
56
58
23
54
1
19
2
4
18
2
3
1533
1535
1
2
4
14
1
1478
1532
2
4
1475
1477
2
9
10
2
1051
1471
1048
1049
1467
1469
2
20
1045
1
2
8
13
19
18
1043
1
11
3
10
7
31
5
7
11
13
3
15
18
23
27
2
12
24
6
9
10
950
2
944
1003
2
4
55
59
62
941
1
2
939
941
1
3
2
1
3
50
2
2
41
44
17
23
1
4
6
10
1
3
5
2
4
2
5
11
3
1
2
17
1
110
15
1
2
64
62
68
4
7
30
2
26
30
31
33
59
26
28
57
2
3
6
1
3
5
9
11
13
15
19
4
2
3
1
2
3
881
1
2
14
859
873
878
12
18
2
4
9
11
2
4
7
2
1
2
16
22
28
29
1
10
12
15
9
1
7
1
842
843
844
1
419
425
415
418
421
2
3
6
3
5
6
396
1
2
1
4
3
10
12
14
1
7
2
6
1
4
1
2
1
3
5
20
21
23
2
2
105
107
367
18
103
1
3
8
2
3
4
6
1
5
1
2
65
63
87
2
5
8
88
1
3
59
1
3
7
80
81
85
4
6
17
20
16
21
4
6
11
2
4
7
2
2
3
2
5
12
16
3
3
5
7
2
3
4
32
1
5
26
29
4
2
4
12
13
21
23
2
21
1
2
1
3
1
4
1
3
2
6
4
1
2
11
12
1
9
1
2
1
5
3
4
4
1
2
2
1
3
4
16
13
1
2
6
7
12
1
3
2
4
61
59
1
22
56
58
21
57
2
4
5
2
4
1
15
1
3
9
2
4
2
4
5
6
19
265
2
260
261
263
1
2
1
2
4
1
9
36
1
2
35
1
34
18
21
22
5
229
246
1
4
5
3
223
224
224
227
115
116
221
2
1
2
1
100
106
3
99
2
18
19
2
4
17
29
96
2
5
11
13
3
2
3
6
2
1
5
4
7
10
12
2
3
1
19
3
18
2
1
67
4
8
63
65
66
70
2
3
61
62
64
1
5
26
59
4
61
5
21
23
1
3
14
18
1
2
1
3
2
3
1
2
1
3
18
20
85
2
3
8
2
4
2
33
3
4
11
13
15
1
2
5
24
28
1
12
18
23
3
5
2
2
6
13
57
63
2
3
4
1
6
1
5
4
7
12
5
8
18
5
39
44
4
13
10
13
14
2
7
1
4
2
3
1
1
17
2
3
106
1
3
10
2
100
101
103
2
7
91
98
5
63
92
2
5
54
4
23
25
27
3
3
19
2
5
2
3
1
4
7
12
6
2
3
4
8
1
2
15
19
18
3
4
9
13
1
3
4
6
9
2
1
2
1
3
5
3
4
5
12
2
11
12
22
9
1
3
4
2
7
5
1
209
1
5
208
2
1
1
4
10
196
195
1
20
195
5
6
192
1
2
1
1
3
4
7
8
3
29
1
4
1
3
176
175
166
173
4
2
4
144
147
2
12
3
9
10
143
1
6
54
128
132
134
136
140
5
49
51
53
2
3
22
25
27
45
1
1
6
7
15
16
2
3
4
5
11
1
9
1
8
1
2
1
5
2
3
14
17
1
1
1
5
2
22
2
3
20
1
3
1
3
6
7
6
3
4
2
3
1
1
1
4
2
10
16
3
8
14
2
4
1
13
17
75
74
2
6
9
8
3
16
18
415
417
1
2
416
418
419
1
418
12
13
414
4
7
57
59
3
4
8
26
29
1
26
50
51
1
4
50
1
2
3
1
2
3
397
396
397
1
17
18
1
15
16
377
378
394
14
376
2
4
9
13
2
373
5
263
4
5
254
261
263
257
258
16
246
249
254
255
1
3
5
7
2
4
19
2
2
10
15
4
7
8
3
4
6
225
228
242
3
239
2
4
99
102
103
217
221
1
2
1
3
5
2
95
2
30
28
3
4
10
12
14
2
3
20
23
24
26
1
2
3
6
1
2
3
2
4
2
2
2
4
5
3
4
7
21
1
3
1
9
2
5
8
1
4
5
27
58
60
3
57
62
1
2
9
10
22
2
7
6
1
9
12
4
6
18
23
2
3
4
10
12
1
10
1
33
1
17
19
2
3
16
1
4
6
12
13
3
6
3
50
44
47
1
43
2
42
5
6
3
12
19
20
1
9
2
8
1
3
6
2
5
3
1
1
114
4
113
114
1
110
109
1
6
9
1
95
92
94
1
3
4
2
3
55
57
1
2
22
28
45
54
1
53
1
4
20
3
19
22
1
3
5
2
19
1
4
5
8
3
21
1
3
4
3
6
7
1
6
7
17
18
1
5
17
4
1
2
1
4
5
10
2
3
1
5
1
4
3
5
2
4
8
1
6
5
9
4
5
21
24
28
96
380
410
1593
1
4
2
3
16
1
3
14
2
3
1
2
5
29
4
6
10
11
3
1
4
3
1
4
1
3
15
14
2
68
2
61
59
61
4
7
3
8
30
5
2
1
3
22
2
7
2
5
9
19
7
12
17
1
4
3
5
2
4
7
9
2
5
14
5
2
6
8
9
4
2
5
9
2
4
3
7
13
17
18
2
1
2
3
8
2
6
101
6
4
5
7
3
30
95
2
4
2
1
8
22
3
5
2
3
1
2
5
1
2
7
12
1
3
2
5
3
2
5
3
1
2
12
1
7
8
10
11
1
3
5
22
26
54
57
59
1
57
2
56
3
21
1
1
2
1
4
18
3
4
1
2
14
1
2
1
2
247
246
3
4
229
1
20
21
23
226
231
1
11
17
4
9
10
32
2
18
24
25
1
16
23
6
15
1
9
3
5
8
2
201
210
1
3
4
201
202
2
199
200
1
1
90
2
4
12
13
15
19
1
2
13
25
24
25
87
1
4
9
3
2
5
1
4
11
12
1
3
7
1
2
1
4
13
16
3
4
1
7
8
9
1
2
6
1
3
4
61
62
2
4
19
21
22
1
2
20
54
58
1
1
6
17
3
5
2
1
8
11
7
1
6
1
2
14
1
8
12
39
1
3
38
2
3
37
34
2
3
26
27
31
1
14
15
18
24
12
13
5
2
3
7
1
58
59
4
1
4
3
5
6
46
47
1
6
16
17
3
16
37
39
42
44
1
41
1
4
10
4
3
4
1
2
23
4
21
3
1
2
3
89
88
89
93
1
4
8
10
1
3
86
2
58
82
85
4
53
54
56
3
5
9
26
30
53
2
50
2
3
5
2
14
16
17
2
3
12
1
9
1
3
2
4
1
2
5
18
4
6
13
14
17
16
2
1
3
7
2
4
2
3
4
1
23
1
19
22
1
13
18
9
1
1
1
2
6
4
5
391
393
2
4
5
7
11
1
2
9
11
15
384
385
1
384
385
389
391
2
3
1
3
4
2
1
4
1
3
4
21
2
3
5
371
369
2
3
17
1
2
1
3
14
2
91
5
86
88
89
1
2
51
55
79
1
3
78
81
2
53
55
1
22
45
53
2
2
3
17
1
2
4
13
15
1
2
3
4
1
9
1
2
5
6
15
3
4
2
2
4
1
2
1
2
12
23
1
6
7
10
11
2
3
5
3
5
1
3
1
2
1
1
1
30
1
3
11
1
21
22
27
2
8
21
1
8
6
7
1
9
11
13
8
4
8
27
28
2
4
2
1
2
5
19
1
4
6
16
2
3
14
1
3
93
1183
2
55
57
57
58
90
2
4
6
27
2
25
50
4
5
19
21
3
1
2
3
15
2
1
2
3
13
1
1
8
9
10
2
5
265
3
263
264
1
1
10
2
6
9
1
22
2
4
2
3
1
7
1
6
3
4
104
112
220
223
1
220
4
5
99
1
2
27
94
95
1
2
3
1
12
15
24
25
1
2
7
11
1
1
3
4
2
1
2
1
1
4
3
6
3
6
7
3
20
23
2
7
12
17
67
1
65
1
64
63
66
67
2
6
28
32
33
34
61
4
5
59
60
1
3
26
2
22
23
1
3
19
2
3
13
18
1
7
1084
1090
1
6
10
8
9
3
4
1080
1077
1080
1081
1
5
4
5
9
10
1
4
3
17
19
24
25
27
1
1
11
1
4
10
2
3
1043
1057
1
6
7
1038
1039
1041
6
1
3
54
971
1032
2
2
3
5
1
2
3
4
16
22
1
2
38
20
37
1
2
6
12
1
4
3
1
6
1
5
4
8
4
6
2
108
1
2
17
106
1
2
3
101
103
105
1
6
15
1
1
95
98
2
94
57
92
4
7
10
15
4
8
1
5
6
17
19
4
6
2
8
13
917
6
916
917
918
2
3
4
9
1
7
12
17
1
5
2
4
2
5
25
3
4
8
13
1
10
20
4
5
19
20
1
4
5
880
878
879
1
411
874
877
1
876
2
3
10
1
6
391
394
395
1
4
5
2
3
6
7
1
4
8
1
11
385
384
385
1
2
4
1
1
3
2
1
3
2
373
374
371
4
109
111
366
2
5
10
107
8
13
14
105
3
4
102
1
68
92
95
98
1
5
2
3
4
32
1
7
26
29
30
1
2
6
1
7
10
19
21
22
25
4
22
3
18
2
2
4
2
3
7
3
4
7
2
6
26
30
4
24
1
11
5
6
8
10
1
2
1
1
2
1
1
6
2
20
2
3
18
1
4
2
3
10
15
1
8
1
3
1
18
22
1
5
17
4
5
2
3
1
2
1
2
7
8
1
54
2
4
5
53
1
2
48
1
21
22
1
1
4
1
3
4
2
13
1
3
4
5
3
2
1
2
255
254
255
256
2
253
1
3
2
8
11
1
2
1
21
22
23
20
23
1
10
1
4
3
1
2
100
103
88
98
1
2
4
5
3
9
12
13
19
1
1
3
6
1
2
3
5
6
3
1
7
1
6
1
3
4
1
2
1
3
63
2
4
62
1
3
4
7
11
23
2
3
19
20
23
1
3
2
4
2
5
6
1
3
1
3
4
5
6
2
3
1
1
5
1
4
2
11
34
1
9
30
31
32
2
8
18
6
16
4
1
2
5
4
3
55
58
63
46
5
6
43
3
4
8
1
5
6
8
19
21
1
20
19
23
40
1
2
1
11
10
2
3
1
2
4
1
2
1
4
6
2
3
100
1
3
4
6
1
2
1
91
92
97
1
64
2
31
33
36
1
5
7
29
6
28
3
7
2
4
1
2
22
1
4
8
13
18
21
3
4
5
1
3
5
2
6
4
5
1
2
11
1
3
4
9
2
3
5
1
3
1
12
15
1
6
11
2
5
3
5
200
2
5
1
2
1
181
184
4
6
3
10
12
14
2
9
1
7
1
2
3
4
6
1
2
22
25
24
2
4
20
2
15
16
146
2
4
9
10
11
1
4
5
132
2
3
1
2
3
5
53
1
51
55
2
27
50
2
22
1
1
7
20
1
4
6
133
3
1
2
4
3
5
2
2
4
2
4
4
15
16
17
19
2
1
11
9
10
4
13
15
20
23
2
3
4
9
1
1
3
4
5
2
1
2
1
1
1
2
1
4
5
1
10
14
1
2
9
1
2
3
1
7
1
3
6
2
3
1
3
4
8
2
4
7
1
2
463
464
463
1
461
3
6
16
456
460
4
3
12
13
5
61
62
2
3
6
57
1
3
4
2
49
54
19
47
48
49
1
4
5
440
1
3
14
434
436
12
13
1
429
431
2
410
411
428
1
5
6
5
409
1
3
12
13
2
12
271
1
9
7
8
1
29
2
3
15
19
17
18
26
1
1
247
259
260
4
246
2
3
5
3
237
239
244
2
111
236
238
1
107
109
1
3
8
3
5
2
1
1
2
1
2
5
1
3
9
3
7
2
4
1
2
5
3
7
2
4
67
67
2
4
5
27
2
25
1
4
23
2
3
1
3
19
1
2
3
8
11
1
1
5
1
1
3
2
21
3
12
16
19
2
3
7
9
1
5
37
2
32
9
12
18
25
3
5
1
3
2
61
69
72
1
2
6
59
1
49
58
64
4
48
2
5
7
2
3
20
1
18
20
46
45
3
1
1
4
2
4
2
2
2
3
5
17
26
123
1
115
119
1
2
3
114
2
113
114
1
84
110
10
80
83
84
4
5
7
70
2
17
30
31
15
6
8
5
7
12
12
13
2
3
1
3
6
3
1
2
1
1
10
18
33
1
3
16
17
2
5
8
23
3
4
13
1
3
5
4
6
7
3
1
1
3
1
13
16
2
10
11
6
2
4
1
25
26
1
24
1
23
3
1
4
6
5
1
2
16
18
1
3
4
11
13
15
2
1
61
74
4
7
60
56
60
4
5
11
24
26
2
1
2
1
6
2
1
1
2
4
1
13
2
7
2
13
1
2
10
1
2
1
4
8
2
3
2
3
11
12
14
1
13
25
12
2
8
1
1
1
2
1
2
4
112
124
1
2
5
2
5
21
27
31
2
3
29
1
7
27
6
14
15
16
3
8
11
8
4
6
2
3
1
1
1
4
5
6
3
8
22
1
18
297
17
2
4
2
3
10
8
4
7
8
14
3
68
71
6
3
24
1
17
20
1
3
5
7
10
16
2
5
273
2
3
1
2
4
3
264
268
2
3
22
25
258
259
261
6
19
1
3
29
33
2
3
4
2
13
14
1
3
2
11
225
236
3
4
107
108
115
218
105
111
126
98
103
1
12
96
2
3
6
1
37
3
4
8
21
4
29
84
5
13
1
8
1
4
1
3
16
18
2
13
3
8
11
5
8
3
55
1
10
27
28
30
49
52
1
51
2
2
3
1
16
17
1
3
4
2
8
9
1
2
5
6
1
1
2
1
1
1
1
2
3
15
17
21
2
12
14
1
1
10
1
3
2
2
60
1
55
58
1
42
44
50
3
4
1
2
1
3
4
6
2
3
4
2
6
9
1
4
3
2
3
1
2
5
1
3
1
21
2
4
5
17
2
15
1
2
100
1
2
9
1
63
65
96
98
1
2
7
62
1
3
6
35
33
34
29
8
6
21
2
4
6
13
2
3
1
2
1
7
2
3
6
16
14
3
1
18
28
1
12
14
1
8
6
1
1
5
9
92
2
1
10
5
9
4
21
87
7
8
9
10
2
3
5
1
25
31
2
24
19
21
22
1
8
1
7
1
2
11
14
1
2
6
10
5
66
67
7
8
4
64
62
1
2
58
59
1
58
1
1
3
8
19
2
3
7
4
6
15
4
5
11
13
11
1
2
9
1
2
1
2
9
11
12
1
2
4
35
1
34
37
1
4
7
10
13
20
31
32
3
31
1
3
2
1
3
3
4
1
5
7
4
5
9
1
2
1
4
11
5
6
21
1
3
8
13
16
2
1
5
3
4
1
5
1
2
5
2
3
