29
910
1268
1469
1489
1504
1894
249
1065
1344
1603
1604
1563
1328
340
562
541
1761
631
74
2164
794
1386
496
1855
1551
1703
1355
1356
790
274
26
1539
521
624
653
677
904
905
1039
1681
410
2315
80
640
765
1349
1350
882
374
883
897
1083
66
71
403
447
517
1969
468
2101
957
542
1861
241
1567
244
243
242
744
140
2304
61
104
131
132
17
90
103
43
1750
1478
193
297
298
1474
2061
505
2165
29
2166
2167
2168
2169
2170
1915
2202
2203
1528
1537
27
28
121
14
10
1
1091
870
1180
408
2042
776
1243
41
1251
246
870
152
1679
1407
52
24
23
126
134
141
1947
1948
363
1186
1207
1241
1296
1528
1527
1861
2086
1659
1658
168
298
953
42
158
1848
2215
2217
2218
1514
1515
115
202
204
205
221
248
249
259
308
311
323
1899
1900
442
2079
87
89
90
106
133
134
144
193
196
208
1784
1785
1964
231
232
1160
112
113
954
314
313
1729
61
154
15
317
717
721
720
719
718
333
1
17
107
119
232
85
1090
1195
53
1091
45
46
538
213
82
804
1696
806
805
1299
1431
279
35
729
275
274
1079
273
272
271
569
872
190
449
267
1222
1516
671
40
1673
814
139
418
1797
1822
1567
30
32
33
80
238
81
103
164
170
208
217
168
1467
485
486
1191
327
13
306
1875
911
1125
1126
1140
1141
1161
1162
1163
1164
1166
1255
1274
1277
1278
1284
1288
1159
64
953
313
312
1728
316
270
568
113
114
716
720
94
1419
871
719
718
717
332
16
62
670
118
39
231
1089
86
1090
46
47
212
81
1695
803
805
804
1298
1430
280
36
266
1221
1515
383
1821
1566
29
31
32
79
80
102
163
169
207
216
167
100
484
1466
14
1874
910
1254
1273
1276
1277
1283
80
1712
300
1211
90
102
1265
1679
1282
52
1858
1196
499
531
569
645
910
1184
189
677
1
11
60
428
470
843
187
50
1652
633
1035
486
1030
422
1478
1773
262
183
132
100
37
1146
57
1831
1833
1211
1195
498
530
568
644
909
1183
190
676
10
59
427
469
842
188
49
1651
632
1034
485
421
1477
1772
184
133
101
36
1145
58
1830
1832
1210
1185
488
520
558
634
899
1173
200
666
49
417
459
832
198
39
1641
1387
622
1024
475
411
1467
1762
273
194
143
111
26
1135
68
1820
1822
1200
1136
509
585
850
1124
249
617
368
410
783
247
10
1592
573
975
426
1412
362
1418
1712
1713
243
192
160
23
1086
117
1771
1773
1151
206
848
210
1121
1330
139
564
430
199
1043
1041
431
426
137
46
535
198
1390
833
174
123
138
1038
1625
19
12
67
7
1326
814
1761
562
480
999
409
968
1003
540
542
541
690
692
850
851
1589
874
698
1604
813
822
1158
1405
1406
1407
1409
536
21
1355
810
885
435
549
434
550
1505
1506
1768
1775
1181
1239
354
1260
1111
936
1041
231
232
1066
246
1263
182
180
90
1121
373
334
498
172
610
835
195
194
1610
496
198
598
602
601
600
599
214
444
80
510
633
105
467
1768
79
5
1314
11
110
890
113
971
1606
1076
204
972
164
419
165
94
37
679
1577
860
685
687
686
845
1180
999
1312
775
398
154
1015
196
348
203
751
960
1637
152
450
753
71
1378
1700
453
148
1397
111
442
1040
552
695
20
537
1678
9
1703
576
1615
1448
1714
89
798
87
86
119
39
38
16
45
51
89
49
98
366
1348
367
1748
446
183
132
187
1756
637
1769
1770
141
792
194
1809
948
1007
1021
1022
1042
1043
1044
1045
1047
1048
1051
1052
1136
1139
1155
1159
1165
1169
20
425
290
538
536
537
360
645
69
416
189
1466
1483
421
1146
445
619
655
700
705
331
283
697
698
223
581
1479
262
334
261
915
1502
79
78
174
621
77
70
399
1657
190
107
284
1177
1179
1180
511
860
845
880
195
435
367
1194
1463
1464
1465
749
788
751
1074
1205
1467
1468
1470
1472
1557
1593
1473
1474
649
509
624
576
535
433
1486
984
1266
119
849
686
1589
297
222
992
82
1624
1237
960
1369
589
336
335
710
1681
806
1420
1722
70
441
452
1433
711
541
5
1293
119
678
621
619
296
297
231
668
693
694
1256
485
324
984
570
348
565
293
851
1149
1328
457
1334
1370
836
1251
417
578
357
1043
342
624
484
445
692
1279
893
298
294
295
413
1474
1
14
320
321
348
377
854
1093
983
1235
306
307
334
363
840
1079
982
981
969
203
843
249
1018
855
202
198
1133
335
336
1131
201
221
236
626
862
843
1257
600
941
296
1016
754
35
734
615
706
168
216
251
639
443
943
617
274
638
306
591
150
703
1129
1256
1255
226
474
1230
342
625
1206
523
1205
1157
1143
1014
644
990
512
569
948
534
116
118
92
1
232
454
234
233
139
842
803
138
90
606
334
455
605
716
170
140
1007
921
656
858
663
856
477
379
685
694
328
656
380
800
1085
1086
820
821
822
823
824
825
839
1
28
57
600
586
585
474
473
194
195
1162
534
773
268
198
181
180
157
663
972
27
56
78
12
198
281
79
13
14
15
773
725
585
584
533
772
8
1096
738
735
1158
7
483
665
181
453
473
479
662
663
798
968
29
105
15
225
308
426
52
14
13
12
800
752
612
611
506
745
19
1123
765
762
1185
20
456
692
154
446
506
635
636
771
995
397
134
44
254
337
23
43
42
41
829
781
641
640
477
716
48
1152
1215
794
791
1214
49
427
721
125
878
417
535
606
607
742
1024
2
642
290
48
654
1147
403
399
395
126
1334
134
135
1455
1332
802
798
797
794
451
20
35
425
1063
399
497
1217
955
166
935
414
907
840
644
416
1016
839
143
105
51
1330
1456
1431
424
1407
589
724
689
845
713
368
675
1149
735
85
1067
19
83
109
480
202
31
253
482
532
108
824
480
821
33
32
340
1183
1004
339
111
792
807
254
515
371
341
806
857
657
864
655
678
386
580
886
895
127
233
222
455
179
599
685
446
447
884
885
619
620
621
622
623
624
625
627
628
629
630
631
634
635
636
637
638
234
18
622
28
1479
634
1167
423
419
415
146
1354
114
115
1475
1352
822
818
817
814
1342
100
471
99
1314
98
15
405
1083
1478
420
454
1313
693
379
1164
1162
517
1237
975
186
955
394
927
860
664
396
859
123
85
836
807
783
71
556
1350
1476
555
1451
221
404
1427
569
744
669
865
733
348
695
1169
755
105
610
1087
578
577
103
129
563
460
222
11
233
502
552
88
500
13
12
360
1024
359
131
827
234
495
391
361
786
877
637
884
635
698
992
366
600
906
337
915
107
202
435
159
579
705
597
599
600
601
602
874
875
603
604
605
607
608
609
610
611
614
615
616
617
618
33
607
329
13
332
336
337
1262
338
619
339
1035
1182
438
434
430
161
1369
99
100
1490
1367
837
833
832
829
115
114
113
486
390
1098
364
1177
532
1171
1252
1164
990
201
970
379
373
942
875
679
381
1033
874
70
86
1365
1491
1466
389
1442
759
880
748
333
710
1184
770
120
1102
118
695
144
445
681
446
237
4
680
218
517
567
569
73
568
515
2
3
375
1039
374
146
842
219
480
406
376
771
892
726
622
899
620
713
352
351
615
1001
921
920
930
922
92
1461
1459
808
187
420
422
403
144
564
567
720
181
170
169
632
631
584
585
586
587
588
589
590
592
593
594
595
596
599
600
1
601
602
603
490
217
423
1840
1846
377
1075
722
1647
54
663
1591
229
1425
1572
828
824
820
551
1759
291
290
1757
505
504
503
876
482
1488
873
26
923
922
1561
566
1642
63
1554
1380
1360
11
1332
133
1265
1069
9
165
1264
282
1820
320
476
1755
1881
960
1856
1685
1456
1
329
1832
1454
1149
1270
1138
1100
515
1574
1160
510
1492
406
508
534
55
627
394
172
907
957
1326
317
683
905
392
393
1799
1794
765
1530
1523
1429
764
536
1232
171
90
796
766
1902
1874
295
381
1826
1282
1278
1289
1398
1005
236
1510
1311
1389
1322
1310
684
297
1320
1312
1192
384
1193
282
1194
199
298
235
1621
1358
1851
1849
203
30
1791
246
174
177
1112
1111
1110
572
571
560
559
194
195
196
197
198
473
199
200
202
203
204
205
206
209
210
211
212
213
366
321
318
105
80
239
832
525
1629
1271
1268
1691
1932
526
50
1198
352
1306
60
1258
1118
292
1117
836
1296
611
814
521
731
128
1012
129
130
265
1501
1935
319
1071
764
1868
1510
1507
1930
765
715
289
1437
591
1211
52
1879
1545
299
1497
1357
531
1356
766
1518
822
26
1075
1535
850
1053
760
759
758
757
459
534
970
111
1251
110
109
26
1740
2323
2241
2170
793
2074
37
2073
1775
157
74
164
1530
250
548
2166
1390
1222
1258
71
1639
144
859
1428
167
2278
145
50
2192
1491
343
164
306
1948
487
1806
2043
486
1178
688
695
1452
1169
660
2178
1681
966
2107
2202
276
1077
1365
1622
2252
2253
2254
2255
2256
2257
2258
2259
939
2261
2262
1911
214
2301
1692
1696
1697
1698
239
1319
1151
1187
1568
73
1357
96
2207
74
2121
1420
272
93
235
1877
1972
415
1324
1323
572
2043
1381
1098
589
2107
1610
895
2036
2131
205
1006
1294
1551
2181
2182
2183
2184
2185
2186
2187
2188
868
2190
2191
1840
143
2230
1621
1107
1280
1106
70
657
636
1261
935
1434
2111
1112
1182
76
326
580
1340
977
958
490
23
1341
1947
1965
1972
1002
1023
2030
2035
910
692
265
962
2092
1413
1549
1176
677
999
929
2035
1785
1531
771
1134
1153
1621
2134
770
165
164
146
139
1109
1088
76
1201
1846
19
698
562
242
918
813
814
818
819
821
1919
176
1250
1249
522
1433
1132
1133
173
1236
1015
1165
316
174
1350
1937
310
889
959
976
977
1000
957
68
719
1623
1629
318
289
288
377
1399
379
574
1360
86
1916
486
33
1340
67
757
1419
1941
627
505
1183
1703
735
393
1325
396
1080
1170
1722
2009
11
320
900
525
2068
2075
961
2100
2101
2102
2117
1277
1278
1302
1303
1306
1307
1308
1309
1320
1552
1553
469
304
303
228
121
412
472
225
468
835
238
867
471
119
1580
247
279
829
519
210
1785
135
888
127
15
1618
187
195
372
986
18
678
1028
1639
64
32
896
773
1831
18
19
86
134
274
1100
275
865
867
866
916
1342
194
1040
1793
460
400
1024
1
1023
68
116
256
1082
257
847
849
1624
919
698
848
898
1324
176
1
1022
1775
478
418
1714
932
931
206
481
237
683
67
255
918
847
143
1323
175
401
1774
569
48
188
1014
189
781
323
30
34
35
38
627
242
851
630
780
1256
108
69
217
954
75
274
275
289
1073
16
45
69
296
297
492
546
486
515
140
966
141
733
371
732
1208
60
906
123
188
226
227
241
1025
32
3
21
248
249
594
534
467
569
137
1571
826
810
1
302
306
593
511
158
154
153
150
1233
1333
592
1068
80
285
766
263
354
86
87
101
885
172
143
119
108
109
746
745
787
686
641
570
763
201
180
177
304
533
734
674
680
864
43
227
45
825
139
233
1337
984
980
979
976
1324
1318
1311
234
242
906
60
893
481
1034
740
739
725
59
998
969
945
718
717
77
1005
1407
1560
1500
558
441
540
677
632
193
344
573
865
592
512
1367
1232
1332
816
53
662
441
493
486
591
1067
81
765
145
329
85
86
100
884
173
144
120
107
108
657
242
766
506
303
596
735
675
267
326
254
384
1249
1250
1526
471
305
1406
51
671
9
1327
1313
659
660
359
24
1403
730
945
978
1339
1338
194
425
273
272
31
26
1104
1376
775
1284
1091
1
475
673
308
173
805
835
1279
856
921
847
472
831
350
1234
1163
1356
174
284
773
770
544
545
289
261
60
1327
1267
846
478
305
304
653
668
394
263
264
271
398
768
247
1114
1311
23
729
1103
1270
1242
1241
1092
446
1084
89
1077
800
195
764
157
735
711
484
483
972
830
349
348
293
476
672
174
408
506
505
71
491
57
150
119
772
769
298
12
10
288
11
117
23
557
78
844
310
59
1283
306
309
1173
868
802
1389
659
1386
920
1326
1266
846
713
804
834
473
324
845
265
384
207
534
715
1406
274
641
642
984
973
231
658
659
931
935
471
470
469
401
986
987
1457
212
206
204
205
334
484
692
691
420
722
896
423
432
695
688
356
135
45
44
43
42
1333
1319
149
1317
1318
1141
880
1646
1579
92
58
1118
1117
1148
302
301
300
764
1802
1742
1321
743
297
742
744
187
735
649
730
78
74
73
70
57
431
654
382
386
1651
666
665
867
606
561
1056
1206
490
30
31
683
365
846
274
128
166
167
181
965
92
63
39
188
189
848
327
847
1448
134
100
97
384
1516
613
597
595
596
419
130
654
594
173
405
1445
406
404
961
1341
760
1658
1659
944
79
1344
186
117
197
903
1277
1118
1549
170
1383
527
1388
978
1008
1094
1004
161
989
990
1
602
457
231
565
1593
462
88
60
233
132
1500
1440
600
478
477
379
90
91
2213
1875
1000
954
953
1830
930
1727
769
2264
1199
960
959
1919
2333
1773
454
752
2024
1335
151
856
984
1077
188
1776
131
390
2314
2221
1763
1918
2210
367
621
742
166
155
346
1072
1730
970
1971
1970
25
2215
1585
1582
1068
24
1962
720
719
716
274
207
93
57
48
15
14
50
60
361
1025
596
605
227
258
299
181
1345
263
601
316
1444
1442
1443
1266
1265
383
629
725
727
728
182
210
374
1946
302
1419
508
917
1866
984
28
864
124
126
127
419
391
1242
291
350
628
629
631
257
423
422
418
417
415
1353
115
116
1350
821
817
816
813
1312
59
1410
341
116
106
387
391
392
394
74
395
273
396
1035
1414
1279
1310
684
750
1203
1169
696
183
470
1256
1475
29
103
221
301
12
1155
1148
467
920
926
730
517
731
53
501
57
89
840
737
165
1202
358
874
522
904
393
39
1385
728
599
893
174
201
1021
70
571
189
849
850
852
36
202
201
197
196
194
76
1132
336
337
1129
600
596
595
592
1120
1092
1091
280
1189
942
120
61
105
115
608
612
613
614
615
147
616
494
617
1193
897
1058
1089
905
529
982
948
917
404
80
249
510
1035
1254
168
250
118
209
934
927
246
699
705
509
296
770
198
280
310
619
958
386
981
137
411
716
717
653
743
683
172
182
1047
1164
507
820
1114
395
422
322
1270
629
1548
1549
1551
663
497
498
502
503
505
1035
1036
99
103
104
107
979
490
235
804
814
1307
1311
1312
1313
1314
1315
1193
908
494
1604
170
1616
1103
619
189
450
336
555
949
817
143
453
44
142
1034
1621
190
71
419
1009
80
1657
1085
282
103
1442
16
881
1746
465
192
455
454
1519
1813
1121
1501
1500
743
806
807
1152
424
426
425
1601
2188
1013
1270
29
1010
872
880
683
1
727
726
728
183
505
894
893
892
758
695
170
1075
80
761
762
997
299
449
851
852
1269
851
1009
871
879
684
726
725
727
184
504
893
892
891
757
694
169
1074
79
762
763
996
300
450
897
898
899
900
901
360
63
735
734
17
509
317
1225
1226
1227
76
77
78
672
671
80
380
157
154
153
447
453
455
454
1115
1117
1120
1123
1125
1128
1129
1131
345
223
674
381
237
1082
756
808
439
407
206
502
499
498
770
772
775
778
780
783
784
786
122
726
139
594
1607
1411
183
370
881
917
918
1182
1180
10
292
287
436
1439
1441
1442
249
1122
1142
92
67
183
184
185
21
629
85
987
1456
962
967
989
93
1725
702
1726
706
137
1011
990
1050
192
1013
1336
383
1729
1730
46
208
1732
1741
1734
1819
1855
228
257
1735
281
1736
508
412
509
312
387
1285
247
362
314
171
1748
952
369
1246
959
486
960
22
487
1769
501
1528
1111
359
596
161
35
137
1
40
1551
1177
277
275
1764
276
99
180
1066
72
1585
807
1499
1631
810
809
335
851
593
972
1944
1682
1984
677
826
1374
1524
348
349
1542
1543
1544
587
593
1191
179
184
880
916
917
1181
1179
11
293
288
1438
1440
1441
250
1121
1141
93
66
628
86
1455
92
988
1724
973
1725
1010
1049
989
1012
1335
1728
1729
207
1731
1733
1818
1854
1734
1735
388
311
248
363
315
172
1747
951
1245
1768
1527
1110
961
966
592
22
986
413
36
958
959
1740
595
1176
1763
182
136
183
435
1606
360
184
191
138
39
71
368
23
371
1704
123
1550
1849
179
1065
146
1584
726
806
1498
1630
809
1222
808
334
850
971
1681
1157
583
1355
1360
296
260
259
5
3
1187
1469
935
931
930
927
1464
262
264
265
1426
55
39
35
1269
1110
1262
279
1084
188
548
549
166
1061
127
187
164
159
552
553
969
555
557
642
971
678
558
559
1564
865
1424
1539
1491
1348
571
225
69
592
351
66
1212
1137
215
210
584
1198
190
1589
218
217
564
374
1591
581
587
994
1040
844
530
993
741
430
1536
992
985
1314
1105
896
669
668
808
1199
1547
1454
1452
1453
1276
997
111
707
1030
408
450
370
322
606
92
45
88
454
455
459
367
368
842
326
205
505
82
1170
1947
883
847
846
582
584
1774
2056
2051
325
323
322
2013
642
622
1856
1697
1135
1849
308
1671
775
39
38
753
1648
714
774
751
428
2147
35
34
1556
32
30
55
1558
91
257
29
28
2151
1452
2011
2126
2078
1935
16
812
6
518
5
1380
1366
1365
1254
236
653
1253
1543
1799
1724
213
212
802
797
2041
1171
1785
777
2176
805
804
23
2178
1168
1581
2039
1580
1328
157
2123
1579
1572
1901
1692
1395
1786
59
1886
2040
1863
1584
698
179
957
265
133
954
541
955
118
1429
913
1166
108
1167
107
792
178
403
1307
1236
679
681
1
339
700
341
699
340
342
215
23
259
255
256
257
258
260
1
117
387
115
112
113
116
114
1477
1476
1358
1353
1344
1316
1315
1166
1164
1158
1151
973
929
874
838
809
785
558
557
423
422
551
553
838
596
196
113
112
111
830
247
609
1009
793
822
824
844
850
852
134
143
767
570
144
415
36
35
974
486
283
388
232
233
79
23
425
395
165
426
905
1014
1014
973
1078
24
1124
866
812
131
321
37
291
864
655
358
226
450
1056
128
619
347
340
720
1577
1468
1062
679
1063
915
1858
1851
1574
813
3
1019
1040
1
1
556
386
299
428
180
975
1140
181
1043
21
1039
1041
484
654
741
612
860
65
2180
859
4
1018
2
555
385
298
427
179
974
1141
180
1202
1203
2
1020
557
387
300
429
181
976
1139
182
559
463
170
257
128
376
419
1696
375
647
648
676
677
513
495
491
492
236
1272
233
140
19
449
1454
1335
22
447
912
913
914
915
654
749
767
768
770
772
775
259
776
255
256
1036
1001
599
600
224
3
810
2
1
260
376
217
646
374
213
556
1218
1099
214
211
812
815
835
124
263
179
63
1222
1103
92
796
1094
911
912
920
331
1051
980
937
651
807
809
177
812
261
206
235
744
1
2
4
257
373
643
371
154
155
156
169
165
342
164
162
170
436
478
497
248
372
370
1221
1220
1102
1097
1088
1060
1059
910
201
249
284
976
902
895
717
241
673
416
738
582
553
529
302
301
166
852
529
531
532
533
548
549
650
434
1050
710
711
47
24
236
1
110
1145
1131
258
369
370
215
1220
96
891
216
901
894
1065
961
962
963
145
461
166
102
294
301
537
539
217
900
893
671
475
899
1178
1064
960
961
962
146
460
651
435
1049
711
712
46
23
587
111
1144
1130
259
370
371
214
1219
97
892
103
295
302
538
540
154
464
1177
372
373
645
698
1217
1093
99
894
904
898
891
669
735
297
899
928
147
163
120
941
740
21
856
429
430
431
432
571
203
44
45
1438
111
112
473
1478
162
633
1196
42
1159
1152
995
1437
638
1189
1323
1219
1220
1221
113
719
148
392
176
1308
452
305
453
282
1403
1389
156
36
43
279
281
196
87
270
2
1554
589
322
1
3
438
170
1594
1593
1475
1461
1433
1432
1275
1268
1090
230
540
264
461
194
193
1424
1353
632
634
640
641
994
97
635
631
398
632
634
167
80
1647
1824
47
237
1557
589
813
272
1566
1424
534
857
1864
1863
263
1212
268
269
1245
402
28
1202
52
1694
1623
1121
691
348
349
351
352
354
358
362
363
364
370
628
309
121
367
1264
905
253
901
668
902
429
417
185
418
183
419
420
738
169
436
330
859
542
350
1375
1552
225
509
1285
317
541
262
194
1294
1152
585
1
1
1592
1591
535
940
1473
540
1088
541
973
130
300
930
324
1422
1351
849
419
620
621
623
624
626
630
634
635
636
642
356
581
393
992
95
633
525
629
396
630
157
689
87
690
89
691
692
466
441
164
602
587
270
78
406
1260
1134
321
585
191
973
1371
218
1
962
1356
165
1465
1456
36
1270
1263
582
206
748
1041
462
742
1315
7
809
527
1300
1330
1331
1332
224
830
40
189
158
456
1425
569
1478
226
1201
342
622
1138
991
987
836
989
509
407
154
573
880
1500
45
843
762
484
778
504
151
407
1261
1135
322
586
974
1372
219
963
1357
1466
1271
1264
583
207
749
1042
463
743
1316
8
810
526
1301
1331
1332
1333
225
831
41
157
455
1426
568
1479
227
1202
341
621
992
988
837
990
510
406
155
572
881
1501
44
844
763
483
777
503
150
1553
435
542
541
537
536
534
263
195
2
1448
169
1593
1592
1474
38
940
936
935
932
1597
728
1596
1280
1274
1267
1089
586
1045
537
235
552
544
193
539
192
978
974
62
1423
869
64
850
620
30
355
1505
356
750
378
397
88
692
457
458
330
588
271
154
149
148
767
147
102
787
788
799
800
91
183
1551
433
1211
540
539
535
534
532
261
194
193
1446
167
1591
1590
1472
132
36
938
934
933
930
1595
726
1272
1265
1087
584
1043
847
527
988
1108
539
233
550
542
191
541
206
190
976
972
39
327
49
64
1395
1421
867
66
848
796
782
781
618
670
28
748
380
1361
395
231
90
1516
1502
459
460
461
328
586
269
152
147
146
769
145
789
790
801
802
93
159
161
162
163
185
1
119
124
4
865
319
326
504
548
897
898
912
1696
639
668
692
919
920
1054
170
241
2158
2025
2072
2073
1004
1070
118
1313
318
325
719
503
896
897
911
1695
638
667
691
918
919
1384
1457
1748
1886
1897
1986
1988
2381
64
65
1541
124
169
240
47
2219
2220
2222
766
1321
886
79
1039
932
933
937
938
940
1211
1279
1436
1
122
200
207
385
888
778
779
793
1577
520
549
573
800
801
438
1757
2011
1239
922
930
1281
2013
1282
1128
1305
1130
500
1129
1536
77
51
605
26
1538
624
854
1444
724
1483
1852
840
844
843
1077
1241
1562
1909
1911
1144
1203
1325
1326
2241
1327
2261
2262
2273
2274
2276
1565
1631
1633
1634
1635
1657
709
84
1059
104
321
1144
927
928
932
933
935
1206
277
1274
1192
187
973
111
189
158
1301
1312
195
202
2006
1266
1196
380
424
1003
1073
1091
620
1994
977
723
1894
479
359
773
774
788
1572
515
544
568
795
796
83
1992
134
974
635
1424
1425
1235
1243
916
1244
2007
1261
1794
599
40
2034
600
353
1239
1533
1806
619
1808
1809
1810
1811
849
1439
327
106
446
957
1072
836
1781
1303
1332
1314
1557
93
49
35
2190
1197
1949
2238
1616
1651
1652
872
1024
1696
918
919
923
924
926
519
1265
1198
85
1241
938
28
29
178
964
149
186
193
714
350
647
256
1231
1232
626
922
69
1416
1000
1998
1267
1427
529
1522
591
1524
255
610
840
1430
1978
1183
2092
619
760
759
948
1883
1302
993
1896
613
873
2223
2224
2225
2226
2227
2229
2230
2235
2243
2263
2270
1607
844
996
995
1668
491
1237
1170
57
1213
910
1
150
936
121
158
165
387
686
619
228
1203
1204
598
893
894
97
1388
972
1970
1239
501
1494
1496
227
1402
1950
1155
2064
591
732
731
920
1855
1274
965
1868
585
845
1161
2198
2199
2201
2202
2207
2215
2235
2242
1579
843
995
1667
293
889
890
894
895
897
490
1236
1169
56
1212
909
149
935
120
157
164
934
386
685
530
757
758
618
227
98
1202
1203
597
892
893
1387
971
1205
1206
1969
1238
500
1493
562
1495
226
581
811
469
1401
472
1782
1949
1154
2063
184
156
108
280
590
731
730
919
1854
1273
964
1867
584
844
1160
2197
2198
2200
2201
2206
2214
2234
2241
1513
1578
1518
341
247
1087
1020
93
1063
760
786
8
15
997
998
1009
237
536
469
78
1053
1054
448
743
744
1238
1056
1820
1089
1344
1346
77
1252
1800
1005
46
441
770
1705
1124
815
1718
435
695
1011
1769
2048
2049
2051
2052
2057
2065
2092
1429
1492
81
911
912
992
77
303
447
1358
195
126
1149
13
1156
436
250
437
191
291
435
1627
293
884
902
534
1705
290
218
170
244
1045
668
751
789
790
1600
1111
1594
1543
1384
1595
1843
35
1714
1713
1050
99
452
272
1344
1059
1395
611
1889
1891
1721
1036
84
211
616
1992
198
224
197
432
2020
690
486
485
48
47
2053
1178
1475
33
186
102
686
514
14
279
839
87
1507
864
86
84
37
76
126
1510
732
733
737
738
740
1011
82
333
1056
1057
1058
1229
1230
685
1079
1012
101
752
1798
1854
21
1234
7
990
1132
185
688
1064
522
895
896
919
425
1799
528
1699
876
284
164
278
1797
30
1039
1235
164
60
61
62
440
735
736
1040
1048
721
1049
1542
1066
1713
1067
1082
1551
1106
1117
300
1143
299
1573
1233
1580
343
1242
404
155
405
439
1044
446
1338
675
855
1611
1852
340
1612
854
287
1861
424
1207
654
1212
1244
1892
1893
1894
1896
1899
1903
1643
185
183
1664
89
184
7
1666
434
1667
433
1669
281
1671
1876
1674
1675
640
239
1677
644
1948
643
251
1950
762
641
877
1586
1108
1137
1119
249
369
368
1697
367
366
1802
1116
1801
1362
1800
292
807
244
230
111
1997
1998
880
427
1742
1875
1743
687
1754
1065
1068
1069
1070
2044
650
2073
1323
1332
1381
1453
1454
1455
1456
1457
1458
1459
1460
40
179
109
679
507
1348
292
7
286
832
94
1500
857
93
91
69
119
1503
725
726
730
731
733
205
1004
75
326
203
327
331
332
335
1222
1223
1227
988
1032
678
1072
1033
1831
264
1005
108
327
1177
1045
745
1791
1847
1041
28
329
983
1125
178
681
654
1042
1057
770
515
222
871
888
889
912
418
1792
521
1692
131
157
285
1790
37
1228
171
67
68
69
433
729
1059
787
791
1060
1096
201
1075
1144
1179
1421
1871
1544
1099
1110
293
1136
292
1566
291
1226
1573
1216
266
336
163
1403
1822
397
1011
162
398
432
1699
301
1037
416
439
90
1331
668
848
1604
1845
347
1605
847
294
1854
2
417
1200
1612
1379
647
305
1237
308
1885
1886
1887
1889
306
1892
1896
1194
790
126
1636
910
1935
1657
1659
427
1660
426
1662
274
1664
1869
1667
1668
165
633
753
1670
637
636
244
755
634
870
1579
1101
1112
362
361
1690
1836
360
359
1795
1109
1794
1355
1793
1108
11
299
17
295
800
603
251
237
1987
1988
1308
1990
176
1991
1731
420
1734
1735
1868
1736
680
2013
1747
675
1058
1061
1062
1063
2027
2037
643
2066
1212
1316
1325
1349
1374
1417
1418
1447
1448
1449
1450
1451
1452
1453
501
1170
464
654
508
547
548
552
553
555
825
826
1626
871
872
873
854
1283
1433
894
257
258
1051
1628
503
44
86
896
42
28
881
897
920
115
1151
1647
334
220
359
1665
1153
361
239
469
1059
1759
456
692
923
856
204
1177
1787
429
415
1548
759
818
940
941
942
1856
1876
1877
1888
1889
1180
1272
1545
457
909
285
508
611
316
635
266
320
1575
93
720
503
504
508
511
1576
782
147
1582
1300
293
1302
985
1306
1001
585
1005
766
810
811
820
1583
456
852
68
330
549
1625
551
459
579
649
667
690
317
196
1570
299
496
274
232
1568
816
853
1199
877
1497
888
1050
488
1012
114
115
3
524
124
1610
384
176
451
437
284
447
1109
873
195
978
1634
1016
1563
768
567
97
1412
1414
566
545
50
318
54
43
1437
1440
52
411
1456
1357
541
4
1573
1572
1571
884
1362
893
459
552
198
458
1525
835
889
1541
1542
1819
1543
1844
1098
1099
98
402
539
711
797
1266
404
1381
120
46
1273
30
1552
734
121
219
155
388
1220
162
1054
743
1335
678
679
723
724
744
816
817
1349
512
152
483
374
1
4
34
1515
832
229
659
403
836
840
973
1029
318
494
914
785
1223
365
1276
368
29
53
280
281
415
1057
398
85
258
259
273
274
1472
677
365
1622
793
289
465
885
756
1194
1247
336
339
24
251
252
386
1028
427
56
229
230
244
245
1443
648
394
1593
68
764
313
464
265
441
861
732
1170
1223
312
679
315
227
228
67
362
1004
451
32
205
206
220
221
1523
1419
624
418
1569
92
740
86
237
38
214
634
505
943
996
85
452
88
1
160
135
777
678
195
22
21
7
6
1296
1192
397
645
1342
319
513
85
236
37
213
633
504
942
995
84
451
87
161
134
776
679
196
23
22
8
7
1295
1191
396
646
1341
320
518
512
1159
837
49
221
252
821
819
129
214
221
3
3
414
5
933
276
775
402
213
931
990
79
304
305
314
4
332
347
370
498
845
1221
47
813
890
330
310
311
603
157
879
142
311
81
44
509
1057
262
1172
908
655
924
926
928
929
824
443
302
82
454
24
939
1141
26
91
942
27
384
486
962
1068
627
1027
795
623
1032
979
899
861
308
1008
159
1314
70
460
1349
588
837
820
16
403
276
319
991
208
494
259
312
345
600
483
275
310
667
666
42
889
508
1056
261
637
593
303
572
26
961
380
974
71
296
309
49
267
1304
1307
1308
1313
1321
1348
685
855
620
56
57
998
740
1006
266
739
1245
1194
1186
1183
1163
1157
670
667
666
596
595
458
459
460
504
1173
7
75
1058
451
962
1200
366
640
973
170
1199
1329
197
621
164
1275
311
307
1266
1252
1123
1168
761
939
188
937
200
306
304
312
294
620
639
390
185
186
605
205
898
1099
190
1366
356
20
598
619
755
516
655
168
880
191
1
279
1133
1219
846
819
817
818
752
547
1333
452
453
93
654
134
1075
1324
963
184
517
185
50
189
75
58
106
141
833
384
365
1169
641
940
187
938
1200
661
139
18
344
864
248
1230
250
1228
1229
762
1052
286
752
284
795
806
404
168
63
796
132
71
317
435
970
19
1019
1325
1244
1242
183
525
534
5
6
606
1059
166
249
619
612
613
393
287
285
169
731
1109
316
217
1106
1107
1108
1343
1210
3
921
918
432
1081
319
318
314
313
311
717
713
712
709
844
190
905
646
287
1064
1
930
627
397
193
295
614
887
746
411
812
726
10
1114
212
1111
1112
1113
540
611
610
301
264
541
966
1331
431
647
1138
1082
320
319
315
314
312
718
714
713
710
490
130
124
845
122
123
904
980
647
946
286
1065
746
802
931
1374
628
398
192
1251
231
287
1237
135
1235
890
1236
1059
619
888
399
814
745
412
505
881
725
1115
211
61
1344
1112
1113
1114
539
612
969
263
1216
542
965
989
1022
328
784
787
114
576
577
785
1310
293
292
1252
1238
1236
1237
1060
890
889
815
504
928
989
1433
1425
1142
593
541
480
479
459
458
420
419
1525
1268
931
827
828
831
173
623
195
18
33
215
1274
712
613
502
501
497
496
117
272
236
234
757
830
1496
1484
1454
1378
1372
33
1311
1297
1126
317
318
444
806
799
1154
75
302
1286
1284
84
164
32
713
1081
964
700
129
204
478
554
1106
64
1537
1083
1504
169
589
1170
207
159
124
568
1601
649
1645
222
1475
293
76
242
518
1577
879
32
1263
573
792
1156
860
1081
71
153
3
1179
1178
1823
23
363
1825
1824
1195
1191
1192
1
1558
548
1225
1784
1224
975
524
1465
143
1559
549
1226
1785
1225
976
525
1466
142
46
2161
1106
1105
1101
1100
1098
1801
868
1433
1392
500
1502
1414
1184
594
2095
1174
1557
1675
2145
132
175
182
2152
1147
2141
66
989
990
994
995
997
294
1227
2204
2
662
703
1595
593
681
1284
911
1501
2080
2090
921
1647
538
420
50
2227
2270
2277
57
948
1364
1268
1009
534
1275
1309
335
424
418
416
417
692
408
27
545
37
737
77
60
63
544
503
1365
1283
248
1545
1530
1182
1108
211
1094
345
1120
1045
5
33
1027
99
423
417
415
416
250
253
255
259
261
904
222
1023
1544
1107
212
114
62
1309
1277
1685
713
1563
1322
16
939
1518
238
276
1838
1414
278
277
1280
1080
405
1121
409
408
1127
1304
1129
1128
1285
1287
1286
1619
1755
1754
2155
74
1984
2036
2039
2043
2045
1827
1253
1277
485
1278
1551
1753
1224
1435
1430
437
1756
1482
1926
2150
2151
41
109
107
631
108
1137
806
1887
235
448
267
589
5
583
2226
118
1364
101
1323
884
1196
70
1415
1266
1267
1970
986
609
2048
2056
959
1813
1816
1817
845
997
998
1263
2
1
178
1328
614
349
467
466
2134
2135
2139
1876
2142
1962
2144
1301
526
2060
508
1956
103
1321
882
1194
72
1413
1264
1265
1968
984
607
2046
2054
957
1811
1814
1815
843
995
996
1261
1
176
1326
347
465
464
2132
2133
2137
1874
2140
1960
2142
1299
524
2058
506
1954
102
1322
245
883
1195
71
1414
1265
1266
1969
985
608
2047
2055
958
1812
1815
1816
844
996
997
1262
177
1327
348
466
456
465
2133
2134
2138
1875
2141
1961
2143
1300
525
2059
507
1955
279
1145
706
1018
248
1237
1088
1089
1792
144
808
431
1870
1878
781
1635
1638
1639
667
819
820
1085
1150
289
279
288
1953
1955
1956
1957
1961
1698
1964
1784
1966
1123
348
1882
330
1778
1321
658
661
1679
864
576
279
280
430
713
617
618
717
1165
1313
1336
350
104
251
154
153
157
534
1280
250
175
847
334
364
1066
1070
831
186
187
1838
978
941
1264
979
44
1783
1432
423
1664
358
240
849
319
1426
1428
1431
127
556
1434
1340
1439
1687
260
1455
490
866
436
834
1779
211
632
926
927
928
32
254
1501
118
261
648
521
133
265
277
1188
172
442
194
487
224
226
392
116
75
1422
85
27
1635
1807
1814
177
1820
446
1427
1197
1193
408
617
712
715
716
1576
263
779
347
1608
1031
1902
1903
1904
1905
1052
1184
1248
276
885
453
502
1081
199
161
1401
977
159
160
643
32
843
684
28
29
690
867
692
691
848
850
849
1182
1318
1317
1718
363
1547
1608
1390
787
993
1045
1489
1713
1714
478
546
544
545
816
840
48
841
1114
1316
998
1319
1559
700
369
1450
202
170
11
152
442
189
146
1789
555
927
71
1043
434
1772
817
238
1518
1480
82
342
1478
1479
676
1351
476
635
1347
1348
629
452
627
628
471
469
470
137
1724
1
2
399
1682
228
287
289
71
532
326
274
170
394
395
1797
1865
1863
1125
1864
619
503
479
1271
478
205
3
321
240
950
131
1521
1489
1308
1167
1761
1130
1173
470
1874
392
494
772
1292
1294
1295
1296
165
534
200
33
1005
415
991
1151
1640
289
1147
16
292
135
82
83
1229
66
374
53
1
37
52
964
963
871
979
980
1406
1315
1183
1181
544
51
50
1802
1757
727
1351
1350
807
1553
1067
320
192
1771
1224
1037
702
377
821
897
150
213
1149
155
295
1026
1025
1027
116
1669
1038
1039
1782
1000
617
489
133
132
1114
1113
1021
1129
1130
1556
1465
1333
1331
694
201
200
1952
1907
877
1501
1500
515
467
432
260
957
1864
56
55
71
1659
1657
1703
1217
470
42
1921
507
1374
420
1187
852
227
971
1444
1445
1047
63
1299
1176
1175
1177
266
1819
1188
1189
1932
1150
767
639
940
1021
869
868
627
622
1766
1280
1239
1238
78
702
736
2099
1840
514
1837
1838
1839
1337
313
312
760
545
604
30
111
304
1125
493
494
735
740
243
123
124
345
306
431
436
44
43
42
435
434
432
1409
450
1180
1824
959
730
1374
509
1008
1675
1676
332
382
1686
1492
2
22
292
131
458
850
67
81
1552
1317
672
1403
2227
726
761
274
996
1319
1396
1395
1429
1484
1716
1715
2049
2274
15
20
2119
1083
1007
434
335
599
261
762
766
932
765
764
1091
118
750
749
50
1728
1326
3
2
1
503
1276
402
1323
1324
1325
823
219
198
499
506
47
1725
494
493
819
821
937
1422
1
2
713
500
1418
104
218
163
48
1670
1726
495
494
820
822
938
1423
1
714
501
103
217
49
1727
496
495
821
823
939
1424
715
502
1420
102
470
719
718
453
127
1225
6
7
213
319
1357
321
437
922
684
670
604
1
1543
1042
1043
61
62
154
420
46
45
397
381
290
158
156
481
974
975
777
732
298
671
620
612
609
589
583
326
325
262
242
1372
218
689
1387
1119
1120
1246
484
482
528
360
42
583
705
1217
586
746
668
649
199
755
1198
12
323
1402
1487
1488
204
584
269
270
201
128
2
909
644
221
245
307
312
168
167
166
1
13
14
757
25
34
408
536
795
886
952
954
969
1043
1044
62
63
155
421
47
46
398
380
289
157
155
482
975
976
776
731
299
325
324
1373
219
688
1120
1121
1247
483
481
527
361
41
584
706
587
588
745
669
650
198
756
1199
11
324
1403
1488
1489
205
583
268
269
202
129
1
910
643
222
246
308
313
167
166
165
12
13
756
26
35
409
537
796
887
953
955
970
422
542
380
378
154
764
682
571
107
103
102
99
614
404
965
637
529
1153
504
144
982
1284
352
1384
353
482
130
480
935
135
1271
134
152
132
131
545
105
521
522
566
567
587
589
659
660
1502
670
783
826
1146
354
1412
159
747
748
743
161
1252
1253
1254
168
918
911
223
309
15
31
36
410
489
1453
1289
1065
1675
340
1018
1014
1013
1010
297
1315
54
274
382
242
1055
71
373
1263
473
1264
1393
1041
1391
24
1046
360
1045
1063
1043
1042
1456
806
390
389
345
344
324
322
252
251
591
241
128
85
235
557
501
1070
1658
1659
1654
1072
688
602
926
409
501
1
630
634
633
601
1587
600
1590
1589
337
336
2188
599
633
632
16
1280
174
1531
3
1575
814
817
938
25
32
954
957
956
33
34
296
297
1555
733
1
732
514
1464
1249
1
257
262
261
260
1465
1250
258
260
259
261
887
679
771
940
815
883
325
881
371
372
373
310
724
1146
592
692
107
106
92
1207
372
730
112
516
1257
992
629
621
3
432
5
4
1187
1190
587
1
709
52
1188
1191
586
708
51
1090
2
1011
789
967
819
820
821
822
552
966
606
160
324
367
368
369
370
541
542
546
391
392
911
284
689
843
1204
657
961
835
518
72
989
189
1010
428
1012
674
425
1308
435
1
376
820
821
778
822
823
893
1164
1165
1174
555
836
73
990
436
490
1115
1114
1113
428
427
1
517
419
427
965
770
91
910
964
850
924
919
971
772
822
823
824
550
884
882
395
396
835
764
1154
1165
1166
1175
374
371
373
515
1222
111
957
973
837
985
46
74
991
42
1259
43
191
437
451
491
1012
676
1014
930
620
916
619
1309
239
238
393
516
432
509
670
677
679
1
1555
10
1556
659
705
706
797
798
313
263
354
486
488
898
897
896
988
987
1273
1275
1274
425
1308
445
632
1363
1595
1594
1928
2152
2133
2153
107
104
106
101
2134
2135
2136
2137
542
1951
1952
1953
1602
1603
65
1736
1737
1432
1436
1846
483
286
1623
1655
1030
1026
1025
1022
579
1351
194
170
177
1519
1023
595
649
30
1493
362
1463
594
1153
732
66
893
869
336
1100
845
310
278
2113
1060
656
662
665
1405
1564
2048
2148
275
786
868
1928
1178
1470
1097
1101
638
2115
1965
1992
1994
1998
494
1682
1266
432
2343
2344
2356
795
800
1652
1653
24
45
65
1266
1534
131
538
360
1487
362
391
169
2197
1250
1225
2198
777
325
2052
225
456
88
100
694
701
731
745
746
857
858
2144
568
1907
1909
536
2233
1035
1570
1036
1988
796
797
798
2291
1512
52
51
1
52
60
63
83
89
346
347
384
51
59
62
82
88
1222
1254
503
504
505
387
506
8
11
31
37
1171
1203
452
453
454
336
455
3
23
29
1163
1195
444
445
446
328
447
20
26
1160
1192
441
442
443
325
444
6
1140
1172
421
422
423
305
424
1134
1166
415
416
417
299
418
1
1930
1055
116
117
118
1670
332
1820
1861
1862
1
2
476
1554
448
1704
1
478
477
475
1553
449
1703
1744
1745
1160
1161
477
476
474
1552
1117
1116
1450
450
1702
1743
1744
1159
1160
69
70
72
73
143
144
266
1197
1198
1199
1
3
4
74
263
75
859
863
864
1128
1129
1130
2
3
73
863
1
71
260
72
856
860
861
1125
1126
1127
70
71
1124
1125
1126
1056
664
1
334
1054
1055
1055
752
669
668
1053
1054
1
91
384
383
90
385
384
769
39
401
390
389
305
621
61
152
153
394
399
479
459
877
902
903
1029
701
699
140
1210
91
53
113
249
457
773
91
1
631
242
247
611
291
339
374
1066
151
1071
12
335
243
205
114
248
458
774
632
241
246
612
1072
13
334
1057
251
244
206
109
73
385
1054
237
233
232
230
989
828
569
229
448
729
332
573
271
1125
565
534
368
546
893
419
316
274
1242
174
175
525
823
821
512
91
431
430
785
202
226
227
258
269
360
451
355
7
699
1015
333
914
5
124
1345
125
1313
254
93
816
492
485
447
360
2
704
1020
919
1350
1318
259
88
811
497
490
452
362
6
7
552
1077
467
814
815
520
817
677
676
1153
47
881
733
730
762
795
468
673
54
130
1265
1263
113
14
50
76
1231
156
270
286
584
691
763
769
805
1401
686
478
434
1744
1149
298
1145
405
477
483
519
1687
1146
400
85
401
403
192
2046
542
1948
1934
1805
496
887
107
1650
221
1985
1781
918
1814
1301
73
1382
102
1494
2047
2021
1996
1306
1313
1309
1310
1311
1308
1312
2066
2013
2001
1880
1879
106
1396
2042
1447
1454
135
478
2124
1580
72
78
114
2092
5
320
2
1768
214
213
1492
1064
958
890
509
1765
6
42
2164
2196
77
285
1117
1113
36
2170
2202
1629
1035
1773
83
291
795
123
2206
2238
1665
1994
1827
119
434
953
327
1606
1178
47
1072
823
1256
1255
751
750
719
708
1246
32
541
2087
2090
1253
1879
1258
1348
1350
1351
588
57
538
542
2007
2008
2310
1456
249
1178
2002
557
1566
1
314
579
1494
580
810
1044
1565
1252
987
677
673
166
672
670
678
72
986
1005
756
615
21
522
1943
1945
237
1369
1388
559
226
1233
130
631
645
646
757
758
1587
1434
578
1035
888
892
67
53
76
31
438
260
1387
262
1399
893
895
887
1493
579
560
809
1384
55
291
124
1385
994
100
1389
1219
435
405
580
1954
683
1854
1031
261
1952
125
1390
9
409
1353
2083
1807
1808
1809
1810
2100
544
20
353
380
382
381
447
1746
853
265
388
179
639
380
92
1231
498
79
191
744
693
621
619
374
310
314
645
631
502
821
315
317
309
915
1
18
231
478
89
85
84
81
2
1376
93
465
1624
606
605
601
600
598
1536
327
1256
1534
97
934
914
933
684
108
1326
1327
453
880
166
104
1385
1218
274
810
361
862
848
847
736
94
735
1026
1023
1025
1569
541
421
455
1057
222
949
710
308
309
313
314
316
622
587
342
620
817
20
19
230
806
1367
34
1080
810
471
304
640
104
1275
820
179
112
109
111
373
493
1369
143
692
35
688
940
78
79
83
84
86
852
357
572
850
67
587
250
249
499
576
1137
196
850
580
590
701
534
51
342
410
126
1045
339
341
885
143
1139
373
265
1376
1377
747
4
132
131
417
419
418
452
507
739
738
1072
1296
1297
895
963
960
961
962
957
543
712
704
698
686
14
716
879
1
285
287
286
320
375
607
606
940
1164
1165
1027
1095
1092
1093
449
450
511
1094
1089
675
844
836
830
818
878
286
288
287
321
376
608
607
941
1165
1166
1026
1094
1091
1092
450
451
1093
1088
674
843
835
829
817
1164
2
1
35
90
322
321
655
879
880
1312
1380
1377
1378
164
165
226
1379
1374
960
1129
1121
1115
1103
1166
1
33
88
320
319
653
877
878
1314
1382
1379
1380
162
163
224
1381
1376
962
1131
1123
1117
1105
1165
34
89
321
320
654
878
879
1313
1381
1378
1379
163
164
225
1380
1375
244
961
1130
1122
1116
1104
1199
55
287
286
620
844
845
1347
1415
1412
1413
129
130
1414
1409
210
995
1164
1156
1150
1138
1254
712
232
231
565
789
790
1402
375
400
401
527
1470
1467
1468
74
75
1469
1464
1203
1201
155
1050
1219
1211
1205
1193
1486
480
1
333
557
558
1634
1702
1699
1700
158
157
96
1701
1696
77
1282
1451
1443
1437
1425
1485
481
334
558
559
1633
1701
1698
1699
157
156
95
1700
1695
76
1281
1450
1442
1436
1424
224
225
1967
1691
1659
496
805
799
797
798
444
2035
2032
2033
491
490
429
2034
2029
410
1615
1819
1784
1776
1770
1758
1
2191
1915
1883
720
1029
1023
1021
1022
668
2259
2256
2257
715
714
653
2258
2253
1839
2043
2008
2000
1994
1982
78
2192
1916
1884
721
1030
1024
1022
1023
669
2260
2257
2258
716
715
654
2259
2254
635
1840
2044
2009
2001
1995
1983
618
615
2114
276
148
308
1471
1162
1168
1170
1169
1523
68
65
66
67
62
352
183
191
197
209
1230
1236
1238
1237
1539
1591
216
393
3
2
1544
1545
1606
1
6
420
1184
251
259
265
277
344
376
1188
1642
1645
213
1541
1542
417
1
2
3
248
256
262
274
1712
1228
1234
1236
1235
1729
395
612
2018
613
615
616
1537
1589
214
2159
1542
1
4
418
249
257
263
275
342
374
1229
1410
1235
1458
1493
2185
1237
1236
1538
1590
215
1543
1544
1605
5
419
968
250
258
264
276
343
375
2341
2176
210
1538
1539
1619
414
245
253
259
271
1124
1125
1186
1205
204
169
161
155
143
114
1540
1538
1261
1262
730
727
279
277
1
531
534
345
1858
278
276
532
535
346
810
808
3
186
1383
813
811
189
981
936
1
694
695
696
697
700
695
696
697
698
701
988
3
1759
40
1043
1690
1196
1684
1041
1613
303
512
468
590
16
10
8
9
293
381
345
616
136
97
93
94
95
481
902
870
549
557
1667
1166
1167
1168
789
4
3
2
1
468
497
476
475
474
473
1058
1060
1162
1163
1164
793
1
2
469
1054
1056
1065
1067
1163
1164
1165
792
1
469
470
1055
1057
1164
1165
1166
341
467
441
308
223
496
475
91
727
725
423
1058
274
1354
1402
780
808
822
231
26
159
244
29
8
376
1192
44
591
741
887
935
313
283
506
856
537
126
21
105
423
424
425
426
430
431
433
435
437
1051
803
532
1206
835
239
569
246
236
1240
833
1011
116
1009
128
1395
1202
121
173
126
1163
996
594
240
894
637
936
34
736
737
746
238
247
1
841
318
1394
243
119
865
1392
1345
988
35
737
738
747
93
842
317
120
866
1344
797
535
585
587
1040
779
775
774
771
534
520
264
1277
298
31
272
1391
273
274
275
680
496
309
462
792
1424
1406
1386
1353
1339
1273
1886
18
38
71
1868
1877
20
195
196
210
211
213
171
194
1848
1850
1857
2176
2178
2179
2180
528
2
1
2351
2095
1856
559
826
825
1323
14
1421
1606
1467
46
48
1041
1798
1986
1987
1362
1600
356
1379
1772
1776
1777
1779
2081
1842
1437
545
812
811
1309
1407
1592
1026
1784
1545
655
2029
2027
200
1972
1973
1348
1586
1593
1595
131
350
1004
678
77
1175
32
692
1344
1203
1204
1212
1213
1245
1269
1281
1307
1387
2120
568
961
445
1849
1750
310
1861
143
817
1906
1907
694
695
1167
1364
1366
2248
1595
1597
1598
1599
1606
1697
1706
701
702
776
791
1674
1683
2001
629
402
401
777
400
957
11
234
90
178
445
18
1457
310
1673
1682
1766
1768
1769
1771
1773
1776
1777
2064
2065
2066
2067
1812
1329
1156
765
15
71
1113
434
309
1672
399
1681
398
1932
879
1302
1898
273
352
1798
2078
1416
233
1271
50
1193
1204
1230
512
1886
1126
1127
1135
1136
1658
2
932
146
256
1464
696
1593
1594
67
2029
1234
724
725
547
152
147
1595
1596
222
75
112
1895
110
267
287
294
1657
384
1666
1509
1917
490
38
394
1945
1701
1293
145
883
1745
1609
1608
1607
35
337
335
204
202
120
1208
1816
1824
645
684
592
596
1088
1846
1853
1857
1858
1386
1466
1511
246
921
236
163
892
962
979
980
1003
194
1881
54
154
149
1040
114
112
1896
1655
1664
162
1920
1473
881
2009
1727
6
333
891
2127
46
53
1835
1143
1154
1180
1834
7
26
851
1076
1077
1085
1086
1372
1373
40
544
101
883
1550
1108
468
316
467
67
1883
169
1828
9
208
203
249
1041
552
11
668
669
330
1603
94
119
135
1262
137
320
365
1642
884
506
520
1647
521
632
633
838
949
344
1973
68
313
681
1827
1616
1207
398
1830
82
1345
1778
1779
1031
1783
1033
1784
1369
93
344
345
349
350
353
509
533
539
649
650
568
567
1769
1771
1776
1777
11
322
1132
651
655
304
290
161
1162
656
658
650
323
1147
54
361
1148
757
1021
1069
1104
1796
137
1152
579
982
446
1617
1153
1570
1572
257
116
143
145
144
210
1509
679
722
295
564
197
662
213
276
665
378
234
190
120
1503
223
1364
1704
1705
1706
1707
1449
1171
1450
1452
1453
1454
1456
355
4
5
8
379
896
661
1622
53
1663
1664
264
1541
225
1445
1167
1446
1448
1449
1450
1452
359
1
4
383
892
657
1618
57
1659
1660
260
1537
229
1166
1444
1445
1447
1448
1449
1451
360
3
207
384
891
656
1617
58
1658
1659
259
1536
230
1163
1441
1442
1444
1445
1446
1448
363
204
387
888
653
1614
270
61
1655
1656
256
1533
233
307
218
248
500
244
1504
1577
749
737
707
631
625
780
564
550
379
1227
1327
59
58
342
427
842
652
1275
720
24
46
32
31
80
81
209
240
311
807
392
204
205
209
210
212
726
457
1171
795
806
1002
724
1005
686
701
1007
707
702
706
575
623
658
1350
133
456
652
124
823
423
704
421
123
750
736
607
583
716
759
269
1125
245
374
703
372
330
371
324
303
323
301
240
234
196
302
236
1063
536
1527
1528
917
502
423
283
657
656
655
654
34
60
59
45
739
1159
498
929
603
493
307
899
924
925
1051
679
677
199
192
44
82
1045
239
481
724
677
1380
1392
1393
1122
558
559
590
601
695
35
1158
343
45
143
537
536
262
261
1
181
895
897
990
1141
870
515
426
15
797
217
570
804
556
556
549
894
1084
712
714
233
8
397
1
9
10
39
40
42
43
66
67
78
104
8
9
193
66
77
103
1
193
58
69
95
193
57
68
94
1017
1015
760
757
756
380
328
775
939
156
150
148
149
512
376
767
514
517
520
522
525
993
526
528
300
153
205
719
1042
871
1010
907
237
967
1358
593
240
943
1357
68
732
23
22
21
157
357
349
826
2
734
3
26
163
257
1228
766
907
202
283
416
282
278
654
76
955
962
93
286
368
369
370
371
372
373
378
730
276
1
360
359
351
242
24
471
155
785
255
832
621
622
418
280
650
651
527
528
529
960
91
376
729
218
360
352
243
23
154
536
786
254
283
570
855
320
620
621
1063
1062
1061
1060
651
38
959
375
1390
266
706
384
383
375
131
527
526
512
272
231
1228
601
627
628
629
936
67
249
971
352
364
1385
1426
78
11
37
229
256
1437
26
1463
41
1023
99
1190
394
375
481
393
1254
396
1229
1228
442
840
841
148
207
227
252
253
254
395
401
1439
1437
444
508
504
1320
1136
3
503
501
509
836
323
378
695
837
778
911
480
444
59
60
402
231
945
837
1177
2
765
761
762
835
1
920
9
34
35
161
197
297
1569
1567
1267
1266
526
273
1129
1356
1336
25
26
152
590
476
1578
1576
661
171
170
326
375
200
98
1292
551
1154
1381
1361
1
127
615
501
1603
1601
381
686
146
145
301
1430
350
1281
175
123
1293
1292
552
1155
1382
1362
126
616
502
1604
1602
380
687
145
144
300
1431
349
1282
174
124
1419
1418
678
1281
1508
1488
742
628
1730
1728
254
813
19
18
174
1557
223
1408
48
250
1003
995
100
1179
316
1475
1765
1436
1434
1739
1262
623
1267
1103
1095
1279
416
1575
1865
1536
1534
1839
1362
723
1367
311
312
1102
1052
449
222
242
988
2
1984
917
1749
1748
1904
173
1953
322
1778
1480
309
1100
1050
447
220
240
986
1982
321
915
1747
1746
1902
1951
171
320
1776
1478
976
977
1006
1007
1020
329
647
648
677
678
691
1
44
1213
45
170
1680
219
220
1483
1025
1100
1507
737
1681
325
980
1462
1636
171
172
173
174
175
176
772
771
767
766
764
1099
1103
763
260
1059
289
287
1046
467
965
964
1666
1739
587
575
545
469
463
942
402
388
217
1635
1642
1643
398
116
118
131
135
1313
341
1365
1366
516
781
391
392
566
508
929
549
1294
1300
1309
782
1
82
1142
83
83
1143
1494
84
1060
1411
1
351
1059
1244
191
594
309
231
559
591
601
228
232
231
1246
1096
1123
1125
1129
375
1448
437
1474
1475
1487
1527
783
784
713
714
744
740
33
283
1269
537
538
963
964
965
967
362
796
715
712
713
714
231
230
2
363
232
988
230
276
286
289
251
205
592
779
594
1109
1139
626
217
675
2050
1509
433
192
193
194
3
421
425
932
426
428
420
93
465
62
593
1044
481
418
422
929
423
425
417
90
710
462
65
596
1488
607
1041
1130
385
41
486
277
830
487
711
747
1076
1483
1403
1404
1405
1406
1407
1001
1424
165
106
698
447
420
424
931
427
92
684
495
469
564
1023
215
418
392
1076
1068
1075
434
229
594
186
147
82
99
100
123
80
1108
1077
1088
16
15
83
944
1219
1220
1221
341
991
993
995
993
754
498
776
1068
1064
1066
64
60
447
59
57
65
392
433
437
2
267
547
372
1002
1075
846
32
516
38
556
1089
1183
1222
959
961
147
1276
532
326
1252
670
688
144
977
1050
1276
1264
1234
1158
1152
253
1091
1077
906
224
988
36
365
529
181
182
183
568
146
990
991
992
225
232
116
1495
1110
1140
965
409
1136
1479
625
699
343
384
611
484
1058
389
545
186
185
1220
1269
455
595
645
646
50
51
931
121
407
178
949
176
947
142
1516
1514
1032
1338
554
1
328
498
499
1788
1789
1020
158
165
1373
195
209
210
321
322
692
728
372
149
729
840
730
1517
1573
479
477
452
456
963
457
459
451
124
1661
898
517
1518
143
211
467
1251
1126
1573
1013
30
547
26
28
1703
1132
891
899
527
448
1281
446
911
1159
1027
585
1043
1708
517
4
2
1733
1162
116
521
1039
1
1729
526
527
1158
1040
486
295
1355
297
1350
380
385
384
383
512
515
514
1484
1485
280
281
282
283
284
751
539
1549
2
752
272
1270
738
739
750
813
529
1551
1550
1552
543
541
1072
35
1147
1140
80
271
211
117
116
398
1394
628
1434
1435
591
270
588
741
752
541
539
537
488
1
344
348
855
349
351
343
16
1318
1317
254
1582
358
357
273
971
967
248
225
867
1032
788
585
569
944
945
2031
1667
1887
1888
1527
1374
2066
2
49
50
59
1
2
50
51
60
1
51
52
61
599
485
1786
3
346
345
2095
1947
94
96
1511
2
1277
1278
1289
1972
357
2272
1290
2049
1460
1509
1382
1430
1465
2157
1513
1028
1047
940
1343
1087
1157
1174
1175
1198
1978
2076
1420
1428
575
683
718
725
1803
1039
1156
1398
1456
2122
1639
1641
1594
1645
1648
1649
1977
80
2083
82
129
682
1132
2139
2141
1155
1455
2240
1640
1279
1281
1473
1734
1336
1986
1988
2
931
935
1442
936
938
930
603
1428
1432
1262
1749
497
1771
73
2059
2061
1841
963
957
439
2178
2217
1954
1956
2271
1527
1334
1984
1986
1206
929
933
1440
934
936
928
601
1426
1430
1260
1747
495
1769
75
2057
2059
1839
961
955
437
2176
2215
1952
1954
846
2269
1525
15
220
278
291
410
411
412
142
1834
1835
1977
1919
1818
1975
1976
1991
1730
1732
1735
87
88
1336
2018
205
2019
263
276
395
396
397
1024
293
47
1
1080
272
374
1816
1
2
3
159
164
350
799
800
1334
1
2
55
57
590
1
589
588
1469
1407
662
1024
318
1816
102
1369
142
1589
1590
1591
1594
1595
1760
755
1224
1278
1313
1314
1351
1354
660
316
891
890
570
22
1022
763
804
803
418
842
568
1628
1143
1159
1163
68
333
1581
1726
246
127
154
156
155
221
1520
1244
805
809
993
147
714
299
298
1714
1381
1658
534
1176
41
61
522
583
584
604
605
643
644
654
658
778
963
1011
1046
1738
1739
431
521
2
20
556
967
1518
1682
1696
1699
426
1257
1258
1259
536
947
1498
1662
1676
1679
406
1237
1238
1239
488
61
62
82
83
121
122
953
101
164
170
427
1
21
22
60
61
1014
40
103
109
426
20
21
59
60
1015
39
102
108
406
1
39
40
1035
19
82
88
405
38
39
1036
18
81
87
367
1
1074
20
43
49
366
1075
21
42
48
711
4
1085
656
96
573
574
339
707
65
61
213
1089
660
92
569
570
343
446
575
576
577
72
1209
442
428
427
316
315
48
83
775
776
1394
442
738
1117
787
226
1136
227
35
727
728
1442
490
690
1165
739
274
1184
179
692
693
1477
525
655
1200
704
309
1219
144
1911
1
2169
1217
37
1892
12
1001
548
343
341
329
2170
1218
792
459
1090
110
952
429
1166
694
1180
675
1229
216
669
1365
1367
2
595
599
873
1527
752
1229
1230
317
1106
643
527
810
345
329
333
626
612
483
528
299
828
297
840
334
336
328
1
825
826
435
459
830
660
1295
298
831
35
42
579
206
179
177
178
112
1187
691
327
328
332
333
335
606
825
1386
53
829
452
285
659
1294
972
71
85
86
197
839
198
636
1388
329
133
852
1351
7
235
1193
1152
1344
228
1186
382
1145
315
316
327
469
724
690
426
603
689
965
467
375
376
377
180
599
332
989
991
992
994
996
999
1000
756
758
759
760
944
243
462
23
27
555
556
779
512
430
1093
1088
809
811
812
814
816
819
820
429
943
765
1039
1040
1042
1150
1116
238
264
340
58
907
366
1081
22
27
399
329
312
311
288
1445
1440
669
557
511
507
233
506
504
512
641
14
278
547
786
10
1291
1124
180
455
410
549
1530
249
196
180
1014
795
984
914
897
896
873
1214
1213
1199
415
1693
1649
1579
82
465
464
463
462
402
1878
237
1886
146
1174
213
628
1068
1000
779
780
784
785
787
1277
1281
1908
167
448
788
1746
1844
179
1638
657
1806
1375
748
751
753
1077
26
96
113
114
137
1049
435
639
341
639
1911
649
623
624
638
1422
422
423
178
1970
223
168
1720
1485
879
211
12
293
1792
221
1591
648
1598
649
1
593
696
778
1250
1253
1252
1
1672
1696
779
1251
1254
1253
265
1328
1329
1330
1331
1332
1056
1279
14
98
651
625
949
601
600
552
538
409
385
247
243
244
245
246
216
214
200
217
843
215
838
132
127
128
129
869
870
871
4
1
969
970
970
971
152
1177
1111
535
1025
872
938
1104
931
1364
1363
1349
565
66
642
66
65
1
1017
52
54
1733
1683
56
1771
682
1359
877
350
1360
173
878
495
1581
813
1792
1790
447
259
430
1764
1765
1542
477
1547
141
1546
1544
1543
56
167
166
165
1244
538
1348
1346
13
94
95
1060
1056
1055
1053
1061
2
1335
1052
1254
1253
1059
1058
1054
1053
1051
1333
1390
1050
1252
1251
274
275
279
280
282
57
283
81
82
175
478
542
4
3
2
1
384
751
232
474
538
43
1
2
3
388
755
236
475
539
42
43
1
2
387
754
235
476
540
711
41
42
1
386
753
234
477
541
40
41
385
752
233
862
926
345
344
367
152
729
749
116
117
118
277
912
205
1
556
162
647
557
16
15
14
13
1
2
1353
274
15
14
13
12
121
1352
14
13
12
11
1385
1351
532
531
520
175
992
991
990
1337
1338
1339
1340
1627
1283
1787
1311
290
289
288
287
786
1497
224
1677
1921
1946
1692
565
1690
185
180
989
878
1759
1886
1372
1146
1511
1
2035
2030
620
1429
1745
1187
482
921
917
796
794
43
458
457
1311
1312
1
1312
1313
1136
316
315
1816
1817
1818
1820
1680
1
1627
88
199
108
110
1677
1715
1
2
79
1661
51
83
1050
1162
32
1195
886
892
894
893
1920
1283
1247
1087
1518
1200
1018
1130
1163
854
860
862
861
1888
1251
1215
1055
1486
1168
1054
1056
2
3
50
51
134
140
178
187
1
48
49
132
138
176
185
47
48
131
137
175
184
452
1
84
90
128
137
405
406
83
89
127
136
404
6
44
53
321
322
38
47
315
316
9
277
828
943
281
282
268
280
269
534
278
602
408
427
279
188
56
54
393
428
439
440
264
253
272
346
903
1312
317
814
520
1415
789
792
793
799
598
599
550
123
1263
1034
218
5
15
266
171
705
269
51
270
1442
596
600
603
606
678
680
833
746
407
404
405
406
588
816
14
15
34
227
509
843
390
240
1103
952
19
146
20
126
1248
491
494
579
1084
933
127
1
107
1229
472
475
560
704
1188
11
12
106
107
961
1110
479
1
99
100
95
163
96
957
1109
50
480
503
98
99
94
162
95
956
379
810
1082
610
815
358
69
1080
1001
909
965
966
968
970
120
444
1068
584
789
4
1151
335
861
606
1005
905
961
962
964
966
588
1076
354
206
878
676
181
182
183
656
1
12
143
13
76
79
80
81
655
11
142
182
112
95
94
71
12
75
78
79
80
644
131
193
123
106
105
82
1
64
67
68
69
895
903
905
682
163
125
108
107
84
426
225
1004
332
331
327
326
324
150
165
166
170
1286
1272
1143
1119
589
1239
866
839
837
838
772
527
664
502
635
171
3
4
5
6
67
1
2
3
64
1
2
63
1
62
61
217
216
172
171
151
332
339
236
1504
84
5
1226
1231
1882
1890
672
952
1364
147
1202
28
1222
1173
27
745
744
884
1359
1895
1545
103
546
231
1343
1360
26
1609
1610
630
91
442
223
443
225
534
535
635
633
162
182
369
1870
1871
1872
1873
1874
1688
1689
1690
351
132
352
134
443
444
71
91
278
1779
1780
1781
1782
1783
219
220
2
311
312
412
411
410
61
41
146
1647
1648
1649
1650
1651
1465
1466
1467
144
217
218
309
310
410
409
408
63
43
1645
1646
1647
1648
1649
1463
1464
1465
25
561
564
636
642
644
643
1269
411
1499
997
1029
1115
1116
216
205
1
3
805
4
380
1272
1274
1277
1280
1282
1285
1286
1288
1747
1748
1749
1750
1751
1127
1748
1749
1750
1751
1752
24
1
377
1269
1271
1274
1277
1279
1282
1283
1285
801
321
201
195
193
194
472
475
477
481
483
108
160
376
1268
1270
1273
1276
1278
1281
1282
1284
892
894
897
900
902
905
906
908
745
383
621
622
623
624
625
96
95
94
93
344
102
362
364
363
959
776
701
700
604
603
362
182
92
992
1022
651
652
665
1048
2
1
1321
1138
706
1063
1062
966
965
724
180
260
261
83
663
664
565
566
567
570
571
143
734
454
656
657
658
659
660
289
290
1
1323
718
708
705
1140
1065
1064
968
967
726
182
563
564
565
568
569
961
287
288
1322
717
707
704
1139
1064
1063
967
966
725
181
962
605
615
618
183
258
259
355
356
597
1141
1886
1887
1888
1891
1892
2284
1610
1611
13
327
12
11
1679
432
445
446
342
357
356
260
259
18
526
252
1362
1365
1366
995
996
314
1347
99
262
658
344
657
656
221
732
733
734
1630
1666
1225
1226
1227
1667
93
650
1565
1668
1033
413
344
343
342
535
954
955
956
959
960
418
419
420
1316
1352
282
654
281
280
131
1338
1337
923
639
215
921
922
794
790
791
1296
1276
1274
1273
936
1
2
151
1620
1619
1205
357
67
1203
1204
1076
1072
1073
1578
1558
1556
1555
935
934
785
684
683
269
1293
869
267
268
140
136
137
642
622
620
619
1
150
1619
1618
1204
358
66
1202
1203
1075
1071
1072
1577
1557
1555
1554
149
1618
1617
1203
359
65
1201
1202
1074
1070
1071
1576
1556
1554
1553
1469
1468
1054
508
84
1052
1053
925
921
922
1427
1407
1405
1404
1
415
1977
1553
417
416
544
548
547
42
62
64
65
414
1976
1552
416
415
543
547
546
41
61
63
64
1562
1138
2
1
129
133
132
845
851
853
852
1206
80
81
82
386
373
353
351
350
424
1560
1561
1433
1429
1430
717
711
709
710
356
1642
1643
1644
1948
1935
1915
1913
1912
1136
1137
1009
1005
1006
293
287
285
286
68
1218
1219
1220
1524
1511
1491
1489
1488
1
127
131
130
843
849
851
850
1204
82
83
84
388
375
355
353
352
128
132
131
844
850
852
851
1205
81
82
83
387
374
354
352
351
4
3
882
716
722
724
723
1077
209
210
211
515
502
482
480
479
1
712
718
720
719
1073
213
214
215
519
506
486
484
483
713
719
721
720
1074
212
213
214
518
505
485
483
482
1
88
92
91
90
89
1071
135
91
221
1072
220
1426
2
344
1055
1
2
174
391
164
312
224
43
1364
1366
1367
1369
1371
1374
1375
1662
1663
1664
1665
1410
822
1056
1
223
44
1599
1365
1367
1368
1370
1372
1375
1376
873
1
981
45
715
758
367
1549
1501
1487
1358
1334
935
1047
1600
434
267
58
398
1321
1323
1324
1326
1328
1331
1332
779
1416
112
665
664
639
615
614
566
552
423
399
553
527
503
502
454
440
311
287
1597
26
50
51
99
113
242
266
1549
1268
390
2212
1588
2094
1824
1825
1826
1828
1829
1830
25
73
87
216
240
1994
28
567
1410
1701
1839
1850
1939
1941
2334
17
18
77
122
1
49
193
63
192
216
48
62
191
215
14
143
1452
167
1456
1921
129
1438
153
1442
120
1907
1309
24
1313
1778
2134
2135
1285
1289
1084
1754
125
1829
34
912
886
35
810
878
852
1636
776
1496
1803
877
1678
791
2027
2033
2034
1771
1
1692
1704
66
794
1756
1757
1500
1541
1597
1691
1700
1351
689
692
274
288
289
400
401
14
15
126
127
370
1
112
113
356
111
112
355
1
244
243
130
134
135
137
129
56
682
248
249
250
791
70
87
88
111
1075
189
46
440
1120
554
387
613
649
14
752
178
179
180
721
17
18
41
1145
119
1025
116
510
1190
484
317
543
579
31
769
704
1
24
1162
102
1008
133
527
1207
467
300
526
562
32
770
160
161
162
703
23
1163
102
101
1007
134
528
1208
466
299
525
561
793
55
680
1186
78
984
157
551
1231
443
276
502
538
221
53
89
1025
203
1083
1084
1085
1086
1087
742
955
523
222
218
988
990
383
546
599
615
245
219
419
418
404
380
898
854
784
713
997
756
1023
239
137
1037
330
331
332
333
416
552
838
667
90
159
393
249
74
388
75
76
351
1
2
464
831
898
924
218
75
389
76
77
352
1
463
832
602
603
897
898
899
900
902
923
217
76
390
77
78
353
462
833
603
604
896
897
898
899
901
922
1257
938
1448
6
33
85
79
591
641
145
309
303
301
302
725
88
52
323
5
36
361
355
353
354
197
195
196
137
273
272
673
1408
502
512
271
47
50
349
2095
1236
1
2050
1237
2051
2
2142
1318
513
179
1
361
514
1257
1258
1259
1261
1262
1263
153
539
789
805
657
692
1412
1414
1065
1
217
219
1066
218
219
220
848
849
664
704
935
936
1072
576
578
2
1
1
1091
1092
1101
602
117
417
1083
242
244
300
966
483
485
919
674
70
481
587
243
110
674
675
684
185
162
894
788
481
485
1797
1791
1789
504
2
237
1593
1723
130
1004
422
766
1092
1096
769
902
981
904
1254
1255
494
409
596
346
580
1495
890
887
882
3
761
348
391
87
698
651
694
47
4
43
549
849
193
1408
577
1305
1303
1304
829
1845
1019
1023
1024
1026
1018
1966
464
860
967
966
962
961
959
169
166
485
470
164
469
465
1765
1751
1580
1579
100
1925
1924
46
1874
1501
1474
1472
1473
1407
108
515
265
311
166
165
164
163
1
504
505
496
497
498
499
500
501
387
727
1745
1440
1441
1442
1443
1
73
350
501
66
47
1433
1434
74
351
502
65
46
1435
525
1179
1286
820
821
822
473
680
681
682
684
1
1078
1345
2
347
1500
1501
1502
1504
1
348
1501
1502
1503
1505
349
1502
1503
1504
1506
1153
1154
1155
1157
1088
1116
1085
383
531
395
172
391
891
157
1012
1219
1223
1224
1011
762
1182
1224
1225
738
2013
5
4
3
1
4
1
3
2
746
631
653
609
539
1322
2242
2243
2244
15
74
2138
2139
2140
2141
59
2123
2124
2125
2126
2064
2065
1102
1943
1708
1814
162
1972
1973
1974
1975
1976
1977
1722
2009
2010
2073
2074
1335
1344
325
665
1588
1590
1591
1593
1595
1598
1599
1683
1103
1108
364
359
1023
1447
467
439
391
1750
524
1593
1094
30
367
1507
1894
1895
982
1
462
1593
1715
461
1592
1714
498
502
612
1
5
6
8
44
279
4
5
7
497
501
613
278
323
324
325
12
1
3
493
497
617
424
672
540
1221
274
16
968
2
492
496
618
273
17
1246
490
638
494
620
271
621
826
340
1018
238
174
1058
586
1058
579
36
38
2
1
64
66
65
290
702
991
1064
1262
1250
1220
1144
1138
267
1077
1063
892
207
205
206
43
234
685
277
956
912
842
642
1
2
174
543
1
173
542
172
541
1440
1439
1338
1109
18
1107
16
20
1389
1016
989
987
988
922
377
80
1
5
1467
196
4
1110
5
1158
1354
1125
177
2
1123
1461
1456
1455
1440
1405
1032
1005
1003
1004
938
361
93
85
205
1114
143
1
1569
1409
1036
1009
1007
1008
942
357
681
772
42
314
308
306
307
1279
1267
98
101
517
1327
1719
1675
159
2
1
1457
1565
478
831
495
496
14
1
12
476
1477
365
366
216
369
196
821
114
319
318
1049
1050
1051
8
1234
1226
741
715
681
680
2
1
150
152
865
866
867
1
148
150
863
864
865
149
151
864
865
866
2
715
716
717
713
714
715
6
8
7
1034
397
632
164
166
165
498
634
633
1047
863
2
1
1028
391
626
158
160
159
492
628
627
1053
857
1
1026
389
624
156
158
157
490
626
625
1055
855
444
449
48
1027
390
625
157
159
158
491
627
626
1054
856
699
322
759
1098
225
1246
199
236
1196
335
466
449
451
333
298
682
1479
1160
116
118
631
349
1334
17
1112
47
1335
1613
1294
235
171
752
1464
1335
1466
753
776
973
83
82
81
80
1294
708
705
1680
230
386
972
975
1910
1524
938
935
229
1356
231
1127
2
1125
450
1
2
689
313
1
756
973
312
755
974
1446
283
314
102
1
103
760
272
294
699
454
451
452
453
455
1350
1351
1352
1153
1150
1151
1152
1154
855
854
3
2
181
1
1
184
2
4
295
296
183
1
3
296
297
416
345
2
511
507
414
343
513
509
231
517
581
712
464
80
344
193
917
918
919
920
573
574
575
576
645
644
1
752
1471
747
748
749
750
751
1470
746
747
748
749
719
5
4
3
2
1
2
3
4
294
1317
1316
298
297
296
295
735
734
724
1626
1
2
3
295
1318
1317
299
298
297
296
734
733
723
701
1627
1
2
296
1319
1318
300
299
298
297
733
732
722
700
1628
1
297
1320
1319
301
300
299
298
732
731
721
699
1629
298
720
1630
1018
1332
128
127
1
2041
1235
309
1236
1237
2033
127
126
2040
1234
310
1235
1236
2032
1
2
1022
453
266
193
192
1053
1054
1055
1
1021
452
265
192
191
1054
1055
1056
1020
451
264
191
190
1055
1056
1057
1030
1019
11
1476
1484
10
2350
1796
1797
1798
1800
1801
1802
1428
1676
1544
2225
1387
5
606
1694
1382
601
1689
456
1
451
1817
450
1816
1593
1594
1595
7
1779
248
1927
109
1385
1712
44
114
1572
1777
1598
1605
1776
1975
1361
1668
70
1528
1733
1554
1561
1732
1931
1317
1598
1458
1663
1484
1491
1662
1861
1247
20
207
280
281
372
373
1708
1709
1710
1711
1712
187
260
261
352
353
1688
1689
1690
1691
1692
1442
1443
1444
1506
1507
1508
165
166
73
74
1501
1502
1503
1504
1505
1319
1320
1321
1
92
93
1428
1429
1430
1431
1432
1246
1247
1248
91
1062
1329
92
1427
1428
1429
1430
1431
1245
1246
1247
1
73
71
1336
1337
1338
1339
1340
970
1237
1335
1336
1337
1338
1339
647
648
649
85
92
93
266
122
121
102
7
181
187
443
507
770
442
194
1021
778
989
340
173
195
368
8
760
594
46
214
216
307
387
324
318
1293
1100
306
1099
1097
1096
1095
30
1318
188
1317
291
1647
59
73
2253
2241
2211
2135
2129
724
2068
2054
1883
2326
2314
2284
2208
2202
797
2141
2127
1956
12
42
118
124
1529
185
199
370
30
106
112
1517
173
187
358
76
82
1487
143
157
328
6
1411
67
81
252
1405
61
75
246
1344
1330
1159
14
185
171
281
1741
1471
1639
1208
1
139
848
140
847
1011
987
168
172
1045
170
271
276
771
733
391
53
965
964
950
166
216
215
214
213
1018
1017
1003
219
269
268
267
266
1771
318
1149
464
465
2204
1093
1196
1198
1197
2136
71
2306
2307
1068
84
1
1069
83
1329
1320
1312
248
116
797
729
1577
1568
1560
132
549
481
1445
1436
1428
681
613
2126
2117
2109
121
122
1575
1455
799
798
784
783
1188
137
907
808
697
696
692
691
1325
559
194
1852
766
1519
527
104
64
1890
217
1623
218
220
221
222
1287
1
79
1406
1
3
4
1405
1403
1402
2
3
1
2231
2235
2236
1611
1204
1066
1067
1111
1112
1132
1205
1064
486
1844
12
13
1644
122
126
449
578
1358
656
1
15
16
657
14
15
1
10
1272
217
216
227
226
1281
1214
169
170
20
173
153
149
1112
1
4
3
1108
1
45
46
66
138
139
44
45
65
137
138
1
21
93
94
20
92
93
72
73
801
202
984
439
1
758
528
43
2
43
1
86
1
382
249
69
1809
1878
1463
1461
2
216
1
2
34
37
3
1
48
442
439
1223
26
857
858
1
963
2
485
395
1
37
1
1
16
1
2
1
1302
599
1
25
953
925
877
928
900
852
1851
28
76
2202
1103
2095
1006
1823
48
2174
1075
2067
978
1775
2126
1027
2019
930
45
152
107
114
6
7
1
1900
25
1
45
46
44
45
1
461
297
298
372
1
75
74
839
1779
1
237
239
477
17
2
15
59
1
1204
1202
131
1
469
65
1083
1018
134
133
172
1
219
220
990
1547
668
557
1658
2215
363
2
4
3
1332
1
821
4
1
2
103
553
1
1
1
6
1
1
2
42
1
41
40
1
424
467
891
1
1
2
3
4
1
2
3
1
2
1
1668
1
1
151
849
673
642
31
1637
88
151
63
9
34
35
25
26
1
1
3
2
3
95
160
159
1
11
12
72
1
61
60
11
1
1
67
66
853
99
210
211
215
216
111
112
116
117
1
5
6
4
5
1
502
65
307
152
1
1132
491
487
489
379
296
298
2
347
2
498
1
2
91
92
1225
1222
1223
1224
1
1316
1313
1314
1315
1317
1314
1315
1316
3
2
1
1
2
1
3
741
1
38
1315
451
39
1316
450
1277
489
1766
1
4
1
2
1
980
1
246
247
247
248
1
2
1
711
628
1
713
626
712
627
1339
1
2
3
4
1
2
3
1
2
1
7
1
1
2
3
799
1
2
1107
1108
798
1
1108
1109
797
1109
1110
796
1905
1906
2284
1
10
167
192
9
166
191
157
182
25
49
63
64
82
14
15
33
1315
1316
1
1497
19
1938
18
2
1
1
103
102
9
1380
1647
100
145
45
20
26
76
77
6
56
57
50
51
1
383
3
8
5
1574
1
1
75
90
74
89
15
25
26
1140
1
1342
1
842
843
844
4
9
1
1
1
20
19
780
1
18
19
79
1
61
60
468
160
379
707
219
547
328
1423
1427
1465
1
54
270
310
311
391
216
256
257
337
40
41
121
1
81
80
1
1
276
113
3
1
493
494
1
50
73
1
1163
855
308
1
2
1
49
48
2194
43
44
1
1
9
17
8
32
75
76
172
173
414
958
1
97
98
339
883
96
97
338
882
1
242
786
1530
1531
241
1532
1535
785
1254
1255
1536
1291
1294
544
1013
1014
1295
1289
1290
469
470
1
2
1
3
1
30
31
44
29
30
43
1
14
13
116
291
429
440
529
531
924
1393
1392
1333
1288
1217
138
149
238
240
633
1684
1683
1624
1579
1508
11
100
102
495
1822
1821
1762
1717
1646
89
91
484
1833
1832
1773
1728
1657
2
395
1922
1921
1862
1817
1746
393
1924
1923
1864
1819
1748
2317
2316
2257
2212
2141
891
1
60
105
176
1426
1897
59
104
175
45
116
1366
1657
2053
71
2050
2051
2055
1834
1488
1979
1980
1250
1982
526
1486
2
1
1
2
108
110
109
192
2
1
84
1
82
83
786
1
267
424
862
276
157
1129
543
2240
2203
2204
1
21
20
1530
1554
1132
1510
1059
1131
1163
2
1118
1116
684
683
1
386
1505
2015
2206
13
191
2002
2193
2018
2004
2037
1527
14
19
491
33
477
510
451
1
176
653
654
259
177
654
655
258
477
478
435
1
912
913
2
2346
711
2343
2344
2344
709
2341
2342
1635
3
2
1632
1633
1
2
581
1
6
2
3
4
1
5
759
706
694
573
572
7
3
4
5
2
6
760
707
695
574
573
4
3
2
5
1
753
700
688
567
566
1
2
1
3
757
704
692
571
570
1
2
2
756
703
691
570
569
1389
3
1
755
702
690
1390
569
568
1386
4
758
705
693
1387
572
571
1390
754
701
689
1391
568
567
2144
53
65
2145
186
187
2091
12
2092
133
134
2079
2080
121
122
1
17
49
1
30
44
24
1169
254
69
18
94
95
97
98
76
77
79
80
1
3
4
2
3
1
15
112
113
276
303
1
164
191
163
190
27
1
1
16
2085
169
170
2101
185
186
1916
1915
1
1378
219
8
1
37
1714
38
1677
1
1676
577
576
1
270
267
268
3
2
1
472
475
474
3
2
1
419
223
4
3
2
1
31
33
447
30
1090
32
1085
115
120
119
118
1
2
3
27
29
443
26
1086
28
1081
111
116
115
114
1
2
28
30
444
27
1087
29
1082
112
117
116
115
1
29
31
445
28
1088
30
1083
113
118
117
116
30
32
446
29
1089
31
1084
114
119
118
117
2
416
1
1059
1
1054
84
89
88
87
414
3
1057
1
1052
82
87
86
85
417
643
415
638
332
327
328
329
1060
2
1055
85
90
89
88
1058
5
975
970
971
972
1053
83
88
87
86
970
965
966
967
5
4
3
1
2
1
945
169
1014
1114
69
1183
245
246
220
739
740
99
102
1
838
841
839
842
3
1
2
3
1
2
306
293
273
271
270
1
305
292
272
270
269
304
291
271
269
268
13
33
35
36
20
22
23
2
3
1
60
20
1
1533
15
16
1
44
12
26
60
61
34
35
1
1
116
117
150
153
154
414
115
116
149
152
153
413
1
34
37
38
298
33
36
37
297
3
4
264
1
261
260
1166
1
38
1
20
19
63
69
6
83
443
360
101
106
601
5
500
495
107
373
400
402
401
467
1766
27
29
28
94
1393
2
1
67
1366
1
65
1364
66
1365
1299
61
8
360
41
134
1110
1
612
1584
1581
613
1585
1582
972
969
3
1954
1635
319
1270
586
589
3
103
105
104
1043
2
1
940
1
938
939
1232
1
2
1166
236
877
881
880
879
1168
238
879
883
882
881
930
289
285
286
287
641
645
644
643
4
3
2
1
2
1066
1
1152
1828
1829
1
1
45
1
26
1
2
19
20
21
1
18
19
20
17
18
19
1
2
1
1
23
22
2
1
18
17
8
19
21
22
11
13
14
2
3
1
35
43
49
61
8
14
26
6
18
12
1917
1905
1
2
3
4
5
6
19
29
30
31
36
43
1
2
3
4
5
18
28
29
30
35
42
1
2
3
4
17
27
28
29
34
41
1
2
3
16
26
27
28
33
40
1
2
15
25
26
27
32
39
1
14
24
25
26
31
38
13
23
24
25
30
37
10
11
12
17
24
1
2
7
14
1
6
13
5
12
7
1
2
3
1
2
1
1
1
6
7
8
1165
2
2025
1
1164
2024
1163
2023
2024
1
11
23
1
58
71
190
191
192
13
132
133
134
119
120
121
1
2
1
1
1
915
917
1
2
1
2
15
19
13
17
4
1
2
3
4
5
1
2
3
4
1
2
3
1419
1
2
1
1461
1460
1
2
1
1
2
3
4
1
2
3
1
2
1
1
1
2
1
1
2
1
1
41
62
63
40
61
62
21
22
1
1
424
102
1
79
130
257
78
129
256
51
178
127
807
525
4
72
73
1
2
1
8
13
494
875
1
2
11
13
14
1
10
12
13
9
11
12
2
3
1
863
1
2
3
1
2
1
1
32
1
42
43
41
42
31
2
4
5
1
211
3
860
861
3
4
1
10
11
1
755
3
458
724
1
1
1
1
1
21
22
23
20
21
22
1
2
1
2
1
3
4
10
13
3
1
2
1
10
639
640
641
642
9
387
1
1
2
3
1
2
1
292
630
631
632
633
377
378
379
3
1
2
3
6
1
2
5
1
4
3
1
2
3
1
2
1
38
41
275
276
277
280
281
37
40
96
97
98
2
3
4
1
5
1
3
338
2
3
4
1
8
4
1
2
3
4
1
2
1
1
1
2
1
1
2
1
1
1
2
3
1
2
1
1
2
443
1
1
2
1
1
1
48
517
537
565
1
1
1
1
2
1
1
2
3
4
1
2
3
1
2
1
1
2
1
2
65
1
1
1
2
1
2
3
1
2
1
467
6
7
1
7
8
1
1
2
4
5
6
1
3
4
5
2
3
4
1
2
101
1
100
391
2
1
4
5
6
7
8
1
2
3
4
1
2
3
1
288
1
432
433
434
1
304
2
9
328
329
330
326
281
271
272
1
2
1
1
2
5
8
10
13
14
16
3
6
8
11
12
14
3
5
8
9
11
2
5
6
8
3
4
6
1
3
2
1
1
2
3
4
1
2
3
1
2
1
1
208
209
1
2
5
6
1
4
5
3
4
1
1
1
2
1
1
1
2
3
5
7
10
11
1
3
5
8
232
9
2
4
7
8
2
5
6
3
4
1
1
215
1
2
1
2
1
1
246
250
262
28
1
2
1
1
45
46
2
1
1
2
5
250
251
252
253
254
255
1
287
288
3
97
99
100
359
1
2
3
1
2
1
1
1
1
1
1
1
1
2
1
1
85
1
3
4
5
1
4
2
1
262
52
53
1
2
3
1
2
1
1
2
1
1
2
1
1
2
3
1
260
259
1
1
1
179
1
2
2
1
1
8
10
9
118
1
1
18
1
3
1
1
3
2
8
2
3
4
1
2
3
1
1
1
2
3
1
2
1
1
1
1
2
3
4
1
2
3
1
2
1
3
4
1
1
1
2
3
4
5
1
2
3
4
1
2
3
36
35
1
2
35
34
1
34
33
33
32
1
8
1
2
3
1
2
1
1
1
50
1
1
2
4
1
3
2
1
1
32
33
34
1
1
1
1
2
1
1
1
1
2
3
1
2
1
1
1
1
1
4
5
1
1
2
3
4
1
2
3
1
2
1
1
1
1
