1
2
4
5
6
7
8
9
10
11
12
14
15
16
17
18
19
21
22
23
24
25
26
27
28
29
30
31
32
33
34
35
36
37
38
39
40
41
42
43
44
45
48
49
50
51
52
53
55
56
57
59
60
62
67
68
69
70
72
73
78
79
80
83
84
85
86
87
88
91
92
93
97
98
99
101
102
105
108
110
111
115
119
120
121
124
125
128
129
131
133
136
139
140
141
146
148
149
152
153
155
156
158
163
168
169
171
175
178
182
183
184
188
192
195
196
203
204
205
209
215
217
223
224
234
235
236
238
239
245
246
247
248
251
252
253
265
266
268
279
280
281
282
283
290
291
297
298
301
302
303
305
314
315
316
318
319
327
328
329
336
337
339
343
345
346
347
349
350
356
357
362
373
374
375
376
377
379
387
388
389
390
391
394
398
408
412
423
440
447
449
451
452
453
454
455
465
469
470
502
506
507
522
529
549
560
655
656
657
738
739
773
780
934
936
937
938
939
940
941
1203
1261
1267
1295
1299
1300
1330
1368
1377
1378
1379
1485
1587
1767
1810
1989
2385
2386
2387
2571
2622
2938
1
2
3
4
5
6
8
9
10
11
14
15
16
17
18
20
22
23
24
25
27
28
29
30
31
32
33
34
35
36
37
38
40
41
43
44
47
48
49
50
51
52
55
56
59
61
62
65
66
67
68
69
70
71
72
74
75
77
78
79
81
82
83
84
85
86
87
90
91
92
94
96
97
98
100
101
103
104
107
108
109
114
119
120
123
124
127
128
132
135
138
139
143
147
150
152
154
156
157
168
173
176
177
181
183
184
186
191
194
196
202
203
204
208
214
216
235
237
238
246
247
250
252
263
264
268
276
280
281
282
301
304
305
306
307
309
313
314
315
318
321
324
325
326
328
331
335
336
348
361
364
378
382
388
393
407
411
414
418
436
437
438
439
441
443
446
461
467
469
470
471
501
508
509
521
528
548
559
560
561
654
655
751
752
753
754
755
756
757
758
759
760
761
763
768
771
780
781
783
796
933
943
1228
1294
1376
1586
1588
1744
1747
1765
1782
1896
2404
2431
2466
2847
2859
1
2
3
4
5
7
8
9
10
11
13
14
15
16
17
21
22
24
26
27
28
29
30
31
32
33
35
36
37
39
40
41
42
43
46
47
48
49
50
51
52
53
54
55
57
58
60
61
62
65
66
67
69
71
73
74
78
80
82
83
84
85
86
89
90
91
95
96
97
102
103
106
107
108
109
113
115
116
117
119
121
122
123
125
126
127
129
132
138
139
142
144
146
147
155
161
167
169
172
174
176
182
186
190
193
195
207
213
214
215
222
224
231
234
236
237
242
243
246
248
250
251
264
265
266
267
279
288
289
296
300
301
303
305
306
309
312
313
317
323
324
325
327
332
333
334
335
337
339
341
347
354
363
372
373
374
377
378
388
389
390
392
421
436
437
438
443
447
451
453
457
463
467
468
469
492
500
505
508
520
527
528
529
538
539
541
548
656
712
769
772
774
775
776
777
921
1202
1203
1265
1293
1297
1298
1367
1380
1381
1382
1585
1704
2719
3
4
6
7
9
11
12
15
20
22
24
25
27
29
34
36
39
40
42
46
48
49
50
52
56
57
63
66
69
75
83
88
89
94
95
96
99
104
106
107
112
115
116
121
122
126
128
131
137
138
139
143
146
147
150
154
167
168
172
173
174
175
185
189
193
206
221
222
233
234
243
244
245
263
265
266
277
278
281
286
287
300
301
302
303
304
308
310
311
312
313
315
316
322
326
331
332
333
334
340
346
359
362
364
365
366
367
371
374
376
377
379
385
387
388
389
391
395
405
409
412
439
444
450
452
456
459
467
468
474
475
491
492
498
500
504
519
526
540
546
557
656
706
711
770
771
772
931
1264
1292
1296
1297
1327
1361
1365
1376
1377
1584
1585
1586
1600
1764
2033
2051
2546
2642
2643
2689
2752
2805
1
3
4
5
6
7
8
12
13
15
17
20
21
22
25
26
27
29
31
33
34
35
37
41
44
49
50
53
54
57
60
61
70
74
75
83
84
85
91
99
101
106
109
111
113
116
117
118
120
122
123
127
131
132
133
136
148
151
152
165
177
178
191
195
203
207
213
216
219
225
227
235
236
238
241
256
259
269
279
282
335
934
935
967
983
985
986
993
994
995
996
997
998
1000
1001
1004
1005
1026
1029
1031
1032
1077
1078
1079
1080
1081
1082
1148
1149
1150
1151
1152
1153
1154
1155
1156
1157
1158
1159
1160
1161
1162
1163
1164
1165
1217
1648
1649
1650
1651
1791
1792
1793
1795
1796
1799
1820
1821
1822
1823
1824
1825
1826
1827
1828
1876
1956
1959
2088
2369
2372
2448
2485
2486
2508
2546
2655
2656
2657
2690
2691
2692
2693
2716
2841
2850
2899
2
4
5
6
7
10
11
12
13
14
16
18
19
20
21
23
24
25
26
27
28
30
31
32
33
34
36
37
40
47
48
52
55
61
62
64
65
68
70
73
75
79
80
81
82
83
87
88
93
96
100
103
105
106
110
115
119
120
124
128
131
133
135
143
148
151
164
169
170
173
179
183
184
187
190
191
198
201
210
212
229
232
233
240
243
248
270
277
283
285
290
292
293
302
310
311
314
322
324
326
331
332
334
335
336
338
340
341
342
343
344
345
347
351
352
353
374
383
393
395
403
418
442
444
455
456
584
733
734
736
750
771
772
816
931
932
940
941
942
943
1198
1200
1805
1891
1993
2380
2381
2382
2383
2384
2385
2809
2885
2886
2887
2888
2889
2890
2891
2892
2893
2894
2895
2896
2897
1
3
4
5
6
8
9
10
12
16
17
18
19
20
21
22
23
26
27
28
34
35
38
41
42
44
50
56
62
66
67
70
75
77
78
81
87
88
91
100
101
115
117
122
133
137
145
148
152
163
166
179
180
184
185
191
202
209
210
211
220
222
226
233
238
240
245
251
258
262
270
1261
1263
1264
1289
1322
1341
1357
1359
1360
1361
1362
1363
1365
1366
1367
1368
1371
1374
1375
1377
1379
1381
1390
1392
1393
1396
1397
1401
1414
1415
1416
1419
1421
1422
1423
1424
1425
1426
1427
1496
1498
1499
1500
1509
1510
1515
1517
1518
1519
1520
1521
1523
1525
1529
1531
1533
1535
1582
1619
1620
1710
1711
1713
1715
1718
1774
1777
1827
1828
1967
1969
1970
1971
1972
2058
2120
2122
2139
2163
2371
2372
2374
2375
2445
2536
2540
2563
2807
2879
2880
2881
2882
2883
1
2
3
4
5
9
10
12
14
16
17
18
21
22
23
24
25
26
28
29
30
31
32
35
38
43
45
46
50
51
53
57
60
62
63
66
67
68
71
73
78
80
81
85
86
91
93
94
98
104
108
109
113
119
122
126
129
131
133
141
149
150
156
160
161
162
167
171
177
182
188
196
197
199
206
208
216
227
228
231
232
241
243
258
261
262
268
275
276
284
288
290
293
294
295
298
301
320
324
330
332
343
346
349
350
351
352
353
416
453
454
553
559
575
576
577
578
579
582
583
584
585
586
587
588
589
598
601
602
608
612
614
616
617
618
648
649
651
655
707
708
709
710
723
736
748
766
770
782
798
814
929
933
940
958
1624
1627
1915
2644
1
3
4
7
8
9
17
18
20
22
23
29
30
36
38
42
43
45
51
70
72
78
79
80
84
89
90
97
101
107
128
145
147
148
161
166
170
174
184
188
195
209
215
226
233
237
240
253
278
280
311
319
341
342
343
344
372
373
374
400
439
452
453
542
552
647
706
928
929
930
932
933
936
937
938
939
940
1000
1001
1026
1027
1028
1029
1030
1031
1032
1033
1034
1039
1045
1046
1047
1048
1049
1050
1051
1052
1053
1054
1059
1073
1175
1176
1195
1196
1197
1198
1199
1201
1203
1204
1205
1211
1212
1287
1579
1702
1703
1737
1815
1834
1889
1988
2114
2115
2361
2407
2408
2409
2410
2411
2412
2568
2569
2570
2571
2574
2575
2706
2743
2744
2745
2746
2801
2865
2866
2867
2868
2869
2870
2871
2872
2873
2874
2875
2876
1
2
3
4
6
7
8
9
11
14
15
16
17
19
20
23
24
25
28
30
32
33
34
35
36
37
39
40
42
43
46
50
51
53
54
59
62
64
68
69
71
73
74
77
79
82
83
84
88
89
93
99
100
101
106
109
110
111
114
115
116
119
121
123
125
127
130
131
136
140
141
144
149
161
162
165
168
169
174
175
176
181
183
185
193
196
200
206
207
208
216
224
229
238
239
242
267
280
285
298
303
305
307
310
323
326
327
328
353
367
370
379
385
390
392
399
430
436
450
453
462
493
494
496
497
498
499
500
501
698
746
765
770
775
821
822
823
1356
1368
1376
1377
1378
1379
1380
1424
1980
2027
2474
2540
2717
2765
1
2
5
6
7
8
9
10
13
14
15
16
18
19
20
21
22
23
25
26
27
28
29
31
32
33
34
35
36
38
39
42
43
47
50
52
56
59
60
62
63
65
68
70
74
76
77
78
82
88
89
91
98
100
101
105
110
114
118
119
124
126
130
134
136
143
146
148
159
164
165
166
167
168
174
182
185
186
192
195
199
205
207
214
226
227
228
237
238
241
243
258
269
271
272
279
285
292
295
297
304
305
306
308
309
315
318
321
325
326
327
329
339
352
353
355
365
369
377
384
386
387
390
398
402
413
435
437
449
475
491
492
496
539
540
541
545
550
551
645
646
769
823
924
1290
1990
1991
2028
2704
2862
1
3
4
5
6
7
8
9
11
12
13
14
15
17
18
19
20
21
22
23
24
25
26
27
28
30
31
33
34
36
37
39
41
42
45
46
49
51
57
58
59
62
64
65
67
68
69
70
73
74
75
76
77
80
82
87
88
90
94
97
98
99
100
104
109
110
113
114
117
118
120
122
125
128
129
130
137
146
158
163
165
167
168
173
178
180
181
185
192
193
194
204
206
224
227
228
234
237
239
240
242
254
257
258
271
272
273
279
280
290
291
294
297
300
304
305
308
314
323
326
328
339
354
357
368
369
377
380
383
404
417
428
460
491
492
499
511
538
549
644
647
649
755
765
1250
1370
2373
2635
2715
1
3
4
5
6
7
11
12
13
14
16
17
18
19
20
21
25
26
27
29
31
32
33
36
37
39
40
41
43
45
47
50
54
57
60
61
66
68
73
74
75
76
79
80
81
85
86
87
92
93
96
98
103
107
112
116
117
121
122
134
137
157
159
162
165
166
172
176
180
184
190
193
205
212
224
227
236
254
269
277
284
286
291
293
302
303
306
307
313
315
316
317
325
331
333
334
351
352
361
362
367
375
378
379
386
389
396
437
443
453
457
458
459
490
495
517
537
538
548
645
646
728
761
924
926
1283
1287
1575
1977
1978
1985
2040
2041
2110
2375
2434
2559
2
5
12
22
26
29
30
33
36
38
42
46
53
71
78
79
89
96
105
106
112
116
117
121
133
136
137
140
157
158
164
175
179
181
183
211
212
220
224
234
254
256
266
268
276
285
290
291
294
299
300
301
305
310
311
312
316
320
322
323
330
349
350
352
354
355
360
361
363
364
365
367
374
382
383
386
388
401
402
403
404
428
430
431
439
441
442
464
469
472
480
482
488
489
490
491
496
509
514
516
534
535
537
539
541
542
694
696
727
738
921
922
1591
1592
1733
1736
1737
1763
1765
1794
1976
2023
2040
2116
2371
2469
2470
2471
2472
2528
2560
2632
2639
2680
2701
2858
2
8
9
10
13
16
19
20
26
27
30
33
34
36
42
48
54
58
62
67
80
85
93
107
114
117
127
129
137
140
155
159
165
172
187
212
214
218
225
230
240
250
1246
1247
1248
1249
1252
1330
1333
1357
1359
1367
1382
1395
1406
1407
1408
1411
1413
1414
1415
1416
1417
1418
1489
1490
1491
1492
1496
1497
1498
1499
1500
1501
1502
1507
1509
1510
1511
1512
1513
1517
1518
1519
1525
1526
1533
1702
1703
1704
1709
1769
1802
1960
1990
2123
2130
2131
2132
2133
2134
2135
2136
2137
2138
2139
2140
2141
2142
2143
2144
2145
2146
2147
2152
2364
2366
2385
2386
2437
2528
2755
2790
2791
2817
2847
2848
2849
2850
2851
2852
2853
2854
2855
2856
1
3
5
8
10
11
13
14
16
17
22
24
26
27
28
29
30
31
33
34
36
37
38
40
44
45
48
51
53
54
56
58
62
63
65
67
68
69
71
73
76
77
83
84
87
89
93
94
95
100
104
105
109
110
113
114
117
119
129
131
134
142
155
161
162
163
169
174
177
179
181
187
190
202
210
218
232
233
236
238
252
264
266
268
275
281
292
293
299
300
301
304
310
314
317
320
322
349
350
360
361
364
373
379
386
397
424
425
430
444
447
456
470
487
488
490
491
493
494
495
692
739
750
1974
2430
2467
2468
2534
2711
2759
2845
2
3
6
7
8
9
10
11
12
13
16
17
18
20
21
22
23
24
25
26
28
29
31
36
40
41
44
46
52
54
56
57
60
62
64
65
67
71
72
76
77
81
89
91
92
94
95
99
105
107
108
113
115
123
135
142
144
153
169
170
174
175
176
181
185
192
200
201
210
223
230
232
235
248
252
260
292
321
356
399
506
739
1251
1253
1279
1283
1313
1314
1331
1347
1348
1349
1350
1352
1353
1354
1356
1357
1358
1361
1362
1363
1365
1373
1377
1380
1382
1405
1406
1409
1413
1415
1417
1478
1487
1488
1489
1490
1496
1572
1609
1614
1764
1767
1959
2112
2361
2365
2732
2755
2
4
7
8
11
12
14
15
16
18
20
21
22
28
35
36
37
40
41
47
48
52
57
58
61
62
63
68
70
71
72
76
78
83
84
86
88
93
94
98
99
100
105
109
110
116
119
121
131
135
138
139
150
151
165
170
172
178
190
194
195
196
200
206
218
224
225
228
231
246
248
255
256
266
275
284
285
291
293
322
543
574
591
619
620
921
922
948
954
959
965
970
972
977
978
979
980
981
983
984
986
1018
1019
1058
1059
1062
1063
1065
1070
1071
1076
1077
1078
1081
1082
1204
1782
1786
1870
1871
1873
2358
2840
2841
2842
5
7
8
9
10
12
14
19
21
23
24
25
27
28
30
31
33
37
41
44
45
48
49
51
53
59
64
66
68
73
74
80
86
87
90
91
92
100
101
106
107
110
111
112
114
116
126
127
131
132
135
139
152
153
166
174
187
207
215
218
229
234
249
261
286
288
289
293
294
295
296
298
301
307
308
315
319
344
349
351
356
357
358
363
376
383
394
396
397
398
399
426
437
444
452
461
467
477
484
485
511
529
534
536
689
691
733
1683
1731
1758
1760
2111
2466
2523
2589
2634
2675
2837
2
5
7
9
10
11
12
13
14
16
19
22
29
35
37
38
39
45
46
55
59
60
68
70
81
84
91
94
98
103
107
112
116
118
133
136
147
162
163
176
180
188
192
195
201
212
220
221
222
223
241
244
254
268
919
920
946
952
957
958
963
964
968
971
973
974
975
976
978
979
980
981
982
983
986
987
993
995
999
1010
1011
1014
1062
1063
1064
1065
1133
1136
1137
1138
1139
1140
1146
1147
1149
1150
1157
1197
1636
1664
1667
1776
1777
1778
1780
1799
1861
1941
2357
2395
2640
2675
2677
2826
2835
15
19
23
24
28
31
32
39
40
49
55
66
68
82
89
100
104
105
109
114
126
129
149
150
151
156
158
167
168
172
177
189
218
227
232
246
261
278
283
286
287
290
294
296
299
312
319
344
356
363
364
365
367
370
371
374
398
399
400
401
403
417
418
419
422
423
424
426
435
442
445
446
447
448
450
451
452
454
456
481
483
544
635
732
734
735
753
1275
1309
1311
1312
1366
1370
1726
1727
1728
1729
1757
2385
2412
2427
2428
2459
2632
2705
2754
2827
2828
2829
2830
2831
2832
2833
3
10
12
14
17
33
36
37
40
43
49
53
57
58
59
66
68
79
82
92
95
96
101
105
106
114
116
131
134
145
160
161
174
178
186
189
190
191
192
199
208
221
239
242
252
570
950
955
961
968
969
973
974
975
976
977
978
979
980
981
983
984
985
1009
1012
1057
1060
1061
1062
1063
1064
1065
1131
1132
1133
1134
1136
1137
1140
1141
1142
1143
1145
1147
1148
1149
1631
1633
1805
1939
1940
1943
2071
2352
2355
2431
2468
2491
2638
2639
2640
2673
2674
2675
2676
2699
2780
2824
2825
5
8
11
12
18
19
22
25
26
28
34
40
46
50
54
59
72
75
77
85
99
106
109
121
129
132
147
150
164
168
179
186
204
206
217
222
242
1246
1247
1248
1249
1322
1323
1324
1325
1349
1351
1358
1359
1374
1398
1399
1400
1403
1405
1406
1407
1408
1409
1410
1478
1488
1489
1492
1493
1494
1499
1502
1505
1695
1696
1761
1951
2104
2115
2123
2124
2134
2144
2356
2357
2524
2547
2791
2795
2796
2797
2798
2799
2800
2801
2803
2804
2805
2807
2809
2810
2811
2812
2813
2814
2815
2816
2817
2818
2819
2820
2821
2822
2
3
4
5
7
9
16
18
19
20
22
25
26
28
29
32
36
43
46
48
55
63
68
74
75
82
86
87
96
101
105
106
117
118
119
126
148
165
169
173
194
201
229
243
246
260
267
275
280
281
282
283
285
288
290
291
293
296
303
314
318
319
320
344
345
346
347
356
357
365
367
368
369
432
439
447
448
454
455
478
484
499
520
537
686
691
742
750
751
752
1244
1272
1276
1277
1307
1564
1744
2013
2030
2106
2344
2526
2583
2584
2623
2629
2669
2750
2785
4
5
6
7
8
9
10
11
13
14
17
18
30
32
33
34
40
41
50
54
55
61
63
65
76
79
81
86
89
92
93
97
98
102
103
107
112
113
128
130
131
142
145
157
158
171
175
176
183
187
189
193
207
215
216
217
218
221
239
262
263
914
915
925
930
932
945
947
950
952
953
958
963
964
966
967
968
969
970
971
975
977
979
981
984
985
988
994
996
1005
1006
1057
1062
1063
1139
1143
1192
1193
1662
1771
1775
1794
1801
2566
2568
3
4
7
12
14
16
17
18
19
20
23
24
26
27
28
30
34
42
44
55
59
61
63
67
72
73
83
85
90
94
99
100
104
115
119
121
124
132
146
150
153
163
167
171
177
180
183
192
199
211
227
228
241
243
254
264
273
278
280
288
289
293
294
301
303
310
312
314
318
320
321
331
351
352
362
364
365
373
375
415
426
427
428
430
431
440
444
445
477
482
483
524
535
713
748
1242
1270
1274
1562
1964
2362
2546
2548
2790
2
3
4
6
11
13
15
16
17
19
22
23
26
31
34
41
43
45
49
52
54
56
59
60
62
66
72
73
76
79
82
84
89
94
98
99
102
103
108
114
120
127
131
143
145
152
158
166
170
178
191
209
210
211
221
222
226
227
242
251
256
264
281
288
289
290
293
303
304
310
311
336
347
348
349
353
368
372
374
397
411
412
413
414
433
439
444
445
475
476
477
726
729
732
735
738
739
741
744
745
746
750
2419
2788
3
6
7
13
14
17
20
21
23
29
35
41
45
46
49
54
56
67
70
72
94
96
101
114
116
124
142
145
152
159
163
164
181
201
212
217
227
237
242
249
257
1199
1202
1234
1240
1267
1284
1338
1342
1344
1346
1350
1354
1358
1369
1382
1398
1400
1401
1402
1403
1404
1405
1475
1477
1479
1489
1498
1499
1500
1502
1503
1504
1508
1509
1510
1603
1697
1698
1717
1756
1807
1946
1947
1948
1949
1950
1951
2037
2099
2101
2137
2139
2350
2354
2356
2424
2515
2519
2721
2744
2768
2769
2786
1
2
3
4
5
9
10
11
13
14
15
16
17
20
21
23
24
25
27
29
31
32
34
35
38
39
41
45
47
50
52
56
57
58
59
60
64
65
70
71
80
82
87
91
96
97
100
101
118
121
141
147
150
156
160
164
168
177
189
196
208
211
219
220
225
238
253
261
262
270
277
279
285
287
290
291
294
300
301
309
335
345
349
351
359
362
364
370
372
384
419
421
422
423
424
426
427
437
481
521
733
2594
3
4
8
9
10
13
16
20
23
24
28
31
40
51
58
59
63
69
79
81
86
91
95
100
105
106
107
127
140
145
153
155
159
163
167
174
180
188
194
209
216
224
237
253
257
268
276
286
290
300
307
308
310
320
322
345
350
361
422
432
531
907
908
911
913
914
916
917
918
919
979
980
1006
1007
1009
1018
1024
1025
1026
1028
1029
1030
1039
1174
1186
1191
1266
1781
1796
1867
1868
2094
2339
2722
2723
2780
2781
2782
2783
3
4
7
8
9
10
11
14
17
18
26
27
32
37
38
42
43
49
53
56
57
67
69
75
77
78
85
91
98
101
111
121
128
141
142
149
155
159
160
161
167
178
179
186
187
196
209
216
217
224
239
253
254
278
385
492
1193
1196
1199
1225
1230
1231
1232
1233
1236
1237
1239
1241
1265
1269
1270
1281
1300
1317
1333
1334
1335
1336
1337
1338
1339
1340
1341
1342
1343
1344
1555
1556
1557
1558
1559
1705
1737
1938
2009
2539
2540
2777
2778
1
2
4
7
8
17
21
23
26
27
33
34
39
43
47
48
54
56
62
64
69
72
74
85
86
95
96
121
124
128
136
137
151
164
169
176
181
182
189
190
204
210
228
232
234
241
270
271
529
560
561
564
595
624
684
699
907
908
924
934
945
951
956
957
959
963
964
965
966
971
972
1001
1047
1048
1049
1051
1056
1062
1067
1073
1074
1080
1084
1086
1087
1088
1089
1631
1635
1638
1651
1683
1684
1977
2427
2431
2775
4
5
6
7
10
11
12
13
16
17
20
21
25
27
28
31
34
35
37
38
41
46
48
52
54
55
56
59
66
70
73
76
78
83
88
92
93
97
102
104
108
113
117
143
145
146
152
160
164
171
173
177
185
192
204
205
206
215
216
221
249
250
251
257
270
273
275
276
282
284
286
287
296
317
331
347
355
374
376
391
413
428
430
438
439
470
528
623
624
741
747
748
801
912
1268
1
5
7
8
11
14
15
17
23
25
29
31
35
39
40
43
46
48
54
61
62
64
66
67
74
83
88
90
95
98
108
110
118
121
128
136
140
146
153
157
168
174
183
184
193
195
199
206
211
231
243
916
1235
1236
1237
1311
1312
1313
1326
1332
1338
1340
1352
1363
1379
1388
1389
1392
1394
1395
1396
1397
1398
1480
1481
1483
1490
1491
1750
1782
1883
1884
1888
1947
1971
2104
2113
2114
2115
2116
2117
2347
2656
2771
2772
6
7
10
13
14
16
22
28
34
38
39
42
47
53
63
65
73
87
89
94
97
105
107
109
117
120
124
135
138
139
151
156
157
174
192
194
198
205
210
217
230
242
1233
1235
1236
1237
1296
1310
1313
1329
1331
1337
1338
1339
1346
1347
1351
1362
1373
1386
1387
1388
1391
1393
1394
1395
1396
1397
1398
1470
1471
1478
1480
1481
1482
1487
1489
1490
1492
1493
1505
1682
1683
1690
1749
1782
2111
2343
2344
2346
2512
2535
2735
1
3
19
22
23
29
30
35
39
43
44
50
52
58
60
65
70
76
81
82
91
92
98
101
113
120
131
132
133
147
154
160
172
177
178
186
200
206
210
228
230
237
266
267
273
304
525
555
556
557
620
623
695
903
920
930
931
952
953
959
960
961
962
967
968
1040
1045
1052
1058
1063
1068
1069
1070
1071
1072
1073
1074
1075
1076
1078
1079
1080
1081
1082
1083
1084
1621
1631
1634
1677
2423
2427
21
24
28
34
39
42
44
49
54
57
65
69
75
78
84
90
97
102
112
127
133
142
153
156
170
188
202
212
239
246
247
259
261
262
265
266
272
296
303
325
357
387
530
542
547
548
549
550
551
552
553
554
555
557
560
561
562
563
564
565
566
567
568
569
570
571
572
573
574
575
697
698
741
753
785
869
887
929
1768
1950
1951
1952
2136
2464
2498
2615
2633
2634
2635
2767
2
6
8
12
15
16
18
20
22
29
32
41
42
43
47
48
50
51
55
61
71
73
78
82
87
92
97
109
112
132
137
138
141
147
151
155
159
166
168
180
187
199
200
201
211
216
229
260
261
266
268
270
277
278
281
282
290
292
302
308
319
320
342
345
352
353
354
361
363
371
375
408
410
412
416
418
419
423
469
512
513
516
523
703
898
908
1166
1952
2755
2765
3
10
16
18
19
20
23
26
32
36
40
41
47
49
51
55
57
62
65
72
75
78
79
84
88
89
93
99
110
114
117
121
128
129
143
144
157
161
162
169
173
175
179
182
183
193
197
201
203
204
218
222
225
227
234
235
249
553
617
900
901
911
918
927
933
938
944
950
951
952
956
958
959
960
963
964
965
966
968
995
1041
1042
1043
1044
1045
1046
1047
1048
1788
2763
2
3
4
6
9
10
12
13
14
16
20
27
28
30
39
41
45
47
48
49
52
53
59
69
70
71
76
85
86
90
95
107
114
130
132
137
145
149
153
157
166
178
199
214
240
241
244
251
266
269
272
275
276
280
284
289
290
295
298
323
334
335
336
340
359
363
374
394
410
416
431
432
446
453
479
483
488
490
491
510
1564
1566
1728
2015
2447
2566
2759
2760
2761
1
7
8
10
16
22
32
36
41
43
54
57
59
67
83
88
103
111
129
132
146
150
151
157
176
188
199
204
236
244
1189
1221
1227
1255
1288
1289
1324
1327
1329
1330
1331
1333
1337
1341
1345
1349
1353
1356
1358
1359
1387
1388
1389
1390
1391
1392
1395
1462
1463
1465
1466
1485
1487
1489
1490
1491
1495
1496
1497
1585
1679
1680
1743
2008
2123
2124
2125
2337
2343
2358
2411
2502
2595
2731
2754
2755
2756
2757
3
4
6
7
9
15
16
21
27
31
32
35
40
46
56
64
66
67
80
87
90
100
102
110
113
119
128
131
156
167
185
191
198
203
207
223
235
1226
1228
1229
1230
1254
1287
1303
1304
1306
1324
1325
1328
1330
1331
1332
1339
1340
1344
1355
1380
1381
1384
1386
1388
1390
1391
1461
1462
1464
1465
1470
1473
1474
1483
1484
1490
1584
1676
1742
1934
2125
2336
2337
2342
2351
2352
2501
2528
2639
3
4
7
10
11
13
17
21
24
27
29
35
38
42
44
46
49
50
56
60
66
68
73
82
83
87
94
102
111
114
115
132
134
142
146
154
161
163
175
181
191
194
196
203
211
225
238
240
247
248
263
264
265
272
273
274
281
285
287
295
307
320
332
333
337
347
358
403
418
419
426
443
487
508
510
511
894
898
903
2080
2672
2750
2751
2
6
8
20
23
24
26
28
34
39
41
43
45
48
55
61
67
75
77
87
91
101
107
114
128
132
151
153
162
182
190
204
209
226
247
253
261
263
264
273
277
279
282
283
290
295
321
322
324
330
333
334
336
345
346
372
397
408
409
410
411
413
459
460
461
463
466
486
509
697
892
1561
1946
1947
1993
2009
2010
2011
2401
2440
2506
2579
2731
3
4
6
12
18
24
28
29
32
37
39
44
53
55
62
63
77
79
84
95
99
107
114
118
125
128
139
141
146
147
153
172
195
199
200
202
207
213
232
249
250
787
788
1223
1251
1255
1285
1286
1319
1320
1321
1322
1324
1325
1326
1327
1329
1333
1334
1336
1337
1339
1340
1341
1343
1344
1345
1349
1354
1355
1359
1363
1388
1389
1390
1391
1393
1398
1440
1544
1581
1582
1736
3
4
6
7
8
10
14
21
24
33
41
43
46
47
53
63
65
70
79
84
89
101
108
126
131
143
147
208
235
236
245
274
284
289
292
294
304
311
312
313
329
330
349
358
359
378
382
383
384
385
386
389
391
404
410
425
426
447
477
484
485
504
1722
1992
2441
2442
2567
2629
2731
2733
2735
2737
2739
2741
2742
2743
2744
2745
2746
3
5
7
9
13
14
25
31
36
46
58
62
72
73
78
84
86
88
98
99
100
103
104
124
131
148
156
178
187
190
191
201
233
235
243
257
258
261
266
268
277
278
287
316
317
328
329
330
333
341
349
352
353
355
368
439
447
448
449
457
458
459
460
463
483
506
661
705
1558
1660
1953
1954
1989
2398
2436
2668
2727
2728
1
3
9
15
21
25
29
34
47
50
52
60
74
81
84
94
96
104
107
113
122
132
139
143
154
179
181
185
192
207
217
1215
1216
1221
1222
1223
1297
1298
1299
1300
1312
1324
1326
1334
1349
1364
1373
1374
1375
1378
1380
1381
1382
1383
1384
1459
1463
1464
1465
1467
1468
1469
1474
1476
1477
1478
1479
1480
1481
1669
1670
1736
1768
2331
2404
2642
2725
2
4
8
9
14
19
20
21
24
25
28
31
35
37
38
39
40
43
46
49
50
59
60
73
75
83
93
95
103
106
142
143
144
149
160
168
169
178
191
198
199
216
221
228
317
367
474
1219
1221
1222
1247
1251
1264
1299
1315
1317
1318
1321
1322
1324
1325
1329
1332
1335
1336
1337
1348
1350
1359
1377
1381
1467
1540
1577
2521
2723
6
10
11
14
17
18
20
22
28
33
35
39
42
49
50
53
55
60
61
81
83
85
95
101
104
108
127
145
147
156
176
184
203
218
220
241
258
267
271
273
274
275
276
277
284
285
289
313
316
317
324
327
329
330
365
366
396
414
444
453
455
456
459
460
480
503
505
658
659
1556
2005
2433
2436
2439
2721
6
12
18
22
23
26
28
31
33
37
47
57
71
73
78
81
89
91
101
104
108
119
122
123
129
140
158
166
176
182
189
201
214
226
1217
1218
1219
1220
1297
1309
1315
1316
1319
1320
1321
1322
1323
1330
1331
1333
1335
1337
1346
1348
1349
1352
1353
1357
1361
1364
1370
1371
1372
1375
1379
1464
1465
1667
1676
1733
1866
2519
2719
8
12
16
18
20
26
31
33
37
40
47
53
58
59
69
79
81
93
99
102
106
125
143
174
182
201
216
218
228
229
269
271
272
273
274
275
281
282
283
287
291
293
311
314
315
322
327
362
363
394
434
442
444
452
453
454
455
458
471
478
501
503
505
656
657
658
884
1986
2078
2431
2434
2437
2663
14
26
28
32
36
40
47
53
56
63
72
77
82
88
96
101
122
126
132
140
150
165
185
186
196
201
214
230
246
251
253
266
267
275
277
285
304
306
310
327
356
360
371
408
409
442
444
445
478
479
488
489
490
491
492
658
659
2571
2703
2704
2705
2706
2707
2708
2709
2710
2711
2712
2713
2714
2715
2716
16
35
39
43
45
55
57
62
71
76
81
83
103
121
150
164
170
171
181
192
208
233
252
296
298
337
355
497
883
884
887
889
890
891
892
893
894
895
955
981
983
984
985
1000
1001
1002
1003
1004
1005
1006
1007
1008
1009
1150
1158
1657
1789
1844
1943
2069
2315
2362
2363
2364
2524
2661
2698
2699
2700
2701
7
11
20
25
35
49
59
63
68
73
81
83
98
112
127
135
145
156
157
166
175
188
206
209
211
219
884
929
933
935
936
943
944
946
947
948
950
951
952
1027
1028
1029
1030
1031
1038
1098
1099
1101
1102
1103
1104
1105
1107
1108
1109
1114
1116
1121
1598
1600
2038
2319
2320
2321
2436
2496
2695
2696
4
8
11
12
14
16
22
27
29
31
33
36
43
49
54
55
64
75
79
94
102
120
121
139
141
150
178
192
214
225
252
265
267
270
271
278
283
310
318
322
333
334
360
396
397
401
415
447
448
449
452
453
454
456
474
497
652
654
685
700
719
720
742
880
1997
1998
2433
2667
6
12
16
17
20
25
31
38
41
43
51
65
72
87
95
116
135
152
170
172
183
188
208
883
1211
1213
1214
1239
1272
1291
1310
1315
1316
1317
1325
1340
1369
1371
1372
1374
1375
1376
1448
1449
1450
1469
1471
1474
1475
1485
1666
1727
2071
2095
2106
2108
2109
2321
2322
2323
2325
2327
2344
2513
2597
2598
2691
2692
7
13
21
22
28
30
33
44
48
53
54
58
76
79
91
106
111
117
132
156
178
188
191
208
235
240
244
245
251
282
293
296
534
535
569
579
580
598
657
658
659
661
662
663
666
667
668
674
686
1865
1866
1868
1869
2556
2557
2558
2559
2561
2564
2681
2682
2683
2685
2686
2687
2688
2689
6
7
21
29
35
42
47
58
68
73
96
97
101
109
149
163
164
181
183
193
198
252
880
891
896
897
905
906
908
909
974
1064
1065
1066
1067
1068
1069
1071
1072
1073
1074
1085
1086
1093
1675
1811
1812
1813
2433
2435
2437
2503
2504
2505
2506
2507
2508
2669
2670
2671
2673
2674
2675
2676
2677
2678
2679
4
7
8
10
12
18
23
25
29
32
39
45
50
51
60
71
73
75
85
90
94
98
116
135
137
146
188
210
248
257
261
263
266
267
274
276
279
283
306
307
314
318
329
330
356
358
392
393
395
397
443
444
445
450
470
497
648
649
650
681
876
1993
1994
1996
2424
2667
6
17
18
20
26
28
39
42
45
48
60
65
69
80
86
93
118
132
155
187
207
208
217
222
246
247
256
272
275
276
377
378
379
380
382
402
403
408
410
411
414
415
454
692
693
694
695
696
697
698
699
700
701
702
704
705
706
707
709
712
724
2661
2662
2663
2664
2665
4
13
28
34
42
52
56
61
74
105
150
159
168
181
199
202
212
922
926
929
936
937
938
939
940
943
945
960
969
972
1020
1021
1091
1095
1096
1097
1100
1101
1102
1104
1105
1107
1108
1109
1591
1592
1593
1765
1819
1820
1899
1900
1903
1904
2031
2312
2403
2428
2429
2451
2599
2600
2634
2636
2659
10
14
19
32
35
45
59
66
81
89
107
110
129
135
146
164
177
182
202
214
353
460
735
1205
1233
1250
1266
1285
1301
1307
1309
1310
1311
1312
1315
1319
1334
1359
1367
1368
1369
1439
1440
1441
1442
1443
1444
1445
1446
1447
1526
1563
1705
1721
1911
2064
2315
2480
2653
2654
2655
2656
2657
23
28
29
35
45
46
55
56
61
66
71
82
83
86
108
129
139
154
161
190
206
216
233
241
242
248
250
256
280
304
305
306
307
311
312
316
317
318
319
338
351
379
392
399
422
432
438
442
443
452
489
646
1748
1778
2010
2066
2421
2486
2543
2582
2583
2651
6
14
15
23
36
41
52
53
62
67
84
90
91
95
99
131
136
175
875
892
901
907
912
923
924
965
968
969
1941
1942
1943
1944
1946
1947
1948
1949
1950
1951
1952
1953
1954
1955
1956
1957
1958
1959
2634
2635
2636
2637
2638
2639
2640
2641
2642
2643
2644
2645
2646
2647
2648
2649
9
14
24
38
48
52
57
62
70
72
87
90
101
116
134
146
155
164
177
195
198
208
917
923
924
925
932
933
934
935
936
937
941
968
1016
1018
1019
1020
1088
1089
1090
1092
1093
1096
1098
1100
1101
1103
1589
1761
1896
1900
2425
2447
2594
2595
2596
2629
2630
2631
2632
20
22
25
30
32
36
43
53
54
58
63
68
80
83
87
105
109
111
112
122
151
170
187
200
201
213
215
223
232
241
248
249
252
262
269
273
279
280
310
311
313
321
323
335
346
373
374
383
385
387
389
390
439
481
483
2366
2382
2505
2507
2556
2557
17
24
30
31
51
52
62
75
82
90
104
107
121
125
129
157
199
202
212
216
223
236
237
238
244
246
247
252
272
276
283
300
301
302
303
309
313
323
324
329
334
350
374
375
388
410
428
434
485
642
698
707
1200
1228
1969
2417
2482
2539
2578
2625
2626
4
5
8
15
19
29
31
55
63
101
105
117
122
141
146
148
164
171
183
196
1200
1201
1202
1291
1297
1317
1343
1345
1346
1347
1348
1349
1350
1351
1355
1356
1357
1744
1745
1746
1747
1845
1847
1849
1850
2056
2057
2608
2610
2612
2613
2614
2615
2616
2617
2618
2619
2620
2621
2622
2623
17
19
22
23
29
39
40
41
50
55
60
65
102
107
119
123
180
184
209
210
211
214
221
236
239
250
259
265
268
293
298
305
306
309
341
342
343
344
401
402
453
460
461
479
480
1532
1534
1537
1538
1549
1694
1985
2048
2049
2050
2051
2472
2603
2604
2605
2606
8
10
15
20
31
35
41
56
63
78
93
99
119
122
136
154
165
168
178
195
212
213
225
227
231
232
238
323
353
514
515
516
518
520
521
522
523
525
527
528
529
530
531
532
533
540
542
707
751
1734
1852
1916
1917
1918
2102
2464
2581
2599
2600
2601
15
20
21
38
47
48
54
58
63
73
78
86
99
100
117
121
153
195
196
198
208
233
234
236
240
242
243
245
248
270
272
291
294
296
297
298
299
302
305
306
309
343
370
382
384
391
406
407
408
414
424
430
432
472
638
1675
1770
2413
2574
4
9
25
35
49
56
67
71
79
97
100
118
119
125
136
156
167
172
174
204
1195
1197
1198
1223
1256
1258
1275
1291
1294
1295
1296
1297
1299
1300
1301
1308
1309
1324
1335
1353
1355
1356
1360
1432
1433
1434
1453
1553
1554
1708
1711
1903
2056
2092
2305
2309
2311
2470
2497
5
10
13
20
33
39
50
66
74
85
89
96
110
112
120
125
131
143
144
157
170
174
178
189
197
212
221
706
758
759
760
770
772
773
774
776
779
780
782
783
784
788
793
794
796
804
835
836
837
1257
1614
1616
1617
1618
1623
1626
1679
1683
1809
5
15
29
39
43
48
53
78
92
94
108
136
137
138
139
146
186
189
199
228
517
915
916
923
924
926
927
928
930
1001
1007
1009
1013
1078
1079
1085
1090
1094
1096
1098
1099
1868
2299
2300
2301
2302
2390
2585
2586
2587
2588
2589
2590
2591
2592
2593
2594
3
5
10
15
18
26
58
112
129
140
175
193
202
220
234
487
489
491
503
505
506
571
580
581
584
585
595
601
602
606
614
617
679
682
684
686
687
695
696
697
698
701
702
703
705
706
709
714
729
731
732
733
734
736
737
2581
2583
5
11
18
21
31
45
52
67
75
84
96
132
150
152
163
168
188
1191
1192
1193
1194
1195
1271
1295
1297
1305
1333
1345
1346
1349
1351
1352
1353
1354
1355
1434
1439
1440
1445
1448
1455
1462
1707
2061
2070
2071
2072
2078
2081
2302
2303
2324
2493
2577
2578
2579
14
15
25
31
32
41
42
47
68
72
73
76
93
94
100
148
170
176
190
212
227
228
230
241
258
259
285
286
299
302
310
318
319
322
337
339
364
365
385
416
417
418
426
427
428
438
470
475
630
1629
1672
1730
1958
2370
2405
2575
2
6
7
10
12
15
22
27
33
42
48
55
60
70
77
85
91
100
106
111
114
117
122
135
137
157
160
170
172
187
197
204
205
217
222
223
224
230
261
267
275
313
345
482
512
513
514
515
516
517
578
636
637
699
743
1556
8
10
24
34
37
38
42
43
47
48
52
58
73
76
81
87
102
103
116
120
132
133
141
152
160
162
163
184
193
194
208
860
877
892
895
897
908
909
910
911
912
913
914
915
916
917
918
919
920
921
922
923
924
925
926
927
5
10
13
21
25
28
31
40
44
53
54
60
68
83
98
104
112
126
135
137
144
158
168
170
188
202
211
215
225
239
251
277
278
310
311
312
313
342
343
503
504
505
506
507
508
696
697
709
725
825
843
1724
2454
2570
2571
13
16
26
47
62
70
91
105
110
127
147
158
163
183
195
1186
1266
1291
1292
1293
1300
1315
1344
1346
1347
1348
1349
1350
1351
1423
1424
1425
1435
1440
1444
1445
1446
1450
1455
1456
1507
1635
1643
1702
1752
1753
1894
1983
2047
2370
2461
2465
2566
2567
4
10
26
27
36
37
43
47
52
67
68
88
89
110
143
165
170
197
221
222
229
231
232
237
241
243
259
280
283
285
286
287
294
319
332
333
334
335
359
361
371
403
412
413
421
433
468
470
627
669
1664
2459
2563
2564
40
75
86
102
107
126
133
168
1212
1282
1286
1294
1301
1304
1305
1306
1350
1351
1352
1353
1355
1377
1379
1380
1381
1382
1383
1384
1385
1386
1387
1388
1389
1390
1391
1392
1393
2541
2542
2543
2544
2546
2550
2552
2553
2554
2555
2556
2557
2558
2559
2560
2561
2
4
12
14
35
40
50
62
65
87
93
104
112
118
152
169
182
197
205
214
221
230
231
234
235
244
253
261
262
263
278
292
303
305
314
365
367
368
371
375
421
423
465
655
656
1905
2301
2303
2487
2538
2539
2
5
8
16
20
26
48
63
78
83
104
128
132
150
163
180
210
216
217
254
499
506
507
508
509
510
541
570
629
630
631
632
633
634
635
636
637
639
646
1837
1838
1840
1841
2528
2529
2531
2532
2533
2534
2535
2536
5
7
12
16
20
22
24
29
38
39
43
48
53
61
67
72
76
85
92
97
106
118
119
161
208
223
230
239
251
308
322
369
372
385
416
417
669
688
689
693
711
713
716
747
1681
1682
1684
1685
1688
1909
18
23
34
39
40
44
49
50
54
65
67
68
72
74
80
82
94
95
108
113
120
127
139
144
152
153
154
155
169
184
199
200
215
473
852
867
869
879
882
884
887
889
895
905
906
918
920
921
922
1738
4
20
22
27
31
36
58
61
83
86
87
100
117
129
148
165
201
202
210
226
231
247
248
249
274
289
291
299
300
363
364
365
367
368
419
462
652
685
847
850
1207
1499
1808
1901
1902
2483
2485
2523
2524
14
24
28
33
38
46
48
63
77
92
110
121
131
140
153
174
184
901
908
909
911
912
913
917
992
996
1003
1063
1064
1066
1069
1070
1071
1074
1077
1079
1080
1082
1566
1743
1791
1871
1874
2287
2332
2334
2461
15
21
25
43
46
56
58
73
99
116
123
145
148
155
158
175
185
192
205
207
212
249
263
270
301
303
333
493
494
500
501
502
503
505
512
518
536
537
624
625
627
628
687
1714
1832
2444
2520
11
13
18
28
33
34
38
39
41
43
58
59
62
79
80
101
103
133
161
188
222
228
231
232
233
235
246
251
271
274
276
277
282
283
289
371
387
394
402
404
438
461
463
618
660
2516
2518
6
12
16
18
23
37
38
44
58
84
96
102
111
125
132
133
142
156
161
174
186
187
188
190
198
231
232
235
241
245
257
259
281
282
283
302
316
334
336
400
403
407
437
1511
1943
2512
2513
8
12
47
74
94
111
122
124
157
158
175
184
216
217
468
562
563
564
565
566
567
568
569
570
572
573
574
575
576
577
578
579
580
581
582
583
584
606
607
662
666
667
669
678
683
687
2510
13
27
34
49
75
78
92
107
114
132
134
138
145
170
1218
1253
1279
1280
1287
1302
1326
1327
1328
1331
1333
1334
1335
1337
1338
1410
1412
1420
1421
1422
1430
1431
1432
1433
1442
1443
1622
1689
1739
1970
2284
2357
2448
59
100
136
144
176
192
844
881
888
896
897
898
916
919
923
924
925
926
927
928
1121
1122
1589
1590
1591
1722
1723
1724
2490
2491
2492
2493
2494
2495
2496
2497
2498
2499
2500
2501
2502
2503
2504
2505
2506
2507
19
38
60
78
100
142
190
253
255
258
327
364
840
844
846
849
850
852
912
941
943
944
945
958
959
962
963
964
971
973
974
975
976
1123
1124
2323
2479
2480
2481
2482
2483
2484
2485
2486
2487
2488
2
26
31
34
44
46
54
60
72
76
82
112
119
135
142
147
157
167
187
1132
1163
1164
1165
1166
1169
1197
1203
1214
1268
1284
1299
1310
1312
1315
1317
1322
1328
1330
1331
1332
1333
1334
1335
1490
1822
2472
10
12
17
21
26
31
48
51
73
77
90
107
138
168
181
200
205
207
216
220
221
230
239
241
247
266
279
292
300
353
355
357
358
367
371
372
409
451
837
1891
1892
2473
2474
2475
2476
8
21
30
32
42
73
80
92
93
109
110
149
155
185
1127
1130
1132
1134
1162
1168
1183
1186
1187
1196
1197
1199
1200
1201
1206
1213
1230
1231
1232
1233
1234
1269
1287
1486
1487
1488
1490
1868
1869
2470
2471
5
16
26
55
67
107
121
122
141
156
555
838
849
855
863
864
865
866
867
932
1022
1023
1025
1026
1027
1028
1029
1030
1031
1043
1044
1771
1772
1773
2034
2391
2393
2395
2461
2463
2465
2466
2467
2468
10
47
68
103
114
116
147
149
167
176
181
190
194
208
465
476
477
478
558
559
575
576
653
658
659
660
661
663
670
672
675
676
677
679
680
681
683
703
2450
2451
2452
2454
2455
2458
18
23
44
48
75
76
85
90
92
115
131
145
179
204
205
208
214
217
230
235
281
282
283
316
317
319
335
336
361
363
368
369
370
391
399
401
443
553
660
1646
2330
2345
2346
2377
10
14
19
24
32
34
49
63
78
79
107
108
117
139
157
160
170
835
880
886
887
894
895
897
898
899
903
978
980
982
989
1049
1050
1053
1054
1055
1056
1060
1063
1065
1551
2270
2447
5
14
15
25
30
45
66
67
84
88
120
163
165
200
202
203
207
209
215
233
237
239
258
263
264
270
272
276
310
312
337
351
373
378
397
399
605
647
1642
1932
2263
2380
2445
6
10
21
28
43
58
84
87
101
108
130
133
140
143
160
177
178
196
197
200
203
234
244
248
251
252
256
478
479
485
486
487
488
489
490
503
506
518
525
625
672
716
1098
33
41
56
77
87
92
113
124
137
156
179
188
673
727
740
741
742
743
746
747
750
751
752
753
754
755
756
757
758
802
803
804
805
806
1263
1278
1583
1584
1646
1714
1974
2442
21
36
44
62
65
79
121
137
169
177
1154
1259
1264
1265
1266
1274
1289
1318
1320
1321
1322
1323
1324
1325
1395
1397
1398
1399
1418
1419
1420
1424
1428
1429
1676
1866
1868
1869
1870
2344
2435
2439
2
7
16
21
24
42
66
68
74
76
84
109
125
130
145
171
174
197
212
213
215
217
219
221
225
226
241
243
254
266
267
271
293
295
306
352
377
385
414
1890
2376
2433
9
15
21
23
25
35
36
40
41
68
85
115
124
127
128
138
172
180
194
195
198
203
210
214
215
224
229
253
254
267
278
384
394
396
397
420
445
598
599
1495
1890
5
14
19
46
61
74
78
82
85
169
180
193
219
220
227
252
264
265
316
323
345
376
377
378
379
380
381
388
389
390
412
420
829
832
833
2425
2426
2427
2428
2429
2430
22
27
35
37
52
58
67
78
95
113
124
127
137
164
171
172
184
191
197
228
246
280
282
312
479
480
481
483
484
485
491
494
603
604
632
710
1523
1694
2399
2423
27
73
86
718
720
722
723
724
725
726
727
728
729
730
731
732
1640
1645
1920
2402
2403
2404
2405
2406
2407
2408
2409
2410
2411
2412
2413
2414
2415
2416
2417
2418
2419
2420
2421
4
14
22
24
53
68
86
107
116
129
147
150
160
870
874
876
884
886
887
888
889
892
893
917
920
968
969
970
972
1039
1041
1043
1044
1046
1053
1541
1542
2399
2400
24
92
161
186
243
246
475
482
491
492
493
499
500
501
502
503
504
505
506
619
620
1517
1519
1520
2297
2298
2299
2386
2387
2388
2389
2390
2391
2392
2393
2394
2395
2396
2397
9
21
25
59
69
77
88
102
108
130
133
138
167
190
199
212
224
234
236
237
239
247
259
260
264
293
345
346
436
821
938
1088
1695
1781
1881
1883
2253
2383
2384
43
51
64
91
105
106
125
140
822
833
838
839
844
848
849
851
916
1005
1006
1007
1008
1009
1010
1011
1012
1013
1014
1015
1016
1017
1733
1755
2375
2376
2377
2378
2379
2380
2381
5
9
10
20
35
49
64
94
103
125
143
146
865
866
870
872
873
880
881
883
884
885
887
964
1036
1039
1040
1044
1046
1047
1048
1538
1763
1847
1848
2259
2372
2373
12
14
27
32
35
39
52
115
135
149
187
194
201
205
215
218
220
245
255
256
269
277
296
327
367
375
377
411
434
436
590
817
1487
2366
2367
2368
2369
2370
11
25
30
34
38
56
75
77
86
114
150
188
201
203
206
207
214
219
246
270
296
332
336
351
383
384
385
388
389
390
588
590
621
816
1933
1934
2363
2364
5
9
20
58
72
86
118
128
162
187
196
212
263
264
265
298
299
300
301
342
343
425
632
633
634
635
636
2345
2346
2347
2348
2349
2356
2357
2358
2359
2360
2361
7
22
30
33
39
48
74
80
118
123
143
401
1147
1148
1149
1150
1223
1224
1225
1226
1250
1299
1300
1301
1308
1309
1382
1389
1390
1391
1393
1394
1395
1403
1714
2079
2133
2134
5
13
15
30
44
77
88
89
98
107
120
138
151
849
867
868
875
878
879
880
882
884
911
959
960
961
964
1033
1034
1037
1044
1046
1048
1681
2251
2342
16
35
39
46
62
67
74
86
93
109
120
128
153
707
708
709
1172
1206
1241
1242
1246
1247
1254
1261
1262
1264
1266
1270
1276
1280
1310
1311
1312
1313
1314
1315
6
10
22
26
60
70
93
109
112
113
114
124
129
158
165
166
172
181
190
191
194
195
197
255
258
274
276
279
284
323
325
336
368
369
382
1949
4
9
45
53
59
111
122
165
181
185
191
194
207
212
258
260
293
294
295
296
312
337
338
340
342
343
345
346
347
376
424
530
1623
1625
1651
2307
29
80
115
146
176
812
839
861
862
870
954
985
986
987
988
1530
1535
1536
1538
1539
1540
1543
1544
1545
1555
1556
2327
2330
2331
2332
2333
2334
2335
2336
2337
8
10
39
54
72
83
84
93
102
115
136
146
811
844
855
856
860
870
872
873
874
875
877
878
879
906
954
955
956
1039
1041
1043
1834
2246
2325
15
23
44
58
62
63
69
80
89
100
111
116
136
148
1139
1167
1219
1235
1238
1240
1241
1243
1244
1245
1249
1253
1300
1304
1377
1378
1397
1460
1497
1655
2323
5
15
28
47
49
63
76
88
96
104
123
140
151
161
187
196
205
236
254
316
333
334
336
338
339
342
372
1617
1619
2303
2317
2318
2319
2320
2321
15
19
20
23
40
41
47
117
137
159
173
174
177
182
188
193
194
246
249
265
271
312
364
365
379
417
418
420
577
1576
1859
1999
2313
2314
10
23
48
76
108
123
1106
1107
1123
1127
1129
1130
1135
1136
1137
1138
1139
1140
1171
1185
1186
1212
1213
1214
1215
1216
2303
2304
2305
2307
2308
2309
2310
2311
13
18
21
38
39
45
70
93
115
135
147
157
172
175
201
203
204
230
231
247
263
269
282
353
361
363
371
372
373
374
420
423
575
15
30
56
73
80
102
115
117
132
142
149
150
168
169
175
220
427
457
458
459
460
461
462
469
475
486
489
494
495
496
584
1789
2300
12
15
16
42
43
54
83
91
132
135
156
164
171
180
181
184
194
200
203
211
215
230
254
264
278
331
335
336
371
388
415
574
2298
68
75
76
88
94
99
110
126
138
148
162
204
215
812
866
871
899
1017
1024
1033
1068
1827
2286
2288
2289
2290
2291
2292
2293
2294
2295
2296
20
56
67
81
87
109
172
203
214
215
217
800
801
804
808
809
810
811
812
900
920
922
925
1067
1674
1706
2279
2280
2281
2282
2283
2284
15
29
58
62
74
92
94
103
105
123
136
802
839
852
853
856
862
864
867
868
869
893
948
1016
1033
1039
1079
1658
1681
1690
2277
10
25
36
68
96
100
137
159
162
170
201
222
451
458
467
468
469
475
476
477
478
479
481
482
595
596
605
607
2273
2274
2275
8
23
44
46
59
65
80
91
104
108
112
146
155
640
691
693
694
710
713
714
717
718
722
730
769
770
771
1550
1552
1613
1681
38
75
98
108
128
137
179
191
205
253
282
283
285
326
612
613
614
615
617
618
621
624
637
641
642
2265
2266
2267
2268
2269
2270
13
38
50
98
113
143
1097
1113
1119
1120
1121
1122
1124
1125
1126
1127
1128
1129
1130
1153
1160
1162
1203
1206
1218
1446
1594
1603
1975
2262
2263
15
115
380
1387
1388
1389
1395
1399
1580
1985
2004
2006
2007
2009
2011
2012
2020
2021
2022
2023
2024
2025
2026
2028
2029
2238
2256
2257
2258
2259
2260
8
29
43
65
85
96
115
121
1124
1152
1204
1228
1230
1238
1284
1288
1373
1378
1383
1384
1573
1574
2235
2248
2249
2250
2251
2252
2253
2254
5
27
44
48
50
80
108
123
135
139
162
167
175
182
193
197
199
218
221
223
224
225
232
236
298
311
412
565
1602
2223
5
8
25
32
49
88
122
144
158
162
174
178
190
191
217
231
242
250
251
254
348
369
384
407
409
410
563
789
790
1662
29
42
50
92
136
150
152
193
194
195
197
199
200
201
202
208
233
242
262
592
593
799
917
1633
2239
2240
2241
2242
2243
2244
15
36
46
51
83
96
115
123
147
632
686
699
700
705
707
709
710
714
719
720
722
761
762
763
1542
1543
1562
1605
1735
15
41
58
65
87
90
100
127
134
135
147
154
157
160
191
208
209
211
212
436
442
443
444
445
446
447
448
629
673
4
8
26
45
47
56
120
147
158
173
176
184
186
189
216
224
228
239
240
302
305
321
353
359
360
591
1903
1904
1906
20
21
44
83
103
117
129
153
162
168
169
212
213
223
224
225
226
237
251
294
335
345
397
400
404
785
1454
1691
2234
18
21
57
77
88
93
113
1144
1196
1220
1230
1245
1276
1279
1281
1353
1354
1376
1380
1632
2000
2011
2226
2227
2228
2229
2230
2231
2232
14
29
43
47
59
68
90
108
111
121
835
845
846
847
848
849
850
853
854
878
881
929
930
1000
1003
1502
2221
2224
24
31
41
49
71
83
84
94
128
136
150
152
154
161
162
166
175
209
210
223
234
244
261
309
341
350
351
407
6
7
41
47
53
72
85
110
785
795
799
802
803
818
1112
1190
1191
1192
1193
1267
1268
1343
1359
1361
1364
1389
1390
2218
27
40
57
68
784
810
816
821
827
839
840
842
877
893
922
923
945
946
947
1928
1929
1930
1931
1935
1936
2215
2216
18
47
67
78
105
193
780
781
784
789
790
791
792
852
878
879
880
882
903
904
911
1047
1667
1686
1967
2212
2213
14
19
31
35
39
67
68
95
147
154
156
162
165
168
169
177
184
186
205
208
210
211
212
223
233
344
2210
27
32
51
80
89
93
118
297
350
1137
1211
1212
1219
1226
1229
1275
1279
1280
1326
1327
1328
1330
1331
2205
2206
2207
2208
21
97
2176
2177
2178
2179
2180
2181
2182
2183
2184
2185
2186
2187
2188
2189
2190
2191
2193
2195
2196
2197
2199
2200
2201
2202
2203
66
104
2040
2047
2048
2049
2053
2060
2094
2109
2122
2141
2151
2152
2160
2163
2164
2166
2167
2168
2169
2170
2171
2172
2173
2174
46
793
1819
1911
2012
2013
2014
2015
2017
2018
2019
2020
2022
2023
2024
2025
2026
2027
2028
2029
2030
2033
2034
2035
2036
2037
21
31
36
57
68
81
123
132
617
670
671
687
689
690
691
694
695
697
707
747
1527
1528
1529
1535
1536
1658
26
43
72
75
85
102
119
120
138
139
145
230
421
422
423
425
428
429
430
432
435
436
437
438
439
2009
93
120
1266
1365
1366
1367
1373
1377
1558
1810
1963
1985
1987
1989
1990
1991
1998
1999
2000
2001
2002
2003
2004
2005
2006
2007
1348
1366
1374
1375
1809
1839
1972
1979
1980
1981
1982
1983
1984
1985
1986
1987
1988
1989
1990
1991
1992
1993
1994
1995
1996
15
45
63
76
94
97
107
773
817
823
824
833
839
840
864
915
919
987
988
989
990
1488
1489
1794
1798
40
54
74
89
488
771
798
799
821
865
957
960
961
962
963
980
981
982
1963
1964
1965
1966
1967
1968
1969
44
45
67
97
124
133
423
440
468
469
547
549
550
745
746
747
748
749
750
753
754
1640
1755
1758
1790
23
28
32
57
70
82
95
99
107
586
1098
1126
1178
1196
1197
1200
1204
1212
1253
1256
1260
1263
1334
1347
1456
7
24
55
63
77
119
133
137
142
163
192
193
206
231
244
323
333
334
335
359
382
537
765
1536
23
25
34
54
62
76
81
98
149
151
154
155
162
167
194
195
202
246
274
358
383
537
538
1958
36
56
72
1156
1197
1199
1200
1201
1209
1224
1255
1256
1258
1333
1358
1365
1547
1549
1553
1661
1801
1954
1955
1956
41
59
1095
1096
1097
1238
1239
1241
1242
1243
1244
1245
1246
1639
1640
1641
1642
1742
1743
1744
1745
1951
1952
43
49
108
114
131
165
175
179
249
286
287
378
762
766
771
772
863
884
1041
1636
1722
1948
1949
13
21
61
91
121
123
128
130
143
198
202
212
214
276
277
280
295
332
333
565
1592
1877
1878
12
49
73
102
103
104
114
135
147
158
186
191
202
234
235
236
237
353
354
1427
1941
1942
1945
17
90
104
112
126
130
137
151
158
159
185
199
217
218
219
282
326
337
373
378
757
758
1630
14
60
70
75
103
104
128
138
141
153
154
159
208
244
284
286
287
288
289
290
576
577
578
75
76
1059
1075
1080
1081
1082
1083
1084
1085
1086
1087
1088
1089
1090
1091
1092
1555
1556
1557
1935
1936
1937
42
769
780
1913
1914
1915
1916
1918
1919
1920
1921
1922
1923
1924
1925
1926
1927
1928
1929
1930
1931
1932
1933
14
18
30
50
61
79
92
758
790
795
808
809
820
825
849
972
981
987
1040
1474
1646
1911
13
30
757
789
794
800
813
866
893
894
896
918
919
920
1900
1903
1904
1905
1906
1907
1908
1909
10
36
47
102
111
596
650
669
674
725
726
727
729
1506
1507
1508
1516
1637
1895
1896
1897
1898
18
33
54
64
69
98
105
121
134
153
195
210
224
322
366
1813
1817
1889
1890
1891
1892
1893
22
24
31
66
645
647
649
658
695
696
697
698
700
701
702
1110
1248
1882
1884
1885
1886
1887
15
42
72
1161
1187
1239
1243
1319
1330
1335
1337
1340
1346
1351
1352
1530
1531
1647
1648
1878
1879
123
374
375
376
377
378
380
381
382
383
384
385
388
463
468
1869
1870
1871
1872
1875
1876
8
17
37
81
92
108
110
152
157
158
159
177
185
200
201
263
341
1864
1865
1866
1867
24
94
113
119
150
401
402
413
432
434
435
436
438
440
441
442
443
444
465
514
515
19
26
1175
1187
1190
1195
1197
1199
1208
1209
1213
1243
1249
1452
1453
1454
1455
1457
1458
1459
1460
18
1172
1173
1175
1176
1180
1253
1254
1848
1849
1850
1851
1852
1853
1854
1855
1856
1857
1858
1859
1860
13
25
44
55
56
77
90
115
121
130
145
146
147
173
206
267
273
279
309
463
1846
5
26
37
101
653
654
659
660
664
673
715
1496
1497
1498
1499
1500
1501
1502
1505
1507
53
73
95
109
110
111
113
118
180
182
193
202
205
309
312
353
1647
1841
1842
1843
12
25
36
44
45
46
47
61
92
759
761
771
776
792
793
804
806
826
827
890
40
56
70
71
93
102
107
117
118
147
192
193
202
216
257
259
281
353
544
1793
49
79
1132
1134
1135
1167
1173
1180
1186
1187
1293
1294
1299
1426
1427
1428
1429
1583
1836
1837
21
32
53
632
634
654
658
659
671
1554
1556
1558
1622
1828
1829
1830
1832
1833
1834
12
43
61
74
87
778
791
800
802
805
807
809
810
831
840
954
1632
1825
1826
771
803
1805
1806
1807
1808
1810
1812
1813
1814
1815
1816
1817
1818
1819
1820
1821
1822
1823
25
31
63
1143
1144
1145
1146
1219
1226
1228
1302
1309
1310
1311
1312
1313
1314
1315
1803
65
87
94
105
119
133
135
197
206
257
258
304
1795
1796
1797
1798
1799
1800
1801
14
20
42
85
95
124
136
142
146
147
258
733
734
833
834
835
1002
1012
1793
73
105
186
453
455
456
478
479
480
481
482
483
484
555
1787
1788
1789
1790
1791
31
42
61
76
98
100
109
114
131
136
167
175
250
260
264
265
266
1784
1785
32
42
69
76
139
155
187
379
380
383
390
392
393
394
398
399
615
1780
1782
14
15
32
44
49
742
743
746
747
748
751
755
756
757
758
759
760
1773
1778
20
1163
1188
1201
1220
1222
1223
1294
1298
1323
1327
1328
1575
1765
1766
1767
1768
1769
1770
42
1086
1091
1122
1155
1157
1168
1177
1190
1231
1232
1376
1377
1758
1759
1760
1761
1762
1763
19
794
875
943
950
952
955
960
1442
1445
1614
1621
1750
1751
1753
1754
1755
1756
9
18
31
49
52
786
789
790
791
794
870
941
955
957
1444
1749
1750
1751
783
785
875
1727
1728
1730
1732
1734
1735
1736
1739
1741
1742
1743
1744
1745
1746
1747
70
378
424
879
1709
1712
1714
1715
1716
1717
1718
1719
1720
1721
1722
1723
1724
1725
18
1054
1055
1056
1197
1198
1202
1203
1601
1699
1700
1701
1702
1703
1704
1705
1706
1707
53
67
76
540
542
543
546
551
708
709
710
711
712
714
716
717
718
1697
35
663
667
668
1149
1682
1683
1684
1685
1686
1688
1689
1690
1691
1692
1693
1694
1695
31
88
98
110
118
132
162
191
243
244
335
720
728
729
1593
1677
1679
1680
720
869
875
876
877
878
1665
1666
1667
1668
1669
1670
1671
1672
1673
1674
1675
11
43
627
628
633
634
638
647
648
650
1470
1471
1472
1490
1533
1602
1663
22
43
53
762
763
767
770
777
778
780
781
782
784
861
1434
1660
1661
35
745
811
903
908
909
921
1648
1650
1651
1652
1653
1654
1655
1656
1657
1658
727
732
1621
1622
1623
1624
1625
1626
1627
1634
1637
1638
1639
1640
1644
1645
1646
11
22
38
63
722
724
785
811
812
813
815
816
818
831
836
980
1619
24
45
96
98
102
111
114
118
141
164
166
167
168
169
175
332
597
42
54
55
56
82
93
99
137
149
189
269
270
322
329
1380
1524
1616
13
38
1045
1118
1121
1195
1196
1201
1277
1284
1285
1288
1289
1290
1609
1613
1614
996
1064
1066
1087
1088
1092
1094
1122
1123
1124
1125
1126
1127
1128
1129
1130
1131
16
1119
1145
1153
1168
1197
1199
1201
1203
1204
1276
1277
1298
1309
1605
1606
44
769
772
775
777
923
1426
1595
1596
1597
1598
1599
1600
1601
1602
1603
602
613
616
622
626
627
635
636
637
638
1468
1522
1523
1590
1591
1592
40
708
725
745
746
761
762
776
778
779
780
781
1452
1586
1587
1588
1038
1180
1182
1183
1184
1185
1186
1187
1188
1189
1190
1580
1581
1582
1583
1584
14
20
46
71
79
86
130
142
143
146
162
168
181
261
270
272
11
27
63
105
703
706
711
712
713
714
801
802
820
821
1476
1576
30
66
67
357
360
391
420
421
479
480
481
489
495
496
1573
1574
45
53
70
78
83
85
99
100
101
152
158
223
269
314
319
698
29
52
66
84
92
98
99
100
158
159
162
222
277
313
697
1570
10
44
57
67
93
101
119
121
122
165
185
367
539
1566
1567
1568
25
1030
1031
1032
1105
1106
1107
1108
1126
1134
1157
1190
1191
1264
1276
1544
699
731
736
765
781
784
785
786
787
788
1559
1560
1561
1562
1563
31
697
698
791
874
882
887
1415
1417
1428
1437
1438
1439
1441
1557
18
31
697
729
734
740
747
748
756
763
764
925
1553
1554
1555
19
42
536
616
1337
1338
1543
1544
1545
1546
1547
1548
1549
1550
1551
20
1127
1129
1181
1183
1184
1187
1275
1276
1283
1285
1286
1539
1540
1541
43
94
702
958
959
960
961
962
963
964
965
966
967
968
1537
30
1049
1084
1086
1118
1124
1131
1244
1245
1246
1376
1377
1378
1534
1535
59
60
126
169
208
215
216
307
461
688
1502
1520
1529
1531
1532
34
47
54
57
83
108
109
110
111
175
336
374
529
573
1518
29
31
1346
1347
1348
1351
1352
1353
1511
1512
1513
1514
1515
1516
45
425
442
521
526
528
530
558
572
573
574
575
578
1509
42
407
579
580
581
586
591
592
1044
1335
1336
1501
1506
1507
17
59
61
116
117
189
220
221
225
229
304
1494
1497
1499
37
43
52
65
76
143
147
150
194
196
240
248
301
1492
969
981
1007
1013
1014
1015
1019
1038
1039
1071
1072
1488
1489
1490
979
980
984
985
986
988
1022
1120
1479
1481
1483
1484
1485
1486
700
710
776
865
867
878
923
1471
1472
1473
1474
1475
1476
1477
1270
1272
1280
1285
1459
1462
1463
1464
1465
1466
1467
1468
1469
1115
1167
1169
1171
1258
1263
1265
1268
1274
1275
1458
1459
1460
737
820
821
848
852
853
857
859
860
1453
1454
1455
1456
730
737
738
740
741
742
746
773
821
823
896
902
910
676
679
687
774
775
777
792
793
794
797
805
1449
1450
584
585
594
595
597
604
605
609
610
611
1445
1446
1447
10
727
734
735
737
738
739
818
819
820
889
890
907
1005
1006
1083
1107
1156
1158
1164
1239
1246
1247
1250
1251
1252
36
37
295
327
329
330
375
390
449
450
451
453
459
37
39
40
52
108
122
123
228
274
275
278
444
1440
14
22
37
40
45
52
96
106
109
112
236
238
239
23
484
490
496
497
498
499
501
655
1434
1435
1436
1437
35
53
57
74
96
99
111
186
209
210
232
253
1432
582
583
584
585
1417
1418
1424
1425
1427
1428
1429
1430
16
705
720
736
743
747
748
749
1412
1413
1414
1415
693
724
808
840
843
1384
1390
1394
1399
1406
1409
1410
717
725
727
728
732
887
893
895
1379
1380
1381
1382
1106
1165
1361
1368
1369
1371
1372
1373
1374
1375
1376
1377
25
314
321
330
331
338
340
342
1356
1357
1358
1359
1101
1120
1156
1220
1346
1347
1349
1350
1351
1352
1353
1354
400
418
419
482
484
485
495
513
514
515
1342
1343
664
1322
1323
1324
1328
1329
1330
1331
1332
1337
1338
1340
17
41
44
45
46
54
55
124
213
214
1325
1326
43
54
87
130
1314
1315
1316
1317
1318
1319
1321
1323
23
33
54
55
56
113
125
222
269
653
1311
1312
13
23
57
67
74
75
76
78
167
495
539
641
14
25
307
319
338
341
342
348
351
421
1307
1308
942
977
983
1011
1014
1015
1016
1301
1302
1303
1304
1305
494
563
564
565
566
1097
1105
1294
1295
1298
1299
685
722
723
749
753
755
761
762
933
934
935
652
689
705
706
720
724
735
736
929
930
931
39
648
657
749
775
915
916
917
918
921
927
18
30
46
47
48
105
205
214
216
645
646
40
44
49
66
84
114
137
138
139
140
159
493
632
634
635
636
637
638
639
640
641
642
344
345
621
622
623
624
625
626
628
629
538
586
587
589
595
596
597
598
599
601
485
539
563
569
581
614
615
616
617
618
271
288
289
293
316
482
494
610
611
612
19
22
83
105
118
189
209
210
253
455
42
48
293
445
446
448
450
451
452
453
42
43
47
48
75
90
440
441
442
443
18
217
218
219
224
228
229
436
437
438
289
296
305
306
315
316
319
433
434
291
325
414
415
416
419
423
430
431
258
289
290
293
412
424
425
427
428
15
35
70
191
192
237
238
408
410
29
58
72
199
205
250
403
404
405
13
14
44
74
75
103
118
156
200
10
109
156
159
164
165
195
197
240
12
69
72
89
196
198
199
202
247
282
313
316
317
322
323
396
397
398
363
364
380
381
383
390
391
393
152
251
252
254
257
258
345
346
23
31
33
57
245
246
247
248
11
23
87
181
217
240
242
243
7
9
13
29
56
59
164
166
14
21
22
23
80
191
236
237
83
85
97
132
134
232
233
234
16
21
57
60
68
155
229
230
200
201
208
209
216
217
218
219
62
176
212
222
223
225
226
14
43
46
75
78
184
210
48
55
60
81
94
165
181
58
80
93
184
185
194
21
45
46
58
156
179
11
50
72
78
91
162
49
165
171
174
175
176
50
76
89
153
154
160
42
54
115
129
147
151
20
22
25
27
133
134
7
8
9
66
128
131
69
71
114
118
120
121
73
97
100
104
105
106
55
62
91
92
93
94
51
52
86
87
88
89
34
43
81
83
84
28
33
76
78
79
28
55
63
73
74
27
40
51
65
70
26
50
60
61
63
5
29
38
42
6
10
14
18
5
6
8
2
4
1
2
1
1
2
3
3
2
1
1
2
3
2
3
1
1
3
1
8
1
2
3
1
2
2
3
1
3
5
1
3
1
2
3
1
1
4
7
1
2
2
4
1
3
1
2
3
1
2
3
2
1
1
1
1
1
1
3
1
3
4
1
5
1
4
3
2
4
5
3
2
1
1
4
1
2
3
4
3
1
1
9
10
11
9
10
3
1
3
4
1
3
1
4
5
1
4
5
2
4
5
1
2
3
1
3
3
3
2
3
2
2
1
2
1
1
6
1
5
6
7
1
2
9
8
1
3
4
5
1
2
3
4
5
1
2
5
6
7
8
6
7
8
1
18
5
5
14
1
7
8
10
2
1
3
1
1
1
4
1
1
1
1
35
81
82
83
84
1
2
3
4
6
1
2
3
4
1
1
3
2
8
9
10
11
12
15
16
22
5
1
2
3
4
1
1
3
73
2
2
3
72
73
1
66
1
65
1
2
1
45
62
1
27
12
13
14
12
4
6
21
7
16
12
32
44
45
17
18
46
47
48
1
3
30
36
48
1
2
29
33
35
33
9
17
18
19
21
22
2
3
1
2
6
12
14
1
2
1
9
1
10
9
12
10
12
13
14
30
1
2
3
6
8
11
12
1
7
8
1
9
2
5
27
3
2
1
1
3
7
1
2
2
1
3
7
23
24
37
1
9
12
17
29
3
4
5
6
7
8
1
11
13
15
17
35
8
10
11
15
16
20
21
2
3
1
2
1
5
1
17
18
17
1
1
4
18
19
20
21
1
1
2
3
4
5
1
1
1
2
3
1
1
1
1
2
1
2
1
1
1
2
2
4
1
2
4
4
4
4
1
2
3
1
2
3
4
5
1
1
2
3
5
6
11
12
1
1
3
4
10
12
14
15
41
1
2
10
14
42
44
13
1
2
3
4
5
7
5
6
8
10
11
1
2
12
22
1
2
1
11
20
21
23
24
25
2
22
25
26
1
3
4
1
2
3
2
1
30
30
1
2
5
7
46
3
5
7
37
38
39
1
23
26
27
28
29
22
28
2
4
14
17
28
53
5
12
27
28
41
42
43
44
2
30
32
18
54
70
82
84
42
1
3
7
1
1
113
114
1
2
3
1
2
3
1
3
5
6
1
1
15
16
19
20
1
2
1
2
3
4
5
6
1
2
1
2
1
4
3
78
2
4
6
8
7
12
15
51
57
58
59
60
64
11
42
1
4
8
1
5
1
3
2
34
45
1
2
1
11
19
20
21
22
24
5
3
10
9
12
1
13
1
5
17
1
2
4
23
1
10
5
7
19
1
13
19
14
19
1
2
3
1
6
1
21
22
1
2
3
4
1
2
4
5
1
4
2
3
4
16
1
1
2
3
2
6
7
1
2
6
7
8
1
5
5
1
1
2
1
2
3
4
1
2
1
1
4
10
128
8
10
101
117
119
124
125
33
58
141
149
156
157
159
17
32
43
52
66
75
82
83
5
94
97
98
120
123
7
114
1
125
243
244
245
93
1
3
91
93
115
113
118
87
105
112
119
122
1
2
3
4
5
6
7
8
8
9
2
9
7
8
9
11
12
16
17
18
19
20
21
1
2
3
23
139
155
157
158
159
163
165
164
1
1
2
5
24
50
58
59
6
6
1
31
34
36
40
41
1
2
1
1
2
1
3
4
5
6
7
1
2
3
7
2
3
10
16
46
8
15
116
117
119
120
121
122
9
12
13
17
92
93
173
180
7
10
11
16
91
173
15
20
14
1
3
81
81
82
83
84
108
111
118
120
121
122
123
1
3
5
36
78
85
159
2
3
4
35
83
84
156
163
2
6
168
2
33
81
156
166
173
174
4
29
80
151
167
169
80
81
154
156
159
158
1
25
162
75
146
160
170
1
27
28
31
33
39
40
41
31
40
41
42
3
7
9
6
8
1
1
2
4
3
1
3
4
5
6
7
1
9
88
89
97
98
116
146
147
148
149
150
120
132
1
2
4
6
17
23
1
21
20
27
28
1
2
3
4
5
6
7
6
30
5
9
12
13
16
17
2
9
125
123
124
4
116
2
4
122
1
1
2
14
15
16
1
11
11
22
23
24
8
18
19
20
31
32
33
34
35
75
76
2
82
70
68
6
7
9
90
67
76
80
83
93
1
1
2
3
2
1
1
1
2
16
17
18
1
6
17
18
18
4
20
1
3
20
2
2
14
17
18
1
19
2
64
61
1
57
55
56
57
11
10
3
1
1
2
8
2
3
42
43
2
3
3
19
20
6
1
2
1
1
2
1
2
3
4
5
6
7
9
10
11
1
5
1
4
5
1
3
1
2
1
68
72
89
95
96
97
98
132
37
83
88
89
1
2
29
30
31
35
72
30
334
1
2
1
3
4
60
61
75
83
3
75
1
2
64
65
91
71
72
76
77
143
1
2
16
1
11
13
15
37
38
39
12
48
1
31
1
2
3
4
4
2
39
80
8
1
2
3
15
35
36
37
38
37
1
2
75
24
1
2
3
1
23
24
25
26
27
28
1
2
48
91
103
104
105
1
5
6
9
10
41
42
6
34
42
50
51
52
102
5
7
8
4
6
38
4
3
28
97
99
141
142
143
149
33
143
77
142
146
151
242
1
2
1
52
53
2
64
65
98
63
3
6
22
55
56
57
58
281
52
1
2
3
273
272
283
284
271
288
36
51
286
1
1
2
26
61
65
262
263
283
1
4
74
82
89
101
38
40
26
64
86
140
141
1
15
41
1
43
1
2
20
258
1
249
251
16
1
7
4
6
239
1
26
30
36
235
247
246
247
249
1
174
2
3
34
48
57
64
65
68
34
38
40
48
49
160
161
162
163
164
1
46
59
160
38
45
65
158
163
164
239
222
236
239
225
226
23
230
223
34
1
2
3
77
78
153
154
171
173
174
76
75
74
75
78
80
82
167
169
176
177
6
5
207
203
5
2
4
201
222
201
200
218
53
193
191
206
1
4
28
29
30
31
32
2
20
20
33
34
38
42
68
34
76
77
2
8
13
14
15
28
68
105
119
8
9
12
14
121
122
124
1
38
57
59
60
61
134
135
154
159
60
72
130
163
164
57
153
54
56
7
9
1
107
113
114
115
116
19
59
47
50
144
2
1
4
50
5
51
54
104
13
14
22
46
63
64
65
67
68
69
70
71
72
1
72
76
85
88
90
91
92
45
46
86
3
4
182
2
4
5
9
1
2
3
4
5
6
39
40
41
42
1
2
1
2
1
8
1
2
7
1
2
79
126
8
91
93
94
81
90
93
3
1
98
113
1
3
89
92
93
94
95
74
94
104
109
148
18
19
20
21
30
1
37
46
1
48
46
47
1
1
1
105
1
1
103
1
10
1
2
3
4
5
3
4
5
6
8
12
13
17
7
1
2
1
4
1
3
1
1
1
1
28
47
6
7
33
10
36
37
1
21
1
27
28
26
1
3
7
8
16
17
32
33
25
26
27
1
22
13
12
11
5
1
15
1
1
1
9
1
2
1
1
1
1
2
1
1
1
1
3
5
1
2
1
2
2
1
1
2
1
2
3
4
5
7
3
7
9
1
2
3
4
6
7
8
2
3
4
1
2
6
1
2
4
1
2
1
3
1
2
5
1
2
3
1
1
1
2
3
4
5
1
2
1
1
1
2
1
1
2
3
4
5
6
7
8
9
10
2
1
3
8
1
4
3
5
6
7
8
10
2
1
1
1
2
2
1
2
3
1
2
1
1
2
3
1
1
1
2
1
2
1
1
2
2
1
1
1
1
1
1
3
1
1
2
1
2
1
2
3
4
6
7
8
1
2
3
1
2
2
3
4
1
1
2
1
1
1
1
1
2
1
3
5
11
10
3
8
1
11
2
4
6
7
8
9
1
2
3
1
2
1
2
3
2
3
4
5
1
1
1
1
1
2
1
1
1
3
4
3
1
1
1
2
3
4
5
6
9
3
3
5
6
7
8
9
2
9
3
5
1
2
1
2
1
2
1
2
3
4
1
2
3
2
3
1
1
1
2
2
1
1
1
1
1
1
2
3
4
1
1
1
1
1
2
1
1
2
1
1
2
1
1
2
1
2
3
1
2
1
1
1
1
1
1
1
2
1
1
1
2
3
4
5
6
1
1
1
1
3
7
1
2
5
6
1
9
1
7
1
2
3
4
2
3
1
1
1
2
2
1
2
3
1
2
1
1
1
1
2
3
1
2
3
5
6
7
9
20
30
32
33
35
36
37
38
39
40
41
42
48
49
1
34
1
2
3
34
40
13
1
2
3
4
5
6
7
8
9
10
11
39
43
44
12
13
14
15
16
17
18
19
20
41
2
41
5
33
34
3
39
36
37
30
28
33
1
2
1
22
1
26
25
1
1
2
3
4
12
1
6
1
3
5
9
2
6
9
6
1
1
2
3
4
5
6
7
8
9
10
11
12
13
14
1
15
16
17
18
19
20
21
22
24
13
1
8
1
3
7
2
3
3
1
1
2
3
4
5
6
7
8
9
10
12
14
15
16
17
18
10
5
9
9
10
2
3
7
4
2
1
2
3
4
5
6
7
8
9
5
1
2
3
4
5
2
3
1
1
3
1
2
1
2
1
1
1
2
3
4
2
6
7
2
12
10
1
2
7
5
1
1
5
7
1
2
6
1
1
1
2
1
1
1
1
1
1
1
1
1
4
3
4
6
2
2
2
3
4
5
6
1
1
1
1
1
1
2
3
1
2
1
1
3
1
2
1
1
1
1
1
2
1
1
2
1
2
1
1
2
1
2
3
1
1
1
1
1
1
1
1
1
1
1
1
1
1
1
1
2
6
1
2
3
2
2
1
1
1
1
1
1
3
4
5
6
7
1
1
1
2
3
4
5
6
2
1
3
2
3
1
2
1
1
1
1
1
1
1
1
1
1
