76
583
307
606
364
71
560
1056
700
601
519
697
892
559
780
711
767
663
815
1060
27
770
578
334
608
816
580
946
229
310
691
939
621
704
624
502
384
934
49
943
507
980
739
936
5
288
484
929
525
231
868
587
426
477
470
114
512
23
427
3
187
2
1
2
473
18
276
184
80
124
197
457
286
219
232
233
556
541
413
99
1
64
126
276
133
535
79
3
446
777
444
76
562
97
180
302
417
5
524
179
294
190
449
445
736
280
572
242
398
185
91
452
361
337
401
239
293
216
333
646
444
10
416
403
551
452
211
196
305
311
466
719
337
930
832
44
592
91
709
21
962
20
446
509
626
968
95
126
54
198
151
629
174
488
985
436
533
251
20
1029
558
359
629
471
478
4
551
276
748
94
356
827
276
278
310
204
15
35
80
74
122
52
261
124
89
471
284
274
156
347
103
335
160
391
410
247
113
74
233
518
388
403
439
466
77
286
227
574
182
214
62
166
137
467
215
267
126
476
364
342
150
464
570
473
558
420
421
28
423
101
266
536
191
378
36
119
99
117
670
95
83
70
39
195
59
343
389
452
358
121
333
675
208
56
321
32
432
314
9
201
118
221
199
90
396
34
187
198
195
289
288
84
109
227
287
285
70
292
269
189
112
272
171
169
314
70
506
511
566
557
532
99
513
351
512
423
451
498
508
211
41
356
202
554
80
363
717
230
34
137
667
121
551
33
229
163
275
560
562
369
561
48
1
217
108
213
55
320
207
710
482
192
126
467
194
152
219
311
66
153
155
215
113
133
299
346
348
148
433
242
159
263
3
177
205
293
49
104
740
353
379
138
281
234
152
153
89
75
276
462
384
252
136
305
308
388
275
277
451
316
78
167
288
401
461
231
410
230
412
507
67
234
70
788
833
298
7
726
191
475
58
272
36
64
830
237
883
695
703
701
290
476
884
555
519
335
472
281
398
264
110
98
1010
54
43
59
100
309
45
51
562
633
55
789
917
988
323
289
209
224
174
331
332
208
348
291
117
396
436
189
8
270
196
246
239
213
183
200
383
377
99
63
188
408
38
44
229
175
57
59
186
5
210
12
573
92
359
245
28
30
214
297
154
399
156
162
483
432
29
197
502
481
134
246
381
93
174
377
34
379
513
506
349
404
118
211
373
443
26
12
82
469
19
518
385
87
274
228
675
441
105
632
498
630
715
207
463
613
103
562
606
223
124
149
155
64
309
123
291
128
240
14
103
259
252
430
53
481
13
197
282
99
388
176
108
175
847
813
774
76
297
807
55
54
819
879
859
453
823
825
394
781
585
821
894
332
322
758
188
9
818
730
585
650
133
117
344
92
486
537
606
373
808
763
188
83
337
555
342
581
95
63
550
587
398
443
586
346
462
51
348
258
536
218
235
374
6
515
417
286
456
231
32
539
768
524
15
154
389
49
66
139
140
447
150
504
186
171
427
782
30
247
428
215
736
737
238
162
738
47
424
31
570
425
739
65
391
931
37
183
102
544
184
753
467
323
275
53
371
71
471
233
259
548
257
31
642
907
336
285
293
498
268
358
138
520
314
302
15
533
500
238
134
46
140
168
1
8
211
177
262
87
124
401
458
411
284
406
277
68
522
355
396
526
98
203
519
413
209
539
472
386
314
520
545
77
544
5
195
463
222
359
175
107
309
79
441
2
70
487
189
114
155
355
334
140
265
125
191
522
423
424
422
65
212
187
288
458
305
491
214
126
281
283
83
87
59
421
61
372
288
131
219
56
398
371
450
212
88
140
2
1
50
3
3
333
152
588
195
391
624
332
36
124
885
246
886
664
863
661
478
155
559
456
186
78
17
572
310
573
620
241
516
80
118
161
10
742
215
112
1
145
116
117
174
229
113
515
38
130
69
56
858
372
79
464
859
107
662
10
217
127
235
477
697
100
149
323
279
436
437
388
271
274
277
351
214
441
97
436
20
269
217
177
107
170
4
92
382
163
462
263
377
399
368
679
602
384
464
164
370
366
52
96
14
96
376
269
275
170
230
179
286
450
54
473
357
504
133
281
197
187
63
332
284
177
204
123
552
161
169
409
553
158
144
271
563
462
156
308
25
182
244
327
328
445
454
505
69
94
202
85
18
57
335
39
32
683
25
423
218
422
129
142
424
63
214
165
485
687
15
336
84
17
43
317
163
2
27
35
489
248
208
102
241
460
873
10
464
48
243
14
500
202
522
946
52
61
497
416
649
153
157
298
357
221
426
442
76
112
160
487
409
110
261
109
77
520
464
37
142
411
368
228
96
516
288
74
365
366
188
169
100
81
62
225
139
357
2
626
331
38
441
310
313
86
111
353
2
47
3
228
126
284
29
78
233
166
349
215
540
132
66
324
59
205
333
360
253
328
275
957
103
284
98
263
344
294
642
652
956
279
278
543
1004
280
272
305
318
7
122
157
419
27
80
292
5
49
624
230
128
741
56
348
456
199
431
18
536
514
535
269
287
75
511
3
86
810
482
597
595
859
951
490
412
868
943
865
447
815
284
752
916
704
316
1
130
272
236
327
333
434
322
166
511
412
227
562
157
76
112
32
155
320
92
185
99
488
524
302
150
128
403
554
456
607
131
725
543
659
92
22
75
212
31
150
48
118
885
85
612
672
812
677
678
985
73
61
249
18
284
339
487
335
303
237
369
259
489
118
125
106
495
95
272
476
225
123
108
648
330
175
594
652
26
135
336
287
654
277
645
225
328
362
114
143
163
647
232
110
106
42
309
52
643
175
327
107
516
304
1032
156
937
177
776
102
237
263
598
206
506
98
236
400
507
13
762
79
227
5
1
721
764
107
458
137
89
116
411
43
606
119
815
104
480
888
302
434
847
900
101
496
498
101
100
102
150
497
10
264
96
615
60
170
69
549
16
93
547
374
12
23
17
174
548
334
667
550
48
717
338
188
659
273
357
1045
23
484
960
359
384
871
825
2
424
204
665
87
329
146
739
260
73
708
653
829
780
777
826
677
595
457
697
376
630
282
880
445
846
833
799
563
299
690
581
683
310
58
844
86
165
129
91
378
381
56
400
93
90
790
910
40
410
509
71
321
62
203
625
723
340
18
783
257
748
145
760
761
762
759
19
133
309
55
746
303
201
763
5
137
664
391
508
239
591
60
533
148
178
51
684
721
519
562
523
488
113
166
213
751
163
394
358
135
53
358
388
295
38
23
398
203
146
212
202
308
289
134
655
71
73
150
695
395
44
86
539
408
173
201
214
314
178
408
147
273
326
259
386
116
280
31
53
605
99
206
389
562
651
231
449
280
448
110
57
176
493
375
474
107
819
13
592
274
303
209
47
313
454
196
161
32
942
782
532
725
800
28
775
63
888
41
26
307
852
62
871
599
577
51
638
674
152
13
108
527
211
62
4
819
142
341
193
815
130
428
900
477
574
903
742
1035
876
958
588
580
211
139
813
34
838
237
839
4
73
317
826
914
859
19
713
420
343
1066
1015
703
492
1006
401
923
730
51
248
79
94
328
432
88
273
80
221
247
23
10
323
421
472
279
300
112
162
90
23
458
56
662
189
271
727
113
51
418
105
696
641
16
315
690
263
725
75
397
11
111
487
650
117
343
410
413
264
428
461
489
53
294
94
347
207
134
603
623
78
411
3
568
124
149
380
445
593
546
492
599
57
440
425
358
7
220
381
230
46
83
286
309
274
269
77
231
10
63
279
271
392
277
562
428
94
455
284
388
207
450
227
56
392
385
139
432
328
222
287
205
285
44
123
181
192
59
335
212
491
529
59
224
644
525
793
708
108
787
127
92
579
430
37
93
344
6
306
564
326
453
213
394
135
792
116
605
99
188
411
183
97
148
499
334
623
672
488
387
194
48
205
565
595
251
278
38
410
236
197
191
283
382
317
129
296
414
398
6
261
165
19
437
465
474
356
517
421
322
670
271
23
258
53
52
461
361
261
49
283
97
107
81
43
618
331
381
52
164
776
167
24
15
156
104
97
213
277
57
149
709
372
117
491
543
361
10
64
201
225
569
345
439
437
570
676
610
86
107
294
440
313
533
460
767
875
63
318
139
344
193
242
626
533
547
314
253
146
520
200
138
357
938
356
424
65
146
14
756
443
440
189
32
830
40
99
344
16
149
84
26
351
261
301
94
7
304
490
385
1024
527
378
381
93
135
678
68
601
76
241
505
260
462
484
348
159
401
742
308
372
1099
18
393
335
49
569
703
701
599
31
132
251
403
333
141
73
344
84
80
154
122
36
763
345
26
5
491
357
278
177
314
424
146
694
287
528
171
40
198
223
330
554
473
658
382
659
628
169
279
112
235
868
317
550
195
504
615
511
102
26
839
700
783
94
86
373
517
147
972
21
63
48
251
903
531
610
703
611
372
586
476
687
519
825
191
501
363
276
444
226
362
681
513
188
325
22
150
241
629
538
151
97
253
34
224
92
731
108
511
116
211
310
198
628
462
193
206
711
440
399
654
104
652
101
598
184
517
136
664
466
167
96
348
214
134
328
360
386
63
276
343
26
33
691
701
303
188
473
159
242
14
207
447
391
205
55
677
485
332
234
134
206
202
10
215
323
532
604
497
376
549
139
218
164
455
150
8
213
296
478
147
211
136
109
391
845
546
432
896
897
134
53
82
163
421
125
273
12
31
575
232
210
148
133
98
837
226
67
87
378
3
504
202
224
127
157
79
13
213
120
22
194
98
122
9
76
191
36
339
340
762
763
81
216
187
173
23
139
67
14
801
313
884
131
94
904
715
443
261
136
81
793
825
461
144
404
5
317
364
273
151
277
154
797
388
904
614
946
707
17
748
453
837
338
251
85
608
418
587
64
78
54
122
50
415
207
538
149
978
207
135
230
7
840
979
460
586
347
905
37
152
35
292
686
672
530
843
287
1015
829
274
282
771
670
59
681
830
1008
665
1006
687
83
591
254
48
437
579
126
451
294
311
157
72
14
537
825
313
194
421
882
13
404
211
246
44
84
179
65
37
548
143
546
191
285
115
577
897
980
236
351
991
734
941
782
436
664
533
327
36
137
617
345
650
417
659
37
667
699
869
32
29
220
234
261
139
283
277
180
34
51
120
406
309
133
12
147
507
127
443
140
27
142
295
11
63
90
250
226
854
412
853
73
956
493
286
50
183
601
723
137
987
408
158
358
516
100
184
32
100
411
477
330
213
186
297
230
3
210
81
62
370
113
291
391
68
267
562
44
84
66
633
873
274
369
946
124
189
95
463
456
107
310
207
71
454
494
443
456
461
122
159
412
655
332
292
146
632
93
656
123
296
428
952
35
163
286
429
104
293
487
2
479
488
269
315
281
187
498
48
449
45
361
88
428
69
440
393
336
325
433
442
441
5
112
239
155
8
1017
286
531
369
106
862
915
142
58
200
36
47
686
95
380
416
1010
496
1
1078
1093
394
153
155
1114
214
514
27
495
194
54
958
272
103
770
188
552
48
120
370
421
623
419
438
1012
33
147
261
314
439
55
146
850
581
149
49
143
180
461
885
293
527
493
482
203
116
65
42
259
458
287
552
897
74
418
339
680
838
273
588
102
25
50
747
167
156
660
243
7
229
397
308
534
642
480
635
337
117
95
112
198
446
80
346
471
478
842
369
793
139
102
124
77
755
100
381
131
594
302
103
595
107
245
509
324
370
265
744
236
183
465
477
734
226
227
72
514
89
292
404
253
698
133
1
203
405
473
4
847
215
655
452
619
793
668
937
884
386
31
669
517
43
951
106
297
666
794
808
181
356
315
122
343
215
308
580
81
119
228
247
34
262
346
238
98
82
276
233
17
225
123
362
277
164
231
43
195
365
251
363
271
516
409
181
899
853
307
670
2
559
80
217
735
725
731
341
832
141
98
901
855
41
490
694
820
370
65
143
544
526
128
256
517
436
648
513
368
697
308
174
854
885
293
409
422
732
513
81
42
768
506
216
774
726
778
845
417
94
840
79
736
342
667
718
369
904
330
233
154
104
662
263
60
332
161
97
167
255
610
175
220
419
265
288
223
7
438
213
174
369
191
280
54
269
127
214
107
699
271
84
481
479
699
485
507
927
109
216
684
703
53
659
37
203
602
214
273
221
124
104
472
87
425
432
204
264
554
74
198
220
645
161
323
425
138
137
431
297
927
917
518
488
543
693
352
637
54
81
567
495
429
1011
399
836
228
224
560
569
1053
565
243
479
773
980
152
160
442
339
251
388
769
808
778
295
266
63
154
214
160
577
363
288
585
471
349
302
357
262
462
437
593
128
281
15
478
475
341
407
612
345
705
158
608
254
156
131
199
233
312
115
118
248
167
282
120
300
120
93
3
323
11
33
501
217
360
502
384
220
512
452
481
469
30
390
175
59
80
175
421
166
120
96
445
11
333
122
25
172
202
429
118
566
194
153
296
181
157
79
357
317
230
499
366
372
562
204
564
438
431
364
542
238
400
156
453
526
144
502
361
542
291
95
294
9
107
477
27
357
165
441
509
197
467
589
267
454
2
550
319
253
166
229
254
413
111
273
275
221
351
466
30
209
587
54
49
210
424
346
13
225
92
447
347
577
321
445
452
162
444
14
556
779
856
99
395
131
555
439
536
535
558
46
111
47
766
292
362
732
515
398
385
466
15
262
544
300
799
342
18
829
1
144
259
134
409
252
15
787
21
98
246
783
495
392
366
441
557
796
994
641
219
592
55
655
640
341
461
267
45
422
486
133
216
343
312
31
11
233
707
127
310
548
115
199
291
97
27
343
590
541
466
210
148
424
99
226
437
208
238
228
216
26
359
259
1
24
643
846
535
596
797
32
54
556
61
370
696
26
328
10
956
966
174
256
281
327
106
144
466
812
351
244
739
708
942
477
509
896
108
74
615
200
532
282
87
30
507
689
482
784
777
375
76
176
374
64
109
305
132
224
253
234
3
24
124
326
40
630
735
19
741
802
716
582
147
845
715
936
177
838
68
549
207
499
790
44
75
411
9
384
729
117
560
727
361
670
664
406
979
21
122
173
619
440
837
638
80
125
46
410
628
200
249
386
146
452
391
354
233
390
363
189
504
217
844
163
801
79
69
41
484
196
146
745
382
857
286
93
600
176
125
19
481
570
568
27
664
433
364
389
220
386
376
419
288
138
534
390
379
225
196
54
154
309
529
94
134
286
114
407
190
384
8
78
359
215
168
432
199
119
59
535
259
433
323
105
710
865
181
297
548
29
391
45
278
165
82
638
168
666
73
307
387
394
3
579
87
269
356
343
601
605
827
523
739
94
526
788
117
426
565
82
342
194
520
604
181
74
285
166
753
6
453
146
587
36
790
181
61
162
371
238
89
545
410
988
394
646
625
167
1056
61
182
860
764
96
498
41
296
535
250
117
554
209
290
58
291
292
225
242
343
539
300
55
477
597
13
606
103
165
552
477
792
550
482
32
496
69
311
833
93
876
448
147
44
361
81
529
404
476
586
333
819
480
955
347
68
86
586
85
564
625
411
437
166
15
390
674
213
588
776
474
126
82
159
103
654
358
191
452
146
753
660
821
75
127
84
110
36
268
456
425
530
134
462
693
674
395
736
206
182
883
230
437
536
45
421
122
124
152
110
107
454
115
103
777
231
139
61
816
174
461
9
405
319
402
134
316
12
573
1
410
277
397
399
167
35
561
318
111
85
351
537
131
388
155
296
464
132
232
452
125
131
35
125
87
447
487
630
77
564
570
213
396
703
1056
214
379
734
789
137
6
5
705
317
678
368
309
288
401
560
91
134
266
231
150
336
173
494
663
80
150
372
768
710
304
345
779
25
337
120
681
480
698
401
248
940
244
755
63
400
751
932
277
533
99
504
700
246
616
743
22
580
17
824
770
829
1
542
519
272
495
18
805
765
385
825
769
37
208
380
659
185
162
1045
592
536
4
968
926
807
78
54
511
918
36
71
274
880
273
702
406
990
906
538
269
551
1026
129
345
212
1082
356
243
712
239
474
228
55
334
707
768
281
212
203
209
689
696
77
262
231
2
420
532
235
186
246
326
294
458
143
640
405
325
352
125
728
181
90
689
173
176
154
174
53
781
280
152
156
794
807
16
408
31
339
700
113
683
547
243
404
517
724
641
157
664
269
190
170
158
211
3
556
295
841
479
210
484
253
187
170
420
59
137
583
246
494
131
145
173
188
183
964
526
863
72
319
423
528
242
58
374
634
113
290
5
833
254
8
251
854
336
411
239
218
26
337
551
244
373
483
144
503
201
114
316
561
141
21
675
140
161
71
513
213
718
986
619
243
58
72
694
137
636
1056
923
806
150
93
24
60
143
985
28
1018
48
698
176
310
55
539
28
338
315
254
50
24
432
106
293
93
666
213
8
323
203
282
50
40
195
449
131
14
12
380
215
388
413
394
167
383
267
97
487
434
706
330
431
310
170
43
117
783
159
600
144
63
177
508
549
598
611
253
35
566
147
106
329
414
546
548
397
461
223
235
38
157
223
818
182
730
597
454
17
769
162
58
679
105
331
253
50
101
599
656
522
521
8
624
259
598
73
98
781
271
362
133
385
387
77
639
685
445
114
317
331
62
573
249
627
222
194
750
346
598
401
546
435
765
482
406
159
242
209
260
423
433
207
473
20
29
825
187
153
117
748
563
261
814
98
833
22
652
698
405
71
528
743
336
658
755
40
209
776
563
599
109
118
121
356
614
347
148
557
155
165
265
478
283
250
256
258
704
29
188
519
210
310
608
240
285
517
310
184
232
511
157
688
551
276
521
437
538
430
553
1037
560
526
216
565
384
398
155
66
527
125
89
900
975
1012
688
435
35
89
14
639
213
166
193
668
29
75
292
277
28
534
81
248
4
178
915
393
905
686
1100
624
975
375
227
490
1009
898
211
202
584
936
592
703
370
81
402
811
232
930
940
783
161
565
25
24
704
627
685
405
767
652
1008
1
186
109
605
461
370
590
225
883
121
651
589
1034
766
185
1007
369
700
108
1066
504
241
638
356
603
261
646
581
397
82
267
115
177
345
475
540
135
716
300
660
77
673
184
404
499
466
106
91
35
282
382
47
140
470
357
465
593
139
503
755
350
317
965
643
121
483
109
816
45
865
349
71
967
602
665
276
779
88
845
549
433
227
374
81
368
529
654
1000
340
281
998
26
114
396
53
98
364
318
280
564
224
557
561
346
251
569
44
22
34
362
592
455
570
590
816
115
219
94
724
546
83
515
589
564
86
548
44
169
38
860
777
516
463
718
44
263
233
848
277
321
147
3
352
473
199
499
29
118
419
166
817
431
122
355
400
205
214
131
96
318
572
150
457
319
101
140
347
241
148
407
152
63
389
701
71
238
538
300
215
173
211
167
251
171
198
376
609
90
190
19
467
716
301
498
183
59
437
1
5
32
273
514
438
300
441
33
196
208
194
4
285
684
499
593
466
61
85
172
629
640
460
198
436
30
426
522
283
228
658
708
425
156
696
421
456
315
116
43
227
226
230
424
33
773
39
139
283
470
231
162
201
33
475
368
175
308
60
695
540
463
15
144
557
22
701
319
516
613
220
697
165
166
584
590
484
789
387
197
366
386
192
246
296
574
223
260
282
651
374
866
823
369
601
230
831
188
889
401
317
249
495
938
288
1089
469
310
203
826
540
212
799
155
937
238
698
1043
1051
753
731
166
78
11
665
604
315
262
495
241
405
252
408
617
429
74
199
293
305
282
599
556
1
660
294
49
103
606
975
718
76
241
854
810
120
512
143
253
336
483
171
486
976
706
184
644
396
312
662
613
259
95
117
269
415
873
476
430
178
611
4
381
917
181
430
133
283
558
23
431
627
61
311
31
205
437
392
188
41
219
98
563
420
276
352
279
391
281
40
305
569
102
12
340
96
7
543
436
406
738
623
483
240
845
820
113
509
748
573
791
281
639
618
817
364
68
39
582
180
24
242
7
424
304
177
305
403
241
579
514
226
381
724
848
218
625
585
665
640
114
736
232
601
563
499
147
77
304
331
155
288
332
590
329
402
511
39
148
353
630
543
407
743
619
64
462
457
202
267
158
564
214
521
539
101
558
448
351
110
230
10
600
396
400
182
418
267
250
608
125
689
29
44
449
125
136
884
124
264
419
452
386
1014
915
231
267
483
25
96
281
224
33
376
141
617
187
69
34
436
187
425
359
474
311
251
43
230
493
285
102
36
349
161
97
94
247
235
464
598
329
623
173
508
210
134
135
4
339
62
85
505
356
501
343
403
779
688
37
662
587
796
130
231
244
44
290
402
143
88
695
285
277
134
314
112
670
84
124
403
106
283
61
50
149
143
536
195
193
346
559
207
623
38
723
338
41
435
408
344
232
133
174
341
380
34
205
610
609
495
211
23
473
98
568
404
1
293
117
545
314
143
307
126
706
397
472
442
464
73
518
286
410
607
609
336
145
798
25
292
133
31
210
107
402
198
106
30
187
457
419
447
110
582
10
308
320
9
571
596
56
281
284
626
29
48
454
277
654
9
478
233
311
359
601
50
558
645
316
76
256
740
143
495
70
192
247
52
5
281
805
461
474
217
349
732
309
440
710
82
67
700
471
365
600
191
841
155
195
272
443
863
75
772
142
92
264
419
322
590
520
548
428
69
389
218
747
193
345
968
490
6
291
169
15
965
816
627
297
313
1014
587
537
858
111
202
241
843
622
518
128
478
355
616
141
326
342
153
177
557
53
353
63
501
78
854
182
67
822
219
462
173
574
233
44
219
184
420
109
343
429
116
33
338
551
371
24
188
114
503
670
691
66
230
734
165
422
375
136
597
20
391
227
866
213
75
115
110
49
784
440
88
216
833
410
675
224
403
487
415
99
107
587
208
362
49
122
16
276
199
275
853
422
101
576
657
366
557
71
503
147
391
520
9
389
736
620
731
441
617
921
718
1014
520
393
539
755
772
585
845
872
489
100
535
261
602
824
538
185
399
911
461
879
577
21
188
757
667
202
147
266
611
98
740
20
19
418
21
796
1041
202
28
244
155
270
1
190
960
617
131
611
679
657
777
233
428
252
52
143
270
56
158
427
648
840
426
432
188
600
449
581
218
583
313
307
133
267
135
447
28
117
544
505
252
200
588
136
228
55
97
128
47
152
349
254
297
443
447
201
358
620
246
420
355
565
540
558
299
212
788
171
1005
91
654
55
360
137
579
21
100
439
314
130
224
714
113
233
738
94
206
372
914
862
68
197
751
945
494
201
336
353
944
434
64
77
197
446
728
102
310
565
88
152
269
215
134
448
222
483
587
422
194
541
277
618
543
543
776
735
131
293
707
255
659
469
125
249
273
126
349
626
282
635
29
561
163
55
153
1
153
501
509
154
510
131
125
351
258
483
595
248
10
562
410
596
277
742
650
168
17
149
299
132
769
975
2
717
481
346
815
95
201
714
98
894
667
351
79
40
459
156
128
608
135
528
570
195
376
285
523
649
41
19
54
391
322
746
420
450
496
296
677
881
950
165
673
927
355
54
121
52
91
760
422
318
397
70
21
27
340
347
299
297
357
424
553
156
59
80
270
890
242
308
628
113
117
106
257
278
192
486
433
423
556
21
501
145
153
529
325
56
838
883
841
739
846
16
373
133
555
444
670
222
433
197
145
172
560
347
61
478
174
353
81
189
899
516
834
587
710
826
212
90
479
646
90
206
393
282
527
181
787
81
190
205
202
570
18
134
111
243
362
251
819
316
796
807
246
498
52
755
88
428
438
327
807
257
550
70
111
309
100
13
424
691
389
167
569
273
419
643
516
409
118
449
75
174
239
353
577
273
226
149
698
607
733
600
151
637
293
719
333
325
319
174
251
506
260
52
270
522
490
476
481
445
481
462
483
858
556
736
440
597
598
602
312
370
581
701
428
47
230
377
301
235
241
194
10
792
205
474
60
197
176
195
508
281
495
540
733
556
458
193
39
304
80
45
87
782
917
778
400
274
212
463
427
310
315
883
223
374
153
75
469
402
476
172
355
90
204
794
71
380
712
45
72
69
192
515
298
55
107
29
28
235
164
3
452
265
449
336
905
167
344
224
980
66
302
122
418
180
116
296
376
367
561
988
76
632
185
915
760
535
12
613
318
547
903
601
523
306
743
289
437
2
669
456
321
383
566
345
353
348
349
110
688
933
511
510
515
225
283
135
235
154
197
597
217
258
47
83
344
35
131
82
160
699
114
101
910
2
253
368
672
1027
313
269
192
197
144
417
131
645
396
261
302
78
1086
1051
398
380
809
79
78
124
245
342
338
5
146
296
345
425
589
3
8
4
282
5
4
290
227
88
452
244
208
509
313
404
99
129
527
78
376
8
449
298
151
80
251
183
222
1
285
227
286
223
228
63
734
127
135
64
124
103
23
147
