1
737
76
77
78
79
80
81
654
419
620
25
559
1
158
330
214
248
1
1
8
883
25
251
892
128
3
36
129
221
85
209
208
207
206
205
204
203
1
10
216
218
219
220
221
222
166
180
6
819
1029
939
972
200
1010
985
1018
477
1022
556
671
664
173
303
113
824
357
5
129
665
2
3
4
5
6
719
734
738
337
1
242
133
131
371
558
436
1
9
7
6
5
4
3
1
212
83
90
892
897
735
98
117
111
110
100
1
1
1
366
1
437
14
15
16
17
18
19
22
23
1
28
29
99
101
854
30
85
2
182
66
1
591
3
6
4
3
58
39
47
14
1
132
200
1
902
665
8
7
11
12
646
669
1
318
69
1
451
5
6
527
16
15
14
11
166
609
637
1
327
1
2
3
4
5
6
7
2
782
63
1
186
1
192
92
922
737
17
18
19
20
22
23
1
2
458
1034
1204
756
755
773
830
829
856
156
1250
1
291
208
713
167
166
165
164
163
162
161
160
1
663
614
750
1036
1046
495
219
461
459
458
457
456
27
10
2
1
432
427
1
364
1
2
3
25
27
28
29
1
1
871
796
831
59
1
130
421
407
1
1
323
329
414
352
1
204
1
2
3
595
39
1
371
872
182
184
185
1042
187
188
189
190
191
2
285
935
4
1031
59
1
372
2
380
1
2
3
4
5
6
7
51
1
3
7
1067
1
909
1
2
8
91
97
69
134
71
2
136
1
43
1
23
25
26
27
28
29
30
1
17
896
1030
4
8
843
888
890
891
892
893
894
895
896
1
254
775
58
174
176
177
178
179
180
181
182
1
788
1
733
1
2
3
5
6
4
220
62
1036
6
334
1
267
1
126
211
212
181
644
365
112
1
292
659
735
586
191
1
316
317
279
280
281
282
287
11
1040
1089
144
120
79
88
86
85
84
83
917
929
10
154
1
1016
1
19
973
32
37
39
38
62
63
1341
684
1
28
36
942
30
67
62
30
925
935
921
178
83
355
159
86
53
1094
25
329
400
401
309
315
316
227
161
1
31
365
367
170
22
168
613
100
64
41
50
81
112
11
327
325
413
414
1
1
2
3
4
5
5
919
935
883
25
10
10
41
44
1036
584
616
573
626
128
2
193
169
138
211
341
278
316
255
128
59
86
113
84
21
53
94
32
64
947
934
922
700
719
363
128
893
2
3
4
5
6
7
8
10
11
1
1
2
3
4
5
6
8
9
10
1
1
2
3
4
7
8
9
10
11
728
246
25
301
13
14
2
31
921
664
665
667
668
669
670
787
788
789
875
298
318
347
171
229
191
218
2
2
5
746
748
751
752
753
698
709
679
586
531
460
1
32
865
2
3
4
5
6
7
8
9
10
1024
427
385
474
501
152
94
2
3
4
133
6
103
99
5
192
1
1
2
3
4
5
6
7
55
54
1
1
701
3
4
6
4
29
30
31
1
1
2
3
4
6
69
444
446
447
1
1
2
3
4
5
99
97
96
95
1
1
2
3
13
58
60
61
62
63
1
1
2
3
34
36
37
38
39
40
1
1
2
80
99
97
96
95
92
91
1
4
26
25
41
39
34
33
30
29
1
45
43
42
41
40
39
38
37
473
348
634
8
352
349
350
351
2
353
354
355
231
278
2
2
1
3
4
5
6
7
575
50
1
369
1
2
7
182
172
3
605
5
6
149
1
1
135
24
11
12
13
14
15
19
191
1
5
591
1
2
3
4
5
6
7
601
25
199
85
105
75
55
147
2
293
294
102
232
341
342
224
222
622
1
1
2
3
71
72
75
76
80
203
12
282
132
133
136
137
138
139
140
103
67
208
1
1
2
3
4
5
6
7
55
56
2
6
7
9
12
16
20
63
61
60
1
1
2
3
4
5
36
31
30
29
2
500
320
1
1
3
4
5
6
22
32
30
29
1
1
2
3
4
27
26
25
21
19
1
15
11
768
182
184
185
685
187
188
1
1
858
71
69
68
67
66
65
64
1
1
32
34
35
36
37
38
39
40
1
22
24
25
26
27
28
29
30
31
2
34
1
232
816
20
992
1186
66
88
86
947
68
820
822
8
900
726
706
615
546
1013
621
968
1
10
692
90
695
656
751
104
103
304
307
1
98
686
1
2
3
7
5
4
3
291
272
891
158
99
10
12
13
14
15
16
17
18
1
56
58
59
60
61
62
63
64
65
2
5
6
7
8
62
64
65
66
67
1
148
1
760
1
212
244
175
173
250
72
73
1
1
393
93
91
89
88
87
86
55
18
2
1
806
122
1
22
1
1
2
3
7
5
319
387
388
393
6
452
450
451
51
294
288
388
390
391
1
1
977
831
10
879
103
32
26
24
804
205
208
553
996
746
1
32
6
753
814
216
228
175
167
228
229
230
42
5
20
19
18
216
219
1
13
40
176
743
668
189
2
1064
116
114
113
107
922
912
846
940
868
1
1
2
3
4
5
6
233
214
8
1
1
2
3
4
5
6
7
95
94
68
1
61
36
5
363
11
12
397
396
1
1
2
3
4
5
6
7
659
761
4
1
2
6
8
9
11
14
76
2
1
1
8
2
1
536
243
1
1
1
1
1
1
2
3
4
8
171
170
173
172
16
1
2
161
1
85
263
167
280
1
114
857
1033
1
189
1
209
1
191
1
207
261
1
60
2
134
151
3
185
31
202
199
3
223
3
242
3
261
1
1
1
1
1
189
189
1
19
1
243
1
1
1
1
1
1
1
1
1
1
1
1
1
1
1
1
1
3
2
2
3
3
2
2
4
3
1
1
3
3
3
3
3
2
1
1
1
1
1
1
1
1
1
2
3
3
2
2
4
3
3
3
1
1
1
3
3
2
3
4
1
1
1
1
22
1
1
1
22
15
3
1
1
3
4
5
3
5
3
3
3
3
3
1
1
1
1
1
1
1
1
1
2
4
3
3
3
3
1
1
4
3
3
3
3
3
3
3
3
1
