1
1
2
2
359
360
604
607
167
630
263
3
2
6
1
818
604
603
4
41
438
823
611
32
958
328
247
571
861
185
573
574
292
293
178
625
470
2
355
621
1042
441
252
315
368
112
111
824
860
135
2
579
472
1014
37
959
368
350
351
354
764
1
30
173
1080
989
786
232
809
13
308
484
281
910
912
33
958
219
169
104
946
482
565
32
4
933
468
34
592
31
824
860
504
1157
625
622
269
185
1161
355
476
6
536
141
513
1
808
381
199
86
257
262
765
379
875
876
799
877
211
3
609
70
194
476
563
412
822
358
523
370
3
2
1
803
7
60
735
733
734
799
367
63
65
360
528
59
134
2
62
432
111
363
803
88
49
332
387
110
800
2
705
293
29
15
16
74
124
460
459
68
460
740
336
689
475
462
468
347
235
798
817
214
30
366
449
487
485
9
21
428
59
112
450
1
128
606
155
136
154
155
114
113
359
147
151
624
1
969
90
270
144
1
518
522
393
3
523
52
535
532
481
483
620
9
563
216
499
492
611
129
64
36
87
695
2
459
601
320
321
134
364
1
73
671
216
6
48
231
8
487
87
143
96
699
700
706
345
404
767
148
619
530
159
298
715
217
466
340
46
282
323
371
45
943
328
497
289
296
51
47
4
64
3
720
1
670
180
80
87
98
16
145
128
62
9
10
350
347
400
477
352
340
629
646
403
496
628
627
625
227
4
190
1
423
4
1
7
1
708
709
833
511
255
89
111
21
13
719
52
51
883
65
74
533
86
214
111
54
19
459
21
838
340
286
47
388
13
14
13
2
17
595
1
470
11
12
340
358
346
347
320
10
2
226
82
405
304
656
124
47
622
574
823
432
401
654
113
410
413
819
285
428
332
1
2
3
285
284
5
11
7
61
416
412
171
275
518
611
112
512
407
15
33
474
37
482
535
12
334
492
600
25
293
86
75
476
75
49
461
869
844
546
824
470
274
46
63
114
143
355
29
175
149
191
377
209
413
190
782
124
482
94
290
96
4
1
95
511
425
606
248
293
6
294
292
348
5
301
301
297
429
2
373
432
3
640
600
642
641
49
56
4
2
639
264
151
653
867
34
2
279
625
366
137
259
260
100
244
273
151
349
230
607
340
5
46
50
386
318
441
501
499
19
264
701
170
5
432
57
755
789
476
424
530
757
531
813
755
233
59
190
163
1
35
150
1
696
22
152
234
825
35
56
442
4
1003
1
3
510
169
86
679
260
258
473
2
6
4
634
1
179
35
872
1062
926
646
641
56
560
7
116
77
547
56
506
598
1058
462
100
63
964
278
647
232
207
63
86
119
258
257
128
47
647
407
187
44
43
582
576
293
305
414
233
132
542
42
451
248
124
395
36
53
66
690
631
43
35
351
460
583
760
652
5
116
117
70
74
4
72
545
4
1
442
148
48
294
492
263
706
2
258
942
2
124
247
269
437
207
419
4
231
227
232
269
184
190
189
85
304
4
533
610
91
311
224
533
289
4
353
720
89
696
503
578
200
156
155
88
264
255
138
6
151
9
3
1
2
10
9
506
5
114
3
466
467
60
515
224
391
204
498
497
95
711
256
2
659
4
3
289
7
442
269
97
273
40
375
588
477
280
312
98
347
131
166
715
4
5
234
6
619
357
478
219
215
218
126
216
521
104
105
269
513
368
11
6
4
893
113
68
143
594
544
540
538
120
419
10
9
670
650
268
836
854
791
288
200
202
18
493
346
1014
1015
498
2
49
375
431
82
451
55
5
572
676
443
200
124
514
473
959
965
443
714
156
695
10
158
26
186
160
168
7
22
98
14
2
1
50
43
72
149
21
24
25
22
107
112
113
174
341
471
102
8
595
7
474
18
24
388
387
36
468
666
493
139
392
513
507
630
527
341
885
3
47
942
946
4
597
547
595
67
414
441
110
651
1
776
655
1009
296
812
772
121
47
538
536
130
54
596
540
223
832
115
654
600
638
637
22
277
276
595
89
948
40
79
625
624
115
172
174
179
297
920
37
678
243
455
685
1
930
871
918
439
364
3
137
98
100
1
295
73
96
41
77
529
276
235
234
264
707
306
468
216
429
209
174
711
422
282
219
286
276
205
196
486
488
849
730
914
921
481
103
44
53
85
344
144
321
637
66
199
23
20
439
315
603
649
682
778
10
462
4
473
897
605
479
59
103
6
79
735
701
419
51
1
7
3
5
67
403
420
148
217
429
427
542
1
748
810
843
719
493
342
97
1
56
183
839
730
419
295
80
29
704
894
697
205
641
136
144
682
372
11
499
24
2
32
1
119
498
36
163
21
23
34
127
2
2
2
210
15
624
625
446
481
391
44
45
887
169
869
337
721
50
124
51
162
5
1
52
901
817
99
42
45
858
360
429
560
769
455
389
441
212
533
530
541
54
740
813
65
444
120
3
4
122
171
479
113
718
705
724
879
588
823
811
15
807
196
204
46
280
7
46
90
30
71
86
272
292
626
91
713
5
824
4
449
6
710
367
361
422
519
2
572
82
36
8
157
64
63
210
819
355
586
61
615
612
492
150
119
1
40
20
483
891
2
51
826
3
199
1115
478
705
738
977
190
258
22
469
704
76
19
1111
151
522
750
1
456
31
283
358
886
487
279
659
112
421
953
1
2
828
173
199
26
2
622
2
333
54
52
60
262
173
945
356
262
18
635
153
624
216
180
605
662
62
54
959
690
67
118
143
183
563
24
2
1
764
978
896
895
967
257
255
708
706
19
710
202
191
652
458
514
77
229
235
236
199
3
8
220
219
712
711
595
11
488
976
975
928
131
324
563
533
738
618
70
451
79
1
45
180
209
471
461
530
531
177
357
125
121
104
102
101
237
287
26
158
180
261
522
15
108
1
286
763
469
3
534
3
3
5
25
213
212
81
1
162
1
370
509
250
1
225
532
178
3
7
410
683
16
2
207
284
80
81
1
243
1
618
1
233
753
1
310
4
1
307
3
381
574
481
400
44
475
618
86
1
1
472
575
377
270
82
635
1
370
1
282
80
2
277
381
151
372
1
7
1
363
277
732
1
89
342
4
215
91
467
679
129
678
161
671
61
6
240
1
3
2
754
6
6
80
207
832
15
14
1
2
1
780
1
5
3
1
1
1
1
2
3
207
2
1
3
23
1
1
9
1
1
1
84
1
1
1
1
1
12
1
1
1
21
1
22
1
1
1
3
20
11
1
1
1
1
1
5
1
