1
34
377
409
408
551
29
1179
1178
586
1284
788
407
784
1169
402
439
1005
311
967
216
556
252
2
447
213
1136
1045
104
481
495
1284
564
1278
409
410
412
1268
1074
409
410
411
342
1262
526
440
1174
109
384
270
352
332
331
330
1219
914
6
192
985
371
110
168
753
175
986
904
893
44
446
185
357
3
976
932
5
899
598
311
910
1012
874
1213
1212
620
1318
1319
442
1174
852
502
445
855
1327
216
1328
696
539
355
317
408
351
565
616
342
187
499
601
463
802
801
689
907
667
411
768
922
737
693
450
633
671
872
408
902
903
750
538
67
811
810
743
444
718
132
518
828
604
767
876
849
877
875
843
285
12
777
390
819
595
725
509
508
352
364
343
522
896
318
315
314
522
477
327
335
237
545
544
845
687
252
523
626
353
677
437
668
347
203
530
36
645
139
151
150
149
145
780
182
510
346
781
886
444
775
815
782
177
178
464
398
1137
444
1274
973
555
1588
1587
1693
1453
1197
1554
1708
1523
1479
1080
1462
1236
1175
1375
1382
1305
1416
1417
1570
1457
86
1638
961
1194
116
117
848
36
248
165
187
853
1597
1596
1529
1230
68
918
1304
1614
1390
1553
810
1703
1071
798
1176
1605
720
1381
61
277
278
44
422
1129
1308
1682
468
139
264
944
1263
459
743
1121
1023
1331
1330
1024
1061
897
730
1139
1463
583
1316
196
822
141
37
925
937
936
935
931
6
604
1296
1132
5
100
908
901
1342
1341
1340
1617
460
122
384
1602
342
11
1601
4
688
1144
609
608
42
322
958
957
956
397
1136
1401
1066
784
1123
443
972
1663
1587
1586
1582
492
491
338
96
1692
1691
971
1685
2
3
1452
1196
1553
1707
816
1522
1478
1395
1235
1174
1374
1381
1304
1415
1416
1569
1456
87
1637
960
1193
117
118
847
450
35
247
852
1596
1595
1528
1229
67
917
1303
1613
1389
1552
809
1070
797
1175
1604
719
1380
60
276
277
45
421
1128
1307
1681
467
138
263
943
1262
458
742
1120
1022
1330
1329
1023
1060
1358
1357
1040
1138
1462
1160
582
1315
1311
1300
363
821
140
495
38
924
936
935
934
930
5
603
1295
1131
4
101
907
900
1341
1340
1339
1616
459
121
383
1601
341
10
1600
3
1143
1503
1505
41
321
562
177
516
13
628
627
863
715
35
733
493
237
594
748
563
519
276
215
415
422
345
456
457
610
497
1046
234
1076
1077
112
924
712
107
637
636
569
270
892
507
449
738
92
42
344
654
430
648
593
668
150
111
162
216
645
423
993
240
462
461
616
906
8
421
899
683
682
538
169
348
722
492
821
514
364
681
92
148
696
16
303
501
217
161
578
46
3
63
371
370
64
101
399
398
81
179
503
377
378
356
531
393
2
569
450
1070
138
45
819
1034
997
35
23
24
25
29
954
356
336
172
955
1060
52
59
382
381
380
657
500
838
576
642
618
949
641
956
184
399
329
857
918
638
146
18
1163
757
552
64
894
593
316
869
1285
1208
1207
1295
615
1313
382
1102
1073
817
1174
1328
436
596
1143
1099
1169
795
995
376
1220
1290
1002
1078
1077
1198
466
373
814
497
468
344
132
473
1217
1216
1149
850
1322
1034
312
1087
1029
1318
488
992
538
924
1234
1010
1173
137
907
430
691
418
796
1225
412
1195
321
1196
326
588
1064
1001
319
103
102
424
42
749
928
1302
88
241
684
116
883
79
362
459
410
353
559
363
741
1103
1247
1158
583
951
950
644
681
979
978
661
119
703
976
311
875
220
1013
208
62
693
203
936
733
197
303
1168
489
444
1026
846
11
442
239
472
454
417
545
557
556
555
551
374
224
916
752
375
480
528
521
962
961
960
1237
80
258
4
1222
38
369
1221
607
1161
1172
376
764
478
339
338
58
1075
1009
1540
168
66
204
211
29
515
102
572
636
477
640
641
470
1127
1130
104
278
1246
217
148
37
36
117
1539
1095
936
643
661
304
985
693
713
715
332
488
122
123
124
433
1012
870
1230
199
1312
738
866
1132
134
68
585
599
762
461
448
773
875
737
1152
1076
1075
483
1174
513
514
970
531
662
426
839
890
676
370
430
429
876
692
305
306
307
301
189
837
663
305
252
238
1088
1158
793
904
905
1058
860
963
154
5
775
298
664
409
1093
280
920
637
44
250
248
228
227
226
225
609
550
453
819
818
817
508
1019
883
136
745
98
71
582
71
289
270
123
742
28
371
75
441
178
191
1096
143
1101
277
406
407
168
102
204
66
206
514
610
722
672
138
684
1245
1284
312
1244
52
1732
376
810
823
495
962
1307
45
172
121
476
401
402
395
695
696
849
487
193
505
371
287
1286
1057
391
174
175
176
430
177
827
512
282
715
1259
1083
761
1027
1026
1290
1289
4
1050
646
125
651
657
607
1624
240
1382
822
826
1685
729
612
747
1245
217
1221
668
415
784
510
1536
789
108
1367
645
847
977
1222
1503
624
546
1150
1432
516
962
596
1406
1012
57
1660
89
1484
1162
1073
1074
1141
1504
338
704
1089
1233
1513
1516
1479
1480
1542
1540
1541
1441
1637
9
1496
3
1051
647
47
124
652
658
269
272
608
6
1624
1625
241
1383
823
827
1686
730
613
748
1246
218
1222
669
416
785
511
1537
790
107
1368
646
848
978
1223
1504
625
547
1151
1433
517
963
597
1407
1013
58
1661
90
1485
1163
1074
1075
1142
1505
339
705
1090
1234
1514
1517
1480
1481
1543
1541
1542
1442
1638
10
1497
825
907
1438
1287
531
419
44
242
812
1312
30
33
233
240
859
324
356
1385
342
343
341
379
335
1352
1353
29
107
409
410
37
147
534
87
1386
101
75
648
1028
241
117
192
329
949
950
953
951
1344
1291
1367
503
239
961
1075
274
231
367
316
257
311
277
1342
36
280
1207
1298
1197
346
929
222
1213
88
289
437
330
197
290
280
313
422
485
542
85
61
791
190
1397
39
50
987
169
1360
698
179
366
298
1068
1210
1428
911
1009
991
1024
348
1379
1380
1381
599
1371
1372
1373
923
1262
919
1082
759
841
1221
465
885
173
887
433
258
863
1225
353
895
408
1009
183
223
1294
208
409
30
1372
468
437
1147
297
493
385
308
379
746
1246
36
33
299
306
793
390
290
1319
95
41
309
21
1320
35
87
141
582
962
315
307
395
883
884
1278
1301
377
1276
214
320
1141
1232
1131
35
412
156
22
164
371
264
131
224
346
247
356
419
476
19
127
725
1331
245
432
364
1002
1144
1362
845
943
925
958
282
1313
1314
1315
533
1305
1306
1307
857
808
853
861
943
1323
567
987
275
989
331
156
965
1327
15
455
997
306
522
641
1111
81
325
1396
310
307
72
1474
570
299
1388
1389
539
1249
195
206
277
848
1348
66
69
197
204
895
288
392
1421
7
143
445
446
1
183
411
123
1422
137
39
684
1064
213
205
82
29
30
183
293
985
986
1380
1403
275
1378
316
1243
1334
1233
11
310
258
124
592
1430
591
1194
473
366
233
326
244
349
459
521
578
121
25
827
976
1433
1153
143
330
262
1104
1246
1464
947
1510
642
1045
1027
1060
384
1415
1416
1417
635
1407
1408
1409
959
955
723
805
30
1185
429
849
137
851
469
294
827
1189
153
317
859
973
219
187
1258
172
445
66
1336
432
1322
401
1111
457
421
344
710
1210
72
69
335
342
757
426
254
1283
131
5
307
308
139
45
169
213
15
1284
1
177
546
926
343
431
847
848
1242
1265
297
413
1240
178
1105
1196
1095
127
448
120
225
75
970
197
141
14
128
1056
335
228
95
188
382
211
320
383
440
17
163
215
689
1295
271
1024
281
468
400
966
1328
1108
1326
809
1323
559
727
907
889
922
246
1277
1278
1279
497
1269
1270
1271
821
1216
1208
817
42
1396
332
280
323
281
342
1140
94
526
608
72
240
415
250
197
1180
39
322
300
18
126
225
401
511
613
668
52
219
257
134
12
1014
928
929
804
329
330
700
243
58
151
1030
549
656
796
12
1017
686
673
724
510
531
18
450
553
1169
4
3
1
1
5
60
2
660
657
410
1217
803
804
654
357
372
270
203
134
206
597
1221
746
956
278
461
663
661
55
308
372
1022
158
486
438
481
1173
340
414
529
250
1071
397
654
406
405
894
1241
893
895
385
69
896
131
539
1026
181
154
256
68
208
114
206
541
68
1123
1203
55
470
111
318
1318
323
25
323
295
128
358
265
413
584
18
19
20
21
328
299
458
455
453
103
236
904
368
1272
1048
849
524
1171
351
491
1083
1040
1240
1143
74
712
390
1094
695
361
376
266
207
202
474
107
212
118
593
1217
280
627
132
742
952
274
457
291
535
344
368
657
304
482
301
418
650
410
409
890
1237
891
381
65
892
135
1275
1022
185
150
260
210
537
72
1119
1199
319
327
146
14
324
303
900
364
1044
845
520
1167
355
487
1079
1139
70
394
1090
691
432
359
861
527
1219
380
271
659
58
57
25
12
261
399
145
538
893
206
197
1230
143
231
1030
1169
899
491
394
1141
72
517
693
426
365
855
533
1213
374
277
653
64
63
31
6
267
151
532
887
200
1224
149
225
1024
1163
893
485
388
1135
66
511
687
491
300
920
468
1278
439
212
718
1
2
34
71
202
340
86
597
952
265
1289
84
290
1089
399
1228
958
550
453
1200
131
576
752
429
362
858
530
1216
377
274
656
61
60
28
9
264
148
535
890
1227
146
228
1027
363
1166
286
896
391
1138
69
514
690
393
1017
457
200
1003
356
821
391
560
652
306
1180
372
283
148
458
3
291
292
293
1150
2
597
596
5
795
792
1058
1065
854
671
286
201
359
899
241
1154
124
125
278
885
776
884
926
103
390
84
60
29
248
731
740
115
368
572
560
1127
773
435
943
295
546
508
20
406
111
32
1189
411
1017
1032
390
863
369
454
63
561
86
296
382
199
565
287
538
1070
1099
865
616
288
289
290
844
1
150
428
595
1135
1136
537
715
1177
353
283
362
350
818
680
683
174
222
666
348
513
1000
598
882
1074
910
1133
69
70
334
542
6
1066
1065
234
581
233
235
275
591
236
474
791
619
121
361
366
841
506
916
233
868
774
202
1044
385
495
507
1002
866
119
728
1154
463
543
1130
549
337
57
635
983
365
788
534
300
294
247
642
641
640
639
638
637
636
651
616
332
959
1118
1115
1113
557
424
124
123
292
612
388
189
136
387
511
193
75
1011
169
423
422
380
580
228
483
586
970
446
52
1050
434
150
35
108
271
563
562
1009
825
474
1315
156
438
463
357
410
713
22
734
20
1340
318
554
12
102
1090
387
699
1316
937
465
439
470
240
66
314
442
114
866
503
702
1084
872
1048
325
55
23
371
394
1284
183
693
234
224
751
885
421
536
643
776
1253
660
551
488
431
888
1034
182
424
1268
584
1152
89
1339
1271
237
62
36
18
51
409
625
406
407
408
374
398
399
400
50
512
8
1232
109
269
228
315
664
604
605
158
342
728
727
334
843
124
143
154
223
563
1220
754
214
897
1636
896
568
566
173
784
425
15
151
898
289
183
309
716
692
1591
1275
445
1360
633
634
1213
288
552
1149
695
1500
273
498
109
238
769
440
107
751
404
127
623
202
442
275
278
137
757
94
69
600
496
1482
742
271
1367
249
498
49
155
245
98
236
244
229
535
566
1372
1377
25
395
1205
227
265
352
539
292
886
248
511
166
168
540
496
453
61
694
104
413
674
253
236
102
322
433
434
587
655
22
552
948
532
546
824
348
315
788
87
1073
333
702
4
705
594
26
235
958
100
160
159
89
458
254
164
311
173
165
180
126
349
729
731
177
116
734
503
170
1095
629
169
701
510
1008
807
533
204
213
275
617
310
290
159
149
359
319
136
89
304
572
673
783
475
265
943
760
535
928
982
1196
1297
308
1153
60
453
507
513
721
822
648
518
1363
1370
270
663
617
717
723
931
1032
685
692
408
15
39
45
253
354
23
868
875
225
168
222
228
436
537
525
735
788
1788
828
1016
56
154
428
207
1207
247
435
1074
276
543
1101
621
813
1297
1295
1226
980
182
449
1007
527
719
1201
1132
363
615
1194
1030
544
287
123
1046
282
1295
1451
202
984
828
469
618
568
231
945
324
584
713
862
135
136
1493
68
1203
1468
293
1461
164
633
1233
148
420
1573
493
166
1052
1484
1065
156
753
847
374
501
774
766
720
858
178
877
563
380
882
414
892
890
64
125
124
571
792
419
539
268
491
211
935
765
853
300
77
159
447
391
609
114
532
358
240
342
783
565
651
761
416
810
833
377
933
36
310
658
597
182
485
592
287
71
736
808
292
622
886
896
254
778
521
635
782
931
762
673
764
754
161
152
157
163
912
185
637
700
285
21
757
111
154
688
50
48
449
660
673
87
404
558
406
862
669
176
564
634
895
145
18
284
631
96
95
955
676
102
238
315
784
839
328
441
118
400
705
73
951
867
775
355
352
361
360
187
186
633
449
59
56
659
848
859
635
798
226
424
458
175
281
521
641
113
204
921
118
949
229
905
556
492
493
489
1197
1153
1110
596
1351
553
1070
1331
910
421
759
979
1090
1091
1244
1312
635
105
291
125
167
309
972
131
182
45
48
683
892
301
817
816
1115
911
821
968
830
822
837
531
308
72
74
834
773
77
1160
827
438
1286
826
44
147
351
150
1190
453
1787
39
719
1732
964
44
409
298
297
144
1775
247
305
346
776
922
635
593
1273
725
1476
568
887
821
1720
718
819
1785
1609
1287
1805
218
1687
1530
1075
1074
1422
1215
1776
1379
146
639
866
526
377
843
572
1
81
718
216
283
332
763
206
558
334
1014
216
184
485
378
4
222
142
76
430
1495
146
157
1094
297
234
486
228
1459
1460
666
212
1544
11
213
688
55
1027
1423
354
86
187
89
16
160
852
1424
860
859
279
716
337
495
1330
1161
385
63
62
1276
1149
1311
353
967
326
1558
1426
814
46
48
600
45
48
40
1050
1051
1204
132
548
661
725
724
1578
486
787
140
611
236
348
424
591
171
39
32
464
1490
801
748
747
84
5
580
184
185
502
97
615
616
535
1386
470
976
966
4
1517
1178
1319
1316
1317
1590
1621
330
1632
1438
1502
1472
240
394
702
315
1
612
482
89
32
758
146
358
812
969
557
330
131
798
481
714
527
579
721
671
97
718
682
719
488
153
563
225
716
681
138
521
374
818
682
578
801
713
712
799
896
897
901
282
441
147
261
260
519
770
220
454
567
867
748
160
170
620
59
183
427
650
788
1250
1022
532
310
600
89
477
515
359
413
476
1476
807
516
820
1452
950
1402
1400
679
987
396
1107
1141
1143
599
680
1522
612
1301
1
38
1164
44
1334
1627
977
1016
1625
131
1709
1029
849
1691
781
1470
1674
966
1727
71
552
274
846
1
1430
1232
357
1383
1209
354
788
1091
790
1437
1153
485
1591
1406
392
844
91
1113
87
1731
978
776
814
1572
999
1365
1364
1363
1054
1095
1393
1392
1075
191
1107
923
1484
1526
611
97
260
13
1247
55
139
1594
67
721
739
105
609
610
372
368
941
1783
873
1562
735
110
665
47
688
38
17
825
85
604
919
427
1609
891
49
959
270
496
1793
1539
827
884
1785
1840
222
1434
1433
1521
841
169
1195
1021
166
600
1443
1313
1218
764
1150
204
656
778
80
1539
1168
1522
1417
1384
811
1177
1176
1175
866
1477
1319
884
1479
1155
396
591
313
278
422
33
614
235
551
685
283
943
635
86
1570
893
809
180
97
119
1529
1059
979
960
1152
77
1626
1608
1343
850
1236
1485
1645
391
804
1409
848
1155
1386
1065
1580
1018
935
650
304
422
905
458
766
721
876
379
63
676
418
153
32
822
210
26
493
446
67
862
417
778
591
643
785
735
161
654
746
655
552
217
627
289
652
202
457
438
882
618
642
865
649
648
863
832
833
837
346
377
211
325
324
455
706
631
803
96
106
556
5
119
363
586
724
303
421
906
457
765
875
378
62
675
419
152
31
821
209
27
494
445
413
68
861
418
777
590
642
784
734
160
655
745
656
551
216
626
288
653
618
201
458
437
881
619
641
864
650
649
862
833
834
838
345
378
210
324
323
456
707
630
804
685
97
107
557
4
120
364
587
725
110
12
11
733
93
1183
1184
1337
17
296
1615
1680
734
735
288
472
700
440
973
1356
922
909
6
84
208
98
1640
79
26
267
808
304
14
41
13
15
47
1667
389
884
1380
295
567
1598
932
934
837
614
640
43
593
320
1607
421
1673
410
603
1265
1327
1176
1631
1583
1212
1342
1621
9
11
837
48
926
119
1663
597
60
412
1129
1552
674
178
1481
63
1003
82
266
718
619
409
133
851
1389
52
1472
1693
783
1631
1547
1668
549
795
1050
1049
1048
794
1047
397
1292
1736
1087
912
911
1065
1178
457
509
321
531
9
140
1615
381
387
814
32
69
620
825
783
780
471
594
636
761
29
614
25
309
443
1702
1219
1477
644
755
1079
1072
1073
1077
1409
868
514
1071
874
1232
1463
1142
1229
1382
1069
352
1155
322
324
76
219
896
832
152
72
829
86
1168
1564
746
1303
179
189
147
884
807
1689
1398
1614
1618
333
716
1039
1158
570
1036
758
1465
887
1337
912
1504
633
80
1745
1284
10
913
255
1111
818
176
665
297
298
1471
1068
108
975
1076
1274
1677
1681
960
1297
1429
634
1044
1332
1329
1696
1489
1330
1364
1362
1361
1060
151
1781
899
412
966
1297
1420
1767
1282
123
431
1701
683
231
555
1605
546
1584
1050
1445
1128
957
673
244
1249
324
1254
1252
733
22
8
802
229
541
715
1697
321
345
670
496
246
326
66
180
340
37
79
914
287
655
559
514
853
970
1320
1312
222
221
68
887
1307
662
8
472
134
133
254
1188
1035
738
814
947
579
1125
180
969
197
335
255
293
667
51
733
298
766
129
447
407
175
738
540
783
598
653
439
39
145
961
14
785
531
920
579
489
380
602
556
317
52
595
758
835
316
202
832
831
336
256
294
668
52
734
299
767
128
448
408
174
739
539
782
597
654
440
40
144
960
15
784
530
919
578
490
379
601
557
316
53
594
757
834
315
203
831
830
111
191
507
153
221
395
287
148
320
575
1
39
621
292
986
1229
1044
207
7
1478
407
125
591
1407
432
1231
977
1366
1025
43
826
1048
110
763
394
1041
1204
1281
762
244
1278
1277
73
7
31
405
211
471
36
504
391
185
145
437
476
802
1045
860
391
177
223
59
407
1223
248
1047
793
859
1182
841
227
642
864
294
579
1098
893
210
857
1020
1097
578
60
1094
1093
1541
1680
1806
1799
1447
937
1808
1495
810
917
1187
101
29
376
103
1597
19
666
762
979
628
14
1807
1729
305
1371
927
116
14
1810
1658
841
8
1059
948
1336
1096
1095
623
1550
894
1162
1060
1440
1442
534
595
1445
541
1806
1149
254
537
1513
1341
401
872
1832
1819
605
602
245
492
414
411
1014
1203
1218
1153
581
779
529
248
857
103
530
74
1120
166
242
298
301
302
491
506
441
131
67
815
182
638
408
878
57
470
471
876
575
334
1266
1190
1189
1277
597
1295
1294
574
1288
399
400
1004
682
1064
812
814
991
1202
1180
909
554
1199
520
906
917
1207
663
961
960
643
1056
735
763
914
903
34
431
154
155
221
1147
1604
724
1489
1167
1192
1247
1535
1360
8
84
720
1460
121
163
198
1485
1005
342
41
868
732
258
393
656
655
389
386
652
743
63
761
760
40
754
933
934
936
448
504
1045
967
229
165
168
185
153
660
536
440
650
923
375
965
655
175
190
130
31
427
426
109
701
77
286
344
334
141
532
521
229
350
541
422
1042
1016
586
921
630
357
943
421
1133
1089
1046
1305
1301
1300
1299
1236
1298
357
289
413
287
535
1247
1203
1160
1419
1415
1414
1413
1350
1412
471
1068
447
175
1139
1148
299
173
333
332
1092
196
120
119
123
115
975
976
1129
1371
207
473
225
237
492
1145
119
293
86
66
114
146
718
129
234
96
550
164
194
167
195
193
161
1110
658
933
126
1173
1520
1174
664
348
1175
339
70
505
503
137
138
139
448
163
5
430
165
159
385
112
1399
213
774
374
918
899
1496
1464
866
865
266
325
446
402
359
618
614
613
612
549
611
330
267
354
976
319
66
716
338
347
1100
974
468
469
349
273
272
378
81
473
10
101
102
255
864
1352
3
14
951
154
377
343
371
1316
1317
1038
206
285
479
1101
816
740
739
735
355
356
509
845
752
346
426
812
855
709
343
389
461
118
4
77
60
754
1445
355
354
201
1251
206
1
284
825
1171
1084
1087
917
1190
770
1464
478
178
65
890
327
1216
367
670
658
44
1164
244
281
325
324
1014
288
641
558
891
208
386
1278
1098
486
567
1090
954
207
816
442
972
531
321
864
975
976
1129
309
445
700
322
943
83
91
500
501
331
106
348
38
908
577
456
1211
1356
272
302
301
65
64
63
246
365
207
228
367
43
394
211
350
219
437
536
409
271
56
427
105
426
294
420
1267
1268
56
260
176
582
581
580
408
747
570
426
336
1073
106
327
779
558
1065
434
1076
145
594
489
458
611
515
69
695
749
168
639
252
137
390
685
380
480
849
242
427
337
1072
105
326
778
559
1064
433
1075
146
595
490
459
612
514
70
694
750
169
640
253
136
389
684
379
479
848
241
428
338
1071
104
325
777
560
1063
432
1074
147
596
491
427
460
613
513
71
693
751
170
641
254
135
388
683
378
478
847
240
768
663
632
785
341
617
243
521
923
342
902
769
68
319
891
260
813
899
15
426
600
510
763
37
859
216
511
206
306
675
68
429
324
293
446
680
96
116
860
584
3
332
546
117
476
1241
1088
1108
271
20
1090
1230
599
474
1238
324
87
261
171
492
944
393
665
3
373
1102
302
1198
555
850
545
645
1014
407
404
198
81
182
407
291
22
158
589
374
134
99
34
1077
23
138
1437
522
193
190
254
24
122
13
303
194
175
655
268
176
278
1393
804
805
610
1106
18
169
932
1139
642
664
658
75
439
643
388
389
390
644
391
1041
298
260
991
929
828
138
94
154
281
29
941
145
507
228
184
244
191
119
851
55
1524
1566
981
980
1710
410
1350
1241
693
811
812
97
817
666
519
442
743
394
959
970
251
557
700
709
383
175
589
855
274
840
211
215
547
6
622
844
557
599
960
14
13
696
656
202
274
333
808
184
532
540
1004
218
150
608
240
219
517
649
992
1456
670
302
1234
1060
1393
1392
551
212
671
65
49
151
121
405
1101
770
81
345
119
667
1035
276
103
277
56
55
786
1125
666
1402
1288
1488
1216
932
236
1348
1770
1554
1411
1522
1523
1676
1502
557
1380
1079
170
127
1799
1418
1407
470
1267
1798
1078
1792
105
104
1139
923
1168
598
787
776
161
636
1167
447
1161
526
527
1359
1311
1099
1784
1725
1565
1422
1533
1534
1687
1755
1078
1765
1810
1429
1418
481
1278
1809
1089
1803
116
115
282
304
1713
1296
73
1425
414
1245
684
694
315
403
8
1718
265
173
560
128
1139
94
361
344
171
534
143
292
653
660
170
131
571
109
208
197
740
57
588
132
582
1105
1106
354
1108
347
362
431
380
829
463
276
571
156
154
672
577
1388
1366
43
65
318
56
105
33
278
1456
95
918
140
1557
143
101
579
374
1597
245
1256
597
425
976
159
1355
1130
1267
1662
1627
1057
48
879
1405
1459
567
368
14
152
87
72
212
420
1184
260
321
656
222
197
79
6
170
842
1414
38
4
648
269
327
1151
96
99
205
653
35
21
966
143
444
422
291
1353
161
1073
617
265
1006
865
1377
1475
1212
851
642
938
1307
918
700
1479
1095
249
252
358
806
188
174
1119
296
597
575
138
1506
8
1226
770
112
1159
476
1018
1530
1628
1365
1004
795
1091
1460
1071
853
1632
1248
679
1186
340
1079
1035
830
529
584
380
1249
619
620
624
956
415
24
798
833
831
1220
532
1057
952
981
788
121
905
731
7
279
257
86
152
899
366
389
356
932
705
167
488
26
25
1091
251
521
887
886
885
576
490
262
135
323
134
984
297
568
1207
171
40
1086
146
461
145
102
244
345
412
510
197
165
164
355
1101
214
246
55
636
555
535
536
689
647
33
664
56
658
1029
1030
1032
216
52
213
408
1063
629
281
642
550
1114
992
863
841
568
869
393
282
432
236
53
151
1072
494
569
271
286
285
93
507
1135
604
515
269
14
15
16
270
17
672
731
163
133
284
273
664
607
555
480
698
338
379
1045
851
304
753
817
340
982
983
387
594
593
978
1013
1011
1182
1321
1447
1440
1088
712
1336
551
1393
483
1172
466
467
468
429
431
433
262
123
3
4
356
726
893
51
961
272
60
1781
396
407
1344
547
16
736
22
1709
1710
732
312
510
403
292
1257
1543
1521
112
1549
41
100
529
1752
400
1411
854
580
1141
1131
1510
1422
1817
1212
107
1020
1560
1274
1273
597
120
150
148
538
246
473
1091
469
298
492
491
283
325
153
52
257
668
370
91
556
1142
1146
629
211
210
830
171
255
350
393
585
704
593
592
1
956
623
433
276
1183
538
747
1171
234
475
204
506
404
535
421
419
1125
317
171
219
741
145
438
5
425
417
493
196
390
3
156
642
641
478
291
155
592
17
389
41
865
399
796
795
799
883
203
901
597
89
36
401
626
777
665
768
907
776
910
510
46
580
424
495
597
911
825
758
179
506
293
251
54
192
601
496
737
738
21
287
905
271
67
258
47
782
535
835
291
564
723
463
73
474
635
62
210
861
845
215
722
434
401
282
902
740
680
123
134
93
497
1743
479
82
83
5
675
281
967
914
477
251
252
120
699
372
585
627
932
1070
277
101
213
1646
1785
1654
32
368
298
1302
383
1475
1616
899
591
27
196
346
1391
618
562
607
811
831
96
343
587
314
1601
415
1352
1513
1739
33
1093
444
138
198
755
980
1148
1174
744
971
1
592
124
1196
663
1127
826
86
125
488
927
73
740
60
120
543
230
122
42
1042
355
524
523
101
32
862
349
135
355
107
425
1096
1200
515
149
1103
781
552
542
405
707
213
951
641
175
712
737
377
1039
1030
443
72
536
505
716
103
336
664
149
531
711
1134
821
713
549
451
236
621
490
623
271
242
114
605
779
946
484
18
76
740
512
190
39
49
996
116
378
360
50
766
121
146
968
448
439
148
239
94
1150
441
466
179
30
454
513
1121
1252
296
298
408
1110
1034
888
24
862
1155
45
813
1555
137
1664
412
1068
1317
1772
38
1462
1498
776
837
1232
1673
1455
1489
474
417
1482
82
1649
1211
544
1141
1563
619
855
517
435
443
1137
75
325
464
176
406
287
463
193
215
414
739
1303
102
948
909
912
1304
1384
48
1299
348
1004
1163
137
199
1407
699
508
824
1156
241
1275
825
1035
966
189
76
872
657
719
317
503
375
81
204
383
692
236
782
784
124
63
787
527
617
1469
1017
1194
1405
1476
575
1318
236
160
1225
143
51
926
192
14
1235
1022
428
471
917
202
480
374
837
385
344
1038
1014
433
1275
365
1054
507
529
965
613
67
174
739
287
113
742
308
310
552
328
704
252
641
67
268
520
260
476
97
269
268
267
42
569
411
24
571
247
850
341
332
539
284
22
402
512
493
1090
1058
739
1389
166
205
1394
1180
1178
1496
1224
1494
181
633
896
898
709
791
156
184
967
1303
1283
1100
228
70
782
226
659
1062
1306
304
1350
334
151
1342
1537
1122
741
502
1190
197
703
435
30
484
1242
196
820
72
462
1203
177
560
470
234
487
1555
1009
1006
1000
233
1
565
165
116
1394
56
531
1184
523
245
70
69
9
851
59
630
20
786
311
833
791
702
49
75
752
1460
1078
223
339
305
34
158
94
715
1568
1190
367
673
607
73
125
304
379
135
354
353
508
1014
11
143
2
805
104
154
5
396
885
13
1115
417
158
687
512
635
433
399
708
234
394
1307
281
455
1748
1286
332
1272
1031
820
665
299
300
301
610
488
641
956
273
991
1547
1021
211
413
447
138
612
452
641
461
565
391
800
902
748
440
630
514
426
185
26
713
181
547
546
545
236
358
205
110
573
145
701
175
281
708
776
87
601
365
134
273
438
52
1245
1347
1410
1117
721
914
915
237
664
732
43
557
178
229
394
96
510
1201
1303
1366
1073
677
1016
1017
1014
1023
1022
32
31
189
852
1213
281
401
279
419
409
314
313
317
782
627
43
10
115
571
951
75
99
507
518
115
31
142
182
129
406
392
1267
1087
323
930
140
193
356
916
906
69
13
464
429
804
805
309
57
56
55
254
191
408
52
544
1076
722
452
822
893
1351
348
1234
1332
1069
957
785
1096
1407
492
270
112
551
912
20
702
22
720
108
615
614
618
610
480
481
634
258
521
291
416
270
650
376
202
206
217
186
332
443
483
605
430
707
693
966
786
624
629
441
494
55
615
605
370
314
163
730
6
503
504
8
358
357
356
47
88
110
107
249
775
421
557
151
521
592
462
1050
47
38
933
1031
768
572
656
484
795
314
1106
191
1179
1215
1021
358
3
189
801
1524
1523
1611
1167
1016
1398
1200
1325
259
1285
1111
703
692
1095
1241
1352
1339
1602
57
123
1350
1403
294
304
1223
746
1639
1007
901
1267
1266
1265
956
802
1158
929
134
488
1466
758
141
862
24
122
141
253
425
114
595
718
100
501
105
106
372
375
102
1200
1201
1354
698
1415
608
1271
519
630
629
293
834
1188
828
947
6
429
1806
1728
144
990
1370
344
1486
929
937
534
275
101
124
237
115
290
13
1291
910
1537
890
1779
27
1686
1763
463
9
1349
279
391
266
1341
321
1335
1097
350
1004
406
760
622
241
922
1640
312
1737
1471
555
564
1222
1430
749
1159
430
899
154
779
730
728
362
363
673
62
220
384
337
827
471
612
1536
1282
405
368
1343
1042
1804
1710
1410
1552
1821
767
91
1351
1213
1782
690
1376
195
359
1245
1689
994
549
1320
1462
1651
1137
911
1355
525
524
528
486
130
111
309
374
130
513
1009
148
7
800
99
296
295
22
159
10
401
880
8
1110
412
163
682
527
69
129
308
375
131
512
1010
15
147
6
801
100
295
294
23
158
9
400
881
9
1111
413
162
683
516
191
275
405
207
28
711
467
176
1346
321
189
330
1137
436
41
42
359
178
327
64
1217
345
1447
749
174
1019
180
816
136
334
513
170
74
717
805
220
352
211
596
105
363
214
605
676
196
906
208
367
478
721
690
928
17
128
681
2
247
115
49
292
272
1014
270
754
786
828
813
141
140
146
1316
1312
1058
1608
1492
1526
1797
1673
1737
1116
263
641
1464
1158
53
535
1008
221
701
452
451
848
847
935
255
93
10
632
316
1
3
662
4
2
3
333
25
84
1443
290
291
106
105
101
989
990
1143
1486
835
729
732
115
110
564
178
426
743
745
1404
738
740
151
409
134
767
222
3
4
194
185
507
508
1
422
391
155
2
184
485
517
966
622
625
83
1524
65
514
241
91
259
255
254
253
190
252
673
235
666
77
1005
1401
83
178
46
193
179
775
1268
1495
1155
52
82
1251
137
136
103
412
608
481
566
1179
548
89
845
120
49
176
80
446
447
448
657
249
1065
1066
1067
1181
1185
1186
1201
1011
574
341
350
439
648
1453
1010
1460
1174
1323
1030
1569
743
1018
135
197
218
134
16
356
139
247
540
1092
261
207
534
618
62
319
1061
316
870
231
859
415
333
782
568
96
90
401
575
136
864
654
287
420
39
743
281
715
393
164
154
793
319
175
563
99
94
746
482
201
869
88
681
545
202
407
833
100
347
106
314
415
591
801
235
236
495
372
306
307
50
189
315
308
44
75
78
260
238
140
252
173
554
994
1482
242
435
476
314
397
1209
1334
463
36
1252
926
452
181
66
922
1374
319
723
787
788
1529
679
1165
1365
1366
109
703
1060
1074
1
4
538
903
814
154
647
874
534
703
758
757
209
140
55
73
710
224
501
175
174
173
36
870
444
445
446
560
564
565
580
843
846
14
887
144
1226
1622
5
22
6
4
28
42
996
1489
1716
1376
273
139
1472
84
85
633
702
787
1400
769
132
1066
341
45
667
668
669
878
28
1286
1287
1288
1402
1406
1407
1422
869
1395
67
64
16
175
930
598
924
23
766
316
712
772
882
868
86
579
806
466
637
771
562
826
825
792
277
81
208
123
490
141
778
156
569
738
865
769
243
242
241
32
938
376
377
378
492
496
512
322
115
348
339
250
41
764
321
485
634
341
880
54
728
795
798
195
6
5
219
53
26
54
52
20
628
430
680
1312
679
1135
36
34
32
896
82
275
35
632
420
76
50
48
370
730
323
1133
859
375
1067
1396
1015
965
1411
1178
1131
325
857
377
1394
1013
963
1409
1176
357
512
510
316
297
535
769
578
202
341
467
460
108
957
488
387
1334
195
357
266
381
390
25
406
19
896
260
262
1203
236
1052
384
1028
756
101
780
35
253
114
12
5
347
1262
468
1555
1268
1664
476
245
566
479
887
932
28
929
186
1101
1100
678
545
209
325
291
20
144
80
701
1554
1176
353
659
1259
1025
1151
317
319
415
433
406
434
432
291
400
389
300
357
248
255
528
1195
421
637
747
715
64
12
13
211
1280
833
847
515
1635
1018
1041
75
605
645
143
1604
1000
207
218
3
133
191
98
732
682
296
14
210
1591
911
1633
880
1544
632
29
224
389
806
1407
637
1534
517
906
703
1271
765
573
915
917
1211
584
987
1209
1090
1710
16
49
929
383
1674
1700
17
1121
1297
55
96
340
456
1013
311
1558
1521
922
623
1451
1266
1308
1186
37
282
503
502
498
592
593
746
590
90
332
163
243
382
490
291
36
892
531
908
691
460
175
205
573
967
1127
737
771
1147
361
266
716
16
1211
571
80
244
934
1488
1098
722
187
377
932
240
425
210
837
710
429
428
263
682
2
243
82
10
1636
483
484
732
87
88
354
357
693
91
84
92
1182
1183
1336
666
851
632
501
99
684
106
810
929
93
353
925
1158
915
937
1679
295
699
411
1788
1710
477
442
972
1352
326
500
1468
1355
921
588
908
912
1771
919
698
516
482
257
83
833
272
1273
892
1519
872
1736
1276
9
1331
208
373
266
248
1323
303
200
1666
1317
1077
1076
1360
1613
1307
986
388
865
1620
904
1622
232
133
62
188
875
22
416
1453
731
1141
619
938
933
1308
277
137
711
710
344
345
346
655
316
317
634
42
746
1547
453
1518
364
602
1264
362
1102
1214
1450
1230
1739
1722
1742
269
449
708
1284
1191
1223
143
347
203
906
1392
1294
586
1301
1752
1281
948
951
1400
1447
749
959
966
415
1497
1159
1227
1590
1602
873
976
1364
1328
1565
386
1723
817
950
1176
1629
1059
1444
1644
1685
1737
64
95
626
1243
1288
1287
1339
1337
598
669
670
956
197
196
52
593
592
326
323
13
589
596
588
502
503
656
14
171
48
179
581
4
634
653
574
130
249
587
327
245
478
235
257
71
385
269
1108
1030
203
238
878
292
672
354
180
788
675
241
228
229
232
1091
239
18
164
198
597
153
310
421
583
408
593
212
839
192
1056
596
671
988
830
808
43
602
651
419
472
307
432
643
127
377
480
77
309
672
613
667
640
668
666
986
637
397
396
680
933
627
306
292
185
74
610
580
224
942
448
547
618
492
195
114
381
702
264
773
687
51
61
258
238
253
205
628
126
215
488
403
543
802
31
30
336
335
334
25
638
867
992
455
227
838
78
418
584
318
666
81
611
187
372
212
422
46
534
797
15
21
550
1059
1042
1062
411
231
28
604
543
537
333
477
1133
226
818
712
614
94
621
1072
601
1069
486
268
271
720
767
69
907
279
286
1018
265
1100
817
479
547
910
922
193
296
885
294
1043
1061
137
427
270
496
379
386
764
964
1005
1057
954
616
585
54
563
608
607
659
657
327
453
726
515
684
162
109
294
713
732
837
803
497
206
65
817
360
398
1
243
454
232
1395
456
458
647
1321
56
627
298
296
443
514
255
119
628
19
446
175
1090
363
364
943
18
3
228
1323
300
298
448
177
1092
365
366
945
20
5
230
390
391
9
1617
834
389
15
115
844
664
278
1573
1214
1528
503
840
743
509
1399
1005
1646
84
248
1473
1150
446
572
845
634
452
803
43
10
413
832
851
956
402
684
378
325
54
936
241
517
120
124
589
335
93
704
102
95
1194
948
1690
1721
922
230
1285
1342
1328
753
81
1633
886
1423
742
151
617
465
165
1538
1734
1594
983
1585
1592
493
739
3
34
765
1457
402
345
359
934
1606
54
801
264
945
1536
1070
1222
1522
149
47
1595
984
1586
1593
494
740
2
33
766
1458
403
346
360
1289
935
1607
55
802
265
946
1537
130
1071
1223
1523
98
150
46
27
71
72
147
8
118
111
241
403
1054
1038
1554
401
402
650
5
6
272
275
611
9
2
10
1100
1101
1254
99
621
1597
1016
698
931
1445
1604
1258
186
501
1068
362
255
1349
1655
1602
1296
961
822
321
975
377
854
315
489
73
731
250
39
594
466
282
1657
514
258
192
1681
1381
184
1686
990
1554
1433
1633
284
1321
204
865
1156
1246
679
1183
513
10
354
818
1322
652
129
493
944
1448
778
255
619
1102
1103
937
1441
771
248
612
585
1089
419
104
260
743
744
917
1137
247
423
1225
246
394
426
983
427
1286
1283
1279
634
266
438
1158
720
224
486
500
653
652
404
228
574
317
405
1045
225
332
224
635
536
632
356
610
531
628
434
112
91
77
308
508
549
17
203
204
153
984
389
1029
1023
348
519
56
118
717
1549
1548
74
905
224
894
117
711
478
721
699
43
1048
1091
329
1040
14
703
144
512
538
1111
413
1289
298
240
1035
436
396
395
1227
248
929
259
1036
442
675
432
454
62
824
113
1139
450
1009
641
615
42
740
136
855
118
425
426
181
397
396
1226
247
928
258
227
1035
441
674
431
453
435
61
823
112
1138
449
1034
1008
640
614
41
739
137
854
130
429
978
316
378
375
592
143
542
1
39
641
640
450
451
947
736
623
189
180
1039
513
737
541
599
138
890
201
786
760
366
308
443
867
868
795
1310
1259
1187
3
5
19
1005
1071
828
850
208
324
39
885
821
832
92
1581
358
114
1244
127
301
517
1449
377
532
844
798
467
261
625
115
366
507
1177
533
116
1665
662
1246
1271
1600
1410
1309
1258
4
18
1004
1070
827
849
207
323
38
884
820
831
1580
357
115
1243
126
300
1448
376
531
843
797
466
260
624
114
365
506
1176
532
115
1664
661
1245
1270
1599
1409
432
377
339
319
16
95
870
388
386
1356
998
28
146
82
202
51
963
511
1264
242
1268
1044
376
579
217
356
10
9
8
301
394
313
627
1164
248
119
1117
129
171
754
744
1452
1095
1368
337
106
107
1410
1216
783
1250
746
745
983
987
429
374
336
160
322
13
98
867
506
1353
120
995
31
143
562
85
1379
199
54
960
508
1261
239
1265
1408
1041
379
156
6
1039
266
784
576
220
353
13
12
11
298
391
310
1251
1161
435
245
95
122
1114
132
174
741
1449
1202
894
1092
1365
1453
340
103
104
105
1014
1407
1213
1247
743
742
980
984
158
602
596
334
330
319
618
179
710
10
1017
216
97
929
38
431
792
345
884
51
56
272
283
1220
423
108
612
772
1619
1261
235
409
1377
821
1680
181
465
212
1226
774
1527
505
1531
113
822
640
842
46
619
253
254
255
564
657
576
189
936
327
1517
1427
511
695
1380
134
92
1007
1715
1468
1160
1358
1631
1719
74
689
1280
1673
1479
1513
1009
1008
1246
1250
1249
1315
1328
1252
398
173
808
1435
147
1537
521
279
290
1227
430
101
619
831
1629
853
211
393
888
1609
1268
242
416
1271
837
504
835
1
788
1192
75
124
289
723
219
1582
1233
304
781
520
623
1538
647
1057
849
677
627
626
260
261
262
571
42
662
1463
369
510
1434
518
127
1180
536
1655
1638
263
113
1210
300
920
665
1207
1680
1274
892
1023
1035
1055
574
365
759
165
845
319
1696
1618
194
1260
234
408
816
741
127
97
1669
464
1225
773
650
1530
1361
1444
1320
846
1216
46
618
252
253
254
563
1172
528
1202
1189
1240
952
294
2
81
80
1026
1027
1512
1267
1047
534
533
966
1069
1313
1685
516
725
331
925
245
497
771
606
528
896
170
274
349
963
1187
626
317
440
586
440
271
354
230
244
126
1044
1042
82
562
112
99
150
138
796
64
63
422
177
43
556
557
124
21
223
595
517
726
332
926
1156
246
496
772
605
527
897
169
857
683
275
350
964
1188
93
1174
627
327
305
134
318
441
587
439
270
353
229
245
125
1045
471
473
839
838
837
528
81
293
294
563
442
111
98
149
495
1049
1060
139
797
65
64
421
176
44
557
558
125
22
222
594
670
879
485
280
1237
285
399
343
925
452
1050
16
428
503
1341
60
780
471
594
740
286
200
76
398
28
21
72
716
42
55
4
569
950
218
217
268
197
710
278
175
441
1696
928
236
1291
1334
759
87
1639
892
1429
748
623
471
171
1544
976
208
484
571
628
614
39
633
919
172
709
28
97
249
549
824
1268
31
1393
1237
707
327
1353
1179
767
757
754
1566
981
1197
846
1573
1460
1407
406
405
807
57
1670
348
1413
1323
1479
922
1308
362
521
1291
814
937
809
267
948
538
743
741
82
748
747
969
1333
1024
634
132
1226
1085
443
920
161
1077
1316
368
34
187
577
287
385
1555
1048
1295
1484
378
73
398
4
731
279
22
1264
224
1255
703
1293
152
6
621
98
103
1466
302
1325
686
49
50
251
93
342
297
322
24
1311
125
570
51
360
415
1057
31
1022
205
253
158
225
71
58
1263
782
781
204
271
846
553
126
127
747
640
613
104
181
490
552
704
703
350
850
854
603
211
58
271
130
1444
126
216
167
1355
289
541
66
667
832
1126
918
919
122
1061
199
109
450
11
1700
1698
58
95
1353
967
1322
1321
1622
1464
1029
1074
1693
1347
60
1246
801
1320
1011
956
314
1340
349
1166
1624
1363
1529
1300
405
1313
741
589
590
389
538
1331
719
506
1006
1004
586
780
771
621
424
349
405
363
686
623
747
979
648
628
627
928
770
335
380
999
653
634
552
107
626
317
262
380
646
345
472
930
117
260
669
835
509
606
533
68
289
619
47
764
854
406
681
955
153
11
10
72
15
155
381
540
167
376
524
148
121
736
391
805
324
602
448
290
250
739
660
661
285
121
194
295
382
962
67
76
944
89
704
1008
227
843
38
461
221
1305
214
85
218
66
1024
354
545
38
365
428
914
1420
166
43
782
896
645
623
142
787
466
747
108
494
399
90
329
653
926
798
426
893
80
757
299
872
298
13
213
653
96
1232
938
210
114
1465
113
354
619
582
558
243
1435
1184
1162
397
248
1005
208
431
45
428
1296
240
333
241
552
326
1192
534
532
294
199
1058
764
36
288
1291
61
528
445
417
1261
1010
988
223
422
831
382
257
129
1122
66
507
67
378
152
246
481
1018
497
329
331
142
645
482
379
368
569
228
896
415
693
539
590
202
135
187
537
1484
184
288
106
1255
616
1105
724
892
131
1194
722
1380
936
1719
1345
387
679
632
738
372
373
374
683
1292
1562
1698
1330
1271
118
387
59
23
501
1098
1066
1133
42
463
77
216
533
1130
980
65
708
764
677
810
468
570
727
717
743
265
1045
1327
426
1169
699
423
830
574
960
1253
987
986
985
676
621
21
14
1261
1234
1264
961
1072
87
309
185
866
406
254
255
1079
370
263
96
1334
229
880
498
666
665
533
1502
1222
1379
1108
725
1518
756
835
886
152
505
616
512
501
436
361
266
43
58
232
560
447
13
320
306
712
316
935
589
698
488
444
605
811
207
37
802
185
235
25
610
586
848
564
663
283
315
308
860
895
333
101
271
133
382
88
689
561
1049
1038
101
898
226
255
23
120
117
384
1209
80
233
329
346
222
1396
1
114
1414
267
701
1034
71
1306
1305
988
1278
1277
1276
967
912
270
305
1609
1582
1610
1608
1576
1574
524
63
371
312
171
188
842
124
251
52
374
83
95
282
1299
78
617
436
799
1228
1683
785
635
1428
242
1122
798
61
791
1715
437
200
222
987
1632
1407
953
1339
2
792
777
874
1518
998
1108
273
1123
862
218
612
233
227
225
261
545
75
212
1586
42
381
337
463
524
920
837
583
1324
183
603
66
467
493
368
357
580
217
941
367
448
796
434
557
541
652
537
400
397
14
1
860
857
418
462
804
224
784
63
94
891
216
399
197
451
639
634
283
868
930
928
929
321
1504
1377
943
733
783
626
242
734
1611
903
917
1354
1588
1650
1648
1649
117
1066
341
45
338
479
692
237
849
1154
1094
802
572
29
692
217
82
352
1001
820
525
606
1136
1238
49
717
125
1
155
753
161
1156
1038
449
21
1256
113
682
811
491
1069
331
748
1600
1625
460
759
398
399
789
126
189
122
273
162
124
980
979
499
1044
517
700
1126
1197
1070
909
724
655
1232
1075
175
930
795
914
1205
78
757
864
997
904
772
1290
1514
613
1356
1113
726
819
1174
1173
1172
863
808
166
201
1381
1448
140
1451
274
122
1470
593
1154
1333
1217
1251
1522
1398
1462
841
12
366
1189
883
885
384
1082
774
104
83
317
10
9
18
569
365
208
160
532
558
564
530
272
716
344
32
481
90
267
144
1077
1003
1262
1247
594
647
243
1510
110
233
10
11
12
409
653
930
349
53
351
916
847
554
924
329
701
663
324
199
634
326
626
885
19
303
339
878
356
26
475
446
51
126
852
855
81
222
82
539
220
439
227
225
226
556
198
612
296
21
23
682
16
18
313
428
45
214
634
318
1
1
660
6
4
335
23
916
437
195
379
378
68
629
594
617
197
210
942
316
234
283
461
307
290
391
559
831
606
879
23
18
24
150
277
36
334
558
832
878
199
151
276
37
333
581
624
220
961
290
263
291
289
50
49
589
257
774
773
1241
1095
615
533
582
760
251
105
456
1183
1184
1176
259
1
375
635
36
38
15
615
1019
248
288
299
262
437
52
51
744
1596
361
646
342
71
960
959
1308
1306
1002
1239
911
900
37
760
718
1082
1137
528
526
607
334
398
166
448
1251
813
812
393
490
146
330
132
236
114
105
1098
644
85
1209
180
333
187
740
1118
95
245
1290
517
461
347
488
1188
132
522
648
803
251
40
308
991
79
878
129
8
1127
881
626
627
628
882
629
1279
109
245
992
383
384
60
611
497
498
1219
1167
1193
1278
1421
211
93
77
377
894
753
1265
1363
1100
739
530
826
1195
806
588
1367
983
204
34
266
1005
864
1376
1474
1211
850
641
937
1306
917
699
1478
1094
707
537
1187
510
469
278
631
548
1197
264
981
19
879
23
429
1264
517
158
157
584
266
220
420
421
1054
115
113
129
498
399
1032
347
885
787
306
584
731
490
80
1432
82
586
3
177
147
293
243
91
209
1164
304
232
80
220
1153
1241
705
857
1157
803
444
92
60
360
1013
381
873
439
440
99
43
593
200
945
404
275
111
661
826
754
936
340
423
910
101
67
1109
637
657
376
620
20
384
883
41
1
453
98
169
43
1413
814
543
2
937
914
1389
1488
1559
1433
266
87
615
428
296
1181
700
978
824
1451
1408
809
538
3
932
909
1384
1483
1554
1428
109
708
979
1520
585
608
133
34
37
89
407
746
372
341
235
601
600
599
290
294
319
589
725
357
298
163
12
13
393
915
784
1654
1110
935
934
554
32
163
1314
770
595
594
214
308
177
193
421
412
158
373
251
607
543
289
270
911
1329
1247
37
11
31
1160
887
487
109
86
860
1066
1270
357
159
690
126
73
6
351
297
124
640
209
607
408
487
130
184
154
362
487
329
130
209
148
94
1044
27
29
968
94
912
1068
1
363
890
111
645
954
304
1698
1694
1693
1692
1629
1691
1208
1211
586
367
797
130
818
176
445
447
126
814
172
441
443
125
813
171
440
442
124
812
170
439
441
61
749
107
376
378
123
811
169
438
440
43
5
946
812
810
1280
359
1255
40
8
949
815
813
1283
362
1258
91
119
485
983
1541
1004
1390
1683
1417
1416
1124
1442
1415
1106
1051
409
444
1754
1322
1006
1649
830
771
770
1032
34
42
124
1700
119
544
270
764
378
85
351
352
51
209
644
353
662
717
1359
1324
373
1211
1210
1355
1397
974
70
74
508
786
79
657
207
40
636
371
336
269
283
344
261
1166
1144
266
226
413
27
222
223
534
308
920
192
132
1447
277
95
28
27
290
402
518
262
1165
1143
267
227
412
26
284
60
221
222
533
307
919
191
133
1446
278
94
107
124
197
110
401
82
1649
39
1675
502
323
1220
76
119
1517
344
165
1062
511
554
1082
91
270
627
436
435
306
672
217
313
1695
1291
581
836
33
945
490
1320
342
797
134
844
389
263
1164
1142
268
228
411
25
220
221
532
306
918
190
134
1445
93
400
1463
572
855
833
577
537
102
284
89
88
223
3
609
461
119
443
1136
216
645
211
627
800
778
632
592
47
339
144
606
143
168
54
554
174
498
1081
1
58
57
206
88
816
1140
439
913
1269
158
136
1274
1234
595
981
598
786
1151
1001
44
729
785
474
700
1351
1349
1234
193
171
1239
1199
560
946
53
781
1105
474
878
582
751
1116
966
79
694
750
439
665
866
5
41
669
1222
1266
894
1033
717
617
11
747
54
142
1127
171
321
216
684
68
878
240
283
146
1353
180
1
176
898
967
143
1160
29
1667
27
1665
417
650
514
233
376
130
283
75
384
15
815
482
119
69
856
530
764
154
645
465
541
749
183
234
664
162
845
516
520
225
732
37
99
846
237
581
582
1161
221
446
565
684
413
378
153
287
673
27
1004
972
1693
1685
1602
852
1531
260
1138
185
184
179
81
731
633
108
10
7
105
16
114
399
301
780
682
1138
1186
507
893
321
552
948
947
630
199
310
175
799
683
691
358
804
1183
959
640
748
588
535
581
305
304
150
839
1067
245
311
190
754
1200
124
1579
1355
1036
1144
984
977
91
92
546
1235
1463
641
85
586
864
184
493
1095
774
308
293
1536
147
88
148
142
115
143
141
140
1468
960
70
44
2
520
1193
920
53
893
1099
1303
43
17
25
493
1166
893
80
866
1072
1276
71
45
3
521
1194
921
52
894
1100
1304
69
43
1
519
1192
919
54
892
1098
1302
330
1
439
1289
1206
889
277
752
751
753
672
447
561
1403
885
884
1113
1727
1391
596
1193
1520
1197
465
466
1769
1609
111
431
1010
821
1282
298
347
324
317
119
177
1001
65
1352
882
435
646
1175
765
935
133
736
1224
1367
33
1368
161
496
86
424
1365
1170
560
780
367
552
502
388
389
275
169
1331
71
152
1362
1361
150
1545
1546
1550
1231
169
1232
25
360
50
288
1229
1034
424
644
231
416
366
252
253
139
305
1195
65
288
1226
1225
286
1409
1410
1414
164
955
484
916
485
722
387
797
459
482
287
323
103
516
331
381
495
494
608
1052
448
812
1035
479
478
1033
662
663
667
383
467
346
1093
307
1094
113
222
188
150
1091
896
286
506
93
278
228
114
115
1
443
1057
203
426
1088
1087
424
1271
1272
1276
1143
227
894
1145
192
1242
802
1025
1163
133
11
199
581
102
968
168
515
555
402
214
940
25
659
223
258
501
315
707
699
601
830
616
948
602
92
224
603
277
35
592
751
748
746
611
198
384
683
801
1296
1617
1171
1081
1077
1375
69
207
215
200
506
126
216
220
78
1338
728
598
802
599
608
273
683
345
596
622
621
209
629
217
267
381
380
401
494
938
562
698
921
593
592
919
776
777
781
653
447
1466
149
150
686
608
421
212
436
465
278
368
379
155
254
56
216
269
306
938
305
593
42
1787
838
1535
359
546
623
810
725
866
534
533
88
577
66
1
592
591
324
357
1435
1239
1306
333
954
1576
1244
1243
622
1402
158
554
664
767
704
296
373
360
272
230
222
532
127
876
669
27
772
348
175
808
930
220
45
44
186
305
479
43
42
41
39
1
999
299
83
1015
626
240
1397
1008
622
1377
695
1580
1540
465
1184
80
884
870
952
1027
504
623
3
36
1373
1402
138
526
364
316
664
626
429
477
1457
167
3
1126
444
383
208
218
437
1129
146
135
1433
426
153
157
1
791
790
21
63
85
65
1110
337
281
268
939
1036
269
675
1099
176
1180
881
499
1300
1607
1420
1193
1456
1182
515
516
237
629
907
549
325
680
541
543
37
212
988
456
369
167
669
1054
927
1089
181
479
311
262
1204
107
870
893
242
841
409
54
53
788
1290
1490
1218
934
1273
1147
641
642
48
1340
941
807
146
717
372
897
138
1138
37
10
27
358
252
1140
374
1
289
115
439
36
1
213
269
359
39
1214
184
242
1016
924
719
1226
1220
499
766
364
315
71
218
180
234
776
276
212
211
210
209
128
736
76
63
1111
1104
1508
962
719
499
599
696
388
1411
40
1115
148
231
8
815
406
625
457
1565
1243
1268
175
1611
1436
68
1173
198
325
163
690
48
50
474
123
199
236
1542
1619
319
14
411
420
1078
1077
286
137
1358
1258
517
1416
168
1408
1394
823
604
833
840
847
1571
768
930
667
1220
391
490
1249
1308
1107
1048
401
519
193
360
686
135
1615
1393
266
1127
649
577
194
263
499
427
344
113
546
618
1389
932
227
155
616
159
283
211
560
103
804
114
688
68
306
387
412
451
368
83
1561
1349
122
421
289
1519
1145
65
1314
1369
661
666
301
822
99
706
956
1730
1165
1259
1275
175
502
1310
533
622
1
369
391
288
250
326
2
147
268
253
1190
254
612
529
176
829
604
117
571
553
469
894
112
113
547
880
370
139
98
95
269
149
444
415
761
902
767
735
538
248
216
327
468
333
12
301
641
104
186
218
804
1097
141
291
338
642
669
203
1145
700
752
753
479
783
976
810
1
47
362
186
417
132
458
461
287
407
428
887
673
442
401
398
572
452
746
665
777
264
1067
1068
1023
962
961
107
112
756
223
5
12
809
254
7
868
784
512
663
111
650
832
414
97
82
798
350
37
407
122
557
258
390
840
466
614
635
18
13
378
143
580
27
277
1051
486
580
596
171
128
4
1226
243
852
228
1021
1076
368
373
8
529
194
413
663
1437
872
966
982
317
2
875
54
302
609
253
489
956
84
1
474
112
101
600
301
442
339
381
537
156
631
146
919
269
487
375
425
959
413
148
489
490
274
496
403
659
435
75
1494
1180
64
427
621
429
1414
251
1459
81
210
86
1482
41
42
66
878
270
49
1
561
1121
121
971
445
673
215
887
835
711
34
630
47
864
448
449
397
398
399
395
50
1
1245
77
1223
152
30
1538
868
1633
432
333
1251
1293
708
522
1558
658
882
19
724
849
172
177
268
167
57
428
481
435
1321
1320
866
994
51
771
1327
826
401
492
57
281
652
659
1545
1544
1090
173
995
1551
1050
500
409
844
620
249
196
242
644
643
189
728
94
650
149
243
334
101
123
494
547
501
1387
1386
932
15
837
1393
892
1628
444
718
1169
1462
951
233
41
492
785
689
1163
417
424
205
204
249
308
1308
88
212
1233
763
1056
646
816
252
617
1218
693
962
963
349
1085
1170
1309
852
607
328
1097
12
393
1236
532
350
327
1105
506
453
206
49
1115
1313
1716
1720
999
10
1056
1254
1657
1661
940
191
162
79
1388
581
668
5
39
1387
4
38
212
129
151
20
1560
317
644
1257
1614
9
861
319
203
216
32
1409
1132
1288
10
1251
1580
958
965
1481
281
914
80
55
470
201
200
90
1512
615
1703
1299
106
222
188
83
41
23
598
1451
1073
250
556
1243
898
1141
1119
1551
927
1275
679
13
15
33
268
45
325
434
255
663
830
729
301
378
40
1002
627
326
196
594
282
31
339
203
1207
448
194
89
1568
335
454
166
997
1660
1233
568
435
478
938
625
995
137
450
80
173
482
2
1370
126
468
570
620
1049
923
174
481
1
1369
127
467
569
619
1048
922
268
762
42
622
1306
1148
1509
7
1035
565
641
765
887
633
351
119
336
81
1231
203
4
228
464
116
1549
1160
938
1520
1277
240
108
1325
936
714
1296
1053
190
493
577
105
499
1101
233
83
156
1
36
457
276
2
37
458
507
277
227
680
1274
193
89
171
88
753
329
210
830
437
569
63
1269
352
9
283
658
657
170
104
837
836
255
449
120
2
122
438
229
259
611
143
773
197
221
260
6
677
353
303
189
52
971
76
368
1132
128
330
380
494
735
288
607
1051
449
811
1
5
740
66
67
646
294
69
690
175
8
612
582
667
576
369
151
13
5
20
286
1060
275
24
1543
934
1427
1
1300
1647
1301
791
475
1302
655
175
185
143
132
1450
364
1358
1400
129
55
390
214
166
688
557
218
356
364
349
655
275
365
71
6
159
1331
454
1437
1353
560
280
279
653
204
483
118
88
672
1282
1435
10
32
1239
203
1313
1174
1051
1290
1216
194
748
1093
1332
654
145
1462
1445
1393
105
106
423
1585
214
1373
9
515
516
513
522
521
5
1028
558
511
512
509
518
517
5
6
1232
762
1055
645
815
253
616
102
1
463
187
329
193
328
156
464
508
690
186
328
780
286
1276
827
304
321
1057
108
972
1154
1244
750
1740
1291
1513
1103
1273
205
1074
1521
356
272
182
590
549
404
586
137
294
898
428
721
311
481
587
282
436
209
435
630
627
625
263
14
1414
13
1220
885
1295
957
16
966
964
551
1376
10
8
1351
1514
1509
961
962
1390
1392
49
114
109
439
438
11
9
1352
1515
1510
962
963
1196
1198
145
308
303
245
244
861
863
480
643
638
90
91
238
1271
1273
70
233
228
320
319
933
935
408
571
566
18
19
8
6
1349
1512
1507
959
960
942
940
527
1352
944
942
529
1354
399
401
814
11
562
564
977
152
557
559
972
147
9
11
424
401
10
12
425
400
1099
48
568
237
736
23
577
588
494
429
128
279
489
226
774
363
212
2
265
1265
537
386
176
439
1439
1
335
840
841
1070
135
1358
463
19
1519
259
127
571
1204
147
729
5
48
130
9
197
375
44
859
847
524
1165
528
456
282
1213
208
209
32
460
838
839
3
377
763
330
794
175
612
1134
310
169
400
112
937
332
35
485
484
483
222
580
546
44
156
116
400
837
803
401
757
119
175
686
691
314
670
206
262
599
604
1339
1539
1267
983
1305
1505
1233
949
565
564
1604
1452
828
1176
459
180
1007
1108
259
486
765
62
163
686
479
622
532
569
474
130
595
524
278
23
24
25
279
26
676
219
663
908
616
564
1128
882
627
883
630
1280
385
59
4
5
6
260
7
657
682
545
794
540
793
880
879
423
45
532
94
1
135
1086
675
348
301
1284
493
670
538
840
637
474
330
361
638
526
682
696
689
519
859
833
375
1003
802
406
972
525
683
695
1253
1338
1482
18
296
44
297
45
374
373
494
496
35
771
955
219
125
369
1210
1209
1208
276
275
305
306
304
841
93
94
1
2
934
933
934
932
933
383
172
257
382
173
256
836
715
1023
127
48
49
50
51
52
505
1233
83
258
259
260
261
262
768
1768
944
542
1543
1527
996
970
30
794
1196
195
211
742
474
460
180
1180
649
285
5
1005
650
284
4
1004
1
3
1003
2
1002
1
1001
44
1030
1552
1421
96
618
487
138
71
371
580
382
721
865
864
127
563
24
794
231
330
58
650
431
260
851
135
31
561
733
724
690
980
641
416
5
284
1269
1135
1307
1706
255
676
209
413
417
71
312
365
450
1018
191
827
4
1
9
308
307
1407
2
1
2
655
67
1
247
791
1
278
5
221
894
59
1053
1324
145
1204
197
1275
256
283
975
976
848
1
243
319
128
34
116
90
561
281
1034
119
419
386
307
528
289
517
5
210
438
607
1
1
14
1033
393
278
1855
1162
823
828
240
323
692
98
722
62
660
177
254
295
1
2
1
104
464
526
524
525
230
375
402
171
352
936
390
464
109
414
998
452
462
111
412
996
450
463
110
413
997
451
118
552
8
168
702
156
405
1775
5
448
487
126
434
406
1060
456
60
479
54
67
705
885
396
895
552
943
489
1434
13
1482
50
627
315
865
1766
1296
477
1530
752
509
146
7
1131
390
1060
293
117
53
1015
494
282
39
914
136
1
2
42
36
16
339
909
39
318
6
1
675
619
431
509
492
1031
1014
504
2
1
1442
1024
1611
676
204
392
72
336
899
101
299
209
371
204
167
1046
338
630
430
864
438
956
278
156
78
241
857
852
175
587
1031
926
84
462
496
411
408
994
9
1010
991
6
1007
144
563
376
244
531
1740
420
1405
1630
339
1626
1417
1353
943
1113
45
575
165
335
733
1253
989
106
204
606
1160
1171
61
1013
555
302
615
1567
1109
252
626
1578
1120
263
30
1517
1
3
50
952
221
52
931
123
1131
1182
411
353
1322
330
119
102
91
966
18
409
500
3
452
104
339
430
164
1232
1260
154
935
142
325
246
465
236
229
222
1179
608
389
618
625
632
1439
194
516
233
89
6
49
828
871
345
185
1207
771
406
458
1
412
336
17
1
1211
1338
196
148
1048
1
827
928
748
849
696
23
81
1
772
596
373
1566
1568
1569
231
170
1105
314
49
125
542
466
616
417
1
1570
529
510
1198
374
58
513
194
