1
2
76
74
53
26
54
55
50
24
51
890
18
19
1215
978
793
1093
1099
4680
973
2152
2119
2236
988
1173
1199
1201
2184
754
4516
1139
167
120
8
1062
1231
1112
1196
54
1200
179
2568
4821
4780
2457
2428
1236
1100
2386
2382
259
782
632
2213
1561
1573
1572
1571
1577
1520
1492
2
1517
1947
1939
579
1
1100
178
174
172
1127
1098
1066
1062
1059
1085
2596
3345
2513
2879
2805
661
369
368
352
275
351
290
1639
1378
4
1077
557
371
2917
1805
1756
2318
129
1530
2396
875
1234
126
54
2795
3003
3155
2926
3244
2953
1392
2691
2394
27
230
487
778
64
5
860
906
860
3438
11
66
69
64
256
277
272
294
99
53
79
6
25
65
132
286
303
150
257
195
1182
1015
1096
230
72
116
93
114
45
7
777
1064
916
83
65
36
1
1
40
42
876
825
852
114
209
107
84
3715
2
1156
1
1052
87
140
249
340
303
257
211
194
84
4
8
11
5
4
9
72
97
1207
94
103
104
105
106
1209
1079
43
102
21
1078
3305
281
207
290
7
56
84
98
134
14
5
2
111
782
160
4
184
27
156
1251
752
1410
210
149
265
293
4
87
251
220
154
997
996
1
2
5
4
3
1113
1001
3
8
93
1006
167
815
858
5
4
83
165
1
314
319
318
316
26
115
760
75
28
2
3529
1128
4676
4894
1348
1042
15
3617
1
1364
171
64
42
179
64
250
100
437
35
1
211
112
87
898
1
188
138
50
49
152
159
42
160
185
190
1130
75
48
7
1121
3559
3558
3555
3556
2561
1219
117
2943
2942
2941
2945
1217
1215
208
3557
247
27
174
2791
2792
2247
131
80
99
98
96
7
18
84
108
74
167
152
16
332
1294
3589
50
257
171
2
8
130
181
2367
1
96
1
13
12
81
12
181
982
1047
20
1022
3
1
13
279
261
1
2044
4
246
242
212
1042
1
28
227
27
26
1068
1067
3344
1363
1120
2
189
1304
3567
8
17
1157
1037
1044
102
2
1
2566
4
1059
1064
84
82
306
56
48
253
52
95
1133
96
1369
189
2367
321
320
181
829
827
58
433
437
239
238
204
205
6
298
47
104
183
102
3586
881
280
151
2
722
752
700
699
702
4383
4382
1
66
1399
3284
1550
1387
3985
1058
3053
2979
2980
3662
591
660
598
3635
3508
686
1418
829
246
244
123
233
318
871
3
906
272
1292
1285
1218
1
3535
4608
74
4730
4020
1558
4276
4534
54
253
140
1096
3617
3610
156
2330
2271
2325
2328
2375
3812
2318
2351
4726
2786
537
3603
3807
1627
768
877
1366
1591
275
1
2
1
117
118
73
72
116
214
215
90
157
1
368
3838
1397
3390
747
625
212
3317
3320
3319
3606
3605
1970
15
406
1901
169
2479
49
85
48
57
58
22
16
14
2374
2507
2342
1879
1746
1911
1931
1929
385
1869
1753
447
192
1
1190
3810
184
137
95
836
900
1233
4750
4755
1019
2
16
15
1272
1017
98
1264
1262
434
1
9
2380
2674
294
295
951
146
1193
2
89
333
3917
1
201
244
245
921
122
3955
3956
44
38
43
3589
46
3805
93
169
68
61
64
100
98
305
2
2785
559
750
1053
910
932
301
1995
2263
321
574
288
285
2716
3374
1145
3404
3375
1349
3702
1207
4
7
179
172
1759
575
2043
827
1
1713
2319
42
25
26
73
2156
2158
2088
1364
1277
1326
2229
2220
1143
1127
999
930
59
3700
116
3636
990
1093
991
16
2
3485
962
912
1348
1344
974
45
6
7
185
186
206
68
1285
3750
21
2467
3548
3547
3546
3545
3613
1147
1352
18
2029
1854
1334
2304
3344
1080
2505
6
2376
3585
3697
3469
3457
3760
3584
4713
3636
15
3620
3573
2
324
697
33
797
105
1027
4680
2582
206
106
778
3108
3602
3757
3758
526
2674
2248
2472
2473
2505
855
35
3756
306
73
1356
3962
238
436
439
122
35
35
886
3760
37
68
3526
3523
3932
3723
3725
4646
76
2
921
923
4431
116
151
35
159
59
3532
299
1
87
268
259
26
25
325
233
82
231
205
698
662
628
630
631
729
99
4
226
1
405
416
202
203
3500
217
1399
1158
101
244
1
116
3585
27
176
179
1202
1057
855
1
1158
117
1
3
406
409
200
1113
1538
2038
1379
1811
1771
2311
1271
442
441
106
2789
436
954
1223
64
212
974
906
918
1006
954
953
68
2261
131
121
878
2152
1274
78
79
3
2230
2231
842
841
334
156
1205
1
1652
1724
1810
3582
1653
1725
1811
3583
1858
70
72
33
178
36
34
492
116
18
107
113
89
1430
1340
2062
197
166
25
65
1324
3748
4562
350
2738
1446
3745
55
1073
1
61
64
62
77
3
1966
1765
1969
2426
1478
490
485
1338
28
942
2
1250
30
2449
898
2953
743
822
3024
1284
977
1310
2335
2329
4231
4321
4320
2362
105
4323
4
1564
969
1930
22
2
105
108
106
645
1772
1768
1770
150
219
217
1402
1404
1425
112
116
2
1301
1395
1333
3592
40
67
272
3375
83
1052
3354
3353
3355
3440
4629
4642
4689
125
2771
3315
105
3347
90
2
5
108
102
53
192
974
2212
1440
41
749
756
753
743
742
764
763
721
594
29
1413
1412
1460
1436
1399
1467
1431
1407
1993
4510
264
4139
806
2917
1015
1
10
12
13
14
341
1339
1338
3433
1
1136
1230
377
397
128
260
261
267
745
782
696
1320
1265
3550
2856
2855
2957
3105
1677
2138
3962
1756
2089
559
2144
2387
2355
1
3653
3557
14
2277
20
782
798
731
2187
109
110
95
2205
2209
2297
7
2
1
2129
2130
168
156
2357
2130
1939
2214
1160
2155
2201
2172
1464
662
660
2018
2024
2021
4069
3356
2337
2158
2764
2705
1535
1306
1347
1060
2293
2386
681
568
565
782
734
784
14
10
21
113
112
3055
250
251
1
3169
3252
3251
2876
13
3169
3152
3203
3264
3186
3169
2275
4
5
2227
1567
852
2937
3098
53
546
1347
541
1326
3396
1389
1000
857
2939
2955
1234
2906
4
4005
537
886
822
2333
988
1006
1
470
3713
4736
4248
2481
4246
4244
4242
4915
4243
3627
3118
4245
550
1
2434
2391
1771
11
593
3734
2661
3671
3652
535
1117
920
1
23
968
939
526
3789
1502
2261
1518
3
4
1
1
84
175
184
1298
3588
142
1613
1
1906
1545
34
963
2
9
3631
3
2
403
1279
1399
1
2131
1
2253
2352
2224
4520
39
3390
3458
4428
3630
4736
4713
332
376
51
355
353
352
536
538
980
360
2899
2878
2877
2
3
2905
896
2437
2867
895
2966
896
897
898
621
819
785
2575
3924
1134
1410
32
53
29
30
31
407
408
3793
390
3743
937
3
3
2
1
1
2
4
242
388
270
194
1081
254
245
391
273
924
134
126
127
128
125
1136
1173
1174
2
928
927
926
1085
1141
939
940
1269
1268
1266
1267
1286
1288
1137
1068
1067
941
940
933
835
686
805
878
1367
1973
1517
1903
1824
56
995
993
992
991
999
1349
1635
1058
1583
432
1050
1522
1790
1536
8
871
1
1047
1028
673
860
674
673
672
550
929
1187
461
298
3864
1542
1557
2096
1
436
437
110
1
679
12
1347
1522
1758
1
3959
3472
836
517
640
726
1918
989
383
258
483
321
320
439
351
471
447
310
642
1619
151
1030
861
1248
1768
2
1789
1333
1958
1777
985
6
1286
7
187
188
1094
441
187
174
1846
2164
2134
2951
3216
52
2067
3338
35
3365
1349
268
1
259
898
468
2176
1247
741
4
181
973
53
2322
354
1636
3
1338
2068
1151
175
2673
616
2419
1063
2054
1482
61
872
374
748
750
199
435
57
2
177
160
35
13
3511
5
4500
4499
4606
3500
1
4505
4235
2245
2246
11
1094
1112
1093
3371
3527
3634
1289
825
7
6
1900
90
89
1894
2000
2137
47
2375
2235
1241
1136
872
870
3502
3506
3334
1
1083
188
3574
2444
4
1437
1504
2055
1609
677
1675
66
39
36
18
1
18
1037
37
1323
3758
1036
99
1195
1126
1029
1030
1037
1035
1042
67
56
1212
1223
1042
972
8
28
9
4
15
16
3
2548
3576
1002
82
74
75
1
15
2533
48
2399
2400
1
2394
2092
2206
1932
54
1934
1939
3425
1935
1483
4
40
2
39
2762
93
1242
222
1078
2154
89
1683
249
1675
1684
249
359
1335
8
3
3643
443
1214
1215
1213
244
258
261
262
1111
1213
1129
1144
1105
207
177
178
179
1
3
5
63
64
95
849
779
21
22
81
71
1562
3753
149
3935
3795
2
942
835
1046
67
1912
1097
68
66
6
616
549
568
4
334
2
67
53
17
16
34
108
874
877
2593
2682
3759
3764
3758
3830
3763
2664
1322
1321
3070
1323
1241
1242
1243
1098
1248
4747
3985
97
4191
26
4589
1136
1135
7
1752
2338
2200
204
2043
907
979
1062
1061
2104
2054
1040
991
2407
2475
3673
3445
1186
4487
15
4612
4378
1038
1253
970
909
287
1249
1247
4575
1020
972
2263
1038
156
4456
3609
3
2
1
43
11
19
18
9
18
16
4831
4740
3717
4303
2417
3848
3860
13
54
267
199
157
938
19
4326
4538
3621
4328
161
780
3388
1346
71
1158
926
2326
2329
3
7
6
4
1893
1891
1955
87
12
159
4
155
2400
64
3361
2042
3385
3387
1402
1399
1520
1442
2144
3573
884
71
142
142
129
143
144
145
102
2310
1220
907
81
1225
1005
73
72
3644
30
29
3610
3342
64
268
82
1062
1063
219
20
21
22
26
25
4
948
1003
922
1002
934
3483
3484
880
4758
2
233
17
2
844
4860
1
277
183
179
90
812
1041
1035
3009
1752
2649
3134
2632
2631
2630
2634
1
1429
2142
1515
1385
1428
2641
2642
2705
315
403
314
316
65
143
1715
644
170
171
32
48
48
47
343
106
1209
714
415
47
46
260
988
45
208
25
2366
2229
238
1986
1983
943
1209
1210
1377
163
2327
2328
4064
4063
4062
4061
4340
4327
2326
1344
1985
2542
2602
2181
2179
2202
599
246
649
682
685
503
504
597
4101
4103
4326
4188
4104
1
999
203
2
28
99
138
38
34
1101
482
1
1051
1054
4404
4524
4411
1993
3499
3466
3396
685
114
1052
1032
1228
1368
1146
1335
19
97
40
1846
113
2412
1733
745
2301
2478
2245
2423
124
120
151
152
122
158
148
66
146
17
28
3
1311
138
1100
1099
625
748
139
753
97
2482
97
148
142
141
1023
966
1751
1101
1872
2602
2603
88
4300
1
1636
594
4158
3550
4159
735
60
147
2301
81
962
588
27
12
12
8
107
5
6
34
28
2
96
1650
1949
115
2261
2372
2166
1735
1163
2122
6
1
31
95
33
52
54
147
187
186
1895
1162
1314
457
595
2035
2479
533
537
969
589
151
585
2
2
3
51
1918
1924
9
1905
4223
3368
4225
4196
4119
1995
2001
63
4380
4224
4196
989
2195
4100
2117
2223
2373
4050
4057
4846
4843
1344
2299
2231
2192
2219
1503
2294
2395
2241
255
3888
3846
4840
255
3591
3335
4585
875
1017
1010
1013
1014
988
983
53
104
3734
3725
3797
2
3814
3808
3812
4699
3432
9
2
4856
5
3838
4338
4333
4775
2
995
267
257
1156
1126
3326
261
3
169
1251
1250
782
2185
4198
2000
181
301
306
4412
3368
3367
3373
3380
62
1020
10
11
10
38
946
1197
252
250
78
79
76
1154
1190
1202
1239
6
66
252
138
704
154
634
628
631
1063
487
1368
96
2798
1237
1109
1058
994
998
1239
1031
2431
7
72
69
76
2
4
1028
3050
14
2365
61
372
3034
479
7
61
127
175
185
7
6
402
433
70
2131
2133
2296
2134
1786
1832
493
1322
68
46
3
19
116
2
1
1
7
391
1030
1053
397
99
2419
2022
2071
3395
2526
134
87
100
19
42
170
197
168
123
153
182
83
25
105
122
117
113
147
4171
175
2485
80
2476
1795
2856
4776
200
195
3353
1
4
4
908
909
877
924
918
6
33
132
152
48
101
3779
453
452
404
1973
4137
497
496
410
4746
478
4132
265
1491
1528
3739
3
4289
3813
3198
3943
44
32
33
1131
3123
1658
77
1657
3837
2178
2176
3758
1196
152
3806
476
3676
369
199
6
1519
2261
1953
2252
1988
1935
468
2012
459
4066
4154
751
3
759
205
685
751
1959
744
146
2024
2074
1031
427
443
19
1520
2517
1276
1270
1301
133
1406
194
93
3412
977
94
178
95
90
199
832
874
1266
3049
850
1849
1558
2095
1669
2343
2090
2083
2082
11
5
3962
456
3506
326
1
3
4312
4312
4308
1972
335
4641
4633
4573
4638
4759
4761
4758
4521
1522
1516
1630
3805
4572
4571
957
715
2294
786
2359
4374
1117
130
3219
1193
4049
110
3159
3745
3796
325
323
2300
85
1069
64
39
72
11
2
21
75
3
59
11
61
2
4
1
1214
1248
1228
1178
1082
1013
964
1180
993
995
1265
539
1446
2702
2614
2661
4334
4335
165
857
4242
4243
441
501
29
416
861
444
38
1592
517
1482
3761
3763
3384
3382
44
74
88
86
85
630
182
1
230
232
341
568
554
64
2346
2047
637
86
1676
18
85
78
80
81
111
112
142
141
75
516
512
515
604
3651
3691
3654
3657
3657
3650
408
378
3867
3868
377
360
2080
521
3865
3818
316
317
311
3612
327
3834
782
400
404
4255
1014
3815
1693
1396
1395
1461
1396
2605
1282
3764
903
50
841
2994
2945
568
1703
505
2986
3004
3005
1272
3970
4492
3364
985
986
975
1052
781
780
987
1053
2128
775
1047
2
269
492
491
518
42
2008
1623
1230
1320
1322
1310
2068
2066
2331
1199
194
987
78
280
4
468
569
515
1051
1403
1164
1
2614
1203
12
652
1160
738
756
11
198
4222
136
124
4085
2566
919
831
1
445
429
429
16
18
7
3671
2647
3656
2645
122
2548
2554
2543
2551
3653
36
38
39
45
112
3751
2574
3746
2575
889
849
722
721
3324
2820
2823
2822
854
3191
1114
2821
2723
1704
1
97
430
95
2450
3742
2455
76
74
75
2089
66
2325
1870
1840
1804
2053
2123
2055
121
41
551
2530
2224
2218
2
1
451
2673
2671
2340
1092
1
275
3119
4038
4037
4039
4183
4144
4007
4044
1822
1709
1778
713
625
678
736
529
825
585
4486
3
2495
72
24
34
35
4
5
6
3542
1710
3104
32
3877
2255
269
52
2917
4421
2956
1535
2602
1107
51
3
32
1935
617
1158
3574
1773
1928
2177
1686
1709
1680
1679
2
569
573
5
261
473
337
338
75
2002
563
26
2269
2270
90
48
6
5
4
42
2476
2433
2245
2261
2351
3826
4167
4154
4179
4685
394
2380
428
4724
2209
2344
90
945
946
720
353
79
152
20
101
90
3416
104
11
3616
3605
3603
3641
3652
3652
523
7
522
521
3357
2060
1744
2010
3
2
3771
3785
3782
3781
3730
73
3841
3832
3871
2859
3692
3702
370
369
3870
4238
3515
4
4054
308
159
150
580
16
413
3071
3229
3231
75
1964
3056
3086
168
167
3175
3067
587
588
584
582
580
3721
3837
3838
3664
3663
137
3672
3665
56
3676
3679
3683
2567
984
3163
3426
4646
753
18
3171
3042
1144
2095
1075
255
38
139
90
49
372
3872
1
4
3
2168
1450
3193
590
3624
3530
1587
1
17
135
11
12
2
1
3
1009
3240
3239
3239
3242
3280
3279
3345
3360
3288
3290
3264
3289
33
34
29
22
3290
4263
3229
4
3230
38
1231
32
34
1269
282
66
283
97
1797
1796
3336
3742
3671
1333
2
24
3268
1265
1500
1264
1335
2272
4147
891
3068
1541
425
24
2605
409
165
1347
1093
1818
1
1717
472
1715
1716
10
11
1726
1668
519
477
1667
2120
135
136
150
146
1912
1786
1911
445
455
451
448
250
323
286
1026
1056
836
899
1874
3310
3313
3621
2431
4
1369
1841
1846
1051
205
1403
1404
1405
1295
1324
1034
300
1719
1843
1882
1883
1886
3452
2159
308
513
4250
812
2856
477
2415
2919
2854
549
3590
3662
1271
312
317
2837
816
382
3452
4282
4136
3747
2959
2838
2841
38
1400
1763
1766
3245
99
97
136
3509
3593
159
292
193
117
163
3393
427
427
252
147
3541
262
252
3353
1166
151
69
266
3129
504
2623
3684
474
220
1
402
400
4
62
506
2628
1629
2
2
1107
732
1065
733
727
2
332
2
2924
2923
2906
929
2974
679
675
2253
105
77
85
3721
2517
3736
82
75
353
3655
3583
3582
2414
940
376
1871
81
8
202
47
244
240
3387
1192
3
3957
262
241
3697
3696
499
497
188
1
587
998
2045
1789
15
1
5
23
2237
2206
3018
4664
478
1848
1
3
2
71
3690
3684
383
382
393
520
519
525
521
1532
1533
187
188
3468
351
336
3608
2053
23
2
2051
4
2054
2075
1
1293
2472
2458
1486
21
2647
195
189
2377
2528
1340
1233
1218
4401
4400
4350
3220
3221
483
1846
78
50
48
4172
3705
1
3698
3778
1367
1368
1486
58
4066
2400
3111
2396
3741
1
7
3
3042
3902
681
2579
2608
2609
276
46
2489
1803
18
30
33
1809
1866
690
59
58
633
558
45
3507
264
271
168
171
130
176
104
7
548
3373
3374
3375
3377
3287
31
22
1403
2923
1714
3586
10
18
16
2429
1
2576
118
1962
2577
77
377
1924
5
6
3731
3624
995
685
723
3358
89
1
3366
3020
8
9
399
401
400
402
1
3658
3624
3625
3267
3256
3250
3180
3326
1241
26
28
361
1600
146
1092
11
53
3320
4444
1590
1
1
2
3320
3364
3284
1710
1755
3297
42
47
135
3165
3188
2
2048
216
1575
3268
3781
8
91
39
3120
3061
3062
3058
71
3762
3730
3665
222
47
1
1289
51
2103
53
177
3312
356
354
226
3799
3719
2496
993
1
3
2
10
7
5
11
1
4
1
1
115
2
4
2
64
3742
1
1158
1157
1158
3795
8
3648
416
7
3705
80
2
166
163
1154
1156
3286
313
2416
407
79
4224
4306
4252
4099
82
2592
835
766
760
904
153
850
795
796
635
693
690
3
1
1
4
428
1102
3048
2
319
387
3
74
95
334
338
1916
1919
1920
1925
1865
2373
776
1
804
2488
1240
1074
992
1219
3
1867
395
1071
80
3883
2
151
866
864
865
525
554
214
33
1646
148
1
7
1542
2317
3679
984
349
3797
3802
80
66
214
215
1
1
3518
2929
1
1202
3816
3941
2663
3
1
1511
274
2025
435
2067
32
912
2578
1356
2510
2518
2534
4241
3117
1222
3120
1079
1587
3878
3876
55
2
1689
2397
2681
3392
243
3325
110
246
156
1
3736
3738
3739
3578
3667
3794
512
12
9
14
2789
70
1089
3315
3316
1
161
3355
3547
827
3388
2227
127
1849
233
342
490
3163
8
7
6
9
5
2
19
25
28
26
7
2151
289
81
886
1591
143
2357
1908
2417
2286
1152
2751
1037
1553
2120
1953
118
1873
1996
2835
14
1
7
2
179
3395
3390
3272
1
1
84
28
1259
84
86
55
496
3636
26
7
3669
20
1573
54
188
1872
1960
1411
460
603
2481
2482
2480
2158
17
39
21
307
2302
29
110
111
4
1
2
1994
2474
386
2550
2
3077
1
34
245
649
648
290
8
2
2480
2479
1030
169
272
104
20
20
6
4
1
17
2494
8
4
7
4
1
1
47
1
3654
2394
93
4
2
10
3230
3231
88
94
1184
56
1
1830
161
76
1291
264
654
147
175
1
31
554
497
1
3
2
539
559
254
1
1
149
95
5
6
4
11
12
13
14
15
16
13
12
3244
3243
3248
3249
3246
7
258
3513
235
265
381
336
268
267
89
33
122
47
25
169
102
106
22
42
43
154
1407
216
6
9
145
11
47
125
3504
3240
3238
3237
86
3
2173
3212
3
4
3206
1
44
73
510
48
14
28
112
114
5
3
1
1
3597
3534
120
3602
2953
2954
3652
2065
1
3673
3649
1528
3
1
3215
59
23
3685
1941
1
2
1
62
2890
938
940
937
939
748
1567
1528
1424
2688
2691
2677
1
2
33
21
20
55
3076
110
29
3347
3396
3279
3402
3388
78
3432
3481
3470
3370
1562
4
12
8
82
333
16
32
2563
2874
3059
416
417
223
99
449
2524
1708
1389
672
1068
1070
728
1051
961
1165
1401
2672
2414
2419
2698
2695
1393
1721
1773
1834
204
1627
24
229
2112
228
17
16
8
1
1959
1960
3530
3531
1615
3312
127
56
11
13
4
3
3
3220
1783
1858
1727
1851
504
491
485
490
10
116
492
1
115
687
682
882
817
1452
684
2185
365
2052
2131
552
536
545
537
538
555
2137
536
2405
1315
2399
9
8
14
17
35
3
50
1
1
45
137
47
76
1861
11
56
50
7
1507
91
949
948
744
619
745
1091
38
108
105
1
339
132
450
96
5
1
2
3
1
556
342
1965
957
1038
1565
2
310
206
854
9
22
23
31
32
80
50
4118
4097
4074
53
34
37
4
550
547
84
83
758
752
741
969
905
515
520
922
2069
1789
1736
1
7
6
5
4
55
56
596
46
25
13
7
9
8
84
661
958
949
1519
1443
15
228
53
669
670
565
568
508
408
310
298
299
235
155
127
231
465
461
39
1817
1
293
290
289
355
1786
1300
285
283
2003
2002
1987
2019
1754
137
90
427
1783
1782
27
1292
301
2143
3073
491
792
3208
609
26
345
495
556
559
1082
1196
266
2201
2144
2130
413
2475
571
3081
3018
3022
3124
1
512
507
513
111
351
135
6
426
646
655
63
60
59
57
56
61
57
34
989
929
981
1060
469
1314
1287
190
985
913
1034
1303
812
657
782
820
1372
1412
1868
1867
1866
1870
1955
1845
1867
445
433
1414
518
1138
6
559
7
720
593
5
594
560
78
640
17
49
3280
3274
3165
3163
3203
143
1815
659
27
1393
914
95
209
1452
2305
151
1312
2303
1457
1361
2519
2528
24
105
104
2705
2713
2707
2313
1
559
935
85
1994
2
2
1
11
76
135
1132
1778
1775
84
646
542
727
600
1664
158
271
127
126
572
571
172
442
543
666
296
636
85
380
266
267
54
53
643
5
4
57
59
104
1370
1371
1366
1890
1373
1376
1244
2374
2740
1876
1240
671
2079
2314
48
2527
363
2528
367
1816
1527
1652
126
1253
2
344
1251
575
1606
372
768
1149
181
1620
1141
3325
67
1020
2202
1024
2205
1108
2073
2177
2178
2179
1828
1830
1837
1838
1264
779
1146
2547
3455
108
846
1984
839
1909
1380
1019
793
485
27
559
1118
303
978
54
41
1050
27
1
2
3
254
267
3392
2887
1
1507
166
1509
810
2
1105
318
817
822
787
99
5
97
1
174
27
28
181
29
143
64
63
182
147
43
15
14
11
33
27
72
140
246
96
158
1
103
128
81
90
2568
3112
3100
3102
3110
3081
2963
2948
3051
3053
1448
44
1449
1447
1445
3311
1438
1446
40
1429
1406
1439
2810
978
1251
61
1461
13
935
940
1435
1340
972
976
1285
2658
3202
3200
922
2875
544
532
534
1061
217
2
327
515
2
3108
150
3204
19
923
562
600
6
1514
1511
1557
40
461
22
487
151
1063
15
348
244
203
148
1340
467
495
32
463
364
968
976
1173
1255
3307
1295
1296
16
34
3831
3665
3639
3158
481
5
58
281
258
56
692
343
338
693
13
1
357
2633
2578
2809
2760
2762
1479
1478
220
148
664
1134
1135
1480
185
200
3347
3448
3451
3449
3397
3267
49
47
104
97
2
47
178
68
3297
2132
1055
264
1258
1330
265
254
1010
764
860
792
521
2674
977
870
969
1876
2080
2081
1938
2191
980
51
2
2323
1415
1190
1067
1189
3283
1409
1192
1191
1119
1066
3324
1120
1180
1179
131
21
110
1
45
960
2217
1
2312
499
2311
644
510
2133
189
2
23
38
22
40
3215
3216
56
3223
3222
198
178
3302
956
533
6
46
2016
2386
2025
1875
32
130
129
128
19
112
36
109
24
773
547
249
394
268
1148
1427
3
1423
59
34
28
38
14
11
1833
1962
3380
1062
1256
1230
562
3
1470
1469
1467
2774
648
1712
166
79
2324
2286
291
1211
274
275
1222
108
109
367
38
527
11
1145
1138
1
7
3508
1882
1983
1881
1982
100
357
720
102
214
459
460
427
415
363
94
18
11
63
1819
1791
83
157
80
1087
323
74
2026
2056
1712
16
2019
6
10
2
324
382
90
376
313
1135
1337
2276
1570
2054
1128
6
10
5
1
126
125
160
7
3411
629
312
328
136
254
3878
2036
2035
1028
1362
4
1
7
120
1364
5
1029
1371
1035
1
1244
1242
815
815
2264
1658
1465
1462
1719
490
3
1872
63
1094
340
461
2209
1450
802
1809
74
1591
1554
1587
10
134
124
37
4
33
668
661
2
1
21
20
44
21
385
23
377
378
407
398
1390
1390
1392
408
8
7
400
401
39
948
911
1468
911
1399
121
204
1036
520
37
141
346
345
3
1713
3
740
1305
339
5
83
203
3
2
33
32
357
398
1095
1410
1005
14
15
1555
55
59
302
309
95
70
140
247
248
3
386
1547
1556
1544
1160
1161
1117
1127
2007
2004
2005
3159
3180
937
1655
1837
1629
1809
239
240
1
121
73
67
325
252
898
2375
3
2
553
552
40
307
248
247
606
325
586
284
285
129
127
1
1721
1103
1722
1014
1252
559
1102
288
1523
352
1598
130
129
12
4
15
16
20
493
763
1256
1257
1439
2144
2145
2305
2238
2230
2297
2301
1
15
161
160
204
219
14
203
200
232
246
189
151
517
519
563
14
529
44
41
85
798
2327
716
33
490
1918
2732
2280
2222
1
1
1
745
936
2
1872
1390
5
423
1387
3
228
299
300
219
1
11
3
443
225
223
59
160
93
1667
1611
2205
67
8
63
4
1708
5
1621
175
1514
167
95
4
85
2
2
1809
760
902
901
1
148
328
329
111
217
149
111
150
423
114
105
404
245
236
235
402
524
523
770
525
883
1375
1376
831
1078
1079
1384
1315
1092
1105
10
2019
1288
2005
2004
1076
1036
1035
1003
1185
247
1
109
48
103
98
27
571
389
169
299
299
814
2020
1959
815
86
1
400
399
2086
1946
1965
48
358
315
5
2079
435
39
357
792
4
1
2
57
81
142
567
279
2159
1259
941
233
54
85
1013
311
786
787
175
36
142
4
1
2
149
150
1231
8
230
536
2
79
149
228
266
10
327
291
126
7
1
373
1772
1476
1475
855
12
10
8
2218
45
2276
1391
265
742
739
784
725
676
4
1356
2
1
778
8
1
1
87
882
89
934
1006
118
25
1
1
2
3
143
44
275
273
278
280
39
1538
1432
1433
1774
1537
958
959
657
1532
1282
1766
1760
1761
1769
524
565
3360
4
195
60
1292
229
236
448
447
484
474
473
472
217
224
227
225
223
260
244
49
137
52
53
101
99
100
8
365
366
369
148
68
539
565
89
166
356
88
1958
1716
494
368
585
1808
1341
2602
1024
2630
491
2892
535
335
351
308
347
203
1701
2507
2464
1314
2299
139
33
83
82
153
154
1163
386
387
142
1080
309
309
311
13
1238
528
693
692
285
570
572
569
511
20
21
1006
577
50
969
282
1168
1167
1183
1147
1271
1273
1187
842
4
212
213
159
1437
92
3
2
3
1372
35
1335
312
601
306
100
1837
252
280
398
1936
1937
450
1646
344
1186
147
707
2668
91
492
1378
1165
2698
1183
477
1
2
481
477
1402
1403
2026
1
2
611
2242
1413
938
1447
542
1628
1913
1915
1039
1040
5
555
156
405
4
179
180
182
579
1
388
99
398
399
142
1088
148
544
6
361
363
366
370
373
367
369
599
15
13
12
11
492
208
918
776
787
127
945
942
1840
1836
1102
628
601
662
1165
2071
2053
2140
1825
2902
222
1098
3119
3121
3122
3120
2339
671
264
9
284
1577
289
2723
2722
2702
54
1950
972
2520
1208
1001
335
4
115
1260
433
1266
519
1044
1017
213
2843
4
3208
1
89
113
282
519
2047
455
209
77
244
687
1437
11
47
291
390
391
243
1717
1508
1444
1431
1434
624
168
88
408
722
112
45
359
273
1175
756
1445
2704
90
380
754
1076
4
1064
1
26
27
24
44
47
48
196
251
194
432
229
228
1282
1280
1797
2602
2455
738
79
81
80
85
867
676
1168
2393
2067
5
156
1
544
533
531
88
2309
2335
1485
194
2667
1536
237
268
1771
2755
968
2815
1
2284
1860
499
1567
1434
462
427
174
471
518
256
254
497
934
498
366
59
25
498
462
62
60
127
172
95
93
98
96
94
68
69
12
1129
64
1131
182
1198
469
760
766
121
2367
13
87
505
386
652
621
221
106
201
620
81
105
720
385
508
2
1522
1104
5
10
2
3
4
1
2
4
8
2010
1502
1931
1930
2012
1509
1511
793
1067
2307
1171
4069
4138
1893
2619
216
2674
1
5
4
2
4143
223
222
603
21
601
306
304
906
1636
1631
380
505
503
504
80
499
1346
1495
1345
1466
1285
1
510
38
104
3023
1847
2072
3
33
50
1167
1052
1154
1555
1658
1550
1391
1364
2
314
30
1
49
482
434
1
1287
1
2
80
81
657
17
433
3049
1633
737
1426
55
96
167
2
828
1995
6
1
851
587
172
423
1120
1112
53
1121
480
491
13
1
5
36
808
1101
1110
1107
1
7
4
3
286
1
259
355
28
70
2
2268
2236
2099
2098
2143
2250
2249
760
761
2429
2431
2403
2297
2307
501
12
1
2
1
2
104
770
952
980
979
880
875
966
48
1974
1871
1869
1
4
8
5
7
3149
3164
942
4085
9
673
13
667
25
1
147
2
608
92
251
2315
2342
28
77
51
2813
83
515
1
124
1137
961
261
48
3
56
186
307
368
537
423
422
421
575
6
129
1642
1
2
138
125
129
2078
33
157
342
222
165
607
2806
1
349
2584
1839
1852
2
8
391
379
1799
550
372
737
1206
736
361
362
363
2153
2403
1763
1764
1766
1765
1828
1096
1154
1155
1158
1159
1174
1160
2053
2050
2049
2052
2048
77
434
465
69
399
446
841
369
51
867
2
946
732
110
1
3
2
35
27
22
28
64
826
5
1392
816
818
136
38
67
104
75
82
70
130
74
1222
1538
1537
2115
1323
1609
1716
1174
1042
1138
58
1561
1967
1668
1971
1966
3160
1261
1577
728
727
731
730
729
942
450
107
305
23
875
332
29
374
302
694
66
63
1
51
50
49
51
31
32
52
77
62
31
62
1129
2
1248
1178
2090
1067
1173
1242
69
51
120
895
357
1
1612
1
4
5
264
261
2023
892
79
180
3
4
759
758
441
19
20
239
384
346
324
488
487
486
2118
919
608
703
1002
263
135
27
403
404
404
75
395
374
72
1405
1407
1408
217
390
160
475
131
138
99
269
163
5
1
212
281
3
499
205
298
44
587
1301
39
4
2268
180
182
1585
1
2
47
473
118
42
77
6
510
376
46
467
1781
59
113
1
267
129
99
113
210
206
118
590
2
5
1
1142
190
188
186
185
696
957
1060
1061
1432
229
680
356
2560
114
1823
595
1269
2994
325
10
519
6
5
576
486
1342
1984
1152
1192
1070
253
403
370
1
2
17
89
321
322
275
294
418
293
284
188
1230
2102
853
492
613
611
784
1710
1157
120
257
377
500
378
260
315
139
287
2701
445
1891
443
677
1885
883
6
1994
7
3
2
5
1
523
592
172
221
106
1
142
128
343
348
24
670
657
340
12
312
229
1726
2063
11
60
2036
75
4
316
891
880
173
358
9
1
277
961
195
1911
1914
1918
4128
7
361
442
1
486
160
165
12
81
27
42
71
43
70
15
4
643
201
202
26
2008
303
73
80
502
572
575
1
294
45
95
61
12
160
159
56
260
181
480
2095
1995
1997
1855
2867
92
396
327
260
254
588
228
229
121
683
72
72
166
30
63
183
10
11
620
291
201
12
171
53
604
1736
1743
2206
2085
2587
61
96
251
18
54
496
497
178
177
176
185
183
341
340
262
342
182
531
123
273
207
129
127
2
16
721
720
747
1889
1956
1964
25
24
403
766
1966
1220
1216
7
107
338
339
600
26
68
732
262
529
758
1
162
418
314
421
194
251
252
1
44
46
1
830
220
42
138
14
141
139
142
139
263
219
2
401
1392
1130
1148
1078
1131
1146
18
15
28
2
5
3
1
11
1925
21
15
1928
17
1972
1376
1922
1377
13
1381
1379
1553
1840
1394
1392
23
31
135
134
4258
1716
1935
1566
1389
1390
8
1696
1676
1369
2
14
1955
1614
623
128
83
369
82
85
546
108
106
104
103
24
464
461
77
674
76
165
4
2
308
309
2863
307
607
2
1259
1260
322
538
305
324
1257
306
325
1398
307
326
1584
2998
75
144
143
1705
1707
541
538
751
1049
319
210
213
3
1
2
4
456
458
75
202
276
46
217
231
297
306
487
366
218
528
80
705
784
311
45
428
408
356
337
143
106
3
539
460
298
473
459
66
383
577
142
267
442
266
540
125
145
300
452
627
2003
155
1848
1
2
1846
1849
1847
1850
1682
1714
3
973
2
1
167
168
985
1560
667
3
1
1
1
893
892
831
870
44
1838
901
47
20
35
37
9
1038
1981
1980
1891
20
19
33
33
1383
1333
114
1764
1768
1748
1938
1067
2951
735
2956
1141
1131
37
4087
44
1137
1153
1112
22
9
27
45
37
36
67
1
3
75
30
56
1262
5
23
1212
1213
2
1
50
49
52
1888
1998
1508
1822
1962
1999
67
2004
68
2288
1734
758
757
1936
33
68
65
205
155
154
204
559
610
606
210
327
2282
2564
2331
13
49
4182
4185
1648
2535
2536
76
70
69
72
188
1604
260
2549
2559
4054
24
677
676
1013
4059
1
50
483
1725
1800
1227
4171
9
63
1873
1969
1
105
906
799
1078
1090
1005
601
840
224
496
188
4
1106
1042
1111
1038
1870
1467
1871
1114
938
5
6
108
63
4256
107
1452
733
96
840
257
967
955
1100
254
255
220
876
781
2017
2031
1174
1173
693
1101
4147
4160
92
65
44
1950
4010
1729
67
4203
4175
21
3
2122
2426
65
4049
50
3
49
4027
4150
34
70
4047
9
4159
4086
4085
44
1
2
3
29
15
5
35
26
14
16
4074
4087
1
81
36
2
42
55
54
41
2
2
27
6
4
65
1
2
1
1
22
21
5
6
15
