693
1235
895
395
899
900
898
1133
1134
681
307
668
1310
438
1173
50
265
961
392
869
393
106
1373
1347
826
377
1119
376
420
146
402
15
4
977
978
980
979
1959
12
2004
2005
2002
305
246
11
650
245
214
19
1089
1994
1654
455
313
339
457
1758
1988
1699
1946
1945
569
646
939
341
1834
146
145
411
247
771
1277
2113
471
2132
206
2133
1597
1825
1595
2141
2128
1920
102
101
1916
1542
1914
76
1422
1673
56
1688
1543
83
62
268
495
272
22
340
129
1796
1449
1662
1191
916
520
17
1290
4
5
3
795
2
2019
350
14
306
1834
2008
305
19
20
11
2
210
2028
2029
99
588
578
227
228
44
1773
395
1503
33
298
2194
1861
2281
1029
450
595
2155
2051
1210
1858
1955
440
1109
212
444
1617
1693
1830
865
1366
334
338
339
129
34
1633
403
796
192
2156
69
503
2064
1008
2089
2066
370
1787
2090
287
636
269
799
193
583
294
89
459
111
128
1947
1591
1653
672
88
769
883
894
896
1381
1075
1120
1122
1123
1130
1134
1131
1149
1156
1169
1562
1564
558
1294
1295
1293
495
940
1304
984
544
718
757
985
1309
1310
354
738
739
949
702
712
1063
1062
1334
530
559
483
895
614
182
1285
1306
935
1283
1282
1323
992
933
1328
904
571
566
991
261
845
844
840
695
865
761
80
568
665
850
181
1078
846
717
969
956
952
1161
1256
343
887
494
3
1098
866
1359
787
932
776
920
497
1097
748
707
1003
996
1201
831
140
980
963
822
301
728
363
618
1202
521
16
18
407
396
394
360
91
215
170
168
167
160
156
159
158
157
154
155
152
153
144
145
143
142
141
134
121
53
272
274
998
408
379
736
1
1
799
2023
2163
595
1996
354
10
310
1838
2012
309
15
16
6
2032
2033
2243
96
94
802
97
95
592
221
202
1183
1184
1186
582
231
232
2210
40
2
1777
399
1908
1112
9
12
359
11
12
29
302
361
34
2198
1865
1860
1215
2285
1033
454
599
2159
2055
1214
1862
1959
444
1113
216
448
577
338
342
133
38
1637
407
800
1291
196
2160
65
507
2226
2070
374
1791
197
546
587
2297
298
93
463
1154
2274
1369
2010
2011
547
1595
60
61
617
2022
1657
676
92
773
1278
887
898
900
934
1385
1079
1121
1124
1126
1127
1134
1138
1135
1136
1137
1140
1139
1142
1141
1150
1149
1151
1152
1153
1160
1173
1588
1591
737
2
800
355
9
311
1839
2013
310
14
15
2033
2034
2244
94
63
219
593
583
232
233
39
1778
400
1909
1113
10
11
360
12
13
28
303
2199
1866
1861
2286
1034
455
600
2160
2056
1215
1863
1960
245
2309
25
356
445
1114
217
449
75
2240
578
339
343
134
39
246
1638
408
801
1291
1292
1294
95
2072
1841
1842
750
197
2161
64
508
2071
375
1792
198
547
71
444
446
363
65
588
2298
299
689
686
674
94
464
1155
2275
1370
2011
2012
1596
2023
1658
677
93
774
1279
586
2268
1552
2178
622
623
1544
846
888
899
901
935
943
1386
1080
1086
1125
1127
1128
1135
1139
1136
1137
1138
1141
1140
1143
1142
1151
1150
1152
1153
1154
1161
1174
1419
206
735
346
798
57
353
11
309
1837
2011
536
308
538
16
17
213
2202
1154
2031
2032
65
217
591
1185
193
581
230
231
2208
623
41
216
460
2077
2071
398
1907
1111
1215
846
1294
8
237
30
633
301
2197
1859
2284
1032
453
598
2158
2054
1213
1861
2155
1958
243
2307
27
354
347
443
1112
215
447
576
337
341
132
37
518
2310
1838
1839
1840
748
21
195
2159
66
506
2225
2069
373
1790
196
545
543
586
2211
2044
1709
441
1711
1712
2296
297
2060
1963
687
672
92
462
1153
2273
1368
2009
2010
2110
2091
2090
2088
2089
2151
2150
1947
700
1594
2021
382
1680
1750
1656
675
2114
2115
1468
91
1954
772
715
1276
1277
120
1715
2265
1719
620
886
897
899
933
1384
1078
1084
1123
1125
1126
1133
1137
1134
1135
1136
1139
1138
1141
1140
1149
1148
1150
1151
1152
1159
1172
1591
561
228
26
589
576
368
588
388
44
1471
580
282
1628
42
1538
324
71
622
365
274
621
590
510
1598
182
1498
1326
187
713
594
223
571
570
280
1383
5
63
302
385
284
211
489
119
1174
1175
1368
191
1060
584
395
970
605
272
274
18
89
317
87
633
620
412
632
529
1406
1407
408
557
558
560
432
1656
487
1427
624
1397
1541
623
670
669
579
1124
1584
1585
1582
1494
115
666
409
230
665
634
226
1454
1282
231
357
439
221
669
638
267
615
614
1237
278
1339
49
493
349
588
107
1670
346
429
119
1185
37
328
571
167
533
163
1130
1131
1354
359
358
357
1279
1324
153
147
1610
1016
675
540
267
926
981
1382
221
1961
219
6
1607
1610
1740
165
90
370
1938
1947
1934
1726
1860
2023
1389
362
1449
891
545
539
538
537
536
540
463
461
1742
1967
354
351
423
225
757
223
373
1368
157
1616
44
1391
615
2240
4
2173
62
137
2263
2261
1365
2264
2231
1949
1575
43
1481
2249
2212
257
1952
1807
1842
1739
304
879
878
2113
1616
866
1289
1116
968
966
36
126
125
2098
2108
458
456
957
75
1665
52
2047
138
137
122
25
1710
183
63
320
1342
2025
2095
2158
1913
1757
171
1828
1966
819
177
1358
2188
157
107
391
1663
116
205
1312
167
1779
156
880
2036
522
1984
716
1195
1127
1054
940
909
906
904
796
797
786
787
784
426
778
779
777
775
703
702
701
705
2023
2033
383
381
882
1683
1590
23
1972
1886
74
213
212
1788
1811
47
50
1635
258
138
245
1267
1950
2020
2083
1838
1682
246
1753
1891
744
252
1283
2113
232
182
316
1588
41
280
1237
242
1704
81
805
1961
447
1909
641
1120
1052
979
865
834
831
829
721
722
711
712
709
351
703
704
702
700
628
627
626
630
2230
2393
2416
732
1819
1261
915
909
908
907
906
910
833
831
550
426
205
19
1717
352
606
537
227
56
1926
9
4
212
5
1645
1647
1648
142
2102
240
295
800
66
216
217
590
218
219
200
1181
1182
1184
2307
237
46
45
45
1748
2208
2121
734
1981
64
65
63
66
1960
811
710
459
1661
589
2049
400
398
7
541
345
144
146
287
1858
659
40
222
78
1619
838
2237
696
140
336
95
746
85
2068
372
2092
289
271
543
585
53
683
1156
147
2272
920
1249
65
1697
2255
545
58
59
615
771
2173
880
883
882
893
941
965
992
1061
1151
1204
1203
1206
1207
1210
1209
1215
1216
1232
1255
1601
2055
214
28
1726
361
546
236
1969
820
743
49
354
2077
1670
65
13
221
74
599
72
550
62
1706
75
227
149
615
2217
1867
552
668
526
1302
4
1
1654
1656
1657
151
2111
249
304
809
57
225
226
2316
246
631
2130
1990
73
1118
719
468
598
2058
409
407
854
2
153
155
296
1628
705
345
45
86
755
2177
76
381
2101
298
280
594
305
692
1165
156
2281
929
1258
56
2264
780
923
889
892
891
902
950
974
1001
1070
1160
1213
1212
1215
1216
1219
1218
1224
1225
1241
1264
201
15
1713
348
533
223
1956
807
730
36
341
2064
1657
2017
52
208
61
586
582
638
59
537
49
1693
62
214
136
602
2204
1177
1178
1180
1854
539
655
9
12
1641
1643
1644
138
2098
236
291
796
70
212
213
2303
233
50
49
41
1744
618
2117
1977
60
706
455
585
2045
396
394
841
11
18
353
5
6
140
142
283
1615
692
332
99
742
24
89
500
368
2088
285
267
581
30
2115
2127
2189
679
1152
143
2268
916
2240
1245
2251
1761
767
876
879
878
889
937
961
988
1057
1059
1058
1147
1200
1199
1202
1203
1206
1205
1211
1212
1228
1251
7
193
1505
140
81
325
15
1748
599
522
172
133
1856
1449
1809
156
147
149
329
159
1485
146
6
72
394
1996
138
1646
331
305
1081
217
1433
1435
1436
70
1890
28
83
588
278
4
5
2095
25
258
257
167
1536
1909
550
521
1769
148
498
247
377
1837
188
186
219
68
66
75
238
1407
626
484
124
307
534
184
297
292
160
1880
77
59
144
229
231
148
280
373
84
471
944
65
2060
708
1037
277
2043
760
559
706
668
671
670
681
729
753
752
780
849
871
880
885
939
992
991
994
995
998
997
1003
1004
1020
1035
1043
1378
384
2096
264
1980
474
299
380
752
759
9
28
1983
288
433
397
398
27
700
338
22
388
501
487
662
1889
2317
1292
1293
1294
732
1217
1811
1852
1854
2166
514
2259
2257
1361
2260
2227
1945
235
1969
47
2171
40
1552
1593
378
1880
1314
2153
1620
1529
2016
2017
1860
303
1586
354
1416
1617
1618
508
352
174
1844
110
78
83
1388
1311
101
1774
727
1213
1125
1114
557
555
554
551
402
129
1489
1551
1685
1799
1793
1800
1797
57
1789
1791
1790
1681
791
788
109
62
196
310
304
311
308
1432
300
302
301
698
701
1598
236
426
45
251
684
686
269
241
1853
1485
392
391
971
972
114
108
106
105
74
13
1897
493
492
89
9
982
138
901
270
271
294
172
206
1967
1968
70
633
1655
403
1413
1414
1416
1415
254
1857
488
1770
50
205
421
334
1534
15
67
1752
609
46
45
44
237
1809
1420
1607
1804
14
19
175
1620
155
50
1771
538
56
31
4
124
876
608
508
460
290
869
603
128
1161
1585
1487
1488
1489
1490
382
744
1117
1118
1119
1121
649
713
897
1065
1794
159
137
798
800
127
95
61
181
1866
1967
1599
91
272
1648
506
505
1085
1086
6
602
1015
9
2011
101
203
1796
156
2081
2082
44
747
1769
289
1527
1528
1530
1529
1971
1900
1884
164
319
535
448
723
68
69
70
351
1923
64
1885
10
990
722
622
574
2108
404
496
858
1231
1232
1233
763
827
1011
1179
1908
794
133
1975
2
3
1894
345
51
58
1005
1902
1637
160
1982
242
1600
3
1743
11
134
40
1803
41
338
1710
12
1634
331
38
275
1770
158
1537
1935
265
2074
1615
1364
613
301
405
497
1012
1176
1909
1291
1634
157
1979
239
1597
1740
8
131
37
1800
38
335
1707
15
328
35
278
1767
155
1932
262
2071
1612
1361
610
298
402
494
1009
1173
1906
1288
106
1583
239
1501
143
1732
1609
1703
60
1702
1405
33
1755
109
1412
1705
2018
27
1585
192
1478
331
128
379
1130
1442
1338
1246
1033
731
567
166
452
1626
149
1971
231
1589
123
29
1792
30
327
1699
23
320
27
286
1759
1924
254
2063
1604
1353
290
394
486
753
1001
1162
1165
1898
1280
790
140
135
1973
1007
204
598
28
12
129
1896
23
541
2050
186
1752
1
2003
2004
2001
1958
1792
1795
1796
418
1512
63
1897
35
90
2102
24
699
1356
599
1578
61
59
82
826
411
827
170
639
73
2039
1044
208
209
271
179
1986
62
1227
2064
753
754
756
755
871
879
1003
1022
1900
1286
166
67
150
146
789
791
117
136
1958
1590
497
496
1076
1077
17
2001
1491
102
2031
1832
400
2002
2003
2000
443
3
171
1788
1961
214
1995
1954
31
22
205
698
598
351
597
18
328
194
96
13
1658
243
1006
410
165
189
1413
1219
589
160
130
2072
2073
35
738
1760
298
1518
1519
1521
1520
359
1666
20
1962
1891
593
1887
1875
155
310
526
439
1639
537
172
1857
188
145
477
946
714
1772
59
60
61
344
342
1914
86
70
1014
122
260
55
1971
1876
643
161
74
109
669
19
570
981
713
613
565
1418
395
922
708
23
1266
1690
1592
1593
1594
1595
1596
398
399
487
781
849
1223
1224
1226
1967
412
754
818
1002
1095
1170
1185
1250
1899
1303
1305
1484
2053
590
255
254
164
1539
637
9
300
1999
201
248
996
1021
1941
792
715
21
1642
37
46
44
522
1678
47
199
121
587
2189
1839
524
1698
333
518
208
781
218
279
743
714
45
691
440
570
2030
381
379
268
1600
347
317
114
727
353
2073
270
252
566
2112
664
1137
128
901
1230
84
2236
122
752
1172
2156
861
864
863
874
882
922
1042
1132
1185
1184
1186
1187
1188
1191
1190
1196
1197
1213
1396
1572
2036
182
1746
145
355
402
401
311
1392
1853
1850
178
44
937
272
641
314
286
1822
161
122
435
1741
443
1559
1351
1738
7
1315
387
60
1622
91
90
89
102
235
107
1906
822
245
565
568
567
570
569
571
572
1387
1022
1096
1233
18
457
236
2130
91
298
953
478
430
699
1116
81
568
1050
296
215
935
1056
955
927
1181
480
729
1100
198
701
449
743
910
736
450
876
573
960
1098
1091
983
1207
19
21
20
1251
101
2
97
1243
475
1922
998
254
282
466
87
88
167
141
114
2138
293
2151
12
1
2108
37
461
487
74
1705
123
243
356
211
84
287
61
60
289
106
102
64
704
1143
1142
1722
1862
129
296
1656
2027
729
2215
2007
435
2226
2201
2169
478
652
184
17
2232
191
477
51
354
33
171
164
56
2134
292
110
105
36
37
38
674
783
723
1477
781
745
744
1615
1616
87
955
957
959
1862
368
1461
1462
882
881
1618
438
1698
1413
1494
1093
1094
514
513
1250
70
14
1330
1045
401
1454
1
579
580
157
1023
1107
1108
237
48
404
400
1455
661
580
581
156
1024
1235
1108
1109
236
49
875
1241
1
736
444
528
529
816
531
981
874
1242
737
443
527
528
817
532
1439
1626
1823
5
156
1639
1280
1595
1782
1979
161
1795
663
1436
20
82
1685
129
187
63
51
410
1263
1177
1179
1665
1767
1814
1498
1748
1634
1275
422
506
187
1649
181
1974
2017
1624
6
1793
1836
1443
1307
417
1309
1741
1884
1152
424
394
501
928
1379
251
545
538
396
196
1220
989
453
1071
181
615
966
946
563
745
622
951
514
647
1018
986
1012
958
298
324
669
2221
1705
1900
41
1901
1671
2216
561
1422
106
1913
2306
2305
2274
1992
1990
99
1979
1970
1997
1969
2080
1910
2254
2253
2163
393
1474
1703
1927
30
1899
10
1549
915
1993
2249
1586
87
2186
2185
1498
1749
159
138
1808
130
302
1442
1449
1363
2201
1973
1667
1576
1921
2263
12
345
1756
416
276
1176
98
1566
1512
1842
53
1872
481
1643
2076
2104
335
336
2303
122
293
1650
501
1859
85
1362
361
1440
1793
356
1622
1548
89
15
62
36
959
1096
1205
2258
1684
1738
2094
1464
553
853
2118
495
1437
1206
2089
79
957
266
33
1287
1284
1285
1282
1281
1269
1233
1123
1059
992
962
800
793
787
324
323
316
317
1884
180
1826
1642
2195
2196
2275
1967
2177
31
28
1815
43
2096
2107
2145
1647
1621
2182
403
2231
1865
1752
1897
2192
1821
2169
2168
1819
2214
2210
2172
1404
965
386
246
2237
1812
2273
107
1673
93
61
1630
1456
1924
2091
1917
1631
2057
1754
2141
2279
2272
2164
26
1816
2218
2213
2072
2071
2070
1434
1325
1385
631
1327
1363
1364
2021
1525
1879
1878
1788
85
301
18
127
1022
1429
1249
237
1792
1619
1387
1479
45
1148
21
1073
68
704
795
859
562
88
504
222
1469
253
855
452
81
429
428
139
196
1868
91
1613
79
307
142
1510
754
936
1339
1795
1503
1773
1599
1078
1180
747
608
612
611
759
761
880
951
952
969
1037
1039
47
1763
1649
1955
532
814
437
258
365
141
2
531
479
1727
1033
1032
1035
1034
1758
116
257
267
299
71
526
497
1539
609
229
73
1784
178
177
379
309
17
36
945
946
948
281
1057
64
700
701
702
551
268
230
110
52
188
342
200
193
602
2002
1407
1189
559
1552
449
1974
1806
204
60
435
179
1419
128
1100
864
866
254
770
897
1327
1350
1353
1302
801
1685
203
1757
105
50
443
441
455
444
411
129
128
344
1864
1861
1636
421
869
283
289
1581
201
199
58
152
44
105
1
314
1964
400
1865
95
311
1774
1848
1617
341
326
1925
1022
1663
1664
67
410
362
278
1204
176
1214
668
628
1167
1168
1169
1374
1441
850
852
1245
1260
2000
307
12
239
228
297
45
1959
1039
1936
411
308
278
217
605
2208
2205
1560
533
357
321
322
49
624
54
312
301
143
286
2156
2305
1357
40
233
80
2076
281
62
360
515
731
644
63
1524
1670
742
587
1754
1977
264
265
266
91
549
668
410
74
2119
75
774
465
1947
874
1828
1354
1336
1037
1437
1547
20
952
1016
1228
1231
1236
1235
1584
900
758
1
440
1418
732
721
867
1298
575
529
526
1115
1312
506
249
248
991
992
794
649
1768
390
254
6
248
239
220
31
130
1988
250
251
162
151
1610
180
2017
725
726
728
222
1430
929
75
1885
2024
2023
23
78
314
283
1
146
2004
146
135
195
161
373
556
633
926
687
1764
221
892
181
1861
1689
2096
355
549
997
411
73
71
70
84
996
1140
129
1746
358
1623
528
302
1993
223
7
469
574
126
244
1537
1538
2055
2053
1150
1791
1792
325
150
1543
240
1756
48
1502
1569
978
980
1011
1030
1154
1193
1388
1541
1665
1790
1789
282
299
29
1887
263
252
742
750
2198
2147
540
1297
1544
1738
120
2030
2019
1873
1495
2196
2165
65
325
135
1993
157
146
340
378
1333
576
329
668
736
1193
734
1284
1285
812
530
1561
346
348
1332
1160
1567
174
753
149
504
400
304
365
50
1217
171
706
690
1019
156
205
693
1446
1417
1340
457
108
475
55
60
45
655
285
1008
1009
174
703
1498
503
1067
953
620
173
502
73
25
639
316
254
1632
2044
2247
1889
814
2076
702
1025
834
1649
210
1557
50
1722
1598
1993
93
926
1510
1509
1360
96
25
1492
1648
7
260
1739
206
1308
1341
1515
846
803
1926
1882
1709
1844
1827
8
525
1077
537
208
1901
1930
1603
2196
1969
2306
1991
1980
1911
2253
249
1169
272
1797
1900
3
1692
648
88
1851
1887
1886
2257
1584
2262
1896
1907
2065
1922
52
97
851
2168
1975
2288
132
1927
2270
1848
1693
1477
1564
2271
684
538
1466
454
231
1944
1943
1942
2299
1659
1540
1798
2282
89
2283
1434
1743
261
1334
380
854
872
1171
771
661
2188
1256
1192
973
624
205
1898
1927
1600
2193
1966
1988
1977
1908
2250
246
1166
269
1794
1897
1689
645
85
1470
1848
1884
1883
2254
1581
2259
1893
1904
2062
1919
49
100
848
2165
1972
2285
129
1924
2267
1845
1690
1474
1561
2268
681
535
1463
1618
451
228
1941
1940
1939
2296
1656
1537
1795
2279
86
2280
1431
1740
258
1331
377
851
869
1168
768
658
2185
1253
1189
969
970
621
1762
2171
38
1010
1017
2261
2259
1363
2262
1573
144
5
980
2209
2208
2118
415
1541
388
498
1763
150
1591
380
870
2170
1622
1531
120
1132
1566
9
143
1810
1817
544
468
331
1296
795
1467
1646
1598
1969
1937
2117
2124
47
120
1723
2110
714
81
914
73
74
76
75
1358
2112
776
837
627
282
28
137
2267
199
88
258
360
1253
47
501
656
477
64
1832
256
13
880
2204
1209
1773
1659
1326
879
1208
779
731
1344
155
1859
1154
378
426
35
1733
157
2118
1758
679
326
1837
286
174
2032
451
452
107
118
210
35
116
488
495
273
236
1719
24
169
133
134
436
74
124
237
1538
94
1904
1790
2096
1330
108
1740
673
955
578
117
506
139
1239
1240
907
929
928
1868
1174
1173
1176
1175
1054
1978
1752
1692
1646
2136
2125
510
2103
76
1363
2075
335
549
547
746
1129
973
1107
1809
1156
235
1055
1365
1325
1766
1155
455
123
37
156
1112
1111
1644
1048
1584
1567
252
253
819
816
817
814
815
812
190
1894
248
434
432
170
2203
485
296
521
1679
832
833
834
683
136
98
348
461
529
740
28
871
413
1768
1993
484
1145
178
671
2198
1844
715
83
1131
1130
1133
1132
1267
2249
227
2021
1648
2047
2194
2015
2315
1399
1262
1588
2022
1662
2105
1566
2146
1776
33
189
210
1683
1682
64
63
2135
57
1184
229
1393
95
627
1209
1415
68
70
71
299
69
388
298
955
49
718
640
462
413
1677
427
1447
416
392
11
701
411
1250
65
1664
1402
1403
670
614
219
170
510
125
1131
1196
431
1
358
369
695
845
985
341
340
1518
431
249
414
1215
1404
1283
184
1277
195
517
783
771
1669
268
1754
1967
2360
2358
1462
2361
2178
1630
455
609
33
1874
454
334
382
78
79
2301
2005
9
1981
23
325
2266
1049
1983
2067
1936
584
275
2180
1861
1
91
1794
9
20
325
2056
2164
614
2124
1829
190
192
1838
236
1773
240
400
98
2316
2290
821
1857
7
1269
2141
999
997
1001
1070
1193
1302
1327
1424
1434
1435
1437
1440
583
274
2179
1860
90
1793
10
21
324
2055
2163
613
2123
1828
189
191
1837
235
1772
239
399
97
2315
2289
820
1856
6
1268
2140
998
996
1000
1069
1192
1301
1326
1423
1433
1434
1436
1439
493
184
253
2089
1770
1703
100
111
234
1965
2073
523
2033
1738
99
101
1747
145
1682
149
2052
309
540
7
2225
2199
730
1766
84
1178
2050
908
906
910
979
1102
1211
1236
1333
1343
1344
1346
1349
1210
1519
386
67
1803
1814
1469
262
370
1180
330
35
1604
1602
44
1558
21
1554
1394
1163
1696
522
496
973
63
1493
1787
525
347
795
797
793
724
601
492
467
372
369
370
360
359
357
354
787
788
1368
1354
536
838
611
974
129
50
384
213
1792
223
1983
1884
77
315
284
91
162
757
1942
391
1763
350
180
1565
414
74
1645
2065
234
1936
1714
424
1745
1207
577
118
313
1634
144
258
253
112
111
110
635
575
1136
1566
474
1041
1042
1308
897
678
721
736
1012
1609
551
294
345
550
317
519
314
466
1652
174
145
1149
1556
1376
110
1919
1917
1122
1606
172
1275
2025
1694
1693
148
1200
195
831
922
689
503
1323
1004
407
227
1259
770
768
27
457
977
126
1001
51
954
318
227
623
460
384
199
427
197
742
1296
1297
800
518
144
515
534
447
448
450
1287
1548
1387
678
1192
28
1
846
200
166
111
102
284
137
292
377
594
698
1538
633
1274
1275
604
1215
189
676
675
119
834
890
251
248
258
1282
1270
1669
1100
951
1202
415
265
1217
1072
388
409
1231
823
66
1028
623
1756
1451
123
84
722
720
445
355
294
479
251
481
64
1588
1589
1974
1975
86
2046
184
122
160
534
163
144
1125
1126
1128
1127
2251
26
15
2226
2065
1870
553
1925
344
1727
925
225
63
485
290
603
640
1232
1235
123
9
2154
384
3
615
2215
2183
1311
1952
1953
1393
2188
1193
1890
916
489
563
564
1485
787
1325
936
979
987
1102
1948
1420
82
83
519
17
6
4
10
1930
38
499
3
1
2
1
211
1967
1160
1351
80
81
521
19
8
2
8
1932
36
501
1
1
3
404
470
213
1969
807
86
1162
1353
1501
1503
529
549
1489
1490
246
639
637
259
640
638
607
325
49
1766
330
81
141
143
1537
1365
534
548
1480
488
118
1651
356
56
1613
195
99
570
1078
1154
1291
326
827
155
1422
34
1737
1738
300
403
1425
633
1183
1184
169
252
97
270
260
145
130
250
450
80
1213
1214
379
908
1703
708
1549
1548
1546
1547
1581
70
1272
1158
825
378
707
278
230
340
342
344
844
1151
1152
83
84
518
1955
16
5
5
11
1929
39
498
4
2
401
467
210
1842
147
292
1966
804
83
1159
1350
1498
1500
148
1890
1891
450
144
132
154
217
131
130
1073
1880
82
81
475
405
79
60
1041
1042
1044
207
83
473
474
1130
1866
172
173
1956
1954
1058
1957
1268
1013
338
210
1315
425
195
403
1057
1314
5
1388
406
736
724
710
707
649
643
641
639
257
642
25
353
258
1
1525
128
1346
67
891
386
440
591
605
608
666
672
196
1936
1237
388
19
684
232
514
907
1236
807
1189
1819
106
1317
208
914
8
1714
2027
76
277
1628
1193
1241
30
1683
1682
1681
354
280
149
1205
1962
1591
1939
1938
1763
765
4
781
1058
849
851
829
657
1120
805
1256
652
903
807
138
553
714
614
674
623
848
960
611
978
448
563
698
458
1158
788
505
506
329
200
995
1140
1012
779
1315
1033
1361
659
1196
704
1030
1049
68
67
65
943
1218
1174
1001
564
450
117
330
1
430
478
1461
2
2050
2130
1137
1727
1756
1540
139
1047
138
80
913
323
294
510
1911
525
2198
1003
993
403
374
65
438
440
357
71
2027
2028
842
590
1991
72
539
2149
1817
1731
1083
1606
590
619
184
705
877
544
851
228
581
490
1009
1008
493
403
998
688
812
987
986
644
687
840
1014
1171
499
227
487
115
100
90
89
29
406
115
1467
46
1441
362
9
100
419
418
97
187
1588
98
222
397
396
54
97
1430
1604
1761
1089
817
1077
475
490
680
679
435
86
1496
75
1470
391
38
129
390
389
126
216
1617
69
193
83
368
367
25
68
1459
1633
1790
1118
846
1106
504
519
709
708
1401
285
409
584
583
241
1428
284
1243
1417
1574
87
606
605
588
90
144
141
1280
219
302
632
902
630
890
288
303
490
493
492
1686
1810
1985
1984
1642
1685
1715
158
16
173
1477
701
1488
2007
2006
1989
1491
1486
1149
289
961
1545
1542
59
351
121
1182
1703
147
1226
1579
1698
2033
499
771
511
1113
1098
911
908
909
184
913
914
1879
1781
1805
1431
286
1784
97
1712
1491
1167
2031
2032
1939
1950
460
261
100
40
1749
1833
1487
1897
2051
1455
1453
1458
1999
1577
1344
1337
2105
2068
113
1808
1663
1698
1708
1595
728
1389
1877
1325
596
95
1504
1456
1388
65
1219
368
1982
394
1350
223
580
332
122
1
373
375
292
136
261
500
330
1895
2034
1545
57
1225
41
251
372
2
81
509
112
127
43
1522
1661
1172
430
852
43
253
374
83
511
114
125
45
1520
1659
1170
432
850
40
170
291
428
31
208
38
1603
1742
1253
349
933
468
258
137
397
636
159
529
643
1822
1823
859
466
2146
2031
1974
1681
79
1361
2035
382
381
877
1244
1525
1749
1
175
1185
1743
1735
2128
1495
1723
2096
1814
1493
2019
1440
2099
2072
1513
737
1815
1176
2071
1838
2040
277
91
1571
46
1630
247
816
1886
170
124
1840
672
1694
1392
1486
1430
1991
322
1734
403
1359
214
141
1954
189
596
1100
1038
907
879
799
26
421
2036
383
382
878
1245
1526
1750
174
1186
1736
1496
1724
2097
1815
1494
2020
1441
2100
2073
1514
738
1816
1177
2072
1839
2041
276
90
1572
45
1631
248
817
171
123
1841
673
1393
1487
1431
1992
323
1735
404
1360
213
142
1955
190
597
1101
1039
908
880
800
27
422
307
853
277
1468
938
885
564
1136
446
587
280
661
309
479
911
629
80
991
1322
876
495
338
1305
1304
838
248
603
1461
873
492
403
266
631
399
149
210
443
444
445
98
1241
817
341
1371
174
297
1245
1277
516
1360
1195
650
1166
882
849
795
464
454
1335
226
225
696
2
60
62
88
121
221
238
288
294
302
304
348
1171
408
421
364
659
2145
916
519
415
704
1876
1907
1908
611
2221
1889
1803
401
586
1362
1722
509
620
1436
2077
2078
1958
1041
2183
383
456
188
1503
1788
190
247
639
326
48
305
90
196
93
1265
1296
1297
203
1610
1278
1192
210
1111
102
9
825
1466
1467
1347
430
1572
228
155
423
892
1177
1135
1858
154
1800
2218
1936
1305
1700
1806
1517
345
2060
83
314
313
1407
332
418
1820
1802
499
1712
1601
263
1180
38
1838
1765
2033
718
433
475
1468
1525
1917
1886
1604
1230
973
1368
1474
1185
13
18
19
1075
86
1488
167
1380
1269
453
188
189
69
848
294
1506
1433
1701
386
101
143
1382
1800
1518
1144
887
1282
1388
1099
73
104
105
989
1402
1217
441
81
1294
1183
155
762
380
1420
1347
1615
300
15
57
521
829
830
492
309
1258
460
533
85
308
309
29
212
1779
61
12
1029
1741
1923
953
1421
284
1308
98
294
788
460
1749
762
1831
4
106
1792
1705
1601
54
464
51
113
144
547
1323
143
1384
1558
1715
138
1409
244
392
320
72
1818
468
502
138
113
633
828
1084
1099
1098
1079
1432
1394
326
90
1030
1568
1248
1249
1930
669
393
310
353
315
753
1169
49
1302
489
417
508
374
169
170
851
410
686
687
689
688
690
769
344
333
38
1106
1522
402
93
1655
136
64
155
21
184
183
498
763
1039
1040
1042
1041
1043
1122
1493
5
527
519
518
501
3
198
322
520
149
497
496
510
707
29
199
197
1330
1504
31
286
1661
84
448
447
109
39
287
306
675
676
678
514
1527
203
2012
524
1
18
516
321
197
322
1849
2023
2180
603
363
71
72
628
558
232
213
1194
1195
1197
5
2046
722
2011
523
9
17
2252
515
234
66
320
196
2
369
21
22
371
24
321
1848
2022
1166
2179
602
70
71
627
557
231
212
1193
1194
1196
2208
459
460
2169
1800
697
2236
1801
105
97
108
102
79
1593
2045
721
1561
183
1496
8
498
1792
195
319
33
144
539
507
710
151
32
196
569
287
194
1333
1507
1664
445
444
112
42
284
303
678
679
681
318
680
35
511
119
1478
606
456
1707
26
1530
206
586
585
1059
1691
203
303
1826
1507
124
530
228
405
1
1528
1702
846
1859
1624
282
875
230
1932
69
180
10
314
139
140
1849
265
536
176
1815
1480
377
1916
1481
1503
155
215
223
212
218
241
1273
1725
401
730
943
78
137
775
811
179
114
578
549
423
654
1591
125
1652
1826
1983
333
1109
136
290
252
141
2054
1459
660
52
1604
501
112
4
133
2093
525
388
972
2
23
348
1
13
1204
526
298
207
2001
528
623
181
2235
1486
1214
1474
2165
1157
1159
1158
1161
1160
1162
1466
1468
5
132
2092
524
387
971
3
24
347
14
1203
525
297
206
2000
527
622
180
2234
461
1485
1213
1473
2164
1156
1158
1157
1160
1159
1161
1465
1467
1645
1648
1365
163
209
369
370
183
45
43
185
238
157
373
347
186
184
360
270
363
356
384
46
1726
1554
861
95
96
1611
243
21
223
1520
324
74
419
152
1872
450
372
177
439
261
109
1402
1403
444
12
984
1227
1228
1915
942
747
748
750
1483
1093
539
541
597
611
875
993
1101
1119
1210
1212
1214
1249
41
1690
202
330
304
1527
1701
1858
226
2
317
407
405
491
408
375
93
90
109
872
873
875
874
72
313
54
1912
227
238
1672
85
4
368
375
393
356
1599
96
14
46
117
984
323
9
1974
138
139
1848
1744
1483
1623
333
286
208
1478
1479
376
1915
1735
277
262
1901
1986
13
220
71
236
251
250
306
409
1724
400
1927
292
1118
99
98
346
654
780
779
1036
1227
1253
1604
1603
163
1325
1857
1831
1473
385
1765
1754
174
331
1298
1300
203
202
378
364
1526
1214
197
1127
11
1499
2031
2005
1502
1731
1647
211
1939
1928
856
157
1660
1952
1951
1395
1465
1791
1810
829
828
826
1717
1472
1474
377
376
204
190
1700
230
1388
2014
901
2024
1653
797
1563
1562
147
218
1788
2088
222
1325
214
221
1761
1917
1925
1914
1920
1943
429
23
1301
461
1839
891
665
97
98
1873
169
168
1656
2162
543
235
1629
1631
34
1869
116
1134
10
114
2124
1329
1323
2035
1941
44
379
1482
434
1617
2241
1392
1163
2230
1489
356
2136
2092
134
1458
916
1781
1703
1707
329
1704
450
559
391
850
59
244
1698
271
1578
68
1549
399
1883
366
1959
194
1150
967
1010
1711
1085
1098
1216
1720
232
229
84
1942
208
197
1658
283
1146
516
464
1699
14
13
12
899
1258
167
636
269
222
583
301
73
51
117
697
330
533
506
548
1345
1299
68
1637
515
125
1547
171
1757
151
1744
771
774
768
523
576
236
1763
776
527
1633
1632
48
1355
1322
228
602
1527
69
143
1526
221
1110
1445
1753
1573
1572
1570
1571
182
47
1597
838
450
1715
24
23
102
103
1024
326
391
413
423
606
943
140
507
1359
1077
725
893
79
446
212
1309
8
253
1352
1012
987
1303
857
856
1282
1324
569
523
844
861
261
771
947
981
927
546
548
1378
633
750
997
334
977
797
796
794
795
594
821
62
1226
939
800
385
363
353
201
196
174
170
3
4
1374
280
1
1647
770
1439
1264
283
1650
773
1378
52
176
1436
1775
3
1639
1635
1808
1568
1948
2022
2016
200
1691
1764
1239
1146
218
576
1206
158
845
1854
2105
1734
1926
71
155
2073
97
1213
447
442
988
1028
655
609
513
512
511
510
509
508
507
491
492
490
311
1430
1554
397
1375
261
257
430
190
570
644
638
1578
313
386
139
232
1160
1474
1220
533
476
727
457
496
1427
548
1449
1223
695
1281
165
931
638
723
769
865
866
867
868
869
870
871
887
886
888
1067
490
1254
1145
2095
854
1763
1460
6
155
2103
179
2070
255
1510
554
736
737
694
7
606
488
1848
391
158
187
55
449
134
113
112
1631
218
50
631
409
343
7
63
160
1956
346
1488
1716
660
174
877
1259
345
332
350
46
528
565
1214
1488
1509
163
1517
1345
248
1637
1722
472
1492
371
620
1402
234
14
230
470
100
1193
1194
631
408
189
846
950
1003
168
1534
743
622
491
1431
191
230
1020
1604
104
124
121
1467
1411
870
9
1900
1435
517
334
2236
2274
1559
328
676
543
421
466
379
657
1159
1162
1619
1618
1227
662
1696
349
433
1307
1521
269
474
637
1475
964
965
320
1722
1235
1236
989
399
732
1125
221
1975
36
266
261
120
119
118
616
646
491
402
397
256
255
254
431
374
168
202
571
572
421
398
360
267
1918
461
70
439
1418
523
700
1590
249
312
248
259
182
1770
382
127
2077
1591
70
1788
29
362
351
25
719
1160
703
1593
242
150
119
163
2254
1722
347
345
2025
1853
2260
519
60
293
161
393
643
1910
522
2208
319
236
585
218
748
2163
606
2139
633
738
38
408
1701
1702
867
1396
2191
1169
2177
678
1847
1750
417
919
1760
1646
1313
866
1195
766
718
828
830
832
1332
673
841
816
1146
793
893
888
747
746
745
60
102
635
633
92
1250
239
392
602
567
42
313
1241
864
2076
2382
2404
326
1658
901
654
495
1311
856
725
384
1033
65
1128
114
78
727
744
892
2063
1949
21
16
40
2322
121
184
355
2281
1798
1799
526
366
2068
1161
1162
2342
1646
1987
118
1013
1019
1326
1401
1399
1548
1634
1705
375
1063
785
282
781
1077
1073
1062
377
861
949
1072
835
449
1141
816
128
126
127
48
26
27
913
219
218
221
220
243
228
1478
1697
124
271
289
1750
1751
237
197
454
1504
1987
496
1665
1568
1419
1420
299
286
304
482
519
1260
117
1563
1391
202
1683
325
574
1448
280
60
276
424
54
1239
1240
677
362
235
892
996
1049
4
244
1
88
99
50
2
11
380
2238
101
81
298
791
2326
522
1271
1364
1365
1581
1583
3
245
89
100
51
3
12
381
2239
82
299
792
2327
576
523
1272
1365
1366
1901
1902
1903
1910
1909
24
556
254
1533
1623
228
590
601
319
2
55
51
618
240
265
24
324
1586
33
76
1535
135
137
1543
1371
1248
679
224
549
178
593
93
591
391
87
62
345
293
93
1428
1739
204
40
1726
267
555
256
444
74
1219
1220
385
1555
1354
65
148
927
364
1639
356
355
359
360
361
364
457
588
631
633
632
696
711
1469
1074
204
26
1761
1851
362
373
91
230
283
279
846
12
405
403
493
406
96
351
1814
261
152
1763
93
91
1771
1599
1476
907
452
321
50
365
325
321
363
163
141
290
117
65
135
1656
1967
24
268
1954
1770
495
327
484
216
154
1447
1448
1965
613
1783
1582
80
1155
136
1867
584
583
587
586
588
589
592
1075
1076
685
816
859
861
860
1709
924
939
1697
1112
1302
26
244
256
1531
1621
1176
49
616
603
326
1584
225
196
31
78
1533
139
1541
1369
1246
677
222
551
180
91
593
592
89
295
1426
1737
38
1724
201
254
446
76
1217
1218
383
1352
366
1637
354
353
357
356
358
359
455
586
629
631
630
694
709
1467
882
1072
595
1057
1059
563
448
1512
1651
295
686
210
689
374
85
309
1478
453
1263
4
52
352
1531
19
1391
131
1486
1480
190
192
1488
197
391
624
169
606
597
579
648
42
38
572
646
446
444
49
449
290
1047
1270
1564
400
442
53
54
1474
244
1373
5
259
45
1217
254
458
396
1634
1670
1476
420
218
301
48
211
1063
1454
5
1626
270
93
81
201
499
129
1165
1680
330
1654
1499
1299
514
276
765
776
181
668
870
871
288
290
295
373
375
386
392
425
533
558
557
559
561
582
583
605
608
641
666
1019
1417
111
199
1018
400
83
607
780
237
20
659
236
3
205
1694
969
937
976
1342
1369
1371
1089
2
2065
1674
213
212
1726
2160
1509
459
24
1467
298
395
921
920
919
1942
790
783
782
1689
1690
827
25
257
600
2159
1
256
895
702
233
31
226
387
641
1850
87
80
2251
481
2336
1016
209
1456
1457
594
290
288
608
291
202
991
367
1926
234
23
662
1538
7
405
154
250
919
408
1617
469
146
153
2018
248
1257
713
715
783
1488
2020
1994
1491
34
1290
218
532
27
506
3
25
1522
198
877
103
787
15
1864
248
19
352
71
211
581
637
53
54
610
540
214
195
1176
1177
1179
2196
1141
1976
295
445
2039
42
2205
2028
704
1465
1429
512
258
706
581
580
64
63
56
266
55
162
62
82
589
968
2
633
1014
1352
517
333
364
765
883
913
915
631
1016
1354
515
366
767
885
915
917
281
2139
322
502
558
559
93
49
449
450
11
21
27
1913
55
482
20
564
443
262
2204
855
856
705
114
76
2073
132
364
1286
142
134
201
2011
1897
2203
1651
1774
269
178
238
1070
1848
683
146
685
10
613
246
640
175
1511
27
1465
1811
1110
1614
1604
75
376
2229
1933
1888
92
895
1749
1556
1019
1380
1616
1451
1350
62
61
881
1118
1144
1265
1266
882
883
5
185
448
1277
20
326
1462
324
345
169
1215
1336
1171
471
832
550
776
417
318
903
290
492
595
164
323
322
480
233
9
303
1086
133
2056
1924
2121
1858
988
687
1696
1768
229
61
1055
289
355
354
353
352
351
156
2116
548
411
995
21
371
230
646
204
2258
1509
1237
1497
2188
1180
1182
1181
1184
1183
1185
1489
1491
215
1745
177
40
624
350
141
275
167
1887
1138
866
1126
1817
809
811
810
813
812
814
1118
1120
1637
1638
2218
2204
314
146
2106
2245
128
88
1217
534
1158
15
12
150
304
363
32
1863
1038
1960
452
20
1811
2298
91
806
2300
465
764
35
1487
1689
1690
1466
491
966
986
989
990
1175
1568
1570
1592
1071
889
1028
1129
1205
1067
913
854
1249
646
943
179
743
59
1202
765
1197
594
1081
411
752
453
1252
270
249
726
251
231
228
227
42
258
351
353
375
794
297
1493
205
1194
2183
2182
182
237
229
1749
22
1595
639
56
1
557
487
161
142
1123
1124
1126
1125
1
1523
2182
2181
181
236
922
228
1748
23
1594
638
55
556
486
160
141
1122
1123
1125
2
1522
1626
1625
375
320
366
328
1192
579
1038
82
501
70
396
415
566
567
569
568
558
1696
1695
305
250
436
258
1418
1262
509
1108
152
431
326
345
636
637
639
488
1036
224
1428
2022
2021
21
76
19
962
963
965
964
762
277
68
1744
1588
183
1434
478
105
162
1362
205
1447
2041
2040
40
95
981
982
984
983
781
258
87
10
1763
1607
164
1453
497
86
143
1381
1186
466
1060
1059
941
886
381
1
3
1191
2
800
200
1239
894
991
782
626
1145
472
652
484
1067
1124
400
136
1187
465
1059
1058
942
887
382
2
1192
1
799
201
1240
895
992
781
625
1146
471
653
485
1068
1125
399
135
1189
463
31
1057
1056
944
889
384
1194
1
797
203
1242
897
994
779
623
1148
469
858
655
487
1070
1127
397
51
133
2245
593
1094
2098
138
1
1923
2000
1608
2306
2024
647
259
1131
1495
451
12
14
1994
2106
48
1726
1872
2147
2155
2144
2150
2173
659
1527
920
919
917
179
300
367
616
6
1826
1805
332
333
1952
268
121
667
916
294
653
169
539
2348
2126
2105
632
633
2252
72
395
229
1498
415
1837
1500
28
439
379
396
348
467
166
1893
810
2232
1895
367
834
16
791
743
354
938
827
707
706
559
815
983
61
2267
1713
1714
1715
1219
852
1212
208
2168
2307
306
361
32
30
866
33
2337
347
383
2346
203
282
1904
2166
77
652
708
725
2258
251
281
920
56
1249
2373
625
688
2187
675
2047
1175
2107
466
464
2144
1972
459
2352
2232
2379
638
41
1849
1280
144
825
913
50
59
74
694
84
211
10
212
705
207
11
365
256
308
1098
2372
709
710
2130
1927
412
762
2029
1491
861
439
82
2340
701
641
1938
2000
2111
2049
622
19
14
2326
2110
666
1875
2276
2108
506
2053
325
752
736
617
857
157
527
1820
1821
2336
1433
2074
2075
1515
2310
1
1955
589
2141
2179
2180
1533
1534
1289
217
1419
1420
1421
2323
1810
453
667
1642
555
942
984
1011
1012
1784
1785
1786
1787
1788
685
909
957
965
974
973
995
996
1031
1035
1042
1049
1048
1051
1050
1052
1058
1102
1155
1154
1189
1320
1321
2070
1373
1372
1383
1385
1743
1445
1454
1541
1543
1673
2073
221
224
1985
1431
1432
1433
937
570
930
74
1886
2025
24
79
314
312
584
315
2055
65
1852
1942
101
2064
79
1622
1884
1152
205
370
426
443
1976
31
1
638
226
1944
2091
1905
393
1765
893
1825
243
1854
541
1449
184
181
182
1862
1690
177
2070
1950
2097
356
1567
87
998
138
543
631
223
208
416
412
198
71
272
70
423
75
271
83
231
232
234
381
26
26
816
427
428
1848
1645
137
130
226
895
1403
1479
1616
651
480
1747
1209
579
157
200
2058
419
359
61
59
180
2093
1718
1829
1767
340
188
301
296
288
2044
384
1593
169
1994
1826
1492
224
1771
80
6
1843
43
470
454
335
575
125
245
1538
1539
2054
1233
2028
589
1673
2012
1989
34
316
1859
1897
1898
1251
1252
1007
65
1137
1138
1139
2041
1528
2011
1381
171
509
106
2037
2035
897
1360
273
45
660
39
1964
729
730
1502
1503
1504
1505
1506
403
627
683
692
691
713
714
723
749
753
760
767
766
769
768
770
776
820
867
871
873
872
907
1009
1038
1039
1788
1091
1090
1101
1103
1461
1255
1254
1259
1261
1348
1374
1391
1791
1063
1516
291
1721
1490
186
189
628
173
46
11
1568
570
1688
250
1267
1458
1
56
334
1658
244
1007
1460
347
1665
467
1434
242
245
572
117
10
45
1512
452
626
1632
306
1211
1402
57
1628
278
1602
188
2166
85
587
24
2080
1112
406
2219
1908
1463
1464
601
1796
1856
215
796
576
30
669
476
195
998
574
443
167
40
241
41
102
44
240
412
5
847
926
511
2092
560
135
2085
567
2043
1168
1169
1170
1212
1961
1150
1343
922
1716
1649
5
1368
830
851
904
903
2105
1188
465
30
37
1058
1279
383
1282
968
938
798
615
858
783
785
895
723
1103
547
958
1105
336
1175
1172
1241
555
1165
1239
1037
896
884
993
1123
997
678
741
72
780
608
624
101
470
861
626
522
1137
1144
859
743
392
571
572
1087
1061
706
1107
859
935
1226
892
566
1019
172
267
398
796
1064
393
340
276
172
218
217
215
213
214
199
191
147
95
142
427
1107
1635
723
220
1703
2016
266
1194
41
1672
1671
1670
1387
127
1391
126
1471
1186
1390
881
437
673
102
492
491
490
319
1730
1198
1197
1196
1347
2166
2128
2093
1920
1688
1780
346
1449
1462
337
2199
322
1005
1096
863
1517
1411
1231
255
1774
1601
1369
196
120
17
948
447
1461
27
1130
1880
3
1055
686
777
383
607
304
394
249
1211
1232
795
821
246
209
190
857
208
191
775
781
857
994
29
1214
530
1446
1532
68
901
1467
1316
1678
500
1052
512
1858
41
221
277
278
292
283
162
19
1005
80
1730
1616
1922
1493
12
103
789
402
427
404
291
332
35
1230
1530
829
1333
206
95
1948
1652
1607
189
1468
1275
1817
1637
2150
1575
1696
1877
1284
1283
1434
2253
2215
602
526
389
1354
853
2281
2273
1938
128
242
64
488
365
1870
1961
1069
1456
2285
1454
2149
1526
1893
2314
628
674
328
1029
525
2064
1763
90
206
251
2047
390
583
2201
2200
333
513
38
460
461
575
454
273
2215
866
867
716
103
65
2084
1297
131
123
212
2022
1908
2214
1662
1785
280
189
249
1081
1859
694
135
696
1
624
257
651
164
1522
38
1476
1822
1121
1625
1615
86
387
2240
1944
1899
906
1760
1567
1030
1391
1627
1462
1361
51
50
892
1129
1276
1277
1613
1
10
101
69
273
1000
1003
392
1396
1397
1977
1963
73
457
977
52
1860
220
355
392
411
256
393
410
348
1708
1349
1352
1353
1685
321
1094
69
84
1072
1073
471
249
248
1122
903
668
246
1395
1396
1976
1962
72
201
27
333
270
232
125
108
1711
1712
666
1545
699
700
549
48
1187
557
918
91
2032
286
1747
1748
234
200
451
1501
1984
493
1662
1565
85
823
1137
224
1538
412
1388
1464
1601
636
1137
188
296
200
156
411
189
2072
364
165
680
1096
2296
2255
1878
1822
939
227
556
1879
1034
379
377
519
380
1449
1958
248
273
39
2028
253
223
224
15
1990
381
624
626
755
1735
1133
1500
8
1309
1221
2057
1429
1927
2123
2
90
1994
619
307
917
64
82
1399
1519
2213
1127
2084
397
2096
814
39
683
73
200
1
694
196
2316
147
2124
525
242
214
25
2023
1095
142
2065
428
973
974
976
189
336
221
92
1902
1694
2081
1658
730
1965
252
253
254
2237
908
911
910
913
912
914
915
1730
147
1713
1505
1892
2048
719
722
721
724
723
725
726
1541
551
607
608
472
243
2238
2206
1736
953
970
851
651
838
1035
783
1923
1804
1604
1791
1988
170
119
319
132
65
1753
507
1491
123
1434
1621
1818
438
1928
1222
216
1632
217
346
266
1634
361
1275
1566
1358
1745
572
575
574
577
576
578
579
1394
990
127
364
1322
1344
188
62
417
669
217
452
37
1615
1180
86
1551
1384
219
592
540
1059
514
596
597
741
406
3
2206
1638
1639
2219
2205
315
1649
1650
1651
1652
1653
1654
1158
791
1151
147
2107
2246
245
300
93
91
805
94
72
1586
1051
1055
1128
1234
1236
1481
1906
200
603
1040
2314
381
704
24
2282
408
16
339
643
1161
583
2086
1914
303
1815
2078
2269
340
1117
467
15
2121
1231
161
1607
938
971
973
978
990
993
1224
2007
2011
843
1359
1329
1
581
567
1323
150
20
174
1691
403
580
566
1324
149
19
173
1692
404
14
1904
431
561
407
2272
984
650
648
1890
417
547
393
2258
970
1473
1343
1497
368
920
1254
1256
1
207
3
498
139
337
597
1404
663
1251
642
522
264
449
446
206
1567
1730
1725
1272
2
3
4
859
499
138
336
615
596
1405
664
1252
641
521
745
265
669
662
663
660
661
659
599
595
596
140
450
447
448
446
1500
1326
595
1406
1014
1253
637
171
666
1075
1754
260
1
2
494
861
501
280
361
362
1556
1186
1072
107
108
856
1249
431
316
259
1505
455
594
1407
1352
1745
1743
847
1746
28
48
185
780
279
315
1348
1405
1580
66
540
254
187
1467
135
134
601
597
598
524
450
448
440
416
1
622
434
862
333
593
5
159
1507
1433
794
1658
1755
1074
626
903
562
1581
1529
120
49
566
749
719
718
1199
621
435
863
332
592
4
158
1508
1434
795
1659
1075
625
904
561
1582
1530
121
50
567
750
720
719
713
807
456
1039
1088
858
500
654
1007
754
1057
307
308
309
666
737
30
78
346
657
1268
440
1195
1455
867
1021
802
645
571
68
796
428
212
1488
41
1424
1484
719
667
742
813
296
113
143
144
706
800
835
801
1004
956
617
859
1095
906
1244
1242
346
753
1140
1020
1167
574
1204
1002
1000
956
138
1064
1124
1079
435
1027
179
180
182
184
1960
250
145
2099
98
270
97
14
1839
256
1936
1764
486
2
4
159
204
1821
433
1698
603
209
227
2068
298
544
649
51
319
1612
1613
2128
613
565
1980
1875
75
1117
1618
315
1831
1407
27
1577
1242
925
926
1053
1055
1262
1463
1616
1740
1865
1864
2210
1815
139
1862
2018
1690
1198
121
993
1704
24
196
888
1474
1958
1956
1803
1801
1756
139
1527
262
1357
5
2169
2187
58
108
1662
1416
1311
2011
1641
348
347
168
1347
1395
1840
200
126
85
2035
843
342
1645
129
1933
995
201
268
1922
383
718
1035
1034
316
907
905
497
344
220
95
96
2001
1946
1436
2174
660
1122
1118
1010
172
664
1741
158
1838
1666
153
2046
1926
388
96
94
47
61
106
1723
335
1600
505
325
503
1970
200
446
551
149
221
1514
1515
2030
515
467
25
26
27
22
348
1777
173
1520
217
1733
71
867
1661
1594
60
1479
1144
806
810
955
957
1365
1518
1642
1767
1766
1815
1358
394
552
311
344
154
317
1544
37
559
338
305
2012
814
105
1612
103
1783
1611
2018
277
402
919
302
277
150
351
53
737
58
51
401
1668
280
41
452
1749
1915
1747
145
388
256
496
204
166
1459
1460
1975
1154
1949
360
1594
219
677
1060
92
1139
1423
1424
634
717
716
638
637
828
900
903
936
1175
1311
2369
2337
415
2
898
1
82
88
2219
707
2079
666
496
2176
2004
1881
106
40
242
398
399
2061
673
1905
2358
642
1751
1907
2085
785
889
189
559
1852
1853
2342
1762
1760
485
1532
941
1134
1145
1296
1420
1698
1700
1701
1702
1703
1704
1705
1708
1857
2154
2388
2367
2335
413
896
3
80
86
2217
705
2077
664
494
1879
104
38
240
397
671
1903
841
2356
640
1749
1905
2083
783
625
2340
1760
1758
483
1530
939
1132
1143
1294
1418
1700
1701
1702
1703
1706
1855
2152
2386
1471
1439
483
899
816
810
1321
191
1181
232
402
1278
1106
983
792
858
655
856
656
499
353
352
1163
225
1007
55
1460
256
853
1009
1187
113
129
9
709
339
954
955
1444
419
879
949
417
864
862
413
629
634
43
148
236
247
398
522
804
805
806
807
810
959
1256
1490
2370
2338
416
1936
1937
1938
89
2220
708
667
497
1882
107
244
243
400
674
1906
844
643
1752
1908
2086
2343
798
486
1533
942
1135
1146
1233
1297
1703
1704
1705
1706
1709
1858
2389
1387
1907
248
2007
1910
435
185
2216
1846
2018
1669
2036
217
153
218
220
219
1732
553
552
1516
1909
229
344
401
858
63
1621
2271
1506
115
1550
642
2314
1611
882
1512
2176
263
494
608
941
1388
1059
1488
1536
317
207
615
264
1629
368
77
736
128
393
237
323
858
1237
133
56
1197
2064
2162
1986
325
1777
1459
468
467
445
2334
1953
96
2239
1341
1300
1301
295
131
357
297
1887
345
458
453
734
1528
1461
193
596
603
610
609
612
611
613
457
568
703
434
224
296
396
1202
74
605
235
407
58
425
1394
1458
1393
1391
1392
121
1058
1059
95
298
1382
1267
1210
753
350
1548
10
105
1207
1496
729
99
1117
1003
670
223
552
123
75
62
654
2244
2134
2133
101
96
953
960
967
966
969
968
970
2381
1335
967
968
957
161
272
357
1265
1659
1760
168
455
1824
3
1472
309
61
111
238
129
1690
1754
1689
1687
1688
175
1354
1355
391
2
1678
1563
1506
1049
820
271
54
1844
286
134
401
1375
1503
1792
407
101
957
1333
520
1413
1299
966
519
848
419
371
984
985
567
1267
769
771
945
975
1
2263
2231
691
2114
663
624
765
842
1135
1647
1028
1222
1592
1594
1595
1596
1558
356
471
351
56
84
579
1419
814
1515
1514
720
387
1440
484
273
47
1090
178
1208
582
275
128
127
125
22
385
782
133
536
1179
1180
216
177
1503
1388
1331
1669
714
170
223
1288
1200
1686
105
1060
523
484
114
1695
392
1321
413
1681
1680
115
172
166
1673
1280
215
303
183
1608
295
1775
2085
1778
1631
1630
1628
1481
1888
721
1636
967
1803
443
2026
1287
1987
1617
324
323
192
1667
1778
1608
1284
1149
241
1509
1508
338
1501
1108
43
131
355
1436
1913
1606
1459
1458
1456
1309
1716
549
1464
795
57
271
1854
1115
1815
1445
152
151
364
1971
216
361
320
317
1504
1175
1034
957
664
154
1110
1693
347
346
345
1320
877
760
1536
1360
1611
6
1626
1481
21
278
206
433
210
84
1730
620
734
1129
978
973
854
54
458
212
1863
478
298
1791
668
1109
1925
1470
2170
1800
507
506
17
1490
800
1125
1006
118
363
40
615
1102
549
551
553
837
74
248
917
403
1674
966
43
714
493
146
2082
297
723
378
2080
747
748
597
2090
1593
53
252
921
407
99
271
1564
1565
601
208
1773
154
442
222
184
1602
302
1235
605
78
777
249
1
1434
1439
687
1324
761
835
707
1246
877
262
168
77
52
1390
530
1211
1890
1343
89
307
371
306
304
305
1385
1437
1151
1194
1313
1772
1333
69
427
487
1
896
895
894
892
893
889
888
884
883
403
768
664
273
93
1203
1336
880
803
510
956
1539
655
634
193
192
191
1166
220
723
606
534
182
89
63
3
4
140
1372
690
1694
1000
1134
169
168
1588
305
185
2088
767
1837
1835
1534
1533
1531
1384
1635
1539
870
693
1934
229
62
1541
78
1310
2081
1914
400
204
252
1269
1268
723
1862
1810
1808
1812
1361
440
1138
1016
1015
996
989
946
938
749
735
727
726
657
606
511
128
588
1305
1185
399
54
62
346
1652
163
158
426
605
258
592
2182
769
50
132
1021
827
829
891
898
905
904
907
906
908
969
1322
1323
1324
1320
113
5
589
2398
657
636
768
421
716
756
755
2345
2301
295
1054
1061
1068
1067
1070
1069
1071
1132
1485
1486
1487
1483
108
584
522
1191
677
750
2340
290
1629
1049
1056
1063
1062
1065
1064
1066
1398
1924
2232
1756
667
1108
44
1577
1590
1291
1284
1277
1278
1275
1276
1274
1124
2167
426
482
2
1743
609
561
540
141
266
155
213
1781
241
1350
1732
1733
31
1113
1573
1238
898
899
1640
1049
1224
1459
17
21
20
425
110
1632
154
1908
64
690
1522
793
163
113
1412
1640
245
95
267
673
1920
1741
2237
424
2420
1522
1466
846
879
843
707
179
496
1317
679
219
275
1638
895
862
775
898
1034
500
2377
1072
1091
1150
242
363
1510
693
1310
1618
797
876
641
642
1276
877
395
1
1917
236
1036
1918
235
1037
1574
306
98
209
356
357
359
506
1266
351
1020
1544
39
370
1663
1664
700
307
1872
2153
314
707
1772
1684
379
2179
156
443
1204
64
468
161
14
13
11
136
896
19
650
247
15
1174
409
1293
1294
330
63
1502
1783
56
337
1402
1314
9
348
331
1488
1489
1809
526
1661
89
1357
1761
1454
1307
1306
1157
397
1312
643
119
1702
1
963
1356
209
490
1349
956
109
21
1284
516
1819
333
90
1358
1762
1455
1308
1307
1305
1158
398
1313
644
120
1703
964
1357
208
489
1497
1350
957
108
20
1285
515
874
394
798
491
344
343
194
566
349
320
844
1295
739
119
1006
393
1172
1453
386
7
1072
321
364
1479
359
1267
1
1565
1846
7
400
1465
1377
72
405
98
49
50
52
199
959
44
713
123
1237
346
1872
1724
1724
1835
298
1566
1970
1663
1516
1515
1513
1366
606
1521
852
281
1558
1165
100
188
1493
328
1830
1911
307
159
788
437
1626
1273
1576
76
213
752
433
1306
251
1639
591
266
1132
384
386
1702
1349
1652
137
828
357
1382
327
1715
515
342
1208
460
310
1839
1486
1789
965
220
1519
464
1852
378
479
1345
597
173
874
521
824
1185
554
501
887
1343
486
380
368
1138
1055
1375
1022
1325
684
1388
842
15
881
133
637
1666
308
987
813
110
1972
1366
1702
1820
1934
372
1357
1587
1114
2123
2
1334
1333
1332
1483
55
32
1648
1584
2234
390
2302
2264
2335
1747
1746
285
284
1798
2232
1581
531
48
1539
370
467
29
30
31
453
829
774
1085
840
1224
766
918
663
966
455
158
44
1043
1041
1045
323
324
320
319
284
125
126
32
1900
618
157
487
123
4
197
498
1903
257
639
446
225
131
1210
580
385
1594
169
176
1995
225
760
1264
896
193
864
508
254
955
808
815
1356
414
77
121
2128
32
460
356
610
1819
671
56
49
2220
450
985
1833
118
403
439
172
1760
847
393
1770
1602
1603
1268
1272
311
94
199
532
217
43
1657
353
1898
254
1723
293
1079
449
941
413
299
1864
1696
1697
1362
1366
50
271
98
174
927
928
583
1078
763
764
765
210
1346
1347
1348
373
264
1925
468
480
1874
2081
119
1117
1125
1126
1288
1661
1457
1445
1503
1806
808
800
799
637
775
1521
2296
655
23
42
644
34
161
40
590
317
2055
1234
619
189
65
226
230
392
637
318
443
1033
1229
1353
48
159
341
143
125
14
1772
399
352
468
420
25
518
131
1262
1432
1603
781
1499
1498
908
1318
1768
1914
229
1734
477
1
1766
1734
1519
557
1764
4
1878
65
376
2160
1017
2095
795
582
1867
1866
1990
13
188
107
265
272
496
459
1496
199
54
90
89
213
149
465
99
14
268
178
491
1259
331
1566
147
146
145
245
730
79
80
40
593
189
1504
18
456
533
826
1070
1689
182
270
1188
795
1334
923
1123
1189
1135
441
457
57
883
410
928
1303
1302
184
250
405
264
1005
1140
523
940
1002
58
60
118
351
383
494
759
120
11
621
494
695
1571
1956
2067
2005
578
2122
1597
1486
277
549
2
1
261
1092
95
206
144
1283
1341
32
1235
531
1466
1389
1096
1203
1595
1484
279
547
1
263
1090
97
208
146
1281
1339
1596
1485
278
548
262
1091
96
207
145
1282
1340
1579
134
1774
682
301
991
666
785
752
686
1162
95
484
1326
695
1212
72
1518
439
329
351
350
1290
596
595
598
597
252
1696
114
1284
306
1651
460
1898
50
1117
1907
883
861
862
78
616
617
614
615
558
2002
192
1957
766
2204
356
1423
2213
1590
1189
1167
1168
228
922
923
920
921
505
14
2143
1308
46
958
956
226
6
2157
2097
1412
1185
1187
166
55
117
1544
2199
52
178
862
700
77
370
1302
450
949
212
263
275
422
1233
293
1225
373
872
135
186
198
345
1156
932
80
579
158
107
95
52
863
223
1215
1
191
391
1961
1959
898
709
841
1000
1193
1202
2101
2107
167
2135
1598
2100
2273
2140
2139
2239
64
1585
1108
218
220
805
270
105
508
6
1934
34
503
1
1803
2094
3
516
514
1940
28
509
7
1809
2100
9
522
1426
1968
1431
1933
131
160
1931
1418
542
537
35
1837
2128
37
550
5
502
1300
1591
500
13
507
1802
2093
2
515
688
682
133
134
34
2209
1640
1641
1642
1165
2055
2053
555
549
1
99
2076
1507
1508
1509
1032
1922
1920
554
548
100
2075
1031
1921
1919
654
648
363
2175
1131
2021
2019
1521
1661
2191
249
1044
154
156
927
302
1310
1170
1234
1169
1167
1168
1324
893
779
446
1
328
101
149
1399
1
1225
155
29
331
142
811
297
29
1789
1313
422
1475
1559
41
261
1009
1570
944
945
251
715
360
1268
1695
45
714
200
108
241
126
404
56
1669
613
1694
1285
1028
1740
1247
1946
1097
1053
1851
637
638
635
636
1451
122
756
1787
296
52
1935
1777
721
1802
83
1500
1803
349
18
1955
512
1438
645
297
1586
1428
372
1453
266
1151
1454
367
1606
163
1805
278
70
1953
1795
739
1820
101
1518
1821
1973
530
1421
1422
1522
64
1
3
2
154
1586
1695
65
67
66
90
1858
1521
2
1
155
1519
1
157
1520
156
1456
898
795
538
788
701
1201
731
1622
168
2251
1647
1802
1133
1594
1573
1558
1443
2356
1022
14
1024
1773
1769
431
545
878
1325
996
1425
1473
1390
383
693
542
1565
380
532
95
239
651
2039
1273
1275
808
170
460
1423
1265
209
1290
429
988
1291
692
350
49
1100
1051
111
95
910
16
1021
357
1680
33
32
31
4
168
1513
453
1428
250
44
445
1512
211
318
250
434
889
950
1887
1285
395
726
2121
2138
278
35
1959
2167
1715
787
2022
309
310
311
967
970
969
972
1787
1430
54
803
250
37
258
261
260
263
2056
370
1836
1354
1550
1686
203
204
205
1088
1059
1278
354
26
575
612
631
36
613
630
7
372
374
375
549
37
56
611
38
55
568
203
201
200
586
19
648
1
18
605
240
238
237
605
667
18
1
624
259
257
256
62
649
666
43
408
410
411
587
17
606
241
239
238
604
623
258
256
255
15
463
968
969
970
819
38
246
478
368
1820
704
1829
73
44
49
2247
1506
1116
1288
1361
53
425
930
931
932
781
1786
208
440
330
1782
666
111
82
87
2209
1468
1078
1250
1323
17
1836
1837
1529
4
5
1892
1819
1820
1512
13
12
1875
1
307
1832
1831
56
308
1833
1832
384
300
994
997
1076
159
484
2049
209
611
563
1897
157
211
110
1975
493
1775
374
1405
1575
900
901
923
924
1051
1461
508
2216
107
2182
413
1847
744
355
313
2126
1811
1641
1642
1096
785
677
1009
1011
1012
1010
1014
1620
1656
1655
2026
1744
2057
1696
2039
1617
1462
1246
1333
2040
453
307
938
1713
1712
1711
1676
1512
1235
99
1353
2031
1665
2068
1428
1309
1567
2051
142
2052
1203
93
57
58
313
31
344
17
326
96
251
467
380
327
1260
1406
775
1
2
37
201
478
1812
360
318
48
355
285
404
146
338
1855
339
510
638
92
56
57
314
225
32
345
16
327
95
250
466
379
328
1259
1405
774
1
36
200
477
1811
359
319
47
356
284
403
145
339
1854
340
509
1182
427
91
55
56
315
226
33
346
15
328
94
249
465
378
329
1258
1404
773
35
199
476
1810
358
320
46
357
283
402
144
340
1853
341
508
1562
1070
771
707
1707
1281
686
750
1318
1691
164
441
1508
68
381
1369
232
545
1205
277
1344
1362
1457
1126
346
23
624
474
1059
205
1685
1485
782
240
1818
2
1
1
1178
1465
1213
355
877
1359
1446
539
907
671
298
297
296
157
1350
2
287
294
427
124
601
1
217
355
348
240
1950
133
170
307
293
167
7
385
421
420
791
509
822
461
804
382
227
11
98
805
782
990
927
928
297
1328
1334
118
796
430
833
193
74
332
816
1377
817
32
1769
1264
182
1215
1843
2156
162
17
46
406
1154
1151
1152
1149
334
179
387
1173
1170
1171
1168
1169
1167
1166
351
744
1080
1114
265
223
561
227
388
389
2009
1383
1641
1072
62
1168
1166
1156
730
1408
1348
219
1574
947
2138
2078
949
2304
1677
462
461
748
54
732
54
53
52
117
51
308
1181
478
1
1214
100
101
4
1258
155
254
1041
1
64
2
255
256
66
191
257
61
1148
1464
757
1004
530
527
1114
1311
990
991
793
648
59
137
248
1157
1707
834
930
1982
2179
161
1520
1549
1290
278
1512
1129
117
29
489
536
539
460
565
568
682
367
34
35
1455
273
679
562
1434
74
10
11
932
234
298
383
637
645
646
3
2
1
672
671
250
448
1599
1
1902
36
432
1598
1901
35
431
84
346
1323
410
1193
99
348
355
977
596
2
1656
103
1207
122
857
227
276
436
272
1319
988
990
958
816
399
1218
737
847
1033
1883
2196
1946
1720
132
158
1214
133
678
619
1232
1472
587
294
915
918
946
623
88
744
1532
140
1370
977
1565
1825
1192
490
226
1411
439
675
673
1288
341
653
519
921
922
77
44
976
121
903
962
1405
185
419
1869
1804
1895
1761
700
698
699
697
1968
1161
1352
1500
1502
6
849
477
1367
1365
960
530
1231
1412
368
143
148
630
511
220
262
321
711
483
747
354
893
482
694
16
805
1737
493
867
248
350
940
1102
386
246
150
745
226
23
107
146
1444
1599
930
1289
187
242
581
529
59
60
64
653
434
154
298
37
978
979
980
468
460
468
1761
505
111
1822
503
1048
401
402
56
1619
270
853
971
131
741
614
815
1285
146
1339
1590
27
1605
1460
257
1619
322
1416
235
1896
1894
789
1685
713
949
947
1108
833
578
251
1366
266
121
231
506
1178
1401
1617
15
130
1333
29
482
757
766
1557
1406
439
216
1735
10
1066
15
1704
16
1491
103
60
1068
549
64
1258
68
181
332
1134
331
330
1305
1135
860
145
401
497
772
1203
352
627
1001
223
1297
1296
1520
1519
948
1660
1842
697
851
121
120
299
306
313
312
315
314
316
466
908
925
634
17
1138
811
958
413
710
1686
434
1264
155
514
466
1192
551
77
446
865
302
311
368
527
535
572
574
658
659
820
965
1410
1751
26
1082
1
1720
303
1419
669
311
1347
396
232
1020
457
466
523
682
690
727
729
813
814
975
1120
1565
750
980
678
1065
1161
437
960
351
212
203
146
13
21
58
60
144
145
306
451
896
162
1230
393
1458
178
1860
555
837
1065
215
1467
333
1620
228
1280
402
455
174
1506
1681
1600
1228
1221
1989
1952
3
1692
1547
1583
1582
1953
1280
1642
1958
1592
1479
688
687
686
1248
763
2108
2130
175
94
278
285
483
446
1509
186
41
77
76
447
226
136
452
188
1415
86
27
818
819
820
258
743
81
453
460
308
271
1684
11
134
98
99
272
401
39
277
363
89
202
993
994
995
433
918
372
379
389
352
1603
92
53
17
18
353
320
42
358
282
1509
8
121
912
913
914
352
837
7
761
724
1231
464
319
355
354
725
52
414
730
90
1137
364
251
540
541
542
20
465
768
731
1224
471
326
362
361
732
59
421
737
97
1130
371
258
1558
533
534
535
27
458
37
1992
297
442
406
407
36
709
347
31
671
397
510
2326
1301
1302
1303
741
1226
1955
260
405
369
370
1
983
984
985
834
672
310
6
634
360
473
2289
1264
1265
1266
704
1189
1343
1695
1550
1586
1585
1956
1283
1645
1961
1321
94
1595
1482
334
691
690
689
1251
766
612
145
109
110
261
412
50
266
374
1601
100
213
2029
1004
1005
1006
444
929
1083
36
35
406
124
437
1313
267
95
411
229
1456
45
68
1884
859
860
861
299
784
1
370
88
401
1349
303
59
375
265
1492
9
104
895
896
897
335
820
371
89
402
1348
302
60
376
264
1491
10
103
1919
894
895
896
334
819
168
169
973
282
31
1719
673
311
5
361
474
1265
1266
1267
705
1190
1344
376
362
678
38
1189
312
199
391
704
1046
592
593
594
32
517
134
133
324
316
50
163
954
955
956
394
879
366
479
287
26
1724
314
90
48
41
67
2257
1270
1271
1272
710
1195
274
1501
113
79
392
1358
904
905
906
344
829
1277
161
1816
791
792
793
231
716
870
22
108
124
252
404
1471
1472
1613
416
1093
505
1
2
149
1279
852
722
490
264
861
1041
1012
1017
538
148
260
320
393
506
1
150
1278
851
723
491
601
265
1042
1013
1018
537
147
319
392
507
151
1277
850
724
492
602
266
859
1043
1014
1019
536
146
318
391
356
1428
1001
573
341
451
115
1010
892
863
868
687
297
469
542
293
313
1437
1499
324
606
1750
1812
11
62
1761
306
312
429
1715
1
2
130
146
274
1493
1494
2263
16
144
296
1363
1364
1331
128
280
1347
1348
152
1219
1220
413
153
1487
1294
1119
1120
1121
1122
906
1272
1273
1274
1275
1059
1
1378
769
1453
834
183
561
949
950
948
398
43
1522
768
1893
1773
1566
326
642
650
796
795
801
120
327
2219
1251
1243
1240
1236
1097
1098
1092
207
1863
2099
1131
1123
977
978
972
770
771
765
384
361
1009
1131
1813
1632
248
44
311
651
1642
1087
1909
1565
1816
1857
1170
1169
1502
115
707
1072
1071
1195
180
969
1242
144
559
1149
1422
324
273
1505
1509
825
823
1098
1095
1096
684
683
682
326
3
167
1996
1550
797
789
788
1217
2079
392
74
61
680
682
635
684
686
1097
476
226
571
347
257
378
571
1
508
204
1708
604
725
730
918
1006
368
1128
1917
551
319
38
2051
36
88
142
304
644
645
989
872
800
327
326
324
14
1647
1648
1125
1126
1130
1133
1820
1706
1373
926
1255
826
778
1391
974
1247
1288
1963
1407
1406
689
1104
1108
542
610
483
684
127
74
281
201
470
1928
577
783
1423
687
1708
1707
2159
74
62
766
519
1103
956
1213
1212
1214
48
1284
915
916
280
1570
369
368
1564
142
1090
1088
1386
140
607
2296
1339
369
1747
335
1434
1504
129
1276
1103
118
283
24
1392
130
327
1423
365
1039
1194
713
601
451
750
206
205
838
836
835
837
833
737
735
736
729
730
1083
228
8
9
10
1117
855
1091
1092
1093
34
334
380
556
1194
1045
788
1566
421
454
1520
189
122
347
25
26
176
814
408
1768
364
1920
153
1331
297
825
97
1122
200
922
403
43
91
1924
1585
245
28
1104
1106
1105
1107
312
134
336
119
1195
1197
1196
1198
1252
1250
1836
1835
1834
126
757
66
1168
710
747
518
505
850
653
584
503
518
517
1
108
276
1709
262
1413
109
277
53
1708
1674
95
236
1363
1253
602
604
603
610
609
634
1803
1472
1777
1633
172
171
1685
2119
1468
418
65
1426
257
354
970
820
1243
631
621
606
607
1156
1171
1170
1416
655
657
656
663
1
8
2163
1661
1199
1207
1208
1258
190
669
1750
31
1448
1725
1009
1297
214
1894
1342
742
305
1204
1639
299
771
301
302
306
895
192
396
56
378
923
924
926
1041
1049
394
381
191
1196
652
781
1068
1421
1420
1805
2164
1119
1118
818
810
809
261
270
573
577
579
2
106
107
856
671
670
251
447
262
5
1272
1514
1277
1497
1
603
611
612
602
610
611
686
687
1459
1460
877
1675
748
194
590
1635
41
1977
541
2192
1622
2172
1369
950
1162
1383
342
1936
1436
215
355
195
608
1027
815
594
1594
1864
1690
1169
1271
838
154
388
7
543
542
697
155
313
644
1296
997
1769
331
70
1563
158
11
1069
395
240
721
833
983
684
1228
1229
670
704
401
1232
173
1127
320
738
64
91
390
502
652
353
897
898
366
374
373
171
403
232
824
1385
1260
868
1042
1084
1087
592
1153
1028
636
810
852
855
171
1253
146
630
691
654
470
254
1321
867
24
160
376
250
298
676
869
822
415
407
969
303
170
1128
1198
1524
400
357
1
670
669
252
446
324
1007
63
1314
511
3
1532
1520
1521
1323
944
1529
1517
1518
1320
185
888
817
1941
1942
896
948
759
56
127
1056
1081
638
779
215
25
1719
302
1694
213
506
509
508
511
510
513
277
465
1543
1655
499
1275
1421
1696
1704
1693
1699
1722
208
1
63
387
1778
545
546
548
144
1944
1178
364
132
232
1392
340
2022
1052
630
41
1
843
923
842
669
668
253
445
8
80
81
446
72
73
1507
1509
1508
1510
202
15
1061
1063
1062
1064
15
1055
60
1673
282
1303
30
942
749
1
2037
1334
312
2370
554
553
551
2038
1335
313
2371
555
554
552
703
1725
333
1483
1484
1486
1022
1036
780
781
783
2058
242
241
239
1816
1817
1819
1
3
2
534
441
359
557
1444
366
1594
1094
883
1595
2036
3
1592
1651
1440
2152
500
893
1810
211
412
45
1236
1646
579
813
835
834
1774
1080
1079
1082
1081
2021
1398
1765
1231
36
730
731
728
729
224
362
355
247
1943
140
163
286
1796
2223
1927
1
1858
979
1795
2222
960
2021
2027
1286
156
135
1336
2131
763
503
1573
211
501
1151
433
758
712
1341
240
1161
716
2053
1059
952
1873
80
1383
133
703
111
49
1378
62
1489
1427
5
146
147
148
833
141
142
143
828
1
2
687
1
686
685
1595
793
803
1270
1447
9
1857
790
623
256
1024
1046
1045
1985
1291
1290
1293
1292
824
614
1234
167
1580
1241
367
401
423
422
1362
668
667
670
669
534
1947
1608
1729
1035
1034
1037
1036
449
1186
1357
208
994
991
992
989
990
988
987
172
32
31
30
23
24
1565
1325
1326
1327
1334
1333
1194
786
783
784
781
782
780
779
36
229
1404
1
60
1008
1407
1568
1056
872
1737
541
540
240
239
238
231
232
1633
228
169
81
1139
465
310
791
903
1053
1298
1299
666
668
669
667
671
1285
1405
1464
1552
494
1168
1323
842
730
580
348
59
147
911
237
82
563
675
825
1070
1071
438
440
441
439
443
1057
1068
535
364
146
145
536
198
622
725
1001
1116
1603
704
922
923
1604
1266
571
569
568
570
566
67
48
774
761
759
760
753
681
899
808
1536
219
900
562
1011
1009
1003
351
1232
1714
1801
512
1627
1852
1577
1617
1703
1615
1618
1855
2198
1776
1621
1405
1492
2199
612
597
313
312
101
225
50
10
76
12
9
228
571
149
6
222
135
572
1015
1030
1314
1315
1526
275
235
149
237
234
3
346
76
231
447
360
347
1240
1255
1539
1540
1751
40
126
38
41
278
621
199
44
172
85
622
965
980
1264
1265
1476
86
2
1
238
581
159
4
212
125
582
1005
1020
1304
1305
1516
88
85
152
495
73
82
298
211
496
1091
1106
1390
1391
1602
3
240
583
161
6
210
123
584
1003
1018
1302
1303
1514
237
580
158
3
213
126
581
1006
1021
1305
1306
1517
343
79
234
450
363
344
1243
816
246
1256
1257
1258
1542
1543
1754
422
577
793
706
1
1586
1159
589
1599
1600
1601
1885
1886
2097
155
371
284
423
1164
737
167
1177
1178
1179
1463
1464
1675
216
129
578
1009
582
12
1022
1023
1024
1308
1309
1520
87
794
793
366
204
806
807
808
1092
1093
1304
707
880
95
453
117
893
894
895
1179
1180
1391
1587
1160
590
1600
1601
1602
1886
1887
2098
427
997
13
14
15
299
300
511
95
1117
972
1557
63
560
233
469
401
186
215
437
1806
1
1149
1150
162
1459
293
296
295
298
297
300
649
648
1209
60
786
1149
1159
423
450
1398
726
1515
401
1712
1711
918
917
731
766
1224
7
168
502
498
500
499
223
1237
1018
524
1017
1215
1
1079
941
937
792
668
310
229
105
1464
1828
611
610
146
2085
2097
12
2164
1231
808
849
67
158
214
215
13
625
1494
339
1144
473
819
1155
805
134
480
217
859
861
860
862
1076
1078
1077
1079
6
267
274
147
149
1284
1408
87
421
1012
1013
1015
1014
334
1099
1100
1102
1101
1433
1434
1125
584
780
541
345
1246
746
2
1
1293
1919
424
1008
144
451
864
1459
304
98
1496
525
493
2217
1207
1366
1514
32
1498
1692
1551
644
427
131
62
296
1847
1967
365
1178
351
1829
1831
62
388
1777
544
545
547
450
1715
482
483
485
2165
932
933
935
1233
1232
1230
2057
258
311
1321
215
217
569
1579
1089
853
473
475
2194
1345
857
1641
853
849
1337
553
1341
488
296
492
654
1
682
681
580
856
1261
1537
1
1060
1066
325
805
925
910
909
911
1061
1067
326
804
924
16
15
6
735
1865
741
1871
1991
1051
1052
1130
1250
310
311
120
1741
227
1861
347
937
876
1543
200
13
184
1196
294
412
1850
2
1851
1980
1900
359
187
384
996
494
212
1650
198
1651
1780
1700
159
197
1183
307
399
1837
11
1838
1967
1887
346
1380
110
596
2034
186
2035
2164
2084
543
1490
880
966
967
1094
181
187
837
610
524
523
396
1309
1303
653
1438
410
423
401
402
1848
1015
1037
1036
833
811
812
129
44
217
2
1
1195
501
500
503
502
1029
1030
1031
63
492
1461
1090
41
314
355
173
129
75
79
1470
840
1078
365
367
368
138
131
23
2167
7
115
2305
108
2298
2190
626
1461
1462
52
486
165
1215
1698
207
1376
1279
1
1513
1947
1296
246
237
1254
85
182
1514
1948
1297
247
236
1255
86
183
434
217
1267
1750
259
1428
1331
651
1701
2184
693
1862
1765
1050
1533
42
1211
1114
483
1008
161
64
1491
322
419
1169
1072
97
1
1291
1292
1761
1942
1156
1157
387
333
332
1206
678
837
283
425
556
557
1213
1214
275
36
118
906
635
1340
1
791
876
65
64
1
44
254
210
366
1
36
1
2
1
25
963
1065
487
293
332
333
6
1292
1362
880
1
605
607
2
1851
1
129
379
1019
439
399
300
594
1135
2173
1
1
1796
41
556
515
1827
627
2
79
385
1684
386
316
1299
1
69
1298
1368
874
217
462
742
70
424
1515
836
556
494
1585
906
626
348
9
1
19
39
58
1
1268
1810
542
582
74
491
1
166
1510
1448
1417
62
93
31
797
4
3
2
1
2
1
261
1319
288
115
110
1568
5
171
1563
1679
1
522
523
1418
7
315
588
589
1
986
987
1
53
52
390
1908
1123
785
904
1386
1473
482
569
87
295
277
1232
1230
2
342
400
1
613
593
803
946
12
1
197
214
89
80
954
879
506
507
1385
1386
1
1
343
1724
1381
1589
875
876
229
230
1
646
645
647
646
1
122
1435
441
169
30
28
1326
1216
2
23
25
168
5
1663
1668
29
30
110
1
81
80
1
247
246
603
1
1078
842
685
642
236
921
878
162
329
112
1218
217
889
1106
28
247
391
1
392
777
1
1543
823
824
50
1544
824
825
49
720
719
1593
1
873
874
42
1589
287
2076
1655
57
136
135
134
316
315
1937
193
192
191
190
739
5
4
1
1003
1
2117
2
1
1301
1827
1121
1120
162
1239
526
180
181
1463
62
706
707
1989
588
1
1283
118
1282
119
1401
1
970
1
544
816
556
545
817
557
272
12
260
1
42
1
802
803
1010
965
1238
447
273
518
791
127
2036
128
319
1909
1
192
1908
1717
191
741
1
668
800
740
1409
59
669
799
1468
1
1
1
87
88
215
86
87
699
693
214
1
785
779
128
786
780
127
913
907
6
215
7
8
1263
1044
1
1270
1051
1271
1052
219
946
1
159
360
945
1105
586
64
195
160
1125
359
1033
519
1
16
1
2
1
1
2
3
1
44
1205
1398
602
1249
1442
558
193
1807
2000
1539
872
868
870
1217
1218
1
667
1687
2153
2140
466
453
13
1
3
2
1863
14
4
2
2
1863
1
272
193
263
70
698
900
889
888
11
12
1
1
1
2
3
1
2
1
15
17
61
3
2
1561
62
845
844
1563
60
847
846
1623
716
717
907
906
1
1420
1
1101
3
175
1917
296
341
45
403
6
1072
1129
226
1355
1
52
1486
1487
1
922
1
2
1
414
1525
1524
1
2
1058
384
229
710
822
972
674
829
348
236
86
155
326
438
588
481
593
743
125
123
112
122
124
262
507
508
120
234
236
150
395
396
232
237
235
245
246
2
3
1
633
5
1
1
631
3
2
630
2
632
4
331
1196
1
545
856
332
1197
628
546
857
24
570
610
1
2
1
585
236
237
238
889
1
2
1125
1
1126
1127
621
2008
2120
34
1740
1886
2161
2169
2158
2164
2187
673
112
2042
268
122
153
161
150
156
179
1335
2154
380
234
41
49
38
44
67
1447
1774
1920
2195
2203
2192
2198
2221
707
146
421
429
418
424
447
1067
275
283
272
278
301
1213
8
3
3
26
1488
1456
11
5
18
1496
1464
868
6
29
1485
23
1491
1459
1256
1514
1253
1254
1255
426
553
948
261
260
32
868
258
59
573
3
412
1
1
357
400
413
2
356
4
524
1883
1201
682
562
191
190
192
481
1
1
672
2
671
673
783
1
679
1818
1668
1673
797
473
324
165
845
448
489
524
1420
684
2
76
972
235
234
236
1269
778
491
782
731
51
818
263
201
1583
1582
1382
1381
1
1
1161
297
296
1160
298
297
1458
1457
1
1311
1
72
51
1422
1421
71
50
1423
1422
21
1494
1493
1473
1472
1
86
85
84
1130
465
1
2
1044
379
1
1045
380
1046
381
665
1
613
476
433
695
176
437
885
441
554
41
761
42
43
43
1171
652
39
1361
35
78
435
1237
434
433
1128
609
4
1318
8
121
392
1194
391
390
519
1132
190
1136
1249
736
66
737
738
613
709
617
730
217
585
218
219
1322
4
117
396
1198
967
395
394
968
1326
1439
926
124
355
927
928
354
113
400
1202
971
399
398
972
513
1315
1084
512
511
1085
802
571
1
2
572
231
803
804
230
1
1
424
127
90
1458
2
1
1
32
142
1
631
930
1492
1105
1702
299
861
474
1071
562
175
772
387
210
597
1
517
8
9
655
509
508
138
1
647
646
177
200
332
194
486
193
138
154
139
292
1
293
1
722
1
1
1
76
2036
75
2035
1960
80
408
328
1483
1600
1477
117
6
123
11
209
198
1448
2108
1556
956
519
1418
1853
513
985
515
516
520
1109
22
610
158
552
1152
1589
690
255
1595
1123
1593
1592
1588
999
2086
1498
1950
600
1037
138
297
1043
571
1041
1040
1036
447
1534
946
1398
437
462
897
443
29
441
440
436
153
934
346
798
899
1334
6
466
4
3
1
590
497
91
361
435
905
433
903
902
898
309
1396
808
1260
1340
868
1338
1337
1333
744
1831
1243
1695
472
2
3
7
596
491
97
355
470
469
465
124
963
375
827
1
5
594
493
95
357
4
593
494
94
358
589
498
90
362
1087
499
951
588
136
452
1
6
7
5
6
1
927
926
1182
374
1
337
1
413
753
338
750
1090
412
752
340
956
1332
376
570
440
441
442
726
727
938
1010
1011
1012
1296
1297
1508
1
2
286
287
498
1
285
286
497
284
285
496
1
212
211
1324
1
269
250
339
1
150
149
206
217
827
651
653
1478
1480
2
198
128
1077
131
192
191
190
70
879
67
6
7
8
949
3
64
63
62
946
885
886
887
61
60
59
1
2
1
1
91
1
2
3
1
14
325
339
1
1
551
2
552
550
3
114
447
894
565
994
1042
333
780
451
880
928
447
118
547
595
329
100
148
429
477
48
613
1479
368
754
1
2
3
1436
1
2
1437
1
1438
1439
1
784
4
788
261
268
153
155
7
414
416
421
423
2
500
1072
1
1621
123
124
125
126
1622
122
123
124
125
1744
1745
1746
1747
1
2
3
1
2
1
345
181
1
350
349
1
193
33
1
1
1306
239
238
237
1307
240
239
238
1067
1068
1069
1
2
1
1
1
356
863
507
145
147
1449
465
2
1594
610
1596
612
984
1
2
560
75
1
561
76
562
77
485
639
154
958
365
366
367
1125
1029
894
919
920
921
417
418
593
592
591
167
71
1852
39
38
37
1375
1376
1
2
760
664
1259
554
555
556
782
783
1
759
663
1260
553
554
555
783
784
758
662
1261
552
553
554
784
785
96
2019
206
205
204
1542
1543
1923
110
109
108
1446
1447
1813
1814
1815
477
476
1
2
1336
1337
1
1337
1338
1338
1339
1
382
383
1381
1
1763
1764
539
1256
1542
151
1
1285
1541
1289
150
106
1215
256
1365
1439
1109
1183
74
456
1635
615
482
270
96
425
323
756
174
695
593
1026
521
419
852
102
331
433
1
1
540
544
561
562
1
1
2
1021
1
1022
1023
225
147
148
54
692
372
373
171
467
1
201
839
202
840
497
638
232
406
8
1
750
749
941
942
943
505
1
2
1446
1
1447
1448
1682
331
329
2
1019
1020
1
2
301
932
867
299
934
869
1233
1168
65
1272
1000
21
1
477
478
238
476
477
237
1
239
240
83
1
896
736
737
738
1303
213
1516
308
49
890
579
142
253
252
1469
748
1143
1142
721
326
327
395
394
1
1
794
795
793
794
1
720
1
2
1
369
193
1
2
1
96
2042
687
286
973
550
861
1222
131
266
370
301
1289
1713
1615
1616
424
326
327
98
97
1
1
1627
1
562
1102
644
458
1
2
1
1086
176
175
174
178
1087
529
558
561
557
911
912
913
909
7
1
1
2
2
77
353
75
8
2
1
3
76
354
74
9
3
4
75
355
73
5
1
79
351
77
1
3
346
352
428
430
19
1
2
973
1
974
975
462
4
1
1
1
2
3
213
1
2
214
1
215
216
865
4
1101
1102
1
755
423
311
165
373
1
746
2003
794
727
927
67
1721
1654
721
125
517
392
546
586
40
1
1
773
774
772
773
1
1
2
1
703
632
71
1
776
390
1
890
888
2
837
1074
862
864
237
25
27
212
210
2
1
970
1
1195
344
1196
355
1336
789
1
1
922
224
921
223
698
571
29
30
1
1
5
6
3
2
5
4
7
1
2
1
4
3
2
5
1
2
74
3
75
458
1
2
1
1
3
2
4
5
4
3
5
6
1
1
2
2
337
1
524
523
525
1
1
1
3
2
769
411
339
347
358
2
8
6
3
2
5
4
6
7
822
1
2
1
3
4
819
3
2
4
5
820
1
1
2
817
2
3
818
1
816
815
1
1
79
80
72
78
79
71
1
7
8
284
275
1
3
2
1
1
7
14
13
16
15
17
7
6
9
8
342
10
1
2
1
3
3
2
4
1
1
2
1
1012
1
2
1
1
1
348
368
28
346
2
3
2
8
8
1
3
150
146
148
958
4
2
808
2
1
8
1
6
7
1
708
8
1
5
22
21
1
4
108
3
9
8
10
1
3
1
2
58
64
5
4
6
1
1
2
2
2
1
5
6
3
2
810
1
1
3
897
6
2
1
1
8
7
161
1
43
10
3
2
1
10
11
2
1
3
2
2
1
1
1
1
694
695
692
693
1
2
1
3
2
1
1
1
6
2
109
112
115
1
3
2
4
1
1
2
1
2
2
1
3
1
1
2
1
1
1
26
15
14
1
2
3
2
3
4
1
2
1
1
2
1
1
123
124
1
2
9
8
1
8
7
7
6
1
1
1
