1
3
5
7
8
10
13
17
19
21
24
27
35
40
47
51
60
75
79
81
96
107
108
127
130
131
149
163
164
166
170
171
180
186
248
253
256
279
287
303
316
322
353
356
357
360
365
395
409
425
466
485
491
496
501
508
521
524
526
534
536
537
538
539
540
541
542
649
842
1078
1132
4
6
15
22
24
36
47
48
78
88
103
108
119
127
131
135
146
148
162
173
179
182
188
197
233
252
279
280
301
302
314
321
323
334
347
350
356
357
364
399
464
515
519
523
530
625
672
688
780
808
1015
3
5
8
16
18
28
47
53
54
59
65
74
79
91
107
126
127
135
137
162
163
169
170
183
190
225
232
277
278
279
286
361
369
385
386
401
423
424
425
436
462
494
502
503
616
905
985
1044
1051
1081
1086
4
6
16
19
27
31
37
41
44
57
58
63
65
71
72
76
104
105
111
114
127
130
135
137
163
164
183
202
203
253
258
282
392
463
483
488
492
493
494
495
496
497
498
499
590
597
728
745
760
1104
6
7
8
10
14
16
23
26
35
49
52
78
98
101
105
110
111
166
167
181
198
220
230
252
258
272
311
315
357
371
385
391
392
398
399
431
433
569
614
618
619
648
691
693
695
758
958
1122
1127
6
7
9
13
22
23
25
28
44
68
82
83
99
101
121
123
126
143
157
166
178
187
195
218
229
248
270
309
310
352
353
360
373
395
397
482
516
517
581
582
583
584
619
704
754
802
868
1115
2
13
21
26
30
61
64
69
76
78
95
107
109
113
131
144
173
205
220
221
248
250
256
275
276
280
315
347
357
367
376
404
427
431
441
629
646
750
765
824
844
884
896
985
1062
12
13
28
31
33
67
68
83
89
100
107
122
131
157
160
179
199
204
222
249
253
262
265
309
311
346
350
359
479
490
497
504
513
519
520
543
550
551
593
600
812
1048
1123
5
16
17
20
23
46
56
60
70
73
101
109
121
148
157
164
199
201
212
220
243
265
276
337
338
393
437
476
479
607
625
626
645
663
680
681
725
726
815
876
934
12
13
20
27
35
52
67
83
92
108
129
131
180
199
220
223
246
252
309
386
495
497
498
499
500
585
601
602
610
722
723
724
725
754
755
807
825
964
1071
1096
1120
20
46
51
99
120
121
129
139
141
161
176
194
224
246
250
271
272
276
278
309
310
311
312
351
352
355
385
386
390
392
393
425
458
475
493
807
949
1116
1117
1118
22
27
38
40
48
78
90
109
110
111
117
120
144
160
178
187
189
244
253
258
270
282
312
328
344
400
478
482
494
573
574
796
892
894
973
1035
1113
1114
21
36
42
44
52
60
66
81
86
93
97
113
119
158
159
190
195
211
212
221
222
240
264
272
308
322
386
390
392
400
475
480
481
648
686
691
697
1111
8
17
22
27
28
41
50
60
62
77
95
96
114
116
117
118
125
151
197
261
274
303
304
340
344
419
453
472
496
498
500
502
506
566
569
636
823
1023
6
9
14
18
22
23
26
34
41
51
63
73
74
75
84
99
118
120
122
157
169
178
201
299
370
386
473
479
482
573
575
748
789
790
796
827
1061
13
14
18
28
33
37
41
57
78
87
97
136
143
212
220
262
374
375
491
514
565
590
615
639
684
755
757
758
761
784
947
980
1023
1042
1051
1053
1098
4
14
19
25
29
30
40
43
46
48
60
76
82
107
113
155
176
183
185
218
236
237
261
305
335
336
346
348
369
384
426
449
451
682
757
791
836
8
14
29
37
64
73
87
90
131
176
211
228
266
267
273
290
322
365
372
408
457
466
476
483
505
557
574
713
729
766
806
880
893
905
1091
1105
2
21
30
81
87
88
101
119
143
177
193
198
212
241
251
259
292
293
297
303
331
346
404
407
428
447
455
605
617
654
677
691
753
837
871
1066
2
8
28
41
77
88
89
95
116
145
147
148
167
187
229
234
237
297
303
338
408
446
478
480
481
482
485
489
490
496
507
542
560
664
1102
39
45
51
79
136
159
160
172
189
199
200
210
232
294
318
331
345
358
391
402
405
453
474
676
694
710
764
788
821
845
947
1088
1097
1100
14
23
26
30
39
45
54
60
75
87
93
108
109
143
165
233
235
264
296
297
332
336
339
512
515
519
522
523
561
605
798
804
911
1098
39
54
59
95
146
150
166
167
207
238
239
355
584
585
586
587
588
589
590
591
592
709
710
712
713
733
792
916
951
999
1002
1003
1085
1096
5
14
28
34
42
60
65
88
105
111
119
124
139
199
243
244
256
259
273
278
333
506
557
558
720
739
784
861
863
864
865
1000
1005
7
30
35
63
80
85
87
110
148
154
159
163
183
204
260
282
300
322
582
591
608
610
664
667
671
673
702
703
706
710
722
800
839
20
33
45
60
61
121
129
138
169
187
191
216
217
268
285
292
308
323
324
356
412
413
415
417
419
425
428
657
831
962
1056
1073
9
11
19
20
27
30
43
59
101
110
160
241
253
335
371
375
437
443
445
450
463
597
616
683
690
745
824
828
907
931
936
991
19
23
26
37
61
64
67
70
82
92
158
191
193
197
203
288
314
330
358
360
367
398
467
513
590
593
597
801
823
853
919
1090
9
20
27
29
37
52
60
85
106
114
119
179
186
229
236
250
273
303
307
356
358
552
660
661
726
731
816
841
856
891
903
14
23
27
58
73
93
101
102
122
140
160
169
198
206
220
231
248
252
324
466
576
598
705
741
743
805
910
933
1085
1086
1087
10
19
26
31
38
52
79
80
87
101
103
110
122
140
141
162
204
205
231
232
258
337
343
344
365
392
405
434
455
732
1083
42
47
56
57
71
73
117
134
150
161
207
208
236
245
300
324
354
384
388
393
489
554
555
557
559
560
561
807
813
853
3
7
14
18
21
30
44
50
53
67
81
83
87
95
97
147
150
154
167
169
250
309
331
353
365
390
391
405
492
901
18
24
44
51
55
85
95
101
103
114
138
151
167
181
190
224
280
323
325
361
440
593
674
718
720
777
844
898
1044
9
13
26
32
40
45
84
92
109
132
133
156
212
251
284
376
464
466
492
508
516
517
527
528
649
714
851
993
1078
5
9
38
40
41
78
79
92
95
129
155
176
219
225
252
283
318
324
330
331
450
462
466
474
478
508
517
547
581
8
40
45
46
84
132
153
173
193
223
237
288
304
341
570
573
575
576
578
583
597
695
699
719
727
778
902
937
1075
11
18
20
27
28
47
50
51
74
81
102
105
110
178
185
229
230
243
259
543
544
552
804
836
847
849
850
851
26
29
38
44
77
81
82
91
112
122
192
210
214
216
260
360
395
408
540
572
573
679
718
851
889
891
911
1016
11
23
31
33
54
78
84
86
157
179
181
185
223
231
263
302
315
351
356
535
585
616
633
744
909
1001
1047
1061
34
35
50
68
74
91
130
146
160
213
216
278
282
317
324
426
432
445
446
457
469
478
480
486
487
586
609
640
9
15
18
21
23
26
35
72
74
78
84
88
91
159
193
211
221
243
311
357
403
418
424
426
648
971
979
6
12
36
56
71
110
123
165
191
234
242
294
295
356
357
363
364
372
374
445
450
451
452
468
512
933
1068
9
13
37
69
74
108
148
158
192
204
207
264
265
390
562
588
646
672
727
729
732
735
736
819
897
1065
1066
17
24
57
94
96
145
164
165
188
215
217
241
332
351
353
444
445
446
447
604
688
689
690
719
1061
1062
1063
40
54
58
105
114
149
167
265
303
305
392
399
409
410
416
420
635
637
735
811
971
972
1017
1018
1048
1059
7
25
54
63
114
182
186
199
419
651
655
656
660
698
699
700
701
778
804
805
881
883
917
1021
1038
1057
13
19
27
32
49
79
88
96
117
119
143
209
253
271
310
441
450
451
453
454
461
469
493
515
601
701
7
17
30
41
43
50
54
58
104
117
155
159
236
350
351
356
364
365
439
445
446
462
493
505
892
1054
45
60
68
76
83
100
112
122
152
174
185
273
305
306
315
319
330
373
376
391
475
633
648
750
891
1052
12
20
33
63
79
100
127
146
170
201
233
244
248
261
415
723
733
739
748
773
829
831
833
887
1050
6
8
22
27
45
125
147
169
182
186
227
300
307
315
327
434
447
471
490
597
635
730
737
899
1048
4
6
50
64
93
99
107
167
175
183
258
297
298
329
391
392
407
472
553
564
718
720
722
910
1046
41
42
62
149
160
251
290
298
315
325
326
409
469
513
614
670
814
817
875
891
914
1000
1043
1044
24
34
35
44
48
55
109
111
118
155
219
222
282
301
344
345
352
361
456
466
552
561
642
649
10
22
29
43
56
63
92
97
128
152
160
189
225
227
330
432
438
468
499
526
701
703
788
856
46
68
75
95
115
135
167
171
179
194
221
300
347
385
408
409
549
569
706
714
715
716
785
906
8
27
31
54
61
85
126
154
158
209
210
239
256
327
328
466
522
523
524
827
829
830
831
58
101
154
158
161
191
233
251
252
275
292
386
401
547
570
573
577
587
620
903
1035
1036
1037
24
33
61
63
72
139
173
175
222
302
338
352
489
536
567
591
627
644
703
846
907
1032
1033
6
9
14
30
66
70
75
83
84
121
130
169
214
240
245
437
476
479
490
497
547
623
688
7
21
49
56
71
72
77
78
79
91
111
174
201
227
306
312
313
334
361
423
650
755
837
31
35
51
63
134
162
208
230
279
290
403
486
590
610
637
711
715
721
830
854
978
979
10
33
64
67
75
93
193
224
290
294
445
448
450
453
458
516
545
548
692
970
973
1027
8
29
34
41
45
56
58
61
158
160
256
277
633
647
706
713
759
825
876
948
977
1025
21
22
37
46
48
69
117
118
146
150
203
217
260
428
522
524
738
739
740
779
1010
8
41
60
64
69
75
77
100
101
124
139
180
252
281
433
434
436
453
470
491
682
15
43
73
103
117
118
184
210
221
250
254
300
320
322
403
549
553
554
873
929
930
12
14
32
47
49
65
72
104
142
218
299
305
327
599
600
615
672
677
783
797
1020
73
88
94
98
112
113
198
199
230
244
293
294
426
432
455
473
483
506
771
894
16
35
51
86
107
126
150
181
213
247
250
471
604
635
703
729
753
755
813
1016
44
85
125
174
317
345
597
631
659
669
676
718
779
782
854
879
910
982
1013
1014
13
25
33
60
91
108
180
245
300
372
373
575
587
588
597
716
827
843
852
1011
14
31
40
66
75
110
166
192
241
258
280
513
514
515
516
517
518
730
771
1002
16
34
52
69
92
93
116
132
200
423
424
426
441
452
488
489
674
712
821
878
32
55
63
75
89
135
178
212
241
290
391
393
397
410
433
434
438
441
467
504
16
25
44
74
153
184
185
297
321
386
533
540
557
656
688
831
949
1004
1005
1006
7
34
36
41
57
106
145
180
202
203
205
237
258
410
416
674
675
676
682
20
84
87
129
170
206
260
277
320
321
326
327
409
416
418
432
525
537
852
49
59
70
101
181
200
224
331
412
455
457
458
459
460
480
547
763
807
876
36
44
65
78
111
147
165
263
290
426
525
545
550
555
666
692
787
887
933
33
45
48
52
63
83
109
148
204
235
326
349
440
451
525
615
619
819
998
19
28
55
58
68
180
200
206
281
319
340
355
380
534
570
768
978
985
996
37
53
60
74
122
143
194
207
229
278
327
359
377
393
406
494
795
880
50
58
100
131
173
198
217
251
300
301
385
667
669
674
790
793
847
993
69
126
131
156
192
248
264
281
296
353
355
360
365
374
375
380
839
840
35
39
70
92
125
134
231
315
358
361
546
568
603
629
728
731
920
990
17
86
95
96
128
167
178
192
193
239
266
501
716
717
718
757
831
988
23
46
54
59
178
179
208
211
297
492
493
668
679
753
796
798
799
800
15
20
36
43
47
74
114
164
190
223
308
400
435
443
491
625
865
969
36
40
48
54
74
100
116
139
156
215
228
267
275
407
467
517
558
795
71
80
87
88
97
140
187
260
287
402
620
693
695
704
736
805
906
983
47
106
119
140
189
305
353
397
502
505
529
548
817
872
874
892
980
981
12
16
32
38
63
108
131
147
159
177
182
261
481
484
579
605
606
610
42
52
86
91
126
225
270
291
328
346
390
430
436
621
622
651
866
888
93
107
109
191
248
250
273
357
471
474
475
572
685
774
974
975
976
34
39
68
71
74
160
189
207
261
268
399
402
408
412
421
454
937
26
127
157
164
205
235
255
257
276
366
368
535
557
562
607
667
971
54
103
109
178
184
186
239
300
301
306
343
389
394
395
396
876
969
16
20
131
243
250
323
363
375
479
520
521
627
726
760
779
864
967
72
128
145
205
206
388
597
601
602
641
645
647
724
766
827
914
965
9
19
21
49
108
134
160
181
270
332
519
526
634
662
665
696
837
37
49
63
67
133
146
174
182
296
302
394
503
667
668
669
672
860
56
91
139
207
245
327
358
577
671
677
753
754
945
959
960
961
32
44
59
79
118
135
139
209
210
483
484
485
487
733
734
740
20
65
95
97
129
172
210
287
320
513
516
542
594
600
665
684
17
22
65
101
128
131
141
189
361
473
583
605
608
672
675
708
13
31
57
59
98
146
165
198
246
258
327
329
392
412
450
827
22
80
171
252
256
364
389
412
418
541
717
726
729
787
890
918
22
23
51
54
61
111
119
512
544
579
580
586
588
625
757
952
23
116
144
178
250
253
257
277
291
312
327
542
740
741
948
950
7
31
36
111
155
185
273
469
470
477
656
773
775
776
777
12
46
79
85
103
109
196
394
492
513
514
523
711
883
945
73
149
169
171
352
388
503
643
645
728
799
849
893
922
943
24
97
142
202
239
243
332
390
395
397
399
407
427
534
941
35
41
162
236
350
501
641
735
738
739
750
829
852
938
939
29
65
75
111
119
232
233
234
343
489
509
514
658
660
935
16
23
70
113
140
171
250
256
278
283
319
367
460
911
931
87
97
128
161
239
390
441
461
462
463
566
722
767
891
66
76
111
150
202
207
284
346
351
501
504
553
607
706
76
89
133
139
227
251
305
326
423
490
491
612
886
927
110
150
244
268
380
384
416
458
483
496
505
535
808
903
33
76
133
201
427
472
475
476
695
699
781
842
862
924
122
157
174
196
197
264
353
501
529
731
741
766
837
922
34
73
103
114
268
326
404
645
647
650
651
894
918
920
31
33
105
192
216
262
263
265
321
527
887
913
915
916
17
18
41
64
91
148
192
374
475
481
522
536
710
883
11
98
232
283
339
376
384
385
386
392
425
455
909
910
34
48
61
72
106
187
206
238
266
339
480
659
681
745
21
41
50
75
157
192
213
320
335
448
449
567
600
730
56
81
126
130
186
223
364
365
366
374
391
420
566
618
70
185
269
304
354
365
378
385
387
388
389
567
732
867
17
31
70
120
121
190
226
233
268
270
334
384
488
577
7
17
57
128
155
234
240
241
332
351
354
562
625
717
130
250
251
359
617
618
619
740
741
743
785
787
797
29
32
55
111
137
150
212
405
415
548
549
550
613
11
27
80
117
143
176
277
353
388
396
545
645
819
34
45
89
225
226
286
295
296
327
334
419
479
898
87
123
221
257
362
373
374
375
376
377
476
894
896
32
149
241
283
286
287
298
300
330
351
371
759
812
95
121
122
148
227
234
255
282
284
591
889
890
891
25
64
131
159
177
216
361
378
393
398
409
416
73
124
138
154
438
699
731
742
744
745
746
886
38
113
131
352
354
357
374
399
418
505
883
884
73
85
130
174
213
413
462
463
475
677
880
881
24
46
52
82
361
459
460
480
485
629
806
868
24
95
204
291
294
297
298
301
307
313
314
841
45
75
166
238
272
278
376
433
694
697
739
876
16
35
95
166
183
385
438
439
440
441
444
874
61
82
85
105
172
336
360
375
377
435
501
534
33
76
79
109
237
289
312
321
540
757
783
871
53
76
84
158
454
474
477
574
619
620
621
651
55
105
106
132
246
247
335
340
341
342
822
868
40
97
110
137
176
634
635
643
742
743
744
62
137
227
229
285
289
293
305
524
525
833
43
100
126
216
242
394
438
440
748
752
864
138
155
161
164
232
233
496
515
519
627
667
46
54
89
111
135
205
345
418
577
630
763
49
63
173
370
371
477
611
617
665
718
860
35
53
189
191
285
286
295
302
511
523
857
68
85
532
537
546
585
664
767
769
854
855
51
69
86
158
283
460
463
671
761
825
852
72
94
122
203
204
305
331
337
495
597
663
68
149
159
199
235
276
326
353
361
636
849
22
92
121
189
193
334
369
386
462
485
847
68
83
173
233
234
240
345
388
438
765
845
39
106
152
187
191
331
336
370
385
391
843
23
79
105
149
180
348
352
516
517
518
581
21
40
114
440
441
442
443
444
451
465
805
58
66
80
178
268
359
456
665
770
838
839
51
82
141
150
219
268
496
539
685
775
828
53
63
89
117
190
231
232
254
255
293
414
56
89
111
229
439
443
516
524
525
559
562
92
153
382
413
587
630
632
670
700
833
67
103
117
264
270
276
277
282
600
831
20
116
174
263
264
272
502
503
504
812
45
105
158
163
171
450
716
826
827
828
19
27
43
47
74
106
606
612
646
702
69
129
454
511
537
539
542
608
685
823
128
146
222
324
441
510
540
630
684
818
36
123
233
309
321
330
342
352
500
686
57
58
87
118
181
394
409
664
665
667
52
117
180
181
235
251
287
311
393
813
32
60
131
148
202
403
404
405
406
661
117
151
202
568
569
570
690
691
692
693
38
92
262
350
669
727
806
807
808
809
62
70
130
224
280
318
323
356
362
393
31
88
207
354
437
449
641
642
645
803
99
192
234
257
592
639
711
784
790
801
150
182
187
188
421
422
566
625
749
799
56
157
318
325
343
344
458
558
683
695
36
44
413
414
434
435
439
585
742
771
30
121
164
192
193
331
395
397
647
648
43
70
97
136
603
702
703
704
757
48
154
244
485
486
487
488
663
793
74
154
261
477
482
483
484
637
791
24
55
87
192
577
587
627
683
687
309
438
572
574
577
578
579
630
635
83
119
351
395
397
489
557
766
786
98
281
282
283
527
660
746
780
784
95
162
171
189
190
280
310
589
631
29
46
49
51
202
488
589
739
781
102
119
149
250
414
435
665
666
779
35
126
508
510
511
584
607
642
777
82
93
105
138
141
187
370
774
775
38
80
113
297
314
336
352
629
772
23
112
118
151
351
394
401
608
770
75
77
205
279
286
504
687
767
768
116
401
403
404
406
425
527
547
765
64
155
167
397
401
523
524
525
763
69
190
321
325
473
745
759
760
761
110
155
190
193
273
421
460
478
757
77
81
138
231
232
241
466
644
91
155
157
162
175
181
731
754
43
87
170
319
537
538
539
660
98
100
111
374
538
541
590
703
75
133
221
228
231
240
243
463
57
390
402
431
445
604
748
749
52
57
352
418
491
611
695
745
74
162
163
164
234
376
378
555
31
63
78
95
406
578
659
672
90
107
120
166
167
169
662
740
112
136
224
301
359
618
619
622
74
122
180
243
244
398
484
636
130
170
449
475
481
553
665
736
209
261
270
271
287
289
327
682
56
191
277
488
492
493
731
733
137
206
237
378
398
403
543
545
78
327
464
468
469
473
474
637
30
95
128
371
378
430
505
585
81
87
235
243
391
392
393
595
40
135
191
299
373
386
395
724
49
91
363
584
586
590
671
722
172
173
251
261
548
549
697
719
28
125
168
199
231
233
463
475
132
187
369
370
534
535
536
716
54
68
107
488
659
660
714
58
541
544
545
554
555
556
30
278
315
602
607
608
609
346
349
351
352
353
453
629
29
334
407
431
649
708
709
196
197
199
204
209
429
706
106
212
215
225
438
439
440
88
343
345
348
349
560
644
595
596
599
602
603
701
702
156
171
204
464
500
502
699
101
262
296
502
557
639
697
442
468
469
470
473
693
695
28
110
156
161
247
248
256
279
379
382
386
396
605
690
79
93
467
537
538
540
546
77
522
532
538
547
572
686
50
215
407
409
446
579
684
69
147
149
213
271
289
682
106
325
327
366
398
678
679
84
156
234
648
649
650
651
60
97
98
265
280
394
676
44
78
127
230
494
495
674
56
148
262
480
481
670
672
65
348
352
391
475
496
555
135
241
243
244
324
643
666
112
224
256
470
502
504
555
105
160
202
203
205
355
660
27
530
533
632
633
634
495
609
612
655
656
657
61
538
539
540
651
653
30
314
618
620
621
622
118
143
202
281
320
647
31
94
305
307
312
491
80
313
342
403
465
611
57
354
366
537
561
621
95
130
202
418
438
554
75
230
239
285
411
413
67
103
443
459
460
461
214
245
254
345
367
547
100
361
428
553
556
638
79
122
123
139
220
234
169
427
478
577
634
635
73
192
196
433
506
508
82
147
245
268
301
302
54
76
105
479
480
630
116
312
623
624
626
628
81
338
476
548
609
620
389
490
502
540
596
600
114
115
203
209
245
485
213
254
255
256
265
266
56
147
188
193
413
615
77
197
229
234
612
613
79
134
137
179
424
610
44
160
161
390
568
39
506
605
606
607
165
168
386
387
388
60
361
362
365
601
88
89
90
147
160
95
404
405
411
595
418
483
486
487
498
284
588
590
591
592
57
183
327
429
562
423
491
500
581
585
63
64
264
274
276
209
239
241
451
578
34
266
450
451
573
359
360
361
569
570
188
233
234
235
539
363
563
564
565
566
129
183
192
209
240
395
396
439
559
560
319
468
472
556
557
198
297
461
467
554
167
168
316
416
550
39
127
546
547
548
159
162
312
541
544
46
123
191
287
289
210
526
527
533
536
272
273
274
275
524
44
56
73
75
83
202
205
293
520
521
337
372
497
508
518
182
184
239
240
516
146
508
512
513
514
332
379
384
479
506
295
300
316
388
504
144
146
202
317
327
172
272
493
498
499
160
282
283
490
491
450
484
486
487
59
477
478
479
297
398
474
475
62
402
469
470
262
458
466
467
383
449
451
456
257
428
436
437
288
432
433
434
105
116
117
396
247
422
425
427
49
417
418
419
198
348
350
412
62
217
406
410
75
265
400
401
32
254
257
398
36
37
392
393
236
311
349
389
54
132
384
387
324
374
380
381
121
350
365
366
135
229
351
362
269
288
342
349
78
336
337
338
89
332
333
334
32
107
323
328
103
111
319
320
17
27
101
316
111
300
307
314
151
189
296
298
109
220
271
293
43
141
230
248
45
61
153
154
140
201
243
244
77
229
238
241
66
126
154
225
66
219
222
223
41
42
142
217
40
133
211
213
60
101
106
116
58
81
95
98
30
69
70
71
8
60
64
65
7
28
55
57
7
20
26
4
12
16
5
9
2
6
2
3
1
1
1
2
2
1
1
2
1
2
5
1
2
3
1
7
12
13
14
16
17
5
11
14
3
16
17
6
7
17
1
11
12
7
8
10
11
9
4
3
1
3
1
3
1
1
2
4
5
11
12
13
4
13
2
7
7
11
2
11
7
11
1
1
2
3
2
4
2
1
2
1
7
2
6
8
2
4
6
7
2
6
4
2
2
1
2
3
3
1
2
1
2
26
33
40
38
45
5
37
40
57
58
14
58
59
60
56
20
46
1
61
62
1
48
61
26
59
12
61
8
12
64
23
30
19
36
42
64
35
43
58
62
1
8
62
17
37
55
3
44
59
23
8
22
38
46
2
16
40
2
6
30
51
4
9
19
4
8
6
10
11
30
44
6
32
7
25
15
17
34
35
1
1
20
10
22
14
9
28
1
9
3
4
1
3
1
1
1
2
1
2
5
6
2
2
1
1
2
2
3
3
2
3
1
1
1
13
22
25
25
9
12
2
3
5
2
5
18
22
7
21
3
19
5
21
9
21
5
21
22
2
22
1
11
2
18
20
21
12
15
3
5
11
7
17
4
7
10
4
1
2
2
4
3
4
5
2
1
1
2
4
1
2
1
2
1
1
3
4
4
3
1
2
1
1
1
2
2
2
1
2
3
4
5
1
1
4
4
1
5
7
1
4
1
5
1
2
3
3
1
4
2
4
5
3
1
2
2
1
2
3
1
4
1
2
1
2
2
1
2
3
2
1
1
1
1
2
1
2
1
1
2
1
1
2
1
2
5
6
1
2
7
5
9
4
9
8
1
3
13
2
10
5
9
10
11
6
2
4
9
7
3
2
1
1
1
2
1
1
3
4
5
3
5
2
3
1
2
2
3
3
2
1
3
1
1
1
1
2
5
3
4
6
3
4
3
1
1
3
3
2
1
1
1
1
2
1
1
3
1
3
1
1
2
1
1
2
3
4
1
2
1
2
3
1
1
3
1
2
1
1
2
1
2
1
2
1
1
1
1
1
1
1
1
1
1
1
1
2
3
1
1
1
1
1
2
1
1
1
