1455
1456
1457
1458
1459
1460
1461
1462
1463
1464
1465
1466
71
813
814
815
816
817
818
819
820
821
822
70
802
803
804
805
806
807
808
809
810
811
79
791
792
793
794
795
796
797
798
799
800
78
780
781
782
783
784
785
786
787
788
789
77
769
770
771
772
773
774
775
776
777
778
76
758
759
760
761
762
763
764
765
766
767
74
747
748
749
750
751
752
753
754
755
756
74
736
737
738
739
740
741
742
743
744
745
72
724
725
726
727
728
729
730
731
732
733
71
712
714
715
716
717
718
719
720
721
722
70
700
701
702
703
704
705
706
707
708
709
70
689
690
691
692
693
694
695
696
697
698
68
677
678
679
680
681
682
683
684
685
686
67
666
667
668
669
670
671
672
673
674
675
66
655
656
657
658
659
660
661
662
663
664
66
644
645
646
647
648
649
650
651
652
653
64
632
633
634
635
636
637
638
639
640
641
63
621
622
623
624
625
626
627
628
629
630
61
610
611
612
613
614
615
616
617
618
619
60
599
600
601
602
603
604
605
606
607
608
59
588
589
590
591
592
593
594
595
596
597
58
577
578
579
580
581
582
583
584
585
586
52
566
567
568
569
570
571
572
573
574
575
51
555
556
557
558
559
560
561
562
563
564
50
544
545
546
547
548
549
550
551
552
553
49
533
534
535
536
537
538
539
540
541
542
48
522
523
524
525
526
527
528
529
530
531
52
511
512
513
514
515
516
517
518
519
520
46
500
501
502
503
504
505
506
507
508
509
45
489
490
491
492
493
494
495
496
497
498
43
478
479
480
481
482
483
484
485
486
487
42
467
468
469
470
471
472
473
474
475
476
41
456
457
458
459
460
461
462
463
464
465
41
445
446
447
448
449
450
451
452
453
454
40
434
435
436
437
438
439
440
441
442
443
38
423
424
425
426
427
428
429
430
431
432
37
412
413
414
415
416
417
418
419
420
421
36
401
402
403
404
405
406
407
408
409
410
34
390
391
392
393
394
395
396
397
398
399
33
379
380
381
382
383
384
385
386
387
388
32
368
369
370
371
372
373
374
375
376
377
31
357
358
359
360
361
362
363
364
365
366
30
346
347
348
349
350
351
352
353
354
355
29
335
336
337
338
339
340
341
342
343
344
29
324
325
326
327
328
329
330
331
332
333
36
311
313
314
315
316
317
318
319
320
321
33
298
300
301
302
303
304
305
306
307
308
32
286
287
288
289
290
291
292
293
294
295
23
274
275
276
277
278
279
280
281
282
283
32
262
263
264
265
266
267
268
269
270
271
29
249
251
252
253
254
255
256
257
258
259
28
237
238
239
240
241
242
243
244
245
246
27
225
226
227
228
229
230
231
232
233
234
20
213
214
215
216
217
218
219
220
221
222
19
198
200
202
204
205
206
207
208
209
210
18
179
183
186
189
190
191
192
193
194
195
15
167
168
169
170
171
172
173
174
175
176
17
154
156
157
158
159
160
161
162
163
164
23
139
143
144
145
146
147
148
149
150
151
21
126
128
129
130
131
132
133
134
135
136
12
114
115
116
117
118
119
120
121
122
123
11
103
104
105
106
107
108
109
110
111
112
6
92
93
94
95
96
97
98
99
100
101
5
81
82
83
84
85
86
87
88
89
90
4
70
71
72
73
74
75
76
77
78
79
6
60
61
62
63
64
65
66
67
68
5
49
51
52
53
54
55
56
57
58
5
39
40
41
42
43
44
45
46
3
21
29
33
34
35
36
37
3
13
14
15
16
17
18
1
5
9
10
11
1
2
3
1
1
1
1
1
2
3
4
5
6
1
1
2
1
1
1
1
1
1
1
2
1
1
1
1
1
1
2
1
1
1
1
1
1
1
1
1
1
1
1
1
1
1
1
1
1
1
1
1
1
1
1
1
1
1
1
1
2
3
4
18
83
84
85
86
87
88
89
90
1
1
1
11
84
85
86
87
88
89
90
91
92
1
1
2
8
90
91
92
93
94
95
96
97
1
1
1
3
93
94
95
96
97
98
99
100
101
1
1
2
3
4
5
6
7
8
9
10
11
22
33
44
55
99
1
1
2
3
4
5
6
7
8
9
1
1
2
3
4
5
6
7
8
9
1
1
2
3
4
5
6
7
8
9
1
1
2
3
4
5
6
7
8
9
1
1
2
3
4
5
6
7
8
9
1
1
2
13
22
24
29
30
31
32
33
34
1
1
1
2
3
10
21
24
30
31
32
33
34
35
1
1
1
6
18
30
31
32
33
34
35
36
37
1
1
1
1
1
9
29
30
31
32
33
34
35
36
37
1
1
1
1
2
30
41
51
52
53
54
55
1
1
2
3
4
5
6
7
8
9
1
1
2
3
4
5
6
7
8
9
1
1
2
3
4
5
6
7
8
9
10
11
21
1
1
2
3
4
5
6
7
8
9
1
1
2
3
4
5
6
7
8
9
10
11
1
1
2
3
4
5
6
7
8
9
1
1
1
2
3
4
5
6
7
8
9
10
1
1
2
3
4
5
6
7
8
9
10
11
1
1
2
2
1
1
2
1
1
2
1
1
2
1
1
1
1
1
1
1
1
1
1
1
1
1
1
1
1
1
1
1
1
1
1
1
1
1
1
1
1
1
1
1
1
1
1
1
1
1
1
1
1
1
1
1
1
1
1
1
1
1
1
1
1
1
1
1
1
1
1
1
1
1
1
1
1
1
1
1
1
1
1
1
1
1
1
1
1
1
1
1
1
1
1
1
1
1
1
1
1
1
1
1
1
1
1
1
1
1
1
1
1
1
1
1
1
1
1
1
1
1
1
1
1
1
1
1
1
1
1
1
1
1
1
1
1
1
1
1
1
1
1
1
1
1
1
1
1
1
1
1
1
1
1
1
1
1
1
1
1
1
1
1
1
1
1
1
1
1
1
1
1
1
1
1
1
1
1
1
1
1
1
1
1
1
1
1
1
1
