66
164
341
358
359
360
361
619
620
1173
352
712
751
752
952
992
1019
1033
36
236
243
274
924
925
926
1007
201
260
262
263
288
294
295
709
137
170
173
174
208
212
219
886
43
132
154
168
203
204
206
223
28
310
315
347
1008
1028
1029
155
294
303
326
338
339
348
269
272
286
306
307
322
942
74
75
118
164
202
210
216
449
453
704
745
759
985
156
336
337
351
352
353
57
446
449
465
970
984
153
320
324
325
595
1020
713
734
966
1008
1009
1018
820
826
827
966
1003
1004
18
812
826
829
921
996
702
704
705
789
913
994
72
116
226
770
773
777
61
173
202
236
254
689
475
952
979
985
988
440
446
448
975
977
300
331
693
694
971
392
393
643
658
966
649
652
663
964
968
337
393
447
483
959
137
307
309
310
420
434
714
740
955
956
709
729
731
829
953
281
292
295
325
926
444
718
731
948
950
444
706
712
926
948
704
705
819
820
821
42
268
277
285
921
250
280
282
917
918
892
897
900
915
916
493
494
904
912
913
774
789
790
791
890
39
184
236
237
887
482
488
489
855
875
151
180
211
233
668
39
144
222
850
852
141
142
144
844
846
47
90
744
745
746
38
186
187
188
209
96
131
838
842
845
46
57
59
68
69
42
55
67
90
739
64
65
107
831
833
716
805
819
828
48
720
731
734
418
704
717
718
196
668
669
670
299
399
404
663
231
241
657
658
553
646
650
652
508
509
643
644
595
614
636
638
582
587
620
633
571
582
583
611
616
624
628
629
576
612
613
619
574
608
609
610
349
352
602
606
313
333
559
561
326
327
328
546
100
496
497
541
415
420
421
442
302
392
439
440
393
410
435
438
385
400
402
403
277
342
382
400
254
278
282
283
234
235
258
272
209
239
241
256
218
221
225
236
129
210
211
219
120
159
161
196
116
117
125
185
148
157
174
176
100
110
171
172
46
47
61
149
60
144
146
147
30
44
46
78
94
128
134
140
126
130
131
132
65
73
122
125
53
88
115
121
49
68
71
72
13
48
58
66
30
42
46
15
33
34
6
12
17
4
6
9
1
3
1
3
1
1
1
1
1
2
3
3
3
1
6
7
6
7
2
7
2
7
6
6
3
1
1
1
2
3
2
5
1
1
1
1
1
5
1
3
3
4
1
1
1
6
1
2
2
3
3
2
3
1
1
9
11
11
1
6
7
1
2
2
1
1
1
1
1
2
10
5
14
1
3
4
4
14
13
18
1
2
3
4
3
3
11
11
1
1
4
5
8
2
3
1
2
5
1
1
1
1
1
2
1
1
1
1
2
2
1
1
1
1
3
3
4
13
2
3
12
4
1
2
7
1
1
2
2
8
1
3
1
1
2
1
1
1
1
2
2
11
1
1
1
1
2
8
3
1
1
1
1
3
3
4
11
6
3
4
5
11
3
10
3
7
1
2
1
1
2
2
3
4
2
7
1
2
3
6
1
1
1
1
2
2
1
1
1
2
2
14
1
3
4
4
7
7
3
4
6
4
1
1
11
1
2
2
3
4
5
8
3
5
1
3
5
2
3
6
1
2
5
1
1
4
1
2
1
17
5
7
16
17
17
3
4
4
12
4
5
5
67
11
26
1
2
1
58
5
6
17
1
52
1
45
1
2
3
3
3
10
35
2
11
1
39
1
8
1
1
1
2
8
8
1
2
2
3
1
38
2
7
1
1
1
1
5
1
1
1
1
2
2
1
1
11
1
2
2
3
6
2
3
2
15
1
1
1
1
1
1
1
1
2
1
1
1
1
1
1
2
3
3
1
1
2
2
2
2
6
2
8
1
2
3
3
4
1
1
2
19
11
23
18
19
1
2
3
5
9
2
3
3
2
3
3
2
2
2
9
1
1
2
8
7
1
1
1
1
1
1
1
1
1
1
2
3
3
3
4
61
4
57
4
60
60
49
1
2
7
1
2
3
48
49
3
48
48
2
72
40
1
1
1
2
3
3
3
48
2
23
1
1
2
2
2
2
3
53
2
3
3
23
3
4
5
5
56
4
48
1
3
4
47
3
45
1
1
2
1
2
2
2
2
17
1
2
12
31
30
1
1
19
2
8
1
1
1
1
2
1
1
1
1
1
1
1
2
2
1
1
1
1
1
1
1
1
1
2
2
2
2
3
1
2
2
2
36
1
2
4
2
27
32
33
1
2
2
1
1
1
1
2
2
3
3
5
3
22
5
2
17
20
1
1
2
2
3
3
4
6
2
6
11
4
6
2
1
1
2
2
2
1
1
1
3
1
2
1
2
1
1
1
1
1
1
1
1
1
1
1
1
1
1
1
1
1
1
1
4
1
1
1
1
1
2
2
2
3
23
3
4
34
2
2
2
2
17
1
1
16
2
3
4
2
4
4
4
4
19
3
17
1
1
1
1
2
3
3
3
4
5
7
5
1
4
1
1
1
1
2
2
2
1
2
2
4
1
1
1
2
1
1
8
1
3
3
5
2
3
9
9
13
44
1
1
2
2
3
4
3
3
10
3
59
9
29
8
9
10
16
33
1
1
2
2
2
2
2
2
20
21
1
2
1
2
2
2
3
2
3
37
3
3
3
3
1
5
1
1
2
10
1
7
26
1
2
1
20
2
3
3
3
4
2
2
2
2
3
1
2
2
3
2
2
2
1
1
6
1
1
1
1
1
7
1
1
1
1
1
1
1
1
1
1
2
2
2
1
2
1
1
15
18
1
1
1
1
1
1
1
1
1
1
1
1
1
1
1
1
10
1
1
1
2
1
1
1
1
1
4
4
5
4
5
6
7
6
4
3
4
1
1
2
1
1
2
2
1
1
2
2
1
2
1
1
1
1
2
2
3
3
4
8
4
1
6
7
7
1
1
3
3
2
3
1
1
3
1
1
3
1
1
1
1
1
1
1
1
1
1
1
1
1
1
1
1
1
1
1
1
2
2
1
1
2
3
3
5
1
1
1
2
2
1
1
1
2
2
2
6
2
3
5
6
10
1
2
3
4
5
25
4
18
3
4
19
15
1
1
2
2
3
16
1
2
8
1
1
1
1
1
1
1
1
1
1
2
5
10
1
2
2
1
1
2
3
3
1
1
1
1
1
1
1
1
1
1
2
2
3
4
2
3
1
1
1
1
1
1
1
1
1
1
1
1
1
1
1
1
1
2
1
1
1
1
1
1
1
1
1
1
1
1
1
1
1
1
1
1
1
1
1
1
1
1
1
