8
5
9
12
10
4
1
13
30
1
7
2068
3
5
1
3
5
17
1
1
2
3
7
15
3
5
2
4
1
1
15
186
4
2
2
3
16
171
182
168
14
3484
1
3469
1
3455
3453
3
3485
7
1
4
15
3
6
3484
2
18
1
12
1
14
2
2
7
9
3450
2
3
5
1
1
150
12
1
1
2
6
4
1
4
7
5
5
158
161
151
5
138
6
2
3
1
1
1
1
2
19
4
5
4
1
17
2
4
204
1
26
2
3
4
21
203
6
24
206
3
1
25
5
1
2
2
3
24
4
1
5
1
1
2
1
7
21
182
175
1
7
3
11
1
10
1
14
1
4
4
4167
5
6
5
2
1
7
15
11
2
13
1
25
12
4
1
14
1
12
1
24
4
2
202
234
224
178
3
8
1
5
2
1
3
2495
2497
3
9
8
7
2
2498
3
1
4
8
2
2494
5
1
2
9
5
4
3
28
19
1
196
17
2
4
2
14
17
3
5
9
197
3
2
1
213
1829
1813
1811
173
172
194
195
214
1
1
1
1
3
15
16
34
1
2
35
38
4
5
12
18
1
10
18
11
1
2
1
186
3
6
4
1
188
187
2082
1895
2
1
5
7
17
4
19
10
2
1
7
20
26
5
1
1
24
11
3
2
27
3
6
132
1
2
1
10
130
122
6
1
4
5
3
2
4
65
11
55
6
2
2
4
141
1
10
7
1
2
4
1
6
1
3
140
142
75
93
101
131
2
2
3
1
1
233
27
4
1
1
2
946
31
26
21
3
12
16
44
9
2
1
3
3
5
7
6
4
6
3
12
2
2
8
16
1
2
1
3
4
1
6
4
1
11
13
15
3
6
16
5
22
11
1
6
1
5
44
12
9
3
41
17
2
3
2
25
28
1
47
29
6
53
52
48
130
2
1
3
1964
4
1
15
133
12
13
1835
1834
131
2939
1
1889
1
2
8
8
1880
1
1960
6
4226
4
4260
1
16
2
1
3
34
33
4242
4264
3
15
1
102
14
13
4
2
143
2
228
147
1
144
110
181
114
116
245
1
17
6
11
2
5
3
2
5
13
1
8
8
3
6
5
4
9
9
3
1
1
17
2
3
1
12
13
7
191
188
16
5
3
1
1
5
3
2
1
4
4
2
3
6
17
2
186
2
183
1
90
1
5
3
1
2
273
89
35
2
36
1
54
38
4
5
72
1
16
2
17
8
11
1
18
47
18
3
1
31
29
6
10
9
3
1
2
8
9
7
1
5
2
1
2
13
108
3
358
1
2
1
5
371
1
1
1
2
15
14
18
5
1
2
4
19
3
17
1
1
4
5
10
9
3
2
7
6
5
295
55
1
8
18
1
17
4
6961
1
6
6965
1
3
2
1
300
350
23
6675
54
20
22
1
373
7
34
13
2
1
3
5
1
9
15
16
1
5
46
2
3
4
5
1
23
3
1
2
12
1
8
1
9
3
140
2
303
11
1
2
52
4
1
3
4
1
2
50
4
56
3
1
10
1
3
3
5
2
4
5
3
15
1
13
25
4
2
3
5
4
3
5
66
6
12
1
1
1817
1796
2
1767
1
2
12
1
1768
5
6
21
1
50
3
2
4
1795
30
3
1
1
2
12
1
8
5
11
31
2
20
3
13
6
132
2
2
3
1
4
8
4
3
2
17
10
14
1
5
2
5
2
1
3
181
25
24
2
3
1
2573
36
37
182
2478
2392
2473
25
1
2
2598
1
26
2
1
1
28
4
88
1
12
1
39
65
66
109
1
2
11
97
38
5
4
26
1
41
43
141
88
3
1
1
2
4
1433
2839
1687
1791
90
91
84
6
1586
4
2
3
2
1
7
1
78
57
3
1
2
138
4
3
4
54
195
52
1
1
2
1
137
2
136
192
1534
1533
1
8
2
1
82
1
1
2
83
3
5
84
2
4
1
3
1
1
1
2
6
10
66
2
1
47
65
4
6
48
1
16
19
21
57
56
2
1
2
1
2
1
4
3
74
3
11
10
2
14
1
10
77
76
1
2
6
7
1
2
2
4
1
2
4
8
7
1
1
4
2
1
1
11
4
145
86
5
1
2
1
5
2
1
4
6
3
1
1
59
4
13
14
1
5
4
2
3
58
57
1
1
2
3
1
60
3
4
1
980
2
979
10
940
1
841
7
1
2
1
158
99
100
942
840
2
6
1
1
3
8
1
5
10
2
11
1
150
151
18
1
1
2
446
2
7
1
149
171
169
20
2
3
2
2
1
4
38
4
6
3
39
403
4390
34
1
15
7
5
1
36
10
14
2
22
11
1
2
30
4
37
19
3
1
3
18
1
141
16
184
1
2
1
4
6
2
200
19
50
56
31
3
2
4
1
10
1
1
19
25
1
3
48
2
1
10
191
11
1
25
7
20
12
5
8
3
192
2
56
1
180
190
163
215
35
14
75
74
67
66
30
31
27
61
2
6
1
13
2
1
59
3
7
2
1
34
35
68
3
1
3
2
1
1
485
3
465
468
4
7
10
14
15
20
478
9
1
1
1
3
4
3
464
561
2
2
97
10
487
44
1
2
85
438
45
399
393
394
1
2
1
24
9
87
348
353
1
18
14
1
2
15
17
2
4
1
1
1
2
3
3
13
4
3
9
1
9
4
1
1
10
2
3
5
9
5
11
265
4
3
248
254
13
1
1
129
8
141
15
12
5
2
2
1
3
766
128
137
16
9
1
2
2
7
14
2
4
5
11
1
3
5940
161
162
15
5943
4
20
9
1
1
21
3
1
2
1
3
17
11
1
1
4
8
10
3
2
18
12
2
3
2
1
6
5
4
2
42
78
1
11
2
1
3
8
21
21
9
2
47
22
6
11
82
3
17
1
36
35
39
23
22
21
25
1
1
121
1
11
2
145
6
4
110
51
24
1
2
146
59
10
13
1
29
4108
6
5
3
1
3
5
1907
2
4
6
266
1
1
1902
2
1
2
8
5
6
3
9
1
2
4
3
5
7
3
1
24
1
3
5
1
25
4
9
10
2
1
24
13
2
3
1
5
19
1
1
12
18
2
3
1
9
3
4
4
1
12
5
2
2
9
2
8
1
1
10
1
13
155
8
14
1
2
4
4
3
15
1
4
2
3
4768
1
2
1
6101
1
17
6100
4779
4771
2
4769
1
4
18
3
1
1
5
7
10
2
3
11
17
42
65
1
25
1
3
23
24
2
8
2
22
4
3
10
1
23
2
18
30
188
180
3
1
20
1
48
218
214
2
1
3
4
8
177
4
2
9
1
3
20
166
1
1
167
2
73
19
23
22
74
16
187
72
9
165
5
6
1
34
4
3
4
1
115
10
2
1
2
1
104
1
3
105
106
1
14
9
168
177
102
13
1
6
1
1
49
50
46
45
5
55
3
4
2
9
3
2
11
4780
4789
49
4781
1
4830
2
46
1
45
3197
2
4
1
3191
4
3
1
1
3145
44
95
74
21
46
3
2
4
3047
3198
1
6
2
3
12
3071
1
3006
1
26
2
65
1
3045
2
2
4
9
5
6
1
64
3008
8
4
25
2
3043
24
23
3000
2
31
33
34
6
4
34
1
36
1
3
4
1
2
3
5
8
67
55
58
86
2
30
21
5
9
4
2
12
3
2
19
3
1
12
2
1
2
9
15
5
1
22
7
13
6
8
18
1
1
2
12
2
10
4
1
1
3
433
19
6
225
2
6
3
32
7
1
5
25
2
6
1
31
7
8
1
2
1
17
4
11
24
10
12
8
3
2
1
1
2
17
15
3
4
26
1
3
15
1
2
1
18
7
1
1
6
4266
1
4262
1
99
4263
92
3
2
98
4177
1
2
1
125
8
33
2
124
3
6
12
9
3283
117
40
5
14
2
26
1
27
16
23
2
3
1
38
14
9
1
4
28
2
1
8
1
11
14
25
26
6
13
7
3
22
15
16
4
1
1
3
1
2
11
3
4
15
2
89
1
11
91
1
100
103
99
10
2
1
5
2
1
31
1
2
3
4
7
1
26
5
21
18
15
30
1
36
56
8
1
1
6
9
7
9
1
4
3
15
2
5
6
7
14
3
2511
2515
1
2
3
1
2
2
21
2
5
1
2
4
5
9
3
1
2
2
1
2
20
28
3
30
28
1
13
5
12
18
29
23
47
8
5
9
1
1
2
3
1
2
1
2
4
2
5
11
15
5
9
7
2
4
1
3
5
17
1
6
2
4
1
2
4
1
3
11
5
18
2090
1
3
2108
2
6
7
2
1
2871
2105
1
2
4
3
3
6
9
1
4
2
2
203
210
135
1
6
1
1
2
7
8
1
1
4
3
2
3
2
6
2
4
3
64
1
2
2
1
1
125
143
1
26
141
2
28
25
141
143
126
1
3
18
5
1
1
2
68
63
57
6
2
59
72
73
3
64
1
4
5
9
12
11
1
1
2
3
4
4
4
25
5
4
1
2
5
2
7
8
25
15
3
1
3
2
4
175
1
3
8
83
7
2
6
2
4
1
4
2
80
1
30
1
2
1
5
2507
76
50
2506
4
5
3
9
3
1
10
65
2
5
2
7
8
1
1
1
2834
75
233
67
224
226
4
12
31
28
1
4
13
2
1
35
24
37
40
1
1
2
27
11
3
1
7
12
16
2
1
2
3
98
119
123
3111
3029
3032
3031
99
106
21
34
8
4
1
3
13
3
2888
2988
2989
1
82
89
2
2
7
3
6
5
2
3
1
2932
7
6
5
2893
1
10
1
8
4
2
104
103
3
1
1
5
1
250
106
35
26
2
3
2
71
1
8
2
2
1
3
2
8
7
3
1
11
33
1
23
24
1
5
7
14
1
4
2
4
3
2
5
3
1
1
1
2
3
8
6265
1
2
6
7
1
6306
57
6273
1
2
119
9
33
1
4
2
7
2
1
1
4
3
2
9
1
2
3
3
4
3
6438
68
2
6442
66
3
3
1
1
1
104
4
6441
3
2
65
4
1
5
1
6
6376
6
1
61
42
2
5
2
2
1
4
5
6
2
1
3
42
1
8
40
25
30
5
26
1
1
11
26
24
42
48
451
1
453
432
3
5
1
2
1
19
454
353
2
363
2
101
1
4
19
426
427
2
2
1
4
161
162
5215
1
1
180
3
2
1
184
1
19
5402
5377
5216
14
8
2
5214
8
2
7
5
3
4
1
1
38
14
1
2
1
48
40
2
42
9
4
2
37
4
4
3
7
15
6
1
1
9
20
6967
2
2
1
5
8
4
2
3
11
4
6987
6984
1
6
7021
3
2
88
87
1
1
99
84
105
133
104
101
4
86
1
2
9
3
1
21
2
131
129
186
188
1
5
4904
1
4965
2
6
11
4964
4967
2
1
4909
4
4908
4910
2
61
3
1
2
3
5
3
8
29
1
37
34
2
3
1
2139
36
2137
2138
3
4
5
6
3
1
1841
1854
2173
35
1
1
1
2
3
34
3
1
2
1
2
12
5
35
2
1
1
38
21
2
9
22
25
45
40
1
7
3
4
2
1
1
3
4
2
11
6
7
4838
1623
1
4
4831
1
1
2
2
3
6421
2
1
6395
5
4
1
2
16
4
6415
6419
6411
14
12
4
18
7
9
29
17
30
54
27
3
1
2
1
20
2
1
22
10
30
45
1
84
1
2
6
4
31
11
24
1
7
2
1
3
3
4
6
7
24
35
12
27
82
39
1
24
18
2
4
4
1
1
2
3
7
8
4
6
20
20
1
5
36
3
3
36
2
9
14
17
5
1
2
3
2
1
38
33
22
21
20
17
1
34
1
4
47
26
4
2
1
2
3
1
3
6
50
1
1
4
7
10
44
2
1
16
51
2
6
1
3
17
5
2
2
1
8
1
3
7
12
2
19
2
1
7
8
1
34
2
6
7
23
1
1
6
4
1
1
3
16
24
124
100
2
39
103
1
16
19
14
1
2
17
7
2
1
10
2
16
5
21
14
13
15
3
36
17
1
30
2
11
1
28
22
33
4
1
61
33
5
3
2
2
10
1
3
9
1
3
4
1
7
2
8
91
94
63
3
1
60
2
1
3
7
5
1
5
27
8
87
6
168
2
116
115
117
32
31
1
1
2
26
166
1
140
157
147
14
2
54
1
3
5
157
2
12
40
1
1
156
1
2
10
7
8
1
2
146
152
4
828
871
748
7
1
1
9
8
2
1
2
1
2
2
133
8
8
11
3
4
9
21
3
30
131
1929
1
3
134
133
2067
1
2037
1
2036
2
3
5
29
1
2025
2044
5
1
21
3
16
19
2020
11
1
4
2
2065
57
2
2019
1
22
2
64
1
60
62
2
61
4
2
1
280
155
283
129
3
2
288
6
4
9
1
3
2
151
32
24
26
152
1
5
3
1
2
2
282
2
10
1
45
1
2
47
20
10
3
21
5
2
25
1
46
17
26
2
1
35
1
60
1
1
3
2
34
3
25
1
37
1
61
8
26
3
4
1
1
2
8
2
3
6
262
7
237
1
4
2
7
1
3
42
17
1
1
39
2
1
1
25
40
19
2
8
3
24
3
22
18
2
1
7
3
3
2
16
4
16
152
1
2
1
31
7
1
2
3
5
136
7
14
2
145
1
3
15
11
30
10
35
29
2
5
3
8
16
91
156
20
157
65
92
93
137
7
6
5
12
4
27
13
4
5
1
2
3
1
2
3
24
9
1
3
1
33
2
32
3
1
35
1
3
4
6
2
2
7
4
3
1
2
1
2
44
8
41
10
1
48
1
88
2
51
2
16
58
54
3
10
8
1820
2
40
3
1
87
52
49
2
1
3
7
2
1
47
42
8
22
25
24
4
1
2
3
1
5
10
9
1
2
1
5
4
2
4
9
5
2
1
3
1
2
1426
31
29
4
3
2
5
4
3
26
1
1412
3
1411
1413
1
1
4
1433
25
20
10
2
1
3
1429
5
3
1
35
3
1
1390
1527
9
16
1
1392
6
10
3
1
8
5
11
17
1408
18
9
1
2
2
2
1
1
22
11
31
4
24
19
1
1
2
4
2
5
23
5
9
57
55
13
10
3
1
2
2
48
1
1
6
2
1
3
11
9
1
4
1
2
2
1
1
2
9
1
6
4
1
2
47
5
3
187
179
8
3
49
48
49
1
2
3
13
1
172
124
12
2
171
1
4
17
44
23
24
3
2
5
19
27
1
6
165
1406
153
76
28
63
1426
2
3
2
1
19
2
1
1
2
4
21
59
61
62
101
81
4
3
2
1
11
22
44
46
23
20
85
45
105
92
1
2
1
3
4
3
1
10
1
5
11
15
17
2
1
3
8
4
2
5
2
1
7
6
4
7
2
1
3
1
19
31
41
23
3
1
1
4
2
86
1
20
12
19
3
1
4
10
40
32
22
1
1
54
48
4
1
51
53
1
52
3
2
91
5
2
1
2
21
6
2
1
1
7
5
2
8
57
58
12
1
101
3
1
65
3
2808
1
3
2
79
77
6
2809
1
2885
1
2
2810
1
76
3
2
1
1
13
4
188
2187
210
209
211
2188
2177
2731
2729
26
17
2
4
21
2917
1
1
4918
2
1
1
1966
11
2
1
62
58
1
1
2133
2142
176
1
318
1
1
37
9
1
1
72
2
5
5
6
1
2
40
31
3
1
3
32
2
1
71
8
2
1
32
35
10
28
34
1
64
2
4
5
137
8
66
201
1
132
1842
1843
17
2935
1
2
15
21
19
71
1
2
88
44
1298
2936
3006
35
36
1
23
6
4
9
3
6
3042
1
8
1
91
89
4
7
202
8
2
12
10
3
2
3
1
2
13
1
6
5
4
10
1
1
2
1340
1342
3
1
2
29
6
21
31
7
122
2
1
785
784
5
791
659
2502
2498
4
128
121
946
907
2
1
3
8
16
15
1
42
6
2
43
6
4
1
3
5
9
123
1
1
61
129
2
3
68
69
12
14
59
5
1
63
11
2
12
26
1
2
3369
7
1008
13
1
3377
4
1
38
22
25
3
2
1
1
2
965
2
5
992
995
933
3
4
2
931
48
50
2
2
1
13
4
1
5
8
3
1
1
1
11
48
49
17
43
3302
3
1
32
228
55
2
1
8
229
1
174
14
9
13
2
1
2
4
22
51
1848
1849
1
1
2
1900
52
55
8
1
8
9
1849
3
1
2
3
23
1
12
2
10
3
1
57
12
37
13
1
4
6
5
13
2
5
3
201
178
4
11
192
25
18
13
1
1
7
9
8
23
9
10
12
4
182
2
1
1
167
7
1
5
3
19
3
1
7
1
16
12
52
4
50
6
2
8
10
3
11
14
1
4
6
3
1
4
3
15
2
1
3
3
15
4
5
21
7
1
12
2
1
51
3329
8
3
11
1
63
3317
3
3330
3380
9
12
4
2
3
2
1
9
5
2
1
1
5
10
1
10
11
42
4
43
52
39
18
32
6
2
2
4
3
1
4
1016
1
5
5176
5171
5177
2
5181
6
11
1
4
25
4
2
8
6
21
24
1056
1
2
1
1031
3
1017
2
3
10
2
1
1
1
15
16
3
1057
1
14
1
16
4
59
58
3
2
9
5
68
63
60
74
3
19
4
79
2
1
1
6
5
1
2
1
9
69
4
1
8
60
1
6
34
1
3
4
33
2
1
3
1
2
4
94
7
8
5
1
27
2
7
1
4
34
7
2
5
1
3
48
11
27
4342
33
1
8
1
2
4
2
1
26
2
1
1
50
28
24
3
17
22
1
2
12
14
51
75
77
32
1
5
3
6
1
2
2
1
7
23
2
1
7
1
3
15
5
9
3
3
1
2
5
1
62
61
1
24
4
1
13
2
2
1
1
7
6
25
54
1
15
1
26
10
20
12
12
14
1
5
3
1
5
13
46
3
10
1
31
4275
15
17
1
5
6
23
34
3
18
12
1
4
2
4
34
40
3
35
4
19
43
8
1
140
1
47
51
49
191
139
2
1
3
9
5
1
3
4
3
2
2
1
1
4
2
3
3
21
46
47
1
2
8
3
6
392
394
18
6
7
1
209
1
1
1
2
3
78
2
2
1
297
3
298
299
79
398
5
80
214
2
3
2
23
1
3
4
21
1
317
103
124
121
39
396
2
316
1
2
6
1
13
3
1
3
31
1
4
2
1
51
30
2
3
2
3
1
86
5
2
1
81
87
2
17
18
89
1
1
2593
5
2570
4
3
2
2592
4
3
4
2596
2595
359
6
2385
2372
2
1
15
2389
3
157
2
1
224
222
58
2236
18
2
2218
4
1
365
3
368
14
1
13
4
5
1
2
5
13
3
2
218
3
2
1
1
2
4
164
11
12
2
27
3
3
1
19
5
16
18
1
4
8
9
16
2357
1
2
18
2373
2374
1
2
6
1
5
6
1
7
3
11
2
10
5
12
18
54
3
1
2
14
6
3
30
32
29
1
2
1
75
3
7
67
1
2
4
1
3
74
76
5
20
8
4
74
1
75
73
1
2
13
3
2130
2
41
1
1
16
41
43
1
25
43
2
5
3
2
15
1
2
68
2928
2
3
60
1
2
2925
2865
3
2868
2870
1
6
5
1
4
7
1
2920
2922
3
1
1
63
56
57
17
23
2
62
164
6
12
18
3
162
55
65
7
1
40
7
5
7
23
2482
2863
1
1
5
4
1
2
499
1
4
2
1
9
3
2
1
5
2
1
11
10
3
1
1
2
6
400
11
12
24
1
1
2
484
494
509
1
3
3
1
1
3
1
15
3
2
508
4
7
6
2
37
146
4
6
11
13
10
12
1
30
22
2
22
15
1
2
10
4
7
21
25
13
26
1
12
1
3
4
2851
5
2
2824
2852
1
2
1
9
1
1
2
27
1
10
2847
2826
3
9
2
1
12
4
2
14
6
3620
4
11
2
3621
3
4
1
2
3573
1
1
2
3596
25
23
1
3598
3
2
24
2
3
3598
37
24
3595
22
1
4
6
1
3
1
4
2
40
23
19
11
7
2
4
1
3
1
2
5
1
1
4
13
5
1
8
3
12
3
7
3
2
9
1
16
2
1
11
15
1
2
249
1
10
5
234
233
2
3
8
1
13
2
4
1
828
2
2
4
1
5
545
827
544
514
271
273
840
268
826
138
1
2
16
1
1
3
9
8
2
9
2
4
1
6
8
11
6
4
3
1
2
10
34
9
1
2
12
1
2
4
8
1
6003
6002
2
1
3
2
4
1
1
2
6700
6062
6687
2
6699
6692
15
9
3
2
5
6060
638
1
18
180
1
2
3
179
1143
2
1321
1322
8
3
15
1
18
1138
1134
47
2
1
5
1136
1181
2
6
45
1
2
4
4
2
1
9
5
1180
6
9
1182
17
1
1
7
10
44
14
8
1
13
66
3
2
1325
1326
1
7
11
2
4
3403
1312
2
1238
1240
1260
67
1
1208
1
4
1
1
68
72
1
4
2
3
3
2
2
2
70
3
3
1
2
1
1
2
3
24
1
4
2
3
3607
3596
1
5
7
1
8
2
3608
3610
5
1
11
6
2
3
14
5
1
1
20
2
1
3
1
4
5
1
6
3
2
1
2
2
1
3
2
4
26
3
8
21
22
28
1
8
9
13
72
2
3
18
4
15
40
44
2
9
3
1
1
2
5
3
2
4
70
25
45
1
5
4
28
25
1
30
14
4
5
22
1
3
1
25
5
3
1
1
2
26
2
2
3
1
1
2
45
1
47
2
20
41
4
1
2
5
13
3
3
43
25
68
1
4
2
6
20
18
22
21
3
47
26
16
44
39
8
42
7
1
112
184
149
6
150
3
5
156
159
3
2
1
5
4
9
3
16
35
111
58
57
2
1
3
42
1
6
1082
2
1
32
36
1040
1004
5
2
1080
4
1
36
1076
2
1
3
10
2
7
1
3
4
26
1
6
6
3
16
1
8
7
7
1
5
6
33
25
27
1
1
8
1
1
2
9
21
2
2
3
3
2
12
7
6
11
12
1
23
40
9
8
275
1
1
283
1
11
9
276
241
1
2
1
35
1
2
12
8
1
5
17
18
2
3
20
26
6
2
5
1
1
21
22
5
4
1
89
41
2
4
2
1
3
48
6
85
2
7
42
3
2
39
78
104
3
4
1
20
1
74
77
2
74
21
54
3
2
35
5
1
262
11
15
266
200
12
1
3
277
4
1
1
4
1
3
15
59
55
66
1
199
13
1
14
27
2
1
6
9
4
1
1
8
1578
1
1582
2
1905
2
85
4
2
1570
13
10
1903
108
2
1
114
2
1
6
110
6
14
143
138
1
17
115
141
4
26
2
41
10
8
4
1
1
51
61
42
10
1
2
6
2
4
5
40
62
8
9
27
39
14
1
22
23
3
2
1
45
89
1
3
4
1
6
3
18
53
5
2
1
26
3
11
1
28
24
2
1
4
11
2
2
10
1
37
10
21
31
12
2
1
58
13
1
69
46
1
67
54
45
14
2
4
2
45
1
4
7
11
44
2
15
13
2
4
5
1
2
27
2
4135
6
1
1
3
3
4
4325
4
4327
1
3
73
4179
71
1
83
77
4328
2
2
1
1
4129
12
1
2
3
2
3
11
9
1
1
3
4
5
2
3
39
10
36
5
41
1
3
2
1
47
44
3
2
1
46
2
4
5
5
1
4
1
7
2
1
9
12
3
4
10
5
4
9
6
3
11
2
3
5
6
2
9
3
1
2
11
3
1
52
2
1
4
33
1
45
2
1
73
31
78
52
1
2
2
4
26
1
3
1
72
5
1
42
3
2
45
31
1
25
32
34
2
14
26
17
83
47
1
84
7
15
14
1
35
3
1
2
4
3
2
15
5
27
21
102
60
1
14
1
4
5
6
3
2
129
7
1
71
70
39
53
42
7
61
2
10
11
17
2
1
1
18
12
51
12
1
2
1
2
11
5
1
3
13
17
14
2
1
1
3
1
4342
6
1
2
5
1
3
4341
4372
4369
31
4336
1
3
1
27
1
4660
3
4504
30
2
4366
28
26
6
2
1
156
4645
147
4630
4632
155
2
138
1
32
2
1
158
11
3
1
17
2
78
14
1
2
18
3
6
4
8
2
1
246
8
7
249
247
24
51
7
253
564
1
1
165
76
73
1
3
75
3
5
2
6
1
1
1
2
1
4
3
8
1
2
4
7
3
2
8
27
1
6
7
3
37
25
34
2
7
8
1
1
3
2
12
1
40
12
86
1
54
73
74
2
1
1
1
1
2
6
3
58
125
1
6
3
1
1
114
2
7
115
3
1
5
147
113
130
1
164
165
4
3
1
2
9
1
66
2
40
6
1
2
8
11
2523
8
2520
7
1
6
1
2
2
1
12
3
13
2198
15
5
4
1
2185
2
2199
19
32
1
20
3
9
1
5
48
18
1
49
50
1
1
3
21
47
74
1
2
1
2
33
1
121
1
4
14
20
4526
1
3
2
4505
4502
6
14
4530
34
13
31
1
30
326
4546
4538
4540
4
6
44
1
11
110
108
118
3
4
2
1
1
1848
2
4
1
1
7
6
3
1842
1846
2
1847
2207
1
13
10
3
1
4
3
4054
1
2
2
88
4
2
1
3
4
4061
4051
4065
96
97
90
7
84
19
18
3
1
5
80
21
8
9
1
3
13
18
2
3
2
2
84
85
101
1
103
2
138
4
142
134
136
1
2
1
1
1
134
3
4
137
1
8
2
31
135
2
9
2
1
1
4
6
5
3
2
1
7
10
13
20
3
2
1
3
1
2
7
1
5
2
4
1
3
4
2
15
61
17
7
2
138
114
6
1
140
1
57
5
7
1
6
2
3
9
30
8
37
1
4
2
7
1
15
16
19
3
1
1
113
118
5
2
1
1
1887
7
3
2
1888
81
1879
4
3
6
2
4
13
2
1
3
7
5
78
1
154
79
1
1
2
3
2
1
4
75
152
78
2
5
1
1
151
79
2
4537
4408
4410
1
4289
3
4412
7
1
5
129
248
1
2
4407
157
5
2
2755
2756
2753
3947
3951
4292
100
3
4
1
1
2
7
13
16
3
6
9
7
3
11
4
1
2
1
12
1
2
4
5
223
85
120
8
7
1
5
3
2
1
2
228
7
2
1
4
5
1
3
4
18
1
1
2
2
7
6
8
2
1
5
3
63
10
18
71
70
2
1
3
19
1
2
218
67
60
12
1
9
8
1
3
2
344
1
352
4
5
1
1
9
350
6
8
2
4
1
339
3
1
9
8
356
1
1
2
2
10
4287
2
9
34
36
1
5
4
4245
1
443
4
2
444
442
1
2
3
447
2
1
3
1
2
129
76
26
25
4
9
3
2
5
143
142
12
1
141
145
146
3
8
5
2
2
1
3
2
2
1
19
3
1
2
10
4
1
50
1
3
2
3
3
195
2
1
11
10
9
198
1
2
127
273
174
1
11
3
18
19
5
3
1
10
3
6
4
1
3
1
2
2
1
2
4
9
8
7
2
23
2
1
3
15
6
8
6
1
2
17
5
4
3
4
3
2
18
1396
2
5
2
1
158
56
1220
58
75
6
74
4
3
1219
2
1275
2
1161
1223
3
1
6
4
18
16
69
1
1
2
1
95
88
4
2
1
1
3
3
3
7
4
2
3
15
52
4
1
60
1
2
13
11
12
13
15
6
2
71
3
1
94
77
5
3
96
5
1
7
21
19
6
70
61
2
1
1
1
8
9
1
4
1
16
174
11
3449
3
1
2
2
6
3610
3460
1
8
3450
92
1
153
3542
3
1
3
1
1
15
3796
58
5306
8
1
2
59
14
14
3811
3719
92
3
7
1
1510
5364
5418
5417
34
45
63
62
53
3
2
28
1
27
15
14
1
1
2
11
15
3
1
3
1
13
2
1
132
28
134
106
5
4
2
1
4
6
1
4
5
1
5
3
13
22
4
1
9
24
4
2
1
5
37
1
1
50
3
6
29
109
1
1
35
4
7
6
1
2
3
2
5
2
1
5
9
1
4
3
1
26
20
3
1
4
5
2
19
25
3
1
8
2
5
3
10
22
1659
1
1
2
4
6
15
2
3
28
1
6
5
11
1
17
8
3
1
26
34
1
2
3
4
1
28
3
15
27
1
1
22
6
7
3
1
2
7
8
1
4
8
1
2
1
22
12
9
13
12
1
149
2
87
109
89
110
14
136
11
12
137
14
24
142
138
3
1
1
16
23
5
1
4
7
21
4
7
1
1
13
12
3
170
166
2
18
2
7
17
23
43
1
2
25
1
1
50
45
1
48
3
6
6
1
2
66
3
5
3
1
1
6
14
2
1
2
3
4
18
2
13
17
2
20
2
22
1
4
1
4
77
59
60
1
3
58
4
56
4060
62
17
20
67
4004
1
12
1
2
21
4
1
5
20
10
124
1
2
4
1
6
4
5
190
10
5
4
6
31
15
2
21
1
195
1
4
3
42
52
37
2
53
1
24
26
18
16
1
46
36
1
9
5
15
29
3
7
2
1
16
7
12
1
10
15
5
2
2
3
3
75
2
1
78
4
4
2
21
84
81
73
153
1
151
16
1
149
72
5
15
4
2
166
5
176
1
17
1
3
4
77
1
67
11
10
6
3
2
1
5
106
3
181
8
178
3
1
5
1
22
2
2
4
3
7
13
5
99
4
19
17
3
3850
5
7
20
3
39
52
1
3
2
3
51
55
1
5
1903
1901
2
1
3
9
2
27
4
1
1
2
145
6
7
11
4
18
3
146
23
2
5
3
2
149
319
83
1
2
2115
11
1
1
2
2198
94
1
3
12
2117
2099
2098
4
7
18
20
2
3
1
41
37
40
1
5
1
3
41
2
34
30
40
1
32
1
2
4
77
1
61
3
1
106
2521
105
64
26
31
45
3
2
1
56
2634
2637
2626
6
14
1
1
2
8
19
13
17
6
18
2
4
2
1
7
10
2737
2698
1
10
3
5
4
3
4
9
10
7
6
1
6
1
23
24
4
12
1
9
11
1
7
1
2
11
20
108
2
3
13
56
18
16
3
2
10
85
2
1
2
1
95
1
6
5
1
48
1
53
43
3
4
49
48
132
2
7
6
3
4
2
8
10
1
1
7
1
3
10
2
1
5
3
4
1
6
2
11
1
1
8
149
12
3
2
2
1
9
1
13
3
5
6
1
5105
5107
4967
4
1
7
1
1
2863
4968
2864
7
2
4
5019
5060
5061
5020
14
1
1
2
10
12
3
5
1
5033
1
5061
41
8
14
1
2
1
11
2
1
5
4
2
4
4
10
8
10
51
21
9
5
2
127
1
7802
7806
3
1
7802
7807
1
2
128
7675
7840
165
7831
2
23
1
4
7829
8
3
7808
7821
1
27
1
5
26
5
5
7
1
1
2
37
3
1
4
1
3
3
4
6
1
9
3
2
2
1
6
2
116
175
1
1
1
117
15
3
4
204
32
5116
1
2
5
5079
1
2
4
5084
30
5115
3
17
5124
5121
6
4
2
1
2
5
23
1
2
2
6
19
3
1
21
4
2
1
30
4
138
8
2
170
4
13
1
2
3
9
2
84
1
124
83
2
82
84
134
3
1
1
4
2
9
3
4
2
11
1
1
5
3
11
14
6
15
3
4
4
1
5
2
6
7
1
1
1
3
2
3
4
2
1
5
21
24
33
8
4
1
6
9
1
2
3
2
1
4
15
2
8
10
56
5
39
19
1
1
10
4
1
20
40
41
1
9
1
2
5
14
1
1
238
13
1
2
7
6
1
7
5
6
1
3
1
2
107
9
1
2
112
104
7
5
113
4
1
1
3
4
3087
3
1
193
2
184
2
5
1
4
14
194
9
15
186
3
32
2
6
5
1
3
30
1
1
27
3
16
1
1
14
16
1
1
9
4
2
2
160
19
2
1
13
2
1
16
6
11
29
3
1
1
17
4
20
5
13
47
8
3
1
1
12
55
15
16
8
7
50
40
41
4
2
110
2
8
6
13
2
6
9
3
7
11
10
1
2
1
1
7
7
10
4
3
2
1
48
105
4
3
1
29
1
15
14
1
1
3
4
2
51
31
15
2
2
1
1
1
13
18
6
16
14
2
13
14
27
2
1
5
1
11
3
4
182
179
1
1
3
109
5
114
104
2
9
10
1
4
5
2
3
1
24
1
4
25
3
1
20
3
1
1
2
8
9
3
2
7
1
1
38
6
5
35
26
1
2
3
1
4
2
1
2
9
234
272
1
2
6
238
4
1
8
10
225
4
5
221
6
2
2
1
3
1
4
3157
3226
3234
1
6
3154
1
2
3
8
11
4
2
4
3
2669
2676
1
4
3
1
1
2
4
6
7
3
2673
2675
10
627
11
1
1
1
2
7
2
3
2
8
7
2671
5
1
1
58
2
1
5
17
1
3
2
2
3
4
623
4
5
638
2
1
4
1
2
7
85
80
1
8
77
10
75
2
9
9
69
25
4
2
44
5
1
1
2
3435
3179
25
18
6
1
10
1
1
2
12
24
256
3425
3693
10
15
3161
9
11
7
31
30
3
5
1
1
18
268
8
11
16
3
2
7
1
3
1
5
1
13
3
1
4
1
10
30
15
4
5
41
3
2
4
2
3
1
3
1
39
170
7
5
6
32
28
1
10
1
1
4
43
2
38
2
4
3
6
7
2
1
1
12
59
11
5
2
1
4
3
1
1
3
4
8
3
1
1
3
10
2
1
4
3
11
4
1
13
2
1
4
2
6
7
1
1
4
3
3
2
4
11
234
1
3
21
8
1
6
9
1
2
1
2684
3
1
336
1
2
3020
3
1
2686
2699
1
3018
4
1
340
339
2
335
2
13
1
1
3
2
2
4
5
5
3
1
53
1
135
3
1
48
47
53
9
47
8
1
12
18
24
17
4
14
12
3
9
10
11
16
1
3
6
1
93
1
5
3
2
2
7
2
118
4
7
1
2
9
6
8
112
8
7
5
126
3
3
1
2
1
2
10
3
104
2
1
23
1
1
30
29
2733
3
4
2
2734
2809
24
2759
2535
22
51
5
28
29
8
5
7
46
2
1
1
2
2
4
58
53
1
48
1
4
3
60
61
76
75
88
42
46
72
70
13
1
2
10
1
2
15
1
1
13
130
129
1
1
2
4
118
2
1
1
2954
5
2939
2928
1
2
1
1
14
12
15
5
26
2934
4
1
2
19
8
9
3064
2929
3
1
2
3
9
2
5
11
5
4
2
29
31
7
42
8
3
2
36
35
35
1
1
17
36
2
1
7
5
2
3
1
2
1
14
2529
34
1
16
29
1
53
13
7
3
1
9
3
1
1
417
48
12
201
5
14
2
414
416
415
3
2
47
2
1
465
6
1
1
22
26
15
5
1
9
8
6
2
23
4
11
61
17
1
17
111
1
16
62
2
1
61
128
3
2
1
126
12
49
15
20
4
3
1
5
70
1
2
1
2
3
5
13
11
1
2
8
19
17
28
1
2
1
53
27
25
5
47
1
54
30
29
60
6
52
1
64
2
4
1
7
10
6
1
1
2
4
9
1
4
13
7
4
3
1
3
8
2
1
3
12
5
1
1
10
4
8
5
2
11
9
2
1
11
12
1
6
28
27
25
1
1
3
4
3
2
4
21
4
5
1
7
14
1
14
21
25
47
3
1
4
46
1
1
4
5
36
34
48
207
2
1
5
5
12
2
6
3
42
3
1
4
1
1
5
3
2
1
11
1
2
1
6
1
15
4
1
13
1
2
11
2
233
192
14
1
3
6
25
14
2
1
16
3
16
68
1
10
65
1
11
1
3
57
1
1
2
12
75
11
5
2
9
6
8
6
2
1
21
1
4
1
7
56
57
3
4
1
22
20
67
4
63
4
6
1
10
1
4
11
2
4
1
5
55
6
1
118
1
2
7
61
124
128
1
126
1
2
6
116
45
44
40
1
4
2
5
1
25
5
21
15
24
25
3
5
4
2
1
3
40
42
2
26
36
3
33
2
1
1
2
3
4
1
6
4
3
4
1
24
33
1
1
1
31
28
5
2926
7
4
1
2
2
6
40
52
2933
2924
1
4
3
3
1
5
4
6
101
5
3
86
1
1
1
7
2
6
89
6
7
4
87
1
2
29
88
32
1
3
17
2
60
2
1
11
17
14
1
77
62
110
50
2881
48
2
1
3
1
1
268
226
224
3
142
2
269
271
4
14
269
274
16
8
145
151
152
4
148
146
51
3
5
1
6
2
1
1
3
4
153
1
2
1
1
2
197
48
11
9
37
4
3
4
2
2
4
1
6
13
9
1
4
3
1
2
3
1
1
3245
3243
4
14
3247
10
2
1
2
13
14
12
2
1
4
5
11
4
2
2
5
3
227
2
3
1
13
11
208
224
214
213
3
1
2
1
3
4
2
1
2
12
2
1
1
213
9
2
1
36
16
3
3
11
5
2
212
210
1
7
9
3
1
2
11
6
2
3
1
3
4
1
5
12
1
20
19
141
1
6
1
1
2
4
3
3
1
1
5
1
4
12
1295
1
3
1
12
4
167
242
247
171
2
249
3
11
14
2
4
5
5
6
9
15
9
1
2
3
64
4
1
1
2
3
10
8
26
73
1
2
14
2
1
6
1
10
5
1
9
2
3160
1
3169
1
1176
1
8
3162
25
9
1
3172
3262
14
4345
10
5
6
3
2
1
3
61
4
11
20
24
1
2
1
9
1146
10
1137
2
4
25
31
3
6
1
3
3
6
1
5
53
2
1
3
6
2
56
48
57
59
60
55
3
5
1
1
51
2
21
4
53
56
18
2
3
3
4
5
53
15
1
3
1
5
4
18
35
20
1
2
14
75
1
19
3
6
4166
11
2
10
5
1
1
6
2
11
2
4
16
5
1
10
8
18
1015
4155
4171
1
2
1
2
1
9
6
4
1
4171
6
1
3
2
1
3
1
3
1
13
8
15
39
26
3
8
1
28
29
30
9
42
11
27
1
5
4
4
14
3
15
35
1
2
69
44
6
4
7
1
1
1
1
10
2
1
2
74
24
28
115
113
1
10
2
1
3
9
1
103
2
3
11
102
83
31
3
3
1
6
2
5
2
3
8
149
2
5
5
1
9
10
7
157
269
299
7
3
20
12
6
17
17
10
5
31
30
18
3
1
1
5
2
23
1
43
66
1
14
2
40
1
4
3
5
3
2
1
7
48
25
23
3
4
1
2
1
24
3
1
6
2
1
17
1
23
26
27
2
9
1
9
1
1
1
21
3
1
12
2
1
1
4
19
32
31
1
60
1
3
6615
3121
61
2
38
1
4
3122
3151
1
3494
1
3495
29
42
8
9
6953
68
8
1
15
1
5
7
3
2
24
25
23
10
1
14
3
2
2
1
6
1
2
1
1
2
8
1
1
4
2
2
1
7
2
5
1
98
1
27
33
87
3
131
206
1
2
1
11
26
2
25
1
6
1
124
75
90
89
46
1
52
1
6654
1
2
255
56
254
20
53
6602
6626
252
1
4
24
7
2
14
15
6653
17
3
1
6
2
5
1
1
2
6
9
4
1
8
9
6
1
4
7009
3
2
1
2
1
4
2
6
7011
1
2
5
6819
7013
29
2
4
192
1
1
3
1
6
4
5
4
11
72
2
74
6938
6
6935
6943
1
2
7025
13
15
2
3
5
2
1
7010
1
76
1
8
1
1
2
6
6
4
2
1
4
69
3
1
2
2
10
10
8
7
1
1
84
1
1
2
9
81
4
82
1
7
2
3
2
1
3
1
8
7
84
4
62
2
3
1
90
6
1
2
1
5
2
1
2
5
5
6
7
86
5
2
4
3
6
81
1
1
26
90
19
3
21
18
82
1
2
1
4
73
22
19
1
2
51
2
1
54
73
252
45
53
1
254
55
26
24
19
179
180
8
4942
4945
4956
9
5
6
4947
1
4
6
1
3
5
9
6
11
1
4953
12
28
13
1
4
2
16
5
2
61
63
15
1
1
29
1
2
4
5
15
5
12
31
6
1
5
2
1
1
6458
6464
6
1
2
3
5
6462
2
2
34
6457
4
6
5
1
1
8
1
3
2
7
6
3
4
4
1
1
10
2
3
6390
1
4
5
1
12
2
13
28
27
1
5
2
1
3
2
2
3
395
1
1
393
309
11
1
5
1
1
392
125
84
2
4
2
6423
26
3
7
2
16
11
1
6420
6421
1
3
1
10
8
32
1
11
2
3
1
1
3
7
1
3
33
43
24
2
2
1
11
3
5
12
8
2
1
9
2
3
1
2
1
277
9
3
4
1
286
274
5
4
3
5
12
5
139
9
6
13
4
124
129
11
1
1
2
81
6
9
10
128
3
1
115
2
1
5
2
3
2
1
5
1
1
16
1
4
2
36
35
17
1
312
15
5
2
1
53
96
91
2
8
336
1
326
51
3
2
375
139
144
5
88
1
6
3
1
2
363
365
1
3
54
104
1
11
12
52
1
2
4
61
366
261
4
7
11
50
1
49
48
11
10
321
1
36
2
2
1
53
4
2
52
34
17
1
4
1
1
19
1
2
5
1
2
6
13
12
1
1
14
17
24
4
3
1
2
49
46
3
10
4
1
9
3
12
3
1
213
52
1
51
22
1
50
2
1
6
2
1
2
4
2
1
21
6
3
2
19
22
152
32
2
2
6
1
1
4
1
1
3
8
3
11
15
2
2
8
1
6249
2
4
1
2
3
5
6251
6245
15
3
7
6230
52
1
1
45
71
63
13
2
74
72
76
75
44
32
4
18
8
1
3
1
45
52
4
2
3
1
46
10
36
7
15
4
3
14
12
1
4
6
2
8
1
8
9
61
10
18
3
3
1
10
2
7
2
6
9
16
2
1
2
1
3
1
79
2
49
50
3
5
2
3
1
31
56
53
5
51
63
68
2
1
1
2
5
17
64
23
14
4
7
19
1
67
32
1
3
87
1
3
4
1
2
3
6
3
1
7
1
2
3
2
6
7
2
1
4
5
3
2
1
9
1
21
1
6
2
1
22
21
11
12
8
4
2
1
7
4
9
1
1
10
3
9
3
8
11
10
5
10
18
19
8
2
1
2
1
1
19
1
2
3
4
25
30
29
5
31
7
59
1
6
4
1
1
88
84
1
2
1
66
2
9
4
1
1688
1
3
2
1
103
67
58
102
1840
48
1835
1881
2
1
1791
1
4
28
1793
1790
2
1
50
2
5
3
1792
2
5
1
1810
1818
37
27
15
1780
1
3
10
27
13
22
1
2
10
4
1
9
3
9
3
8
5
8
10
1
1
1
1
11
2
1
4
32
1
1
13
10
1
4
1791
55
156
1780
3
1
1639
1
1729
1
1636
2
1
230
11
2
1730
1731
231
90
84
1
1
1635
2
11
7
3
13
9
7
6
1
4
151
241
1
243
1962
3
2
89
1
2
4
5
2
1
1
15
55
1
1
2
3
2
35
56
140
148
53
33
5
2
1
3
5
86
1
78
21
16
12
3
2
1
4
5
1
5
56
3
61
63
61
14
2
1
3
142
2
4
2
1
1
86
7
6
3
1
1
2
163
85
164
9
14
1
161
21
20
3
171
24
1
2
11
25
3
1
4
5
2
3
13
2
1
9
6
1
11
15
14
3
5
2
2
1
10
2
1
142
7
1
2
7
857
1
34
3
1
8
7
125
831
835
834
845
12
8
7
11
3
1
1
2
11
4
6
7
8
1
3
33
824
3
1
816
4
813
7
1
795
786
2131
5
33
3
2
11
2071
2
1
1
140
143
1
6
2069
1928
1
2
7
9
141
1
131
1
1
2
3
2064
1928
2061
77
6
1
2
3
10
29
1
7
4
8
54
42
39
2
1
151
2
17
18
28
8
1
152
2
25
1
95
101
380
394
127
393
395
1
6
285
1
1
9
1
1
3
26
5
2
284
15
24
26
3
2
3
15
6
14
2
1
21
2
1
1
19
2
1
8
3
11
1
1
7
6
2
6
1
11
2
3
1
1
5
2
159
3
4
17
158
4
2
1
13
3
1
12
97
148
150
1
2
3
4
2
10
9
1
3
4
15
14
8
3
2
1
5
5
1
6
1
2
3
30
14
8
3
1
5
6
2
2
3
1
1
3
159
2
1
157
160
98
1
7
104
263
262
5
94
92
99
6
3
269
19
1
2
5
6
3
20
6
7
1
12
3
2
1
98
239
10
6
11
6
1
1
1
2
25
16
17
1
2
6
7
2
1
14
3
147
115
5
18
12
5
1
2
1
12
9
2
7
1
15
13
2
9
38
1
2
4
5
21
2
4
1
5
7
53
2
3
5
1
1
13
9
1
3
2
14
2
1
4
2
5
47
46
4
1
68
3
4
10
16
20
58
56
52
4
5
1
3
138
1
1
3
1
2
2
21
3
11
1
3
3
1
8
27
3
1
2
23
39
49
2
1
3
36
1
2
4
3
1
1
2
9
1
2
65
2
58
1
1
1
3
8
2
1
21
20
15
4526
20
28
26
34
32
19
70
1
68
69
1579
1580
88
87
77
1
9
1
43
21
10
2
6
3
5
4
12
5
4
3
3
7
8
2
3
1
36
71
3
6
1
20
27
29
33
37
2
1
46
1
1
2
18
9
5
8
2
1
3
50
48
3
1
1
3
6
1
2
49
8
2
1
1
3
6
5
5
7
5
3
3
2
10
39
1
2
36
1
10
1425
123
54
7
2
3
1
1456
47
1
2
2
1
5
1
25
1
4
3
1
2
1
2
3
3
1
1
78
6
1
1
2
3
2
3
1
3
5
4
5
17
2
13
54
2
4
15
12
9
10
2
12
1
2
19
1
1
42
2
8
4
5
7
1
9
13
16
3
27
13
25
1
3
2
2
1
2
2
10
12
1
2
3
1
4
2
5
2
3
8
1
1
12
221
2922
3043
2
1
3
7
2930
3044
3
2
11
3
5
185
209
6
2701
114
119
1
1
2
2
2
24
3
3
23
3
2
3
22
4
2703
2707
2
1
27
7
4
1
2
1
2
189
188
1
85
2
2
84
1
4
1
11
1
75
1
2
47
7
4
52
3
1
1
3
3
4
1
15
136
25
26
23
228
166
2
1591
3
2
19
53
1
144
15
147
16
4
6
5
2
3
51
1
1
2
21
4
3
4
132
10
1
3
1
14
1
4
17
24
9
1
13
3
5
7
33
1
25
34
6
2
42
1
14
2
6
18
1
7
92
1
1
90
101
2
1
2
6
9
3
103
180
165
12
77
5
2
1
13
12
9
1
15
3
3
17
10
2
4
12
6
5
4
1
2
1
4
3
1
7
1
3
2
1
2
1
1
3
2
4
8
9
15
2
16
15
3
9
12
82
6
4
1
12
11
8
3086
6
3
4
4
3
1
1
1
1
5
2
16
12
8
1
1
168
2
166
8
2
2
1
164
3
20
1
3
5
1
106
2706
3
98
97
107
2
3
2808
2812
4
1
10
2
1
43
104
1
1
2
9
17
5
33
2
10
8
74
106
73
8
1
1
2
2
12
1
7
41
1
3
73
32
31
40
86
33
19
17
14
12
1
1
3
2
2
3063
12
2
1
1
1
2
5
8
3075
3064
2903
18
14
6
7
1
3
1
3083
1
139
74
5
2
4
77
78
73
3082
18
9
2943
2944
63
65
79
6
16
1
2
7
1
6
20
19
4
7
2
1
3078
175
2
2
1
3
5
4
1
3
16
2
25
1
24
12
13
4
2
1
25
3
1966
1
1965
6
3
1
2
4
9
2
319
1
3
5
2
1
6
7
6
3
1
2
3
10
2
9
3
1
1858
4
2
1
1
32
20
33
41
1840
12
13
75
81
74
1
3
6
4
10
11
2
1
8
46
44
1
1
2
7
14
1
54
47
2
3
1
1
24
2
1874
1876
23
1
3
2
3
1876
3
13
4
2
40
1
4
1
1880
3
2
76
1
1
16
15
12
64
42
67
7
4
1
2
45
26
19
103
1
21
86
1
2
1
4
2
65
17
84
2
15
3
3
3
1
104
4
54
3
1
20
10
2
68
1
58
63
1
3
5
4
1
7
67
3
1
39
80
70
131
1711
1
2
1700
86
2
79
1
9
1
2
6
11
1
2
8
4
3
1
1
3
12
3
4
18
6
4
2
1
69
79
41
2
61
4
9
3
4
8
4
83
2
1
120
1
1
16
17
1
1615
3
2
1
1
2
1638
2
1703
1712
2
1713
1
4
3
1
9
6
2
2
4
3
1704
1
9
3
1
1614
1
1702
4
3
14
9
10
2
2
1846
6
4
4
1
3
2
6
4
2
6
11
1
29
131
3
37
1
12
1
33
21
2
1
28
1
3
27
2
102
842
2
840
1
941
1
1
1
101
940
6
7
2
6
7
1
2
3
1
120
23
5
4
119
115
114
22
1
1
9
121
1
38
1
14
2
24
19
51
49
30
967
53
3
2
4
52
7
958
2
1020
3
1
5
9
1
1
1017
2
1
1
960
27
8
1
3
45
2
1
1
3
1
62
1
5
1
1015
6
4
2
3
4385
4
11
4
1
1
7
2
5
3
15
2
1
23
5
85
2
12
1
4
1
8
5
2
3382
8
7
14
5
2
4
3371
11
1
4
20
1
1
15
2
1
24
954
944
5
978
35
11
12
3
2
14
13
2
1
1
1
5
9
12
38
3
2
2
2
1
4
159
6
5
57
58
154
4
2
1
2
4
9
3
1
1
2
10
24
1
2
194
192
191
5
3
1
2
45
62
7
1
2
1
3329
3345
4
3
21
2
2
19
1
25
1
8
6
1
2
7
2
2
3
5
2
10
3
1
4
7
56
1
44
1921
1902
1896
1
2
4
20
2
11
8
13
6
1
1
5
6
6
2
3
11
5
4
7
2075
2065
2058
3343
3332
3
1
2
3327
3
12
1
2
5400
5401
11
16
3290
3301
1
1
2
3338
3
8
16
1
20
3337
42
3320
2
4
18
19
1
12
6
2
4
7
9
1
10
6
5
3
1
1
10
9
3
1
2
3
2
5
1
19
14
20
3
1
5
8
1
2
2
16
1
2
14
66
3
1
7
2
49
1
48
36
2
1
5
6
28
3279
51
3
2
4
1
1
2
5
44
2
1
3278
3
2
5
1
4
3
56
23
1
3
1
6
5
9
22
5
2
1
53
11
2
1
12
4
1
3
3
3
2
2
16
1
75
12
1
4
4
1
34
29
18
13
8
8
9
5
1
1
2
4
1
28
38
1
39
80
2
38
40
39
3
83
12
1
69
66
9
42
2
7
1
14
18
13
3
4
3
1
1
14
2
1
12
2
3
7
11
1
2
1
6
9
5
3
3
2
12
9
3
1054
2
1068
1066
5
1
3
1073
6
10
16
5
1
1
2
240
818
814
815
255
984
986
243
241
254
1
2
1224
1
1
172
1
1
2
5
2
3
1
2
11
1
6
1226
1225
4
2
1221
48
1
1
1173
47
1
1
2
3
2
7
12
2
1
2
1
5
1172
1
62
1167
74
11
2
6
1
6
176
173
1
4
6
13
1
2
2
2
1
162
19
146
1
21
145
5
181
1
16
3
4
53
1
3
18
3
53
126
2
13
16
7
2
1
1
6
3
2
5
12
1
1
3
2
7
6
1
2
4034
1
16
15
11
9
6
3
224
4040
1
4001
4036
1
3
2
1
2
191
2
185
14
227
414
189
6
1
2
4
1
4398
9
32
121
4397
8
1
2
1
4397
1
41
1
89
83
4276
9
2
4398
2
11
1
3
9
12
6
4396
5
4358
4347
4279
4
3
3
11
1
6
79
4375
4376
9
15
1
3988
1
12
13
4003
2
1
2
4005
3
3987
2
1
48
437
1
2
1
3
4008
1
1
3
4
1
2
1
8
2
2
9
485
1
3
5
480
1
478
457
479
2
8
11
10
56
49
21
480
470
2
3
1
20
5
5
1
3
18
4
2
4
25
9
2
2
1
15
11
3
9
18
1
1
4
8
4000
1
3
7
1
2
35
49
6
2
8
8
4285
2
4264
3
4283
11
4249
1
1
4296
2
5
2
16
1
1
2
4
7
2
21
5
4
2
12
35
1
6
3
3
10
190
1
1
1
1
13
7
4
1
2
4
3
6
1
3
1
38
1
2
6
5
39
182
43
180
218
2
1
4
4
1
11
1
6
2
10
4
6
10
1
1
223
225
1
224
2
24
23
124
2
99
2
1
223
81
1
142
26
30
1
5
4
7
7
147
8
126
119
97
31
3
18
2
1
2
3
4
34
32
1
1
21
16
1
4
21
33
3
6
5
4
121
5
9
758
753
239
240
1
5
3
4
768
767
769
22
9
10
3
7
36
34
8
7
44
42
4
1
6
2
7
1
1
3
2
2
2
3
3
4
9
8
1
3
1
1
4
1
5
2
2
3
1
19
8
1
1
21
53
6
4
9
44
47
27
32
3
26
24
2
52
29
30
61
2
1
2
24
18
1
76
15
4
5
2
1
1
3
9
1
1
2
7
2
69
67
4
75
45
12
14
10
1
44
41
3
2
17
1
2
2
1
1
2
2
2
3
3
4
74
2
3
12
1
9
3
1
6
4
7
7
9
2
5
3
3
1
60
66
69
73
1
59
2
4
3
25
14
7
6
54
1
2
57
43
45
17
59
55
9
1
6
3
3
1
2
10
6
1
4
2
3
3
1
3
1
195
196
6
14
7
22
196
1
245
197
295
216
79
74
1
3
2
3
16
72
1
1
2
57
73
215
1
3
1
2
1
160
18
17
1
57
1
1
1
136
134
3
4
2
1
2
54
3
1
55
72
1
9
8
10
8
1
52
69
3
2
1
1
2
1
4
3
4
5
2
1
1
60
59
137
61
30
6
1
9
8
7
1
2
2
205
175
24
3
1
12
5
1
1
3
2
16
1
2
12
14
1
11
2
373
1
17
3
1
1
10
2
19
1
30
29
2
4
20
10
2
3
1
2
3
28
6
10
9
1
2
5
1
15
3
1
9
12
2
160
3
1
1
2
1
164
25
162
1
1
2
5
13
10
3
2
1
9
11
16
20
5
1
1
15
2
1
1
58
23
2
1
10
54
11
9
2
1
5
3
1
1
3
61
1
15
2
13
1
3
9
1
5
1
22
1
2
12
2
5
509
1
7
9
1
503
2
508
510
1
10
3
2
119
12
1
501
5
3
2364
7
4
5
2363
128
2
1
1
2
1
2
1
3
2491
130
131
381
118
1
3
4
23
2
1
10
5
4
1
1
7
4
2
2
19
1
20
17
8
1
13
2
16
1
2
21
19
1
1
1
2
23
4
3
2914
1
3
5
2114
3
1
2
81
4
4
2
83
2
11
2
1
2
2493
10
2
1
8
8
1
2917
2919
1
8
9
2
1
3
3
6
7
2
2
14
27
17
7
1
2
7
1
16
1
1
17
14
3
2
13
3
2
1
24
1
1
2
5
1
41
2
1
2
38
59
25
1
9
2
2
1
2
39
3
1
1
85
2
141
107
109
108
115
1
9
2
6
14
1
15
15
11
1
3
8
143
30
2
7
1
20
86
21
5
3
61
2
1
4
5
6
9
2
2
8
11
59
3
2
1
97
1
72
2
5
3
3
2
1
96
169
166
123
70
1
3
2
3
29
95
1
63
4
66
2
5
3
1
1
3
62
7
1
1
2
3
84
25
24
8
2
1
4
1
5
7
2
4
1
2
2
1
27
116
1
2
3
1
2
4
1
3
1
5
15
20
94
4
5
109
559
490
142
2
5
10
27
33
1
1
5
1
2
21
43
11
7
6
12
22
2
1
3
6
28
21
25
2
2
8
4
4
1
1
1
3
14
13
11
10
1
9
1
3
2
3
1
1
10
2
59
4
5
172
572
205
196
6
7
579
1
1
2
1
3
9
204
61
572
1
14
1
4
2
3
56
55
1
1
56
67
11
2
74
1
19
24
3
1
2
3
24
1
2
1
23
4
64
41
16
3
40
1
65
105
1
1
1
1
25
19
39
25
3
3
4
22
8
12
1
4
2
5
2
5
4
8
1
5
1
9
10
7
3
6440
1
2833
1
2
6451
100
2
6448
1
31
6449
2
1
3
6447
8
1
6417
4
1
3
2
15
29
21
5
29
2973
2849
2
8
14
4
17
18
3
4
1
2944
15
36
34
80
117
1182
1420
1436
44
131
127
125
124
1
1
5
6
18
2
3
1
18
1
1
3
19
13
2
2
4
6
1
2
1
3626
28
7
3
1
3
3617
3624
2
27
64
1
17
2
3
21
7
1
1
4
9
8
11
1
2
1
3
1
3
12
9
10
2
4
3622
1
3
7
1
4
21
43
3
1
3
3
6
3
1
9
1
3
10
5
2
15
4
1
44
2
1
45
2
1
42
1
5
4
18
4
42
1
2
23
1
1
8
22
6445
4
8
1
5
2
4
6439
15
3607
1
4
2
13
2
6689
2
3
7
12
1
5
2
2
235
1
2
1
5
6683
5
2
16
66
67
1
65
5928
6
1
6066
5930
5933
2
3
4
5998
1
2
3
1
1
4
1
4
6
25
1
1
3
15
19
3
36
120
39
119
149
148
24
117
2
27
8
1
16
28
13
34
2
12
6
3
166
152
1
175
173
1
14
1
2
9
8
9
151
1
23
14
2
348
172
16
2
30
1
6005
1
2
1
2
3
1
2
5
3
32
1
5
6
3
6
11
3
1
1
1
10
1
13
3
2
1
21
22
2
8
2
5
14
10
4
3
19
25
16
1
3
6
35
8
9
2
1
2
4
1
44
5938
5
3
19
69
4786
38
1
19
2
1
5
6
8
11
1
5929
5961
44
43
2
46
5930
5936
7
14
1
3
7
4
1
3
2
8
4
1
1
7
6
3
2
43
25
17
1
3
3502
59
43
3443
1
21
26
15
1
2
6
3
2
63
5
1
3
62
4717
4715
4
1
3
6
10
2
2
3
2
4
2
21
1
14
6
4
3
1
12
4777
2
6
2
38
4
5
3
1
1
36
2
1
42
2
35
121
2
2
2
1
2
1
35
33
10
19
37
1
23
13
14
1
3
18
1
1
2
2
4
3
2
1
3401
1
69
1
2
30
20
1207
33
109
106
11
10
1
2
1
11
6
2
7
2
5
3
5
3
1
8
3
131
8
123
7
2
3
2
2
1
4
5
7
85
74
139
4
1
3
5
2
28
5
76
78
5
1
145
2
1321
119
13
6
140
5
1
147
1635
1608
70
2
2
4
1324
3
1
1205
1
1
1
3
2
1461
147
5
1
2
4
7
2
5
3
36
41
2
7
6
34
5
5
3400
7
13
20
50
49
54
2
1
56
55
208
203
1
147
3
188
39
1
189
19
2
2
149
1
40
3
1
5
2
3
1
17
19
35
25
2
3
2
1
144
3
1
2
27
36
3
188
10
5
1
78
185
2
1
1
184
90
97
100
110
9
41
42
68
4
6
3
33
2
5
7
2
94
2
1
17
5
19
1
3
114
116
21
4
2
2
22
2
2
5
89
4
2
1
1
19
20
2
3
32
30
1
3
12
9
9
1
2
13
21
3
31
8
1
1
2
10
5
6
1
3
10
8
12
1
4
2
156
155
9
154
2
1
3613
111
38
108
4
1
2
5
146
37
1
2
6
1
1
36
24
1
5
4
4
2
93
4
5
1
9
8
21
16
37
1
2
36
1
1
2
8
12
9
2
1
3
9
10
1
10
33
2
1
35
31
1
1
36
1
46
3
5
37
19
35
31
1065
34
35
33
22
3
238
10
11
16
21
5
4
1
1
36
1
4
1
27
2
1
2
7
2
1
1
44
1
2
1
66
45
26
29
2
4
1
67
99
2
4
1
2
1
8
158
153
1
2
166
17
1
19
18
20
2
4
16
1
1
1
4
1
1
2
2
2
3
5
2
1
4
2
5
3
1034
7
1061
4
6
3
2
1
1068
1
13
34
16
25
1055
2
1062
1
10
13
1
2
2
24
1
2
1
1037
1061
1036
21
1
3
1123
15
1113
1084
1089
41
1
4
1
19
25
3
6
7
24
9
4
44
10
1
1
3
1
1
2
1
31
2
21
133
160
2
1
1
4
1
2
48
5
45
4
1
1
40
42
2
3
9
10
2
71
1
1
4
3
73
68
43
6
10
15
5
72
1
3
2
4
80
10
2
14
79
7
34
33
76
2
70
1
12
5
3
2
27
1
43
7
2
1
7
17
15
1
2
5
16
24
2
26
43
2
1
44
45
4
2
47
2
31
4
3
2
13
47
4
136
152
2
1
1
5
150
154
147
11
4
2
3
3
6
1
8
7
8
7
2
3
2
1
1
13
1
1
21
7
9
1
10
920
20
1
15
17
1
2
1
11
20
1
15
2
13
14
1
16
3
1
2
54
28
2
3
53
15
2
35
3
1
1
2
9
12
34
10
11
5
2804
77
1
1
2
4
60
51
1
2
78
26
1
32
64
7
47
8
5
3
13
13
1
3
2
1
2
11
28
1
5
943
1
2
944
933
944
1
1
32
967
999
5
6
4
11
7
14
1
2
4
9
2
5
1
1
2
8
15
4
3
1
12
11
25
10
2
1
23
24
9
8
3
4
1
2
1
8
2
274
9
3
10
5
7
2
5
6
3
1
12
5
4
2
2
1
10
12
11
1
2
1
30
41
3
8
22
2
2
1
5
31
2
7
3
1
4
4
1
2
2
35
3
1
37
1
15
1
32
4
52
4
1
1
2
2
2
8
6
5
1
57
4
2
1
3
1
6
1
17
16
5
26
2
1
1
63
64
43
2
3
1
33
31
1
3
4
18
15
1
2
10
2
21
13
2
107
45
10
11
5
2
95
14
3
1
57
1966
1
6
55
109
1871
2
5
2022
2023
278
282
272
292
127
2
44
1
34
4
1
6
25
36
37
38
1
1
1
2
16
17
8
3
2
1
3
2
3
1
3
1
4
5
4
15
20
36
1
5
3
9
8
16
2
1
3
5
6
1
8
21
5
2
1
1
10
2
7
135
1
5
8
11
6
1
2
1
15
3
136
8
1
3
27
5
4
30
27
31
107
80
3
1
2
1
3
13
16
17
22
14
1
4
1900
1583
154
3
1
130
1900
1652
5
1908
2
1
8
129
1
3
3
5
11
12
1782
248
8
259
6
2
3
7
1
73
3
75
1
4
2
3
1
89
76
2
1
5
8
1
2
2
3
1
2019
3
1
2
3
1
1
7
11
1
1
25
10
2
1
1
4
2
7
1
1
3
7
137
4
2
3
6
2021
3
2
1738
1
2024
1
16
1694
3
1
1695
1743
1741
134
48
1
2
1
4
1
1710
13
1787
1
2
1789
1711
2
55
78
55
1
1
2
46
56
9
2
3
1
1
1
2
48
247
1
12
49
1
6
1
133
1
2
11
1
1
2
2
1
3
1774
1772
1770
5
21
40
1
1
41
43
2
1
234
6
4
1
3
265
61
20
3
2
5
53
7
40
41
1
2
1
5
1
1
4
7
5
2
3
52
1
11
9
2
1
46
2
1
2
7
30
1
6
1
5
12
5
1
1665
235
2
1
75
82
260
240
2
1
7
1
17
86
101
100
1
4
3
26
97
83
2
1
60
1
2
85
23
1
16
2
25
15
10
8
4
5
1
2
8
78
76
157
3
1
2
1
3
153
1
2
156
3
2737
152
3
2889
2
17
1
2728
2729
1569
4
1
1
1159
1074
2
3
2733
1
4
2892
3
2
1
2875
1
2
2
1
3
38
37
41
2876
5
6
19
14
1
3
5
4
2
1
1
1
2
4
2
1
29
9
1
3
14
10
44
4
13
1
2
1
45
40
1
38
1
8
14
3
1
37
15
1
3
1
2
14
23
1
14
9
3
1
5
3
48
21
1634
1
2
4
26
1
4
2
1
30
1
1
27
3
4
1508
1510
2
1
1
7
2
4
2
5
1
6
7
3
1
5
6
2
3
2
8
254
4128
5
6
19
71
262
1
1
168
1467
1468
1464
2
1
4
1
2
60
62
1
59
60
12
7
4
13
1
2
27
2
2
3
10
1
12
29
88
15
14
5
1
9
2
1
16
58
59
5
12
69
1
9
5
40
43
4
1
127
4
2
3
1
4
3
2
11
4
1
1
3
1
2
1
2
7
45
50
5
6
8
9
17
3
15
1
5
16
41
6
1
1
5
1
19
2
6
1
55
1
18
10
1
3
5
6
2
14
4
13
2
33
20
1
6
4
29
5
1
3
2
12
4491
4492
12
28
1
4643
2
23
3
1
12
11
5
1
4498
26
34
11
2
9
1
1
2
96
5
3
4
1
4337
1
2
4338
4336
10
11
4
3
1
2
4271
4278
4338
2
3
1
3
7
9
4287
4273
7
32
59
60
2
6
1
2
2
1
2
28
1
1
33
1
34
71
105
1
1
139
140
1
172
6
3
106
92
166
5
15
2
14
21
2
3
1
6
19
5
1
1
3
2
1
2
20
10
2
1
10
15
4
2
1
2
5
12
20
3
1
2
6
2
3
1
4
7
3
6
1
2
4
4
6
9
2
9
4
10
11
4
1
2
225
3
5
7
1
1
10
1
7
13
16
14
1
8
2
20
29
132
6
5
2
7
103
5
4
1
14
1
10
3
18
22
2
1
15
17
2
13
1
133
3
4
34
14
2
1
53
5
1
8
3
2
1
1
52
9
7
27
58
28
25
7
9
2
5
1
13
7
14
2
38
5
6
1
2
3
35
33
1
1
4
3
27
1
2
55
15
1
50
57
1
53
43
16
8
52
7
18
42
126
127
130
2
3
4
110
95
1
60
1
1
61
1
10
11
2
1
1
1
23
15
16
17
1
8
2
1
4
4493
4501
4502
9
1
2
2
14
1
2
3
14
4504
16
11
3
22
1
2
21
59
18
10
2396
9
2465
2
15
27
2
1
1
4
1
57
2
3
38
12
11
73
1
10
9
2
1
215
83
86
43
50
181
61
64
1
9
2
3
3
7
8
5
1
1
3
2
1
8
12
2405
69
2438
1
119
1
1
106
4
120
13
2
1
2
105
3
11
2500
43
1
7
3
10
41
42
5
6
1
4
6
97
41
1
2
2
106
147
153
146
138
139
95
94
458
1
1
39
1
3
1
3
2
74
364
2
1
12
9
134
75
1
77
13
59
28
26
31
30
290
1
1
5
4
3
20
38
43
1
3
2
4
2
15
1
9
17
2
2
17
1
1
5
8
1
1
12
2
6
11
10
4
2
32
1
2
4
2
2
3
260
17
6
4
1
1
2
126
131
7
5
1
1
4
1
2
6
1
2
17
21
5
1
46
1
3
1
38
36
5
3
45
1
61
42
44
10
9
1
2
4
39
149
150
92
110
13
94
2
1
1
1
4
2
6
18
21
20
1
5
4
1
6
20
18
5
1
4
4
2
1
12
24
13
15
16
7
12
1
3
2
1
2
4
1
3
14
6
6
2
7
1
2
10
8
11
3
25
81
6
1
2
2514
2
1
13
1
1
16
1
46
55
2
11
5
12
56
17
1
5
1
3
9
34
39
10
9
7
9
3
10
167
136
61
151
140
67
107
63
125
135
20
9
16
18
26
3
4
2
27
6
2
45
9
8
73
75
74
2
1
3
44
18
4
1
3
2
4
17
6
2212
1
2216
6
1
8
1
2
25
4
1
2
3
1
2
5
3
4
1
5
2
1
23
35
5
7
4
2
324
1
1
2
1871
1869
1866
4213
4212
323
1862
2
4
3
2
7
2347
2345
1
2
1
1
3
1
3
2
1
6
4
4064
1
6
3968
1
9
8
4
17
2
10
3
7
5
2
3
1
2206
7
4
2
3
4
1
1
6
5
7
2
1
3
4
5
2
4
77
3962
3964
1
1
2
103
102
2
3
16
90
2
1
13
1
11
2
100
3854
2
2
1
3954
1
3963
2
1
5
2
2
3
1
4
9
2
5
1
4
3
9
1
1
3856
4
1
12
1
2
27
92
10
3
6
1
1
2
6
2
1
7
4
7
29
1
119
102
2
3
2
1
1
2
9
1
1
3
2
74
1
17
6
11
1
19
4
53
40
61
81
80
75
57
1
15
89
37
90
88
1
2
4810
3
2
1
4899
2
4
1
15
8
2
4808
4784
14
23
24
2
1
3
1
14
2
3
4
5033
5035
5037
136
1
2
1
4
17
1
12
1
17
1
21
3
150
3
5010
18
52
1
15
1
9
4986
36
4998
37
42
43
4985
4984
5005
1
2
8
16
5034
1
2
1
1
1
5047
37
7
15
3
1
6
1
7
18
32
3
4
1
8
30
29
28
1
2
17
5
6
7
10
4
3
46
1
2
46
1
45
2
2
1
4
3
11
38
44
4
3
4
1
248
252
5
52
13
2
3
98
3
4
5
1
25
224
1
3
2
1
21
1
3
2
142
2
249
2
32
31
1
11
2971
258
257
29
260
2972
1
7
6
10
3
1
1
16
5
2
1
5
10
3
2
11
1
3
2
9
6
1
4
2
1
2938
4828
2946
2947
1
2970
2977
3
4
5
2
3232
11
1
1
3221
12
2
1
3
34
36
1
77
1
2980
1
1
2946
77
3
3225
3222
3148
4
8
16
23
2
23
3
1
4
3
1
7
1
1
4
53
20
12
24
1
15
20
3
5
13
11
7
22
3
5
2
1
15
1
2
4
1
2
4
1
3
2
1
2
2
91
4
1
16
94
1
1
2
14
5
2
21
1
3
2
2
1
3
1
2
60
58
57
7
4
3
59
56
2
67
12
1
61
3
25
3
2
26
2
1197
1
4
3
7
1194
3
1
2
7
2
4
1
6
253
3008
2
7
3007
5
2
2
3
1
1
247
2
1
2
1
5
4
3
4
103
5
1
2
2
22
1
21
14
11
1
2
5
7
1
13
1
64
101
2
37
62
78
91
5
2
90
101
16
1
10
3
1
3
96
105
106
3
2
7
2
5
96
78
79
1
97
3
1
83
1
1
65
153
1
2
4
2
3
2
3
152
21
7
6
35
1
22
21
29
32
1
1
1
1
98
3
4
2
5
8
341
1
3
2
4
3
5
5
8
4257
2
1
1
4408
2
1
3
165
4410
2
4260
10
3
3
343
13
4249
4475
4407
4258
1
4250
1
2
170
1
4295
50
7
1
4
4
12
54
2
3
1
2
8
5
3
5
4
5
1
2
66
445
1
5
8
22
452
4
3
3
2
2
1
31
30
26
21
1
2
430
1
71
1
2
12
18
14
4
10
6
24
23
5
3
2
444
11
9
6
1
4
1
3
452
455
2
3
2
1
5
7
4
60
6
6
1
8
5
59
13
1
2
3
11
14
10
1
2
2
1
57
3
1
46
63
1
5
44
6
58
24
39
4
2
1
3
5
1
1
59
1
20
1
3
4
10
5
2
95
2
1
94
106
4
1
7
1
108
43
95
1
1
42
5
25
6
1
15
2
5
40
20
5
68
19
20
2
1
3
2
1
2
1
1276
1364
1365
1
3
19
1
1367
1
17
23
2
1
3
2
7
8
4
1380
3
3629
1381
5
6
2
1384
15
3
1411
1
2
1
1
27
3626
3608
1
35
10
1
3
2
12
27
28
61
60
14
25
2
1
1
1
63
64
7
11
2
1
3
1
2
3
6
5
11
90
3
5
2
1
4
8
7
1
3
14
2
59
4
6
62
3
2
7
8
60
65
68
64
1
4
5
110
1
94
68
1
5
1
2
74
168
3
2
2
1
6
167
1
2
1
1
2
1
16
2
1
10
1369
2
9
14
6
9
2
4
3
3
4
1400
2
1
152
151
3
1
1
2
17
15
91
2
3545
18
3543
2
3
10
7
5
13
9
19
2
1
1
4
103
1
3
120
102
121
5
5
19
2
105
1593
1589
1567
2
3
10
44
1698
110
45
1689
1688
1690
107
1577
1
1
13
2
1574
1
9
6
2
3
17
8
10
8
1
4
3
2
2
10
4
9
3
8
4
1
1
2
11
17
3
4
1
3
11
9
5
2
2
1
1644
8
1
70
65
3
4
2
1
1
1636
1
7
3
1
1
9
1
2
1635
1
8
17
16
1
86
4
1
3
9
2
85
5
1
7
1
4
1
1
2
1
3
1
3
4
40
36
101
9
2
1
32
30
31
10
1
1
2
7
33
4
136
137
35
5
1
3
45
9
8
23
2
2
1
5
3
6
5
3
5
97
30
31
54
22
2
25
13
6
3
2
2
27
1
21
11
1
4
9
1
2
8
9
20
39
34
5
15
1
1053
1
1054
32
7
1
6
7
1021
2
1055
6
7
5
29
39
1688
1728
1729
1019
5
1
3
2
3
9
1
1056
2
7
10
2
1116
29
1055
1106
27
1
1058
3
3
1
1
2
37
13
4
11
1
36
21
20
2
1
1
1
2
16
4
9
7
10
25
2
1
5
13
1
2
3
14
10
1
2729
2728
2744
2703
75
3
3
5
6
4
1
2
2739
1
2741
2745
4
1
33
31
16
1
15
34
2
6
8
4
2
26
1
1
1
4
7
5
16
12
8
14
8
1
5
4
1
6
15
2
12
4
3
1
1
1
2
5
9
44
43
27
25
1
3
35
1
7
70
3
3
2
1
12
27
22
2
3
19
1
1
101
1
3
18
10
1
1
2
1
11
20
1
3
16
1
2
1
1
2
2
2
4
38
21
11
10
33
6
15
37
2
1
4
1
9
2
22
1
1
16
2
3
13
2
1
2
1
13
3
5
12
15
1
2
3
4
1
2
1
5
3
7
6
5
3
1
12
4
1
2
9
1
22
2
3
10
47
1
1
304
3
2
57
4
3
1
1
1
2
1
172
4
2
4
4065
5
2
4
176
4071
4069
4068
8
14
4070
1
1
1
1
4075
3
4
1
4
4074
60
2
7
5
2
23
25
5
7
1
2
3
22
1
4
1
3608
3611
21
4
1
2
1
17
1
2
5
8
1
4
2
3
10
8
4
2
1
3787
3772
3773
181
180
3
2
12
3777
3
4
3596
1
3
1826
3608
3607
11
5
1
1
1
2
1
14
13
11
2
1
51
5432
5433
18
1825
13
5428
1
1
4
1
2
40
17
3
2
52
1
2
6
1803
49
1
3
5
2
1801
1807
2
1852
51
1
3
14
4
1
1
2
18
14
1
2
5
2
95
7
1
5
6
26
1
1
3
3
102
69
1
2
10
6
21
104
15
16
2
1
1
32
2
30
60
70
4
6
5
1
4
5429
5378
3
1
37
5465
5470
5380
5381
5385
1
1
2
2
4
17
1
5428
90
1
5384
2
11
1
1
3
1
1
66
5
6
2
1
2
33
13
3
65
5
3
10
14
2
3
1
14
75
1
3
2
13
73
6
88
16
2
1
2
4
1
2
1
3
11
1
2
1
4
3
4
13
1
1
8
25
63
66
3
2
1
1
5
101
99
6
2
5
3
5
9
10
2
8
4
3
10
1
4
1
2
15
12
1
1
2
11
3
1
207
1
2
1
17
3832
208
224
3
1
9
18
6
1
1
3
2
210
1
2
211
4043
2
1
5
10
1
2
3800
168
1
3799
4
3803
54
3968
3
1
2
70
1
2
67
13
9
11
14
7
27
12
5
2
68
5
3
4036
1
1
50
2
6
1
38
1
27
12
1
2
6
8
12
2
3
8
26
2
4041
2088
107
97
96
3751
3975
3974
106
2
3831
1
1
1888
10
14
13
1886
2194
2197
10
1
2
3
1
13
3
4
2187
12
8
1
2199
96
5
29
2
7
3
10
5
36
1
19
3
1
3
1
2
1
2091
18
11
5
9
10
1
2
3
2
2
8
1
2680
1
15
1
1
13
1
9
21
3
2
1
2
10
12
4
6
23
22
34
4
8
33
18
4
2
38
1
2
1
19
77
4
1
79
2
20
5
4
1
3
2
60
1
2
3
4
5
1
3
3
37
41
4
78
126
6
2
3
1
2815
1
2
2
3
3
79
2
1
2737
2
120
2689
1
1
4
2
41
42
2
84
78
3
2
112
109
1
36
4
2
10
4
118
1
19
2
1
83
3
76
81
14
108
40
3
7
1
1
36
19
17
1
2
12
33
2
2
5
4
1
1
1
17
18
13
3
3
96
93
17
1
4
3
43
10
8
2
1
6
1
2740
4
2741
2742
1
7
1
9
13
1
1
4
62
1
2
32
33
71
66
64
30
1
34
6
1
3
3
40
39
2
31
12
37
2661
2663
2662
10
11
1
6
1
2
1
1
9
2672
1
15
4
7
1
2
3
1
4
6
7
1
39
2
2
3
1
8
2
2681
177
1
2679
2
12
176
2695
23
3
4
165
164
1
1
2
17
11
2
2871
3
1
20
1
3
187
8
1
28
2
4
187
188
38
2
4
1
5
37
36
30
2
1
1
2
103
131
1
2
38
9
1
34
14
36
17
18
2
1
9
5
4
1
10
95
12
3
1
8
2
1
17
1
3
10
7
1
16
7
3
6
2
1
12
13
16
17
5
2
9
4
2
18
120
8
5
1
21
20
3
9
1
15
1
2
20
2
16
5
6
11
10
2
1
1
2
1
7800
21
20
1
4
3
1
7818
4
7819
2891
2
8
11
1
2
1
4928
4927
2889
3083
3
2
1
4927
12
8
4939
4
1
3
4
100
1
4927
4931
4923
4928
110
1
9
2
12
5048
2
5079
1
31
3
3
6
5067
5081
1
2
3
5060
34
1
3
2
5
2
40
36
5
3
6
41
47
2
1
5011
49
1
179
52
2
3
4
178
26
27
53
46
1
1
5
3
38
5010
1
1
2
1
6
1
3
1
26
8
2
58
59
32
55
117
116
3
1
2
1
20
5080
1
5
1
2
26
1
24
7
5104
5
5103
5100
2
2
2
1
3
3
4
1
2
29
1
3
141
140
1
5
1
1
4
3
1
5
1
2
6
5
4
2
1
1
7
1
2
3
7
1
11
3
22
2
8
23
2
1
1
2
1
3
19
1
4
2
1
134
5
1
155
6
147
1
5
148
1
10
2
1
12
28
22
4
149
5
4
1
1
208
10
2
1
3
8
4
6
212
13
2
207
122
12
2
1
6
19
1
5
1
41
5
3
4
1
18
50
51
102
53
1
2
170
54
1
55
5
1
4
3
2
1
64
5
20
31
4
1
50
62
48
1
49
15
27
166
31
169
14
13
17
30
103
154
1
1
139
144
3
1
2
30
4
2
3
2
1
26
14
1
6
1
20
3
1
2
1
23
3
2
33
1
60
2
11
25
34
30
28
32
36
2
79
1
1
9
44
3
1
1
14
12
7
80
112
35
2
2
32
53
3
1
24
30
15
13
2
1
27
1
3
10
5
2
19
1
1
6
21
1
23
37
42
16
4
2
25
7
6
13
116
105
115
25
161
160
17
24
1
1
52
91
51
40
1
3
1
2642
144
143
7
1
2
6
3
4
17
15
6
2
1
25
21
2
2
22
1
8
24
1
2550
30
25
263
271
260
2526
7
1
1
5
2544
7
4
2
2544
2545
2548
1
2546
4
3
2
1
3
2537
2490
47
25
4
1
3
1
4
3
5
4
2
1
1
10
8
9
8
1
13
14
6
13
237
1
2
11
224
5
2
3
12
3
8
20
25
21
4
1
1
2
237
1
8
1
2
16
236
15
220
2
9
6
205
206
2
1
25
17
1
3
1
1
5
40
4
104
43
18
8
9
4
26
5
1
1
117
2
7
1
1
4
8
2973
2885
1
3
2965
2
1
4
2
1
3
2969
4
5
2
8
84
1
2
6
6
2
2
5
3
4
1
1
161
179
178
2
15
5
6
7
1
8
9
11
183
1
2
102
1
1
2
68
80
101
182
76
2
4
25
70
47
12
11
1
1
1
67
3
2
20
1
93
18
17
21
5
94
153
4
2
1
2
3
2
9
3
99
71
36
76
102
1
2
3
83
35
12
2
31
7728
112
29
4
60
1
2
1
75
76
81
75
10
1
1
4
5
1
2
6
159
1
1
7
6
3
8
2
158
141
138
97
101
17
4
1
11
1
3
2967
3084
14
2884
204
14
1
1
200
193
2
192
22
3
2
1
1
2764
1
25
2786
1
2
2765
2764
5
118
123
2
9
17
2870
106
89
29
1
3
4
13
1
1
3
1
11
6
2
7
1
2
1
1
2
1
43
67
1
36
5
1
9
1
1
2
5
1
58
4
24
1
9
7
3
4
1
1
1
62
7
61
4
1
2
2
5
10
12
15
7
2
1
3
14
1
2
1
21
1
6
1
20
8
5
28
8
3
1
2
7
2
3
2
1
2
10
1
3
1
12
1
1
5
2
40
3
9
28
4
11
2
27
13
1
9
2
6
1
3
2
2
3
2
1
7
5
9
3684
3
1
6
1
1
2
11
16
3
2
2
9
16
4
2
7
1
3
5
13
11
6
3
1
1
8
20
3
2
1
2
3
262
215
19
1
1
1
12
292
18
280
52
16
56
15
3
5
1
50
51
1
11
12
71
5
2
3
1
4
1
1
20
2
2
32
1
1
4
1
34
38
1
4
5
36
1
2
1
51
35
39
2
234
4
273
1
1
1
1
2
59
26
5
128
127
55
57
4
1
33
14
12
1
2
3
2513
23
21
26
16
9
1
2
2
3
6
7
3
3
4
1
21
1
6
4
1
1
1
15
17
22
2
5
1
2
16
11
9
2
1
17
2
9
7
1
15
2
2
8
3
10
16
2
5
6
3
1
4
12
2
1
2
2644
2678
60
61
44
1
22
4
5
3
1
24
26
2
1
3693
3692
30
54
7
6
82
3694
2
6
1
5
1
11
3216
3
3223
10
2
3294
2671
4
3299
3219
7
1
3
3223
2
3
1
8
5
11
1
1
3
4
2
7
9
17
1
18
2
4
8
69
3151
1
1
5
3152
3151
3
2
1
2
2
7
2
4
1
14
13
4
2
8
1
1
3
73
1
3
4
12
7
9
5
5
2
1
6
1
3
2
3
5
1
3
7
1
20
4
1
6
2
3
4
2
5
1
3
2
44
4
1
3
8
1
7
2
42
47
71
2
1
4
3
24
20
3
1
1
15
3
7
1
8
21
17
5
18
14
147
94
76
85
180
179
157
174
266
265
1
4
9
17
66
2922
1
1
3
2
2
3
4
2
2
1
19
20
19
27
18
20
27
2
1
1
19
7
28
26
6
5
18
20
3
1
42
25
5
1
28
341
6
14
275
299
61
1
2
1
2
1
3
3
273
274
1
3
20
2
4
270
24
1
1
2
3
61
2
337
62
1
3100
2
59
68
3099
9
12
1
1
4
2
3
4
2698
5
1
2
4
2865
163
1
1
2
3
4
1
6
2860
2861
1
2863
2702
162
152
12
10
2
10
7
2
92
83
3021
2
82
1
2
3103
1
4
3
6
10
1
1
3
2
7
4
3
3098
21
20
1
1
2
16
8
2
1
13
18
1
2
6
6
7
1
2
9
1
7
9
4
6
1
7
625
630
17
18
8
14
19
1
620
647
1
1
2
20
601
8
9
156
1
1
2
132
3776
3580
1
3660
1
2
11
79
80
3579
3577
3661
3
1
3784
8
7
6
1
3
3785
4
1
1
2
1
66
4
3
5
1
67
2
4
1
1
4
2
5
2
1
6
5
3
6
14
68
2
1
7
10
1
8
3
5
3582
3
9
5
3
26
2
4
1
1
1
4
2
2
24
1
1
2
3
4
1
3578
3581
10
3642
3632
3630
3633
371
372
14
15
8
2
1
28
29
16
7
12
131
133
2
9
1
2
2
5
1
4
1
1
3
3
367
3
1
2
2
1
1
5
1
3
4
7
4
1
7
2
2
1
6
7
2
204
2
1
17
202
210
1
9
26
23
24
8
1
3
1
49
13
4
9
3
1
1
3
4
2
5
2
1
1
7
3
3
2
2
7
24
14
2
9
2
3
1
57
58
10
4
1
2
3
1
24
3
1
1
1
2
3815
12
150
1
1
148
3
93
151
1
9
1
1
2
1
10
14
48
1
1
4
5
26
1
2
27
2
9
10
5
1
38
31
2935
3
1
129
2
3
1
1
1
1
71
1
3
2
166
67
2
1
70
4
6
3
1
163
20
292
8
233
16
11
9
8
3
2
5
4
1
290
1
2
57
1
3
2
3
4
300
7
5
2833
1
2
5
2510
2
2512
2490
2488
5
1
2
2509
6
1
1
2
3
1
3
22
5
3
2
2483
2515
1
2
1
6
3
27
5
22
49
2
4
1
3
4
2
2
2491
1
5
2495
1
15
17
2
1
20
1
16
3
7
2
3
8
8
9
11
1
7
26
19
9
10
17
4
1
15
1
2
1
32
2955
1
2956
7
14
6
3
31
2912
2878
2873
2923
2
2489
1
12
13
2501
9
455
2
1
4
3
12
2
4
1
3
2
6
17
16
1
32
1
8
3
2917
12
7
2
1
5
2937
2909
2
2911
1
1
1
6
55
15
4
2
1
35
2
2
4
28
5
26
34
1
36
6
1
10
9
27
5
5
2
19
16
5
4
3
23
11
16
7
1
1
6
11
1
21
241
60
231
8
3
230
1
4
9
81
3
1
2
5
1
1
2
2864
5
3082
1
3
2859
223
8
7
2
4
11
15
19
72
209
186
177
2
4
1
2
1
17
2
5
53
55
20
25
6
7
204
1
2
3
5
185
1
8
9
2
1
2
11
4
2
12
3
1
5
2
5
184
2
138
8
119
53
12
2
1
11
4
13
1
3
2
24
14
1
8
11
22
1
10
6
5
46
2861
2856
6
7
1
3
5
44
1
1
2
43
42
4
16
3
2
3
2445
2444
2443
2815
2
1
2487
1
3
7
2436
1
3
2486
51
2
1
4
7
8
6
3
2
2496
10
1
2
3
7
4
5
1
40
2
6
40
1
2
114
24
5
1
4
3
34
8
1
1
2531
39
2565
1
9
44
4
3
8
4
3
2
2530
2
1
3
2
7
1
4
5
25
2
9
10
213
5
4
1
1
11
2
1
1
3
222
211
2
2484
2481
1
1
2695
5
4
2483
2482
2
7
2
2694
29
24
1
3
5
15
24
14
25
2
1
12
29
6
26
3
27
57
1
2694
4
3
20
2690
1
2714
2
4
2716
2
1
12
2680
24
8
4
6
2692
2704
5
1
52
53
4
1
3
2
1
6
10
49
5
2
1
22
30
36
2
4
2512
2485
1
3
2
33
1
35
1
4
2
3
16
7
8
3
44
48
3
5
6
4
61
60
1
5
58
3
2
60
64
4
5
1
2
6
69
1
2
1
5
249
3
244
183
1
57
4
1
3
3
5
182
2
8
1
1
4
59
4
2
1
1
3
175
178
1
3
2
13
2
7
15
3
2
1
1
218
11
1
16
16
4
1
2
17
1
12
3
1
4
5
3
9
10
5
13
2
1
3
63
67
19
7
4
1
2
2
74
4
20
125
6
104
220
2
149
11
146
109
2
6
3
108
8
3
4
2
165
12
119
37
1
152
1
1
4
1
1
5
4
2
2
1
1
34
10
153
42
46
43
3
2
1
43
40
42
21
22
1
6
3
1
3
1
3
4
20
3
1
20
2
5
1
3
1
3
2
1
3
151
145
1
1
2
4
9
9
4
7
2
3
5
10
3
18
5
15
3
3
2
1
15
166
236
165
230
1
17
6
1
2
1
71
1
4
2
6
41
39
2
1
1
4
207
2694
2
206
18
2906
2901
4
4
5
19
1
1
1
5
8
24
2
2
1
10
2
9
2
5
4
39
1
2
1
1
34
2890
10
31
3
30
1
1
40
75
1
115
6
1
1
2
33
5
7
1
1
31
28
2
3
2
1
7
1
38
1
5
36
6
8
2
229
4
227
33
1
1
3
39
4
2
2
3
3
9
2
35
92
6135
1
231
4
5
4
105
6545
1
2
4
19
2
1
5
3
7
6375
2
1
11
4
5
7
10
1
6368
3
6362
2
1
17
82
7
1
3626
290
2
1
2
3
6544
1
2
107
111
1
2
1
2
2
1
3620
6
2
2931
3619
3336
3334
87
2
4
1
2
3244
3247
1
2
3
4
2
10
9
1
1
3
3
2
2
1
2
1
8
2
4
1
1
3
2
1
5
89
223
220
7
6
1
100
97
6
1
7
134
11
1
1
3
213
96
91
5
6
2
1
1
2
7
8
1
4
113
6
8
3
1
215
1
2
243
14
1
1
4
2708
8
3
2
5
9
2
7
1
2
9
4
5
1
1
3
4
3
2
8
13
20
5
3
1
2
4
7
1
10
2
1
464
12
221
6
7
3
2
26
28
10
1
214
2
1
7
11
217
4
214
1
2
26
6
9
29
28
4
3
1
50
213
2
20
1
3
9
1
6
8
1
2
5
51
2
1
2
38
35
14
3
4
24
1
66
90
89
2
4
3
65
61
1
10
86
9
9
9
2
4
6
1
77
1103
48
21
4
1
15
3
16
18
1145
1
1
2
3
176
173
2
4
14
15
175
1
1
4
71
75
160
1135
1
82
1
2
71
189
171
81
2
170
7
48
5
1
252
1
41
2
1
25
2
3
43
2
45
20
23
1
1
22
19
6
5
2
3
16
6
1
2
14
2
4
2
1
1
3
2
25
21
3146
1
3165
27
24
3
1
18
3166
6
3
2
9
1177
16
3287
4
1
5
90
14
19
1
5
3152
3173
4
5
37
35
91
4359
1
12
3
1
52
1
47
3
2
53
4
1173
42
5
1
4
7
11
4357
2
91
4354
1
45
199
4
1
154
95
1
1
4
22
2
21
3
4
5
26
4
3
66
5
70
1244
1283
1
1240
1282
2
2
1174
1
10
2
1
1
9
8
4
1
28
1
4
7
2
11
32
181
21
3
2
1
9
10
5
62
2
2
17
1
1
3
1
1
2
115
1
3
9
11
18
14
8
9
10
114
115
12
1
117
1
1
2
197
190
9
6
3
59
3
198
1
8
7
202
140
1
3
4
2
1
2
3
102
103
3
1
34
25
2
7
4
9
56
8
1
76
20
38
13
5
3
1
2
5
3
9
3
5
4
3
1
2
2
4195
5
11
6
5
3
2
2
1
5
2
1
3
3
4175
1
1
5
1
1014
4172
6
1020
11
21
24
2
1
10
3
4
8
5
2
6
2
4193
1
3
6
11
1
4
2
41
12
12
4
2
3
4189
84
72
5
1
2
1
29
18
3
65
1
7
70
2
1
69
2
6
3
75
3
12
1
17
20
1
6
9
20
4182
13
2
4273
1
3
21
8
115
94
4271
1
2
9
66
104
3
1
5
3
2
1
2
2
2
1
3
1
4
2
5
10
2
1
4
7
105
1
1
5
2
7
6
1
2
1
2
1
1
1
14
10
11
2
1
15
2
114
1
3
1
8
1
14
1
25
1
2
17
22
11
3
2
1
10
1
2
11
19
1
3
185
6
12
171
2
14
3
173
161
2
168
2
12
1
1
5
1
12
2
1
3
3
4
1
4
2
1
13
34
3
304
3
11
1
2
7
6
41
1
1
33
2
3
1
1
337
338
339
4
2
1
1
336
2
5
2
1
2
10
307
11
1
331
3
1
2
8
305
298
1
1
12
22
7
92
1
1
66
99
8
26
93
2
2
5
35
1
13
7
10
8
9
6
1
30
1
14
33
5
2
1
3
2
12
45
15
8
1
38
116
111
67
9
2
1
1
2
2
2
34
27
1
1
3
7
1
3
2
1
13
15
3
33
6
1
1
3
3
11
8
2
7
394
2
20
39
6
1
5
19
13
21
4
13
3264
36
6
1
1
3262
3300
2
7
2
3261
18
18
3243
2
2
1
11
10
2
3
9
1
7
2
4
6
2
1
1
17
1
4
2
1
1
5
210
12
2
1
1
1
3
15
14
198
211
6
2
7
81
4
3
1
10
88
1
3
78
2
1
77
76
6
1
1
6
3
2
70
4
5
1
2
90
2
1
1
3
4
11
4
7
23
22
9
16
22
21
1
1
2
3
4
32
1
67
23
7
2
1
1
1
18
22
28
1
15
2
6
1
3
4
4
3
2
7
1
1
2
1
6
3
1
6826
6830
6821
7011
191
2
1
6827
12
14
12
2
4
1
6839
3
9
8
26
10
2
4
1
5
3
3
1
1
6843
4
10
6853
26
6852
7
11
10
9
30
1
17
1
6878
17
15
2
1
1
235
2
1
36
3
1
35
2
1
1
237
7
37
6
1
3
25
26
5
11
48
47
41
13
5
2
4
10
12
22
24
1
1
2
1
1
2
2
6
7
15
1
1
2
155
191
2
189
1
2
3
153
148
12
3
36
7
1
2
5
35
10
1
2
3
1
11
6422
26
5
3
25
1
4
1
2
2
1
156
98
12
3
1
141
157
2
138
12
4
136
16
3
2
4
6
25
21
1
7
1
1
8
90
7027
2
91
40
7
7
1
1
2
4
25
65
64
2
17
11
27
7
16
2
1
4
3
3
5
6
1
13
3
4
3
8
1
41
47
2
1
3
4
5
7
1
3
11
36
42
8
1
1
3
1
88
2
3
82
1
85
1
4
14
11
3
9
3
1
317
334
2
4
5
6
13
17
185
177
8
1
1
39
170
85
184
1
1
1
2
46
38
2
6
9
4
37
41
42
3
3
1
36
1
14
7
1
2
37
31
22
24
2
1
4
10
9
16
3
1
1
4
3
6
10
2
4
1
2
7
8
21
13
23
1
30
11
4989
6
12
4930
4988
4990
14
4
4983
2
1
5
3
4980
2
1
4978
2
1
1
7
1
2
32
31
27
28
4981
2
3
1
8
2
7
58
54
1
4
1
3
6
11
2
4
57
2
4
1
5
5
2
1
29
137
6
4
2
4
1
2
23
8
17
15
14
8
14
110
4797
111
7
15
4822
4806
6
1
4830
1
1
5
1
1
2
103
4908
1
9
8
4
15
16
6
6461
5
2
2
27
105
2
3
6
5
23
2
3
4
10
2
4
21
3
2
1
24
4
2
1
2
2
1
1
2
2
2
1
1
1
5
4
7
6
4
2
1
3
2
3
2
4
2
67
1
2
78
93
2
158
92
1
3
15
6
1
2
94
1
3
1
66
143
63
1
3
2
12
5
2
1
1
4
2
13
5
1
8
2
2
14
1
2
3
27
3
2
1
33
24
1670
1669
1638
1593
9
1
8
7
2
30
3
3
12
6
62
68
1
1
3
66
1
2
3
1
5
19
1
1
18
20
17
16
1
65
67
2
5
6
1
2
3
4
2
1
10
2
1
5
2
7
1
8
1
6
2
1
1
4
19
2
4
8
13
9
2
1
24
12
4
3
11
1
1645
2
1
4
12
1669
1
2
1635
1646
1649
2
1
2
2
1
4
1
2
4
4
32
6460
6455
2
5
2
3
1
1
3
4
3
2
6
10
3
1
1
4
55
138
12
13
5
57
4
1
5
42
2
17
6387
6393
3
2
1
2
6
1
5
6382
6386
6387
281
264
271
270
272
120
8
5
1
6
2
4
1
6668
1
2
1
2
62
29
53
83
2
1
2
4
60
26
64
59
106
22
24
30
1
2
4
1
1
44
61
23
5
84
1
2
3
1
5
2
31
12
11
41
39
38
3
2
1
2
4
80
79
2
2
4
1
85
4
2
6
1
2
1
7
1
13
13
8
9
1
3
15
1
10
14
4
32
25
1
5
36
1
9
33
3
1
6
2
1
2
29
34
1
1
78
301
302
2
3
84
28
2
3
4
1
3
22
30
27
2
1
1
1
3
25
25
31
28
1
6
3
5
1
2
1
35
3
36
1
59
34
2
60
23
1
25
1
5
4
88
83
84
87
30
36
77
5
6
2
1
1
2
40
1
3
41
1
27
337
10
28
38
380
18
19
9
12
275
2
5
4
1
2
1
11
6
4
266
55
1
260
57
2
1
138
1
5
6
3
2
4
1
10
11
3
2
1
1
2
7
2
1
1
2
14
1
20
4
10
2
5
3
1
2
38
37
1
21
22
1
12
39
4
3
24
12
76
75
52
51
5
1
4
2
2
14
2
10
1
1
3
23
12
16
11
1
311
2
3
3
298
300
1
2
2
1
2
162
163
1
7
2
34
48
43
2
82
236
74
5
7
1
8
2
40
1
122
126
41
6
1
2
162
35
4
3
1
47
1
51
125
1
2
50
1
48
2
1
4
50
1
205
1
2
3
5
4
14
5
2
1
5
9
1
206
1
4
3
1
5
2
4
1
1
1
13
4
3
8
6
11
2
5
18
15
4
1
2
26
20
1
185
2
22
184
6
6
2
4
189
1
2
183
13
2
6228
1
6200
6216
6323
6358
188
2
1
1
6
6364
3
5
1
2
90
54
230
35
6227
36
28
176
15
14
161
1
11
2
6227
1
6228
15
7
11
6213
20
1
1
3
4
4
1
2
3
2
3
4
1
3
1
7
8
54
9
12
1
13
3
1
2
45
1
2
22
43
46
1
47
20
6
48
1
16
2
9
3
9
13
2
1
6
62
63
2
2
6256
6375
1
3
5
4
6254
8
6160
6158
1
3
119
96
124
6
6372
2
4
1
1
4
3
55
52
6121
6181
6168
6169
3
2
1
4
5
3
75
54
8
6173
1
2
1
6364
5
1
2
6
6366
6363
8
33
7
4
1
2
24
23
11
5
21
1
22
1
8
7
2
12
6
214
2
29
1
28
1
18
23
3
1
26
8
3
1
6264
16
2
11
17
19
4
1
1
6
4
8
1
3
6178
2
51
24
1
50
8
11
4
3
1
1
59
2
26
35
1
1
2
9
6
3
3
2
3
1
2
11
1
12
6239
4
2
1
7
2
58
17
1
2
4
21
49
48
5
1
2
3
51
34
1
9
42
10
2
17
9
3
1
56
38
33
85
82
18
86
1
4
1
13
16
91
5
1
2
55
4
3
8
9
75
3
36
53
38
133
1
2
35
9
1
95
1
2
1
3
1
1
6
119
4
3
1
2
5
4
2
1
35
2
3
3
52
12
26
1
6
1
2
275
4
1
278
274
273
3
12
3
1
1
4
9
7
2
1
9
85
3
1
1
4
2
2
1
2
2
4
5
97
99
2
94
3
2
98
1
96
99
3
4
1
1
2
102
46
43
56
55
1
1
1
2
4
2
1
3
46
124
3
15
293
3
1
3
1
2
2
4
1
4
3
2
4
5
1
2
1
1
9
1
3
4
2
1
83
6
44
48
49
46
2
1
23
14
5
4
3
2
1
6
1
101
100
16
1
7
1
16
9
14
92
71
3
3
4
68
2
1
1
86
90
102
141
53
143
1
4
6
129
13
15
1
2
123
130
2
1
145
143
2
3
9
6
2
1
7
9
1
1
3
10
16
1
6
17
40
39
2
2
811
2
15
796
1
3
11
1
2
9
1
2
5
2
15
2115
3
2033
15
22
18
20
13
24
7
1
1
2
12
3
14
7
6
4
114
20
1
4
19
23
1
21
25
8
5
1
1
18
1
10
2
1
175
1
114
1
11
1
20
34
33
5
2
72
1
16
353
355
1
1
1
2
3
2
2589
3
1
3
2
1
18
2571
1
2
2598
9
2574
2596
374
372
356
3
1
2
2589
1
12
5
22
1
2
6
11
4
3
7
27
25
16
8
5
1
2
235
27
2
2
6
3
18
17
2
5
2
8
3
1
9
8
39
47
4
2
10
1
2
1
1
1
3
2
2
3
1
4
1
2
8
5
2
1
1
23
21
36
35
4
3
2
4
2
3
2
1
1343
2
1
1
1342
1
3
3
4
12
8
2
16
1
17
1
1
4
42
28
53
40
1
1
16
14
6
1
3
2
3
2
24
1
8
2
1
9
10
6
3
1
1
2
1
5
4
1
3
1
1
17
2
2
1
176
1
3
18
1
8
1
1
77
74
2
3
1
2
26
1
3
117
2
2
1
19
22
15
1
1
2
25
3
2
4
6
1
2
1
14
1
2
1
8
12
11
1
3
1
23
7
2
21
1
13
1
2
1
13
4
2
1
1
2
12
88
2
6
69
1
2
1
2
3
7
6
68
9
10
1
11
3
1
2
1
1
2
15
17
20
1
3
1
12
8
41
195
1
196
4
53
1
4
27
103
50
1
1
2
1
36
57
2
3
2
2
66
30
2
1
1
36
3
2
3
1
2
5
3
1
1
2
25
28
34
1
1
9
1
2
1
2
2
7
5
6
1
7
198
58
412
5
53
3
2
19
2
17
2
1
3
5
28
27
8
2
1
31
1
7
3
5
1
2
2
3
31
3
1
1
4
25
9
2
41
5222
38
6
1
1
5
6
2
1
33
32
34
5
1
1
6
22
1
11
3
4
7
1
2
1
3
86
3
22
29
2
1
40
31
3
2
4
3
39
52
51
2
13
1
1
9
26
8
2
5
150
97
1
4
3
2
4
5
2
1
1
3
12
5
2
1
1
3
2
1
71
12
5
23
76
49
2
1
1
6
29
8
1
27
1
21
2
3
1
7
34
4
1
1
3
449
152
154
2
5
1
1
4
8
1
1
4
2
1
4
2
5
8
2
1
3
2
24
3
2
1
2
1
7
8
6
1
1
22
1
3
2
1
124
7
2
4
1
2
1
140
1
15
3
1
4
1
2
282
1
1
30
280
7
1
11
2
2
2
3
1
54
55
97
76
95
19
4
10
6
3
1
1
16
15
2
1
4
63
3
1
2
1
1
2
195
50
1
4
60
38
21
29
26
4
77
1
2
21
1
25
24
6
1
19
4
2
1
5
3
2
2216
2590
2214
2
1
2
354
2
11
5
7
3
1
2
3
4
8
1
1
4
1
91
165
88
2
2
89
27
1
74
5
2
1
2
73
48
6
3
1
43
2
1
1
2
3
4
4
24
16
1
8
1
1
1
2
1
2
1
1
3
1
6
9
10
2
1
18
24
26
15
1
66
1
4
2
1
27
1
2
7
43
1
87
2
107
3
108
4
1
1
4
17
2
2
1
2
2
1
5
6
24
4
1
5
2
9
13
11
6
8
13
1
29
54
30
9
2
3
5
31
6
18
14
32
3
18
1
3
4
12
9
1
4
3
1
2
15
6
8
6
3
1
16
5
9
24
12
11
11
10
8
2
1
2
10
3
2
1
2
12
19
3
1
1
4
1
3
2
3483
3482
25
33
32
24
130
17
15
4
19
22
3
2
5
1
6423
8
9
2
2
6449
3
6446
1
4
6
5
3
1
2
4
1
3
8
6425
6424
3
2
11
1
1
2
234
236
6447
4
5
1
1
9
17
3
2
5
13
138
115
7
4
3
15
24
19
21
2
1
4
4771
4789
3
1
30
13
27
2
1
21
1
4
1
2
2
24
23
1
4
2
43
14
4
2
1
18
5
1535
1466
26
1
1
4
69
2
1509
1
81
70
1
2
32
8
2
1
7
4
1
2
6
2
1
3
17
16
3
1
1
9
1
4
1
2
1
1
2
5
2
1
100
59
1
31
2
2
5
11
1
2
65
1
5
164
99
67
1
1
2
6
2
10
29
7
3
8
21
2
1
4
6
7
2
1
1
1
11
1
1
15
25
1
16
1
5
10
9
23
1108
1110
3
10
8
5
2
41
1
2
29
5
1
1107
1
3
1
3
1
4
1
1
1
3
17
34
170
169
938
2
3
940
2
1
921
938
5
11
42
53
21
2
14
12
15
1
2
31
11
17
24
32
30
2
1
19
13
33
30
32
2
1
2
1
17
29
20
4
4
1
2
9
41
3
1
2
2
1
5
4
1
2
10
4
1
20
5
39
4
1
3
20
1
3
5
1
2
18
14
4
13
6
10
4
3
1
8
2
1
3
6
3
16
1
9
2
14
1
2
169
200
16
31
30
4
2
1
31
35
50
185
1
36
26
30
3
4
10
6
1877
2
3
20
17
2
1
1
5
3
2
1
9
11
8
3
1
3
4
1
2
1
3
2
1
33
35
3
51
4
1
1
34
2
1
4
134
128
2
1
35
1
8
81
4
9
3
1
26
9
8
37
40
2
1
2
7
6
1
2
8
2023
285
281
2
283
5
3
4
4
1
2
28
1
13
4315
4
39
4
1
2
2839
1
3
4
37
2841
1
33
6
5
1
2799
2805
1
2802
1
2
1
6
2803
2804
1
2803
1512
12
18
4382
4376
4368
4381
3
1
2
191
5
1
54
6
1
5
189
5
1
184
4184
1
4185
11
2
7
4284
4196
2
8
1
3
3
5
6
1
3
2
4291
1
1
4288
2
1
4
3
1
1
4
5
2
3
2
5
4
36
4
1
2
9
5
3
1
1
35
33
32
27
1
2
5
4
18
3
6
2
12
4
2
1
1
13
3
12
1
33
1
29
15
14
1
15
1
19
4
2
1
3
18
2
8
1
2
3
3
3
2
1
4
69
67
54
1
4
2
3
3
222
224
9
216
225
1
1
2
9
7
8
9
4
1
3
5
10
1
5
3
2
27
1
7
4
1
5
4
3
78
62
4
3
6
17
74
2
4
10
11
2
6
7
1
31
9
8
30
85
2
1
2
3
4
6
7
1
6
4
4
1
22
128
2
5
3
1
3
17
103
1
3
100
2400
2396
2407
2
4
2
4
7
2
1
2516
2509
15
2
1
92
1
94
2346
2440
2
1
2
3
4
9
7
6
10
1
3857
1
5
1
6
5
6
3
1
1
4769
8
3
4832
1
7
4
1
2
4770
1
1
3
2
7
8
112
1
16
2
1
5
2
3
1
8
9
5
7
104
105
6
17
1
3
3
22
100
101
3
35
6
1
1
4
1
9
9
5
5
1
2
4
3
2
4829
1
1
16
2
2
1
1
3
1
18
24
4
7
22
1
54
10
6
4
5
1
1
3
2
2
5
2
2
3
1
1
1
5
2
1
7
15
9
14
23
14
1
96
33
97
2
3
2
11
14
14
2
3
1
3
1
2
3
1
4
68
1
217
1
3
11
2
4
3
4
5
1
1
3
6
5
6
3
4
1
5
38
7
6
1
3
1
4
25
5
1
3
2
36
1
2
1
2
1387
18
1
1396
4
2
6
1
14
161
159
15
16
19
5
7
269
1
6
3
5
1
1
2
284
2
3
111
17
157
166
286
1
1
2
178
5
3541
3548
184
183
10
5
8
6
3726
5
9
4
1
1
2
3718
1
1
2
3
2
10
99
8
1
1
4
2
1509
1572
2
4
5
3
5
4
6
1
4
7
2
1
2
2
101
4
1
2
3
2
3
8
4
75
1
17
10
12
2
1
23
74
2
1
1
58
141
27
3
16
1
57
4
1
2
3
4
36
12
34
1
6
40
1
1
2
1637
27
2748
2749
4
26
2
23
1
14
5
1
1
13
3
24
77
74
67
2
1575
1
1
2
3
1
1
2
6
1
21
1
1
5
2
2
196
15
11
4
1
1
3
2
177
3607
3899
3903
175
296
295
18
5
2
1
3
3590
3786
1
1
1
3
313
312
8
200
17
15
23
1
1
3
4
16
1
2
3
12
2
1
2
2
1
203
3
1
320
208
212
171
4
206
2
11
6
3
1
1
16
1
15
50
1800
7
1
1
2
6
3
46
32
4
41
30
13
48
10
11
9
8
1
2
3
7
1
2
1
9
3
1
1
4
3
2
1
1
16
2
4
9
5
2
31
3
5
3
6
78
1
36
30
1
8
1
3
104
2
1
1
4
3
2
3
1
1
3
2
1
1
5
4
50
4
3
1
2
1
14
2
2
2
3
1
12
4
2
2
3
7
5
13
4
1
19
16
144
153
2
39
80
9
1
1
10
1
1
2
2
1
11
16
2
10
2
2524
1
2
5
1
6
4
2515
5
1
3
1
2
61
57
62
2
1
1
2690
1
1
11
4
3
1
1
1
1
2
7
3
1
80
1
76
46
2
74
3
18
2
1
8
4
9
6
4
12
6
1
42
2
3
17
8
5
6
43
1
2
1
83
1
8
6
2
1
3
2
1
5
71
84
1
2
1
7
63
64
15
3
3
2
66
2
1
1
1
1
121
13
85
9
2
1
3
2
2
3
5
1
1
2
1
4
1
9
5
15
10
3
7
13
30
11
2
1
42
10
13
5
2
8
9
12
18
18
1
19
2
1
15
2
4
3
3
16
17
2
1
1
6
16
2
14
1
1
2869
2870
1
1
2
1
6
9
7
12
15
8
172
1
1
34
31
2
36
3
1
3
3
2
33
36
2
29
1
4
3662
1
1
1
2498
4
1
2
34
1
1
2510
2494
4
3
1
32
2509
4
7
2
3
4
11
3
1
1
1
7
6
2
3
9
5
3087
3086
1
1
2
7
1
6
2
4
7
2
2
1
3
32
55
56
8
2
1
4
1
48
1
1
6
10
11
1
3
5
4
40
2
32
69
72
12
2
1
2
3
57
3
9
37
35
13
17
1
5
6
7
2
1
8
1
14
2
3
6
1
2
2
2
52
4
16
7
265
278
13
3
47
5
274
4
2
12
3
2
3
2
10
1
5
2
1
77
73
2
1
2
2
6
2
6
3
2
7
31
30
6
11
636
2
1
1
3
29
9
23
22
46
13
3
8
1
2
1
23
24
22
23
7
9
3
10
2
8
7
16
1
2
1
9
62
1
1
60
2
1
1
46
2
1
3
2
66
50
48
2
9
7
3105
25
68
1
3106
3058
3814
3803
18
600
756
147
2
149
131
1
6
62
1
94
2
4
100
1
1
2
11
1
1
7
365
2
2
3
60
364
2
1
307
305
1
2
2
2
344
1
308
1
3
4
3
1
345
5
36
2
1
2
1
31
28
2
3
6
1
6
4
3
207
1
15
1
206
181
18
2
20
3
25
17
16
13
12
5
17
5
4
5
1
7
2
1
3
5
12
11
4
15
13
8
2
1
131
2
4
7
3
133
3
3
2
3
6
1
117
1
4
9
8
46
44
43
113
120
119
3073
3070
12
1
2
5
8
7
1
77
2
1
2
1
2484
27
23
1
1
3
5
2
4
2
3
2
48
7
46
111
3
1
10
5
2
1
2
63
4
25
56
53
1
1
4
1
1
2
2
11
13
5
2
5
3
9
7
2
1
21
1
240
5
1
2
71
1
4
3
30
1
1
210
1
5
5
4
10
19
2
1
4
9
5
13
3
2
2
6
1
9
2
3
6249
6257
6247
5
1
1
8
11
31
7
3
4
15
24
16
1
1
3
8
2
1
4
5
1
3
11
10
3
2
1
41
1
44
28
17
1
20
19
24
1
1
5
1
1
6
2571
2495
1
1
3
26
1
6
9
1
2
3
4
1
1
2529
2479
1
5
7
3
5
10
23
9
1
2
4
1
1
3
28
2
30
1
64
2
52
65
66
82
38
3
1
1
2
1
2
2
1
17
3
23
24
1
20
1
6
1
2
2
1
3
8
32
39
2
3
6
7
10
1
2
2
1
3
38
5
1
151
4
1
2
40
15
5
1
3
2
3
5
1
4
1
2
2
1
115
3
2
112
124
123
34
1
124
123
46
1
113
1
3
1
114
12
1
2
19
4
9
2
1
220
2931
2930
1
2
3
6548
4
6550
6
2
3
1
35
4
117
3
2
100
104
3
1
7
106
142
141
1
5
3
1
4
2
2934
1
45
2889
4
1
52
46
1
10
52
51
2888
3
6
5
2
5
72
1
1
2
2
3
1
4
3
5
12
1
3
1
1
2
7
50
2
5
73
4
2
1
114
113
2
1
114
3
25
22
2
1
3
60
9
16
80
2
1
4174
1
4183
2
1
2
8
1
72
347
6
16
18
365
368
2
3
2
1
2
3
1
12
2
5
2
6
1
1
18
3
371
23
6977
6978
1
6985
1
1
2
8
6979
6679
4
2
3
1
3
4
2
374
2
1
3299
196
200
2
1
33
92
77
85
1
9
4
1
2
1
3
6
238
1
1
7
5
6
1
17
28
3
8
1
2
1
8
2
2
1
52
1
5
53
2
4
3
1
25
7
1
5
2
4
12
20
3
1
1
1
1
3
1
6
44
22
1
2
3
2
41
44
13
1
2
3
2
6
3
4
7
2
6
1
38
2
9
1
3
1
1
2
2
8
3
1
2
53
8
30
1
6
8
3
1
7
7
1
2
28
10
7
1
3
3
2
6
20
2
1
22
21
5
1
1
1
2
8
3
2
2
5
3
10
11
1
2
28
5
1
6
34
26
36
2
3
2
1
10
1
9
1648
1646
21
19
1
1
2
31
33
3
1633
3
10
4
1
1
1
2
1
9
1
7
5
1
2
6
1
7
4
2
1
4
1
3
2
65
5
40
43
3
3
24
3
1
2
4
21
5
3
1
2
1
4
23
22
7
1
2
3
5
2
1
1
15
10
2
377
3
4
7
3
266
1
3
426
55
321
460
427
6
1
7
28
5
1
21
24
22
31
30
2
2
1
8
6
1
2
3
2
33
2
1
1
1
21
5
4
2
5
164
6193
67
66
8
49
6215
16
4
1
13
7
3
4
3
2
1
18
58
57
3
1
6
11
2
2
1
22
1
1
45
2
17
1
2
41
1
1
4
2
257
256
1
7
68
1
2
3
3
4
1
1
2
1
189
136
255
12
3
1
190
187
1
4
6
2
72
65
8
4
10
2
24
1
1
33
1
2
120
122
3
4
3
1
1
19
1
20
20
21
6259
6252
60
4
6
6179
3
2
17
8
25
81
1
1
1
16
20
6
7
3
4
1
4
3
184
125
59
1
311
1
6
297
127
138
163
158
152
169
3
1
3
1
3
1
2
3
2
4
3
1
