72
23
179
82
190
150
266
231
69
22
148
81
187
149
265
230
68
21
176
80
185
177
184
85
197
153
269
234
74
25
182
84
232
1
152
268
233
73
24
181
83
193
151
267
66
178
145
261
226
59
17
169
76
175
143
15
225
55
16
168
75
174
141
259
224
53
260
2
264
3
229
67
20
173
79
183
147
263
228
77
19
172
78
180
146
262
195
65
1066
18
171
88
243
104
34
198
93
208
163
277
242
194
33
196
92
207
161
276
241
102
32
106
280
245
36
202
278
96
210
165
279
244
105
35
200
95
209
103
164
189
159
203
156
272
237
97
28
188
87
201
26
271
236
94
27
186
86
199
154
270
235
98
155
91
206
160
275
240
101
31
192
90
205
29
274
239
100
30
191
89
204
158
273
238
99
227
45
9
125
170
61
139
115
253
218
44
8
112
60
138
113
252
217
43
7
122
58
137
124
128
64
144
123
256
221
47
11
127
63
219
121
255
220
46
10
1055
126
62
140
118
254
41
134
109
248
213
39
3
116
52
133
108
1
212
38
2
114
51
131
107
246
211
37
247
251
914
216
42
6
120
57
136
111
250
215
54
5
119
56
135
110
249
214
40
4
117
142
50
14
162
71
167
132
258
223
49
13
129
70
166
130
257
222
48
12
157
284
908
2042
1225
1050
162
173
1198
1130
5
65
159
148
161
68
171
127
406
296
49
8
156
67
292
123
405
294
47
7
154
66
164
122
404
41
149
109
397
275
36
3
133
61
140
105
1
273
34
2
119
60
137
103
395
267
32
1
396
400
285
43
6
144
64
151
114
399
281
62
5
142
63
147
110
398
278
39
4
125
439
29
363
150
44
295
146
298
226
438
362
165
42
290
153
293
224
437
361
143
40
288
145
170
48
302
173
311
241
441
366
155
46
227
169
309
232
440
364
152
45
297
167
304
435
280
118
284
212
433
357
136
33
270
117
355
210
432
356
134
31
265
115
279
208
431
282
291
219
436
360
141
38
286
130
289
216
35
359
139
37
283
135
287
214
434
358
138
188
446
57
320
199
330
271
449
378
187
325
318
195
329
262
448
377
183
55
316
197
193
381
460
59
326
203
333
276
379
451
380
191
58
323
200
269
450
56
331
310
180
317
249
444
373
168
459
51
308
177
370
243
443
372
163
50
306
175
313
239
442
315
259
457
447
376
179
54
314
189
321
258
52
375
181
53
312
185
319
2
252
445
374
300
172
242
182
417
341
94
16
222
79
240
178
14
340
95
15
220
77
237
176
415
339
87
416
344
100
19
231
85
246
186
419
343
81
18
229
83
244
184
418
342
97
17
225
233
78
11
213
71
228
160
411
335
76
402
10
157
70
223
158
410
334
75
9
461
209
69
221
211
218
74
235
174
2328
414
338
89
13
217
73
336
166
413
337
80
12
215
72
230
162
412
98
205
428
458
352
128
27
255
106
268
204
427
251
126
26
254
104
266
3
202
426
350
124
25
351
132
30
263
113
277
207
430
354
131
272
260
111
274
206
429
353
129
28
257
108
198
22
238
96
253
194
422
346
121
21
236
420
250
192
421
345
107
20
234
93
248
190
91
102
264
201
425
349
120
24
247
101
261
112
424
348
116
23
245
99
256
196
423
347
1512
1318
1210
1338
1337
1199
1241
1349
1216
1215
1225
1319
1235
407
303
86
390
327
384
367
453
403
301
382
389
322
383
365
452
401
299
82
388
324
84
92
393
332
387
371
456
409
307
90
392
454
386
369
455
408
305
88
391
328
462
385
368
394
29
510
486
497
230
32
520
178
297
188
560
494
228
281
519
174
288
186
557
492
226
30
517
170
549
502
154
258
167
547
474
204
25
500
152
197
165
543
468
191
24
498
138
245
163
534
466
248
290
175
550
482
212
28
508
162
265
173
26
479
209
27
505
157
262
172
546
477
31
241
339
214
587
555
273
40
539
237
335
211
38
553
271
39
537
207
333
208
584
525
276
586
591
558
291
43
548
224
348
217
589
215
284
42
545
219
341
216
588
556
301
41
541
551
324
35
527
185
328
198
572
504
236
34
562
183
304
196
564
516
235
33
522
181
300
192
524
535
199
331
205
580
533
274
37
531
194
518
203
576
514
267
36
529
189
318
201
582
133
9
445
103
177
123
478
388
135
8
442
371
179
121
475
380
107
7
436
99
171
119
472
104
109
187
137
485
406
130
11
453
106
184
124
483
404
125
10
455
105
182
127
480
396
431
352
100
3
400
94
161
112
449
344
96
108
389
93
158
110
446
340
91
1
439
92
156
2
131
6
434
98
169
118
461
411
102
5
458
97
166
116
456
354
101
4
428
95
164
114
132
450
180
20
491
128
223
151
528
447
202
148
484
126
213
149
512
441
150
18
476
122
210
19
23
496
159
242
160
532
463
176
22
493
521
256
155
530
452
168
21
489
129
221
153
145
195
142
495
423
141
14
462
113
193
140
457
416
139
13
460
111
190
136
487
413
134
12
490
509
438
147
17
470
120
206
146
506
426
115
16
471
117
200
144
501
424
143
15
464
1
298
667
640
407
74
660
337
473
295
665
332
405
73
658
334
469
292
663
633
403
72
655
642
662
412
77
687
349
488
305
671
651
410
513
683
346
503
302
669
656
408
75
666
358
659
647
322
454
279
654
624
393
68
646
319
386
277
652
622
391
67
643
316
443
275
650
619
448
467
296
661
632
402
71
653
329
465
286
69
631
398
70
649
326
459
282
657
627
395
76
375
538
330
694
2
435
85
695
373
536
83
692
682
433
84
693
372
540
325
690
680
430
327
342
701
3
444
88
699
379
544
343
700
696
440
87
698
377
542
338
697
677
437
86
526
419
80
678
363
511
313
673
668
417
79
684
360
507
311
685
664
414
78
674
355
499
309
676
691
370
523
323
688
679
425
82
689
367
670
321
686
672
421
81
681
366
515
317
675
310
52
579
261
387
233
613
574
320
51
577
571
383
232
610
573
351
50
569
254
385
231
608
259
269
394
239
618
590
347
54
583
268
392
345
616
594
336
53
581
264
390
234
615
578
563
567
306
46
559
244
359
222
597
566
299
218
554
243
356
220
599
565
303
44
552
238
353
45
314
49
575
251
378
229
605
570
312
48
601
249
365
227
603
568
308
47
561
246
362
225
240
614
381
63
630
294
429
263
641
606
376
257
623
293
420
260
638
604
374
61
626
289
418
62
66
639
307
451
270
648
617
384
65
635
644
432
272
645
612
382
64
637
315
427
266
368
401
252
629
596
361
57
625
278
399
247
585
595
357
56
592
280
397
250
620
593
350
55
621
634
602
369
60
611
287
415
255
636
600
283
59
609
285
409
253
628
598
364
58
607
89
4
481
90
702
422
2786
2325
2790
153
276
215
631
447
141
25
419
151
274
23
630
440
143
24
379
150
269
211
627
437
133
213
221
636
469
148
28
421
165
282
219
634
397
146
27
399
157
280
217
632
448
144
176
26
657
493
187
36
535
207
319
260
655
490
199
35
477
204
317
257
653
488
175
34
471
181
39
520
222
328
278
659
498
194
38
517
273
236
326
281
658
495
202
37
537
228
324
649
189
304
242
480
163
30
457
186
159
237
641
478
161
29
473
184
298
244
639
474
302
314
255
651
486
172
33
467
196
312
250
31
484
170
32
462
193
309
246
647
482
167
645
459
271
230
108
203
158
572
308
96
8
268
105
92
156
570
294
95
7
224
102
200
154
567
336
201
226
164
579
334
100
11
254
111
209
162
9
392
98
10
252
109
205
160
574
361
97
107
86
3
183
93
188
145
558
262
84
2
549
91
185
142
554
251
81
1
178
90
182
140
180
6
223
99
197
152
565
279
89
5
208
259
192
149
564
285
88
4
206
94
190
147
559
585
123
20
365
134
248
179
604
428
119
19
598
132
245
177
617
416
118
18
321
130
239
174
358
371
155
264
198
623
433
128
22
363
138
425
195
622
431
126
21
352
136
258
191
625
16
169
591
404
104
14
296
116
231
168
588
112
103
13
266
114
220
166
583
381
101
12
263
382
407
110
17
355
125
235
173
595
401
127
229
315
122
233
171
592
398
106
15
289
120
699
373
70
671
403
466
445
716
616
367
69
711
375
464
453
713
612
362
68
668
372
458
434
670
680
395
479
463
721
621
378
72
679
390
618
461
719
620
376
71
673
389
470
455
718
66
417
707
597
338
64
648
354
446
414
706
337
330
63
646
339
442
410
705
593
344
62
644
594
614
356
67
654
369
456
436
709
605
364
449
652
357
451
424
708
599
343
65
650
350
475
736
662
427
82
697
443
504
497
734
660
496
80
695
441
500
489
733
664
422
79
693
450
415
439
87
701
460
523
503
739
677
432
85
499
454
522
501
738
666
430
83
698
452
512
642
411
485
472
726
628
388
75
684
409
483
73
724
626
387
74
683
406
481
465
723
624
384
468
487
732
656
400
78
689
444
494
492
730
685
429
77
691
413
491
476
728
640
393
76
703
359
325
676
542
265
47
610
267
366
323
568
541
241
46
562
249
351
327
674
529
225
45
675
682
553
261
50
590
275
374
342
681
550
287
49
615
290
377
329
678
545
253
48
577
301
573
238
335
292
665
508
214
41
532
234
210
288
663
506
212
40
530
227
331
284
661
502
333
247
349
306
672
527
232
44
547
243
347
42
669
516
218
43
551
240
341
299
667
514
216
256
637
320
423
385
702
580
297
58
633
318
291
408
696
578
295
57
635
316
418
368
694
576
420
435
405
704
589
332
61
643
346
438
396
59
586
307
60
638
322
426
402
700
582
310
311
566
277
53
608
303
386
348
686
561
272
340
603
300
383
345
687
556
270
51
601
293
380
52
56
629
313
412
370
692
575
286
55
619
688
394
360
690
571
283
54
613
305
391
353
543
135
744
536
606
560
753
722
521
129
743
717
600
557
752
720
519
131
742
528
596
555
751
534
540
611
569
756
729
531
139
746
539
609
524
755
727
533
137
745
538
607
563
754
725
740
714
510
117
737
513
587
548
748
712
507
544
735
511
584
546
747
710
505
113
731
509
581
115
518
124
741
526
602
552
750
715
515
121
749
525
1925
194
302
174
175
313
271
163
296
297
287
97
80
164
130
48
12
140
87
96
78
70
139
158
104
171
138
86
157
170
272
155
137
308
307
172
311
73
283
94
103
83
19
95
82
20
79
18
293
134
64
305
190
15
151
101
99
294
89
166
133
148
14
149
67
98
88
165
295
132
60
13
62
77
102
93
312
191
169
136
75
303
17
154
265
74
167
304
92
189
168
281
135
65
16
152
71
100
91
50
28
8
127
38
76
54
150
112
27
124
126
37
72
292
53
147
298
111
26
6
125
36
7
41
85
58
284
159
115
32
10
129
40
113
270
56
156
114
30
9
128
39
81
306
55
153
145
268
121
33
61
282
47
143
107
22
2
274
120
31
105
46
142
106
310
300
275
21
1
119
29
57
45
141
301
59
52
146
110
25
5
123
35
68
51
3
109
24
4
122
34
299
63
309
49
144
108
23
84
44
273
90
69
291
161
280
188
118
192
42
11
131
276
43
116
66
160
117
96
122
112
18
102
97
133
132
136
108
118
130
15
119
120
137
16
128
90
129
14
106
117
123
109
95
131
93
107
99
135
125
100
126
124
134
98
116
105
13
17
101
220
26
7
80
33
51
43
89
52
94
73
35
10
83
37
54
45
92
81
34
9
82
36
53
44
91
71
31
8
5
40
86
67
22
3
76
28
47
39
85
74
21
2
75
27
46
38
84
65
20
1
66
25
6
79
32
50
42
88
69
24
48
78
30
49
41
87
68
23
4
77
29
61
60
115
104
64
12
111
57
72
59
114
55
63
11
110
56
70
58
113
103
62
470
2788
2787
2785
2326
2730
2789
19
48
22
15
1
21
2
3
44
19
82
33
56
20
67
85
43
7
80
32
55
8
11
89
36
59
24
77
4
46
10
88
72
58
23
74
90
45
9
86
34
57
22
41
52
16
64
75
39
3
70
28
51
15
68
73
38
2
69
27
50
14
62
71
37
1
63
66
83
42
6
79
31
54
18
65
81
29
5
84
30
53
17
35
78
40
4
76
49
25
5
87
26
61
13
6
48
60
47
12
19
27
29
13
6
20
125
126
120
124
128
122
130
7
21
14
121
28
53
129
54
9
77
108
22
1
78
16
41
8
76
42
12
84
113
25
4
93
18
45
11
2
111
24
3
88
17
44
10
81
110
23
57
41
11
20
49
5
58
42
12
34
21
35
50
13
43
28
51
22
48
6
46
17
31
9
38
54
25
2
45
16
23
8
37
53
24
1
44
15
29
7
36
52
30
19
33
10
40
56
27
4
47
18
32
3
39
55
26
14
17
195
54
124
36
191
199
98
174
25
77
72
142
172
62
7
141
42
109
24
122
91
170
61
6
139
99
41
108
23
138
167
101
60
140
65
10
147
45
112
27
145
85
177
64
110
146
44
111
26
144
175
63
8
143
43
39
159
78
57
92
3
131
37
104
19
197
130
157
56
102
129
35
103
18
128
155
55
1
127
34
2
137
40
107
198
22
192
136
196
163
59
5
135
132
106
21
134
161
58
4
133
38
105
20
9
69
14
176
50
120
30
162
200
187
68
194
202
79
118
173
49
119
93
29
158
186
67
12
171
48
13
53
123
33
169
86
190
193
71
16
100
184
125
52
188
32
166
189
70
15
178
51
201
121
31
164
154
168
47
115
28
151
181
66
11
152
46
179
126
5
