527
60
29
32
33
34
36
87
519
169
39
431
512
533
534
671
81
119
14
192
66
146
218
1087
141
579
90
14
16
325
34
12
339
1140
610
1347
1345
305
675
674
673
672
671
11
1630
513
15
17
18
19
250
10
420
170
66
67
168
167
166
8
57
107
656
41
43
360
709
708
707
51
766
290
1
1497
1191
15
16
405
404
403
402
8
6
1
13
21
10
329
30
34
42
1498
385
49
255
17
43
44
187
1482
38
5
1284
1454
828
806
33
1483
1222
1223
1273
1274
1276
1277
1581
1582
992
1049
1037
12
10
9
8
7
2
1
1200
16
645
1224
30
31
1309
1536
4
1
189
190
2
3
4
5
590
193
18
251
47
865
5
123
229
999
747
10
9
8
7
6
388
5
26
27
85
14
76
28
29
31
32
33
34
401
183
31
9
708
1013
23
22
21
20
256
18
17
203
16
15
14
13
2
58
233
998
826
74
75
30
58
57
55
54
366
4
156
220
25
5
701
477
230
231
748
259
240
12
241
8
80
985
79
78
951
176
175
55
69
10
25
37
15
16
154
78
170
79
1240
263
958
264
62
18
19
20
21
22
11
10
124
25
26
84
75
229
230
73
74
27
28
269
267
1239
30
31
32
33
78
57
825
707
184
32
8
24
23
22
21
19
17
16
15
14
1
56
29
59
58
56
55
367
5
157
221
476
260
13
81
984
80
79
950
177
54
176
70
433
14
15
155
77
171
2
18
41
370
934
71
64
264
715
216
431
803
4
7
44
45
46
171
38
45
24
1127
11
837
9
10
11
12
13
1142
109
33
17
42
933
72
63
263
714
215
430
802
3
6
44
45
170
37
46
23
1126
12
836
8
9
10
11
12
1141
110
32
16
43
932
73
62
262
713
214
429
801
2
5
18
42
43
44
169
36
47
22
1125
13
835
7
8
9
10
11
1140
111
31
15
44
931
74
61
261
712
213
428
800
1
4
42
43
168
35
21
1124
15
14
28
834
7
8
9
10
1139
112
30
14
594
623
429
624
625
13
374
622
325
324
426
281
425
431
198
16
648
14
193
212
501
286
276
282
283
284
3
397
307
430
428
592
584
60
59
58
111
666
146
145
644
645
795
331
646
991
609
521
420
4
546
1056
19
21
24
557
12
11
10
9
5
4
479
8
519
49
790
531
555
571
322
266
1464
15
1467
164
743
185
14
13
12
11
10
384
9
697
995
127
22
23
81
371
72
24
25
27
28
29
30
100
1218
1395
1193
767
1357
174
704
33
31
445
187
239
627
629
734
34
351
682
162
298
1063
27
26
25
24
22
252
253
21
199
20
19
18
17
1194
330
153
37
2
53
54
169
306
324
47
96
237
822
308
70
71
124
155
125
26
713
401
62
61
59
58
940
370
8
86
244
160
21
224
1
473
226
227
744
263
16
85
4
759
84
981
83
107
82
177
947
78
180
179
51
73
160
355
350
6
29
41
11
12
366
158
74
174
75
1236
374
959
168
58
15
16
17
18
133
20
712
1066
12
1402
1369
293
18
19
20
21
1394
300
787
943
64
19
1372
25
837
70
349
921
911
284
24
655
657
174
143
4
608
575
574
223
722
573
612
16
499
31
128
471
106
237
4
531
708
90
845
835
832
830
33
2
479
530
225
47
5
53
19
840
40
42
44
37
269
271
185
200
300
926
86
308
10
274
7
276
243
314
28
489
139
30
11
12
848
13
14
15
16
17
18
20
22
10
396
23
1
418
311
637
619
617
40
41
253
39
668
644
267
24
616
83
169
401
24
61
7
63
168
167
166
143
1009
473
474
43
611
126
21
786
751
3
4
127
1081
134
72
657
290
2
3
5
6
7
5
638
33
512
10
11
167
13
138
919
249
38
137
136
135
232
978
67
69
14
155
620
504
619
505
574
130
18
13
52
81
24
19
197
124
1115
2
1
1131
178
87
1127
6
35
416
118
119
38
120
245
98
126
757
127
99
128
40
41
77
42
43
95
343
986
240
985
44
45
1038
57
55
54
53
50
31
30
28
27
26
238
25
23
22
237
21
20
17
115
4
3
1
113
115
401
223
45
539
137
380
216
13
240
941
939
196
972
971
970
30
31
5
9
846
22
14
13
57
35
446
25
932
40
81
6
758
10
9
8
14
7
12
239
942
940
195
973
972
971
29
30
6
8
847
21
15
14
58
34
447
24
933
41
82
7
757
11
10
9
13
6
755
10
237
944
942
193
975
974
973
27
28
8
6
849
19
287
17
16
60
32
449
22
935
453
43
84
9
13
12
11
11
4
210
37
209
208
487
641
36
108
111
509
7
8
170
138
10
252
89
35
235
981
64
11
158
276
480
623
501
622
502
978
976
127
21
16
49
78
268
267
174
27
22
200
127
18
1118
5
2
81
82
583
1134
175
84
1130
3
32
419
115
116
41
117
273
121
185
248
1061
95
760
36
96
38
39
40
92
346
989
243
988
324
1041
169
35
132
34
33
31
30
17
29
241
28
26
25
240
24
23
20
19
17
100
15
14
13
12
11
237
10
9
8
7
6
4
110
112
536
38
383
219
211
38
210
209
642
37
107
508
6
7
171
137
9
923
340
192
191
253
34
116
236
138
982
63
10
159
479
624
500
623
501
222
329
330
332
333
578
126
22
17
48
181
180
179
178
177
77
269
268
175
28
23
201
128
19
1119
262
6
3
582
1135
174
83
1131
2
31
420
114
115
42
116
120
184
249
593
1062
594
94
595
761
35
95
37
38
39
91
347
990
244
989
323
1042
316
36
131
35
34
32
31
16
30
29
27
26
25
24
21
20
18
79
78
16
15
14
13
12
11
236
10
9
8
7
5
109
111
162
535
39
384
220
215
214
213
212
39
211
210
643
38
106
507
5
6
172
136
8
254
33
383
447
449
452
237
983
62
9
160
12
477
478
625
499
624
500
549
548
584
616
617
618
579
636
125
23
637
18
47
76
176
29
24
202
129
20
1120
7
4
581
1136
173
82
1132
1
30
406
108
421
469
441
442
113
114
43
115
454
455
119
183
250
592
1063
593
93
594
762
94
36
37
38
3
90
348
438
991
720
245
990
322
64
163
164
1043
165
166
91
54
1070
37
130
36
35
33
32
15
31
30
28
27
26
25
22
21
19
17
16
15
14
13
12
235
11
10
9
8
6
108
110
534
471
40
385
221
4
229
575
576
577
211
561
645
40
133
525
57
104
503
505
3
4
174
134
196
6
458
256
552
264
85
31
87
556
142
445
395
239
116
985
525
60
7
162
186
478
627
497
626
498
613
614
615
616
619
634
25
67
635
20
45
180
74
155
31
204
131
1122
22
9
6
517
519
388
520
521
579
1138
171
80
1134
1
401
28
151
241
404
30
423
467
439
440
112
45
113
452
453
500
117
181
252
590
1065
591
91
592
764
32
92
34
35
36
88
350
43
993
247
992
320
1045
557
557
558
449
553
322
1072
142
143
39
128
145
147
38
37
35
34
13
33
32
30
29
28
27
24
23
522
21
19
74
18
17
16
15
14
233
13
12
11
10
8
485
430
532
131
42
387
223
1
518
5
508
11
754
9
236
26
27
502
850
18
18
17
61
731
31
450
21
936
44
85
945
8
9
865
943
5
10
877
14
13
12
10
3
886
753
8
235
977
976
975
25
26
501
851
17
19
18
62
30
689
451
20
937
17
380
325
687
45
86
946
9
10
928
185
866
944
365
902
4
11
22
878
15
14
13
9
2
624
887
1
2
3
4
230
638
1126
1129
405
11
707
10
637
36
359
252
2
3
251
372
502
14
75
133
345
588
371
369
166
40
804
497
17
377
379
12
16
664
56
420
19
5
6
7
8
9
10
11
12
13
14
15
16
17
688
38
849
25
28
118
117
115
404
12
638
35
253
1
2
252
503
15
74
134
344
587
167
41
803
498
26
286
18
376
378
13
17
55
18
4
5
6
7
8
9
10
11
12
13
14
15
16
689
37
848
24
27
16
655
267
17
301
98
79
619
648
1045
853
860
5
361
854
27
434
15
14
254
544
14
35
23
34
28
29
15
654
268
18
302
99
80
620
649
1044
852
859
6
23
26
433
15
545
13
34
22
33
27
28
424
70
297
19
20
360
354
355
371
370
495
494
761
763
111
341
287
92
343
112
113
114
301
816
817
818
819
820
626
9
45
395
633
634
7
6
5
14
16
140
115
658
627
31
53
439
440
23
9
333
334
661
28
366
368
21
66
369
371
372
2
3
4
27
288
32
7
8
635
166
6
357
382
383
384
10
11
12
133
96
187
193
21
22
24
206
193
16
410
320
232
1263
326
47
18
355
451
316
306
1291
34
21
356
351
185
65
294
375
462
413
26
178
31
483
68
288
119
115
28
52
1272
371
94
133
278
194
356
1500
124
358
24
25
26
1135
66
184
482
447
736
487
241
6
477
440
2
1027
505
1662
1391
186
718
667
117
5
117
9
8
1524
697
924
1527
288
287
286
247
263
208
258
15
709
27
29
1259
26
161
160
159
158
658
13
25
24
293
23
22
289
1190
846
412
11
380
1154
1156
504
277
207
205
1025
1026
1027
734
680
736
505
208
506
507
889
77
79
758
497
113
150
8
473
640
329
447
733
1116
1240
1241
385
28
1182
344
402
2
122
3
14
311
474
10
30
447
501
41
538
545
468
1
2
291
345
289
1445
95
96
12
729
1019
16
20
189
82
546
179
50
366
21
9
1327
53
567
1422
529
1421
1420
1419
1418
958
1022
551
1508
7
915
898
8
15
35
3
2
10
1129
1128
530
959
1023
552
1509
8
916
7
14
34
568
4
1423
1
52
16
299
126
298
297
226
32
517
112
377
321
28
19
254
22
552
12
49
343
51
105
422
518
549
550
249
373
40
46
296
173
324
9
412
413
24
480
93
244
441
527
240
7
5
20
1
55
354
25
27
275
28
30
31
6
500
334
333
566
73
39
481
41
57
42
464
43
42
11
279
59
3
2
27
400
66
70
70
245
72
244
243
20
280
102
22
571
166
323
267
26
73
200
76
66
103
397
3
51
476
572
603
604
195
427
14
8
242
150
306
963
119
271
270
63
466
467
30
534
295
296
147
298
299
495
976
581
186
47
49
34
53
1
408
79
81
221
82
84
85
150
60
554
33
280
279
291
620
127
93
535
95
111
96
518
97
65
12
333
5
51
52
27
454
12
16
14
301
128
300
299
34
515
379
30
17
256
20
10
47
341
53
107
420
232
371
360
231
230
229
48
206
175
327
326
1072
410
411
1069
1067
26
91
439
547
525
242
9
22
57
352
23
25
26
28
29
347
564
71
479
39
40
462
41
277
61
5
4
29
398
68
516
72
796
795
1
2
3
4
265
25
85
532
86
88
27
26
5
6
7
8
9
12
246
2
3
72
34
35
36
37
4
13
27
26
531
4
5
6
7
8
11
247
3
3
12
26
218
20
341
342
650
652
21
65
343
344
279
926
603
232
56
899
898
897
896
95
414
26
840
416
639
363
206
364
365
672
28
7
710
474
350
535
220
779
42
780
367
190
617
39
38
37
36
35
240
10
9
48
14
123
916
580
579
578
248
35
37
39
646
326
32
413
264
33
266
179
180
19
205
931
796
78
466
79
81
303
89
5
269
245
12
271
238
23
134
22
25
6
7
20
8
9
10
11
12
673
13
15
17
15
73
72
71
217
391
45
717
19
341
64
342
343
927
917
278
18
340
178
649
651
10
602
581
189
580
217
247
716
579
618
22
25
122
465
645
330
275
96
413
28
3
841
18
415
638
362
205
363
364
671
27
8
709
473
349
536
219
778
98
41
681
779
366
239
11
47
13
315
34
36
38
325
31
412
263
32
265
179
206
932
795
80
302
4
268
244
13
270
237
673
22
133
24
5
6
7
8
9
10
574
11
12
672
14
16
16
216
71
102
70
69
18
340
63
341
342
928
918
277
17
339
177
648
650
11
783
601
582
188
182
170
581
216
246
715
580
619
23
24
39
38
37
121
464
901
644
900
899
898
97
412
27
2
842
414
637
361
204
362
363
670
26
9
708
472
348
537
218
777
40
778
365
238
12
46
12
379
847
368
85
33
35
111
37
324
30
411
262
31
264
178
207
16
794
79
301
3
267
243
14
13
591
269
236
21
132
23
248
4
5
6
7
8
9
573
10
11
671
13
15
17
215
920
17
339
62
340
341
9
902
929
919
276
16
338
176
647
649
12
784
600
583
901
582
215
245
714
581
620
24
23
120
463
328
273
900
899
98
411
843
413
636
840
360
838
203
361
362
669
25
10
707
471
347
538
217
21
776
39
777
364
237
13
45
11
221
313
86
32
34
112
36
323
29
410
261
30
263
177
479
208
934
793
303
304
305
306
231
78
300
2
266
242
15
930
268
235
164
165
20
68
131
722
22
3
4
5
6
7
8
9
10
670
12
14
18
214
42
217
113
410
794
46
47
48
49
50
1
2
3
225
226
227
5
6
7
228
229
51
50
457
49
296
57
58
60
61
850
365
366
47
224
1031
453
452
451
450
449
233
68
460
18
177
19
31
61
10
347
674
968
631
123
275
96
771
581
378
241
153
151
265
451
95
724
646
648
198
997
245
268
269
970
571
13
28
27
49
706
496
171
140
846
248
776
23
599
961
725
214
25
22
119
307
665
95
14
88
64
29
34
102
477
13
99
3
500
609
1
613
322
524
373
1159
1160
606
237
691
10
25
4
395
49
1426
16
40
540
960
489
17
24
5
396
48
1427
15
39
541
961
490
16
23
6
397
47
1428
14
38
542
962
491
15
562
561
22
7
398
46
1429
13
37
543
963
492
14
21
8
399
45
1430
12
36
544
964
493
13
564
563
9
65
4
94
257
448
50
489
188
16
34
23
77
22
49
67
8
21
3
522
34
66
223
224
225
3
93
4
5
256
640
449
51
490
187
381
15
20
18
275
57
33
514
65
302
24
76
23
50
573
6
377
17
74
131
450
52
139
169
281
1
32
786
4
400
1617
10
9
3
4
33
672
163
139
112
140
141
104
31
12
14
9
16
8
148
357
289
5
23
102
35
24
43
194
787
5
401
416
1618
11
10
2
3
32
673
164
140
111
139
140
450
456
808
6
103
30
11
13
8
15
147
358
290
6
22
34
23
42
195
788
6
402
26
17
42
4
1
2
31
674
165
141
103
110
138
139
615
5
310
365
102
29
10
12
7
14
146
359
291
7
21
1619
12
11
33
22
41
196
37
77
76
21
78
248
1
2
226
253
120
56
55
131
477
75
452
462
54
52
53
55
360
361
52
108
228
69
243
190
22
24
28
29
465
1397
30
320
321
27
26
244
26
567
180
133
136
20
574
573
183
463
252
138
70
478
453
242
8
69
191
375
17
377
12
195
21
22
23
165
24
27
380
225
16
7
480
644
20
19
18
17
466
10
22
293
148
1398
29
89
247
303
28
119
11
27
145
9
577
2
25
35
328
243
25
568
179
132
135
19
80
575
574
182
58
57
464
251
56
139
71
479
54
454
241
7
68
192
374
16
376
11
194
20
21
22
166
23
26
379
224
15
8
481
645
21
20
19
18
467
11
23
292
149
1399
28
88
246
302
29
118
12
28
144
8
578
1
26
34
327
242
24
62
444
300
440
48
1482
363
301
1261
69
10
82
67
298
68
171
404
137
138
39
422
365
452
63
424
663
35
519
311
366
28
9
11
6
13
436
27
430
402
652
7
19
109
326
469
324
346
413
844
432
30
1023
377
154
177
373
69
70
52
133
508
392
12
61
445
441
47
364
1262
70
9
83
68
67
136
137
40
423
366
453
62
425
664
34
520
312
367
27
8
10
5
12
437
26
431
403
653
6
18
110
327
470
325
347
414
845
433
31
1024
378
153
178
374
68
69
51
134
509
393
13
384
114
16
342
7
6
201
396
406
1183
432
259
431
430
443
483
1144
799
416
417
240
173
309
15
81
13
16
299
186
108
106
105
103
102
282
470
50
14
27
26
25
230
117
92
24
546
91
90
1341
304
17
3
520
24
189
26
142
303
5
6
7
9
82
30
383
115
390
19
18
8
7
21
1169
200
397
407
445
1184
433
260
432
431
444
484
415
416
239
174
180
532
981
338
308
19
16
82
14
265
989
17
170
298
185
109
107
106
104
103
281
471
49
26
27
26
58
57
56
55
118
93
25
547
24
92
10
91
1342
168
303
421
16
265
2
266
2
521
23
188
25
141
304
4
5
6
81
31
554
545
408
321
857
822
823
199
410
14
30
29
28
23
4
5
6
715
7
8
325
393
142
10
16
659
660
661
828
382
116
20
19
9
8
20
307
1185
1077
1146
414
415
238
18
438
437
436
385
404
403
402
401
400
1076
1074
17
83
15
18
1090
398
297
184
110
108
107
105
104
280
48
25
28
27
1127
1126
31
1125
119
94
93
11
92
1343
84
302
27
28
15
3
1
522
22
187
199
24
140
68
26
3
4
5
80
32
512
508
461
43
46
20
13
353
1550
77
16
369
234
235
258
22
1146
34
40
41
69
70
54
50
343
520
5
4
2
526
878
19
492
462
1327
684
783
782
781
730
749
748
747
746
745
51
64
379
59
23
55
360
611
470
47
743
516
48
675
22
126
455
65
453
452
450
112
35
449
65
26
20
23
1641
25
11
441
1
465
2
440
464
439
438
16
437
1688
61
29
30
31
43
578
15
218
216
460
81
80
344
493
5
15
129
222
29
219
265
134
201
130
18
102
12
31
19
273
308
309
490
253
445
348
5
160
177
184
148
121
252
124
185
18
30
37
216
214
213
211
210
695
259
110
6
20
74
225
200
199
198
38
15
17
19
20
21
91
22
23
24
26
221
27
32
35
36
16
4
16
130
223
28
218
266
133
200
131
190
19
101
13
30
20
272
307
308
491
282
254
149
349
6
161
176
183
175
122
125
184
17
29
78
36
696
258
109
7
21
75
201
37
19
20
92
21
22
23
25
222
26
31
34
35
17
246
247
248
2
18
132
225
26
282
216
268
131
198
192
151
133
21
99
15
28
22
270
305
306
493
551
284
256
511
510
509
351
8
163
174
181
124
173
283
127
25
182
252
251
15
27
138
34
219
217
216
214
213
698
256
107
9
23
77
228
203
202
201
35
17
18
94
19
20
21
23
224
24
29
32
33
19
22
314
1
133
226
25
281
215
269
130
193
152
125
134
22
98
16
27
23
304
305
283
284
285
494
285
257
352
9
164
173
180
172
128
181
14
255
106
10
24
78
8
204
353
34
16
17
95
19
20
225
23
28
32
20
554
633
1225
1183
638
584
780
194
43
5
6
7
9
10
11
263
262
8
455
183
170
169
342
677
1184
1216
43
19
20
803
24
38
57
23
1142
1144
654
684
181
1115
462
275
973
378
676
441
437
118
575
125
13
14
13
502
510
511
513
464
54
29
707
2
591
428
427
179
1066
12
987
600
132
503
81
1
1
808
16
533
7
10
32
397
928
926
51
577
530
3
436
29
28
26
25
23
785
10
82
422
9
898
1678
78
2
1677
189
1676
1675
876
540
750
179
573
8
174
110
107
263
203
429
500
438
326
206
16
277
343
223
933
13
20
30
798
412
12
176
559
11
502
72
71
70
595
947
561
177
531
264
1396
753
133
680
448
503
563
36
109
128
126
124
132
19
837
297
539
22
1133
812
585
130
123
117
290
994
230
569
550
16
18
47
164
195
524
4
21
194
522
824
521
191
205
190
519
34
518
134
1132
1703
544
44
366
43
885
42
685
839
746
1003
95
49
15
198
99
1710
17
328
369
81
3
510
361
68
534
1637
322
508
146
541
24
86
507
85
506
306
1757
8
877
298
330
1755
40
39
38
61
353
112
270
4
56
387
386
284
1164
1163
150
529
149
12
384
615
204
106
91
35
13
275
14
390
562
324
31
344
340
1346
534
849
676
848
847
6
502
9
33
398
929
927
52
578
531
437
30
29
27
26
24
34
88
11
83
423
10
899
79
3
190
541
180
227
797
157
1479
574
7
175
111
108
753
204
430
17
14
13
12
178
681
18
838
501
439
537
536
327
207
601
655
128
278
344
224
934
559
1561
21
1141
19
31
799
413
177
692
560
857
503
590
74
73
72
71
596
948
562
532
691
754
134
449
504
564
37
110
129
127
125
298
1152
540
23
790
813
131
124
121
118
558
247
557
291
556
464
555
396
234
995
231
570
551
15
863
17
48
605
165
196
525
5
20
523
825
522
192
206
191
520
182
35
519
135
889
545
367
886
544
686
176
840
747
1004
543
96
50
14
547
199
100
16
702
701
329
370
699
697
696
695
1159
885
82
81
4
511
362
69
535
1707
28
323
509
147
542
25
87
508
86
507
307
1758
880
9
8
878
299
331
41
40
62
354
113
271
709
156
5
3
57
388
7
387
285
1165
1164
151
530
150
11
385
616
205
220
107
92
12
276
13
391
1780
563
325
32
18
15
251
10
345
1089
341
620
121
9
380
118
11
10
18
305
19
447
85
17
343
268
858
842
897
847
1187
236
177
101
102
103
20
400
487
295
17
182
112
110
136
109
107
106
145
278
41
368
46
369
370
602
27
96
95
94
1345
372
373
300
13
262
263
1
524
20
185
197
22
138
2
3
78
34
56
87
286
266
88
8
557
152
282
281
538
12
214
213
310
1156
153
560
561
563
415
510
3
1030
16
415
140
482
386
160
30
70
1033
22
552
89
809
383
11
366
971
413
515
516
518
519
3
6
358
28
527
211
67
141
121
29
567
200
223
4
249
176
125
1183
46
18
17
106
358
39
155
607
15
422
65
585
67
90
68
398
399
555
71
455
1110
274
74
75
13
157
414
12
25
10
395
8
24
16
1090
113
521
79
522
81
48
82
98
504
1168
288
259
188
264
57
56
302
579
60
13
176
440
26
182
554
199
27
2
21
863
1102
1403
1406
895
959
588
95
523
223
1222
1289
644
610
940
559
598
1220
1295
643
94
92
384
245
299
736
753
531
376
913
5
339
449
1411
888
1126
26
27
26
25
24
23
22
21
6
677
678
697
336
23
285
515
27
495
15
16
539
18
10
383
22
389
19
318
20
642
686
6
20
6
7
277
13
35
14
31
284
514
28
494
14
15
538
17
9
382
21
388
20
317
19
641
685
5
21
267
7
8
276
12
36
13
32
283
513
29
493
13
14
537
16
8
381
20
709
387
21
316
689
18
640
692
684
4
22
587
266
8
9
447
275
11
37
12
33
282
512
30
492
12
13
536
15
7
380
19
708
386
22
315
688
17
639
691
683
3
23
586
265
9
10
446
274
10
38
11
34
281
511
31
491
237
11
12
535
14
6
379
18
707
385
23
314
687
16
638
690
682
2
24
585
264
10
11
445
273
806
156
9
39
10
35
72
401
370
171
191
23
100
445
398
147
336
1
304
303
106
107
207
441
25
324
45
151
666
44
110
680
453
1624
7
9
11
14
77
439
418
206
392
62
692
51
387
98
386
412
411
614
410
83
28
29
66
86
609
33
149
15
693
1547
196
16
64
378
65
66
69
190
108
376
375
374
124
1625
71
20
255
1357
81
18
149
96
77
252
72
41
720
718
140
192
40
16
212
264
6
204
233
18
166
140
274
208
456
276
123
501
200
159
132
714
135
17
359
173
174
7
20
248
29
17
16
31
14
13
23
85
27
9
12
13
232
16
91
21
206
25
30
27
5
194
1
546
31
40
2
286
25
26
27
29
30
31
34
36
21
606
574
365
1117
641
763
214
546
24
71
549
88
19
559
306
21
7
276
353
17
18
24
25
26
47
56
48
50
52
9
20
21
15
31
32
6
33
444
309
257
25
1021
363
56
408
275
46
93
186
33
109
12
1210
1209
1208
1207
282
20
1010
91
43
191
90
347
350
175
351
353
86
63
15
589
132
274
287
334
903
373
230
228
227
226
223
42
66
73
24
23
21
19
1290
461
428
429
356
198
118
61
158
35
94
2
4
134
49
46
1
6
8
10
13
14
423
3
412
411
36
30
750
19
82
95
1
32
546
718
717
20
401
803
431
1363
760
624
621
1543
265
319
1256
1255
1
3
5
334
395
393
392
390
389
758
364
855
28
752
404
379
378
377
201
1360
27
374
1593
780
719
548
720
719
81
18
450
403
216
96
805
1433
762
1364
1551
1550
1549
1548
749
626
1363
1361
1545
500
99
669
321
727
1377
1
1
2
3
4
336
404
397
395
394
392
391
7
760
417
366
857
754
1415
1414
1413
1412
406
381
380
379
73
203
726
1362
272
333
91
77
25
376
147
1595
782
721
482
49
128
1
231
127
95
96
861
935
860
1047
1046
1045
1044
392
122
859
857
120
6
565
199
690
764
1
3
5
7
9
10
12
846
84
51
7
2
1
6
469
35
532
1748
306
129
594
1752
2
1755
19
1208
959
93
94
703
881
1059
705
992
1351
90
91
92
1003
1005
31
954
9
8
7
6
5
4
3
2
1
1
3
1475
24
471
7
317
8
10
11
12
28
15
11
1004
516
394
7
1047
1
2
848
847
237
24
216
339
213
1016
106
553
27
40
133
39
38
882
462
446
501
451
48
118
44
43
42
9
878
870
869
868
867
58
51
128
884
91
251
252
964
960
883
103
206
3
860
210
107
108
17
487
166
917
916
972
400
401
474
189
2
18
37
13
747
399
67
68
14
17
1012
360
37
134
110
133
106
35
1279
353
1
2
321
224
248
225
252
323
921
5
357
1207
546
6
735
297
323
25
1237
14
12
14
199
15
17
18
421
1265
3
28
29
1271
30
343
1025
764
1208
545
5
253
736
296
324
24
84
196
1238
1221
108
15
1195
69
11
13
200
14
16
17
422
1266
2
27
28
1272
29
344
1026
765
171
732
309
265
50
49
48
47
986
6
6
197
44
12
86
97
12
38
63
187
681
89
98
1
184
273
739
2
4
353
436
24
335
310
228
144
434
340
181
17
75
76
78
37
36
3
2
1
256
253
7
62
24
25
26
27
6
3
909
732
5
1054
1056
214
93
35
1053
107
41
108
693
285
119
4
1247
3
2
1249
4
88
1243
301
277
1297
331
30
29
28
27
25
24
23
1457
22
973
37
190
92
188
47
91
46
45
44
43
42
248
40
39
38
36
5
7
6
2
71
103
70
183
11
1241
1242
14
15
41
94
1647
425
925
6
195
1222
1019
56
8
15
114
113
112
1146
13
1128
26
25
24
23
22
21
839
20
42
151
1171
79
1408
1149
37
12
1240
1241
13
14
42
93
1646
924
5
194
1221
1018
55
7
16
115
114
113
1145
14
1127
27
26
25
24
23
22
838
21
43
150
1170
80
1407
1148
38
13
1239
1240
12
13
43
92
1645
923
4
193
1220
1017
54
6
272
17
911
116
115
114
1144
15
1126
28
27
26
25
24
23
837
22
44
149
1169
81
1406
1147
39
14
1238
1239
11
12
44
91
1644
3
192
1219
1016
53
5
18
910
117
116
115
1143
16
1125
210
543
29
28
27
26
25
24
836
23
45
148
1168
82
1405
1146
160
40
6
338
20
1589
1070
1020
177
25
26
490
24
2
404
19
366
1018
192
451
1052
1051
1050
252
49
868
226
983
318
500
696
910
253
645
547
632
631
45
1020
620
250
644
627
3
866
818
817
730
725
816
815
180
24
489
1021
490
1
33
324
557
645
811
16
827
1069
1067
1066
825
36
22
88
344
93
392
1019
515
1012
938
149
648
749
559
71
194
719
263
265
231
40
269
652
493
926
601
1007
158
243
219
88
212
246
30
247
1004
91
1001
215
352
51
111
586
603
224
138
549
1035
9
1033
1032
1031
77
848
381
722
154
637
1083
6
1053
1055
215
94
36
1052
106
42
109
692
1042
284
917
5
4
3
1248
3
89
302
278
1296
330
31
30
29
28
26
25
24
23
1456
972
38
191
93
189
48
92
47
46
45
44
43
247
41
40
39
37
4
8
7
1
72
102
71
184
1051
1053
217
96
38
1050
104
44
111
690
1040
282
915
8
7
1244
6
5
1246
1
1038
91
1240
304
280
1294
328
33
32
31
30
28
27
26
25
1454
970
40
193
95
191
50
94
49
48
47
46
45
245
43
42
41
39
2
10
9
1
74
100
73
186
757
220
244
221
1006
74
929
58
48
529
189
294
15
3
71
151
216
1007
21
20
1
25
1
27
226
9
16
403
65
7
8
9
10
115
114
287
472
12
30
18
31
32
5
62
61
753
11
579
17
74
75
76
77
18
249
196
31
30
29
140
28
26
25
24
22
21
20
19
32
364
414
419
9
22
10
46
496
498
1278
112
1040
1363
1146
127
303
156
390
370
26
76
64
334
7
8
24
23
22
9
10
81
360
33
328
384
362
4
294
8
3
295
9
1567
999
1257
1059
1569
1123
1112
1060
762
26
109
203
1328
301
354
82
58
987
830
1453
4
227
50
699
5
6
1104
8
250
20
824
1432
1436
1442
1099
1393
34
33
31
30
29
28
677
23
22
1026
251
1
1031
1057
25
14
441
668
1105
48
2
124
123
10
98
97
96
401
7
53
47
46
1056
137
382
383
1055
152
440
667
1104
49
1
125
124
11
99
98
97
6
54
560
48
47
1055
138
1054
529
528
526
525
524
153
1027
23
15
28
215
20
27
544
19
47
46
186
34
25
8
126
125
298
461
12
1083
69
68
100
99
98
1
62
61
60
58
57
56
1017
19
29
20
21
396
395
394
16
393
392
101
75
73
72
1028
49
48
742
396
368
367
22
568
668
872
10
7
17
6
63
64
65
66
7
238
45
185
43
153
42
41
40
151
39
37
36
35
33
32
31
30
571
710
538
539
199
236
114
57
95
181
526
131
874
19
18
147
194
479
480
267
266
486
6
750
306
16
13
416
1059
40
39
1065
26
9
1138
76
3
176
12
119
1179
3
4
5
6
7
8
10
11
13
15
537
38
37
36
35
34
251
33
32
83
31
30
200
29
28
27
25
709
537
538
200
237
113
56
180
598
525
130
873
19
146
478
479
268
267
485
749
307
17
14
417
1058
1064
10
75
4
177
1178
2
3
4
5
6
7
9
10
12
14
536
39
38
37
36
35
250
34
33
82
32
31
201
30
29
28
26
1
2
52
51
7
48
65
16
15
435
29
47
213
49
148
497
42
13
1197
62
2
4
51
23
5
118
37
38
382
24
533
100
571
60
266
2
4
1116
805
771
3
4
5
1114
803
769
1
2
3
399
466
15
13
10
1445
15
67
9
2
29
3
54
59
570
21
17
16
24
191
19
78
47
161
652
330
329
316
80
77
52
331
58
730
328
746
717
16
691
69
749
7
26
71
30
31
1
13
10
450
8
449
448
447
126
60
230
87
98
27
1669
436
68
435
91
3
124
718
278
27
223
191
69
5
280
279
43
260
42
97
1
849
35
842
9
227
512
105
74
29
303
357
43
39
38
37
36
34
33
32
31
330
331
332
26
19
25
340
315
316
111
248
5
4
30
28
892
47
297
73
42
350
788
214
456
36
894
238
213
958
678
155
681
241
242
743
974
335
970
893
1
569
930
603
259
113
149
65
623
196
13
798
797
796
795
793
792
791
790
203
784
839
652
774
960
82
511
1
927
926
295
54
53
52
789
787
33
25
23
1031
25
463
1262
25
154
222
730
16
4
177
20
23
127
880
1110
26
1006
876
762
935
763
764
11
59
749
863
1100
197
1
2
533
1
39
21
734
801
12
12
13
828
69
56
580
423
5
73
810
3
357
22
59
299
47
46
47
170
44
42
41
303
532
35
338
24
20
19
268
40
18
561
16
13
538
407
873
2
856
535
532
1
1098
210
25
32
24
30
3
1012
14
34
15
16
401
400
399
21
398
397
80
78
77
737
27
556
558
559
560
563
15
1
58
59
60
61
2
233
180
48
47
46
45
156
44
42
41
40
38
37
36
35
463
466
191
273
44
144
1301
146
36
27
35
33
31
289
252
340
45
55
1165
46
143
8
47
6
99
7
94
1
67
1
28
1170
17
16
15
14
89
49
54
17
301
23
19
1276
1
2
3
5
6
7
4
40
39
38
37
36
7
8
41
40
39
38
37
6
7
42
41
40
39
38
5
6
44
43
42
41
40
3
4
45
44
43
42
41
2
3
46
45
44
43
42
1
2
42
435
436
31
1
2
3
35
43
30
1
27
26
166
25
42
121
1
28
27
45
32
29
28
168
27
44
2
3
1
36
3
1
19
422
1263
168
510
6
9
20
334
1111
49
178
129
1261
116
124
11
10
8
7
300
1249
213
1
22
3
4
5
161
294
420
104
192
186
173
26
24
7
29
28
8
9
10
11
12
13
55
56
17
37
46
38
15
1
700
376
485
676
486
132
480
65
173
144
51
267
1093
646
162
146
90
574
82
4
39
23
456
47
50
573
562
561
17
13
170
1
51
50
49
46
5
184
33
87
52
53
54
38
337
221
579
164
37
3
493
19
28
380
222
198
40
39
34
32
417
30
29
189
600
599
598
597
596
595
11
8
195
15
52
18
5
132
2
53
19
26
1
16
1307
710
112
530
529
528
527
526
768
485
48
38
401
1266
121
10
55
56
1074
277
37
38
39
40
35
571
92
36
247
12
11
5
4
3
18
27
19
21
23
20
9
8
14
2
3
23
4
415
770
343
376
280
54
334
891
547
85
437
246
310
62
7
53
474
502
317
347
80
49
131
1248
37
360
68
424
45
6
548
112
282
79
50
52
49
48
47
46
24
42
15
40
35
34
38
35
36
37
38
37
322
26
21
879
878
20
18
152
33
19
30
51
53
23
1249
238
54
281
78
51
53
50
49
48
47
25
43
16
41
36
35
39
38
27
22
21
19
153
34
20
31
52
54
24
1250
237
238
55
77
52
54
51
50
49
48
26
44
17
42
37
36
40
1204
39
320
28
23
22
20
154
35
21
32
1251
53
55
25
210
209
56
812
1
2
1
34
9
26
48
47
49
1
51
50
27
25
24
30
29
1059
18
36
47
37
16
965
967
968
969
972
48
1
40
39
23
1
54
459
1
14
20
18
17
5
87
117
116
56
55
54
53
18
46
32
53
54
56
57
59
50
19
5
55
1
290
291
292
60
175
234
523
38
37
4
58
57
49
389
326
41
40
396
27
28
2
230
484
164
51
519
491
245
50
390
78
1269
327
42
41
397
28
29
1
231
485
52
520
492
246
888
391
512
708
1719
232
23
31
29
1363
606
270
26
827
153
285
280
78
622
295
585
638
51
833
1487
158
7
222
213
221
219
217
260
136
66
231
484
516
863
257
268
94
232
6
821
429
47
38
50
92
43
1334
399
21
100
386
57
6
49
45
12
49
109
33
1393
458
445
53
10
520
505
468
5
178
6
7
677
2
3
54
817
466
467
486
38
52
2
4
922
19
20
41
53
22
265
30
23
494
31
3
4
236
16
25
58
1067
69
21
70
71
346
345
344
34
343
342
51
25
23
22
1078
1
2
792
446
28
618
718
38
1133
19
18
50
49
48
40
43
33
56
113
114
115
116
57
288
5
235
175
7
103
8
9
10
101
11
13
14
15
17
18
20
621
37
51
1
117
18
19
52
54
180
168
38
135
39
9
40
10
17
29
31
32
48
26
27
1115
38
92
93
40
22
36
34
51
1
2
64
65
178
1
171
7
402
9
122
3
4
6
32
33
35
48
49
50
156
17
78
79
2
62
40
42
406
4
126
288
35
38
156
393
392
404
1382
26
60
437
469
5
98
274
727
39
41
407
314
102
743
706
86
3
125
759
289
34
37
1623
1383
446
798
299
354
25
438
470
525
4
401
399
8
10
13
398
397
751
1
360
461
14
518
195
514
32
788
2
649
506
133
51
529
292
498
110
12
38
35
1721
42
1453
381
897
73
92
90
89
88
579
236
5
41
61
30
29
32
27
30
712
204
207
11
504
5
6
7
8
2
478
360
1235
37
293
482
377
26
242
50
29
257
656
11
682
31
7
122
1065
30
2
297
118
121
435
30
15
39
580
586
587
20
332
129
379
4
153
117
7
15
17
20
24
45
46
47
186
26
27
1376
260
350
658
37
9
10
22
23
684
1495
339
338
289
6
100
1423
1422
110
18
265
330
1202
814
1502
288
454
446
197
622
12
296
39
24
1274
607
1417
1082
1075
1561
15
641
470
452
127
128
472
3
8
34
38
2
203
89
86
1006
549
199
463
138
103
529
452
655
451
25
196
194
1178
509
1
17
18
19
20
21
42
357
412
14
15
469
1
288
3
9
12
13
110
397
308
6
7
4
413
468
641
1
429
433
342
171
423
74
1118
425
324
393
451
484
300
6
7
8
388
1191
265
42
20
499
469
369
137
308
30
31
32
33
42
191
109
108
11
182
12
14
418
16
1254
257
41
528
1081
932
1023
931
1298
873
160
430
379
426
427
260
54
169
13
18
24
25
114
352
172
1
171
170
174
115
169
2
173
107
40
41
47
48
49
32
43
44
38
29
467
395
428
332
136
134
133
132
2
386
129
1
30
4
338
31
33
35
36
2
4
12
138
157
177
575
450
22
476
13
14
15
85
48
347
45
126
11
10
298
9
302
487
29
495
240
296
297
641
843
21
22
319
9
258
125
174
128
47
162
163
125
164
129
314
144
322
67
123
124
814
670
152
151
146
182
86
52
47
346
44
125
10
9
297
8
301
486
28
494
239
295
296
642
842
20
21
318
10
87
53
46
345
43
124
9
8
296
7
300
485
27
493
238
294
295
643
841
19
20
317
386
11
98
4
54
631
397
53
453
29
30
31
32
43
434
435
28
385
499
428
2
31
923
921
920
918
916
915
914
913
7
78
331
394
37
39
118
40
42
43
427
18
46
47
48
19
466
3
38
41
137
135
134
133
375
130
282
69
70
72
74
101
102
103
209
845
172
7
6
5
46
397
852
855
847
285
811
810
809
808
807
806
728
382
678
21
711
957
35
36
128
393
121
38
39
605
837
183
187
129
130
733
4
111
142
148
161
50
1
226
624
212
170
175
217
865
178
60
23
301
624
628
47
822
508
1
222
174
94
511
518
446
39
4
84
18
44
49
48
452
1552
406
405
404
403
3
4
11
208
137
1136
19
18
13
14
15
16
17
20
180
181
238
6
80
1121
120
42
43
56
44
226
45
53
189
12
21
204
35
196
17
1257
262
573
1388
691
11
12
14
15
16
282
59
9
695
6
321
117
40
707
45
208
271
304
305
394
395
396
1161
355
4
3
1345
1
1319
326
270
39
25
498
31
104
356
1273
5
4
207
1041
1162
15
5
39
708
243
449
8
7
1277
177
6
3
525
38
24
30
18
368
6
5
206
1163
463
14
4
1275
450
387
47
9
8
3
37
23
8
15
16
17
283
33
1164
417
416
415
364
13
737
3
202
205
1275
7
6
527
4
347
10
428
36
22
47
28
571
625
2
3
6
7
88
105
83
572
3
2
5
6
83
300
511
296
55
54
47
43
456
457
458
325
42
364
186
299
352
351
350
2
14
15
1
404
252
206
908
204
38
250
39
80
365
249
15
17
18
34
12
13
1101
24
988
5
26
165
166
971
8
537
91
329
17
18
6
38
79
1070
12
39
47
69
30
41
42
36
27
277
95
339
343
442
66
5
26
390
392
1111
603
265
1102
902
600
624
434
1
57
56
1
206
572
182
183
306
902
556
205
695
58
36
60
2
223
393
54
89
45
1012
752
1
3
3
960
204
193
630
7
153
19
13
28
34
47
1
2
3
4
751
752
5
6
34
31
36
1392
47
49
50
51
48
66
5
29
30
101
13
14
22
36
33
30
37
34
1391
1105
46
48
49
50
65
6
28
29
102
12
13
35
32
29
38
33
1390
1104
45
47
48
46
49
64
7
27
28
103
11
12
34
31
28
39
32
1389
1103
44
46
47
45
48
63
8
26
27
104
10
11
36
7
830
42
151
2
241
68
3
82
24
464
465
380
507
35
6
831
41
152
1
240
67
2
81
23
463
464
379
508
33
30
40
31
1388
1102
43
45
46
44
47
62
9
25
26
105
9
10
27
32
29
41
30
40
1387
1101
42
44
45
46
61
10
24
25
106
8
9
26
169
170
5
173
1108
9
172
177
20
33
1260
48
147
6
32
47
5
130
361
143
136
138
139
141
142
170
127
852
848
854
137
138
27
18
148
14
13
12
39
281
282
934
930
236
830
240
13
196
430
431
504
219
587
1283
1289
417
19
20
21
22
23
24
25
26
27
29
31
12
129
70
56
1100
13
92
342
535
16
1
118
10
1
2
3
4
587
3
588
2
589
1
788
29
96
620
45
87
210
43
18
99
343
75
378
16
15
20
21
308
80
22
601
24
27
913
509
42
816
572
5
7
8
1606
24
2
3
1091
14
978
16
961
2
811
757
40
304
349
718
37
28
29
27
8
9
10
11
14
6
3
13
9
8
32
33
7
2
479
480
12
10
9
31
32
8
232
231
1
226
478
479
3
86
87
1051
88
1129
89
1125
8
1122
21
1115
1089
18
730
19
82
14
86
838
761
417
1118
14
233
355
35
36
27
38
39
33
24
1122
500
356
1216
34
35
26
37
38
32
23
1212
1123
501
373
12
4
6
125
1
107
10
5
74
2
62
1246
1231
36
450
18
15
14
13
12
12
438
1202
435
33
34
25
37
22
282
252
481
505
431
332
860
1693
1507
1043
1638
1243
4
16
969
948
294
93
986
493
7
1699
1700
1701
1702
1508
38
44
1228
12
1296
1238
931
15
14
37
50
14
375
73
105
1068
433
32
33
24
35
36
30
21
25
13
81
5
503
41
393
421
4
10
331
192
44
8
1
468
326
115
113
109
37
273
448
164
303
78
6
75
33
76
12
236
338
339
340
89
341
3
40
59
240
317
10
14
15
16
17
18
19
20
21
22
24
26
33
46
36
845
843
24
77
741
19
422
736
33
816
1123
760
9
5
2
1
75
65
76
487
1500
1036
9
54
73
9
1267
364
708
753
35
394
954
1048
543
230
665
236
238
1031
71
33
35
3
32
34
2
20
46
121
112
464
35
7
51
213
1426
962
940
1141
1087
69
937
25
557
560
465
77
78
79
80
5
192
190
194
1069
97
1188
207
327
7
8
28
29
20
31
32
26
17
246
821
150
397
140
237
95
21
216
11
1200
1199
30
33
130
8
7
663
93
335
328
355
25
401
1339
345
388
278
6
630
679
16
699
57
17
995
1
514
515
44
165
622
43
994
15
193
371
286
201
724
61
747
283
744
12
1
1
667
322
950
835
817
11
13
23
26
7
18
1
2
3
4
5
8
9
10
24
177
14
8
1
302
234
738
38
174
175
176
364
62
4
5
12
13
349
11
14
1168
536
22
459
444
30
77
37
739
35
174
175
12
13
350
552
258
34
140
431
612
26
27
18
29
30
24
15
29
762
15
483
482
993
146
367
27
20
15
10
572
4
231
704
707
595
769
13
28
27
26
25
678
800
56
19
21
672
110
361
182
809
885
499
401
471
4
810
418
83
14
85
82
15
84
1
133
160
161
162
79
21
476
226
141
19
18
17
144
443
36
14
19
112
217
329
395
564
562
561
560
407
1051
1050
42
557
425
60
61
62
63
64
397
314
25
6
8
10
752
400
966
71
793
51
114
364
1489
1008
16
18
398
43
9
410
246
409
401
21
27
17
201
1
2
90
555
3
364
84
116
1079
422
21
22
13
24
25
19
10
14
342
2
16
203
55
3
10
337
126
124
120
48
284
437
153
314
2
363
85
117
1080
421
89
343
20
21
12
23
24
18
9
204
13
1
17
56
4
11
456
338
127
125
121
49
285
436
152
315
1
27
485
436
470
11
14
31
769
1
24
22
15
550
572
552
580
556
3
576
587
367
23
21
16
2
10
2
879
8
9
546
82
26
881
348
77
468
363
991
1
2
94
868
4
5
1
121
111
28
7
1353
18
108
109
7
8
9
10
11
1338
20
425
354
406
718
33
31
153
12
9
141
142
201
277
11
227
252
253
254
7
312
496
497
297
371
687
985
12
13
71
416
330
79
910
909
4
6
8
10
12
13
15
16
17
252
962
19
21
22
23
25
26
27
1483
5
14
15
20
1106
341
1096
47
1522
1482
4
13
14
19
1105
340
1095
48
1521
21
23
25
27
29
30
32
21
19
53
33
26
24
14
170
22
178
179
18
54
34
27
25
1057
13
269
8
7
6
5
80
11
64
151
10
7
1414
950
140
13
1077
11
1081
854
945
823
27
1358
1037
5
1271
1345
157
1060
5
269
9
581
15
13
184
6
36
863
3
267
7
579
13
11
186
4
38
865
2
266
6
578
12
10
187
3
39
866
1
265
5
577
11
9
188
2
40
867
813
181
852
42
1
2
262
2
574
8
6
191
870
43
160
33
32
39
523
168
169
8
37
35
589
581
1067
64
3
44
541
544
109
871
12
13
19
20
21
42
43
45
47
4
15
16
10
1
439
304
30
358
334
29
6
5
26
2
266
653
104
25
1
10
13
60
61
62
63
12
347
4
5
7
8
1224
56
1199
2
116
1797
991
864
30
29
28
1
16
119
21
14
12
9
8
54
8
772
3
1800
994
1104
867
16
12
11
1
269
10
8
465
37
36
1
491
20
14
1016
198
199
1
333
851
852
331
478
174
802
592
821
44
490
23
22
21
20
19
26
25
128
315
12
271
35
465
228
227
274
298
129
595
112
460
28
14
9
1
372
2
4
11
3
8
29
1
101
28
2
7
16
75
15
1227
630
49
48
47
4
50
49
48
3
48
205
206
207
208
209
573
572
571
520
32
31
30
169
103
847
1173
12
891
893
835
1158
603
1614
922
496
494
10
4
79
1092
951
3
5
6
8
9
457
78
14
134
2
421
13
11
8
17
383
56
59
355
9
710
132
133
134
81
4
150
22
209
9
12
144
365
64
122
468
191
353
623
11
829
1434
18
17
16
15
14
13
12
11
10
8
6
24
23
22
21
20
12
629
549
793
720
191
127
52
51
50
1
1
86
44
49
91
1
138
616
1081
1024
1354
890
1567
1034
43
1414
1253
828
601
1
27
30
26
26
401
305
570
1
2
1
2
1
709
6
48
114
184
987
972
986
44
971
17
16
928
104
119
28
27
913
7
50
18
12
6
5
4
3
2
1
1
2
4
56
55
54
3
518
474
961
1
31
2
3
3
4
5
6
52
47
65
15
22
2
3
4
5
53
48
66
16
24
259
55
50
68
18
25
260
56
51
103
69
19
26
261
57
52
70
20
27
262
58
53
71
21
583
568
10
8
5
40
1450
3
14
19
1
2
289
31
29
26
7
588
40
32
30
27
8
136
137
138
10
12
41
54
156
36
374
378
370
259
261
264
269
1078
105
324
371
372
1030
338
184
396
185
429
245
49
137
333
210
13
55
414
82
250
147
136
44
43
41
363
39
1309
90
283
205
1
114
1
698
49
1
1
59
58
57
325
114
105
24
41
71
215
4
42
20
65
21
66
67
324
113
104
23
40
70
214
3
41
19
64
20
65
66
1
24
97
78
3
79
5
755
80
697
298
299
243
195
244
245
1
2
4
6
7
8
9
297
753
1218
754
1
9
10
11
12
13
28
74
97
1
3
4
5
6
337
347
320
34
35
1
12
348
1281
29
240
239
1214
2
3
749
296
1215
102
1015
40
91
92
956
223
384
387
85
86
34
39
713
7
10
11
13
3
313
171
1
2
5
33
356
34
31
1154
1113
455
457
980
580
7
6
824
43
1153
1112
454
456
979
579
8
7
823
42
465
1
466
971
288
31
1509
2
463
521
1
418
1341
793
730
1045
466
1
57
465
46
877
329
32
264
429
19
163
20
1229
22
1140
16
3
1265
277
1263
17
490
1225
1298
1181
43
14
1298
933
430
18
1226
1299
278
19
1230
21
1266
1264
1182
6
973
29
34
467
265
87
9
3
5
8
9
10
10
54
53
52
51
50
2
4
7
8
9
11
55
54
53
52
51
1
3
6
7
8
193
201
260
791
95
2
28
97
2
266
424
425
426
427
226
160
68
5
4
2
3
33
385
386
387
93
92
90
89
95
36
396
46
48
12
507
72
339
83
95
1138
4
1021
329
35
37
38
40
41
44
45
46
464
5
39
809
1
15
2
3
4
534
242
15
14
13
38
252
717
720
757
36
37
39
40
34
64
623
1
331
532
4
1056
352
1
110
16
21
100
863
22
23
129
85
159
41
270
173
3
8
20
23
40
13
15
2
1
71
22
39
12
13
14
3
2
21
38
11
12
13
4
3
74
22
1063
16
15
14
13
80
2
243
33
34
36
37
38
1
10
11
12
30
240
6
75
37
38
39
40
7
16
126
127
30
31
33
34
35
15
13
4
27
14
19
141
139
3
4
415
494
23
102
101
100
99
98
471
472
8
20
17
16
15
10
18
27
142
140
1
2
24
25
26
27
28
18
16
14
1
6
2
3
239
4
362
11
12
13
5
5
17
1
2
21
6
7
9
8
7
16
19
15
20
21
22
23
24
14
20
18
15
13
14
13
12
345
6
7
8
10
22
17
18
19
20
21
2
14
13
12
11
24
1
2
3
4
6
7
8
9
19
20
21
22
21
20
19
18
17
9
10
11
12
13
14
15
22
21
20
19
16
8
9
10
11
12
13
14
23
22
21
20
15
7
8
9
10
11
12
13
24
23
22
21
14
6
7
8
9
10
11
12
26
25
24
23
12
4
5
6
7
8
9
10
20
27
26
25
24
11
3
4
5
6
7
8
9
28
27
26
25
10
2
3
4
5
6
7
8
29
28
27
26
9
1
2
3
4
5
6
7
9
10
11
12
8
9
10
11
7
8
9
10
6
7
8
9
5
6
7
8
4
5
6
7
3
4
5
6
1
2
522
3
510
286
115
22
25
5
285
6
24
3
98
29
496
319
378
199
19
13
12
11
10
16
490
34
23
478
536
127
260
154
87
88
89
38
1
5
6
539
141
259
18
486
342
1
2
3
55
31
505
10
287
45
569
157
84
85
86
35
68
2
3
158
83
84
85
34
1
2
210
24
25
31
32
33
27
28
22
18
49
51
50
834
815
605
2
15
833
814
604
8
780
28
779
753
755
757
813
925
2
218
3
24
554
748
1
224
321
146
251
245
7
344
333
21
1
2
3
4
71
398
4
397
3
396
2
395
1
470
76
23
24
26
27
21
1
2
3
4
5
501
12
229
15
348
5
4
27
30
31
32
25
6
38
20
42
11
230
16
349
6
5
26
29
30
31
24
5
39
17
19
43
10
231
17
350
7
6
25
23
4
40
16
18
44
9
231
232
18
351
8
7
24
27
28
29
22
3
41
15
17
45
8
233
19
352
9
8
23
21
2
42
14
16
46
21
17
16
14
2
1
18
57
29
359
361
38
1
13
12
11
10
9
8
7
6
3
5
8
27
1
26
24
549
548
547
496
8
7
6
1355
8
193
79
581
18
576
405
3
201
8
571
589
199
362
23
273
28
5
4
1
20
24
272
29
472
473
471
6
5
452
453
454
455
2
21
25
271
30
471
472
470
7
6
451
452
453
454
3
22
1
295
226
241
243
25
227
2
84
75
11
41
185
26
12
10
35
9
36
37
161
58
28
116
95
57
79
34
78
33
32
31
30
29
27
26
25
23
6
15
7
28
390
1
1
40
39
38
13
13
491
805
478
511
6
9
524
1
72
57
180
1171
170
13
52
673
1161
2
2
4
5
6
17
3
5
7
10
11
27
16
28
1
3
5
8
9
71
25
14
1
2
30
1
3
6
7
23
12
1
407
1
12
8
2
3
5
126
85
14
1621
2
129
234
3
4
173
62
19
7
3
90
9
334
74
134
191
179
29
16
3
203
239
514
515
111
75
126
195
93
22
234
123
102
63
56
271
272
6
13
12
1
94
945
951
1226
831
479
1
68
67
26
166
924
923
70
225
2
1097
10
11
13
14
8
469
32
301
7
9
148
10
12
13
16
17
18
436
33
11
471
470
312
7
1215
1213
1211
477
239
15
157
3
5
553
9
356
164
413
11
10
4
16
18
912
572
27
477
333
22
21
20
393
280
12
23
21
394
279
13
292
1364
8
1
2
3
18
17
16
15
3
4
32
31
2
3
1
2
22
21
20
19
23
22
21
20
5
1258
3
237
11
311
788
1527
299
20
63
2
114
51
14
175
163
2
21
304
11
2
3
37
38
39
40
655
34
33
32
73
3
2
28
5
8
1
17
18
37
36
1
15
16
39
38
692
1013
539
47
132
33
28
14
6
45
120
3
7
12
11
10
132
48
494
30
29
16
275
39
362
33
579
19
549
548
420
13
1085
31
5
4
2
17
14
1084
1
8
1233
14
32
1
2
4
5
6
7
6
4
19
16
478
479
480
1188
1235
8
7
5
20
17
521
343
165
519
1189
335
1236
10
9
7
22
19
1191
259
1238
11
290
10
8
23
20
1239
21
529
11
9
1015
1017
1304
72
6
589
289
215
52
51
50
49
48
202
485
10
486
11
487
12
14
26
15
27
16
28
54
55
8
434
446
18
32
23
740
81
35
232
22
34
96
1
2
3
40
13
3
4
5
6
8
9
10
11
22
16
57
58
59
60
61
17
37
211
38
12
14
52
53
173
12
2
3
4
5
7
8
9
10
15
60
16
36
37
11
13
11
2
3
4
8
9
14
59
15
35
36
1
6
1
2
3
4
9
10
7
32
2
1
31
30
569
534
424
415
52
937
9
48
467
25
30
47
3
4
834
11
47
1309
1064
36
1047
1048
31
33
36
1
8
1
2
6
7
29
31
34
28
30
33
24
26
29
23
25
28
22
24
27
173
172
170
41
42
43
44
53
44
20
10
154
19
4
40
5
6
7
8
9
11
12
13
15
52
43
21
9
153
20
3
41
4
5
6
7
8
10
11
12
14
3
51
42
22
8
152
21
2
42
3
4
5
6
7
96
9
10
11
13
43
44
253
11
50
41
23
7
151
22
1
43
2
3
4
5
6
296
8
9
10
12
42
135
144
40
24
35
36
21
8
9
10
11
7
129
3
29
10
28
496
498
11
26
24
27
18
25
157
636
637
7
8
9
495
497
78
47
34
84
197
151
1205
16
37
15
38
13
40
11
42
1
2
4
14
15
9
13
14
10
40
12
12
16
286
17
1
8
1
2
4
5
7
46
47
48
1
6
7
2
3
11
5
13
3
4
14
2
3
1437
939
49
1430
1436
938
48
1429
2
1
22
17
8
16
144
142
31
44
6
138
161
14
39
4
15
16
38
38
3
14
15
37
36
1
12
13
35
1
2
3
4
5
6
7
8
9
10
34
10
11
19
33
33
9
10
18
32
18
21
32
8
9
15
14
17
31
17
20
31
7
8
16
15
16
30
30
31
32
33
34
6
7
29
29
30
31
32
33
5
6
28
28
29
30
31
32
4
5
27
1
27
3
4
26
26
2
3
25
25
681
1
2
1159
24
60
28
61
83
526
525
119
533
348
66
5
1
14
6
2
13
818
343
2
18
473
3
17
472
751
187
12
19
18
16
10
17
1
127
480
13
514
800
7
528
17
14
11
13
102
36
37
529
18
15
12
12
103
35
36
530
19
16
13
11
104
34
35
1
33
32
31
30
28
72
21
22
23
24
1
2
3
4
952
15
18
1
3
32
619
17
81
133
22
18
16
15
1037
559
91
360
19
273
478
39
53
763
3
258
132
1510
20
2
3
4
5
6
7
8
9
10
11
13
15
16
17
18
17
18
20
21
23
15
13
16
7
14
1
192
1354
446
67
123
507
483
9
432
1242
387
1410
22
58
52
1495
47
46
45
6
48
47
46
5
28
25
152
13
46
20
15
1165
1244
1247
68
1253
218
15
16
5
10
11
13
14
16
853
19
158
7
69
1202
673
1033
493
495
359
980
181
802
3
624
978
26
25
12
26
50
2
4
1402
5
1400
3
26
734
29
5
6
8
9
11
3
1
4
2
39
1415
106
1494
1
56
51
299
4
173
230
46
45
5
47
46
6
48
47
7
49
48
171
170
1
2
2
1
27
3
26
2
1
48
86
2
1
1390
2
1389
1
808
38
672
40
38
27
2
111
15
14
1
14
11
75
17
40
13
10
74
16
39
89
885
1
44
20
1
17
21
23
1
14
2
1
2
9
1
209
1
1
18
5
22
2
1
7
33
3
21
1
15
19
21
2
1
1279
425
418
235
1
3
19
3
7
21
74
1
5
3
4
15
53
2
15
9
2
32
23
24
1
2
31
36
4
1
2
1
1
3
1
1
3
1
1
35
34
33
32
38
3
575
1
41
1
39
38
37
36
43
42
6
115
147
231
173
171
172
63
2
4
4
39
7
306
2
6
703
37
38
39
40
41
5
304
49
42
293
114
557
155
287
1
1569
2
1
54
1
17
11
279
72
412
80
420
1
1
1
17
11
464
1
15
1
2
1
1
1
1
14
1
2
1
2
3
580
18
19
34
613
19
18
35
1
7
1
16
17
1
33
1
2
33
2
34
34
1
35
118
1
6
42
595
1
594
1
1
16
1559
14
178
1
2
3
4
5
33
34
35
36
37
1
2
571
126
10
9
8
413
595
756
1
1
1
1
9
61
589
12
1
117
182
304
1
8
1
2
2
7
36
21
29
32
9
35
1
176
298
1
1
236
26
27
28
1
4
1
1
2
1
1
2
3
4
5
6
26
25
24
23
22
21
523
56
546
33
122
1
1
2
3
47
139
48
140
49
141
1160
1
1
70
69
21
71
28
1
1
2
1
1
3
1
1
19
1
235
463
937
648
1
2
107
2
662
106
663
159
664
15
1
1
54
54
1
1
1
225
51
1677
1
1625
1322
1036
1
2
3
4
26
4
18
25
3
17
24
2
16
23
1
15
1
3
2
866
1
3
11
9
1
1
2
1
753
448
906
160
173
1
1
2
363
362
1
4
307
712
1
1
1
2
1
56
1
