5
7
6
1
1
2
3
4
29
10
28
27
26
25
24
23
22
21
20
22
7
37
36
4
18
17
16
15
14
13
11
8
10
9
8
7
6
5
4
18
19
168
93
169
170
171
172
173
174
175
176
177
179
92
180
181
182
183
184
185
186
187
188
2
3
1
1
19
54
3
9
19
53
5
97
215
66
216
217
218
219
220
221
222
17
328
26
11
329
195
66
196
187
318
2
3
336
10
7
59
6
10
54
194
59
19
59
46
298
45
20
51
197
309
10
53
5
94
224
65
225
226
227
228
229
1
96
42
43
299
41
17
60
41
325
22
55
44
321
42
297
41
47
290
42
322
40
323
5
94
18
59
3
60
42
314
29
313
2
60
7
8
24
319
30
314
15
335
31
312
196
57
1
1
27
315
18
325
17
1
1
9
334
8
1
1
38
323
1
10
204
91
205
206
207
208
291
290
289
288
287
287
90
286
285
284
283
282
281
280
279
278
278
89
277
276
275
274
273
272
271
270
269
269
88
268
267
266
265
264
263
262
261
260
260
87
259
258
257
256
255
254
253
252
251
251
86
250
249
248
247
246
245
244
243
242
174
67
173
172
171
170
169
168
167
166
164
68
163
162
161
160
159
158
157
156
155
153
69
152
151
150
149
148
147
146
145
144
142
70
141
140
139
138
137
136
135
134
133
131
71
130
129
128
127
126
125
124
123
8
12
11
10
9
8
10
5
4
3
2
25
26
26
35
34
33
32
31
30
29
28
27
79
173
24
23
22
21
20
19
18
17
80
174
6
31
32
33
34
35
36
37
38
44
53
54
39
38
37
36
35
34
33
5
40
41
42
43
52
51
50
49
48
49
6
89
88
87
86
85
84
83
82
81
79
7
78
77
76
75
74
73
72
71
70
242
84
241
240
239
238
237
236
235
234
233
43
9
42
41
40
49
2
25
24
23
22
233
83
232
231
230
229
228
227
226
225
224
23
7
22
21
20
19
18
17
16
15
14
224
82
223
222
221
220
219
218
217
300
15
66
10
65
64
63
62
61
60
59
58
57
57
9
56
55
54
53
52
51
50
49
48
48
8
89
88
4
44
43
42
41
40
39
35
11
34
33
32
31
30
29
28
27
26
5
10
8
7
1
2
3
4
6
33
3
32
31
30
29
28
27
26
25
11
2
18
17
16
15
14
13
12
20
19
157
96
156
155
154
153
152
21
5
20
19
18
17
16
15
14
181
66
180
179
178
177
176
12
4
11
10
9
49
50
13
14
23
99
73
98
97
96
95
94
93
92
2
1
9
8
7
6
5
4
3
10
11
10
1
9
8
7
11
1
4
3
2
5
6
90
74
89
88
87
86
85
84
83
82
81
1
1
1
79
75
78
77
76
75
74
73
72
71
70
245
252
251
250
249
248
247
246
319
244
238
244
243
242
241
240
239
318
237
236
235
68
76
67
66
65
64
63
62
61
60
59
22
26
25
24
23
45
21
20
19
18
6
1
8
7
10
9
1
3
2
4
5
6
10
7
9
8
1
3
2
4
5
1
57
77
56
55
54
53
52
51
50
49
48
46
78
45
44
43
42
41
40
39
38
37
35
6
22
36
121
71
120
119
118
117
116
115
114
113
112
110
72
109
108
107
106
105
104
103
102
101
159
327
160
161
162
163
164
165
166
167
168
170
326
171
172
173
174
175
304
303
302
301
301
325
300
299
298
297
296
295
294
293
293
324
292
291
290
289
288
287
286
285
284
284
323
283
282
281
280
279
278
277
276
276
322
275
274
273
272
271
270
269
268
267
321
267
266
265
264
263
262
261
260
320
260
259
258
257
256
255
254
253
252
1
1
2
1
1
235
318
234
233
232
231
230
229
228
227
226
226
317
225
224
223
222
221
220
219
218
217
8
1
7
6
9
1
3
2
4
5
217
316
216
215
214
213
212
211
210
209
17
328
35
5
209
315
208
207
206
205
204
203
202
201
200
183
331
182
181
180
179
178
177
176
175
174
202
302
201
330
30
182
181
180
179
178
177
19
328
1
175
303
174
173
172
171
170
169
168
167
166
1
2
1
1
22
342
2
164
304
163
162
161
160
159
158
157
156
155
1
2
1
1
7
10
9
8
1
11
1
4
3
2
5
6
19
326
305
153
152
151
150
149
148
147
146
145
143
306
142
141
140
139
138
137
136
135
134
58
61
60
59
315
57
56
55
54
53
36
331
35
34
33
32
31
30
29
28
27
27
330
26
25
24
23
22
21
20
19
18
124
308
132
131
130
129
128
127
126
125
122
309
121
120
119
118
117
116
115
114
113
111
310
110
109
108
107
106
105
104
103
311
101
100
99
98
97
96
95
94
93
91
312
90
89
88
87
86
85
84
83
81
313
80
79
78
77
76
75
74
72
314
71
70
69
68
67
66
65
64
63
33
43
53
52
51
50
49
48
47
46
45
50
37
49
48
47
63
62
9
36
35
1
1
2
1
1
1
1
1
1
1
24
38
23
22
21
20
19
18
17
1
1
15
39
14
13
12
11
10
9
8
35
36
1
1
2
3
4
1
9
2
3
4
40
41
1
1
42
100
99
98
36
65
324
343
1
1
1
1
1
1
27
1
1
1
1
1
1
1
1
1
1
1
1
1
1
1
1
1
1
1
1
1
1
1
1
1
1
1
1
1
1
1
1
1
1
1
1
1
1
1
1
1
1
1
1
1
1
1
1
1
1
1
1
1
1
1
1
1
1
1
1
1
1
1
1
1
1
1
1
1
1
1
1
1
1
1
1
1
1
1
1
1
1
1
1
1
1
1
1
1
1
1
1
1
1
1
1
1
1
1
1
1
1
1
1
1
1
1
1
1
1
1
1
1
1
1
1
1
1
1
1
1
1
1
1
1
1
1
1
1
1
1
1
1
1
1
1
1
1
1
1
1
1
1
1
1
1
1
1
1
