51
249
43
163
440
162
135
255
1
176
130
82
313
405
393
80
109
79
352
75
164
300
428
135
395
80
451
224
149
157
339
157
38
143
98
134
69
114
70
191
53
230
53
398
375
189
384
374
122
243
288
80
442
436
122
280
185
335
83
132
33
1
39
179
81
241
11
133
45
335
171
12
577
488
619
5
253
275
22
170
449
170
106
187
296
535
241
123
143
499
281
57
388
175
214
605
3
80
287
337
88
297
122
189
126
328
131
137
104
122
106
129
120
22
95
94
102
279
357
160
32
223
87
385
132
386
8
51
24
12
352
78
67
82
302
536
371
186
451
381
512
383
173
233
276
277
84
222
251
214
255
214
122
211
94
140
204
57
378
431
267
437
347
146
365
339
143
90
496
48
32
1
57
1
46
163
3
489
251
353
350
211
372
75
289
287
18
76
41
113
88
202
117
82
105
72
254
173
175
66
111
2
33
262
394
223
225
226
267
64
297
377
70
160
144
139
47
2
56
106
105
1
122
23
60
15
11
165
32
34
95
84
53
122
43
26
113
32
43
1
67
13
20
83
29
94
82
338
1
288
284
274
128
452
447
5
188
326
294
74
71
134
578
410
224
38
14
305
40
253
1
260
480
254
76
332
27
355
111
26
226
97
37
98
97
527
143
108
361
215
109
175
328
155
8
174
4
95
170
219
316
106
80
59
105
246
438
53
222
223
3
112
271
330
141
470
393
73
7
239
204
486
226
169
262
25
171
1
88
295
115
178
83
179
79
479
1
372
162
3
423
124
1
393
187
95
308
33
305
401
415
141
348
439
102
66
304
109
147
320
63
71
217
32
184
23
24
367
205
1
203
176
282
1
274
206
99
515
407
38
298
206
117
254
115
303
203
245
81
388
8
59
194
16
303
247
353
265
182
57
66
212
404
319
479
9
411
178
170
160
422
297
315
203
156
367
225
237
624
38
42
66
54
72
59
137
135
80
201
127
47
115
14
147
88
79
167
20
45
2
90
175
323
328
169
269
145
6
207
193
256
174
73
49
186
1
270
23
47
36
76
110
113
1
104
122
2
197
476
404
7
65
51
279
231
210
161
91
36
14
23
90
37
69
118
105
24
76
16
68
1
54
7
87
72
1
279
75
125
101
113
68
166
167
92
21
283
143
242
325
473
248
110
198
149
312
269
315
126
262
183
1
243
116
316
71
181
150
402
53
401
43
391
17
69
78
162
163
43
576
296
581
1
295
223
107
181
1
1
407
490
73
353
265
270
50
567
185
144
231
502
60
504
71
167
352
1
275
119
126
74
111
17
110
318
261
43
80
144
265
145
282
71
186
330
478
87
466
73
211
132
3
314
207
329
323
325
4
120
386
327
38
1
492
347
79
448
127
429
249
231
112
328
153
152
21
20
441
361
403
155
129
73
366
163
283
64
153
113
242
372
25
278
89
283
471
504
302
314
198
110
196
477
612
73
233
398
50
253
240
78
260
166
212
81
427
406
122
172
1
531
396
106
321
159
395
383
10
311
98
21
149
143
42
231
68
156
239
58
103
118
76
16
112
66
66
129
1
1
97
199
200
65
3
85
164
47
162
106
64
100
5
49
66
57
67
20
61
179
118
162
54
74
198
72
171
231
73
203
167
206
162
262
164
86
87
112
59
25
124
72
122
105
71
107
1
199
78
27
107
188
61
50
191
123
185
23
27
136
17
91
53
106
174
147
116
170
59
73
72
41
67
87
44
294
66
112
84
30
45
91
106
92
110
117
34
17
230
68
80
122
97
103
497
105
273
193
42
192
61
341
315
154
489
28
171
183
526
165
248
190
294
181
91
28
94
170
186
124
131
235
332
79
262
564
58
280
182
143
338
160
148
56
196
258
1
61
133
258
211
286
158
153
227
2
86
6
137
175
77
61
93
16
97
144
1
108
74
12
82
287
233
98
109
37
97
57
173
113
1
20
98
100
107
150
221
171
79
13
111
220
43
125
208
73
5
67
166
165
68
23
117
74
25
147
150
226
18
73
28
76
98
99
38
12
16
5
17
28
38
37
16
12
14
16
15
8
30
2
1
3
22
7
31
17
19
20
5
44
98
18
147
212
146
163
11
140
138
135
33
111
149
79
25
141
69
24
62
92
21
30
13
1
47
42
98
44
56
62
20
44
44
12
43
12
151
64
13
93
40
5
131
41
246
41
181
92
28
121
163
249
254
145
34
177
1
92
24
86
154
53
99
190
25
249
177
269
173
110
36
103
1
20
17
57
126
121
123
31
224
20
125
151
40
141
78
59
128
99
33
47
93
62
257
341
6
186
143
4
172
231
294
217
280
168
324
587
570
330
210
77
187
272
176
482
160
324
180
117
372
410
531
1
295
296
90
220
180
352
277
498
1
493
146
115
28
207
269
57
212
77
86
408
91
76
197
323
132
385
364
133
27
567
394
217
162
313
654
164
275
471
226
385
137
209
162
122
485
364
368
92
210
29
98
270
371
115
418
346
88
328
299
141
363
138
455
7
174
175
177
221
190
396
154
285
87
144
135
88
313
85
46
247
40
409
218
314
256
283
220
54
70
376
210
490
179
486
128
36
58
119
319
174
78
326
373
2
1
295
294
478
358
80
252
16
84
200
267
72
149
255
197
287
262
2
254
9
8
1
197
77
102
183
40
293
172
1
142
165
361
191
190
4
115
196
1
89
336
54
179
152
435
105
161
511
512
280
183
223
72
119
344
525
77
100
41
380
570
302
657
462
6
1
748
105
270
60
581
414
348
411
7
441
68
26
28
236
354
165
238
601
158
181
36
45
619
333
619
115
140
681
238
83
511
287
324
380
196
154
228
57
172
39
67
166
221
88
221
201
120
141
265
52
166
414
210
140
72
385
261
142
24
108
292
341
425
231
362
269
368
142
549
483
266
253
445
231
8
230
4
4
336
181
115
227
70
527
168
97
441
437
102
84
139
77
157
86
263
115
121
109
140
1
119
3
216
309
275
562
182
199
348
181
367
300
28
179
460
289
182
369
106
244
64
248
103
510
527
262
153
13
464
463
57
400
320
313
310
229
9
200
1
336
593
478
93
156
67
2
495
152
1
149
211
40
87
130
337
222
170
378
215
253
56
117
341
1
64
129
17
124
135
292
310
143
37
366
34
47
83
85
71
177
177
14
107
292
291
148
202
423
258
8
25
461
1
166
351
349
156
2
681
415
1
166
267
168
4
383
166
335
256
208
278
337
334
150
152
151
203
1
1
163
420
151
69
219
162
220
335
449
99
82
218
390
261
262
203
305
139
203
246
365
5
208
468
395
425
155
559
555
44
153
333
1
220
131
464
257
25
26
84
162
85
116
148
208
44
301
192
45
303
1
318
220
399
708
3
403
76
27
75
424
459
39
216
237
385
363
293
362
361
289
501
312
168
94
175
751
4
59
217
256
334
2
216
181
5
394
166
167
91
392
389
287
4
85
288
332
165
303
65
404
381
453
52
319
323
170
3
186
145
114
287
358
146
166
248
105
263
240
139
220
76
147
279
3
54
191
156
47
49
162
238
320
118
2
1
289
367
165
161
105
151
179
2
330
243
42
217
18
255
254
82
8
60
175
33
275
1
147
202
55
208
213
54
76
190
426
164
256
63
80
159
157
29
158
63
316
379
123
1
47
379
197
291
60
378
200
423
374
181
110
1
196
34
587
198
256
408
105
92
90
201
357
114
37
301
309
190
204
102
7
412
44
412
347
368
127
128
28
197
286
485
544
70
171
176
214
92
9
651
480
9
1
114
184
193
115
288
43
104
227
152
99
268
298
46
254
170
134
132
262
253
165
201
286
63
230
285
8
56
26
58
256
8
115
300
50
199
173
1
194
1
109
131
294
349
103
54
19
82
30
147
128
112
37
1
52
16
8
111
31
36
29
33
2
20
12
35
70
5
84
68
155
74
53
8
17
137
119
145
14
119
102
171
172
92
158
1
87
77
60
134
214
94
35
114
149
164
127
298
117
53
16
346
26
228
70
69
82
102
13
141
119
28
44
55
28
122
138
42
49
45
9
4
193
66
137
279
130
208
9
31
278
115
80
101
228
318
233
6
66
142
65
52
185
13
133
54
37
88
17
91
311
2
276
97
144
111
192
55
325
262
114
36
129
15
114
102
1
103
16
110
69
44
40
144
1
22
236
134
86
57
7
103
159
19
140
393
355
1
113
125
108
256
159
1
34
89
26
86
111
32
38
53
58
1
1
35
25
2
50
8
36
95
38
180
177
237
79
176
86
101
51
319
92
122
93
35
61
57
84
93
77
105
1
139
81
177
154
145
156
60
69
114
57
36
95
67
77
93
85
11
96
54
38
29
205
64
1
28
65
85
89
89
195
11
74
218
6
98
94
4
134
57
127
3
128
94
210
117
80
306
102
257
91
60
185
123
25
11
3
58
84
78
10
3
55
15
2
33
12
35
10
19
4
1
5
4
169
170
81
107
8
128
1
85
124
140
172
84
106
327
1
111
190
179
281
11
122
140
1
70
258
81
210
104
249
91
166
48
85
377
137
243
86
241
340
192
1
341
184
103
139
87
6
129
159
149
286
235
7
370
234
150
20
297
371
359
372
160
4
559
228
263
96
268
154
165
163
162
2
404
418
529
59
303
388
1
532
287
264
184
182
168
218
104
74
55
477
364
537
365
348
77
1
103
204
167
424
593
520
159
4
167
118
234
112
494
233
1
353
275
391
129
2
51
175
52
274
50
173
221
20
208
478
79
73
78
126
51
30
26
156
25
78
7
219
108
147
72
73
33
134
145
223
32
101
185
155
174
226
8
338
60
147
34
440
220
55
353
141
1
158
61
125
181
57
289
102
94
92
307
215
204
442
147
443
194
346
440
270
1
236
514
94
263
1
345
670
384
367
699
132
36
469
93
3
196
443
280
250
441
442
59
87
60
88
196
46
359
108
274
307
208
88
81
209
83
444
251
4
166
264
219
254
253
220
312
283
375
2
269
91
314
335
571
5
119
123
293
191
177
533
4
538
537
534
3
2
216
464
534
446
143
444
184
385
526
1
136
346
272
347
135
267
554
659
219
285
122
242
310
44
352
166
167
48
397
146
290
80
523
145
276
384
221
400
1
304
96
1
260
331
454
60
96
14
167
75
62
75
85
161
233
204
303
564
483
323
1
161
109
164
378
202
375
125
123
1
212
400
457
176
150
496
454
430
200
209
59
246
186
24
21
46
207
170
163
145
254
65
84
147
232
348
57
9
149
109
314
45
210
364
1
537
314
318
367
205
104
96
50
184
143
254
252
22
282
107
41
70
223
127
44
67
3
250
92
352
282
51
96
2
313
562
395
394
176
133
373
180
225
504
199
133
216
349
2
99
247
365
166
93
124
162
254
112
453
97
117
75
2
461
463
206
237
199
80
150
197
423
97
303
170
2
478
383
182
144
303
95
121
84
312
311
284
29
258
1
87
8
324
482
370
384
136
216
125
568
290
270
291
246
693
129
8
105
154
320
326
150
2
1
327
498
110
191
548
308
501
322
195
146
449
165
96
10
319
300
329
158
134
209
205
206
121
52
184
77
137
31
70
108
126
125
190
119
76
572
124
243
158
40
37
165
9
160
212
403
143
380
149
43
130
88
22
165
40
149
10
110
125
75
37
81
71
5
86
109
299
108
123
190
157
198
114
375
373
212
1
5
200
1
253
38
251
155
106
1
37
99
107
1
29
98
108
112
133
93
334
134
454
433
304
170
98
91
15
36
1
303
53
172
319
130
207
206
54
80
2
256
117
181
210
286
435
16
251
192
160
253
78
307
24
312
40
263
176
316
431
432
264
470
55
125
244
369
207
467
262
475
215
50
20
106
439
125
603
364
442
210
320
604
679
502
55
161
1
171
297
254
324
253
135
82
370
210
302
206
787
86
19
204
698
501
382
192
290
66
46
205
126
522
143
31
683
534
138
533
132
237
204
309
89
265
128
224
80
218
248
362
92
451
424
280
164
254
6
433
236
53
160
436
498
124
114
263
208
425
392
51
522
519
124
438
242
156
160
50
1
146
97
291
290
329
440
268
186
594
596
83
593
244
243
319
169
374
364
152
132
39
251
311
13
133
396
96
269
138
360
98
171
1
335
169
348
303
304
241
16
89
343
151
93
451
225
105
171
315
139
1
206
1
157
155
158
107
252
46
48
47
30
76
61
59
110
229
212
180
46
62
124
59
105
86
231
159
119
70
69
1
95
106
2
42
92
76
90
1
137
1
132
2
127
130
68
119
78
132
123
1
191
97
459
157
63
95
56
63
64
158
100
92
1
44
1
176
2
86
106
149
2
87
178
94
1
62
63
25
150
187
331
187
27
302
271
333
96
97
61
141
271
67
105
44
87
215
245
216
131
76
130
171
288
165
117
292
71
168
147
1
353
359
4
422
410
464
130
303
304
101
131
537
539
211
9
118
255
152
12
273
376
139
107
156
2
419
420
382
84
138
59
63
248
247
68
268
57
246
125
258
65
70
1
237
217
186
309
188
92
74
93
191
290
289
211
136
193
1
37
136
329
358
14
80
268
110
57
199
143
87
84
248
126
68
27
116
2
178
94
95
184
70
71
273
15
16
219
1
56
168
79
85
187
2
32
140
172
1
8
110
205
162
160
167
114
36
109
115
149
46
53
21
123
113
174
13
102
103
26
117
62
34
28
83
120
81
43
66
68
43
124
65
170
109
65
1
67
71
164
76
98
163
125
235
112
103
121
5
153
219
152
55
131
84
53
277
96
1
225
115
247
77
121
164
126
2
409
86
32
1
212
84
30
116
81
326
205
154
191
407
34
120
73
102
121
441
410
117
237
207
168
83
210
101
1
165
1
101
66
265
1
29
164
60
171
166
219
2
88
219
148
187
157
136
61
52
160
21
168
127
3
222
46
85
150
118
117
293
67
66
191
40
1
158
57
489
49
51
193
282
156
31
182
183
232
64
233
232
148
243
1
46
51
108
111
103
319
140
86
15
175
135
9
115
113
1
109
149
312
80
3
259
225
306
92
33
359
333
332
1
160
199
1
162
1
92
150
147
445
148
231
295
464
380
1
332
1
315
8
84
465
428
298
69
407
140
206
149
13
351
407
534
456
138
123
167
280
376
24
373
435
113
191
411
298
148
354
3
106
336
351
343
3
74
89
413
90
351
163
19
339
128
96
180
235
35
179
90
45
276
139
77
279
187
339
1
160
370
253
159
428
130
340
89
1
210
131
144
73
76
129
217
273
2
15
511
280
135
346
267
212
362
175
141
86
123
364
402
498
218
1
359
125
157
239
210
3
219
61
404
553
271
188
194
606
149
180
122
243
267
316
189
330
172
144
261
40
146
264
5
378
63
190
80
158
194
56
77
78
201
17
44
17
177
78
202
218
450
1
351
414
79
256
1
249
179
118
59
372
298
9
238
233
171
65
306
84
190
47
26
47
139
102
118
99
111
14
92
57
113
97
41
62
205
86
110
24
56
183
11
185
5
37
156
82
205
157
210
286
46
331
67
137
138
62
190
116
86
266
109
54
144
19
154
36
161
26
25
163
206
119
112
5
162
147
65
143
66
169
196
89
135
1
225
226
169
73
13
42
34
4
120
116
87
41
1
62
77
32
49
48
72
2
43
84
125
73
194
138
101
91
110
92
141
114
102
127
82
155
156
92
31
239
2
240
237
270
115
12
87
70
47
99
196
24
76
41
92
141
23
115
65
139
48
10
92
113
115
90
83
168
116
46
29
20
30
57
79
78
55
28
1
44
24
25
48
50
26
47
96
74
84
2
74
45
49
92
4
168
102
98
124
57
104
66
2
79
74
36
162
163
105
14
45
23
147
117
1
28
41
18
26
51
46
1
16
12
9
79
42
16
20
5
42
15
5
5
15
49
10
15
19
44
19
26
13
6
25
11
31
13
23
68
19
18
27
54
8
37
9
7
19
27
11
33
7
30
21
2
9
2
3
11
42
1
6
1
11
9
4
1
29
10
9
38
42
39
9
39
37
43
21
1
20
23
14
1
16
27
1
25
14
24
7
10
1
36
4
76
72
68
116
94
14
37
22
13
3
18
24
2
5
9
8
19
16
34
39
16
2
22
31
11
18
38
74
61
10
109
55
2
112
141
219
32
176
5
22
47
144
3
37
59
5
14
1
26
19
23
13
9
8
28
13
7
7
43
4
21
2
6
1
15
20
6
13
20
5
16
6
10
12
63
3
22
4
99
93
42
14
58
1
23
53
51
35
110
52
109
38
78
61
142
45
73
55
31
17
123
97
44
8
44
19
154
105
25
110
109
2
98
20
86
107
113
73
44
15
82
87
44
36
75
50
62
116
133
114
64
23
130
1
57
76
58
95
202
69
64
75
114
220
65
87
82
94
17
258
20
279
278
3
375
1
370
135
206
45
1
67
112
238
168
77
47
184
107
107
1
115
26
47
23
129
82
165
45
92
57
173
196
56
65
186
67
111
54
125
37
131
12
199
112
106
18
215
20
67
114
21
88
1
194
98
224
198
234
52
69
143
25
24
115
50
114
124
94
122
151
72
1
42
160
161
139
28
82
1
30
27
124
146
1
60
36
100
18
52
193
81
51
141
76
94
65
32
133
32
117
100
148
252
255
132
146
64
262
111
1
100
3
226
162
47
36
127
32
117
125
63
84
200
1
217
83
113
53
118
22
112
153
76
204
199
295
115
115
294
41
2
117
197
168
11
281
118
138
91
26
187
103
209
190
108
182
123
188
194
81
172
339
64
1
106
418
1
91
80
464
16
236
61
89
288
3
262
3
202
361
103
204
302
699
267
78
146
151
63
179
541
678
189
116
4
241
73
344
296
528
356
7
488
479
357
537
207
492
1
255
156
270
404
510
178
344
542
298
212
75
539
348
552
351
455
179
345
241
332
23
558
443
29
218
84
317
242
390
355
144
250
238
256
112
342
288
2
389
374
386
1
29
312
146
353
448
210
211
140
245
128
82
467
362
129
244
283
387
165
126
214
291
58
54
366
463
385
389
189
12
97
180
7
4
177
83
475
105
67
171
43
253
344
284
75
104
351
122
246
89
42
221
89
94
74
477
131
74
179
423
175
205
292
477
91
218
296
97
45
132
331
108
272
359
355
163
493
331
150
413
150
188
475
561
259
351
181
132
178
241
50
141
328
140
420
242
243
115
320
55
294
360
526
388
49
437
1
531
148
294
293
177
410
416
210
366
50
232
209
388
293
239
308
60
161
1
437
143
460
298
442
1
96
198
296
87
292
340
271
238
379
73
304
87
274
331
358
171
151
283
368
181
387
85
101
289
264
141
268
375
150
48
89
167
121
267
56
249
243
119
297
45
220
1
386
226
303
304
207
385
129
13
386
1
296
237
335
182
523
299
10
189
193
229
228
224
334
183
407
294
217
223
106
376
198
65
15
106
270
223
444
12
176
174
282
53
109
177
39
63
446
64
116
121
188
178
153
15
125
376
306
125
48
70
215
253
286
424
176
109
190
214
269
285
181
14
134
281
1
368
119
101
151
112
152
87
1
35
138
443
2
137
330
325
33
218
160
257
35
200
174
151
127
11
248
375
51
338
128
247
253
70
252
61
207
104
208
116
149
103
38
175
96
200
92
10
270
150
161
139
15
87
411
154
353
272
44
208
149
271
67
278
483
112
276
247
334
425
63
8
2
289
429
311
224
34
282
202
422
87
110
236
76
147
144
120
264
102
54
401
269
175
178
219
76
90
40
289
2
131
115
167
125
207
174
122
101
179
187
220
35
261
129
169
179
295
332
27
120
19
37
28
144
314
240
107
267
15
302
82
183
83
214
335
1
213
162
190
135
128
105
182
71
68
207
140
4
5
93
135
2
272
261
108
9
152
260
193
235
65
50
270
1
212
1
5
97
186
198
230
229
78
420
143
330
232
234
75
112
74
68
232
64
233
178
284
49
4
333
161
435
173
257
299
330
107
332
430
413
67
56
192
33
325
446
213
345
43
198
48
439
2
32
421
289
214
455
261
46
362
261
47
158
129
1
101
204
160
194
429
102
159
371
485
36
502
522
2
519
10
126
313
467
512
398
159
147
241
154
98
526
193
359
116
104
135
399
90
305
252
307
2
202
441
304
1
116
268
229
77
276
276
260
158
179
200
165
90
404
332
125
489
109
245
234
235
100
74
140
53
187
5
275
25
184
326
193
202
145
319
37
87
160
285
388
720
562
437
297
284
225
186
82
760
277
182
203
415
427
334
81
273
436
431
304
210
296
2
295
365
124
248
361
545
247
95
33
34
206
479
62
362
301
87
290
194
180
220
147
192
119
375
207
105
329
227
431
180
226
152
525
588
139
116
140
255
17
27
66
346
650
324
212
238
241
222
228
321
91
498
370
243
203
283
439
574
441
135
65
227
104
261
309
308
214
2
393
121
479
243
307
173
77
252
380
145
409
11
344
452
270
102
82
449
441
259
93
633
549
7
98
228
635
634
554
107
337
433
338
550
285
262
2
242
213
1
262
583
444
443
369
204
663
1
407
236
235
239
513
144
413
336
469
3
224
132
1
298
372
1
563
380
562
133
381
523
81
100
329
64
349
181
293
29
110
133
56
136
189
74
1
159
81
121
1
93
318
94
40
239
34
139
47
73
297
47
1
171
193
228
158
90
429
92
194
431
227
350
114
466
168
148
394
622
145
126
146
396
116
121
182
185
22
238
246
282
234
256
31
20
68
257
47
133
150
276
1
205
206
17
86
49
83
206
119
1
130
184
259
61
419
115
25
250
246
25
213
90
1
429
428
385
206
321
377
380
117
463
128
243
231
282
14
203
466
277
297
407
408
145
272
123
149
504
280
154
160
124
437
421
8
228
229
151
629
87
47
216
570
516
217
218
219
140
130
131
355
264
370
295
262
238
1
6
75
371
36
365
159
251
577
110
162
111
195
271
275
197
286
192
293
289
49
268
96
92
347
277
25
241
53
131
252
201
331
4
199
136
71
108
193
315
194
106
22
188
93
130
130
334
139
247
116
335
523
223
207
2
18
16
190
111
186
192
51
138
301
2
189
9
161
7
49
129
47
124
111
86
78
33
224
66
161
246
280
163
164
25
60
24
195
274
75
1
207
45
573
242
243
228
213
216
568
471
404
141
194
376
296
114
212
160
383
116
397
65
122
327
120
487
162
55
414
206
104
239
256
419
93
347
441
276
340
38
357
87
254
131
450
360
315
140
263
222
305
168
301
18
354
431
358
234
14
225
107
343
346
450
287
78
76
453
528
388
527
151
256
581
163
298
141
31
440
171
205
612
7
235
110
275
210
107
323
1
104
33
118
294
166
234
21
277
76
13
207
187
188
298
253
83
186
1
160
76
360
328
327
62
338
434
276
117
32
218
311
79
229
7
442
35
69
196
361
230
117
161
207
152
359
160
190
55
107
58
365
90
37
377
299
30
102
103
48
6
98
168
74
253
234
332
462
104
247
69
307
461
356
269
338
26
40
281
299
611
130
130
409
424
164
134
180
215
1
160
246
12
311
245
157
485
90
163
257
284
381
306
10
262
544
424
64
100
307
430
165
121
6
187
259
70
173
164
243
249
82
301
1
170
203
338
158
31
124
196
166
105
43
315
130
206
276
278
380
343
23
1
347
254
255
256
255
225
69
240
74
243
160
105
344
263
449
250
140
94
67
80
121
185
23
109
253
244
276
79
115
330
85
262
178
80
63
25
138
316
130
180
461
273
88
463
329
20
206
407
324
95
1
325
123
226
308
307
185
89
7
193
254
104
179
294
367
280
63
406
1
179
253
280
155
170
173
134
135
136
387
438
113
285
138
294
295
344
172
407
470
1
232
1
66
599
230
298
111
182
310
193
168
409
480
155
143
244
25
247
292
216
150
315
270
251
604
248
425
399
462
117
387
112
8
1
402
616
480
615
315
233
410
471
307
2
598
351
177
352
3
261
353
208
487
324
357
277
319
237
166
107
438
1
130
294
260
407
170
38
157
15
188
187
198
191
125
261
262
337
260
150
204
260
208
23
34
59
1
103
374
60
487
488
118
153
1
505
85
184
266
265
1
136
299
306
229
95
170
267
266
82
42
367
152
269
95
19
222
68
365
1
45
131
199
276
275
364
234
230
334
68
359
45
61
223
222
516
711
710
268
293
299
112
174
285
112
380
379
1
335
167
279
79
182
294
280
346
358
151
49
1
294
364
222
223
516
171
38
479
60
39
240
292
377
225
535
161
388
35
180
84
285
454
85
1
606
391
286
167
243
303
416
695
302
318
166
76
432
431
1
530
113
95
57
420
168
105
284
245
2
240
75
356
490
609
441
442
613
131
121
299
387
64
87
315
512
640
306
2
252
1
58
199
297
338
190
191
87
1
681
184
276
367
63
319
183
247
182
165
262
292
19
127
169
72
42
2
296
198
424
129
7
21
509
28
169
502
127
98
184
3
176
432
259
1
448
24
142
249
143
46
206
250
643
304
144
220
432
261
406
2
103
461
212
221
116
165
117
693
47
73
196
326
210
145
367
1
55
493
292
204
146
105
285
62
353
152
64
230
684
45
43
44
75
641
291
191
640
331
1
318
132
268
59
406
1
140
402
405
379
259
136
541
121
139
337
390
647
689
16
240
164
169
90
167
310
77
279
170
284
91
713
211
97
44
72
140
362
401
464
195
219
473
86
91
357
332
87
5
419
177
342
81
205
488
411
499
37
238
616
33
137
1
398
709
47
324
41
239
43
48
619
45
359
343
45
547
549
164
576
234
360
480
134
358
273
133
509
120
404
298
87
412
145
431
211
328
97
305
292
1
113
178
712
180
209
416
306
97
535
374
258
257
49
1
343
165
479
2
449
295
176
292
324
281
403
55
422
106
71
237
421
1
605
277
606
450
491
422
165
337
82
178
203
246
61
297
332
291
99
494
104
409
62
305
210
150
355
44
298
62
80
348
203
111
148
142
141
242
313
307
147
160
2
250
71
207
144
42
477
136
113
142
71
5
61
512
161
471
190
284
387
217
341
335
281
75
254
7
162
9
528
452
547
390
214
307
173
158
334
1
105
96
120
215
201
315
587
110
110
4
358
307
24
91
275
361
88
194
55
226
71
115
116
201
225
378
95
120
45
163
303
49
261
1
104
147
156
315
299
4
316
53
1
307
169
121
166
261
183
88
168
5
232
180
40
117
205
163
47
249
26
190
354
151
182
70
318
172
214
422
229
34
240
4
112
145
54
146
43
171
203
182
207
32
224
315
14
33
1
93
249
215
94
46
217
248
155
100
104
32
159
386
209
55
1
4
199
197
4
309
201
64
253
165
2
110
167
203
187
304
283
36
450
96
183
350
1
397
329
384
101
223
29
245
184
159
160
187
158
234
244
61
49
244
11
242
128
202
1
31
156
450
264
1
218
219
329
1
185
213
219
184
166
93
330
187
295
36
130
388
138
312
311
203
58
256
226
202
435
1
117
181
2
254
152
150
348
331
74
284
169
250
1
308
409
408
214
221
388
307
215
246
399
627
377
94
387
177
131
340
633
482
485
228
50
392
169
204
337
125
106
379
176
308
456
538
8
291
1
555
426
425
37
191
255
190
553
182
309
380
2
381
173
216
555
1
151
228
292
73
398
532
531
149
228
200
229
221
443
306
1
481
209
265
161
66
263
66
272
90
298
91
344
642
642
416
205
363
364
576
373
115
557
314
182
246
68
3
110
188
55
225
275
106
229
133
67
37
116
62
162
476
475
161
83
336
250
331
1
40
167
202
399
353
591
1
538
274
94
64
426
86
355
404
251
252
294
142
37
113
290
216
621
200
199
97
616
143
89
2
321
4
693
360
128
262
87
91
263
93
88
350
242
140
492
386
117
285
74
167
50
257
261
262
321
135
475
367
199
2
72
3
510
202
311
198
374
62
146
1
329
153
253
118
223
437
391
222
123
101
584
559
218
235
150
2
580
532
168
36
360
267
237
344
218
75
138
387
374
239
126
30
438
106
224
255
381
246
142
74
115
378
333
228
319
146
251
446
154
393
1
74
126
320
127
64
38
265
227
75
321
81
2
382
27
307
242
214
213
171
79
188
84
213
309
45
236
46
16
47
240
225
433
2
129
430
204
261
178
401
1
234
174
167
281
75
72
227
223
1
279
95
1
54
48
226
121
170
6
293
229
296
224
78
22
378
379
235
169
244
105
68
113
165
167
23
254
127
176
129
167
127
106
92
219
199
198
193
347
48
34
160
253
1
39
149
223
253
124
22
83
81
173
247
8
1
198
20
99
439
27
246
174
195
196
197
47
226
75
369
182
4
264
80
225
1
270
77
271
3
1
196
245
76
75
164
41
78
131
80
184
12
173
119
39
54
31
92
53
129
112
49
172
105
18
2
20
4
23
54
20
17
93
115
50
18
38
5
35
19
42
86
13
43
85
10
2
33
62
44
24
32
1
20
20
45
74
65
34
37
32
22
41
20
115
82
2
40
61
30
72
2
14
39
32
5
4
43
75
3
50
15
49
62
42
28
26
69
56
77
39
23
9
42
45
82
74
27
73
56
37
43
38
56
80
29
7
23
24
36
29
35
75
51
71
70
43
5
23
23
91
52
1
28
52
54
172
18
161
2
109
61
35
71
145
168
39
274
208
100
10
99
65
101
85
1
263
58
13
59
70
35
152
179
151
89
83
27
194
86
56
14
56
55
173
3
1
32
196
122
33
149
121
29
91
139
131
150
149
46
125
85
66
181
311
252
151
78
4
32
156
280
192
144
145
14
152
195
117
103
216
63
29
50
138
1
14
19
133
41
166
55
119
78
120
186
321
22
64
65
199
291
233
253
227
297
122
188
205
33
59
55
130
85
130
72
76
128
38
215
156
59
11
54
74
134
181
15
49
23
87
17
68
86
31
66
179
127
52
94
4
85
24
29
58
49
53
23
34
75
89
25
49
87
118
115
150
90
24
213
62
65
44
214
177
1
104
257
1
56
129
151
33
46
45
204
120
216
86
113
186
136
96
84
206
87
4
60
368
282
47
250
83
27
227
152
314
78
48
46
368
372
284
29
235
4
127
128
84
3
175
314
23
60
58
34
41
81
102
28
1
181
89
97
129
4
214
300
1
125
2
82
95
127
54
75
80
97
162
3
140
141
105
7
72
149
202
71
39
159
90
172
53
239
58
40
59
53
87
95
159
33
87
96
203
229
337
45
12
46
184
156
76
147
54
183
105
107
37
30
19
57
68
58
31
29
12
48
94
128
36
21
125
36
44
13
46
10
82
170
50
46
101
51
44
3
117
1
1
26
113
98
99
130
1
1
238
95
224
17
136
1
156
53
163
113
1
123
87
124
170
34
87
2
62
92
32
46
17
121
86
62
32
11
168
40
112
41
236
98
100
28
17
69
91
5
254
1
208
145
89
113
254
134
96
72
17
77
192
217
201
62
264
145
152
281
83
2
217
214
131
1
108
43
146
108
23
85
155
133
51
80
20
79
47
178
121
88
1
43
171
88
108
89
131
283
284
64
2
47
136
135
176
39
76
54
70
41
21
53
93
2
9
25
39
31
15
46
24
1
3
1
63
129
21
73
51
39
1
73
50
103
9
13
19
64
36
49
38
63
83
19
21
1
14
71
5
120
13
36
74
121
108
40
97
129
78
110
68
64
35
21
2
106
52
1
109
121
31
138
71
4
115
142
108
139
35
34
134
50
44
42
77
126
157
88
103
152
32
80
17
107
112
151
230
91
91
52
170
18
7
120
1
33
1
34
139
88
121
108
65
45
222
78
67
20
66
62
77
153
259
164
1
5
9
169
21
68
140
85
30
83
77
138
139
218
24
29
50
193
162
167
112
178
232
57
164
165
151
206
46
91
90
47
153
110
211
114
74
69
112
35
4
135
148
137
71
136
87
134
55
120
153
154
85
96
147
236
80
24
25
81
10
37
19
43
66
91
105
62
66
40
157
21
204
177
106
180
147
62
1
90
146
34
71
39
113
74
108
109
114
75
125
17
73
49
19
50
94
1
165
66
49
113
121
173
159
80
86
52
44
47
52
40
39
87
60
109
59
168
138
19
138
91
77
97
37
177
18
30
5
103
29
135
61
34
66
147
139
1
214
84
101
192
2
214
210
100
101
60
193
174
4
113
173
92
1
106
150
63
145
48
136
185
101
9
77
20
246
100
14
29
270
133
49
31
32
95
102
136
140
34
124
21
9
33
102
1
2
17
116
57
117
14
15
44
22
83
120
30
28
8
81
117
90
170
52
121
69
136
199
4
21
39
46
150
198
153
175
108
49
109
150
245
273
114
71
76
117
116
89
67
247
28
80
131
184
156
53
83
124
153
68
26
32
29
34
3
30
35
205
202
131
83
146
113
82
121
13
68
29
112
31
105
106
50
1
138
39
136
89
51
68
53
104
90
84
140
78
16
1
30
79
95
59
107
188
189
57
37
13
86
70
19
61
42
94
56
59
68
57
93
15
7
11
44
60
5
20
55
57
28
70
4
157
130
81
21
53
52
5
87
105
139
85
104
48
311
262
111
30
29
13
28
87
47
78
32
216
50
134
85
85
180
111
68
1
34
35
246
2
245
88
102
31
27
249
164
95
4
195
172
77
200
71
50
351
270
105
309
84
1
82
308
54
122
26
83
153
174
328
124
216
326
40
229
344
380
152
214
158
47
205
234
281
181
28
182
24
116
229
228
61
62
152
36
139
1
168
104
2
196
2
1
397
243
90
158
195
201
257
50
55
353
355
8
378
209
263
148
54
232
386
140
80
215
48
387
233
152
184
88
356
462
96
74
52
378
395
180
88
158
233
141
115
62
151
61
225
306
1
202
52
201
455
163
323
471
41
78
481
3
65
211
277
192
194
44
210
469
233
106
248
116
79
114
43
357
377
363
262
134
291
131
14
68
364
214
360
67
277
769
646
279
122
396
24
393
277
4
173
263
379
276
341
104
14
293
8
135
17
389
182
284
547
162
1
415
210
132
457
482
112
337
414
261
135
519
479
318
655
1
1
58
317
260
149
141
5
1
328
322
137
143
5
142
413
549
65
383
3
164
361
225
63
248
99
325
241
322
160
108
119
400
389
538
117
52
105
279
240
214
49
321
259
316
29
292
169
1
298
102
96
271
155
247
210
175
455
233
250
251
12
208
368
14
318
3
220
307
1
306
408
141
3
163
245
164
199
443
79
222
53
149
152
269
147
615
425
251
414
125
116
603
107
190
533
1
392
523
246
267
288
275
264
397
469
29
226
510
104
201
336
203
68
46
305
788
293
73
114
373
426
17
402
404
403
164
139
410
387
124
182
421
420
195
408
208
106
232
116
196
205
163
129
354
274
34
191
166
227
132
151
241
10
497
168
86
288
1
392
161
264
36
38
224
378
1
335
140
1
182
186
201
377
165
164
188
26
20
85
196
123
20
22
120
2
99
105
114
98
112
241
257
1
13
328
166
1
43
236
188
161
62
177
226
66
38
3
160
188
119
69
365
69
360
60
112
196
446
189
60
220
160
129
120
125
361
386
319
169
85
197
167
67
145
217
314
315
322
116
85
112
373
46
202
343
139
39
210
327
208
30
2
86
6
1
198
101
1
104
130
301
58
88
100
4
151
3
93
223
55
91
3
287
102
141
1
93
1
289
31
83
177
71
203
186
63
371
174
179
3
29
101
30
362
102
21
119
297
186
347
73
8
162
41
186
228
177
109
281
329
163
96
30
32
308
310
109
237
176
110
141
19
178
177
35
195
254
132
381
2
120
121
58
225
179
296
337
224
249
526
437
132
185
148
372
102
407
520
259
260
47
79
234
235
3
54
79
274
275
133
240
114
49
33
189
232
90
291
87
204
304
2
381
208
114
508
38
127
154
293
260
158
9
157
85
259
238
83
79
267
439
103
175
17
10
254
62
172
52
395
61
182
286
77
19
5
167
334
101
183
167
228
302
229
92
227
400
83
473
319
318
381
345
63
1
229
44
19
167
87
157
52
1
79
310
1
222
666
406
133
223
184
355
183
445
132
406
1
96
330
204
290
1
126
329
502
624
111
238
540
239
541
296
480
176
333
1
391
122
4
506
116
231
511
120
171
441
266
181
315
372
408
88
43
309
360
361
235
234
8
504
507
517
504
1
2
448
119
154
351
282
244
88
299
25
290
158
201
215
479
145
189
242
145
353
69
176
256
180
73
116
186
255
338
1
163
162
48
49
99
128
273
320
210
98
143
127
227
295
169
278
1
134
346
169
217
2
491
724
321
72
376
167
84
438
622
472
406
408
489
270
1
58
2
676
57
676
677
56
398
36
390
200
382
334
219
233
250
249
119
177
53
277
405
286
73
303
162
688
9
581
354
130
287
359
72
690
123
294
1
253
102
110
693
439
567
437
242
53
309
114
267
93
594
199
580
5
200
327
583
295
1
549
128
649
651
105
100
1
1
575
3
76
576
75
67
315
121
1
329
330
1
142
270
507
531
144
90
190
268
594
124
369
294
295
34
105
103
397
652
69
105
160
396
255
85
466
481
70
274
106
168
278
61
202
248
128
217
85
76
589
108
52
447
130
458
572
3
289
408
158
81
247
464
140
290
384
462
461
117
449
301
528
446
235
1
178
294
552
351
29
301
149
318
26
366
222
1
256
191
37
214
82
536
276
111
455
7
457
566
295
259
473
225
479
311
26
302
128
464
150
163
415
178
269
181
711
126
4
1
262
68
166
55
238
303
290
76
155
98
244
83
205
408
255
124
222
1
1
126
386
161
181
528
531
106
341
478
58
487
182
246
181
107
179
3
3
41
179
247
85
139
249
140
83
4
258
1
449
262
319
252
386
109
234
79
488
335
181
184
344
85
66
2
55
245
299
520
115
115
496
653
265
71
326
152
307
304
70
388
255
317
335
692
307
1
526
227
138
468
563
354
52
673
355
32
25
90
301
209
289
298
31
325
104
134
232
148
574
61
153
409
269
254
127
385
485
140
92
330
251
250
288
666
220
591
222
30
315
366
1
64
194
289
505
3
204
253
172
148
217
243
157
263
233
89
343
195
227
198
1
308
66
2
309
307
271
170
67
194
348
38
112
206
148
231
104
147
1
141
2
205
100
140
37
77
170
223
259
85
228
131
280
36
1
354
101
31
156
115
331
234
22
209
125
56
349
96
324
39
1
95
281
138
22
190
85
178
46
269
123
177
189
41
134
457
139
460
551
459
228
417
109
207
172
217
285
189
187
11
139
1
2
308
335
128
155
432
9
277
474
94
208
209
228
304
683
167
612
170
102
140
141
305
115
72
5
71
238
190
234
237
277
13
175
41
333
365
252
58
22
246
211
99
464
19
345
44
167
98
350
101
65
340
1
45
210
1
154
39
141
2
219
52
1
336
116
252
1
66
211
15
99
107
171
145
304
112
196
276
171
84
351
106
283
89
271
95
101
94
229
208
173
65
268
270
183
1
328
159
176
182
7
146
190
262
215
28
106
212
424
177
2
76
123
354
101
346
113
114
222
1
520
172
592
227
519
173
69
157
225
72
362
373
206
26
387
430
306
143
433
104
2
319
60
399
136
260
57
249
92
41
332
538
156
229
292
226
153
294
61
1
289
394
382
246
147
308
161
242
122
106
439
525
186
132
10
422
158
306
246
412
137
413
393
383
142
275
116
111
80
440
195
372
480
254
414
257
104
270
179
164
407
220
251
304
1
72
647
3
80
334
150
75
190
444
275
64
99
200
164
139
381
123
75
222
391
193
349
312
131
274
65
13
238
98
342
101
66
252
100
31
126
346
77
537
4
25
109
204
337
203
105
226
79
197
315
40
228
67
149
257
311
161
178
485
206
339
196
394
1
428
115
427
188
205
269
143
338
515
151
172
93
266
51
33
328
62
294
233
85
445
170
277
379
171
346
217
311
253
3
220
254
255
2
341
327
248
15
508
199
171
1
90
234
589
326
421
167
209
392
291
161
393
308
308
183
302
313
546
500
12
292
510
149
255
256
33
255
2
335
55
464
238
288
230
325
258
115
192
379
8
11
37
135
4
182
338
240
425
301
527
154
198
1
329
48
528
300
243
326
218
203
1
522
331
175
57
28
205
349
125
256
96
222
1
223
374
100
31
92
117
10
327
9
1
320
575
142
152
153
560
579
179
168
240
1
307
260
3
391
231
573
336
54
422
15
325
421
445
665
105
9
232
104
189
60
387
144
390
37
525
221
5
579
83
197
218
217
216
308
259
124
449
152
258
127
278
101
199
468
192
47
1
610
257
8
347
51
145
191
247
83
15
183
10
466
473
678
468
212
41
383
468
578
536
259
266
385
174
445
358
323
357
186
66
300
335
177
126
302
234
368
468
70
133
93
91
64
230
224
223
396
418
97
258
405
282
360
260
278
24
2
88
1
335
337
3
158
303
316
309
12
57
167
1
2
317
482
226
305
259
142
483
225
38
55
322
85
464
211
438
55
34
65
386
139
210
313
209
83
6
195
1
456
455
243
1
496
194
23
210
80
572
45
403
100
273
205
402
112
64
298
142
221
390
237
124
185
2
157
122
233
50
34
219
309
231
423
331
118
34
362
147
46
110
84
144
199
51
25
151
224
107
105
120
10
240
140
77
76
228
227
112
151
468
388
229
193
38
154
200
385
37
233
175
54
109
171
316
573
101
172
258
182
173
485
34
181
493
128
201
527
94
88
344
87
169
295
93
256
257
272
77
322
273
394
12
141
3
57
50
1
307
163
350
222
138
116
209
70
203
478
339
371
479
190
143
89
257
117
70
256
75
245
471
241
92
396
316
153
370
196
75
183
77
471
164
261
27
102
141
142
110
97
166
305
427
220
98
9
94
105
200
53
21
122
143
1
15
9
88
121
157
10
73
71
253
136
120
295
216
178
140
186
18
175
336
97
287
286
79
16
141
189
238
81
241
227
22
274
228
229
91
147
167
252
157
169
21
109
234
13
165
284
56
428
175
152
93
184
128
462
113
318
64
230
62
76
1
254
127
150
196
271
32
281
33
280
195
180
261
115
177
226
401
225
255
169
109
294
29
229
205
43
37
163
58
161
73
177
174
321
1
122
148
105
1
163
284
139
60
69
59
80
90
98
39
40
36
117
261
58
171
80
65
166
125
108
183
59
61
302
301
95
198
199
76
10
146
145
152
125
54
144
106
5
6
2
215
199
1
134
178
36
194
91
51
107
150
3
315
265
38
254
262
122
392
1
160
124
175
138
255
277
99
220
152
127
218
367
90
231
101
301
302
248
251
120
100
109
304
274
265
59
106
154
52
154
191
7
395
558
393
457
66
64
132
11
393
143
223
205
407
182
332
183
198
120
406
14
301
219
87
148
211
193
405
1
198
227
410
63
49
360
67
146
267
108
187
189
110
142
174
87
278
9
88
133
57
205
263
215
218
28
181
236
393
597
178
396
16
193
202
388
578
1
190
142
352
112
4
388
1
481
209
122
332
1
309
459
1
296
204
180
371
310
489
164
562
78
202
652
1
146
191
190
166
293
290
481
290
29
192
65
188
294
481
71
220
344
138
549
289
128
288
187
270
580
157
68
164
1
160
350
283
174
115
110
101
175
176
219
258
1
427
2
338
447
237
100
333
330
446
77
315
283
2
565
62
226
353
193
503
301
211
298
201
212
70
338
339
74
234
215
197
408
145
342
223
435
185
336
212
170
9
310
239
157
87
294
389
396
262
61
638
22
532
326
248
213
348
11
383
116
534
161
42
264
410
277
211
280
324
162
279
1
216
69
68
379
448
311
374
379
64
381
10
432
318
5
304
138
442
211
4
112
165
102
327
157
101
84
151
47
51
192
169
267
196
137
42
212
59
130
331
179
184
238
55
234
125
265
269
275
66
19
18
274
204
401
206
93
441
111
191
306
129
134
250
237
135
237
387
391
84
389
235
237
33
423
256
116
459
321
186
5
152
356
536
80
305
132
81
129
201
281
32
24
216
602
110
285
278
137
606
698
29
21
219
578
123
61
402
56
198
23
412
380
1
242
1
555
279
422
321
93
290
1
481
480
613
334
410
202
389
160
198
251
348
203
51
144
278
145
196
282
108
121
157
203
177
103
104
89
30
310
46
20
212
159
96
291
193
481
250
400
305
384
296
130
150
215
46
130
383
31
143
14
256
385
242
325
95
184
232
244
55
542
74
89
637
563
95
279
353
65
79
450
626
699
374
371
254
156
84
82
449
229
441
38
180
158
112
678
269
464
395
176
215
58
192
109
518
528
108
143
367
52
262
83
256
260
93
336
141
69
288
1
544
132
131
215
177
298
392
178
324
231
341
109
15
6
253
386
187
449
26
232
386
105
528
191
371
192
208
66
1
233
110
227
284
83
122
164
234
69
213
202
187
1
208
1
275
149
31
196
287
173
89
66
146
113
272
121
78
169
82
61
171
58
212
9
60
165
79
211
120
95
203
58
1
12
41
113
104
54
191
87
63
95
186
229
68
141
187
1
34
169
228
217
5
125
152
29
91
70
429
150
351
195
122
447
78
224
195
1
92
185
83
8
27
106
110
26
151
55
14
130
19
67
22
82
18
86
186
132
1
45
6
191
66
161
245
88
230
72
54
187
114
1
46
67
16
111
126
41
57
42
59
78
127
151
154
2
134
47
49
80
72
79
49
68
153
95
96
15
136
89
41
121
62
176
67
40
102
5
142
66
105
73
72
46
75
47
105
78
44
48
90
51
27
43
102
106
12
19
64
1
61
82
5
7
146
147
70
45
141
139
97
3
98
96
134
158
249
105
133
2
242
132
170
21
169
28
27
4
29
99
216
205
187
82
48
90
184
39
52
51
73
58
90
54
51
34
41
4
26
106
118
122
44
210
209
77
151
195
38
32
90
100
152
129
264
154
73
143
156
118
25
272
119
72
386
112
2
58
58
115
258
1
163
96
177
26
195
41
134
36
141
175
118
48
92
124
125
93
159
115
112
32
240
80
99
13
101
186
85
117
21
146
205
243
178
39
134
61
37
231
40
53
194
118
1
138
75
69
33
6
135
76
3
109
16
93
216
106
115
98
32
4
109
66
116
11
117
1
78
26
49
14
61
1
49
64
50
2
75
79
22
119
58
21
29
79
120
44
33
65
72
79
11
82
123
83
145
129
32
202
94
113
61
72
65
58
28
2
215
185
85
1
86
127
38
65
81
29
71
124
41
18
64
259
80
18
182
34
227
125
47
107
74
151
1
247
99
107
128
89
332
70
390
1
212
24
43
109
103
157
101
103
278
363
259
340
260
257
75
177
364
360
95
425
96
206
25
101
433
330
258
1
1
205
184
207
87
87
95
79
5
72
184
42
109
87
57
239
126
226
55
131
430
227
94
590
2
1
340
256
453
230
258
451
447
1
306
200
50
122
96
53
154
52
338
78
288
105
285
378
206
101
356
184
275
22
506
194
122
415
180
377
206
158
208
103
293
49
250
415
209
257
458
417
168
3
506
645
126
385
175
239
332
240
403
444
132
99
161
134
104
312
310
1
82
160
140
645
246
330
234
112
461
330
341
139
331
53
131
130
200
184
147
27
97
460
456
147
299
94
21
247
123
447
245
20
271
188
143
275
97
520
153
6
480
54
1
279
242
8
270
270
1
271
466
84
262
278
288
1
123
346
389
390
204
143
1
44
137
134
255
331
233
191
231
252
451
3
230
380
1
383
284
202
4
180
329
134
538
160
162
161
68
378
377
48
138
155
19
295
1
449
199
263
223
123
226
283
119
264
197
131
106
218
219
251
252
626
408
21
22
471
349
120
24
28
327
325
328
146
355
304
118
195
125
298
1
178
36
533
30
11
210
1
552
497
246
439
85
332
189
470
440
390
364
137
44
272
42
11
41
139
238
104
29
148
111
34
168
241
2
58
51
140
109
285
57
151
345
176
175
177
96
149
250
31
290
363
119
175
151
63
289
300
32
406
465
2
267
464
21
195
164
44
1
11
343
99
60
2
47
90
208
120
82
40
167
197
76
207
11
2
158
85
107
167
180
128
171
40
70
84
20
106
87
88
87
74
33
88
87
14
132
38
3
103
84
44
43
192
129
217
80
111
41
110
80
147
26
193
106
145
109
167
187
273
81
1
189
1
130
48
237
30
129
159
64
32
82
65
50
30
171
80
51
128
62
29
139
141
91
43
77
134
34
81
2
47
7
28
81
38
134
74
53
102
119
163
54
44
78
96
128
44
32
60
34
84
88
51
95
55
37
39
161
200
57
38
100
143
118
68
43
218
66
111
100
45
66
67
21
95
74
56
133
99
18
98
45
44
81
45
1
1
68
76
222
26
108
215
39
146
9
86
21
198
87
116
107
30
196
1
177
74
208
49
18
70
48
134
197
109
97
52
30
68
95
121
211
193
12
163
189
190
181
102
67
175
217
81
128
248
226
173
42
53
176
131
89
45
217
5
29
128
96
84
136
262
126
293
209
85
167
86
47
10
180
293
354
221
102
442
323
407
287
88
322
220
221
84
120
35
199
80
264
410
184
490
111
226
227
142
207
163
48
252
65
106
34
115
89
90
150
1
32
34
149
39
126
55
2
77
87
73
79
6
127
10
117
11
128
119
71
93
9
140
212
146
22
41
54
124
242
89
18
153
136
135
130
7
168
1
271
6
212
103
271
125
151
1
215
320
404
345
161
190
106
84
214
59
168
102
14
231
277
184
66
250
93
116
157
97
262
217
273
165
122
57
45
117
43
46
169
162
123
7
83
90
36
160
54
141
145
146
101
196
95
160
65
40
110
29
5
126
87
151
152
106
277
2
62
171
4
208
112
212
96
223
90
108
64
99
65
109
116
123
34
127
372
239
245
248
22
225
313
133
19
119
141
3
152
157
309
53
158
100
239
236
81
109
105
317
339
214
208
267
242
211
6
204
171
56
198
443
111
62
84
133
213
468
480
375
297
245
396
78
251
22
139
229
112
138
20
3
322
80
1
221
380
135
222
474
380
1
223
81
274
203
94
369
149
185
71
245
93
184
130
114
224
244
232
147
367
12
338
151
1
332
85
323
238
650
514
206
261
412
418
225
55
185
78
411
297
379
333
159
173
14
39
25
200
333
394
61
526
165
91
193
24
630
392
256
465
296
136
432
102
217
362
1
271
335
126
606
145
361
62
193
263
280
312
553
456
238
518
148
151
241
397
145
311
388
73
74
97
156
252
210
602
305
93
392
197
451
529
297
53
589
401
212
244
456
238
358
428
13
250
70
120
180
179
98
457
484
370
415
82
211
526
315
314
56
355
370
299
136
338
425
91
483
56
184
55
252
476
117
224
134
334
444
220
75
58
664
256
224
369
46
102
289
99
536
293
38
252
187
17
65
255
353
223
358
190
392
443
336
2
67
291
576
30
71
107
546
135
1
483
81
209
278
545
402
274
101
129
136
7
150
143
375
141
329
502
4
85
188
174
576
324
141
1
405
402
498
96
143
3
36
374
338
40
375
41
289
28
1
146
339
575
8
485
183
295
89
142
224
186
643
478
82
583
410
93
506
501
457
295
1
503
165
162
171
206
330
377
2
274
103
342
451
272
109
204
614
150
41
561
308
36
410
323
354
253
95
207
252
57
539
202
287
87
282
114
365
506
24
382
482
338
259
137
62
79
228
188
254
137
325
251
117
350
368
250
371
99
118
199
81
61
131
166
142
307
1
308
230
309
247
116
353
229
62
131
192
69
307
363
61
238
229
119
33
105
168
245
1
5
86
75
197
279
138
80
237
1
104
1
82
236
117
141
1
140
77
121
98
82
116
53
27
221
54
115
16
133
275
25
129
240
32
45
208
200
100
108
4
63
158
177
269
300
76
356
92
55
261
37
135
208
207
104
314
1
324
325
94
104
315
125
10
190
1
4
198
107
202
150
103
47
167
169
171
226
99
112
2
59
158
135
110
35
75
53
198
73
121
66
65
7
55
1
57
58
115
29
112
26
73
125
71
65
111
86
46
25
74
143
99
69
52
17
54
50
1
104
67
125
37
24
123
104
48
110
192
19
152
107
80
31
62
63
89
45
22
1
23
107
2
134
105
136
103
60
27
196
31
254
97
18
223
49
43
30
157
109
46
13
100
115
117
35
15
99
50
51
49
194
156
48
12
50
2
74
38
204
124
91
109
72
215
112
3
52
143
181
99
38
82
1
7
75
11
76
251
68
83
91
70
100
183
135
7
8
140
142
91
40
158
49
133
131
76
132
102
161
26
118
170
109
37
223
52
49
146
97
63
186
33
249
103
171
143
28
147
78
119
194
85
69
174
178
9
242
279
4
62
187
347
249
106
133
98
231
41
124
233
272
186
147
39
37
134
65
48
69
37
66
113
103
3
29
179
76
4
106
16
110
26
126
100
103
150
3
125
1
67
47
122
20
123
19
124
161
187
103
104
3
109
14
145
81
146
28
136
64
69
64
209
140
65
118
18
100
164
21
83
29
110
166
29
121
97
101
63
22
30
64
38
63
94
26
22
1
25
24
16
61
8
45
65
77
2
12
39
53
43
12
79
40
103
53
31
131
36
68
124
58
30
59
88
183
124
100
30
95
24
143
27
13
70
22
83
92
9
10
82
145
87
81
63
14
37
18
76
18
33
58
94
65
29
15
36
28
48
8
12
16
23
16
14
7
2
15
32
17
24
17
33
4
7
12
19
24
9
7
1
5
11
1
8
3
6
14
15
3
1
6
17
12
2
14
2
31
24
12
16
21
38
40
17
23
7
1
36
23
37
16
14
14
24
7
12
18
4
17
13
25
36
30
12
14
1
34
24
13
37
48
67
80
24
11
15
40
10
9
20
11
24
17
55
9
3
92
9
48
20
6
20
26
6
11
5
7
14
15
11
25
19
20
7
26
40
6
6
26
20
39
4
40
33
36
5
48
7
12
43
39
60
27
89
26
2
109
18
30
55
27
28
22
4
33
1
107
100
43
91
106
38
131
35
87
86
68
25
6
13
31
1
48
46
24
39
32
7
32
23
15
56
1
9
57
7
51
145
1
24
42
64
25
42
41
38
4
34
4
12
34
16
1
15
22
37
25
21
22
4
15
11
16
118
26
103
27
102
41
64
23
147
124
1
22
140
44
54
27
96
2
33
94
63
35
116
179
28
53
207
143
97
55
121
156
46
40
119
179
35
79
87
219
178
131
34
166
93
47
140
23
130
97
35
117
33
3
165
133
91
68
101
79
200
168
28
6
51
87
88
6
82
140
70
174
88
16
134
104
103
54
86
54
1
140
31
14
55
147
75
115
60
157
45
56
47
72
11
190
4
61
186
156
27
97
65
60
159
9
125
134
97
29
69
43
73
56
96
98
139
1
99
17
180
23
19
18
137
161
207
14
159
89
87
41
66
47
221
45
183
59
91
113
138
150
22
93
37
165
279
36
37
114
25
129
92
58
21
242
154
210
73
56
17
145
133
70
116
288
53
12
62
70
131
172
76
77
235
96
182
241
1
278
275
373
1
278
87
376
240
13
5
223
532
153
59
33
164
30
467
131
188
3
102
57
269
58
79
86
211
105
173
297
297
296
6
95
342
241
1
160
60
103
291
91
61
124
137
179
221
42
65
87
88
152
22
1
174
53
49
54
119
114
214
103
9
233
121
94
109
144
277
86
233
107
242
126
272
102
168
135
398
100
263
170
176
188
346
201
66
259
60
481
242
3
207
210
145
17
302
99
226
297
239
395
621
248
330
28
448
116
177
271
176
453
156
199
315
167
293
107
285
116
464
86
46
157
148
29
378
374
287
119
168
4
292
132
4
160
203
133
230
65
70
135
144
47
88
202
26
147
155
173
20
173
13
181
117
89
26
69
3
160
18
152
134
43
91
73
66
143
4
3
72
139
163
1
162
4
130
69
166
77
95
87
212
125
126
1
64
92
213
63
74
84
59
179
113
253
118
229
1
167
135
123
228
95
6
172
83
166
91
89
96
133
262
84
168
185
201
124
16
178
283
84
461
32
237
377
269
140
442
302
138
106
296
301
163
327
368
188
47
190
417
362
256
55
311
6
156
402
63
150
384
141
470
2
234
153
421
448
81
166
186
428
162
95
614
268
452
247
385
190
101
184
102
195
658
494
212
56
468
164
438
296
268
574
12
359
103
142
332
562
163
483
230
158
93
388
415
176
481
1
591
205
507
82
358
266
589
1
194
168
91
590
305
193
103
237
259
405
186
340
17
664
279
296
139
74
343
140
435
146
17
222
581
509
514
518
163
5
4
127
355
243
123
205
112
417
455
93
12
293
1
439
183
232
196
249
362
438
40
181
81
79
204
2
396
383
35
398
283
257
295
13
1
308
256
307
436
7
127
257
129
418
443
389
82
247
289
145
120
54
25
96
121
130
495
530
282
91
308
9
404
281
180
101
323
240
222
273
471
369
373
364
26
198
642
3
107
142
68
324
365
4
210
223
206
307
237
358
48
381
321
164
1
310
157
135
322
264
22
256
399
552
689
297
280
303
420
248
309
424
291
210
310
427
133
391
372
214
17
382
524
301
153
399
148
98
137
499
302
142
233
148
115
527
414
38
207
142
104
226
338
320
634
564
1
94
142
563
143
314
48
266
166
133
352
290
7
397
380
219
624
62
67
562
629
297
373
432
349
4
222
578
370
124
80
210
246
101
335
145
102
510
1
233
130
344
385
484
214
291
99
192
64
88
258
270
256
452
48
54
454
231
2
124
341
295
181
385
217
509
46
594
361
1
205
641
640
310
256
375
40
164
398
499
5
204
234
247
101
218
20
27
164
347
198
191
353
2
551
191
183
187
4
309
188
379
437
416
326
227
483
171
5
57
173
199
49
248
560
312
176
250
115
262
178
263
74
62
189
338
135
527
147
685
2
440
311
538
442
262
309
1
351
119
470
305
233
588
66
513
232
112
167
607
242
438
279
297
495
159
522
75
72
227
436
160
209
341
343
183
576
165
532
132
69
317
368
101
2
256
254
368
365
393
533
114
99
72
302
297
98
286
37
253
83
171
249
203
162
420
582
198
290
264
483
384
554
72
285
178
336
482
127
219
355
214
6
357
197
441
346
141
88
297
582
99
294
393
281
4
233
277
57
510
453
611
158
302
98
187
322
508
484
24
12
158
362
385
494
83
70
220
86
520
117
230
13
235
110
3
150
402
248
255
252
256
191
163
207
162
3
341
370
1
344
1
154
343
5
175
29
348
371
64
155
124
170
23
46
146
323
153
65
111
128
413
405
65
239
237
207
46
285
84
2
8
221
201
229
58
160
107
218
225
1
224
223
116
5
399
14
121
1
385
386
303
135
83
199
218
113
3
116
71
187
28
208
186
49
27
144
440
159
64
43
296
26
126
69
160
83
270
422
221
235
26
216
159
327
5
229
228
162
1
66
422
68
488
420
369
138
329
86
51
444
92
173
292
408
265
125
11
253
200
140
40
467
180
114
171
4
332
253
10
106
167
263
1
147
253
252
221
53
138
61
282
221
404
367
183
249
94
184
253
114
367
140
141
209
274
83
144
99
227
1
45
44
63
196
183
116
1
241
322
259
33
81
114
26
88
65
188
63
23
253
251
15
142
73
127
58
69
183
37
252
265
104
220
17
161
435
178
1
283
418
353
105
105
287
97
47
254
74
8
387
33
313
395
17
50
225
412
146
187
220
82
131
33
5
138
216
301
133
233
4
305
221
210
213
86
181
159
3
2
299
193
74
95
75
177
181
301
29
74
191
49
4
148
45
75
201
122
197
120
126
237
72
79
81
309
160
137
324
347
151
23
252
382
283
130
396
347
153
282
354
113
129
85
252
65
91
241
48
156
49
193
120
242
132
122
281
252
204
159
345
113
205
87
310
117
164
533
362
140
369
193
1
222
134
194
61
429
441
221
430
220
116
204
235
11
23
94
71
3
120
384
88
101
311
152
210
100
297
251
252
197
166
116
31
246
161
348
42
280
187
119
93
8
160
74
255
226
265
314
39
152
262
146
353
364
110
252
11
253
109
372
68
254
263
108
177
217
46
132
118
28
189
69
326
325
217
26
147
298
267
300
185
198
75
146
290
92
221
215
106
58
196
185
25
42
189
7
136
78
103
104
1
29
28
182
122
84
72
209
208
137
1
270
2
207
45
151
201
196
118
170
137
201
78
510
56
514
120
134
176
49
368
85
319
134
33
64
173
320
151
143
213
307
331
41
94
276
118
196
299
368
182
103
171
171
69
301
473
68
186
172
232
158
164
454
4
290
169
394
411
129
225
232
3
106
179
125
103
81
182
22
415
480
476
44
437
274
60
65
225
371
160
211
150
210
607
98
361
102
509
283
246
592
336
207
407
256
385
17
136
265
167
346
53
129
307
303
182
52
254
22
78
311
130
552
551
415
441
150
240
30
130
4
176
134
45
386
306
179
123
337
214
172
96
262
82
239
80
180
126
430
321
3
305
306
319
1
443
318
247
100
220
453
320
233
248
442
132
393
390
241
260
194
124
307
196
563
485
235
296
322
243
183
78
320
121
261
395
382
288
425
7
274
250
43
270
207
26
214
565
308
188
204
120
56
239
148
176
54
172
291
137
57
264
536
118
3
81
155
182
533
7
261
119
367
337
428
221
222
220
248
305
1
306
304
2
307
342
1
1
121
122
295
296
28
173
178
179
1
1
178
250
130
268
380
116
138
167
264
30
305
335
263
97
72
90
290
337
162
380
1
452
451
22
335
65
272
207
268
333
167
429
65
309
365
103
72
205
262
175
87
134
305
133
439
88
214
1
26
29
10
141
159
3
341
200
521
73
270
448
445
113
366
184
182
183
514
602
311
1
368
298
2
489
368
39
281
369
491
494
367
205
3
208
256
88
245
168
502
413
89
202
413
291
407
294
1
242
128
5
370
210
375
477
165
533
630
267
127
368
682
241
80
70
156
19
80
441
93
63
361
305
424
327
220
404
206
22
85
97
363
334
86
107
29
224
172
193
207
52
14
198
61
449
259
574
255
139
256
396
395
1
1
508
1
3
395
509
505
677
504
304
391
2
180
394
396
393
107
244
211
286
172
106
114
287
400
351
506
268
391
245
173
200
113
526
326
93
413
317
238
320
612
224
292
388
91
215
555
68
297
141
414
123
229
234
287
364
209
306
5
94
395
53
155
136
477
291
291
154
199
137
92
281
114
373
600
696
521
96
236
175
466
66
202
20
591
268
115
474
274
59
119
570
193
130
228
451
249
223
235
377
222
319
96
155
323
223
280
159
4
251
284
382
36
142
226
156
535
106
185
192
84
79
542
182
214
261
93
2
105
354
326
249
325
143
1
406
95
695
574
74
265
373
379
23
144
429
263
121
694
512
132
165
166
142
93
275
124
182
380
1
297
378
1
379
1
81
377
380
379
1
220
221
98
337
274
2
123
205
222
63
286
427
105
159
218
322
285
118
192
250
226
442
124
34
104
318
214
92
158
122
247
120
78
88
106
127
18
155
4
55
198
143
225
133
82
224
134
1
250
135
87
151
271
29
249
222
242
58
165
22
261
243
77
178
125
251
57
166
260
224
368
223
203
121
204
70
68
86
197
144
271
303
215
48
92
183
91
304
303
140
90
222
1
132
53
73
137
126
64
11
99
19
1
189
123
80
37
174
120
132
324
200
44
64
211
203
192
18
11
29
153
97
121
168
124
65
135
35
136
56
70
30
95
1
223
252
125
91
108
3
410
167
111
222
111
361
407
250
292
29
46
284
328
42
238
112
243
237
1
93
335
44
131
258
349
54
91
92
428
291
2
1
408
293
42
286
115
379
265
155
191
450
3
494
182
421
114
520
239
281
535
93
110
442
217
263
736
624
469
263
3
112
297
155
380
77
336
272
381
457
1
452
259
244
64
308
1
263
208
309
224
4
451
220
1
401
455
400
557
54
430
157
225
95
357
1
133
137
320
91
162
229
100
273
391
83
390
373
308
4
17
73
36
500
118
293
326
141
474
384
175
239
33
206
466
272
482
333
207
265
273
58
37
171
199
335
151
4
335
101
172
90
176
262
266
240
110
350
184
199
195
216
126
4
90
24
130
66
196
63
170
47
116
118
33
123
207
180
48
111
208
83
132
151
5
156
122
215
34
42
300
172
87
12
123
177
159
160
97
441
1
107
344
256
149
341
440
88
99
94
210
12
120
90
199
273
95
345
249
211
334
116
429
96
356
95
354
11
312
141
260
351
210
91
274
413
243
2
183
139
170
84
225
115
82
141
171
188
110
3
30
119
185
158
53
87
197
113
45
212
146
142
87
257
192
334
173
170
217
105
66
47
60
172
501
13
88
356
212
488
79
268
167
1
441
424
169
76
433
440
2
568
31
7
259
441
408
276
164
112
245
34
254
323
255
381
162
69
1
219
559
149
93
34
33
158
80
38
42
17
82
99
443
349
255
89
344
273
413
350
11
140
94
339
284
221
381
205
134
105
520
4
151
272
273
247
423
63
516
97
165
263
147
1
598
266
410
148
271
96
432
529
123
448
597
367
326
325
432
456
181
336
217
1
287
24
13
248
218
636
637
214
510
11
1
220
77
422
219
155
64
143
218
81
97
319
499
75
296
424
128
265
142
499
137
407
43
356
357
313
314
715
109
124
402
233
235
401
166
455
30
587
169
288
289
248
457
209
1
529
139
7
135
330
132
132
617
286
331
330
323
7
238
109
239
40
372
110
208
439
129
568
54
331
330
130
514
269
384
431
133
115
591
162
385
464
1
249
164
1
64
407
212
360
165
263
96
345
216
249
354
103
113
241
14
227
86
322
42
184
313
142
128
330
129
33
269
270
201
35
194
363
34
343
236
159
149
165
397
236
232
131
309
308
1
186
134
321
536
625
137
316
102
226
187
236
465
215
89
312
57
429
150
66
255
481
216
159
346
331
179
363
350
308
375
435
124
311
392
188
201
175
217
83
13
42
284
376
253
98
92
180
307
88
127
201
39
379
380
301
93
1
156
170
78
155
265
14
238
123
115
66
154
124
446
247
94
395
225
1
184
575
489
159
131
86
187
416
15
229
260
298
332
70
314
57
371
290
205
523
524
81
318
1
149
605
182
456
2
52
174
171
226
273
3
270
277
499
121
165
398
1
44
272
412
534
45
76
274
521
199
460
350
325
283
128
296
298
36
2
533
159
332
531
101
103
186
430
374
83
82
229
61
168
94
156
346
150
106
190
156
241
15
397
122
96
322
226
251
166
85
167
248
252
332
383
80
67
183
229
165
296
98
64
303
171
208
37
33
320
278
243
30
46
348
220
253
27
176
69
360
188
149
41
221
151
33
254
39
48
180
215
293
114
255
302
245
347
346
291
1
89
84
55
90
239
186
496
199
283
1
373
2
117
374
469
116
361
56
207
143
55
416
95
115
173
174
151
1
179
178
23
369
48
237
56
64
197
261
75
186
369
103
189
190
288
220
367
165
164
78
173
79
256
232
79
209
28
176
94
163
24
321
153
288
283
90
378
3
181
208
320
3
309
94
311
53
312
341
188
274
342
81
330
153
237
26
1
391
462
84
308
378
56
215
3
193
405
70
281
73
14
74
525
87
452
491
211
451
489
229
445
27
39
38
260
1
259
216
43
262
128
163
386
593
159
418
1
417
390
423
103
7
223
253
455
322
216
1
260
207
215
102
413
641
776
526
51
51
98
528
52
149
126
132
477
293
23
70
75
411
14
315
535
84
336
228
368
451
140
159
135
83
19
313
64
483
420
377
170
105
171
125
420
506
59
157
24
274
482
1
599
63
117
598
250
481
475
6
112
536
535
155
106
261
423
110
1
295
471
533
296
247
174
356
180
222
179
176
586
402
184
239
401
481
423
1
152
137
301
58
380
135
287
438
166
93
93
259
153
152
289
290
91
1
164
473
1
176
472
296
381
257
173
269
84
361
82
1
288
486
264
335
561
352
209
278
279
487
1
54
53
1
225
224
151
52
226
70
231
161
57
58
1
1
375
271
119
1
163
198
316
90
217
319
118
164
1
99
165
166
193
11
1
225
98
114
27
124
285
127
409
380
445
114
65
63
266
329
62
350
267
279
71
98
1
458
296
1
381
459
162
329
295
487
562
382
251
192
180
311
334
168
1
219
169
421
203
218
290
85
89
205
26
182
174
176
231
2
595
593
77
76
1
156
91
157
66
1
3
67
68
173
217
7
493
429
256
197
16
198
428
164
64
65
381
491
295
1
296
104
382
162
396
88
279
103
379
308
196
178
117
195
179
180
680
504
195
429
212
176
294
515
1
544
195
291
349
58
59
1
25
531
514
110
506
624
84
396
371
217
312
570
607
258
345
37
202
181
389
304
253
103
215
419
105
570
393
281
72
85
177
517
538
1
113
469
693
112
694
427
353
279
74
564
562
148
469
102
356
232
620
638
588
388
18
2
116
308
312
382
192
41
305
407
660
498
659
4
443
9
233
430
446
15
445
603
9
16
439
1
461
460
393
321
9
72
620
63
333
629
571
141
396
430
496
158
41
338
106
204
163
352
371
170
296
331
334
642
594
3
113
174
307
110
48
404
250
452
224
154
73
378
264
361
451
288
1
300
251
97
1
102
254
98
3
429
287
1
352
130
175
351
248
2
131
103
252
378
425
250
162
36
173
1
276
198
78
59
137
174
1
173
229
47
409
305
231
128
182
180
264
105
159
104
62
263
325
44
201
263
74
304
62
359
230
129
242
45
30
281
70
197
282
197
59
231
59
224
553
426
290
361
22
127
71
181
301
110
299
383
226
116
120
42
126
1
631
84
127
1
333
179
256
69
154
331
128
630
459
67
410
378
382
38
319
361
299
223
49
272
173
87
174
431
172
200
260
28
110
82
60
22
165
187
21
261
166
167
66
282
80
107
202
2
257
27
106
233
264
117
252
253
147
370
372
427
257
255
2
450
2
447
449
72
147
505
111
75
182
577
257
2
395
329
109
255
393
394
66
1
339
105
459
340
315
105
104
448
3
29
25
32
4
281
120
42
123
405
406
366
116
438
146
201
347
55
88
89
291
350
1
193
1
420
192
309
202
330
107
194
195
108
437
405
419
1
14
479
141
18
465
1
483
198
482
573
1
199
338
91
416
429
1
542
107
140
141
13
36
415
204
33
71
259
171
141
275
88
89
479
304
37
257
1
128
393
572
265
200
132
307
62
332
394
256
175
442
138
580
381
269
294
4
197
287
112
389
172
310
175
217
563
392
171
189
10
179
107
226
19
39
178
168
217
449
5
370
230
1
207
140
350
572
203
76
10
490
34
231
507
42
567
500
502
669
222
222
314
2
369
92
461
450
312
77
11
308
389
81
560
419
3
141
479
73
462
327
40
376
328
416
48
451
35
545
543
275
510
538
235
390
170
311
303
254
1
179
2
302
3
304
303
301
329
530
253
2
201
277
255
78
365
75
287
335
336
380
91
576
183
92
294
214
1
527
45
213
213
2
313
211
214
3
713
710
79
412
141
491
169
416
235
31
496
747
322
266
165
557
350
465
5
6
270
339
224
1
694
115
355
251
631
63
380
314
317
220
168
388
108
119
587
695
106
425
202
531
435
133
96
291
96
209
534
632
325
457
1
32
11
43
458
280
276
178
106
306
644
556
477
331
88
391
86
391
278
160
126
39
16
21
419
87
60
147
392
145
261
247
144
406
414
55
56
254
161
160
44
243
156
5
198
204
351
60
102
6
63
287
236
87
477
51
1
551
41
69
230
308
656
189
307
513
206
106
158
268
347
100
79
237
316
518
367
207
165
84
230
364
42
23
100
99
90
352
529
58
249
142
103
314
169
134
212
35
153
247
262
140
107
146
201
122
537
400
503
43
76
123
137
95
202
199
157
107
264
252
3
255
260
609
197
474
579
412
179
103
105
103
146
167
41
208
1
43
604
44
1
392
603
201
45
246
247
291
126
391
1
390
96
211
44
294
165
250
134
1
306
15
94
217
307
79
492
123
292
413
90
267
169
268
348
76
177
101
359
1
358
55
179
404
121
80
304
303
225
123
224
51
449
135
194
283
432
208
307
224
310
38
272
319
374
275
74
106
393
526
99
201
133
171
260
259
329
89
1
240
241
118
6
1
247
190
248
58
184
147
211
113
251
36
148
260
104
52
112
466
365
114
98
101
1
251
323
252
71
212
52
113
287
271
308
471
143
1
37
295
138
100
258
48
55
56
23
238
287
7
280
82
33
4
145
35
225
261
6
203
37
110
59
139
193
260
169
67
186
103
137
362
36
49
207
176
158
44
240
311
153
53
284
179
116
236
267
231
126
105
22
256
97
295
127
198
192
224
6
120
416
1
42
234
149
415
412
192
202
143
63
138
142
59
31
70
157
101
87
201
4
194
259
309
96
190
201
213
1
56
108
111
286
212
175
17
81
323
65
91
102
64
92
301
66
209
214
38
252
32
104
299
298
132
89
57
401
208
206
146
147
193
2
149
67
195
195
1
148
147
166
7
259
149
221
159
164
380
266
110
1
242
328
243
1
82
252
244
25
256
380
86
251
83
110
152
269
262
170
69
193
168
124
123
237
1
88
288
264
1
3
97
377
360
291
89
69
1
265
1
261
264
346
347
96
66
1
119
65
42
102
318
185
63
272
373
191
60
262
159
392
231
233
129
64
119
264
170
172
65
394
135
1
254
88
428
332
209
56
253
291
294
186
18
21
259
109
3
259
130
256
150
166
2
388
357
1
261
314
386
316
31
356
189
262
148
151
53
311
258
299
244
348
184
164
172
336
552
419
2
334
216
96
417
153
106
387
434
259
493
404
94
257
47
89
324
626
236
346
110
167
436
336
81
302
717
494
192
390
1
223
194
76
328
1
42
100
270
118
370
156
41
200
197
3
532
164
199
250
580
389
342
191
238
111
302
349
188
363
229
26
161
203
204
302
312
300
127
187
203
1
60
611
76
551
364
171
373
168
344
415
535
51
202
98
176
290
212
203
71
114
714
64
89
293
3
82
85
160
534
778
209
74
374
470
59
135
261
194
259
158
202
448
630
451
65
244
269
182
25
502
113
87
1
230
390
462
391
231
389
232
10
200
72
379
179
127
563
562
267
71
307
394
389
215
379
381
556
1
65
68
488
231
219
295
3
386
87
299
417
292
554
556
38
264
129
104
2
226
66
211
393
257
568
462
463
419
1
348
399
1
44
420
233
109
347
113
346
238
240
4
2
51
306
184
252
236
2
182
131
68
243
311
132
1
428
131
212
216
208
1
163
522
314
343
253
162
271
95
310
405
415
51
248
524
400
18
433
408
359
418
330
33
164
582
547
331
168
390
1
297
42
167
436
45
2
322
125
391
219
516
515
47
610
1
94
100
562
662
258
320
48
404
197
368
65
394
356
329
224
459
258
105
257
363
28
1
391
235
156
199
450
222
134
133
175
1
172
554
691
382
137
145
172
353
139
493
517
317
372
181
112
214
69
262
102
43
632
241
24
106
90
483
307
355
38
393
456
163
411
154
293
574
575
63
257
1
71
59
328
269
70
512
402
255
69
147
107
331
324
328
4
249
176
406
55
368
436
224
461
333
12
313
122
311
25
191
453
68
644
628
189
345
219
380
16
148
613
31
366
408
582
126
627
161
354
301
104
97
247
466
45
53
21
36
78
257
98
405
238
1
167
42
125
237
332
265
362
67
150
419
627
352
275
75
340
163
94
71
177
162
378
257
35
216
301
121
162
163
313
109
274
110
314
359
121
422
192
139
165
350
164
186
291
235
57
477
282
424
195
252
250
56
142
292
45
150
187
238
352
201
45
392
439
165
75
226
194
187
144
301
478
205
177
274
123
273
97
431
131
147
3
131
100
300
31
191
222
1
279
278
278
144
77
121
1
219
124
157
150
220
95
1
558
235
121
78
114
1
199
356
200
355
49
79
50
29
46
122
335
3
280
167
47
201
91
94
398
105
221
56
67
299
198
180
101
281
75
326
106
36
92
277
169
133
387
130
177
185
307
154
68
108
1
137
136
263
254
30
5
154
159
140
299
171
194
84
110
198
346
344
86
195
264
109
108
350
1
198
240
1
199
239
49
160
163
200
278
127
78
2
2
343
341
371
340
30
31
193
150
195
3
240
147
28
20
151
48
179
178
131
1
45
233
159
49
197
243
209
103
46
106
45
210
64
3
57
151
208
188
28
123
165
20
95
229
137
134
119
174
158
80
16
39
88
16
76
158
92
146
61
164
55
63
60
39
154
102
21
109
24
119
47
41
95
112
41
138
1
18
18
57
99
89
166
72
79
75
17
87
6
7
40
147
147
1
44
47
127
146
53
146
9
93
64
45
12
65
38
155
19
47
52
114
122
66
3
75
63
53
166
113
1
103
43
36
19
15
21
30
28
9
30
49
19
18
20
2
54
1
55
8
20
53
47
73
40
27
30
33
2
34
72
20
9
31
18
2
3
32
22
46
68
75
65
34
24
138
31
107
58
71
39
7
32
87
156
55
18
62
14
36
24
18
6
80
16
31
17
29
15
14
40
14
62
51
48
11
86
50
101
1
49
42
59
3
17
24
50
109
94
7
15
5
60
116
16
100
75
96
84
36
23
61
25
30
38
105
134
24
117
74
29
143
26
86
27
45
75
154
11
180
69
158
30
2
128
69
99
126
10
30
40
139
26
27
113
86
144
26
113
159
105
226
130
121
9
31
111
51
87
60
138
172
34
164
65
118
2
89
36
34
18
53
2
116
71
28
99
70
29
62
54
83
118
52
2
34
199
120
110
64
108
79
35
165
32
31
48
111
67
66
43
35
124
176
79
133
40
19
220
265
89
74
45
29
205
257
70
208
176
86
83
208
122
3
36
197
166
100
187
266
87
1
279
79
293
278
358
248
123
235
86
214
108
110
106
218
47
112
171
83
321
59
150
88
266
51
238
201
142
1
159
174
215
1
176
41
212
197
112
92
177
119
211
204
110
121
7
79
94
135
208
132
70
118
2
116
111
1
5
159
110
185
269
74
66
173
84
119
2
259
35
121
36
273
257
103
85
154
8
146
188
107
231
11
120
220
152
92
114
100
272
37
40
34
60
60
108
58
235
149
88
154
26
140
127
66
35
166
110
66
13
92
15
137
74
80
50
65
111
9
10
70
15
40
44
66
31
55
8
86
120
74
1
46
42
106
41
22
55
65
33
88
32
91
98
9
56
97
73
167
113
22
73
94
59
51
17
52
65
112
119
128
65
16
128
167
28
29
178
9
176
28
54
169
177
66
103
8
179
243
21
64
91
158
37
268
174
153
12
112
91
30
148
124
314
79
313
118
58
159
188
280
281
254
34
179
217
52
166
177
213
36
103
77
38
67
29
38
216
39
26
92
309
61
62
224
162
255
115
305
66
36
327
50
102
52
420
423
1
153
40
177
270
217
291
290
1
27
85
93
203
94
254
190
18
75
64
86
123
235
1
209
297
178
210
55
152
202
1
205
251
32
1
181
81
178
201
262
3
220
209
199
117
46
212
231
313
82
206
23
119
30
93
186
142
7
1
123
78
93
45
82
127
152
199
21
148
47
101
27
70
82
74
155
97
158
81
12
61
49
39
77
38
139
28
227
247
175
32
20
22
52
156
46
74
110
120
143
1
181
36
148
180
98
79
36
150
114
65
179
36
93
77
215
189
125
34
64
32
3
13
67
126
80
167
113
9
259
292
291
54
41
43
110
176
97
82
139
184
32
142
91
61
152
35
57
66
38
50
92
3
57
52
88
43
57
54
36
1
105
95
35
106
13
93
30
63
10
123
33
56
73
59
23
14
82
33
37
49
12
13
13
30
7
120
69
96
1
95
104
95
50
50
70
33
34
45
35
70
25
120
3
112
1
108
37
79
37
107
116
37
70
33
22
53
31
2
33
54
35
35
33
60
42
21
89
40
179
35
79
29
27
144
117
114
44
103
50
57
59
94
36
101
2
142
151
65
133
178
207
67
99
81
68
140
191
127
148
180
88
51
18
120
60
88
180
201
36
237
108
92
129
29
239
79
32
128
57
58
38
96
52
108
160
318
56
112
9
134
135
220
107
40
153
257
24
46
128
1
279
138
212
214
278
43
281
238
107
147
22
131
23
82
83
131
20
214
113
81
33
19
33
216
260
110
194
29
60
14
66
130
77
80
52
132
59
25
68
64
183
129
73
44
156
1
113
112
1
157
56
112
9
84
168
84
104
103
59
35
55
30
94
16
56
20
41
34
40
54
3
21
19
57
7
31
40
16
23
14
9
22
38
59
95
31
3
57
148
36
128
150
15
59
62
112
85
20
4
105
109
23
53
22
86
64
91
20
66
84
76
78
10
74
47
73
50
71
1
72
52
23
10
28
33
13
16
4
20
42
17
28
38
10
23
97
23
20
74
25
56
57
6
18
43
58
97
8
96
11
65
1
31
82
66
19
23
17
30
3
47
61
33
79
71
124
15
44
59
150
16
63
26
4
111
25
26
112
86
59
27
119
1
118
86
49
32
27
53
26
9
88
17
89
105
194
59
135
38
32
69
1
85
54
70
168
57
3
141
84
144
77
126
81
139
67
53
206
5
32
153
104
155
58
3
49
51
89
207
18
152
38
27
170
85
20
59
143
66
58
145
84
52
113
54
125
61
27
30
97
32
3
12
70
90
37
20
13
107
102
32
33
67
56
36
87
70
90
20
8
32
10
24
131
163
3
91
18
17
104
107
54
155
162
3
51
61
23
106
39
84
34
188
56
156
129
32
244
72
25
7
82
176
57
100
58
106
158
210
27
95
104
147
35
165
185
112
21
402
319
32
220
115
133
20
143
43
105
148
101
55
103
38
104
11
160
55
25
144
87
55
9
188
119
47
112
159
32
23
46
72
1
23
189
95
28
24
188
139
52
144
87
25
197
198
112
1
137
86
65
208
1
27
23
63
1
211
223
47
86
188
192
25
68
18
212
211
69
128
210
45
105
4
1
217
98
216
188
165
1
99
43
28
106
91
112
6
43
61
23
37
145
73
108
104
67
40
72
90
107
23
32
42
16
94
14
9
1
5
13
50
41
37
63
24
94
22
40
9
51
49
2
9
66
78
40
7
38
93
47
129
75
2
33
87
1
91
14
47
49
41
92
96
108
4
56
98
104
144
81
10
153
154
88
143
38
151
98
59
1
105
58
2
6
56
50
103
125
77
105
19
26
30
13
36
1
119
67
43
140
120
67
66
20
159
49
48
1
156
98
66
157
186
1
29
74
164
1
100
74
101
214
213
73
113
82
1
184
137
44
86
57
8
285
43
266
24
65
59
101
70
40
25
42
93
84
31
87
100
101
187
24
1
23
30
98
28
45
68
72
184
65
116
155
160
9
6
69
70
112
7
135
129
8
113
1
39
242
4
93
96
102
89
219
277
226
124
33
182
6
84
102
127
81
105
211
105
34
143
40
207
87
2
374
38
294
55
38
130
77
94
1
106
36
105
238
142
38
133
95
5
113
167
204
109
96
51
105
151
146
108
156
101
100
60
96
187
41
1
75
74
100
161
15
78
76
63
1
55
2
73
45
54
28
9
48
49
239
37
57
1
173
84
1
202
18
189
184
5
53
83
22
61
283
42
146
158
48
110
110
41
60
63
142
75
140
157
3
202
220
49
51
264
100
1
216
151
101
102
190
260
216
215
1
18
44
48
314
307
322
229
259
62
21
66
1
41
65
178
124
243
1
131
2
16
103
119
94
133
227
41
168
89
59
127
81
61
134
46
180
20
15
5
63
37
39
85
2
94
83
17
1
177
36
16
141
89
1
54
56
107
87
51
143
57
17
29
6
94
77
40
20
59
46
13
20
35
37
45
127
34
8
82
45
36
42
74
103
71
87
29
104
26
75
75
16
99
33
53
7
57
74
11
24
47
60
42
58
83
177
104
8
29
23
18
2
5
3
16
71
65
34
31
55
8
4
12
29
65
36
24
13
103
50
67
90
17
23
127
126
104
117
1
39
118
84
130
157
56
45
27
74
130
102
1
48
34
29
83
49
28
73
52
35
151
125
63
49
116
117
26
1
99
143
48
229
45
95
86
32
1
144
112
19
101
152
51
75
172
74
247
86
1
85
35
154
105
87
23
190
110
169
243
74
268
274
123
6
344
70
221
92
164
273
84
301
176
81
122
106
83
201
254
228
132
109
110
56
189
70
184
266
7
84
91
110
15
19
205
95
188
114
186
93
30
189
302
159
67
147
197
2
65
133
50
206
52
113
185
72
199
105
303
365
156
304
197
17
198
107
107
97
161
249
6
232
322
328
166
64
419
162
62
91
100
165
1
230
209
140
166
118
172
226
36
10
202
63
46
90
166
17
536
291
27
53
213
207
229
22
105
83
247
88
300
164
244
2
129
115
115
333
127
60
448
508
263
172
243
268
22
44
62
106
2
328
170
61
264
327
148
364
158
1
193
206
179
72
227
119
231
278
203
47
49
256
156
305
251
107
48
54
254
151
296
203
254
42
292
145
109
302
193
246
240
82
347
21
158
184
113
61
368
2
370
297
306
241
73
65
220
178
86
314
118
64
285
32
25
150
196
70
126
57
183
238
3
125
65
490
359
261
287
128
68
60
221
579
425
427
281
154
76
6
152
153
230
131
77
193
284
82
390
632
116
146
87
132
146
42
293
344
219
396
93
53
439
519
146
395
318
30
153
373
12
1
201
386
574
385
188
336
148
194
189
46
169
383
90
212
512
182
200
164
1
724
163
372
414
725
311
614
330
401
303
731
18
713
242
274
123
400
160
20
240
134
109
260
394
258
25
345
445
260
369
449
656
654
100
207
52
554
59
606
322
7
284
185
329
66
142
469
409
262
263
147
108
345
140
255
385
392
27
395
7
208
195
201
1
365
6
327
194
6
136
148
523
521
225
137
471
362
358
1
345
136
52
109
298
126
547
134
262
81
161
242
135
136
30
384
98
99
1
4
548
386
311
161
164
369
195
75
3
544
205
339
174
345
270
415
102
297
517
149
421
226
195
196
84
280
81
363
224
413
590
1
3
244
591
587
304
306
98
386
1
232
404
23
135
409
2
134
427
387
304
154
1
406
458
120
301
405
466
346
619
104
331
513
713
117
227
359
14
132
359
88
5
456
345
344
395
1
189
396
233
368
2
135
235
131
318
451
605
2
114
157
287
316
4
384
154
366
388
422
34
271
360
230
33
237
238
120
348
130
473
393
2
471
36
316
116
118
264
395
382
514
228
631
131
132
500
7
85
84
83
499
507
253
27
423
174
178
280
75
251
78
200
396
249
416
665
268
289
468
21
736
240
241
384
13
1
312
114
144
487
311
176
173
426
1
599
1
356
600
357
343
244
14
258
532
345
397
524
187
286
131
155
326
362
742
352
131
263
6
483
260
255
132
123
183
419
284
306
239
236
200
3
203
1
314
102
203
3
212
126
209
112
129
305
321
135
133
72
202
371
273
130
143
26
280
169
20
306
257
150
286
254
278
105
277
136
425
404
21
307
306
112
226
24
327
202
247
101
173
287
172
116
389
393
61
195
256
158
146
343
193
97
197
136
150
9
246
136
141
329
212
329
317
2
172
48
140
315
153
145
162
143
110
293
294
253
1
150
228
252
279
134
133
117
212
152
95
269
41
270
151
27
243
242
1
195
79
367
1
124
61
243
304
274
75
288
41
213
34
288
75
14
82
226
96
188
207
1
109
296
206
181
98
89
387
92
308
187
249
232
126
160
2
245
159
158
1
344
243
155
247
345
92
446
418
190
236
354
358
243
118
115
1
361
362
28
92
112
82
199
134
89
174
7
192
204
407
325
185
228
27
82
101
109
238
210
141
163
51
90
211
12
214
180
249
69
188
38
177
48
86
54
129
199
32
65
231
296
1
223
37
238
295
12
109
92
97
302
201
205
57
147
224
90
134
85
219
132
130
228
87
229
315
86
88
220
2
132
146
234
94
288
154
290
134
274
185
140
71
256
287
327
72
171
76
17
93
177
310
215
201
40
139
198
34
344
161
102
59
5
115
105
65
176
110
140
170
178
2
177
310
9
142
307
48
185
151
175
176
165
24
259
141
146
61
198
52
91
220
287
160
59
311
83
252
346
386
232
263
82
146
310
313
195
40
155
40
345
249
284
115
35
185
74
379
65
293
300
169
150
292
449
161
195
508
507
248
301
157
173
174
289
61
367
1
115
259
144
228
207
167
380
258
443
428
201
185
82
322
133
215
304
90
211
113
189
46
213
259
305
1
207
181
146
1
388
145
56
107
212
126
64
319
89
214
1
305
215
91
537
386
301
304
59
164
306
317
119
363
198
38
383
482
322
300
160
105
160
265
143
590
481
142
100
408
308
189
16
140
281
265
248
76
247
17
297
421
17
157
127
238
172
284
171
336
165
92
56
169
264
73
240
167
170
36
426
174
112
1
313
235
1
111
113
232
51
66
179
78
113
234
101
334
1
161
167
102
213
335
133
162
6
65
111
305
252
194
58
82
186
317
73
131
319
2
155
36
17
3
138
134
91
188
135
225
95
97
2
284
280
53
282
273
245
62
28
25
69
376
52
24
4
94
186
38
42
280
41
155
4
209
151
101
54
1
306
252
321
307
92
204
296
54
239
350
589
47
1
271
244
57
637
271
270
345
1
261
36
262
407
346
750
95
286
381
320
291
61
270
440
172
170
175
136
122
482
120
391
14
346
53
304
602
274
157
538
578
1
334
381
333
328
118
383
390
5
269
2
347
271
447
1
448
266
317
51
274
277
52
226
1
221
13
516
3
222
515
512
1
234
233
452
219
385
166
332
403
3
446
567
401
29
266
265
166
372
1
567
209
295
373
251
396
86
145
310
1
47
1
309
310
146
164
48
40
148
358
318
324
210
1
6
265
264
110
76
329
259
70
152
374
161
83
78
144
452
451
450
222
308
1
292
1
289
144
293
290
447
120
145
293
157
149
234
235
382
214
1
165
168
328
383
547
170
213
492
496
207
1
383
36
208
206
277
566
380
382
2
129
101
685
2
483
230
253
288
289
254
99
414
541
168
485
315
169
330
328
653
353
160
387
300
354
254
75
170
687
279
95
33
184
150
128
193
278
247
268
56
163
430
429
212
351
1
219
348
566
567
168
1
393
48
167
590
345
222
182
224
352
396
576
72
359
224
8
225
309
1
180
317
167
241
329
179
84
484
74
161
87
88
2
549
1
652
127
205
261
398
104
254
256
548
583
526
417
57
166
17
74
295
1
183
252
292
294
544
423
2
1
121
183
1
184
184
1
185
288
380
473
92
63
29
244
296
21
73
52
22
142
1
259
120
21
330
248
1
391
82
577
390
391
90
329
186
292
288
1
659
294
231
230
102
525
1
128
4
291
174
120
117
481
237
360
361
484
24
265
460
309
574
271
4
675
529
140
151
46
146
1
240
100
239
143
140
283
266
87
260
191
192
17
1
536
268
208
139
389
535
146
292
291
594
268
416
262
146
61
352
68
745
129
684
346
347
210
68
421
1
125
136
353
67
420
393
237
296
154
156
316
71
225
299
116
214
484
258
472
226
1
254
245
227
1
114
99
260
415
113
302
303
15
267
374
359
107
174
113
164
456
430
175
61
43
346
336
114
300
132
409
569
292
136
156
411
567
119
447
109
541
303
238
499
53
78
446
131
151
10
282
314
292
6
137
320
155
85
2
251
253
168
99
382
78
267
337
141
1
259
262
390
142
393
566
118
652
482
131
248
132
170
215
283
566
131
283
240
152
83
525
88
385
304
74
442
457
81
15
538
378
75
448
371
232
190
77
405
268
216
482
137
132
484
105
269
379
440
528
98
55
21
361
398
429
167
280
273
76
306
382
41
332
289
377
341
88
407
173
234
170
373
111
109
402
534
293
203
132
71
72
186
185
43
1
258
106
119
228
140
13
246
227
88
473
31
231
442
7
224
173
161
449
262
2
423
425
447
7
516
137
430
523
221
93
678
96
98
282
2
381
231
81
378
379
55
420
100
225
254
150
154
516
157
342
478
479
185
117
73
635
365
90
68
297
296
279
522
300
245
244
545
275
1
220
221
1
222
109
70
645
450
261
575
331
195
250
243
401
197
153
445
57
571
150
187
48
350
337
344
102
214
551
305
446
144
130
302
370
292
443
343
188
78
668
100
230
3
144
131
478
437
148
330
266
160
374
278
94
162
158
44
372
328
708
230
68
380
162
538
157
415
153
231
230
302
210
211
379
20
318
18
174
88
387
357
156
201
370
99
21
86
571
299
19
71
89
90
446
1
606
445
308
438
160
1
484
272
92
306
483
89
301
398
258
212
98
327
329
97
114
211
177
97
425
27
371
344
149
146
344
81
443
328
145
441
115
149
68
588
2
264
262
383
21
217
1
666
297
362
135
238
369
373
234
192
537
164
520
426
130
75
356
325
55
95
380
99
227
230
281
296
326
30
65
457
144
432
288
144
148
1
73
143
356
287
32
5
149
425
27
195
144
57
223
339
55
166
90
97
149
281
42
66
204
116
76
326
410
294
72
7
252
402
245
230
270
446
150
84
237
459
389
71
132
222
68
69
70
69
305
86
61
307
440
1
141
212
171
8
353
133
149
56
151
93
41
93
95
58
134
94
183
42
282
89
179
141
224
91
90
324
83
241
133
130
181
194
40
51
264
324
86
91
116
28
224
5
39
58
439
34
405
253
1
97
252
127
242
98
1
348
162
11
256
224
115
1
128
109
52
223
144
110
108
57
2
223
159
53
280
60
225
165
57
212
63
121
58
146
278
204
57
167
133
275
74
224
273
299
300
347
266
155
135
95
146
1
111
120
48
129
110
186
19
205
173
271
378
20
101
119
246
120
420
151
187
220
249
145
152
326
178
63
29
148
97
231
119
297
107
251
59
190
55
328
245
273
318
430
3
308
1
112
431
115
91
131
343
305
92
40
132
212
38
307
198
130
316
379
113
116
68
278
3
123
152
42
147
175
275
81
291
5
205
388
143
315
139
1
296
183
233
66
133
136
429
1
63
322
164
428
1
107
165
359
583
719
421
47
66
271
114
64
187
50
73
458
535
342
270
150
118
142
87
77
193
66
202
72
155
31
259
130
290
377
47
420
32
87
31
307
140
40
229
269
310
230
241
183
184
268
121
72
70
57
49
300
51
142
351
77
176
115
34
180
1
81
181
80
51
127
253
59
103
156
29
312
341
44
53
347
25
295
246
245
294
293
252
163
206
205
1
47
36
7
43
64
308
63
316
245
244
472
253
308
61
105
164
158
1
93
52
159
65
145
68
94
270
235
221
167
176
329
53
169
79
143
95
83
2
153
178
274
153
121
77
168
260
44
245
247
422
389
92
253
154
303
4
152
155
131
125
133
33
47
50
253
8
241
243
12
215
166
225
7
459
1
232
109
233
124
290
452
162
471
228
1
153
226
148
227
2
108
154
46
365
226
106
156
361
332
78
579
374
55
318
205
46
319
124
385
1
573
317
505
192
379
37
290
443
133
313
327
1
384
153
259
430
552
328
17
299
310
277
293
1
281
587
282
2
524
294
429
11
261
280
250
279
380
297
133
383
101
541
3
542
1
278
526
430
332
86
98
291
39
389
192
191
418
350
689
153
339
536
223
1
224
136
298
141
374
253
140
141
105
142
233
1
113
13
205
202
100
3
54
228
282
20
271
349
302
386
385
78
227
361
1
362
309
606
605
359
166
412
3
536
671
393
539
135
277
142
296
154
371
248
142
199
241
83
176
138
383
258
1
194
456
259
193
192
53
275
1
246
274
520
245
650
567
147
108
413
414
305
1
71
70
184
254
254
169
55
284
300
251
85
35
154
155
236
252
1
233
70
314
119
453
120
334
131
390
239
333
140
2
203
244
473
229
16
234
138
123
218
95
135
507
366
122
372
141
205
254
362
112
221
92
244
245
108
346
294
1
293
292
280
137
385
1
250
248
333
423
190
2
129
241
90
370
151
16
167
166
67
271
2
232
233
152
192
115
385
13
116
386
1
464
465
99
372
471
306
204
165
295
395
129
460
102
116
100
441
533
216
240
612
17
325
266
279
49
24
30
197
463
472
249
25
347
372
250
84
628
313
251
118
334
1
237
216
108
544
167
1
2
572
570
306
307
1
239
436
238
198
315
64
177
574
113
41
119
291
461
288
594
290
342
78
249
264
77
93
172
341
579
173
126
170
169
133
514
666
80
326
541
81
167
386
406
306
215
390
622
92
84
129
232
318
298
44
86
219
600
385
360
381
152
173
215
21
564
388
236
238
284
280
522
37
546
519
1
610
360
129
35
25
300
164
275
263
136
447
400
399
1
133
252
276
357
2
109
172
81
385
588
355
596
680
324
241
111
130
84
50
300
147
194
250
244
447
404
47
517
516
43
332
285
46
1
269
192
5
560
270
509
184
77
126
250
239
197
73
331
307
187
555
28
270
27
242
226
402
269
723
628
629
95
94
133
258
308
92
121
29
4
33
305
269
37
301
338
133
236
122
24
205
98
396
9
327
494
387
336
124
521
58
122
351
251
121
191
108
229
15
337
352
11
169
153
100
86
331
560
576
403
151
252
16
269
21
270
248
379
130
22
509
109
466
515
537
400
339
43
509
347
162
35
294
180
336
268
295
55
259
215
156
68
232
1
157
89
323
233
153
33
234
144
255
156
126
97
223
317
1
224
111
1
223
92
186
112
94
131
18
148
149
278
25
121
23
2
151
382
496
440
266
107
122
447
174
346
126
278
283
175
333
114
520
403
121
406
128
282
488
11
275
439
474
240
234
100
340
196
500
49
304
438
611
499
49
184
185
240
220
278
436
152
561
189
409
259
5
114
127
120
714
234
350
226
358
357
576
7
510
327
84
2
183
426
181
31
368
230
212
131
254
190
1
382
11
228
353
123
79
160
95
98
569
168
25
193
456
239
217
364
617
212
253
451
198
249
405
447
361
156
252
205
128
613
250
5
485
384
483
230
122
101
543
99
444
245
199
253
452
108
363
232
255
211
131
342
619
85
35
304
1
158
303
185
176
284
154
9
91
309
339
100
224
218
398
121
182
5
6
61
2
120
164
187
1
22
119
159
29
123
321
97
364
166
12
292
279
198
220
146
288
352
659
40
632
189
188
74
27
87
470
138
130
620
592
28
86
114
297
225
522
106
1
468
332
333
334
304
262
136
280
135
416
2
337
338
1
1
176
138
298
339
1
175
297
366
123
340
155
401
243
83
644
407
319
111
303
88
380
363
379
468
165
303
158
234
17
145
42
392
434
64
315
169
144
304
146
448
265
4
2
155
183
76
75
269
84
1
151
185
153
150
176
186
26
203
414
89
342
194
362
448
55
473
19
147
451
457
217
6
239
99
247
1
351
233
454
103
352
1
244
92
492
253
128
125
88
172
279
90
213
152
84
168
188
68
199
356
167
236
83
189
11
146
397
54
252
84
251
200
107
189
190
194
214
249
1
4
1
443
168
114
35
1
83
168
2
188
380
359
85
442
166
284
137
280
279
190
5
192
195
58
21
53
196
46
79
115
5
110
143
189
150
159
10
188
152
64
115
260
149
185
51
196
109
1
1
50
87
45
409
142
110
42
215
252
147
89
100
193
96
2
370
26
98
115
194
79
139
300
263
60
161
213
37
250
317
63
143
211
18
64
80
195
1
422
196
10
193
257
203
246
247
229
432
82
163
295
150
162
1
311
312
1
145
17
144
148
453
596
312
305
171
143
28
312
42
284
163
86
354
77
150
309
310
227
355
312
159
229
1
228
55
1
81
313
1
174
121
145
272
175
120
144
169
344
84
262
91
95
139
98
258
24
257
128
126
254
221
360
45
44
139
1
82
108
109
279
6
181
1
170
187
373
54
2
147
346
4
149
285
148
127
3
361
21
178
175
199
61
462
382
26
64
183
163
41
271
119
396
260
263
288
261
90
73
2
408
256
75
13
236
8
406
122
314
1
96
11
25
171
107
14
301
287
216
143
313
73
52
212
365
32
232
79
1
78
153
244
154
21
144
237
182
77
55
128
241
37
100
179
242
22
204
1
117
226
253
109
136
36
144
104
195
72
216
164
144
121
20
14
141
106
61
138
63
167
77
398
152
201
15
353
139
338
223
199
84
157
115
155
49
38
1
319
160
56
99
265
104
318
21
103
150
166
124
42
277
369
253
197
319
134
253
127
119
250
131
181
88
380
225
50
147
175
121
269
185
314
148
123
65
153
112
217
62
238
176
105
177
72
186
2
218
205
62
107
284
61
166
112
175
46
63
280
377
375
66
176
217
30
86
177
168
96
319
97
398
48
314
223
362
193
238
175
106
124
191
373
30
72
177
182
483
184
5
179
1
207
180
64
311
116
13
280
159
41
293
121
3
1
156
200
124
105
279
142
219
152
77
1
75
134
76
133
221
155
153
37
123
21
36
144
152
69
2
82
88
170
8
83
71
116
124
1
240
56
144
96
66
15
48
57
63
105
60
184
145
45
253
118
108
47
115
1
124
120
162
93
116
213
184
152
391
121
226
352
365
209
68
277
341
419
91
243
126
78
166
344
80
215
267
88
91
186
179
227
42
152
269
49
185
158
135
103
318
136
50
129
186
2
194
299
131
65
234
64
184
141
120
74
195
140
261
121
55
114
139
33
310
176
25
138
278
277
167
161
1
2
134
132
283
44
151
352
223
277
54
411
365
3
362
406
178
354
371
44
17
205
310
127
184
188
9
380
204
242
133
213
171
176
48
380
224
4
156
1
376
91
316
225
441
129
394
156
38
312
139
239
274
332
183
197
154
14
198
150
188
196
149
100
20
38
240
239
388
449
63
80
140
18
135
1
264
183
295
81
13
473
79
272
201
136
252
45
32
207
76
58
205
132
8
337
45
387
512
557
368
18
443
125
530
265
170
318
87
75
107
296
32
177
3
387
396
1
384
190
530
227
146
1
388
33
81
361
228
414
209
189
191
113
514
388
48
701
160
304
69
541
105
472
343
68
174
464
129
401
168
276
126
233
333
566
405
108
392
4
161
388
165
458
163
293
297
388
4
92
165
257
24
35
555
281
523
520
238
173
3
411
176
450
274
653
398
145
253
86
116
30
65
356
160
291
225
478
124
384
3
482
163
592
94
447
161
190
423
159
67
233
686
146
171
145
540
168
173
317
341
149
90
226
643
74
316
66
13
225
14
332
412
338
167
114
185
372
53
80
238
299
148
61
253
74
426
395
1
232
336
163
39
114
1
190
172
164
303
475
168
79
93
139
512
233
335
431
430
304
202
96
475
287
1
106
188
104
288
292
419
512
204
3
186
535
387
521
177
218
349
98
97
1
413
160
373
392
79
19
6
32
212
121
408
112
91
159
714
555
395
173
149
232
530
298
2
405
135
232
290
118
359
427
90
408
83
301
318
493
176
353
175
241
177
268
552
65
178
41
167
91
261
219
26
73
126
196
195
358
304
47
133
1
160
134
294
131
163
14
54
134
296
68
162
325
257
72
177
382
383
441
311
95
284
205
189
79
301
300
2
231
1
69
253
371
63
68
48
118
185
233
122
371
249
114
203
437
438
215
543
94
170
284
207
293
240
209
95
86
299
293
197
302
23
53
213
449
234
267
114
299
235
33
247
64
152
334
104
261
98
365
55
321
59
182
372
190
253
340
87
380
293
170
226
109
6
335
256
75
96
478
197
245
200
117
252
299
128
171
174
487
177
62
263
115
151
204
378
53
239
83
174
375
186
201
189
83
149
322
272
4
123
2
119
135
191
204
456
455
457
385
167
72
624
152
311
173
244
372
551
619
472
616
106
307
206
1
413
207
95
395
55
401
45
68
205
147
137
6
141
249
346
143
356
381
92
383
289
241
94
385
1
289
479
8
240
386
288
185
492
195
287
288
388
267
482
193
473
132
1
204
133
205
362
146
72
203
160
555
157
452
178
496
192
84
174
173
107
318
404
316
229
1
138
173
231
166
135
4
280
139
207
208
211
193
83
211
267
206
59
110
110
169
65
336
96
337
332
401
243
145
385
554
1
428
265
139
5
484
163
489
404
403
207
48
220
1
221
174
294
47
113
300
196
129
160
113
242
464
204
37
230
187
47
104
260
234
156
241
184
2
57
191
121
267
177
186
178
363
315
140
155
1
313
16
48
12
297
249
189
12
373
237
124
201
597
361
302
59
107
103
210
453
314
179
73
325
74
288
169
166
2
159
113
677
157
46
427
139
790
300
403
218
176
390
256
314
188
566
493
134
627
68
161
10
502
151
420
536
38
120
94
618
116
257
141
214
498
120
2
203
4
122
118
210
201
114
92
113
73
21
448
381
380
80
278
67
198
15
87
84
261
67
239
345
1
194
23
110
89
179
305
133
66
195
281
274
26
209
150
235
337
124
102
105
187
192
279
210
5
69
201
120
205
42
134
128
6
128
5
134
11
15
162
71
186
139
29
86
47
165
80
168
85
253
82
57
171
87
73
33
22
65
69
139
85
84
43
63
134
91
137
59
105
180
196
70
43
106
27
91
126
205
153
6
86
52
159
6
54
80
221
153
134
57
2
132
59
70
3
87
25
88
112
21
24
109
106
182
3
232
289
163
292
15
129
156
120
178
74
229
120
57
279
155
156
2
194
1
154
160
6
351
196
40
345
385
155
4
102
159
222
65
200
27
98
99
1
21
409
135
274
155
64
173
209
119
36
298
91
175
158
117
102
227
152
36
41
90
91
129
3
179
183
79
1
169
88
84
75
20
73
91
44
132
132
50
63
150
82
23
71
113
18
105
20
4
48
82
85
110
100
42
1
52
87
41
85
128
30
32
98
51
167
28
16
104
15
119
17
49
73
24
168
3
78
20
165
57
38
77
39
72
98
14
70
34
68
29
40
97
57
134
78
56
48
116
87
21
128
21
33
29
66
13
23
149
79
126
22
129
102
1
107
3
108
47
2
37
155
108
10
118
58
145
27
1
1
144
29
151
38
43
116
29
51
5
72
65
87
66
22
88
92
17
4
4
42
56
38
18
57
62
39
107
78
5
29
145
63
102
174
39
2
147
143
52
2
174
149
176
1
152
25
103
12
19
24
122
95
128
111
126
91
95
15
130
87
217
6
59
91
53
7
238
135
96
105
201
64
43
47
112
12
116
53
65
100
1
46
124
151
73
77
31
78
104
46
109
48
14
15
77
63
113
61
112
101
174
201
169
44
1
34
27
7
29
36
32
68
62
107
125
11
32
93
18
105
70
69
174
23
114
68
1
200
190
172
132
18
105
201
234
151
102
94
139
129
101
137
148
49
36
47
11
1
68
45
39
144
173
10
105
226
222
134
55
116
171
117
77
296
54
219
295
346
350
51
143
154
4
92
2
183
143
259
189
81
132
151
51
181
202
33
12
21
122
131
60
78
44
47
160
32
68
128
182
179
60
250
67
190
127
116
60
63
56
61
123
1
184
183
3
86
88
85
210
101
98
92
126
125
3
138
7
141
89
190
134
64
96
125
97
100
136
98
38
105
141
36
63
34
76
29
130
28
182
141
101
9
71
66
102
138
136
137
1
125
36
1
11
41
106
10
52
6
63
46
59
105
57
48
142
104
101
106
98
38
15
1
41
23
48
61
40
109
73
79
36
8
56
57
115
91
119
8
137
7
67
22
108
1
46
107
102
146
30
44
18
2
248
61
17
154
62
102
103
110
84
19
114
52
41
12
171
7
26
103
217
95
114
78
19
57
159
59
178
218
21
30
82
89
154
112
27
243
126
216
200
90
110
43
42
195
66
40
158
80
199
97
26
93
138
31
119
65
43
12
130
97
45
55
54
107
98
238
162
89
151
140
61
119
17
76
102
93
16
77
73
250
248
240
21
196
8
148
139
91
127
204
14
110
127
243
46
11
190
57
144
201
4
201
205
332
118
244
47
69
94
4
214
197
141
391
453
178
4
4
62
65
3
175
334
174
205
188
258
379
246
94
8
352
423
250
17
133
152
114
6
260
363
332
431
107
175
102
5
400
324
277
363
361
103
259
85
86
230
206
86
36
138
144
102
14
296
282
2
23
97
4
38
15
258
76
174
62
98
160
101
34
243
362
302
28
231
276
274
4
44
173
318
41
405
14
329
391
446
365
350
177
343
18
251
378
257
377
4
325
329
81
114
1
268
1
444
249
216
269
215
6
176
121
134
520
164
1
170
255
443
268
250
85
471
386
356
210
363
150
15
188
248
78
165
129
69
395
60
326
121
97
280
218
183
231
106
153
307
255
484
229
528
213
331
134
299
118
197
338
165
583
418
125
249
543
148
165
231
509
278
62
139
199
216
260
60
259
316
4
320
157
415
158
627
152
53
469
211
480
134
238
10
96
571
297
164
209
442
475
374
295
163
79
78
211
141
133
300
506
17
441
438
365
421
423
383
382
505
4
3
509
1
42
3
40
1
232
483
233
372
251
121
49
83
248
374
78
199
543
546
388
272
34
325
3
155
233
273
271
270
221
116
32
170
348
388
238
84
331
1
322
330
120
323
643
767
443
124
324
202
265
178
251
331
87
33
80
40
159
474
231
40
243
1
434
4
492
203
238
280
447
120
241
42
360
209
480
438
386
271
118
266
151
115
120
170
69
264
266
327
101
334
333
157
64
333
235
435
268
9
120
113
298
269
155
299
2
467
465
517
474
77
322
20
322
43
195
551
133
245
55
112
127
193
302
15
418
342
314
76
384
104
488
296
448
250
231
232
233
481
1
240
1
383
1
288
239
382
285
95
103
515
107
17
49
427
355
135
285
540
353
158
585
241
220
70
254
255
1
240
458
187
63
239
195
124
344
1
319
343
320
302
523
563
69
40
37
454
41
349
1
160
348
238
218
604
158
387
229
3
448
168
33
12
447
144
280
1
201
21
104
198
106
241
83
459
190
376
364
94
186
499
174
325
22
164
173
270
97
1
297
98
304
296
98
198
179
1
386
2
377
387
186
10
104
383
176
487
266
72
221
347
9
379
287
38
338
388
417
111
122
249
307
233
521
196
284
58
30
50
180
230
135
99
90
119
94
48
282
281
15
79
289
54
126
157
66
233
235
163
33
209
1
136
73
137
74
2
211
131
243
149
76
342
134
73
47
15
120
283
73
115
196
91
210
107
198
114
62
88
156
97
90
126
244
59
408
1
187
81
326
88
226
197
201
296
200
188
216
95
121
92
31
96
97
91
213
1
176
188
361
436
364
97
75
22
94
28
130
218
72
122
275
102
123
173
32
87
31
88
205
117
204
55
87
56
136
106
32
210
1
107
1
122
127
211
213
86
106
107
2
44
191
89
108
39
147
30
104
68
165
152
117
172
149
97
110
50
60
13
19
103
196
49
128
84
93
160
41
159
1
177
76
200
55
77
41
145
101
84
151
118
104
94
198
190
39
40
41
8
228
1
47
78
227
113
89
150
235
63
49
105
112
224
167
56
112
84
57
141
257
59
61
112
31
272
198
82
156
89
65
74
120
221
125
24
125
101
