100
18
678
192
675
193
338
196
184
688
164
209
137
171
159
700
478
10
673
57
674
59
140
417
1
60
93
35
783
92
11
791
294
317
242
241
283
806
130
329
799
429
85
334
595
782
114
116
119
398
539
302
792
43
591
49
47
17
18
3
88
32
137
205
56
34
95
61
67
39
786
576
376
372
577
291
297
328
326
540
539
191
98
96
838
837
32
15
578
96
116
748
23
375
627
224
659
374
855
846
643
789
60
80
373
800
394
550
87
93
784
96
77
791
116
792
779
73
788
787
130
777
776
740
741
275
750
293
247
675
374
128
718
277
653
229
610
109
754
774
756
773
627
601
98
116
297
389
217
462
47
600
413
178
618
9
628
681
642
675
647
657
17
598
661
586
597
695
687
228
703
80
423
455
676
627
549
696
660
867
691
107
708
648
587
881
460
590
596
601
547
104
658
83
348
347
343
341
340
57
568
757
659
625
207
162
334
689
688
691
697
491
512
713
273
626
91
307
160
161
771
651
329
419
167
168
200
169
652
308
496
603
477
519
538
537
883
718
10
330
235
4
705
871
588
766
1319
1132
897
728
133
122
1142
1174
91
38
312
325
170
77
44
72
62
92
61
881
709
121
947
43
1410
826
1427
1367
1306
1179
1309
1315
1320
29
172
961
823
371
372
802
776
60
94
385
30
31
28
22
228
6
412
68
390
300
919
67
411
1215
116
200
181
182
1
723
92
131
852
97
133
66
825
837
109
742
420
848
231
143
395
431
83
88
123
316
855
35
658
432
490
352
747
489
681
739
746
116
732
872
117
153
86
845
857
129
762
400
868
163
375
63
68
143
296
875
55
678
452
510
332
767
509
701
719
726
136
752
854
99
135
68
827
839
111
744
418
850
145
393
433
81
86
125
314
857
37
276
660
434
492
350
749
491
683
737
744
118
734
871
116
152
85
844
856
128
761
401
867
162
376
64
69
142
297
54
568
677
582
509
333
766
508
700
720
727
135
751
396
20
8
6
28
23
145
3
218
312
7
650
384
324
76
331
9
21
845
844
89
26
27
7
1
12
615
553
36
48
474
34
856
644
571
857
249
174
14
852
22
861
72
55
475
591
476
477
478
479
551
40
243
862
718
264
212
593
607
598
606
436
378
167
554
323
886
313
471
40
4
605
902
232
282
471
56
609
422
187
466
18
619
672
633
666
638
648
130
254
199
97
226
689
885
1
33
27
326
589
669
196
139
79
47
281
577
588
237
737
104
694
432
464
518
406
103
667
618
540
286
570
700
116
717
657
596
890
469
599
605
610
294
203
671
743
580
352
341
538
120
251
130
649
113
616
339
338
334
332
92
331
577
66
766
630
665
650
616
216
482
171
655
95
325
680
679
692
682
688
324
297
503
704
635
205
298
151
152
780
753
73
821
154
642
320
560
410
158
159
209
160
595
643
299
505
594
295
570
468
510
529
649
528
892
350
29
349
339
387
244
924
899
13
696
816
579
104
825
20
746
747
740
737
30
714
1302
668
46
1030
801
184
200
179
262
869
265
42
860
159
855
247
8
266
203
864
182
880
28
132
868
18
120
214
10
11
529
220
340
43
281
444
531
381
86
269
580
437
451
190
226
230
64
6
85
549
238
187
181
491
211
400
384
383
188
458
459
741
192
378
806
875
681
726
391
464
312
545
4
19
471
298
693
646
502
535
470
657
622
651
691
658
469
487
86
243
308
266
513
486
485
693
540
521
897
355
251
636
31
173
330
178
160
168
148
171
695
694
6
73
110
153
141
841
691
692
131
435
217
64
74
639
177
91
732
806
458
457
479
277
539
339
660
259
869
60
865
864
867
1
2
574
694
411
783
532
769
568
232
346
278
318
345
428
444
645
579
507
821
849
842
837
498
629
581
625
609
782
857
564
551
542
594
797
721
603
4
807
829
788
701
479
757
540
561
339
697
811
644
599
814
750
626
708
338
236
682
683
434
819
667
595
596
600
633
663
518
427
813
679
288
848
563
698
725
784
280
186
301
242
303
182
181
410
379
380
381
79
557
245
382
254
258
213
95
709
817
861
54
20
137
85
64
107
42
77
78
153
713
52
136
65
446
86
136
106
295
418
457
415
317
253
257
212
96
708
818
862
53
19
136
86
65
108
43
78
79
154
712
51
137
66
445
85
135
105
294
417
456
414
316
157
275
279
234
74
730
796
840
75
41
158
64
43
86
21
23
56
57
132
734
73
115
44
746
467
107
127
316
439
478
436
338
112
210
40
143
884
611
5
14
6
458
565
119
296
176
168
325
87
338
101
302
552
442
426
225
401
291
363
49
104
21
28
81
80
33
372
292
360
286
88
306
319
258
266
328
276
73
135
149
267
866
247
142
63
41
82
169
391
113
330
309
227
173
59
226
271
56
120
244
162
378
188
187
436
51
589
481
207
352
443
405
57
191
582
22
307
172
145
406
479
86
35
707
599
590
684
569
628
567
688
689
460
491
490
489
585
721
739
705
704
703
231
754
752
617
537
313
625
488
755
657
827
17
256
63
802
26
790
862
861
822
748
571
691
542
780
529
766
565
690
315
425
441
642
466
576
661
659
656
504
818
763
846
839
786
787
834
495
575
507
502
525
527
838
819
858
815
779
854
561
548
609
601
539
591
794
732
793
718
600
1
726
728
758
757
778
804
826
785
698
476
754
537
558
640
694
808
641
596
811
747
623
705
489
679
680
431
816
386
660
248
249
462
810
676
285
845
560
870
695
722
817
781
832
160
314
268
277
183
298
239
300
179
178
407
376
377
378
282
146
128
162
163
164
636
113
115
250
330
554
242
379
113
211
41
885
612
6
7
120
297
177
326
88
339
102
303
200
553
443
427
226
567
69
285
566
402
895
292
364
50
105
22
29
82
81
34
399
398
373
293
361
366
343
341
252
237
552
89
14
307
4
320
329
277
74
136
866
150
268
867
64
42
83
170
392
114
156
168
331
477
321
475
310
174
60
227
70
518
272
523
57
560
121
245
163
284
379
189
380
188
381
382
437
384
302
52
269
225
550
482
71
287
528
208
406
58
192
583
23
308
173
146
87
36
708
539
600
591
685
570
629
568
689
690
461
492
491
490
586
722
740
706
705
704
755
232
753
618
538
314
626
489
543
542
541
154
188
214
150
44
888
48
615
27
9
18
10
30
872
283
390
413
246
597
300
180
71
327
362
305
111
306
329
91
559
525
105
203
556
446
430
229
898
878
295
585
53
25
32
37
46
376
296
896
364
369
346
433
344
255
240
549
92
510
40
310
206
1
323
332
77
41
139
869
153
374
271
396
449
451
870
93
67
45
86
173
395
242
137
117
159
171
448
761
334
474
324
43
313
231
177
438
63
230
521
275
60
124
248
166
382
309
192
191
440
55
42
375
43
485
211
717
560
411
409
130
61
195
586
26
311
256
161
176
149
87
39
711
542
603
594
688
573
632
571
692
693
464
495
494
493
589
74
16
882
725
743
709
708
707
758
235
756
621
541
317
629
492
599
715
598
739
842
777
812
813
888
37
22
683
871
800
481
477
289
534
522
764
820
679
830
799
649
629
440
355
317
278
320
418
217
101
218
77
26
39
4
3
72
794
71
133
55
16
35
797
801
701
335
339
736
780
135
99
10
463
527
282
294
52
4
72
137
14
17
167
380
187
376
461
499
538
496
65
398
589
601
689
179
534
632
840
170
116
632
828
733
100
768
488
33
134
290
276
575
295
2
29
35
209
219
294
638
392
406
236
660
4
641
347
348
349
487
350
351
352
353
354
355
414
356
483
200
212
242
482
357
508
526
587
830
346
633
40
104
644
745
88
780
500
122
278
264
563
283
10
197
207
282
628
627
615
650
380
394
248
672
177
479
629
361
499
363
364
365
366
367
426
368
495
212
224
254
494
369
496
514
575
818
334
645
52
843
309
142
332
571
147
158
859
67
1
65
35
732
728
41
833
817
492
796
428
318
589
509
587
582
426
319
25
1177
726
1200
297
721
1026
9
801
869
803
903
136
51
64
376
72
440
550
1457
281
286
1294
549
436
450
35
170
122
167
140
11
13
52
870
4
9
1
866
21
2
864
863
861
147
145
156
135
174
90
157
37
264
190
258
407
411
455
40
317
351
590
50
44
23
66
56
196
124
69
242
137
327
89
467
325
119
189
233
222
528
903
410
675
568
584
567
117
116
316
317
496
32
597
115
674
502
621
635
347
438
785
152
918
45
452
569
29
42
30
58
192
781
772
18
768
80
803
771
775
119
23
38
77
765
553
625
1
148
101
24
51
762
84
64
428
429
784
526
787
6
81
770
779
550
92
80
162
91
128
302
1195
423
312
97
124
603
105
786
952
91
196
255
602
67
59
247
227
614
195
275
86
778
674
646
1088
836
1129
1072
788
694
752
82
70
102
729
724
858
126
117
123
316
264
268
807
851
64
46
6
30
37
58
84
686
687
121
73
72
79
82
98
442
666
826
8
882
47
852
858
419
688
620
869
877
857
880
14
15
396
148
344
707
875
343
475
11
678
541
543
2
34
533
35
734
840
230
864
721
695
132
64
36
173
231
534
140
62
535
856
536
27
498
444
99
69
97
269
201
450
458
438
957
176
215
523
83
270
773
975
95
345
19
341
501
774
107
141
183
101
144
10
120
119
126
129
182
15
173
102
100
262
440
373
837
557
424
809
484
247
245
58
250
53
241
170
168
194
508
441
169
905
492
212
877
416
251
23
98
289
441
132
26
164
129
870
108
159
305
861
206
19
851
857
9
852
130
28
221
168
154
41
35
90
7
67
14
66
19
57
47
214
240
12
871
5
547
376
188
327
356
128
27
558
5
119
141
80
633
45
894
684
230
399
418
151
347
462
615
436
258
885
868
3
20
33
21
6
355
56
251
520
518
516
31
106
524
297
449
140
34
172
137
878
116
167
313
869
214
11
859
865
17
860
138
36
9
59
229
176
49
43
98
15
75
22
74
27
65
55
222
886
354
248
4
879
23
42
3
46
555
384
196
335
699
364
136
35
566
13
127
149
88
625
53
409
902
676
238
407
426
159
350
114
355
470
623
266
701
893
876
5
28
41
29
14
363
622
64
259
512
510
508
86
11
277
120
14
152
858
96
147
293
849
25
3
470
23
843
842
118
29
209
156
117
75
29
23
78
5
55
2
54
7
45
194
35
228
535
364
176
315
31
116
546
107
129
645
389
218
406
370
335
603
246
380
453
873
856
8
21
9
6
343
44
239
532
530
528
1251
1192
543
541
325
324
736
336
734
1043
738
732
1007
809
293
941
946
332
825
818
797
79
771
262
325
324
227
226
292
290
213
277
984
234
273
20
203
266
265
168
167
233
231
154
22
503
67
97
234
354
57
295
458
146
395
61
100
176
283
116
594
205
207
210
133
878
880
9
451
465
359
875
204
43
1
884
240
95
244
78
883
8
29
214
99
563
252
201
6
261
195
134
276
864
280
217
894
16
865
42
140
138
108
109
88
885
137
327
123
172
225
414
196
279
228
436
300
202
223
886
472
473
309
206
360
789
56
874
889
215
695
74
75
68
65
4
898
872
326
559
10
33
485
312
114
707
660
549
484
671
636
665
705
672
483
212
274
881
277
41
170
54
872
259
20
278
863
215
876
59
194
892
40
144
6
132
226
121
871
875
65
42
95
232
352
55
293
456
393
84
98
222
281
114
592
878
7
449
463
357
873
202
1
882
238
242
93
76
27
6
97
561
250
199
8
193
543
862
14
883
135
223
412
200
884
470
471
307
204
358
473
213
887
154
896
870
324
153
557
8
31
483
9
310
112
705
658
547
482
669
634
663
703
670
481
757
654
592
15
589
825
696
812
6
607
61
846
588
3
725
737
651
10
807
672
26
826
722
872
760
759
780
734
640
745
801
824
771
634
514
811
573
410
184
323
221
473
11
768
513
585
752
274
765
788
789
12
859
417
403
509
7
664
867
628
16
624
773
790
226
839
860
769
305
227
667
874
673
4
852
17
537
731
643
454
666
18
396
395
559
662
508
653
21
794
793
800
803
712
30
4
542
309
858
835
383
19
84
857
556
754
161
208
319
384
197
232
203
163
196
385
653
591
16
588
824
695
811
7
606
62
845
587
650
11
806
671
27
825
721
871
733
639
6
10
800
770
633
513
810
572
409
500
472
781
767
512
584
751
273
734
13
858
416
402
508
8
663
866
627
17
623
772
789
838
859
768
304
615
71
666
873
672
3
851
678
18
70
536
730
642
453
489
488
487
485
600
665
19
395
394
558
216
661
507
461
652
22
793
792
799
802
462
389
31
5
541
308
857
834
382
330
96
95
555
753
160
207
318
383
196
231
202
162
195
384
614
23
211
363
355
331
381
286
285
30
390
49
53
37
16
30
36
47
35
813
58
63
808
66
39
20
59
16
55
73
797
51
798
25
73
71
41
42
21
64
3
506
68
141
319
403
402
204
646
556
1266
577
839
396
243
122
464
842
497
258
34
85
410
214
12
830
101
18
5
2
10
52
33
217
133
250
49
43
63
88
124
149
98
820
826
22
744
701
834
102
48
90
9
157
512
712
374
219
557
265
228
551
433
111
186
439
27
260
24
216
150
110
74
284
586
186
236
243
555
556
1056
459
411
334
458
323
381
221
409
1072
203
1048
467
403
326
466
315
373
213
401
1064
195
1024
491
379
302
490
291
349
189
377
1040
171
47
44
1074
441
429
352
440
341
399
239
427
1090
221
979
536
334
257
535
246
304
144
332
995
126
2
89
745
323
269
333
520
234
523
170
330
743
181
160
103
45
71
490
135
40
353
411
68
19
23
7
14
78
60
66
775
223
21
778
85
75
408
264
488
373
639
498
380
616
436
525
372
691
350
95
152
210
184
304
626
362
159
339
418
434
396
309
161
265
186
109
50
47
47
96
84
756
2
772
9
199
122
748
64
67
781
105
9
774
113
46
87
514
584
296
188
466
475
19
590
272
182
54
69
113
43
51
100
88
752
2
768
13
195
126
744
745
23
11
3
68
63
777
101
5
770
42
91
518
588
292
184
462
479
15
594
198
97
38
2
212
738
66
84
72
768
14
784
3
135
211
110
760
108
19
769
773
52
79
793
117
21
786
58
75
502
572
308
200
478
463
31
578
59
35
76
17
475
40
23
46
52
45
789
597
797
74
238
45
5
35
47
792
55
36
75
89
781
67
48
80
144
801
12
54
65
483
493
221
432
343
52
125
109
148
139
166
224
265
684
30
81
29
69
464
208
551
470
346
429
677
17
47
519
15
182
93
349
125
8
91
661
19
215
468
539
100
1
283
437
611
447
458
267
386
684
301
98
226
650
640
626
627
171
549
380
404
835
9
631
155
18
212
270
613
195
92
309
364
566
271
678
24
87
35
75
458
214
545
476
352
423
671
23
12
53
525
9
849
188
22
99
355
844
131
2
97
15
667
13
209
474
545
106
7
289
431
617
441
452
273
380
690
307
104
232
644
634
620
621
177
555
386
398
841
15
625
161
12
218
276
607
201
98
303
370
560
273
125
161
325
462
886
337
66
859
899
80
873
863
23
288
101
854
679
9
58
19
8
37
26
844
2
79
179
845
131
858
126
405
114
853
857
163
877
201
105
870
864
268
540
181
713
865
370
217
334
551
2
234
357
398
340
878
62
10
1
348
49
292
261
113
149
313
450
874
325
54
847
887
861
851
276
89
842
667
21
31
38
832
10
67
167
833
119
846
114
393
102
841
845
151
865
189
93
858
256
528
169
725
853
358
205
346
539
14
222
345
386
328
866
50
22
13
336
37
280
841
448
873
814
774
682
826
832
853
810
820
366
762
750
775
769
777
800
801
831
807
49
868
886
16
858
15
627
134
718
851
486
367
368
334
596
551
743
842
235
104
122
121
598
844
745
119
17
336
470
369
370
517
404
446
443
8
847
834
846
101
150
599
479
30
364
2
57
459
97
531
189
45
39
18
61
51
44
505
109
121
500
96
102
94
71
70
40
64
15
855
13
856
134
122
33
13
244
737
153
20
316
385
504
503
239
719
682
683
537
275
320
128
29
636
767
749
750
369
370
371
373
684
27
126
752
535
401
502
501
354
467
337
863
146
24
37
25
770
721
631
154
60
687
272
392
12
410
213
745
761
80
136
734
160
114
109
75
77
80
46
10
8
22
21
42
519
32
101
58
707
672
476
742
25
836
774
757
868
809
769
677
361
821
827
848
805
815
770
622
849
54
881
11
853
670
668
665
699
735
737
767
766
787
845
851
129
713
846
481
362
363
765
786
812
147
184
183
329
591
738
837
99
117
116
182
839
740
114
331
405
465
364
365
512
399
406
180
529
3
842
829
841
683
626
568
179
594
474
144
38
180
344
117
372
6
65
105
366
878
99
282
254
53
47
26
69
59
42
887
50
152
97
11
238
349
314
7
863
516
234
15
864
150
148
138
142
130
658
877
555
60
41
5
204
206
209
175
139
137
107
108
87
122
872
896
308
889
241
505
28
480
559
388
251
694
884
153
286
442
283
318
37
603
581
188
885
35
285
163
396
310
619
532
596
154
9
651
32
45
33
230
221
387
367
162
68
615
113
280
860
11
79
314
217
851
411
26
20
1
42
32
199
856
15
328
93
695
315
125
211
34
836
842
850
32
106
200
7
97
862
1
59
366
721
292
600
349
8
257
136
264
286
230
229
228
501
505
382
401
623
527
333
504
506
434
579
870
137
844
853
5
18
6
9
101
8
841
60
295
198
832
392
274
180
837
115
4
309
74
714
296
106
192
53
817
823
818
831
87
181
12
78
843
44
18
347
740
273
619
330
238
117
245
267
520
486
363
420
642
508
352
523
525
453
598
851
118
825
834
14
28
82
556
555
554
31
880
99
334
237
871
431
885
46
40
19
62
52
219
876
154
35
348
21
113
675
335
145
231
14
856
862
452
473
857
870
100
101
80
126
220
27
117
882
5
381
386
701
238
133
312
580
369
43
28
144
423
277
156
284
306
481
525
402
381
603
547
313
484
486
414
559
890
157
864
873
25
38
26
11
121
12
837
56
541
291
194
828
833
111
22
430
8
305
70
718
292
102
57
813
377
199
184
819
814
827
83
177
16
74
839
48
343
744
326
234
113
241
263
524
482
359
646
504
527
529
602
847
114
830
18
32
533
78
534
217
133
622
109
536
511
470
585
689
875
479
454
241
66
451
267
296
3
5
115
155
207
852
229
305
409
4
390
395
335
360
137
127
866
49
30
674
16
18
444
116
247
168
254
873
345
328
193
341
655
157
103
270
620
707
748
547
725
626
452
453
454
38
102
204
730
552
216
178
897
324
372
21
477
57
252
42
905
235
514
547
308
264
151
45
187
63
124
379
13
488
348
293
72
112
251
885
559
656
204
261
60
54
33
76
225
66
206
259
370
347
345
382
101
248
356
321
512
35
331
487
661
662
663
395
664
355
258
889
49
362
127
349
392
389
90
134
256
665
876
22
28
105
205
381
166
145
184
149
137
884
67
100
48
2
129
879
883
399
58
189
903
227
896
9
70
891
577
704
511
582
803
669
24
160
293
172
449
99
290
811
584
762
585
143
44
456
326
405
439
673
522
538
418
727
344
610
303
588
424
892
432
292
430
344
488
269
541
315
291
170
714
592
791
366
718
792
302
298
508
742
601
483
719
319
793
423
561
221
455
794
627
628
369
80
81
74
71
162
904
171
878
161
433
16
39
52
40
198
237
451
228
510
394
453
629
25
374
255
313
169
75
238
270
17
104
245
120
135
723
724
322
753
828
35
635
356
323
562
606
719
825
400
683
807
746
857
382
522
554
798
507
758
619
324
778
503
310
15
311
214
666
357
165
640
509
609
49
284
810
816
761
784
23
837
785
794
645
804
27
611
488
769
622
14
13
514
549
358
835
539
383
209
208
207
475
206
663
736
489
553
19
821
690
738
508
63
743
203
692
546
10
521
478
481
780
65
614
205
6
848
842
628
765
404
665
1
715
704
725
686
721
733
14
803
641
868
741
9
13
471
812
681
33
643
26
800
618
723
675
385
824
132
21
293
166
359
288
201
846
732
710
577
421
533
771
580
59
286
108
285
545
727
826
414
544
465
431
806
197
58
348
809
745
452
143
526
428
564
260
264
662
590
567
591
595
282
57
446
281
22
438
578
116
440
601
433
329
314
555
579
700
156
278
79
504
239
152
244
78
568
572
128
513
269
387
151
551
458
77
447
309
649
76
243
242
501
34
699
8
709
437
274
854
831
818
830
327
672
10
633
419
642
360
417
241
845
548
496
615
557
701
795
632
600
853
766
750
9
735
147
146
20
23
48
102
9
50
90
345
182
498
38
32
11
54
44
343
237
348
325
730
323
146
13
378
780
57
61
29
860
855
89
6
849
317
316
358
530
677
268
121
22
742
743
270
119
745
271
394
495
494
347
460
330
856
33
139
17
30
18
624
215
206
147
53
265
385
829
425
411
607
720
23
688
571
758
631
684
520
808
747
492
570
858
331
14
765
567
582
28
811
817
838
666
805
638
668
26
612
625
19
577
489
770
605
515
550
359
836
766
305
778
476
560
664
609
793
474
18
557
744
693
482
64
843
714
716
726
687
348
722
734
13
669
719
731
8
830
803
403
697
257
475
628
360
847
733
578
287
286
827
143
639
545
335
256
640
318
7
334
430
815
66
579
385
264
556
266
659
239
270
461
332
237
769
502
33
700
7
783
855
832
819
673
683
497
796
601
626
329
553
751
278
584
316
6
857
187
668
566
58
471
363
362
361
360
398
454
345
849
162
842
86
98
233
106
828
20
306
46
12
18
281
20
437
195
235
70
89
603
531
201
371
541
569
270
269
666
21
16
123
830
839
9
23
104
37
154
33
748
83
22
757
756
6
84
784
99
87
62
111
12
68
743
730
118
137
47
68
119
42
102
39
156
31
750
81
20
755
754
8
86
782
97
89
60
109
10
66
745
732
116
135
120
45
70
117
44
72
69
186
1
780
51
10
725
724
38
213
116
752
67
119
30
79
20
36
775
766
762
86
782
105
90
15
100
478
87
764
74
73
68
185
2
779
52
9
726
725
37
212
115
753
68
118
31
80
19
37
774
765
761
87
781
106
91
16
99
477
88
763
73
52
57
89
206
19
800
31
30
705
704
58
233
136
732
47
139
10
59
40
16
795
786
782
66
802
85
70
5
516
120
498
67
784
94
400
393
33
180
142
36
104
885
178
342
650
689
115
370
172
4
417
339
464
903
103
321
119
395
202
207
51
310
196
67
57
224
250
92
75
503
322
386
26
372
867
19
177
15
163
90
311
396
55
52
403
301
601
47
423
283
306
282
161
205
772
25
398
187
782
357
289
23
710
32
122
479
554
895
869
878
424
7
30
43
31
442
444
246
633
160
49
399
229
8
95
126
25
43
824
269
268
826
278
181
815
279
89
814
827
820
98
417
35
292
330
757
70
731
439
313
164
200
100
228
250
537
659
491
61
540
542
615
68
834
101
806
817
45
57
34
65
1110
1064
130
273
180
187
237
314
24
25
26
27
28
29
10
379
472
334
275
1122
193
216
469
889
14
656
512
444
574
331
798
766
685
453
837
858
645
597
641
516
648
494
441
439
846
815
825
831
852
839
849
851
643
687
661
625
44
863
742
754
791
492
850
295
110
22
432
871
31
287
71
26
844
838
852
843
856
709
207
64
270
276
113
334
356
409
411
5
202
77
131
284
86
3
445
565
167
239
238
234
201
851
493
283
402
268
39
40
33
30
121
50
25
196
187
16
842
79
357
295
217
342
781
59
19
117
250
85
87
67
70
36
757
223
69
749
324
755
73
1
1
47
127
17
841
165
834
30
66
369
817
2
8
574
29
24
23
14
4
31
415
735
105
20
620
150
292
500
618
768
60
100
854
290
41
39
23
10
22
136
821
55
771
691
729
835
773
23
653
454
16
532
788
752
813
112
433
367
449
650
1
820
117
826
847
244
794
795
804
814
66
15
757
764
785
811
192
403
836
83
475
342
713
838
198
668
464
488
491
318
55
398
200
848
800
799
806
809
878
844
850
36
841
828
840
682
692
822
863
3
763
629
373
391
244
247
16
64
902
886
164
116
115
122
125
61
194
160
166
425
28
594
271
272
483
27
820
649
641
2
257
97
96
95
170
129
152
40
19
900
196
26
430
353
439
228
803
629
133
619
540
532
531
530
529
528
527
589
559
560
355
369
122
107
116
678
149
175
108
84
92
541
427
495
470
100
250
389
77
592
540
658
398
10
30
861
794
811
883
882
878
742
845
232
389
123
427
261
218
97
145
256
254
83
607
275
115
261
90
199
629
82
59
58
69
52
225
120
41
60
226
382
205
249
94
357
261
415
279
567
114
410
688
187
774
654
56
24
855
850
439
202
184
186
189
155
53
54
47
44
135
28
134
531
466
104
304
962
270
302
529
524
91
11
37
106
30
155
450
452
424
398
400
356
384
438
33
158
447
449
427
401
403
359
387
441
707
55
135
721
120
126
147
104
114
438
875
156
5
383
138
431
393
177
160
77
125
89
141
128
140
659
103
87
49
769
413
72
78
99
56
66
486
69
827
22
108
6
53
335
90
383
441
225
135
208
125
77
41
574
93
80
92
196
537
17
27
301
67
20
66
115
928
991
891
719
829
822
801
775
746
13
15
14
96
2
59
34
813
100
43
762
827
60
213
738
780
804
708
742
736
995
797
929
934
813
806
785
67
759
19
215
214
280
278
201
711
281
722
726
720
271
723
96
714
729
869
34
858
52
465
537
357
522
386
370
475
430
875
720
682
874
657
644
659
626
661
560
645
631
688
270
55
699
689
709
708
711
717
691
690
140
228
733
24
260
692
612
383
674
188
27
361
17
9
737
79
844
883
870
725
553
772
67
750
805
284
39
810
21
231
182
779
736
476
173
56
740
697
318
477
568
478
483
455
406
189
479
720
780
142
776
21
145
333
78
836
807
28
55
773
68
751
804
283
38
809
20
230
181
780
737
477
172
57
741
698
317
478
569
479
482
456
405
188
480
721
781
141
777
22
144
79
835
806
29
56
766
227
61
744
811
290
45
816
27
237
188
180
773
730
470
179
50
734
691
324
471
562
472
489
449
412
195
473
714
774
148
770
15
151
72
842
813
22
49
763
230
58
741
814
443
293
48
819
30
240
191
770
727
467
182
47
731
688
327
388
415
468
559
469
492
446
415
198
470
711
771
151
767
12
154
845
816
19
46
106
21
54
51
519
103
448
339
482
348
720
625
620
55
157
603
298
197
638
656
700
215
433
147
61
520
11
519
171
146
696
612
651
749
523
883
104
368
117
891
495
882
223
201
98
374
895
204
208
82
441
33
645
344
205
199
372
921
331
625
383
279
673
442
99
66
96
251
136
281
291
170
97
135
473
825
308
379
54
380
477
478
587
890
290
439
574
228
759
611
210
768
352
408
313
350
349
347
220
887
312
125
19
21
874
697
127
881
187
225
160
902
908
563
14
50
38
576
494
167
268
15
234
491
487
727
92
718
733
865
30
854
48
361
526
374
479
426
871
724
686
870
661
648
663
630
665
564
649
635
692
274
51
703
693
713
712
715
721
695
694
136
224
737
20
256
696
616
387
678
184
23
357
13
13
741
75
840
843
879
868
729
557
269
721
98
712
727
871
36
860
54
355
520
384
368
473
432
877
718
680
876
655
642
657
624
659
558
643
629
686
268
57
697
687
707
706
709
715
689
688
142
230
731
26
262
690
610
381
672
190
29
363
19
7
735
81
846
849
885
874
549
723
551
743
149
139
69
279
730
317
117
122
723
19
63
106
762
714
53
722
725
393
328
1
2
1
2
258
132
520
409
461
326
417
330
240
344
376
332
557
213
596
602
535
617
416
214
648
654
656
664
542
672
690
500
378
536
325
295
159
445
212
667
675
94
67
62
60
50
793
164
308
246
354
349
477
1228
306
1224
88
91
564
19
328
59
73
339
257
319
248
353
75
13
587
582
45
625
280
446
9
72
605
373
422
244
495
73
991
127
617
410
119
625
418
30
9
41
32
39
23
34
50
10
36
56
42
21
51
27
38
45
11
14
13
26
17
18
28
12
29
2
22
43
46
59
16
15
35
7
58
20
5
31
57
1
8
33
6
3
4
48
1
25
24
53
52
240
244
409
638
137
495
568
126
180
271
705
700
156
154
163
109
46
723
338
126
155
50
267
271
436
611
531
164
522
595
153
380
461
498
497
495
732
727
129
127
190
136
73
750
99
182
23
244
51
41
536
662
61
660
490
274
385
333
161
376
468
377
573
464
554
450
418
462
237
581
106
124
198
240
117
192
259
177
378
580
146
140
138
130
252
122
104
294
415
653
668
659
103
416
691
68
258
683
469
499
297
541
71
102
684
685
205
132
635
218
270
396
203
856
854
744
1
537
849
302
136
591
654
23
630
370
371
372
373
374
375
622
101
88
178
514
465
254
718
880
636
574
532
477
476
475
474
498
499
444
336
725
335
334
333
371
65
476
64
427
318
616
226
227
893
228
482
739
478
38
341
233
242
667
250
165
173
357
709
58
682
153
232
262
293
164
230
233
653
319
554
369
34
30
70
234
861
106
96
201
86
176
516
720
878
638
576
534
479
478
477
476
500
501
446
338
337
336
335
373
63
474
62
429
320
614
228
229
891
230
484
737
476
187
36
339
240
669
248
163
171
355
56
684
151
230
260
291
162
317
552
367
32
28
68
859
104
94
573
525
668
1025
1017
128
619
396
620
753
484
1026
71
933
1079
216
764
173
949
23
930
922
223
524
931
491
525
658
389
565
566
196
635
245
166
519
446
735
247
604
478
290
364
808
174
677
405
363
437
733
26
145
157
65
118
399
211
210
11
413
414
351
356
393
120
195
707
400
143
151
799
562
806
550
766
318
308
21
143
223
12
777
309
532
48
29
626
731
683
832
326
706
834
63
814
351
817
314
224
568
575
98
737
441
322
587
664
97
512
252
229
395
657
829
307
744
794
690
779
774
2
850
412
186
749
820
487
464
680
484
623
565
709
803
861
228
766
754
765
814
815
768
14
597
781
489
616
553
791
788
789
776
785
784
774
783
773
694
612
640
786
82
652
653
749
430
650
727
497
695
560
804
546
784
694
549
143
3
665
663
660
146
38
829
21
127
190
48
45
46
33
42
41
783
39
38
30
780
722
624
729
808
789
37
623
36
593
758
739
644
35
34
755
282
269
320
368
342
231
75
195
43
547
825
366
423
6
7
490
381
441
420
3
35
213
445
242
483
354
25
783
6
118
423
329
13
843
764
763
785
793
816
817
703
18
27
886
414
874
409
1167
747
356
460
436
348
492
128
58
536
69
288
708
309
104
22
31
30
155
46
38
208
216
604
375
371
92
44
858
642
302
393
426
403
546
428
186
287
619
573
257
865
411
150
112
97
80
235
1
44
290
164
336
552
441
493
665
450
358
449
362
272
376
408
364
589
245
720
628
586
634
567
649
448
246
680
686
688
696
574
704
722
532
411
173
158
167
410
135
568
143
357
327
724
157
229
228
224
191
18
652
795
609
684
692
101
863
44
503
695
502
501
499
614
270
126
337
217
29
92
2
709
874
655
512
644
490
437
435
12
870
657
10
796
688
682
653
8
4
308
871
241
42
271
1012
1011
1010
1009
1008
1007
1169
171
221
284
393
175
9
1168
170
220
283
394
174
8
1167
169
219
282
395
173
7
1166
168
218
281
396
172
6
1165
167
217
280
397
171
5
1164
166
216
279
398
170
4
200
25
116
216
551
23
143
412
301
299
249
120
230
201
372
162
920
269
110
81
88
90
140
159
188
17
227
418
2
391
1106
416
186
46
522
702
276
37
58
15
25
285
2
171
778
181
23
83
30
197
649
648
577
678
49
583
301
205
206
114
24
44
75
52
39
51
504
13
926
135
118
178
958
965
924
909
918
886
894
1
796
249
1
893
892
756
353
625
490
719
131
60
850
1
132
11
816
99
109
27
62
40
24
856
459
75
319
329
328
630
113
457
387
369
372
112
208
477
346
213
376
442
144
145
146
119
147
526
308
448
143
449
551
390
124
148
149
90
236
158
206
162
797
116
179
568
113
50
178
69
435
61
49
343
344
345
635
636
346
401
704
720
433
644
510
710
773
772
422
1021
1024
319
566
459
580
1240
557
544
556
371
315
301
671
578
764
534
713
654
198
296
43
544
368
369
370
372
257
584
216
109
190
38
17
230
278
234
359
227
381
434
436
29
60
50
44
23
36
26
24
232
724
883
28
188
250
12
267
102
133
121
84
672
863
867
383
42
313
560
679
961
916
657
769
719
795
734
690
890
762
1356
399
26
709
474
329
4
54
278
213
108
156
7
15
694
25
22
86
345
346
347
349
234
853
846
396
428
304
268
242
24
109
134
66
845
28
14
81
39
722
461
316
17
41
265
200
95
143
6
28
707
12
9
73
221
840
833
291
255
229
11
96
121
53
832
15
27
377
68
398
27
710
328
5
53
218
277
212
107
155
6
16
695
24
21
85
233
852
274
584
583
845
303
267
241
23
108
133
65
844
27
80
1
6
2
1
4
8
4
5
1
1
2
3
4
787
703
36
921
126
84
923
29
30
166
14
58
57
53
20
795
796
23
24
25
30
231
106
1
178
208
210
179
110
998
932
937
816
809
788
762
800
12
113
77
24
63
30
48
55
466
613
57
451
467
39
30
196
173
124
826
10
468
452
524
582
202
924
94
481
389
826
136
114
50
157
212
177
220
133
132
170
156
193
915
85
444
490
398
817
127
123
41
166
203
168
124
123
161
86
359
370
79
325
381
369
12
543
47
170
1
115
121
759
513
393
186
394
489
410
607
401
442
627
87
181
350
218
372
425
427
20
19
8
413
872
376
185
330
123
148
3
180
75
533
1002
250
210
24
19
101
194
276
278
8
259
975
247
892
52
889
974
931
849
756
674
691
703
257
573
461
71
79
102
103
160
25
28
6
130
67
125
462
523
670
114
394
221
220
627
525
395
541
667
66
665
495
279
390
338
166
381
473
382
578
469
559
455
423
467
242
586
111
129
203
385
245
122
197
264
182
383
585
151
145
143
135
257
127
299
420
658
673
664
108
421
696
73
263
688
474
504
302
546
76
107
210
137
640
223
275
401
208
542
854
307
141
596
659
18
106
581
728
172
336
116
583
337
196
1116
539
461
125
385
225
16
102
316
922
131
215
1344
3
792
245
834
443
5
889
888
752
1
56
54
83
739
645
628
29
862
751
894
641
728
264
234
265
1034
1235
82
117
27
997
1076
1135
813
697
782
293
177
22
384
255
268
341
284
120
159
57
377
105
108
123
874
727
529
189
755
17
186
660
271
72
477
478
463
349
362
539
451
435
378
463
26
253
37
7
780
74
62
804
808
821
255
45
488
70
246
101
826
167
201
832
110
26
263
454
429
337
12
639
640
201
34
235
41
3
102
641
834
234
411
483
258
656
574
240
259
603
452
395
32
131
845
169
368
838
212
644
266
771
236
740
55
267
129
143
99
864
544
845
835
821
822
82
123
51
132
872
134
408
35
234
752
459
32
254
33
210
753
429
540
171
213
99
110
756
8
109
896
92
54
25
86
51
121
133
282
518
247
421
577
523
688
344
553
389
333
882
565
51
797
267
364
906
650
664
358
53
29
143
155
320
490
308
791
47
505
510
44
547
176
643
175
875
326
54
469
665
274
764
320
393
627
526
477
872
554
469
876
104
182
586
198
81
30
360
123
374
397
691
219
463
55
724
745
622
147
612
223
277
249
168
58
68
40
43
730
245
211
435
693
74
250
53
51
62
41
80
25
775
779
287
310
551
87
12
14
267
242
150
637
155
147
111
76
20
634
638
9
726
699
575
732
684
285
870
555
358
42
678
836
506
642
501
715
272
162
508
486
433
431
664
640
590
740
839
444
762
499
498
539
497
495
610
151
459
329
591
192
742
106
105
325
509
598
409
315
824
271
490
458
698
693
491
793
13
492
469
229
258
474
473
116
101
119
127
150
151
31
648
189
141
430
550
66
87
126
174
130
75
44
54
60
78
128
779
76
84
88
160
159
155
146
92
122
279
755
163
331
330
329
602
361
227
796
463
303
764
762
56
225
771
17
204
203
245
27
35
66
11
768
780
17
39
93
731
8
152
185
341
202
195
618
616
614
454
661
363
74
19
776
19
43
788
25
31
85
723
16
160
193
349
210
203
610
608
606
446
653
371
97
42
799
4
7
66
811
48
8
62
700
39
183
216
372
233
226
587
585
583
423
630
394
98
43
800
683
5
6
67
812
49
7
61
699
40
184
217
373
234
227
586
584
582
422
629
395
18
146
27
541
674
150
126
10
179
180
181
183
68
35
842
839
446
116
680
15
824
181
830
164
224
285
851
412
282
276
271
856
808
682
755
485
818
638
590
634
636
618
509
487
434
432
838
641
840
820
653
823
443
676
604
605
609
642
155
53
67
303
394
858
188
179
25
65
45
852
685
92
557
164
166
169
135
832
46
218
177
162
171
139
147
49
52
3
452
265
264
144
605
563
604
261
345
533
93
257
539
255
577
576
449
447
1028
1015
227
502
551
42
553
713
664
243
242
608
746
573
948
623
8
662
518
8
784
738
748
760
532
729
201
654
111
873
479
727
200
210
631
158
175
97
62
246
48
731
33
570
468
820
661
425
180
185
100
131
665
429
64
195
57
705
36
682
10
499
436
437
534
535
469
456
470
592
449
471
548
36
23
63
641
604
477
155
850
537
321
298
21
460
296
119
14
62
306
598
351
470
469
146
331
332
237
238
61
503
241
5
80
239
92
334
363
367
597
238
358
200
237
243
632
371
372
686
3
779
490
718
600
555
602
80
67
43
44
57
474
105
154
603
121
86
418
417
103
10
22
122
299
123
124
125
189
234
550
481
69
449
709
722
315
545
186
109
476
120
27
127
129
132
98
316
174
435
434
650
206
721
204
522
332
617
652
562
331
203
284
244
178
32
131
156
131
39
312
143
96
191
166
74
354
737
360
292
707
659
678
676
673
524
519
542
544
143
380
55
54
694
843
825
828
333
181
296
18
27
241
4
463
296
297
799
38
151
6
785
701
81
428
38
125
151
919
124
671
82
921
29
164
394
819
437
653
211
29
32
47
39
60
157
304
48
17
27
33
51
41
649
14
642
187
233
799
402
258
186
539
40
310
342
51
41
130
64
313
331
598
658
592
328
869
407
189
36
46
341
268
100
148
128
641
872
57
242
152
322
478
728
82
707
806
62
52
53
28
863
684
759
758
687
693
430
367
817
776
761
770
815
823
738
746
252
847
787
644
917
812
169
3
165
795
72
829
739
73
794
873
348
211
118
806
685
876
38
771
128
25
124
200
754
31
788
698
32
753
832
196
103
791
731
700
861
53
756
113
10
109
185
739
16
773
683
17
738
817
205
112
800
740
691
870
44
765
122
19
118
194
748
25
782
692
26
747
826
197
44
724
256
255
184
957
266
145
399
70
185
812
164
928
189
36
732
248
247
192
965
258
153
407
62
193
820
172
936
173
733
80
768
708
723
838
76
13
86
90
162
716
750
660
7
6
715
794
181
741
88
776
715
846
68
5
59
94
98
170
724
758
668
1
2
723
802
278
388
52
255
1028
193
349
559
15
519
430
268
457
1183
629
158
1293
236
221
227
248
205
215
15
16
239
853
148
364
228
43
388
151
133
135
138
104
18
174
69
10
9
433
154
198
408
210
63
359
637
136
415
178
257
265
266
267
268
269
270
208
238
237
132
93
123
1456
1227
383
41
33
8
126
38
14
243
699
455
450
402
318
229
233
628
359
310
448
399
444
395
468
104
34
560
45
684
285
80
46
387
88
73
68
20
834
666
552
278
369
402
379
522
404
210
311
549
290
233
56
847
763
143
366
969
981
186
733
144
983
91
226
686
800
945
780
991
816
851
520
73
164
820
802
928
805
262
247
246
325
445
494
310
581
606
309
134
225
352
18
17
7
232
183
367
96
71
368
543
452
118
98
7
65
41
86
108
67
20
56
463
240
376
241
380
39
45
52
226
621
11
154
16
262
499
684
198
219
207
176
186
192
210
196
134
579
79
93
114
102
71
81
87
105
60
91
29
449
258
7
784
127
326
890
918
34
409
911
132
123
38
660
454
678
455
418
456
551
324
123
182
121
141
162
150
129
153
61
699
38
846
701
282
500
499
172
55
665
210
135
24
817
19
113
115
31
825
12
142
147
30
87
98
77
116
32
157
337
547
824
466
296
612
510
427
401
265
216
8
13
1
30
20
14
4
839
17
128
59
72
103
91
83
22
410
359
230
79
372
298
269
275
599
435
175
323
266
583
528
526
419
590
139
604
525
517
516
515
514
513
512
574
544
545
646
289
786
98
9
94
792
717
750
722
31
732
11
530
726
667
552
447
315
593
846
878
719
842
137
143
16
150
56
58
639
360
401
589
612
611
128
790
691
671
289
83
447
41
180
105
278
766
424
769
2
725
697
754
648
185
20
231
23
93
535
57
84
476
161
134
258
3
151
642
105
94
106
636
649
684
148
640
25
50
229
115
225
411
881
211
443
360
361
362
364
249
433
447
265
82
341
304
368
365
40
37
30
9
21
52
42
36
18
206
692
282
113
205
210
646
397
279
283
836
79
419
306
1
695
598
639
640
102
955
977
297
93
654
81
972
227
656
272
711
691
798
63
812
525
411
479
348
462
489
486
84
807
54
57
62
491
437
148
1023
51
126
251
700
180
127
273
100
702
880
481
972
63
64
65
66
67
68
69
70
71
19
53
52
51
50
708
165
222
12
8
125
70
190
274
96
81
55
31
424
425
462
633
245
612
58
218
201
586
930
125
1
100
132
82
155
84
69
645
153
233
31
143
382
374
727
915
709
688
700
731
721
715
697
430
393
331
387
332
333
404
789
868
639
357
509
334
318
322
217
27
228
231
22
112
114
117
83
546
411
354
410
171
103
307
386
164
44
124
748
31
3
65
742
12
238
281
363
239
282
364
798
58
109
69
84
37
934
527
265
861
191
107
617
724
272
284
319
465
48
464
142
132
325
291
841
164
236
235
231
19
359
358
16
198
61
113
111
122
101
140
23
835
145
859
183
852
848
179
57
199
17
62
112
39
133
339
320
101
767
65
68
181
763
12
736
92
341
344
408
587
409
383
247
198
392
10
31
19
12
2
4
22
821
1
41
212
61
354
280
251
293
581
417
157
305
248
510
508
401
608
412
386
304
250
201
395
7
215
28
16
15
5
1
19
824
64
2
44
357
283
254
290
584
420
160
308
251
568
513
511
404
605
218
2
38
789
528
78
740
171
91
219
504
725
472
216
215
351
488
341
213
212
212
386
229
385
678
317
613
222
62
179
105
29
157
82
13
25
18
94
758
526
339
338
70
65
335
419
590
296
41
857
93
752
694
265
856
884
89
479
5
791
319
716
717
845
802
213
807
871
2
927
796
770
3
955
797
105
38
66
56
121
59
193
594
185
79
891
265
1080
1218
1031
796
1174
186
999
2
1
447
607
608
609
534
575
552
251
115
747
135
17
89
88
84
791
51
38
69
517
465
655
723
160
410
126
835
661
70
516
466
654
722
159
411
125
834
660
499
659
660
661
586
627
604
1056
41
303
701
760
702
761
261
293
252
273
920
95
167
565
624
566
625
940
941
942
944
695
829
583
170
748
222
147
382
727
40
411
176
220
386
83
410
85
493
381
659
158
698
487
502
437
136
173
704
839
873
808
69
693
795
333
208
245
776
911
945
880
141
621
867
261
207
244
775
910
944
879
140
622
866
262
203
240
771
906
940
875
136
626
862
266
185
849
739
842
178
170
659
103
207
738
873
907
829
299
184
216
172
670
175
90
196
26
550
843
125
40
488
547
489
548
13
657
158
257
838
859
646
598
642
517
495
442
440
847
816
826
832
850
644
688
626
864
204
493
106
131
63
25
140
396
29
712
326
605
7
275
97
83
342
343
344
346
231
575
843
301
265
21
21
716
507
693
593
492
670
685
691
237
46
299
159
284
723
117
77
141
22
165
163
23
356
77
31
467
1111
14
214
279
161
153
183
184
177
185
188
382
405
419
374
268
398
156
133
159
571
281
273
15
290
16
201
107
109
98
119
80
127
150
944
121
80
187
365
39
762
761
743
38
728
79
788
738
654
454
330
840
361
298
262
18
103
128
60
22
32
715
323
10
272
80
228
625
624
28
30
33
1
89
87
84
118
46
44
42
53
32
71
98
100
103
69
226
225
267
311
207
161
680
107
709
804
11
585
220
407
445
77
148
149
85
81
731
737
42
88
94
115
745
72
82
457
64
73
347
273
35
288
44
84
345
39
857
154
543
542
871
342
319
317
220
334
77
689
307
494
499
536
263
43
274
621
602
622
177
256
264
265
266
267
268
269
207
237
236
255
58
808
806
817
796
835
853
882
1092
166
1232
1141
452
59
61
64
30
790
326
319
183
328
206
273
93
220
67
43
172
97
37
205
197
448
385
538
467
299
298
254
405
66
4
283
786
787
1
662
663
62
173
955
265
101
520
267
333
454
468
890
633
683
98
887
805
743
701
646
645
644
643
667
668
689
894
680
64
836
323
322
217
215
19
17
14
48
221
72
513
5
6
75
186
14
47
19
29
184
88
137
22
133
39
6
34
24
131
35
176
62
61
172
170
74
143
29
28
139
137
41
42
171
57
56
167
165
69
161
47
46
157
155
59
476
311
1130
1146
1137
1145
156
101
492
532
164
220
309
165
116
121
158
91
115
221
84
94
109
549
414
172
177
214
59
550
510
551
722
695
730
281
500
866
706
551
354
46
353
308
486
487
17
488
465
14
779
673
638
497
711
504
482
429
427
736
440
357
352
315
535
147
455
325
587
188
738
47
588
505
177
283
711
713
23
491
496
148
111
930
927
921
944
936
128
662
668
889
667
864
851
143
116
935
932
926
949
941
133
657
663
894
662
869
856
584
654
804
516
823
135
774
724
765
91
284
283
342
500
289
259
601
541
480
353
483
489
494
682
789
159
84
1364
57
40
1303
1176
1306
1312
1317
368
369
373
375
376
97
225
65
94
197
178
294
801
458
426
839
186
218
793
291
285
690
517
687
30
124
27
187
85
66
42
45
43
110
236
302
241
977
301
278
279
202
190
144
966
965
812
4
166
730
111
631
178
237
505
1008
100
777
202
101
745
962
177
236
506
1007
99
776
203
100
744
961
630
705
808
489
345
264
98
72
883
68
178
788
909
842
738
173
3
808
7
103
713
834
567
767
362
37
339
544
301
28
782
637
254
596
362
454
543
362
154
699
756
348
626
807
136
202
78
888
143
702
468
560
649
256
805
862
732
744
1024
1168
177
203
209
379
231
982
227
228
229
230
409
99
101
90
111
72
804
405
406
407
408
424
84
86
75
96
57
789
420
421
422
423
290
177
36
287
291
79
174
161
136
13
2
23
16
289
734
486
464
335
312
310
19
2
41
31
25
491
662
663
223
224
664
106
179
441
440
623
667
372
558
607
99
45
51
72
29
39
141
189
145
143
161
543
294
818
624
685
1170
1174
1171
1172
1173
245
182
62
802
15
77
79
82
48
492
263
284
241
251
257
99
543
216
244
386
435
863
622
1282
1320
759
126
918
147
191
869
807
883
743
780
896
61
26
18
1
1094
1093
1142
1022
980
981
1300
1041
1029
1040
1089
969
927
928
1011
999
1010
1059
939
897
898
286
301
270
277
298
324
872
900
242
65
393
312
275
276
278
290
993
795
811
804
783
279
757
17
213
212
278
276
199
28
767
49
15
441
360
323
324
326
7
77
13
59
57
367
788
661
779
771
286
458
337
780
824
627
628
756
713
302
718
782
331
738
332
295
333
428
220
93
50
49
79
36
979
41
105
217
127
128
21
205
361
32
11
20
24
891
302
1
123
99
106
78
128
119
120
120
141
119
124
18
65
64
64
21
994
26
90
202
10
35
459
461
462
8
19
25
890
301
124
98
127
120
121
142
141
13
56
1071
118
125
140
150
130
131
128
122
148
149
31
30
28
29
790
783
762
736
774
141
142
143
144
137
138
145
780
773
752
726
764
151
152
153
154
147
148
155
800
793
772
746
784
131
132
133
134
127
128
135
799
792
771
745
783
132
133
134
135
128
129
136
802
795
774
748
786
129
130
131
132
125
126
133
58
808
801
780
754
792
123
124
125
126
119
120
127
782
775
754
728
766
149
150
151
152
145
146
153
781
774
753
727
765
150
151
152
153
146
147
154
30
29
27
28
29
28
26
27
28
27
25
26
27
26
24
25
34
33
31
32
33
32
30
31
26
25
23
24
140
2
194
119
23
105
11
116
1142
245
310
698
26
578
397
224
218
118
146
756
777
750
740
726
727
177
89
870
95
168
47
26
129
232
14
62
18
34
304
305
407
214
35
37
30
29
169
358
305
260
411
47
70
399
397
56
140
233
15
63
19
35
164
306
408
188
30
18
26
10
261
363
339
71
92
121
169
125
49
59
65
141
24
412
514
726
468
746
743
852
1110
358
835
20
8
630
187
469
264
736
60
729
701
190
281
145
298
11
149
47
665
32
921
252
354
508
356
308
787
788
789
791
676
85
944
86
945
87
946
89
948
26
833
219
240
197
207
213
142
144
133
154
115
335
45
737
30
45
216
104
213
190
188
844
133
458
282
153
13
47
739
32
43
218
106
215
192
190
842
135
460
284
155
15
268
36
728
21
54
207
95
853
124
449
273
144
4
257
57
781
749
42
33
228
116
225
202
200
832
145
470
294
165
25
278
18
710
3
72
189
77
871
106
431
255
126
14
239
172
39
38
26
171
163
111
1019
105
1135
1149
83
1384
392
391
390
389
388
329
387
260
903
528
919
910
918
545
735
683
681
678
712
555
556
514
122
32
31
470
263
574
537
482
336
990
16
885
113
279
117
191
51
79
108
121
99
120
235
7
123
1107
1198
183
152
165
143
214
232
106
229
164
680
922
792
192
283
732
763
750
772
701
683
809
686
751
749
82
280
795
803
752
469
906
177
996
987
1010
1002
194
596
602
955
601
930
917
348
789
812
804
4
794
798
21
800
757
799
732
719
734
701
736
635
720
706
763
785
546
909
334
333
87
89
92
58
482
17
90
434
1041
1170
374
321
144
362
229
78
198
152
708
748
32
475
353
415
261
62
408
477
555
430
9
831
791
211
44
549
199
121
246
685
155
115
103
127
470
78
178
548
423
16
824
784
542
470
67
157
204
596
244
12
47
30
13
95
352
256
291
493
376
377
179
258
293
216
18
25
363
107
12
1024
251
33
515
369
328
787
533
920
921
347
269
3
331
93
225
172
266
265
224
36
143
21
32
171
160
493
193
22
1001
139
96
102
448
1210
473
1112
57
343
375
434
433
833
724
703
746
736
730
307
628
609
106
554
524
525
306
135
332
137
7
13
34
9
1
179
227
183
181
199
374
662
514
423
158
662
35
996
34
63
144
394
395
402
111
518
67
764
263
262
110
269
64
1037
758
555
585
935
853
1069
790
617
967
885
513
172
116
1016
92
1
985
967
1093
970
17
21
915
904
907
903
998
994
14
32
94
29
10
28
98
25
242
466
176
650
191
681
501
141
608
440
75
917
72
71
46
193
190
189
694
387
76
93
142
42
208
135
184
10
11
31
213
710
133
188
11
773
135
2
4
3
1
2
1
5
4
2
3
276
14
265
202
1154
1066
1064
130
131
936
953
1151
1150
803
802
801
941
13
198
130
153
83
190
368
461
14
211
346
584
275
276
642
844
171
47
825
283
247
3
113
582
308
114
784
111
314
335
292
302
71
41
831
289
253
9
119
316
293
291
204
405
20
852
310
274
30
140
610
496
564
401
225
63
809
267
231
13
97
182
685
53
819
518
277
241
3
107
124
359
46
10
444
458
352
19
170
958
262
353
354
355
356
318
397
396
3
515
26
538
28
540
639
183
591
231
635
187
581
567
928
637
185
143
419
619
203
487
52
336
486
451
653
467
665
778
793
808
790
619
803
808
638
575
813
810
811
798
807
806
796
12
5
16
42
761
795
326
676
677
327
910
991
592
421
605
610
440
377
615
612
613
600
609
608
598
959
597
1104
479
497
264
502
499
496
495
485
1072
484
397
390
395
398
385
394
393
383
382
342
203
64
351
350
109
311
250
132
119
160
140
141
202
404
357
228
42
1016
245
280
228
152
900
284
391
390
116
132
123
131
33
115
114
113
112
131
122
130
130
121
129
129
120
128
128
119
127
44
45
57
17
26
18
784
791
812
838
5
814
805
828
820
778
773
783
748
735
750
717
752
651
736
722
779
12
807
798
821
813
785
766
790
741
728
743
710
745
644
729
715
772
143
33
786
777
800
792
806
745
811
720
707
722
689
724
623
708
694
751
686
394
559
59
760
751
774
766
832
719
837
694
681
696
663
698
597
682
668
725
322
120
729
649
420
711
590
339
119
118
1192
1000
999
1041
820
959
20
78
191
184
221
213
156
149
136
32
191
50
94
13
14
97
310
152
864
101
95
297
289
526
482
43
44
45
135
510
157
488
210
435
212
433
247
248
251
218
260
238
219
261
239
663
222
242
1380
61
1140
4
62
110
85
87
88
11
1402
1282
126
25
99
48
2
3
86
74
88
76
25
89
77
26
749
954
731
804
698
903
680
753
791
918
848
912
461
868
462
558
6
115
4
53
112
77
97
98
132
124
133
98
99
133
125
134
110
111
145
137
146
75
64
154
45
16
28
17
147
146
56
74
109
101
110
213
63
98
90
99
202
155
120
128
119
14
367
16
344
282
44
79
71
80
185
168
183
145
83
15
956
1060
1092
1048
50
42
51
27
944
1048
1080
1036
62
54
63
16
955
1059
1091
1047
51
43
52
1
148
113
121
112
147
112
120
111
55
656
90
82
87
91
1175
79
1167
1176
455
436
91
53
319
736
1071
58
48
1094
35
25
447
290
190
33
483
209
52
464
145
78
478
479
2
480
358
355
483
843
980
573
379
503
969
70
41
639
144
288
143
112
52
69
40
638
145
289
144
113
51
111
82
680
103
247
102
71
93
38
1264
1004
1108
1140
1096
37
36
35
34
33
164
828
325
454
992
618
345
98
181
94
933
1182
228
811
1355
394
308
437
107
636
743
1415
1232
1129
276
990
1133
690
110
119
560
457
392
306
530
451
443
442
441
440
439
438
500
470
471
16
17
18
217
218
219
195
194
161
57
216
25
119
179
183
703
52
123
712
432
39
48
322
572
538
743
213
261
418
935
822
824
827
793
821
823
826
792
1028
1163
1025
1024
262
11
906
1163
829
33
828
290
80
1469
1470
33
242
243
244
220
219
489
866
863
862
117
106
360
161
47
11
441
1274
327
1160
395
1228
570
278
313
19
820
32
1174
1161
554
1076
541
1063
2
284
28
209
210
211
187
186
153
49
208
111
696
901
72
54
77
898
905
813
884
456
455
842
843
988
946
947
1020
978
979
921
910
976
934
935
1423
126
203
1
849
3
851
1
854
471
1090
32
1189
516
311
542
747
282
1134
1031
94
748
347
1050
201
712
708
711
1089
263
1262
86
269
1078
274
1251
97
280
337
823
631
359
298
200
102
263
94
31
30
29
1
1
1
238
221
1
1
3
1
2
460
628
694
629
630
631
1134
75
902
74
368
618
223
643
74
205
14
39
19
13
12
331
40
41
34
429
977
1217
170
976
905
1216
1217
85
279
61
513
1
1
1151
1145
5
516
511
119
1
666
465
609
553
494
1039
1029
1015
1016
112
596
23
1
1
594
110
45
1037
1027
1013
1014
46
550
386
481
712
677
707
491
185
249
296
68
17
42
360
404
403
132
155
154
26
69
47
1084
106
401
869
80
441
103
78
52
1459
1354
135
140
32
274
302
1029
220
379
224
383
449
108
454
280
1385
1049
1
3
1
2
1
294
293
86
85
1
2
1
118
289
1040
884
796
808
858
713
625
637
223
625
970
915
880
2
4
355
354
87
2
25
86
1
24
164
735
943
857
68
111
70
1
28
34
561
35
280
23
22
106
63
952
108
107
21
22
1037
509
510
241
386
712
711
710
58
338
398
1
1
1
97
260
138
218
403
1
458
212
155
217
207
156
1064
824
823
18
155
1
957
1063
875
524
59
2
1
1
184
916
915
914
31
2
224
34
516
33
848
849
850
130
131
851
723
724
725
255
256
726
120
810
38
892
1041
94
158
157
156
763
833
762
832
761
831
1062
999
1
596
35
163
160
78
330
365
75
55
270
353
345
782
783
135
1026
440
925
152
1153
1118
994
231
785
959
750
1328
554
199
89
1
3
1
1
533
707
878
13
672
109
794
240
117
103
93
79
80
926
104
909
916
94
899
902
80
885
903
81
886
1
1254
346
1104
43
42
14
15
704
424
125
299
236
1021
64
1123
548
1107
418
373
305
304
382
578
2
381
1150
264
1134
263
1
24
340
