466
98
248
253
254
255
258
987
199
135
5
53
105
227
216
108
260
319
257
121
123
453
237
67
126
580
277
1
12
182
708
594
698
41
675
599
722
7
9
246
379
544
453
574
590
593
622
621
635
715
508
509
605
472
297
237
94
561
312
288
366
356
352
566
100
537
528
529
39
657
18
24
702
1
342
550
669
3
1283
703
245
256
1209
409
410
408
407
189
1041
1049
705
1238
816
815
1165
1111
1112
1113
1193
1174
341
551
668
2
256
892
794
754
24
212
220
780
257
339
292
988
63
67
289
552
565
81
145
93
104
109
90
129
86
148
149
146
272
67
85
2
39
50
499
511
18
33
47
553
844
936
790
293
195
693
24
237
408
375
4
264
239
266
245
381
285
134
185
33
79
213
432
399
28
288
263
290
269
405
261
161
9
55
262
57
428
447
61
541
444
187
4
772
12
443
355
394
338
393
359
33
404
27
486
485
445
434
351
436
437
422
134
173
92
693
489
14
547
379
533
131
114
10
588
572
568
542
257
176
180
170
157
374
281
129
503
115
579
596
597
598
599
600
652
653
197
89
70
50
587
335
373
93
4
907
270
279
269
510
494
908
264
150
389
286
493
601
557
496
528
657
535
284
313
260
658
628
312
273
115
438
441
648
487
28
508
411
154
21
477
238
461
395
414
410
322
522
490
470
361
305
360
326
371
346
164
660
43
453
452
412
401
318
403
404
389
101
140
456
514
229
500
81
143
147
137
124
96
56
37
17
554
302
340
37
231
460
568
590
495
610
624
280
227
625
595
279
240
82
405
408
615
454
217
392
388
377
289
142
69
1341
91
37
83
515
374
664
86
83
128
1144
211
25
2
19
1084
98
48
47
207
345
581
27
13
126
555
121
914
378
1090
16
123
349
519
500
297
709
343
470
540
689
61
108
153
1169
186
27
6
1109
123
23
22
182
320
556
2
38
151
530
96
353
1115
41
148
324
544
525
272
734
318
445
513
372
662
88
81
126
1142
213
21
1082
96
50
49
209
347
583
29
11
124
557
123
380
1088
14
121
351
517
174
498
299
707
345
472
534
683
67
102
147
1163
192
1103
117
29
28
188
326
562
32
145
536
102
359
1109
35
142
330
465
519
278
436
728
324
451
633
417
12
15
11
39
669
170
677
254
279
12
608
707
701
31
364
675
670
668
667
97
666
37
678
676
10
277
210
727
571
35
54
482
9
214
705
7
24
683
57
20
44
33
266
708
347
18
5
746
564
567
575
582
23
244
299
508
4
231
747
748
749
601
399
774
414
552
460
397
202
265
246
247
577
361
46
377
207
208
248
259
342
257
256
271
559
520
601
543
197
632
152
249
506
82
681
250
338
299
355
300
334
605
394
532
588
445
81
60
703
12
10
357
310
204
442
20
613
634
315
146
431
314
397
160
562
35
11
639
375
39
105
121
125
38
60
151
306
436
517
513
523
536
410
319
40
412
98
428
190
564
114
615
97
96
95
94
93
41
40
51
1
57
496
596
604
623
63
643
106
251
358
320
422
697
53
183
199
52
429
404
304
470
407
200
7
92
408
419
165
36
158
409
439
380
180
433
35
34
33
65
381
420
578
255
252
49
45
131
301
206
24
132
90
231
4
304
301
310
311
65
326
83
393
221
1306
210
93
586
386
483
446
646
552
9
2
554
704
469
6
685
5
7
8
414
467
697
541
507
7
502
51
712
564
462
19
193
700
4
273
644
571
588
631
62
696
514
371
219
487
230
489
269
228
573
670
427
392
459
317
523
404
530
180
706
680
311
479
448
94
80
334
353
362
262
59
361
587
187
399
92
108
109
81
110
82
170
178
354
146
47
47
83
243
287
288
937
945
819
845
792
853
783
830
1099
124
1060
296
32
168
85
548
370
160
553
550
558
549
547
546
158
129
118
239
162
159
561
694
945
101
134
237
31
1149
336
150
24
28
58
30
193
200
573
618
14
229
364
367
182
392
451
5
613
603
602
215
350
353
196
378
437
9
118
741
662
862
419
246
933
954
968
5
6
7
10
512
698
710
42
4
53
157
31
134
12
872
700
168
142
699
697
696
901
332
713
243
543
335
21
32
103
602
15
902
252
716
295
9
379
20
307
877
852
778
210
190
191
333
217
978
215
986
720
77
46
96
718
245
199
795
1001
126
95
995
66
62
722
233
225
278
280
279
247
723
816
743
965
294
330
292
433
117
586
434
479
540
337
508
805
649
305
453
336
363
457
135
138
411
45
55
52
43
30
283
272
291
163
222
148
147
1297
157
1296
224
236
3
546
260
272
223
92
175
175
80
59
46
32
116
102
28
87
138
39
80
84
165
172
35
157
108
249
100
231
219
123
359
392
549
263
275
226
89
172
178
83
62
43
35
113
99
25
84
135
36
77
81
162
169
32
154
105
252
103
234
222
126
362
395
286
274
323
638
721
371
466
487
592
514
662
648
574
633
684
585
520
626
630
711
718
581
703
654
40
297
446
315
327
423
187
154
123
736
657
424
251
928
949
963
734
47
391
63
1
2
5
507
9
58
972
119
117
94
36
90
139
17
867
708
705
173
147
896
337
718
248
538
509
340
26
37
991
108
597
932
936
897
257
145
721
300
273
160
4
384
25
312
275
215
195
290
196
420
725
807
440
481
82
51
101
723
250
204
790
996
131
853
100
990
71
67
28
313
727
238
705
327
213
35
185
960
667
299
335
297
428
592
122
591
429
474
535
332
513
800
644
624
302
303
442
443
543
698
764
812
304
310
448
341
486
368
462
124
735
656
425
252
927
948
962
733
48
390
64
1
4
506
716
76
147
88
10
59
971
120
118
95
37
91
140
18
866
706
174
148
895
338
719
249
537
62
2
341
27
38
990
34
109
53
14
57
596
931
21
935
896
258
146
94
722
301
3
130
127
98
99
85
385
26
313
276
216
196
291
197
421
726
806
371
734
737
61
83
52
102
724
251
205
789
995
132
852
101
989
72
68
29
312
728
239
36
154
959
183
192
191
666
300
336
298
427
591
123
592
428
546
473
534
331
514
799
643
623
301
302
441
442
542
697
763
811
303
311
447
342
575
581
125
261
734
655
426
253
522
325
926
947
961
724
744
732
743
801
803
49
962
964
618
389
65
3
505
11
60
970
121
119
96
38
92
141
19
865
707
175
149
894
339
503
534
720
250
536
342
28
39
989
110
326
595
22
895
259
4
147
5
723
302
2
386
27
314
217
197
292
198
422
727
805
356
366
372
363
735
354
738
281
84
53
103
725
252
206
788
994
133
851
226
234
102
450
879
988
73
69
30
311
729
240
324
257
37
958
665
301
617
774
760
733
955
337
299
426
590
591
124
593
427
536
472
533
330
515
798
642
622
300
301
440
441
541
696
762
810
302
312
446
343
574
128
600
542
691
726
725
264
23
731
652
429
256
727
16
552
52
787
959
961
615
221
220
386
68
51
502
29
14
63
26
967
41
144
22
58
862
713
710
718
178
152
706
476
891
342
125
723
253
533
330
311
217
345
180
148
153
31
42
113
592
567
888
832
892
593
1
150
2
726
305
1
89
389
30
317
280
220
200
295
201
625
541
425
730
802
375
738
741
167
87
216
56
106
728
255
209
785
261
992
191
871
797
989
987
300
301
136
349
848
890
132
229
828
825
237
105
447
876
47
985
76
72
412
436
213
474
33
308
732
243
40
955
752
662
88
304
771
340
302
423
587
374
127
596
424
539
469
530
327
518
795
639
619
297
298
437
438
538
693
759
807
299
315
443
346
471
251
59
13
110
11
52
56
137
569
144
7
129
80
18
60
88
43
74
118
288
300
64
277
128
259
1062
247
151
388
387
420
69
310
72
51
48
7
3
78
85
110
52
70
21
34
76
66
41
119
29
16
15
389
634
658
177
347
359
262
167
146
5
636
336
187
318
13
241
1003
306
210
447
446
479
156
762
781
1209
893
932
702
818
175
693
1104
1053
546
662
19
338
19
654
451
30
316
131
170
417
642
192
669
244
759
329
24
643
641
662
848
69
256
989
244
708
421
410
371
245
243
12
540
695
718
223
212
650
389
417
431
428
39
242
486
339
340
246
432
341
241
240
416
607
499
541
357
635
432
297
112
151
398
173
650
225
778
310
43
643
867
181
50
237
1008
263
727
402
391
352
226
262
559
714
720
719
718
737
669
408
58
566
261
505
358
359
265
451
360
260
259
435
588
480
522
187
507
188
186
185
1034
101
647
58
303
177
39
870
280
180
1185
1161
134
1188
88
526
185
839
114
1006
277
276
320
412
678
462
939
463
617
547
686
264
216
909
241
219
1224
1200
173
1227
127
487
878
75
1045
316
315
281
451
311
717
501
978
656
586
64
899
45
249
219
147
164
138
10
14
709
698
694
699
696
7
704
695
693
692
13
152
153
997
143
996
103
716
44
722
94
63
717
721
52
203
692
694
84
264
43
212
215
216
151
217
604
686
365
505
38
375
367
16
266
55
46
634
417
356
51
425
437
558
20
32
19
23
735
460
26
218
223
409
438
231
562
527
495
624
432
482
359
453
665
143
1089
62
582
1118
123
101
141
114
104
85
5
50
107
81
1097
8
108
588
576
13
14
47
124
69
132
997
972
117
1113
66
589
107
122
75
244
111
643
420
3
1
604
526
674
629
660
256
696
730
535
593
715
666
28
257
258
310
2
3
601
523
671
626
657
253
693
1
21
24
727
532
590
712
16
663
31
254
255
113
558
584
725
543
254
417
603
673
23
729
418
592
714
678
29
295
78
70
25
56
92
7
9
11
34
38
68
35
580
577
126
11
111
585
484
62
132
54
63
62
25
1
2
31
30
44
67
46
347
346
148
103
134
170
71
204
67
189
140
210
209
24
15
16
53
77
80
109
108
122
145
269
268
45
44
14
380
264
22
77
61
59
36
32
990
994
56
81
41
818
8
62
197
124
133
132
95
71
68
39
40
26
12
96
266
955
215
102
217
138
24
43
355
314
319
676
241
49
79
417
416
54
65
31
282
67
32
16
14
9
13
83
109
110
101
36
86
37
69
63
613
79
88
87
50
26
23
6
5
19
222
7
5
95
157
268
986
1100
372
371
498
962
925
36
63
658
1004
1008
12
21
636
633
78
79
70
67
55
6
19
75
110
119
118
81
57
54
25
26
12
10
68
654
11
140
64
362
374
10
955
151
1069
403
402
764
813
545
326
317
416
279
459
243
288
393
1168
1217
275
208
198
688
201
190
227
99
131
694
675
16
34
103
19
796
30
271
95
40
39
676
674
307
32
690
953
34
118
429
428
85
176
66
237
124
239
160
46
65
975
207
491
534
448
377
336
341
698
263
71
101
439
438
296
498
583
623
892
587
9
195
494
19
203
341
73
137
15
64
51
706
703
198
68
152
219
221
222
25
136
709
59
5
710
708
210
79
46
713
146
31
106
50
11
54
8
9
719
271
158
714
127
124
95
96
82
2
273
4
13
6
80
99
369
721
170
287
885
999
305
129
855
98
164
133
979
982
223
207
225
142
179
190
107
742
978
187
151
180
189
188
569
473
472
694
743
488
495
475
346
482
116
149
182
191
47
180
515
513
514
111
108
117
118
137
237
249
152
57
36
112
93
101
120
140
95
84
38
775
375
121
58
91
124
133
122
73
587
591
954
953
1018
952
1059
73
57
4
336
335
102
100
77
73
64
31
2
11
777
49
238
699
165
174
173
136
112
109
80
81
67
402
709
713
53
137
69
72
63
62
832
831
896
830
937
195
85
307
76
256
143
258
179
43
65
84
272
206
118
421
305
396
703
355
360
717
282
90
120
458
457
564
503
361
497
48
245
178
331
588
241
65
69
277
660
664
319
983
4
88
55
259
655
679
829
16
35
657
383
307
249
716
757
753
1005
761
69
177
715
101
564
478
409
408
1
38
5
6
32
36
42
53
57
45
48
50
34
30
52
55
47
56
58
59
25
49
21
43
22
39
15
44
18
20
19
35
54
27
24
17
13
9
2
3
37
46
7
14
8
33
16
2
26
10
23
11
12
4
171
957
281
62
308
815
1139
92
316
294
282
72
897
658
708
216
4
2
640
637
646
647
706
614
42
301
298
75
36
45
215
22
93
712
711
707
2
710
618
220
46
305
302
40
49
219
18
97
440
654
589
591
614
618
645
574
493
371
1
3
477
714
715
684
5
712
536
655
351
381
565
421
446
682
671
362
9
707
695
548
661
683
644
653
282
343
473
572
649
657
522
6
364
581
484
705
637
679
348
667
680
500
295
676
495
390
239
673
523
678
625
209
290
190
187
213
411
276
515
374
378
167
165
127
240
357
241
163
437
651
586
588
611
615
642
571
490
368
2
474
711
712
681
8
709
533
652
708
630
401
378
407
562
418
557
443
679
668
359
12
704
672
653
692
649
545
658
680
641
650
285
279
340
470
569
646
654
519
9
361
578
481
702
634
676
345
664
677
497
292
673
387
236
670
520
675
622
206
287
187
184
258
210
408
273
512
16
114
371
375
164
162
124
175
237
354
238
42
160
445
590
659
594
596
619
623
650
579
498
376
6
10
689
77
9
11
12
541
716
386
570
451
687
676
367
482
719
553
666
688
649
658
478
273
232
577
654
527
586
489
684
672
685
505
300
681
395
678
528
683
630
214
295
195
192
266
218
416
379
383
172
170
132
245
362
246
50
168
263
289
1215
41
187
1275
267
123
268
266
265
691
39
730
26
158
167
154
150
1025
122
69
29
952
304
140
92
125
889
139
346
261
273
144
1100
580
540
195
289
13
704
132
141
128
124
999
148
95
55
926
330
166
758
66
99
863
165
287
299
170
1074
554
514
651
762
763
764
766
1256
147
148
149
1093
1092
67
66
65
64
201
1109
1108
1107
164
200
191
50
51
1088
1046
462
64
463
461
1194
1085
1087
504
4
164
145
153
172
192
1036
1035
1098
1099
1081
1027
1080
1100
42
1152
106
3
1
584
52
53
10
11
7
61
8
12
658
580
377
380
25
630
691
679
178
1
1
638
2
629
660
15
4
565
617
614
623
624
706
588
672
573
676
657
693
14
612
689
625
702
690
709
558
710
681
707
13
574
577
606
605
619
598
488
508
365
213
481
224
483
283
468
640
456
695
567
664
421
386
408
461
501
453
477
440
311
517
463
398
524
700
545
674
535
305
546
265
381
473
536
448
653
550
496
521
512
513
37
328
347
356
256
355
581
369
181
393
86
102
75
104
76
164
172
348
140
457
29
77
232
265
298
307
568
1
1025
1026
1027
1028
378
581
686
453
381
24
631
478
441
641
547
658
489
14
3
464
680
2
3
409
708
462
692
659
536
502
12
497
707
559
457
546
693
683
639
150
661
566
630
643
589
492
673
574
677
694
13
613
690
626
703
691
710
711
682
599
509
366
214
482
225
484
284
469
696
568
665
118
422
387
454
481
312
518
399
525
604
701
675
306
474
654
329
348
357
257
356
582
370
182
394
87
103
76
105
77
165
173
349
141
458
376
579
684
379
26
629
583
585
608
612
476
439
639
545
656
487
16
5
462
13
678
1
407
706
530
536
460
690
657
534
500
14
495
705
605
604
618
557
455
544
637
659
564
628
641
616
613
622
623
587
490
671
572
675
692
15
611
688
624
701
689
708
709
680
328
597
326
507
364
212
480
223
482
282
467
694
566
686
663
385
452
310
516
397
523
115
156
173
155
699
673
304
472
652
327
346
355
255
354
125
580
368
180
8
41
392
85
101
74
103
75
163
171
347
139
456
375
578
378
27
628
475
438
638
544
636
655
486
17
6
461
14
677
406
459
689
656
533
499
15
494
704
556
454
690
680
658
563
627
615
612
621
622
586
670
571
674
691
16
610
687
623
700
688
707
708
679
327
596
325
506
363
211
479
222
481
281
466
261
220
347
337
340
349
693
422
565
441
662
419
384
451
309
515
396
522
601
698
672
303
471
534
651
292
15
326
345
354
254
353
579
49
367
179
167
43
56
391
84
100
73
102
74
162
170
346
138
13
455
235
391
13
251
889
888
953
887
994
948
41
435
43
56
59
69
39
36
25
36
48
37
47
64
1065
28
60
73
41
22
61
18
54
80
81
52
78
642
55
52
23
24
10
70
1
33
63
777
778
256
564
394
218
360
361
437
274
265
1033
2
683
272
171
1007
11
995
257
58
108
408
998
657
646
82
21
26
20
33
50
43
179
60
1056
66
143
200
124
68
37
1022
883
49
146
64
84
17
633
213
162
125
466
491
856
510
188
985
1015
294
1221
389
17
243
60
121
403
331
332
391
281
567
568
1102
1
64
2
105
953
845
926
891
180
875
1270
1298
65
1
106
952
844
925
890
181
874
1269
1101
1297
66
41
1017
909
990
955
116
939
1334
1166
1362
1247
1341
107
951
843
924
889
182
873
1268
1100
1296
1058
950
1031
996
75
980
1375
1207
1403
1288
1382
989
593
905
984
904
882
117
888
1110
898
1115
85
49
613
1202
245
396
1104
10
1073
1061
84
15
18
2
5
85
66
77
107
1097
1106
101
121
91
126
1074
1038
200
376
1063
960
1039
1069
1009
1029
818
819
817
372
213
744
909
763
418
150
1500
495
361
464
212
268
1408
15
993
1001
402
406
99
102
112
82
79
18
7
339
702
705
16
6
4
33
24
23
2
10
1
3
4
21
1022
71
17
30
2
21
18
25
199
252
254
253
37
38
9
221
35
506
34
98
95
66
67
53
44
950
193
541
542
543
545
246
241
76
106
734
735
733
299
825
679
568
437
1116
3
576
58
47
17
104
93
122
1121
54
1125
1019
136
137
68
45
81
80
10
16
126
633
1023
522
1127
188
422
421
303
23
302
675
925
1119
127
573
55
50
20
107
96
125
1124
57
1128
1022
139
140
137
39
33
25
71
42
78
77
13
19
636
1026
525
1130
185
419
418
26
299
678
928
355
564
1135
101
117
106
1041
1030
1134
142
67
1138
123
149
150
147
163
59
132
122
99
139
1140
294
729
904
217
1002
282
187
325
1099
1105
1021
917
71
87
76
105
1104
37
1108
1056
1002
119
120
116
45
102
92
51
62
98
97
7
1
616
1006
505
593
1110
205
439
438
75
30
6
319
658
908
481
177
64
1102
61
72
68
102
644
83
100
1000
32
1101
8
96
77
58
97
116
117
88
66
106
607
19
1003
596
1107
604
131
1069
1033
1072
1080
3
27
568
480
448
268
1038
474
329
964
420
330
5
1035
120
11
1042
512
25
1040
53
182
942
56
1031
657
41
225
1046
665
404
1041
984
7
8
823
269
583
192
1008
972
19
683
58
400
88
931
997
751
410
576
843
697
569
509
722
141
694
815
507
446
419
387
920
866
867
868
1027
485
340
953
409
341
16
1024
131
8
1031
523
14
11
28
1029
64
24
193
931
16
67
1020
668
30
236
1035
676
393
1030
973
4
3
812
280
572
203
997
961
8
672
69
389
99
920
986
740
399
565
832
686
558
498
711
130
683
804
496
435
408
376
909
855
856
857
97
445
696
705
17
37
20
286
108
681
11
410
8
52
25
7
13
32
33
2
39
244
30
135
14
181
314
119
15
5
149
185
184
94
88
691
999
209
833
10
775
816
230
444
160
688
828
1020
74
282
23
182
854
964
4
57
821
308
304
284
442
441
519
434
685
716
6
26
275
97
670
421
19
36
43
44
13
28
233
41
124
25
170
303
108
26
16
138
174
173
83
77
1010
198
844
21
786
827
219
433
149
677
839
1031
63
271
34
171
865
975
7
46
832
297
293
273
431
430
508
309
232
27
20
529
1013
438
437
235
19
17
759
51
1018
75
13
105
92
90
67
63
33
66
688
7
33
34
5
3
31
690
64
570
379
528
527
526
297
357
78
2
37
28
679
19
479
478
1024
1019
15
2
14
461
1
667
5
8
294
80
640
655
615
301
821
57
445
780
779
867
458
292
249
44
37
512
996
259
729
252
58
36
742
68
1001
92
4
707
509
122
109
107
84
80
50
83
16
17
12
14
14
162
156
706
13
81
929
587
396
511
510
509
374
95
15
54
45
696
344
354
2
351
342
361
496
495
213
1007
1002
266
32
19
31
18
650
22
522
593
25
520
521
522
524
311
178
73
97
623
672
632
454
318
804
462
763
762
850
475
1093
1005
992
1051
1084
985
984
1013
987
1173
1182
1181
1144
1120
1117
1088
1089
1075
995
1564
1098
1128
444
1321
1459
566
1088
936
88
46
108
109
1062
80
80
89
88
51
27
24
5
4
18
94
94
121
685
359
358
357
356
355
354
270
275
632
197
5
35
763
704
401
296
245
40
33
516
1000
725
248
703
77
32
118
697
64
701
20
21
8
10
168
177
176
139
115
112
83
84
70
698
696
392
515
514
513
91
11
50
41
692
6
71
492
491
82
63
43
1011
1006
270
28
15
27
14
654
18
21
227
973
524
525
937
526
528
746
307
93
627
717
718
314
808
458
767
766
854
471
612
122
322
942
53
46
621
72
42
783
836
345
45
75
55
158
117
19
944
859
890
7
8
482
967
21
5
160
161
151
171
165
823
11
44
715
4
181
190
189
152
128
125
96
97
83
157
10
210
679
113
24
63
54
705
948
15
281
370
222
998
679
993
223
332
2
882
41
436
28
40
27
207
829
49
31
300
408
34
939
963
971
432
758
320
187
82
546
351
473
458
593
192
329
327
630
467
396
681
762
21
14
136
254
684
510
482
13
918
101
942
867
19
20
23
126
976
39
40
75
21
36
112
214
11
87
81
42
373
8
1015
31
22
202
840
168
25
43
17
26
317
968
4
8
5
1
2
971
1028
3
990
160
940
977
662
656
390
391
393
658
439
713
595
466
660
508
584
781
942
117
1038
235
665
529
501
6
937
82
961
886
39
4
107
995
58
59
56
40
93
195
8
68
354
62
48
23
1034
183
859
149
44
24
36
7
298
987
23
17
990
1047
22
1009
141
959
996
681
675
677
420
732
614
485
679
527
603
709
744
743
87
742
709
41
34
156
999
274
848
333
704
490
462
393
33
898
121
922
847
43
146
956
19
20
773
17
1
84
85
71
132
234
31
107
101
9
62
260
147
12
995
51
42
222
820
188
5
63
3
46
337
948
16
28
15
400
19
22
951
1008
17
970
96
180
920
957
642
636
638
459
693
575
446
640
488
564
113
1042
891
661
350
10
941
78
965
890
103
62
63
848
1020
1022
60
44
89
191
12
64
58
52
19
179
863
145
20
40
3
294
991
27
535
21
994
1051
26
1013
137
963
1000
680
685
681
416
736
618
489
683
607
248
338
79
23
70
228
242
58
245
304
137
292
1
3
75
193
211
27
268
1005
994
2
995
721
715
164
1003
142
132
8
25
696
599
23
692
280
722
361
720
562
674
757
621
528
661
587
514
788
9
376
790
795
779
714
572
261
513
512
436
424
500
405
632
63
690
408
579
580
618
282
244
728
552
248
983
332
645
274
24
265
907
935
502
60
264
124
937
79
175
641
640
631
632
49
363
92
95
86
85
218
268
776
829
352
766
97
852
883
237
913
744
566
831
69
52
879
140
828
385
592
384
987
461
1
958
636
28
30
71
276
982
158
981
178
172
18
51
118
722
3
164
17
27
428
68
181
217
216
120
10
81
53
111
952
31
976
70
61
241
712
207
376
739
14
742
941
22
45
288
377
743
356
280
229
469
741
991
672
720
986
929
230
339
238
660
662
842
420
9
48
35
47
749
34
637
214
56
683
363
38
298
287
715
940
556
928
307
324
931
41
247
953
917
956
964
439
692
457
456
36
751
327
274
360
500
194
89
770
951
424
438
876
871
867
869
539
789
199
810
942
839
918
948
888
908
340
901
686
735
336
921
252
473
514
454
667
639
760
257
622
893
874
556
834
614
505
982
794
598
333
644
275
25
266
837
530
258
906
934
45
44
550
106
440
61
125
80
176
126
124
101
97
640
639
630
631
135
50
155
269
775
828
353
765
98
851
882
238
912
565
830
591
460
70
53
235
163
878
141
222
344
714
827
386
385
986
722
957
635
29
31
259
72
753
277
3
169
981
159
980
179
173
19
52
262
4
165
18
28
429
69
182
218
217
121
82
280
134
167
381
54
112
951
383
32
975
71
62
242
713
208
15
940
267
23
46
58
742
357
281
876
230
470
740
990
671
193
721
795
985
928
134
231
340
665
918
580
107
659
661
841
421
10
874
49
983
78
36
74
48
748
35
636
215
445
329
237
290
292
291
420
57
362
39
299
288
714
939
557
927
576
308
325
930
42
133
248
326
952
916
955
963
377
152
456
455
37
750
901
328
273
359
499
195
90
769
950
439
875
870
866
868
160
538
788
611
564
200
809
941
838
917
947
887
907
341
900
541
130
685
734
337
621
920
253
474
513
453
666
638
759
416
388
892
873
375
473
555
833
823
237
32
524
1008
717
240
695
69
56
523
384
522
521
71
59
26
24
7
16
110
2
26
331
341
345
25
83
3
42
33
398
684
348
711
14
714
38
201
1019
1014
805
20
7
19
6
662
10
13
984
992
754
299
166
61
85
466
306
816
46
666
175
187
450
775
774
862
463
272
127
363
327
726
248
58
939
77
274
69
892
516
115
291
152
266
778
350
721
95
854
885
112
618
67
316
138
219
382
719
28
165
166
156
983
629
176
170
16
172
211
149
15
48
51
29
279
978
868
843
59
199
226
969
977
239
710
205
12
140
80
20
43
86
375
254
208
535
786
260
190
718
990
891
131
610
337
662
664
844
7
46
33
582
757
45
212
824
36
748
305
473
933
991
245
240
87
581
379
339
575
922
126
330
944
920
418
334
694
760
808
314
525
724
332
625
472
306
549
836
218
593
25
12
5
568
1
119
120
459
5
692
21
719
4
6
373
515
708
657
634
126
134
59
460
409
585
550
687
684
424
435
166
230
686
214
208
209
201
212
236
188
325
419
159
29
233
122
76
158
51
66
105
3
32
31
45
125
53
90
97
1027
1016
1124
24
78
53
62
107
61
970
8
125
73
161
48
63
102
29
28
42
122
50
87
588
94
1024
1013
1121
27
81
56
65
110
64
967
11
987
154
44
190
19
34
610
73
1
13
17
93
89
21
58
617
65
995
984
1092
56
110
85
94
139
93
938
40
770
153
988
45
189
20
35
609
74
14
16
94
90
22
59
616
66
996
985
1093
55
109
84
93
138
92
939
39
771
167
974
31
203
6
21
623
60
30
80
76
8
45
762
630
52
982
971
1079
69
123
98
107
152
106
925
53
728
757
993
375
50
14
114
165
266
40
116
283
258
786
342
776
87
74
923
897
20
60
171
51
231
702
4
72
55
367
376
719
346
478
704
466
459
682
710
996
857
228
281
410
751
1
67
63
25
37
24
384
560
204
832
778
925
28
297
166
161
31
999
963
178
186
775
184
676
58
559
133
961
881
476
189
322
183
49
131
820
898
330
911
745
462
437
555
59
909
43
94
63
1061
45
78
73
910
642
331
70
450
39
160
882
172
960
984
126
1
59
16
275
1010
278
288
40
1013
1070
45
84
158
118
982
1019
700
755
637
508
702
626
383
229
1089
443
295
485
213
453
22
43
36
53
1209
132
114
113
10
35
39
43
210
211
167
208
230
495
197
73
128
114
93
40
648
65
1033
215
445
4
18
381
30
179
1016
177
301
213
938
876
873
8
21
12
11
14
2
11
15
990
27
216
208
1024
4
672
19
22
129
123
31
2
69
46
379
1
328
715
968
7
249
238
897
898
969
276
947
237
79
1
33
55
23
29
32
21
940
341
293
42
45
36
35
168
104
677
256
991
28
5
7
160
212
744
1040
426
1041
920
1036
87
300
939
877
874
969
188
529
925
41
2
186
239
241
240
208
6
1006
1014
14
109
395
414
453
257
598
587
6
237
263
353
220
55
91
90
605
1067
69
869
230
362
820
350
1117
1112
78
49
53
891
58
889
997
617
1
2
1
707
664
671
229
697
599
601
624
628
11
157
597
721
506
335
21
245
378
543
610
204
693
654
663
507
508
604
699
695
7
618
689
677
690
686
683
553
477
35
596
19
163
662
689
283
184
456
696
131
51
653
660
218
686
588
590
613
617
328
329
146
8
4
621
618
627
628
710
5
3
324
234
367
532
193
682
643
652
496
497
593
18
622
603
357
611
225
630
650
82
607
293
665
678
666
679
675
66
672
542
39
466
471
645
24
289
585
152
235
222
786
217
216
20
92
127
50
463
162
159
168
169
58
251
464
462
390
315
750
148
55
84
131
39
258
892
889
896
908
913
897
577
112
147
436
442
328
341
246
281
147
95
848
847
846
845
844
921
3
1032
875
151
216
617
73
92
829
922
849
767
114
628
118
106
105
379
368
595
603
416
258
306
305
293
292
299
297
181
301
277
276
284
170
81
411
257
324
563
702
639
174
950
1003
1005
1004
887
972
1002
25
963
71
384
259
99
171
308
304
71
315
330
115
394
324
292
91
847
654
687
720
729
8
7
354
5
447
6
438
15
224
1
308
252
415
462
433
437
387
468
1277
307
253
414
461
432
436
386
467
1276
668
174
181
72
1080
78
38
203
164
173
168
1224
486
744
199
187
1212
200
299
196
53
136
193
523
340
140
596
102
109
84
1008
150
110
565
589
131
92
101
96
567
1152
558
23
29
672
127
115
1140
128
371
124
125
64
121
451
412
212
603
36
1105
585
17
25
44
64
93
170
172
1060
795
59
221
1051
36
838
224
14
265
673
590
41
124
591
589
56
157
684
1077
379
146
1025
705
324
99
100
1243
1215
279
6
1136
413
414
412
53
213
194
202
221
241
1147
1148
1130
1129
1149
149
512
513
407
485
643
382
665
688
561
579
1
1
6
633
80
492
490
528
524
534
547
497
493
656
31
439
466
626
610
79
607
615
634
74
654
227
262
269
329
147
331
338
396
479
403
224
440
418
587
571
602
548
595
605
410
619
546
420
395
283
375
379
146
73
148
100
119
62
932
55
982
92
148
638
151
18
3
6
7
145
655
89
297
631
5
620
70
27
188
203
630
628
229
1025
45
56
1002
250
928
974
359
850
216
467
428
530
480
483
464
935
52
985
89
145
635
148
21
9
10
142
92
294
628
2
617
73
30
185
200
633
625
226
1028
48
59
1005
247
931
977
356
853
213
470
431
527
483
480
467
926
61
976
189
98
154
644
157
12
1
151
83
303
637
11
626
64
21
170
194
209
624
634
235
1019
39
50
996
256
922
968
365
844
222
461
422
536
474
489
458
925
62
975
99
155
645
158
11
152
304
638
12
627
63
20
171
195
210
623
635
236
1018
38
357
49
995
257
921
967
366
843
223
460
576
342
421
537
473
490
457
909
914
5
62
48
312
291
300
138
194
415
1067
338
474
271
126
733
144
102
247
115
400
261
731
21
969
958
15
588
942
608
833
794
914
652
727
66
315
137
22
26
269
161
24
178
213
215
151
81
234
890
894
260
196
238
709
458
352
257
19
236
42
85
585
175
392
685
716
292
395
189
310
182
549
130
550
113
336
235
679
169
6
386
44
31
495
53
372
216
304
884
264
188
191
667
650
302
618
784
783
846
847
775
560
639
125
740
569
809
358
354
649
665
514
612
613
614
616
150
513
514
408
486
644
383
666
689
562
580
2
701
5
634
81
493
491
529
525
535
548
498
494
657
30
477
467
627
611
608
616
635
75
655
228
263
270
330
148
332
339
397
480
404
225
441
419
588
572
603
549
596
606
411
620
547
421
396
284
376
380
147
120
63
148
511
512
406
484
642
381
664
687
560
578
699
7
632
79
491
489
527
523
533
546
496
492
655
32
475
465
625
609
78
606
614
633
73
653
226
261
268
328
146
330
337
395
143
478
402
223
439
417
586
570
601
547
594
604
409
618
545
419
394
282
374
378
145
99
118
61
177
184
196
511
1008
200
17
494
153
38
162
80
163
144
135
123
1
2
3
1
2
3
1
4
2
3
2
2
1
258
482
902
540
655
1052
222
1056
1064
33
346
250
455
456
66
75
62
58
14
412
209
207
660
666
649
495
597
507
665
1066
427
1055
1050
1060
215
750
171
671
778
535
536
537
771
1041
312
291
449
869
507
622
473
804
1019
255
1023
1031
379
283
33
42
29
25
47
379
181
169
168
136
155
242
240
693
811
699
616
462
564
540
698
1033
394
1022
1017
1027
248
717
182
235
237
236
204
638
745
502
503
504
594
738
1008
533
499
380
279
412
421
137
193
297
190
201
164
1017
1117
1387
1227
356
332
90
43
208
172
173
269
532
531
288
33
662
714
621
25
406
316
325
1183
227
918
671
36
89
129
750
751
1007
393
94
105
68
246
330
1
380
469
478
381
470
477
244
71
7
704
616
294
694
703
130
652
510
157
513
567
2
504
601
72
709
700
27
156
289
480
707
42
113
443
69
639
30
40
699
656
46
326
245
224
490
506
488
571
665
534
523
591
423
606
103
623
526
133
298
262
263
359
252
264
165
129
130
226
385
397
36
35
307
61
550
924
175
875
295
1172
1167
1028
133
80
117
106
113
562
1
271
97
514
960
139
911
259
1208
1203
169
408
149
257
526
272
96
515
959
140
910
260
1207
1202
1063
168
148
527
103
93
611
146
863
236
368
814
356
1111
1106
72
44
74
31
52
623
637
10
333
827
353
407
465
580
431
762
977
297
981
989
337
223
211
210
178
197
849
437
13
17
89
284
858
18
593
346
289
236
196
9
282
735
227
769
816
791
787
804
783
741
790
574
420
76
522
582
740
354
991
352
980
559
721
975
985
232
290
325
675
246
596
235
236
703
536
460
461
462
552
965
696
966
330
491
457
422
237
565
273
197
74
413
373
324
836
344
416
474
589
440
771
986
288
990
998
346
214
202
201
169
188
858
446
275
4
8
80
867
9
602
355
280
227
187
273
726
218
778
732
583
429
85
531
573
731
345
1000
361
989
568
984
994
281
334
684
237
605
244
245
712
527
469
470
471
561
974
705
975
339
685
500
466
413
556
282
206
422
382
115
175
161
100
98
75
71
250
367
1002
285
49
951
955
165
184
735
74
293
4
871
606
721
904
928
41
185
1015
270
323
288
445
1003
340
572
338
688
949
571
513
87
73
170
242
301
613
502
451
700
681
682
683
684
467
483
489
488
496
485
689
461
509
504
202
203
130
256
257
258
111
171
705
96
94
71
67
363
1006
45
955
959
161
180
739
70
289
875
610
717
908
932
37
181
1019
266
319
284
1007
342
692
953
575
83
69
166
238
297
617
506
455
704
685
686
687
688
463
479
485
484
492
481
693
457
505
508
206
207
134
361
2
454
1
946
1225
105
93
360
104
95
950
850
999
722
120
204
1
196
462
167
171
119
853
1132
458
453
11
2
12
865
863
857
757
906
629
13
5
324
496
119
78
535
225
92
172
34
227
211
99
232
684
45
591
188
83
92
85
197
357
39
462
377
418
307
670
673
680
209
4
12
8
4
874
801
90
144
119
128
127
271
467
404
698
41
305
387
199
309
739
346
428
158
268
21
110
698
770
769
49
12
41
22
360
501
909
933
177
346
709
16
712
971
8
15
907
1021
1016
21
18
134
242
26
385
129
6
212
800
786
759
981
32
310
492
494
472
443
168
78
122
947
193
946
1084
1077
23
867
869
1049
1109
1005
977
963
936
1158
1078
133
150
1128
45
629
613
318
10
714
754
172
169
147
472
504
709
83
901
265
152
38
753
70
228
110
768
611
150
54
399
423
252
43
891
1005
884
1000
224
34
63
59
405
395
648
233
967
931
425
180
75
99
129
770
743
965
187
962
326
476
478
555
343
935
238
405
154
403
71
70
330
141
34
46
1066
208
1070
1078
110
979
951
973
924
1080
1069
1064
1074
1028
201
1073
1072
1075
130
114
132
49
86
97
29
645
45
14
21
1071
3
94
440
839
838
837
922
921
920
919
918
575
727
704
29
396
408
7
131
149
204
145
105
153
155
178
182
11
286
374
269
75
483
296
127
586
360
459
426
206
1325
294
714
254
516
668
109
34
30
31
48
992
996
583
494
495
100
35
366
33
498
820
210
665
147
345
486
500
300
919
381
613
994
1055
976
99
984
1014
974
281
308
402
255
10
616
252
185
251
293
292
201
295
305
302
293
220
156
647
216
285
197
954
892
889
663
41
192
89
1055
202
211
188
48
38
531
655
508
41
56
179
233
222
672
575
503
246
603
615
798
799
368
393
397
380
401
394
610
764
899
25
29
12
33
26
1204
33
1105
1052
1012
1127
53
4
13
8
1
1179
58
1080
1027
987
1102
78
17
4
3
1175
62
1076
1023
983
1098
82
21
14
1192
45
1093
1040
1000
1115
65
7
1171
66
1072
1019
979
1094
86
1178
59
1079
1026
986
1101
79
892
154
340
22
75
115
571
945
893
51
145
53
93
971
549
923
871
40
661
662
918
427
428
496
870
818
126
220
621
622
878
21
10
78
387
388
456
830
778
166
260
147
96
461
1252
175
157
156
253
254
210
415
379
306
365
1156
79
61
866
60
157
158
114
59
791
286
304
741
777
850
1077
1095
290
1096
999
998
1042
18
19
78
79
35
364
1
350
96
97
53
382
381
161
97
98
54
34
674
15
94
19
659
109
175
923
838
56
164
80
31
5
17
18
50
31
48
490
3
8
29
196
37
493
4
380
98
619
546
654
570
442
487
498
461
597
294
164
453
3
486
494
441
439
440
472
110
392
59
167
83
487
11
26
110
193
323
34
490
1
340
377
95
622
15
195
472
68
47
33
1393
1114
491
460
1104
1320
313
311
1253
1296
401
319
1043
1021
1060
1051
1078
1200
1375
36
1286
1266
1041
1049
999
1025
607
1131
1037
137
1024
1028
98
1031
58
522
1298
48
156
72
56
149
37
169
99
204
334
45
17
59
351
388
106
611
85
193
109
136
167
297
8
20
96
1201
314
351
69
648
286
526
1195
374
906
200
55
1
110
9
1006
85
45
13
44
57
43
78
133
310
132
23
254
412
1352
232
401
392
396
525
1046
206
1386
152
99
87
213
265
44
37
439
208
725
976
1180
70
54
305
119
7
59
103
162
169
814
344
137
122
147
221
1189
1332
1244
455
204
1209
1331
1216
21
1214
1010
1253
1234
81
1173
1121
13
1155
361
1166
1160
188
191
190
189
194
195
192
121
119
193
187
186
1342
1116
1349
1041
99
181
948
488
493
285
251
65
61
113
338
73
151
317
108
115
290
186
312
364
324
248
143
136
126
178
138
16
193
50
133
17
275
43
50
161
38
242
887
417
432
862
864
215
774
856
52
12
110
6
34
348
438
169
176
602
784
812
267
307
319
127
106
666
917
129
40
162
289
221
531
518
228
403
545
494
139
259
1085
414
253
675
1109
318
701
713
700
161
1225
928
1362
65
972
950
960
989
980
979
954
966
957
953
1129
70
922
133
766
154
65
608
786
351
361
358
349
276
584
272
993
255
44
22
219
976
217
341
253
898
836
833
32
61
52
51
26
38
29
25
950
749
719
39
13
256
984
36
62
304
128
169
163
9
42
109
622
8
18
419
59
340
47
857
858
929
316
907
277
119
616
310
631
115
585
338
489
149
137
269
1427
354
1430
386
215
306
750
133
96
118
143
217
1328
1061
1057
1041
1037
1015
1212
17
1210
1025
1054
1045
1044
1019
1031
1022
1018
9
1109
1107
1084
1080
1162
1156
875
494
957
25
18
44
79
244
131
4
35
26
677
325
335
332
323
250
231
22
685
812
42
12
3
1
13
406
425
978
992
228
10
38
156
184
36
17
16
459
21
6
1
887
482
969
13
6
32
67
232
119
16
23
14
665
238
219
10
673
824
30
26
9
13
25
990
1004
216
2
144
172
24
29
4
9
6
11
437
874
956
26
19
45
80
245
132
3
36
27
678
251
232
23
254
686
811
43
39
460
12
977
991
229
11
157
185
37
16
17
22
4
7
307
546
552
10
12
13
3
2
115
13
12
15
1190
1174
1192
1109
1146
1157
1089
1105
1074
1128
1081
11
1071
1057
1154
1170
152
151
23
25
26
10
11
1
2
1203
1187
1205
1122
1159
1170
1102
1118
1087
1141
1094
2
1084
1110
86
245
1070
1167
1183
22
24
25
9
10
3
1202
1186
1204
1121
1158
1169
1101
1117
1086
1140
1093
1
1083
1109
85
1069
1166
1182
25
27
28
12
13
1205
1189
1207
1124
1161
1172
1104
1120
1089
1143
1096
4
1086
1112
88
247
1072
1169
1185
1180
1178
1177
1193
1192
16
2
81
44
33
101
85
116
62
109
1201
119
93
1117
958
133
36
20
1164
1162
1161
1177
1176
18
65
28
17
85
69
100
46
93
1185
103
77
1101
942
117
20
788
4
1182
1180
1179
1195
1194
83
46
35
103
87
118
64
111
1203
121
95
1119
135
38
806
22
1099
1097
1096
1112
1111
37
48
20
4
35
19
121
85
73
72
28
1120
38
12
1036
52
45
40
59
723
61
676
1136
1134
1133
1149
1148
11
57
41
72
18
65
1157
75
49
1073
914
89
8
760
24
713
1147
1145
1144
1160
1159
68
52
83
29
76
1168
86
60
1084
925
100
3
771
13
724
1079
1077
1076
1092
1091
16
15
39
75
74
121
20
28
47
67
39
8
1100
18
8
1016
857
32
65
703
81
1095
1093
1092
1108
1107
31
23
59
58
105
36
44
63
83
55
24
1116
34
8
1032
873
48
49
65
1064
1062
1061
1077
1076
396
397
54
90
89
136
5
13
32
52
24
7
1085
3
23
1001
842
17
80
688
96
641
1118
1116
1115
1131
1130
36
35
82
59
67
86
106
78
47
1139
57
71
26
42
695
1071
1069
1068
1084
1083
83
82
142
129
31
12
20
39
59
403
404
802
1092
10
16
1008
849
24
73
89
4
21
23
24
8
9
1108
84
1181
1082
1068
1165
1061
1059
1058
1074
1073
93
92
139
21
2
10
29
49
236
1036
88
26
14
83
99
214
787
768
769
770
771
1047
1045
1044
1060
1059
107
106
153
7
12
4
15
35
138
191
193
192
40
984
825
97
113
160
374
1144
1142
1141
1157
1156
57
1081
768
16
721
1160
1158
1157
1173
1172
73
1097
938
784
3
4
55
1
1
2
5
52
51
54
56
53
47
1011
2
3
2
1
7
4
5
3
9
3
1
2
6
296
238
457
458
459
460
461
462
5
4
3
2
1
1
1
501
11
861
470
471
467
33
554
895
1210
551
491
92
93
46
187
195
214
234
2
206
141
1008
159
71
110
54
75
57
56
520
1200
1164
644
1203
1211
192
211
1149
1045
5
134
709
711
646
647
768
36
556
1195
1066
491
489
256
255
554
553
432
520
1401
1159
1030
455
453
518
517
396
2
3
124
364
1067
24
8
1053
134
1170
1395
992
1016
980
1080
1027
1007
567
282
372
1075
27
32
1061
142
1178
1403
1000
1024
1088
1035
1015
563
575
290
107
281
115
273
403
1327
676
230
552
1027
684
1022
228
314
226
925
863
860
5
12
12
118
698
708
155
183
240
82
361
117
116
241
388
488
491
465
402
115
291
452
577
377
580
89
84
13
104
1073
959
950
55
947
99
991
1259
19
1154
535
137
117
133
969
855
843
887
1155
123
1050
431
743
117
119
142
146
45
46
83
174
497
704
706
272
522
191
1416
239
119
436
219
1207
1368
1473
322
137
175
822
717
696
135
27
459
497
500
457
38
218
905
1039
789
889
216
353
2
106
1033
851
967
40
73
68
164
148
207
43
1294
324
377
456
28
225
142
105
1064
1180
771
117
121
137
38
983
880
929
163
1024
429
272
351
77
17
1004
330
470
723
1020
37
959
1075
1
67
89
83
72
62
335
435
438
412
878
775
824
268
206
297
218
50
1048
362
363
200
844
897
284
655
16
951
169
217
454
644
11
652
271
5
124
12
783
488
645
239
103
572
573
574
576
153
1055
420
484
969
754
803
613
545
175
88
1
214
322
80
355
247
24
1094
31
43
1365
55
1312
1112
74
76
7
1107
188
781
1363
220
112
173
41
144
65
35
95
75
45
118
172
171
170
755
1043
986
116
123
691
113
35
240
242
178
1019
90
34
25
903
1011
1041
396
517
53
69
1211
1126
1157
37
96
102
6
1050
1103
78
103
1037
763
422
81
117
243
570
35
885
704
764
752
384
66
638
567
471
127
389
413
990
567
356
358
33
361
431
405
324
326
206
632
214
470
899
53
49
470
709
220
723
32
623
955
351
402
794
780
753
975
787
895
475
199
197
433
516
662
561
782
830
59
512
184
208
443
1008
97
444
43
44
1106
34
1105
40
107
97
289
313
182
67
464
1053
114
47
51
892
664
887
995
747
365
249
798
791
173
1322
85
54
1174
954
964
29
1230
1205
161
108
1289
440
1349
450
448
10
987
136
482
610
47
527
308
430
1005
173
786
358
1014
386
410
249
32
888
1007
858
572
720
243
84
685
333
343
340
331
258
140
1008
740
235
897
323
916
854
851
312
79
869
21
114
500
339
280
297
240
86
903
816
614
637
624
568
309
112
236
1045
1141
1091
1089
1066
1062
11
1242
984
1025
105
1485
328
530
529
84
23
63
26
48
149
1046
147
38
9
18
19
41
1020
649
31
57
186
157
210
212
211
1054
34
179
8
61
28
349
927
928
999
246
977
207
49
686
561
905
1054
1078
648
319
553
21
76
229
286
38
184
194
198
1076
314
526
527
529
794
1112
2
25
29
88
29
103
304
155
286
595
46
380
422
424
462
383
701
222
1018
999
1110
23
27
90
31
101
306
157
288
597
48
382
424
426
464
381
699
224
1016
997
1087
4
1
113
54
78
329
180
311
620
71
405
447
449
487
358
676
247
993
974
1083
3
117
58
74
333
184
315
624
75
578
409
451
453
491
354
672
251
989
970
123
225
1597
1268
1092
1416
1304
29
25
1330
1378
1377
1365
1364
1371
1369
1373
1349
1348
1356
55
384
259
468
177
84
94
91
82
9
10
62
1098
77
247
710
481
480
440
429
346
431
432
417
42
145
33
156
146
410
53
35
13
52
43
183
210
985
208
993
124
959
4
27
39
244
332
907
845
842
30
59
55
476
218
271
273
272
240
38
20
23
656
381
344
323
866
867
938
307
916
268
110
319
214
213
789
669
720
129
138
137
100
42
17
101
55
212
176
164
163
131
150
736
738
648
730
1050
731
1045
47
11
82
616
435
406
84
190
114
152
207
239
228
894
153
697
154
521
527
490
491
200
878
193
609
1251
45
26
740
139
990
991
618
528
561
558
275
1134
1143
11
24
18
272
223
108
566
538
144
133
284
45
335
1044
1097
84
194
216
455
171
184
1120
1151
31
53
1128
137
76
107
1013
1181
943
23
54
1066
392
1204
1235
115
57
131
130
428
201
318
1013
904
906
865
126
833
177
17
36
28
9
11
32
998
551
754
91
646
855
854
917
918
900
846
899
919
410
409
491
213
676
603
1032
479
671
45
32
692
360
278
214
660
324
687
690
86
460
459
1043
1038
541
500
501
4
112
686
394
408
405
261
256
72
275
61
490
282
840
420
426
170
626
435
211
212
458
639
618
585
311
393
133
134
139
333
130
171
485
396
47
45
35
75
389
245
374
375
376
377
117
415
414
168
13
41
2
506
315
293
225
230
102
704
579
581
535
237
477
381
683
181
54
104
113
112
75
328
246
204
428
427
334
495
174
243
347
564
522
335
250
394
548
1073
1195
31
1089
139
134
900
1104
1120
1034
1036
16
106
507
18
46
85
1278
74
29
550
1470
413
150
752
5
79
1404
965
813
251
37
41
57
61
83
112
1003
73
44
53
54
76
809
427
15
631
451
167
362
58
422
538
437
530
379
426
32
706
703
347
586
26
54
449
153
793
780
744
732
731
417
421
699
718
954
869
36
48
49
305
195
81
62
153
441
1071
919
1002
462
27
261
1005
425
37
711
918
12
13
341
159
45
26
32
117
477
1035
485
883
966
498
9
297
106
969
73
675
906
821
1
353
147
33
14
44
105
489
1023
497
871
954
510
21
309
94
957
85
663
93
905
820
354
146
32
13
45
104
490
1022
498
870
953
511
22
310
956
86
662
31
4
1025
121
1063
243
216
35
409
1297
1438
1437
1401
27
1029
125
1067
239
220
39
413
1301
1442
1441
1405
61
873
788
114
19
77
72
522
990
530
838
921
543
54
386
342
924
118
630
80
892
133
58
86
91
503
1009
511
857
940
524
35
367
323
943
99
649
459
26
32
28
22
25
433
427
431
437
434
1386
242
1490
198
1154
1163
1042
1207
245
493
130
582
128
1245
1170
150
174
20
173
1188
44
799
710
47
781
1185
1206
1220
203
210
762
793
1217
33
232
193
202
225
222
909
873
539
540
541
542
103
151
150
138
137
144
142
146
122
121
129
918
396
842
70
102
576
391
1126
952
778
578
68
40
619
769
843
165
394
386
169
89
88
616
80
81
519
447
1
599
527
600
528
287
483
853
632
114
67
68
333
312
467
267
952
1027
1088
1009
66
1017
1047
1007
248
516
275
369
288
933
320
87
263
51
327
1296
227
1182
22
134
133
1242
132
421
24
448
561
457
461
639
670
620
2
517
131
50
64
42
224
24
1196
37
249
201
96
7
169
197
513
156
481
22
248
147
190
749
113
226
248
238
209
218
219
241
1033
142
140
636
78
113
135
125
96
105
106
128
59
920
29
437
254
253
1181
86
110
1248
729
1203
163
194
459
253
164
905
166
806
730
804
795
513
270
446
1143
254
213
235
225
205
228
184
99
1082
1257
507
229
162
315
704
558
624
54
40
66
19
641
17
646
80
1070
70
1069
30
332
471
32
484
124
415
516
473
275
373
947
648
1009
145
4
26
16
13
4
3
19
35
12
153
14
80
121
115
107
751
663
363
20
16
309
694
381
933
586
462
633
290
195
251
424
524
891
488
296
77
53
485
489
1085
31
622
49
300
244
299
265
1040
268
316
315
303
302
309
307
311
287
286
294
166
215
396
497
454
352
203
416
592
551
557
380
196
56
226
24
105
1100
181
71
382
10
133
73
1134
293
417
251
118
318
133
67
120
1151
1089
1086
240
84
90
245
88
156
206
190
22
45
424
425
678
59
633
769
84
360
350
353
362
435
224
235
391
591
294
36
8
335
336
643
647
667
689
679
650
659
660
682
463
329
392
548
459
467
422
433
80
113
547
176
139
36
29
1237
235
68
548
891
371
787
37
212
147
60
826
64
780
1052
411
849
942
869
244
372
32
99
583
182
175
88
199
584
93
765
617
615
614
613
612
1148
877
852
1147
1146
1144
1143
1142
1140
1139
1138
643
1018
844
1105
1072
8
1210
1217
178
1016
1188
1190
159
66
890
892
501
190
676
233
322
41
52
32
92
530
99
1281
94
1229
127
1225
1122
1196
1198
182
684
1113
125
332
307
214
1091
830
808
818
847
838
837
815
429
428
427
426
282
279
238
239
962
1045
414
423
473
43
540
30
150
799
205
84
6
2
155
235
1100
152
2
182
1017
261
912
180
1019
259
914
227
948
197
859
385
386
1199
79
1094
691
555
343
347
526
429
261
1205
74
89
83
85
806
257
1392
452
342
925
1039
720
918
844
397
1034
58
26
188
241
243
242
3
845
847
210
23
119
120
1030
110
1029
3
31
691
963
8
211
212
369
250
239
113
1124
1144
1051
1155
1034
1150
87
91
108
160
915
51
886
88
144
1029
255
353
967
668
1029
125
771
4
24
46
36
7
16
17
39
55
32
6
289
361
953
606
442
653
270
175
231
444
544
911
259
357
963
664
1025
129
353
767
20
42
32
3
12
13
35
51
28
2
293
710
365
949
602
446
649
274
179
235
440
540
907
3
5
4
8
3
1
175
1004
829
832
172
170
171
167
178
176
7
1093
477
173
1554
1158
290
289
291
199
345
155
599
57
698
94
113
150
176
109
65
19
35
32
124
698
517
488
108
234
289
519
181
210
421
834
700
29
729
58
757
995
67
1162
1054
1138
1084
1178
219
193
28
54
129
147
1504
1651
258
257
1320
142
96
93
117
194
214
91
2
201
988
74
129
95
45
61
112
146
45
101
92
21
141
118
57
922
107
1011
1012
1083
162
1061
123
35
770
1313
1216
959
176
776
402
1094
865
1268
484
5
153
997
994
1001
1013
1018
1002
195
79
944
13
40
42
41
1039
76
9
12
489
702
139
682
175
201
176
395
425
88
22
213
350
193
314
288
313
94
64
401
511
1150
1147
1154
1166
1171
1155
229
1090
1054
1055
1056
3
4
16
21
5
921
60
96
95
94
7
19
24
8
918
57
93
92
91
12
17
1
925
64
100
99
98
5
11
937
76
112
111
110
16
942
81
117
116
115
926
65
101
100
99
116
271
183
61
955
947
1015
1013
275
297
384
155
67
287
177
839
831
899
897
1055
1065
1062
1053
980
4
868
387
271
372
135
1227
1089
53
55
54
1026
63
22
951
727
969
82
1280
1142
2
1
1079
116
31
1004
780
1022
80
1282
1144
1
1081
118
33
1006
782
1024
81
1281
1143
1080
117
32
1005
781
1023
507
506
1238
1178
963
1048
505
504
1093
875
85
88
113
1249
1111
973
749
991
467
11
208
230
451
482
220
411
244
772
764
832
830
306
86
559
3
25
172
1023
170
294
945
883
880
15
14
5
4
18
997
34
209
1031
11
15
5
575
372
242
231
904
905
976
269
954
230
72
878
960
639
22
15
65
7
32
23
674
322
332
329
320
247
558
456
16
981
995
7
153
181
33
13
121
3
11
320
1180
170
49
920
331
1169
159
60
1404
1576
1578
230
318
379
275
469
19
173
1320
1051
12
1322
12
33
36
436
435
434
432
130
2
101
22
8
52
32
492
404
391
245
403
1039
24
21
48
1106
1341
1365
118
14
89
10
20
40
20
146
307
239
838
778
991
43
104
261
1198
276
165
1042
294
16
4
10
976
1098
1099
51
1089
50
1344
1368
55
963
12
10
671
244
881
29
20
19
19
769
984
998
4
150
178
30
10
599
1071
409
234
1355
136
97
108
1154
1156
1157
7
1147
8
1177
1186
1185
1148
1348
1358
1362
200
51
160
969
467
312
161
137
250
130
472
676
62
86
131
138
160
121
130
169
146
946
28
1145
105
140
174
63
985
61
330
1017
983
984
166
974
165
116
990
1215
1178
1157
584
583
177
874
25
16
17
54
1048
304
228
1
1105
90
49
200
188
121
18
248
583
716
399
538
1050
229
520
36
825
279
575
4
96
53
264
263
279
278
695
696
296
275
375
226
116
216
407
408
10
84
1052
1132
1053
1195
1079
116
1077
124
15
320
326
325
324
327
323
322
321
1
2
4
5
6
8
9
10
113
25
114
115
116
234
141
209
166
1196
99
173
767
272
711
668
980
69
60
61
98
1023
455
594
43
566
523
1268
183
198
1
278
54
1001
775
537
565
448
440
352
469
135
351
552
183
14
75
192
148
94
1124
746
126
788
677
626
875
856
857
858
859
429
430
371
404
425
439
19
12
975
953
992
983
982
21
35
1218
423
392
14
11
1239
1003
996
444
413
974
1013
1004
3
1253
1017
1010
458
427
988
1027
1018
10
88
49
105
50
84
1030
270
157
1124
39
17
38
4
942
182
1079
69
1036
56
1
35
981
221
1118
1340
108
1075
55
21
925
165
195
1062
1284
52
1019
34
980
220
1117
1339
107
1074
946
186
1083
1305
73
1040
87
600
123
689
124
125
126
409
263
4
582
587
259
12
1148
1
757
30
16
11
211
1060
11
42
28
1
223
320
1147
1194
1366
1368
584
702
703
1178
1164
1137
1359
530
756
31
17
10
212
460
526
318
368
438
396
420
88
101
247
977
997
848
94
695
150
998
360
161
730
887
333
906
844
841
89
490
329
49
202
290
96
787
773
746
968
893
806
604
319
331
26
853
1209
1095
65
305
1184
47
46
1155
45
1133
370
197
80
182
277
30
1002
776
1
1
290
712
711
164
1
46
95
103
122
142
34
94
114
105
49
67
962
285
47
94
102
121
141
33
95
113
106
48
66
961
286
1
236
1
41
52
135
50
49
64
352
40
51
134
49
48
63
351
11
94
9
8
23
311
272
83
2
3
12
300
261
342
85
86
71
217
178
1
14
302
263
344
15
303
264
345
288
249
218
413
444
468
39
128
42
849
245
587
944
946
1112
162
1116
1124
748
280
170
103
162
140
851
360
415
399
395
428
730
355
484
87
100
776
336
355
711
444
13
145
52
298
159
486
738
451
487
206
298
560
561
512
1
419
651
155
511
517
659
476
480
483
481
1237
196
198
82
1143
904
1526
1309
508
2
185
1224
95
1423
1339
42
507
124
96
183
1226
97
1425
1341
44
509
122
94
110
177
1129
309
30
836
148
67
86
53
1019
417
199
895
1051
1050
310
153
14
952
484
132
504
403
828
984
983
1099
1277
625
146
157
398
73
520
261
203
420
53
316
168
609
280
499
480
265
786
261
169
93
219
115
57
170
22
755
426
353
334
703
337
171
1
2
3
172
174
150
172
145
146
155
154
303
2
322
1125
1126
24
1116
23
344
317
318
327
326
131
324
1127
1128
22
1118
21
346
319
320
329
328
129
1345
1148
2
1138
1
34
564
162
363
589
194
11
512
20
357
520
18
40
1
10
157
1038
155
1046
71
1012
49
26
919
920
991
254
969
215
57
372
596
1
10
9
166
5
9
8
165
4
1
156
5
157
4
161
117
123
122
130
119
627
628
450
447
122
677
798
121
22
19
531
836
97
267
445
51
184
230
863
113
353
354
263
104
514
1120
63
11
44
115
1316
66
511
512
1274
2
4
8
12
38
1267
87
93
142
14
3
227
228
229
144
145
146
147
148
1272
1278
1282
1286
1236
7
1132
1288
1277
1130
1129
1128
1127
1126
4
8
42
1271
91
119
97
146
10
1
6
231
232
233
148
149
150
151
152
50
1279
99
127
105
154
2
9
14
4
239
240
241
156
157
158
159
160
729
728
727
244
225
233
252
272
51
44
14
229
879
206
3
692
334
109
1249
107
148
158
159
96
95
113
167
114
94
441
330
329
328
326
306
107
4
5
6
8
165
2
39
49
50
13
14
4
58
5
15
1142
1221
59
219
200
208
227
247
1153
1154
1136
1135
1155
41
51
52
11
12
6
60
7
13
10
11
52
53
35
19
34
54
1095
987
419
505
126
39
413
302
301
300
298
24
1117
108
1109
986
1107
969
1134
900
901
902
903
1100
89
138
154
267
427
206
488
1001
878
999
84
554
578
1009
360
535
207
216
861
1026
792
793
794
795
992
197
246
796
797
266
912
958
262
612
536
610
601
319
123
2
260
1085
40
140
25
209
208
207
206
9
1198
1247
205
204
1267
89
43
335
121
137
962
83
86
85
84
83
114
1075
1124
212
258
1083
38
138
27
207
206
205
204
7
1196
1245
203
202
1265
87
41
333
220
215
462
1211
75
276
1093
404
945
1110
876
877
878
879
1076
113
162
178
696
685
403
5
260
318
1240
1145
1124
320
256
255
613
31
313
325
295
83
84
78
537
55
39
35
1136
265
313
1235
1140
1119
315
251
250
608
160
159
1222
44
2
320
290
12
6
5
4
1
3
4
1125
1127
1089
1093
1083
1070
1120
1124
44
45
34
36
6
7
8
13
15
16
1137
1139
1101
1105
1095
1082
1132
1136
32
33
22
24
1
2
7
9
10
1131
1133
1095
1099
1089
1076
1126
1130
38
39
28
30
1
6
8
9
1130
1132
1094
1098
1088
1075
1125
1129
39
40
29
31
5
7
8
1129
1131
1093
1097
1087
1074
1124
1128
40
41
30
32
2
3
1124
1126
1088
1092
1082
1069
1119
1123
45
46
35
37
1
1122
1124
1086
1090
1080
1067
1117
1121
47
48
37
39
1121
1123
1085
1089
1079
1066
1116
1120
48
49
38
40
2
36
32
42
55
5
1
115
123
142
162
134
1018
1007
1012
1008
1169
1170
1159
1161
38
34
44
57
7
3
117
125
144
164
136
1020
1009
1014
1010
1171
1172
1161
1163
4
6
19
31
35
79
87
106
126
98
982
971
976
972
1133
1134
1123
1125
10
23
27
31
83
91
110
130
102
986
975
980
976
1137
1138
1127
1129
13
37
41
73
81
100
120
92
976
965
970
966
1127
1128
1117
1119
50
54
285
60
68
87
107
79
963
952
957
953
1114
1115
1104
1106
4
110
118
137
157
129
1013
1002
1007
1003
1164
1165
1154
1156
114
122
141
161
133
1017
1006
1011
1007
1168
1169
1158
1160
140
10
269
1332
2
62
99
1356
138
149
239
211
173
8
42
906
1063
271
1046
218
617
1020
1018
1087
719
921
1053
950
1029
1059
999
1019
1049
976
922
923
924
157
1282
1334
45
24
142
10
113
34
4
64
44
190
64
101
1358
1197
1221
1164
63
53
1248
55
1256
1147
1122
1048
1305
69
22
1272
368
166
34
137
58
28
88
68
182
25
99
1087
1067
1068
1210
1094
101
1092
109
74
1042
1043
1185
1069
126
1067
134
219
968
969
1111
995
200
993
208
325
328
32
1162
95
252
143
27
1168
25
1176
150
27
55
780
198
180
161
152
140
142
26
1169
24
1177
265
264
263
262
261
260
176
181
538
103
89
59
116
1311
118
1319
1195
2
206
1203
183
177
1193
989
8
1012
340
1018
204
1201
181
175
422
421
1020
657
1026
1228
997
1291
61
218
1155
299
233
157
1094
587
172
12
517
566
42
212
384
153
357
263
1054
183
475
39
1185
349
792
1092
871
945
63
292
284
838
848
845
836
763
573
574
10
7
2
75
1059
3
12
85
1069
9
82
1066
73
1057
984
232
254
215
224
225
1102
1054
998
783
209
572
575
1
1149
9
1148
7
85
1153
47
248
1099
160
32
1103
1055
999
784
208
571
574
1150
10
1149
6
86
1154
46
247
1100
159
31
928
47
95
151
366
1140
1
1156
1064
4
1196
1397
50
1309
1181
222
1093
1045
989
774
218
581
584
1139
16
303
76
1144
56
257
1090
169
41
918
46
94
150
365
1155
1063
5
1195
1396
49
1308
1180
221
583
176
165
206
785
940
963
634
584
585
491
677
586
351
10
1426
1
238
198
200
910
83
106
115
114
77
277
287
291
662
837
284
935
974
963
276
871
1020
623
499
292
390
282
158
28
12
75
824
87
269
95
116
199
922
920
984
985
927
915
223
199
364
21
104
827
85
1075
825
889
890
832
820
963
964
145
965
318
220
385
83
806
106
1054
804
868
869
811
799
942
943
166
944
339
267
268
1387
1008
848
1376
539
24
123
141
149
168
188
80
48
160
95
113
239
563
65
47
19
11
8
28
399
364
357
297
479
295
288
230
208
80
99
134
51
1
797
132
798
131
1215
28
649
805
801
1004
121
199
78
82
835
143
125
106
97
85
36
156
4
241
21
40
1099
30
1231
419
1069
408
132
680
819
82
353
114
389
1334
1241
1429
74
1170
183
1353
109
114
7
81
1234
44
1129
319
1675
121
195
642
5
692
691
62
144
1251
314
28
116
558
1227
51
1122
307
375
368
107
190
51
484
26
637
1401
1
202
201
12
203
456
53
232
231
1263
290
169
182
183
32
1012
1061
25
1046
618
657
105
127
157
178
33
57
176
41
58
40
17
1
18
714
232
659
340
38
371
335
354
437
893
871
910
901
900
1496
123
377
214
9
2
20
19
10
91
992
29
6
469
466
343
342
350
168
364
348
311
290
899
900
971
274
949
235
77
352
1160
555
554
1441
553
1149
147
467
9
458
1020
996
1150
997
18
1126
309
941
188
189
106
972
149
19
1121
625
114
1002
1061
449
544
1140
644
95
1021
1080
563
169
200
1349
114
1274
1007
981
1162
1163
54
1164
1160
214
217
893
867
1048
1049
60
1050
267
293
112
111
1220
110
26
155
156
953
157
181
182
927
183
502
194
947
942
643
220
401
447
243
674
3
102
24
23
158
1299
417
137
138
1234
595
247
168
167
89
336
1
257
256
1395
1187
1197
1201
483
1319
92
9
34
1
4
3
2
2
1
3
2
1
3
2
1
2
383
916
199
1250
183
168
160
29
393
394
44
98
97
96
16
35
162
163
47
1203
97
35
68
11
41
19
1
113
245
210
211
6
980
1348
1372
169
298
20
59
396
706
97
210
234
25
148
142
85
743
991
348
658
906
263
38
15
159
7
29
10
1
204
652
22
17
8
31
8
166
659
323
686
689
235
39
30
9
14
188
743
836
763
681
681
257
463
9
48
25
149
642
218
447
39
459
16
158
651
880
77
980
1250
1090
904
905
284
1396
1173
11
216
227
286
136
174
53
424
29
337
289
290
302
303
296
298
294
318
319
311
14
84
83
24
1044
22
1262
1272
1276
1068
2
363
366
354
39
3
717
324
720
327
560
557
208
1031
969
966
120
97
990
991
1062
183
1040
144
14
963
986
1354
26
614
23
197
406
328
911
849
846
472
440
437
736
652
691
870
871
942
303
920
264
106
363
174
114
383
734
688
960
893
894
965
280
943
241
83
469
580
694
1100
1099
28
36
55
75
419
420
210
272
841
40
243
129
574
1350
287
328
299
776
268
1063
267
1037
1036
222
397
221
174
678
93
376
375
136
50
980
1046
1094
1
341
340
745
744
743
7
182
179
171
164
1
2
3
3
11
18
183
184
185
8
15
180
181
182
7
172
173
174
165
166
167
8
27
47
61
189
46
380
345
338
278
460
276
269
211
19
39
69
197
54
388
353
346
286
468
284
277
219
20
88
216
73
407
372
365
305
487
303
296
238
209
423
307
190
574
108
236
93
427
392
385
325
507
323
316
258
430
259
279
275
508
592
496
107
299
731
732
60
733
734
878
877
671
672
673
674
22
1272
825
774
936
646
645
418
867
730
1089
143
824
632
744
359
364
254
253
9
780
779
778
7
65
773
772
771
58
715
714
713
1239
1177
1174
62
65
3
908
64
65
580
1
62
57
69
63
58
70
578
20
585
83
494
1307
537
577
161
32
174
9
5
2
82
338
202
340
142
41
37
34
50
461
460
183
179
178
176
4
5
7
91
420
419
1
3
87
424
423
84
843
232
791
821
759
316
707
737
868
137
1010
43
1206
1255
895
98
972
896
970
961
77
1
75
66
621
620
1
2
269
268
909
918
908
1
270
269
908
917
907
271
270
907
916
906
1177
1186
1176
1417
1401
152
132
16
44
22
455
459
205
1
294
9
1
240
224
1025
1045
1161
1133
1155
722
718
972
1178
469
883
10
231
215
1034
1054
1170
1142
1164
731
727
981
1187
460
892
241
225
1024
1044
1160
1132
1154
721
717
971
1177
470
882
16
1418
1123
1402
1107
187
147
107
1235
20
153
189
188
142
207
167
127
1255
133
209
208
162
28
6
17
101
90
85
95
140
141
142
22
45
129
118
113
123
112
113
114
23
107
96
91
101
134
135
136
4
456
460
206
46
226
295
886
979
906
824
753
225
207
188
179
167
1244
24
1328
1164
1268
1352
1188
1414
3
502
546
505
543
1
15
14
261
417
246
489
85
113
1125
79
10
14
859
1307
1260
510
25
132
1135
89
4
869
1317
1270
520
35
122
1139
93
873
1321
1274
524
39
118
156
145
140
150
104
1125
2
3
4
5
6
11
16
6
52
1281
750
749
1550
241
242
243
158
159
160
161
162
5
5
41
1270
230
231
232
147
148
149
150
151
10
36
1265
225
226
227
142
143
144
145
146
46
1532
1535
1275
235
236
237
152
153
154
155
156
1229
112
565
106
107
108
109
110
257
260
1123
1122
1121
1120
1119
391
275
376
1036
982
388
502
386
384
15
54
534
438
71
1021
264
53
1324
1075
967
517
391
114
373
487
272
28
534
281
164
180
551
36
35
34
94
249
268
267
266
265
447
498
336
378
1250
58
328
1489
48
47
35
34
41
39
43
19
18
26
1
13
14
7
9
5
29
30
22
12
13
6
8
4
28
29
21
1
6
4
8
16
17
9
7
5
9
15
16
8
2
2
22
23
15
4
20
21
13
24
25
17
1
7
8
974
1173
91
1013
33
1
90
867
91
868
367
777
494
1569
254
83
85
84
3
748
111
312
137
1258
39
11
1080
1089
1088
1051
301
126
1247
28
1069
1078
1077
1040
70
198
196
219
218
308
540
541
542
546
548
144
165
164
548
221
220
768
1
93
20
62
426
427
428
21
73
155
333
334
335
72
82
406
407
408
1
488
489
490
628
74
1019
29
38
37
994
16
184
185
186
187
188
111
193
225
284
32
641
2
252
609
30
652
992
27
1001
982
983
984
985
803
752
914
449
19
18
17
16
1
2
3
1
2
1
105
21
20
147
6
16
22
21
29
18
42
100
270
110
527
350
22
295
1
1
370
160
9
8
1023
45
1
1032
54
1031
464
465
174
744
290
291
315
304
314
267
771
1212
504
571
619
618
1075
457
456
6
5
13
2
22
26
1
7
4
28
20
8
3
27
21
11
35
13
24
24
256
31
1095
1242
48
542
541
1
157
1
1
719
1
1
1
2
1
1
2
1
1
1
1
1
2
1
1
1
408
947
814
1
1
1
2
1
719
950
496
1
649
1
1
1
1
1
2
3
1
1
1
1
423
388
389
424
389
390
35
34
942
140
261
889
1026
1
977
175
226
924
1061
976
174
227
923
1060
2
1
1
929
1
116
115
675
1
3
1
2
2
1
1
1
3
1
2
2
1
1
1
1
1
2
1
1
1
2
2
1
348
92
1249
747
1
815
1
279
280
80
31
1
2
1
1
800
784
780
16
20
4
1
1
612
640
28
146
944
1
79
1
789
309
415
1
842
1
1
14
24
435
10
449
459
1
2
1
1
1
546
281
520
651
265
26
105
239
370
131
933
1
565
739
1010
444
590
146
889
2
1
1
3
1
2
2
1
1
2
1
1
1
121
585
586
802
3
1
2
2
1
1
1
1
1
2
1
1
1
2
3
4
73
1
2
3
74
1
2
75
1
76
77
498
1
29
33
61
35
536
34
38
1
2
1
1
1
1
1
793
1
1
2
3
1020
1019
1014
1
2
1021
1020
1015
1
1022
1021
1016
1023
1022
1017
1
6
5
144
924
148
688
539
670
836
687
818
149
18
131
1
658
2
1
1
1
3
1
2
2
1
1
1
845
293
220
846
292
219
1138
1065
73
4
3
1
2
1
3
2
2
1
1
1
1
268
308
348
780
40
80
2
1
1048
40
42
41
1088
82
81
1128
1046
1047
221
4
3
1
2
1
3
2
2
1
1
52
547
620
488
40
41
599
672
540
73
247
59
270
132
1
55
2
1
1
876
716
719
2
1
1
4
3
1
2
1
3
2
2
1
1
323
762
530
232
135
1
720
457
544
263
176
87
663
123
786
3
725
1
430
432
431
908
1
1
1
2
1
1
210
1
3
1
2
2
1
1
1
505
766
517
1271
1022
249
687
859
877
1
1
2
632
633
709
1
633
634
710
634
635
711
1
77
76
869
1
1
1
1
1
1
2
1
1
1
1
2
1
1
1
677
11
697
686
766
2
1
1
1
1
2
1
1
1
2
3
200
989
1038
1
2
199
990
1039
1
198
991
1040
197
992
1041
196
195
1189
1258
80
1238
131
34
34
69
1109
49
1058
1223
1155
993
994
1107
1272
2
1
1
1
6
2
4
1
4
10
7
6
3
3
1
1
2
3
4
5
89
84
273
162
354
324
1
2
3
4
88
83
274
161
353
323
1
2
3
87
82
275
160
352
322
1
2
86
81
276
159
351
321
1
85
80
277
158
350
320
84
79
278
157
349
319
5
362
73
265
235
48
357
78
270
240
53
16
435
627
597
192
162
25
425
406
30
768
709
730
869
529
601
798
739
187
436
926
1
2
1
457
1
3
2
4
2
1
3
1
1
2
1
1
620
198
3
154
623
195
157
651
719
656
122
473
595
123
205
1074
986
166
1076
472
2
1
1
2
1
1
1
1
3
1
2
2
1
1
4
1
3
2
3
1
2
2
1
1
1
1
621
629
561
563
620
628
560
562
8
60
58
68
66
2
4
5
1
2
3
1
3
2
1
4
3
2
1
2
1
1
1
3
6
5
4
9
10
7
306
304
8
2
1
3
2
1
6
7
4
309
307
5
1
2
1
2
3
4
1
312
310
2
4
5
1
4
5
2
311
309
3
3
4
5
6
3
310
308
4
2
3
1
2
315
313
1
460
7
8
659
3
316
314
2
461
8
9
660
313
311
1
458
5
6
657
2
314
145
308
307
344
312
147
306
305
346
459
6
7
658
1
1
1
902
1
1
721
181
1
1
1
3
2
1
4
4
3
2
5
1
2
1
1
2
3
1
4
3
1
2
1
3
2
2
1
1
1
1
4
3
1
2
1
3
2
2
1
1
1
1
1
1
3
1
2
2
1
1
2
1
1
3
1
2
2
1
1
571
671
522
100
49
149
110
1
6
5
4
7
3
2
1
321
322
324
325
326
328
329
330
1
2
1
3
4
5
327
328
330
331
332
334
335
336
1
2
2
3
4
326
327
329
330
331
333
334
335
3
1
2
3
325
326
328
329
330
332
333
334
4
5
6
328
329
331
332
333
335
336
337
1
2
324
325
327
328
329
331
332
333
1
323
324
326
327
328
330
331
332
322
323
325
326
327
329
330
331
1
3
4
5
7
8
9
2
3
4
6
7
8
1
2
4
5
6
1
3
4
5
2
3
4
1
2
1
1
2
697
1
698
699
157
625
928
4
3
1
2
1
3
2
2
1
1
2
1
1
11
6
10
151
152
141
143
5
1
162
163
152
154
4
157
158
147
149
161
162
151
153
1
10
8
11
9
2
1
1
747
123
2
1
1
881
1
1
2
738
1
737
736
1
1
5
4
3
2
6
2
4
3
2
1
5
6
5
4
3
7
1
2
3
1
1
2
2
1
3
4
84
1
282
2
371
369
1
2
1
2
1
1
2
1
86
1
88
87
666
1
72
1173
50
1134
976
71
1174
49
1135
977
1245
22
1206
1048
1223
39
197
1184
1026
158
735
464
88
89
459
463
13
11
9
672
2
4
659
2
661
663
560
561
1
1
1
2
1
1
2
6
8
1
5
7
4
6
2
1
1
1
11
13
558
12
553
16
10
12
559
11
554
15
2
569
1
564
5
571
1
566
3
570
5
574
565
4
131
569
769
2
1
1
1
58
1
1
5
6
12
13
890
1
7
8
885
6
7
884
1
878
877
3
758
761
1
2
1
1
4
3
1
2
1
3
2
2
1
1
2
3
13
12
1
15
14
16
15
1
436
435
3
2
1
5
4
6
3
4
7
5
2
1
1
2
2
1
9
6
7
10
8
5
4
1
3
2
8
5
6
9
7
4
3
4
3
7
4
5
8
6
3
2
1
11
8
9
12
10
7
6
10
7
8
11
9
6
5
3
2
1
1
4
5
1
4
2
1
2
3
1
2
3
2
5
6
3
4
1
1
2
3
1
2
1
1
1
682
32
61
725
743
39
29
11
666
18
695
68
3
689
1
640
2
1
5
6
4
1
3
8
6
4
7
5
11
9
2
1
325
77
176
1
165
166
1
2
3
1
2
1
24
130
23
1038
106
154
1
1014
130
153
1168
24
1015
129
40
1144
1141
3
118
119
1
2
3
4
5
1
2
3
1
2
1
31
42
41
1
2
3
1
4
1
3
2
3
1
2
2
1
1
769
117
2
1
2
3
820
1
2
821
1
822
823
643
186
1
1279
1281
1
2
1
742
726
552
1272
2
1
3
2
82
1
5
4
84
4
3
83
1
79
80
724
1
886
2
887
1
888
122
88
2
252
6
254
8
90
237
36
109
73
346
92
677
50
3
4
1
164
82
246
254
84
674
832
1
694
1
639
1
2
3
4
1
2
3
1
2
1
1
7
718
1002
14
8
22
43
306
349
341
124
70
71
72
8
197
1
175
946
273
1121
98
1219
637
189
51
52
116
62
63
64
1
1
2
3
4
1
2
3
1
2
1
86
293
458
379
544
165
322
340
68
157
175
608
594
597
230
229
1292
114
253
1
158
157
632
1010
18
25
1
1158
73
1085
738
605
193
1
2
4
1
3
2
1
26
1
25
14
11
3
5
1
294
784
295
783
1078
86
226
236
140
16
15
1
1
797
622
226
323
788
41
5
1
1
43
44
1
3
4
2
2
3
1
1
1
2
879
1
116
15
1080
101
286
945
167
14
41
181
27
195
222
574
893
1
894
2
1
1
978
960
941
932
920
18
37
46
58
19
28
40
9
21
436
12
435
374
1
1
100
103
29
77
121
3
71
23
221
74
26
224
48
36
198
168
559
214
860
348
113
108
221
280
116
237
1123
1228
50
1
5
6
1
1
62
63
45
9
44
64
63
64
46
8
45
65
1
17
71
18
2
18
72
19
1
54
1
19
53
73
20
250
122
107
242
243
15
120
121
135
136
1
209
976
7
1
1062
116
162
1063
115
161
1178
1224
46
1
1
2
1
765
98
132
29
108
138
78
98
103
24
6
54
200
34
79
109
49
69
30
30
10
60
40
20
345
133
1
1
1
800
801
458
1003
862
985
831
1
2
1
779
215
166
2
2
241
1
1
240
422
423
73
127
126
125
45
64
2
54
1030
92
138
76
2
11
74
65
9
557
172
375
49
1
13
1
2
1
877
138
1
155
221
269
66
1008
114
48
1278
229
221
22
24
736
2
714
712
2
923
199
1
122
121
957
1122
976
146
46
192
885
16
152
46
8
170
19
1
1278
517
105
1173
217
330
406
216
4
110
868
60
153
213
525
16
43
121
59
105
362
164
180
1
5
4
4
3
1
313
40
1
2
3
4
1
2
3
1
2
1
120
172
292
656
1
349
295
296
297
350
296
297
298
54
53
52
9
28
1
2
63
82
1
62
81
61
80
1
76
108
109
107
1
1
2
727
752
45
115
1
1108
2
1109
1
1110
755
19
1454
1460
153
1
1
4
101
58
43
94
6
1
3
268
2
267
265
118
581
1
1
126
125
1
111
112
113
115
1
2
4
1
3
2
136
1325
627
