18
2
5
65
6
2
14
11
1
7
137
4
195
139
4
49
9
1
10
204
12
209
3
144
19
147
76
61
171
152
9
3
14
22
19
21
5
10
6
2
20
7
8
1
16
12
4
1
11
13
15
17
176
202
171
6
4
16
10
74
207
206
208
66
13
9
7
11
3
131
2
184
192
8
12
145
14
49
52
200
167
135
155
196
5
187
112
191
182
196
147
30
199
69
173
72
134
139
110
109
2
127
189
165
97
7
202
71
84
691
69
577
140
7
579
582
4
82
2
2
176
170
10
3
164
153
45
8
119
159
75
43
6
81
62
10
1
158
6
80
100
143
167
78
2
32
54
13
33
34
18
3
207
141
9
109
2
34
90
1
54
7
132
219
14
215
222
15
196
136
12
182
44
14
9
65
5
137
3
93
2
159
37
92
198
170
119
62
61
187
80
110
22
131
69
20
114
195
52
71
157
156
193
93
115
208
210
5
114
3
6
2
197
34
154
151
201
673
400
624
24
661
387
599
653
627
527
536
615
153
658
27
22
140
48
7
93
80
8
87
8
5
28
199
188
190
189
209
114
30
56
383
456
397
312
172
208
192
477
353
203
138
63
77
129
153
232
142
262
115
162
25
88
57
65
55
70
179
266
285
191
112
415
16
66
673
463
665
38
414
7
152
532
575
397
21
147
531
2
70
80
41
1
147
19
158
44
12
203
99
176
123
167
111
159
54
207
172
113
115
196
183
171
122
73
31
162
17
102
170
157
150
163
142
189
92
155
179
32
49
78
105
44
46
57
427
471
287
153
187
28
19
218
6
132
213
156
8
3
94
23
101
2
81
9
148
161
191
15
102
189
159
207
48
103
13
183
131
149
132
209
70
216
95
174
179
191
218
38
195
182
78
69
2
428
462
31
60
10
4
15
62
502
153
63
433
492
272
323
43
5
35
88
7
538
38
50
29
90
115
495
79
126
56
450
208
536
62
404
26
161
83
41
159
9
3
193
118
78
263
212
330
194
86
20
30
8
6
65
141
457
23
539
571
31
589
579
81
562
139
15
76
1
230
39
2
533
584
138
484
40
292
420
380
198
400
90
109
104
556
155
525
42
52
12
37
176
11
137
152
14
88
142
90
70
54
157
87
59
6
129
188
168
115
16
196
96
2
30
26
63
185
78
38
72
135
125
21
34
11
395
356
664
478
345
24
182
123
119
648
14
117
17
174
45
13
46
133
47
150
554
78
76
541
420
84
130
103
67
244
533
385
460
602
690
684
703
504
739
423
61
124
280
579
602
427
390
31
428
284
290
179
36
612
351
12
8
65
9
5
620
34
65
588
544
31
614
35
63
665
668
552
37
595
509
480
506
504
625
578
29
207
5
201
55
151
53
16
42
187
122
168
127
16
160
131
185
83
209
77
100
74
53
184
119
59
49
138
115
90
91
640
16
55
20
33
459
573
32
454
47
488
110
641
631
360
567
639
560
53
30
8
361
9
241
16
59
488
607
645
74
238
21
552
20
544
480
445
29
122
37
386
646
38
84
18
54
209
630
567
424
194
400
530
7
80
19
431
429
244
486
42
46
39
481
5
458
609
165
51
379
40
154
14
23
23
43
236
78
589
404
496
58
607
217
611
157
462
106
610
120
171
582
364
564
1
518
479
561
472
571
481
473
474
599
397
586
41
576
458
535
506
89
422
610
579
607
77
84
605
391
604
288
448
609
331
608
24
9
537
121
488
433
446
560
97
330
289
509
720
126
370
697
32
63
59
255
552
450
684
591
629
550
398
524
70
65
549
608
478
593
512
37
634
410
633
333
493
510
327
63
532
190
17
360
3
484
273
531
66
130
439
78
554
52
504
3
26
3
377
624
65
17
393
102
417
10
30
89
539
571
139
613
72
59
13
492
472
466
4
439
140
512
607
70
13
763
757
749
13
3
602
586
78
21
104
590
320
27
277
88
103
130
9
3
584
324
6
523
445
26
591
392
548
581
457
552
41
85
187
397
571
475
9
126
451
571
606
29
84
5
12
649
538
435
501
463
392
634
487
602
576
550
651
459
625
54
36
540
661
69
32
170
139
618
472
225
168
499
497
488
573
631
596
245
113
17
34
63
590
19
2
608
622
90
361
532
82
368
360
592
489
519
605
537
109
549
508
5
602
436
342
43
603
543
126
190
364
57
152
623
629
525
591
617
115
16
583
577
615
280
626
44
631
506
611
201
481
550
560
691
297
97
626
480
236
447
62
79
82
539
554
503
523
624
339
218
425
590
433
48
67
76
14
136
19
32
593
94
17
3
31
333
18
85
187
27
135
39
9
14
472
43
413
451
125
373
453
35
588
7
394
20
528
48
72
410
301
610
536
535
541
532
97
454
6
49
62
86
7
37
23
380
574
396
107
151
56
598
536
87
194
394
551
563
151
38
16
39
59
66
555
53
13
37
50
42
623
26
429
55
544
163
321
344
557
401
687
668
65
5
665
58
22
667
648
198
532
101
39
631
419
24
438
526
642
636
568
580
584
49
29
76
63
422
64
666
444
656
574
685
25
509
523
583
5
7
27
382
636
405
55
68
658
653
12
578
631
400
552
22
494
515
299
568
533
456
571
175
695
357
670
79
13
660
466
92
582
157
608
64
661
26
281
481
390
576
155
610
607
590
412
564
34
643
293
311
62
465
420
327
389
191
468
172
101
387
13
67
328
449
392
28
311
533
555
128
1
253
545
113
46
115
12
444
73
2
114
40
449
118
659
19
182
624
586
267
549
114
641
715
109
315
341
175
374
125
68
100
442
526
142
352
532
149
236
261
568
580
369
109
617
257
390
523
583
62
613
262
337
612
569
648
608
41
149
600
21
548
346
459
572
326
89
666
592
397
216
211
550
555
640
2
17
43
128
601
303
332
594
581
549
560
150
242
655
661
20
78
350
385
176
433
153
374
163
269
106
22
399
607
348
599
309
92
464
509
609
543
559
85
6
595
583
310
608
392
203
331
266
548
544
547
534
264
1
104
379
73
13
78
35
143
505
325
586
93
660
706
360
540
149
176
168
550
34
504
7
541
66
241
456
563
290
451
539
540
126
471
14
436
4
346
646
618
227
133
303
149
29
17
600
473
131
41
30
78
55
623
552
8
555
18
408
432
79
37
595
630
17
416
28
228
656
642
637
612
638
21
444
1
8
274
36
111
530
48
149
630
24
7
280
21
616
87
18
64
331
257
201
643
343
18
644
746
568
109
759
133
705
424
685
704
677
654
639
697
678
3
682
388
558
392
21
43
30
590
27
331
14
2
63
369
44
34
617
81
630
527
365
738
254
700
746
137
39
737
96
775
164
434
19
569
121
104
438
601
377
72
664
101
661
746
635
81
463
632
405
577
556
609
378
530
199
286
468
567
311
658
415
309
239
406
101
536
424
621
128
659
710
274
561
464
162
526
143
321
144
78
636
145
9
246
320
642
327
665
382
573
551
362
329
268
269
249
167
200
529
103
78
436
231
133
238
141
632
379
85
30
522
25
277
403
41
588
17
15
604
158
16
776
514
745
685
36
508
510
635
215
738
382
310
171
491
682
753
444
112
676
117
224
624
9
710
430
101
681
757
432
221
623
499
103
699
82
610
598
75
55
38
320
662
90
609
510
536
601
555
507
605
400
199
594
604
88
582
543
432
575
45
571
380
48
57
11
4
36
15
364
279
38
307
167
168
31
336
523
158
92
529
12
370
50
121
24
52
409
389
140
489
485
539
94
514
35
415
115
315
65
356
364
617
440
150
86
609
530
87
369
595
594
428
550
371
16
5
553
344
592
593
453
434
450
154
483
564
92
266
111
402
54
71
38
50
34
82
368
29
143
4
54
718
518
4
415
113
66
682
633
342
83
534
471
413
454
50
20
681
100
289
472
81
107
329
46
516
38
557
24
690
94
498
443
546
82
442
713
182
427
400
243
62
649
183
710
459
533
146
456
75
170
589
606
346
84
3
594
382
583
502
587
12
23
555
37
32
38
280
376
24
33
45
368
23
54
221
79
1
19
83
684
12
464
58
63
159
12
458
664
68
217
431
614
514
124
218
287
70
20
419
522
18
629
35
396
596
360
273
70
484
9
293
155
48
146
239
390
269
404
292
422
327
113
380
511
39
434
467
48
591
376
37
696
610
242
655
661
646
416
652
374
38
708
318
44
680
8
546
92
452
533
500
120
737
702
733
85
109
672
390
611
260
432
678
628
531
373
38
667
68
505
466
12
596
6
611
116
24
21
554
34
403
97
365
224
100
558
17
283
597
11
505
70
51
20
300
538
110
437
541
733
351
672
90
711
698
115
531
454
53
352
51
75
354
355
609
63
14
115
285
651
190
103
392
555
40
324
505
27
665
646
279
645
439
333
680
654
541
489
93
657
61
53
674
558
2
65
78
455
504
356
461
464
379
66
434
574
411
70
126
609
478
544
354
488
423
157
415
430
502
85
4
91
153
239
303
481
505
318
527
566
377
550
457
219
596
295
518
546
96
164
484
461
600
427
257
399
67
274
80
614
630
490
219
193
250
156
317
644
300
54
172
518
429
604
60
18
598
11
569
163
586
42
607
616
612
551
560
36
527
90
517
225
528
16
444
627
73
104
426
452
2
62
8
11
12
188
754
197
15
7
38
190
4
163
19
227
204
74
137
76
65
147
59
10
46
146
49
58
20
281
465
470
224
253
258
37
57
34
241
141
6
42
3
97
9
29
325
54
10
38
58
56
55
204
34
650
8
38
289
230
1
19
57
483
16
31
24
202
283
287
13
267
10
36
105
248
492
416
160
404
428
94
468
42
140
30
187
54
253
12
555
55
68
554
82
16
47
59
96
1
26
28
38
27
14
239
126
184
117
73
10
642
457
768
5
31
19
48
12
157
616
27
41
178
54
209
50
489
127
46
343
151
131
75
364
356
21
118
131
67
79
122
103
43
66
39
571
294
60
580
33
64
109
147
47
101
128
221
173
232
623
234
4
92
345
9
207
313
704
511
483
547
485
454
335
699
675
513
657
141
476
46
519
581
480
62
643
444
12
543
623
308
679
744
719
391
575
736
658
361
577
728
731
315
433
170
555
333
585
322
518
323
729
343
537
731
787
700
228
229
42
234
226
144
71
511
444
132
548
119
48
576
471
24
457
296
135
181
264
197
450
389
266
165
524
215
639
615
157
124
554
597
369
206
430
177
87
125
727
64
397
655
547
666
42
394
385
382
58
646
582
470
104
37
67
357
39
40
643
348
195
402
129
1
486
148
135
507
99
132
2
3
322
105
605
138
336
24
46
170
341
259
137
308
402
31
398
98
23
38
335
620
274
275
9
142
359
270
404
289
347
136
276
8
202
186
72
112
68
205
427
110
212
182
322
208
13
32
14
186
8
321
226
220
38
12
56
268
202
591
657
607
191
706
163
424
510
186
82
395
261
194
21
107
105
131
377
44
78
312
2
353
36
145
92
44
272
19
244
191
211
102
273
65
128
255
136
25
130
167
660
684
202
622
616
698
91
67
436
514
502
371
574
560
42
16
592
619
56
617
529
366
305
497
23
631
32
49
395
45
4
63
71
458
437
592
563
624
432
38
481
129
633
320
694
504
679
503
581
613
25
162
441
171
49
586
31
579
104
7
483
116
387
122
62
419
33
576
81
458
84
547
53
170
575
518
41
411
439
48
97
680
154
67
683
42
587
71
588
522
71
7
13
397
603
54
590
542
367
497
6
563
20
466
5
353
510
564
3
395
487
131
18
636
633
87
526
549
40
45
563
19
493
32
20
428
215
355
216
412
184
327
608
384
558
569
657
407
511
256
571
577
24
236
571
30
424
59
1
549
483
86
617
77
17
423
204
485
295
630
579
581
67
463
37
633
263
29
581
575
477
672
698
28
95
56
479
6
148
547
615
586
104
181
101
13
525
496
94
34
459
165
593
74
543
16
54
109
39
110
41
582
500
46
322
426
583
595
91
13
4
110
556
394
300
78
81
474
346
599
41
61
42
97
21
557
606
20
471
21
84
9
598
8
66
607
579
608
468
14
550
35
660
203
48
492
451
20
618
657
728
410
106
97
705
716
504
43
441
684
132
483
124
553
257
179
459
40
627
588
616
607
559
477
12
578
409
710
68
77
664
39
638
381
314
271
61
175
348
313
28
452
317
609
354
65
596
199
9
7
13
570
503
221
494
121
367
465
365
573
457
182
107
406
219
331
416
18
653
55
571
505
63
546
446
639
544
22
16
21
486
85
523
408
509
58
603
577
8
513
576
544
502
37
1
640
608
64
429
530
13
342
224
625
672
76
635
14
3
253
110
657
494
531
489
634
418
588
625
595
282
587
577
561
463
443
528
417
304
35
74
301
305
387
87
38
198
750
400
596
566
594
571
608
63
465
602
373
110
111
634
282
107
270
413
226
502
299
244
32
686
485
159
661
438
639
693
557
692
652
503
613
96
634
645
686
660
784
400
607
668
482
48
252
31
106
51
92
36
318
6
624
76
398
559
364
34
90
243
482
222
58
112
495
111
166
110
362
572
579
548
363
609
553
502
75
418
104
536
400
750
352
517
599
651
677
692
633
456
298
552
353
548
618
375
519
577
124
386
106
253
606
373
227
422
284
513
326
602
518
637
573
683
313
163
203
487
537
671
501
567
637
651
24
663
540
280
253
170
61
619
576
181
155
473
258
307
575
557
549
532
558
9
622
377
598
619
212
613
468
607
621
578
535
286
651
788
642
488
194
66
620
140
645
595
222
396
415
630
622
627
756
180
673
672
186
115
34
5
74
51
32
93
29
60
62
281
10
1
368
124
339
4
28
421
166
126
110
170
202
97
124
22
284
70
170
51
236
223
181
161
36
539
282
643
588
540
42
624
672
78
335
61
358
312
15
453
61
241
77
587
89
157
169
38
399
156
170
49
356
395
239
81
164
146
124
236
99
267
15
195
362
317
349
80
22
114
641
39
71
184
283
426
182
127
210
373
663
74
609
691
594
612
225
611
341
28
191
362
195
366
394
240
279
242
144
43
244
126
48
259
556
155
20
5
251
167
141
250
14
221
38
42
145
179
63
272
1
27
50
80
353
175
250
246
283
14
631
188
7
85
216
87
238
570
687
441
416
89
290
282
255
55
49
255
52
40
38
48
82
26
230
306
292
454
10
380
61
50
11
147
267
7
248
10
101
39
65
708
260
574
744
518
664
17
62
368
86
265
48
74
96
42
115
226
127
82
180
97
320
437
12
438
147
184
418
14
349
455
470
164
190
126
180
70
100
56
80
107
175
58
72
464
53
231
79
194
32
161
382
455
347
33
381
26
77
14
55
23
73
38
16
403
657
456
674
586
105
71
442
81
279
126
276
648
72
132
228
206
572
134
577
625
545
232
531
638
478
746
387
290
311
608
357
673
420
692
621
571
683
670
275
512
434
717
402
102
407
311
528
602
647
212
307
285
207
414
175
53
279
148
88
267
277
9
19
6
23
280
268
271
46
134
3
98
261
270
12
133
273
48
8
1
125
84
12
9
169
94
99
72
137
11
11
594
577
277
123
218
600
13
64
300
11
101
108
152
213
19
187
198
3
265
276
110
18
109
165
38
560
451
558
356
614
380
88
286
134
42
167
75
271
272
283
284
313
92
88
354
634
413
672
415
244
304
595
229
592
482
311
305
310
651
421
230
605
75
528
217
142
251
224
439
401
390
27
109
372
312
216
15
260
186
32
253
329
127
274
64
175
705
43
64
331
327
10
306
317
233
93
6
330
86
74
122
63
515
249
143
240
25
23
18
77
744
407
21
54
16
161
338
15
131
76
62
245
181
54
96
179
156
667
45
147
4
43
299
126
180
57
97
254
189
23
422
152
151
271
20
445
102
130
9
114
189
13
174
19
112
102
157
143
128
170
38
77
54
419
122
177
72
33
61
3
206
13
299
93
131
48
299
497
54
7
209
6
15
25
47
52
9
45
357
361
728
672
267
621
54
48
11
47
105
203
307
9
2
15
373
160
157
28
50
132
18
135
268
134
3
269
21
223
6
60
158
43
251
173
159
36
63
99
102
131
264
402
206
144
9
34
255
205
229
73
159
162
202
88
7
46
153
39
81
199
133
58
93
304
114
71
306
33
306
237
17
93
207
144
10
29
147
37
163
25
317
311
251
24
95
66
151
147
290
42
162
36
131
264
18
151
188
1
47
41
280
205
207
653
180
189
56
242
2
64
420
127
143
88
174
285
13
171
304
233
589
240
300
435
387
413
291
499
597
138
404
346
599
444
382
448
518
170
426
624
536
483
549
510
604
502
440
748
609
710
531
603
629
654
330
126
689
615
655
634
33
605
624
379
701
370
688
412
302
320
712
274
524
237
467
489
324
526
566
452
709
178
596
661
189
662
191
336
409
180
422
640
628
231
641
480
252
666
690
352
637
557
454
538
442
199
603
328
460
461
665
643
422
728
628
216
9
39
43
166
120
27
243
212
124
212
259
155
80
54
281
10
52
428
244
235
88
103
14
279
92
73
138
359
16
223
35
154
51
389
326
268
385
42
52
124
49
13
24
223
277
216
111
229
388
180
364
107
214
4
93
47
166
77
293
279
198
46
144
58
41
89
56
99
226
77
222
276
88
183
274
113
378
159
294
668
215
314
382
82
393
22
263
65
84
419
23
24
8
471
49
80
453
318
40
380
227
2
71
251
43
57
182
19
373
76
42
343
442
136
237
59
444
3
86
203
4
207
129
155
242
149
607
57
67
98
6
211
140
126
60
396
113
220
224
9
60
278
330
127
237
207
235
155
128
299
45
421
401
298
44
355
110
262
10
18
252
147
4
195
226
251
410
9
177
147
56
234
74
13
120
29
152
516
19
66
299
196
649
157
104
117
40
200
154
496
110
15
25
7
90
92
46
83
134
7
311
91
160
33
314
169
44
114
296
53
37
46
45
138
88
88
183
99
1
2
117
7
176
90
98
8
419
97
167
57
154
24
96
438
35
202
51
396
8
77
98
7
64
402
116
1
322
83
112
454
33
447
467
160
207
291
15
34
214
121
55
228
122
136
285
18
290
148
280
76
283
41
292
86
273
282
26
350
4
110
64
409
252
55
67
11
335
264
387
301
167
335
144
318
10
184
296
279
201
267
251
268
281
154
271
35
82
37
196
185
429
333
433
219
480
157
193
3
59
15
274
52
200
133
240
174
104
272
75
443
369
94
191
209
189
122
307
529
214
124
513
357
291
168
193
225
170
167
48
438
26
334
93
400
241
436
73
271
435
413
317
3
222
505
306
72
92
64
279
369
658
297
195
102
154
155
77
83
403
400
347
452
463
141
53
204
185
177
119
64
43
167
363
38
193
87
357
337
325
157
167
49
21
88
5
231
42
432
102
73
557
455
128
286
36
62
431
84
430
429
319
66
44
345
347
207
200
182
386
444
160
21
15
56
230
457
222
26
392
195
540
3
168
218
257
34
324
401
27
253
571
196
75
300
154
288
39
300
50
19
71
517
503
230
267
151
471
319
96
430
357
61
178
92
10
185
157
97
143
402
184
4
334
106
239
1
152
132
232
31
6
453
50
360
39
392
332
263
143
223
43
143
26
152
95
375
55
341
386
347
431
403
438
420
71
125
200
194
346
127
268
101
258
137
276
91
118
265
277
56
267
136
270
188
398
353
275
6
48
12
186
228
422
72
101
429
101
154
215
52
291
74
67
183
345
45
125
61
338
303
103
92
361
36
29
186
292
289
137
23
136
180
39
191
80
16
116
352
219
296
69
48
128
262
309
721
78
379
84
181
257
26
96
432
309
181
79
248
228
203
332
152
167
459
240
159
8
175
236
270
370
320
336
340
41
397
396
114
145
303
338
135
341
332
111
37
448
10
236
149
104
212
484
111
61
321
118
125
304
198
43
180
375
191
320
320
130
204
383
338
129
421
304
75
394
12
25
219
279
269
134
88
36
92
283
112
178
220
173
154
105
170
222
104
149
220
529
573
389
69
229
286
292
387
3
141
285
256
133
331
343
31
19
87
214
123
192
29
53
299
99
34
309
214
56
9
17
248
176
214
185
46
257
78
272
270
180
14
283
3
334
1
159
345
135
194
56
552
481
189
138
54
371
416
344
434
127
138
25
40
122
51
136
421
159
276
392
452
329
81
511
80
449
513
226
155
533
263
369
433
157
181
419
199
78
2
328
74
70
43
40
108
361
326
71
589
605
602
41
156
202
412
190
324
163
84
74
40
115
26
244
278
257
126
78
293
260
4
10
100
367
45
98
265
242
178
357
71
112
17
270
311
371
42
375
312
248
182
95
392
199
387
19
293
46
175
298
344
180
200
122
39
210
392
41
91
276
312
317
162
315
253
363
65
698
161
514
434
463
18
517
57
496
396
38
105
383
218
432
6
60
356
88
47
241
206
265
27
331
94
91
349
229
286
191
194
257
241
287
288
269
275
41
289
123
185
156
226
65
147
83
99
54
265
229
194
306
208
215
17
217
65
3
452
154
42
66
333
235
210
66
120
343
75
372
330
417
79
59
346
146
517
521
31
63
163
224
32
104
397
509
135
243
360
136
249
144
354
430
157
369
177
460
539
75
563
550
483
587
13
263
638
537
191
174
227
21
85
390
364
69
319
330
503
85
312
304
588
35
40
367
368
361
358
354
359
318
338
284
280
6
256
54
248
18
316
130
531
481
109
364
5
55
20
66
305
324
189
629
1
12
9
333
414
378
19
10
7
328
3
303
413
239
384
121
386
538
271
189
307
194
217
179
73
159
291
37
85
237
364
90
33
367
375
396
201
236
10
54
13
101
80
24
566
476
21
10
46
70
12
32
133
46
109
84
19
14
147
236
234
267
529
254
196
270
3
271
110
250
225
35
210
28
20
436
63
22
199
16
147
25
243
103
226
368
366
369
36
45
359
377
207
459
487
1
285
197
257
180
314
256
265
262
189
124
351
287
52
367
103
237
339
10
120
407
300
32
119
124
104
97
94
301
255
334
55
539
443
362
87
230
246
152
248
24
491
530
267
222
143
292
39
260
276
164
340
199
192
131
364
162
301
18
30
300
319
181
320
174
7
146
203
145
227
111
32
357
49
358
50
299
101
226
162
95
287
97
276
36
158
446
411
212
292
142
301
62
54
201
299
319
197
77
28
192
42
35
243
468
451
53
20
224
346
242
296
3
617
353
543
93
547
664
54
488
362
175
333
537
40
267
254
97
277
271
96
95
257
620
421
38
433
561
33
448
57
245
72
297
136
663
517
493
454
450
499
365
490
616
528
130
101
16
212
213
85
112
200
14
129
94
65
158
366
87
168
112
144
561
781
63
333
65
161
309
96
18
212
390
421
25
197
459
413
340
455
341
523
128
246
120
234
439
123
232
356
222
164
296
142
27
30
264
520
721
130
188
526
183
302
121
356
129
430
230
289
423
193
19
310
276
190
252
302
3
387
105
452
173
158
30
272
115
363
476
474
319
419
408
242
551
550
422
193
294
492
411
274
404
396
382
371
369
236
497
442
154
45
134
330
362
355
380
531
482
422
434
318
320
263
69
462
609
13
4
371
27
500
493
577
641
139
26
32
687
522
665
327
321
390
413
325
6
143
11
8
332
413
18
9
46
32
1
70
20
330
25
499
142
29
111
45
14
486
153
393
503
2
35
287
57
29
7
2
60
30
86
28
9
31
22
59
114
280
543
1
22
321
324
81
314
323
13
292
179
138
131
294
180
358
297
518
487
29
591
574
19
76
39
590
398
78
513
81
103
119
411
489
84
360
306
93
186
277
14
143
26
182
462
454
35
402
405
395
404
545
544
543
515
522
233
518
483
641
412
619
380
496
425
433
492
463
550
614
606
84
514
497
276
598
37
421
95
764
498
340
2
450
266
656
676
29
438
58
27
16
80
28
29
46
21
38
8
22
1
35
66
26
71
18
39
84
25
70
84
75
60
30
29
9
48
73
18
11
2
73
50
112
151
20
46
452
66
450
363
208
418
409
539
190
3
7
2
10
1
9
135
60
87
227
304
485
48
1
111
3
11
13
17
114
12
2
8
28
195
383
149
11
15
42
11
98
399
28
7
9
8
138
396
365
47
48
46
18
25
53
49
67
468
16
20
65
29
13
4
5
123
20
123
39
52
4
46
110
88
18
637
24
502
64
17
14
139
58
107
109
10
13
14
10
107
21
40
4
42
52
75
44
31
36
33
31
57
180
172
100
56
37
35
36
7
2
1
28
66
50
42
18
24
76
13
5
91
69
21
34
7
32
13
27
14
95
88
34
68
1
30
23
29
67
22
38
148
155
3
108
122
1
173
55
