246
325
32
31
1101
1086
2
1
44
5
1
7
99
101
88
93
46
82
80
70
96
59
95
98
94
97
92
60
87
78
89
62
76
83
73
71
79
68
90
67
72
66
84
91
75
61
69
63
86
77
58
74
55
65
48
30
4
5
43
6
36
9
7
14
8
375
48
4
1
5
403
361
368
301
8
3
2
1
4
1
417
422
518
534
502
332
444
522
343
423
446
527
1
345
2
11
456
47
6
48
533
17
19
511
535
29
3
468
445
490
494
466
1
443
455
424
504
499
2
489
441
14
7
451
431
457
442
532
39
474
426
12
21
10
23
16
28
20
31
9
27
33
505
8
24
30
36
13
41
25
458
108
245
430
435
472
428
61
367
434
346
34
508
399
314
402
236
54
357
184
109
110
299
65
156
6
111
4
174
128
79
129
32
162
3
371
389
453
13
100
8
528
55
19
21
188
414
413
311
342
328
521
493
509
518
533
31
517
452
486
485
475
496
484
483
473
489
468
481
450
480
461
476
447
457
471
467
478
5
477
469
465
462
505
479
364
458
336
417
317
318
319
522
346
42
244
362
320
534
510
474
463
508
466
443
488
492
6
464
3
453
422
7
502
497
4
448
445
487
427
439
16
9
384
446
449
429
455
403
440
152
41
529
501
310
395
396
347
419
380
514
271
277
294
377
367
285
370
269
314
47
201
408
324
304
14
23
12
39
25
18
28
30
22
33
11
29
67
35
17
503
10
26
40
32
38
15
24
43
27
456
349
68
495
418
69
293
300
406
404
428
433
470
280
491
434
36
506
410
204
397
378
164
217
312
56
279
225
338
189
257
355
70
232
110
223
62
258
222
212
61
60
71
58
273
144
158
207
235
211
205
61
498
1
519
436
259
460
482
379
513
7
87
36
5
541
39
6
8
8
501
7
10
6
9
3
4
165
28
360
1
10
1
26
12
5
15
17
9
20
21
22
4
516
3
13
19
25
2
11
30
14
483
447
519
43
207
368
48
206
12
449
24
335
536
331
333
151
11
13
23
439
525
3
34
2
5
454
33
403
39
15
4
31
17
10
20
22
14
21
27
9
511
24
30
7
16
19
436
441
65
28
514
405
386
225
320
313
330
315
409
299
340
48
245
80
287
286
183
233
63
222
223
7
29
36
34
243
469
468
366
397
383
576
548
564
573
588
24
54
583
2
207
552
12
14
23
13
16
12
15
10
22
5
4
7
20
6
1
9
11
3
14
8
15
10
16
2
522
9
7
21
13
19
4
5
24
8
489
510
17
525
209
554
10
510
16
21
15
18
14
17
12
20
7
2
9
18
4
3
7
9
1
12
10
13
8
88
14
4
524
11
5
19
11
17
6
3
22
6
552
395
489
367
448
348
349
350
553
11
275
393
351
565
494
519
25
426
19
459
464
428
409
310
263
304
445
359
524
30
219
559
540
564
482
474
470
467
510
484
515
513
2
2
1
4
36
9
18
7
34
20
13
23
25
17
28
6
29
24
30
12
508
5
21
35
27
33
10
19
38
22
475
496
439
31
511
360
523
524
457
491
490
480
501
489
488
478
494
440
473
486
455
485
466
481
452
462
476
472
483
441
530
36
491
549
260
30
498
444
440
554
343
390
480
279
321
249
184
209
183
214
359
367
568
473
551
575
566
470
3
447
1
508
503
2
443
454
451
493
433
10
3
452
455
461
8
17
6
33
19
12
22
24
16
27
5
28
23
29
11
509
4
26
32
9
18
21
462
296
476
497
30
512
403
384
318
341
340
270
411
285
67
94
5
442
272
472
494
498
444
456
425
4
505
500
1
440
451
448
490
430
442
13
6
387
449
452
432
458
406
443
38
532
504
289
11
20
9
36
22
15
25
27
19
30
8
31
26
32
14
506
7
23
37
29
35
12
21
40
24
459
273
352
377
473
494
437
33
509
207
338
222
57
97
2
439
512
536
469
446
491
495
467
509
504
3
444
455
452
494
434
446
9
2
453
456
462
7
16
5
32
18
11
21
23
15
4
27
22
28
10
510
3
19
33
25
31
8
17
20
463
277
381
477
498
29
513
342
341
271
412
322
505
6
443
473
450
495
499
471
448
441
452
449
491
431
443
12
5
388
450
453
459
407
37
290
10
19
8
35
21
14
24
26
18
29
7
30
25
31
13
507
6
22
36
28
34
11
20
39
23
460
274
353
378
474
495
32
510
359
144
143
142
141
173
57
56
502
96
521
3
440
513
537
470
447
492
496
468
457
426
506
501
543
464
412
523
5
14
3
30
16
9
19
21
2
25
20
8
512
31
23
29
6
15
34
18
465
500
27
515
507
526
8
446
457
542
475
452
497
501
473
450
462
431
511
506
496
448
7
27
18
29
16
23
11
19
8
30
12
6
544
31
15
9
3
26
14
475
5
547
396
25
237
9
2
25
11
4
14
16
8
19
3
20
15
21
3
517
4
12
26
24
1
10
29
13
212
484
505
448
22
520
150
251
301
253
254
214
65
255
64
86
2
11
16
2
5
5
7
1
10
12
11
6
12
6
526
13
3
17
9
15
8
20
4
493
514
457
13
529
378
7
27
13
6
16
18
10
21
1
22
17
23
5
515
2
14
28
20
26
3
12
31
15
482
503
446
24
518
44
417
367
49
502
88
458
359
4
441
452
14
21
11
17
6
28
5
10
4
22
29
13
1
15
12
509
530
545
374
444
475
7
3
5
3
8
14
9
4
10
8
528
15
1
15
7
13
10
1
18
2
495
459
11
531
380
9
10
12
4
15
7
16
11
17
1
521
8
8
22
14
20
3
6
25
9
488
452
18
524
38
373
43
454
365
2
6
5
17
6
1
7
11
531
18
2
12
4
10
13
4
15
1
498
519
8
534
363
433
464
8
3
19
4
1
5
13
533
20
4
10
2
15
6
13
3
500
521
464
6
536
14
11
11
12
7
13
5
525
12
4
18
10
16
7
2
21
5
456
14
528
188
78
459
470
6
22
1
4
16
536
23
7
1
5
18
9
6
503
524
467
3
539
469
17
23
18
24
6
514
1
15
29
21
27
4
13
32
16
481
47
43
502
445
25
517
313
320
348
253
60
41
34
40
89
10
539
37
5
5
1
17
537
24
8
6
2
4
19
10
9
7
525
2
540
369
439
6
12
532
19
3
11
3
9
14
5
14
2
499
520
463
7
535
18
25
9
5
3
3
20
11
8
8
505
469
1
471
520
7
9
23
15
21
2
7
26
10
487
19
523
352
422
65
35
28
83
16
453
545
513
16
22
28
5
14
17
404
480
501
444
26
516
433
440
120
409
401
417
373
399
426
385
370
391
369
392
368
57
353
6
529
6
12
11
2
1
316
496
517
460
10
532
381
74
462
10
543
8
25
16
3
13
285
113
531
474
4
546
12
413
535
17
8
11
5
502
523
466
4
538
14
11
508
529
472
544
22
518
538
369
9
28
12
443
191
485
506
449
21
521
166
60
451
405
336
341
527
19
3
494
515
12
530
359
288
429
158
460
546
16
534
7
549
57
530
518
461
9
533
11
26
10
199
271
248
328
7
292
293
329
25
225
342
398
330
120
179
245
27
28
54
45
339
227
345
574
559
327
539
542
527
470
33
3
299
300
336
18
232
349
405
127
186
252
20
21
47
52
335
51
353
354
57
18
141
108
198
107
106
18
197
578
5
302
363
274
476
13
128
415
8
482
298
4
394
258
50
49
13
393
504
422
32
17
7
1
6
2
217
347
354
361
294
48
15
4
3
440
425
25
24
6
511
173
361
124
125
18
13
389
74
347
354
382
287
78
77
48
50
51
55
44
38
8
573
3
31
367
305
339
306
304
7
299
3
353
360
388
58
29
49
50
14
579
3
379
374
370
28
14
7
21
517
364
141
5
9
407
7
273
81
37
360
367
395
300
42
57
586
10
34
398
338
139
356
363
391
296
176
74
46
82
21
88
47
1
110
393
7
35
350
28
357
95
290
80
51
17
31
84
53
23
18
15
30
44
39
1
38
11
33
19
35
36
28
10
20
21
14
27
26
9
16
32
8
7
6
5
4
3
2
99
40
63
52
43
56
22
28
29
17
1470
1140
1021
1282
1351
3257
1031
1032
3263
985
715
716
3870
2788
503
502
676
355
1031
309
186
909
885
306
305
304
303
302
122
146
19
157
148
158
192
499
362
36
377
455
394
48
532
529
495
393
415
414
329
522
494
510
519
534
505
518
386
268
459
337
418
467
444
489
493
465
442
454
423
503
498
438
449
446
488
440
15
385
447
450
430
456
441
530
502
357
372
371
270
346
315
46
202
409
325
277
305
457
69
172
160
149
332
413
434
427
433
276
330
358
367
230
250
410
91
92
411
205
165
120
335
186
226
57
136
259
236
47
164
369
222
210
297
353
285
220
61
93
94
184
175
95
146
162
185
257
204
234
96
156
151
72
73
67
66
32
9
97
13
18
20
98
27
28
29
64
60
45
533
516
528
460
514
102
243
109
36
138
68
62
165
137
128
160
309
359
126
273
311
320
333
310
238
291
156
902
430
261
33
17
531
118
101
108
34
37
40
35
24
1
2544
2762
2596
2543
2595
1416
218
2198
555
2226
1735
166
1980
337
2146
1129
2278
1733
1
62
56
103
242
1488
2312
1643
742
141
186
107
1470
1559
1069
46
1070
44
2509
2537
34
4
17
35
2472
1394
41
2417
6
2557
96
2496
152
2458
45
2208
1071
290
1281
1183
18
82
46
51
1573
147
163
131
39
73
151
28
52
75
156
64
28
33
1555
129
145
113
57
55
133
46
34
57
138
855
36
31
1491
65
81
49
121
9
69
110
30
74
1499
64
1564
1470
80
1562
21
1506
1554
1464
1463
1323
1408
1322
1321
1244
676
5
1527
101
117
85
27
105
74
6
29
110
1600
1123
1500
1499
1444
1424
1388
96
112
80
90
22
79
1
24
105
111
1572
1563
52
1548
1577
1526
414
415
1426
1410
1442
1500
1422
1521
1498
297
8
123
261
70
172
47
91
1427
21
1411
71
195
170
230
700
16
16
186
74
4
175
95
72
9
1496
1499
1492
15
1497
1476
1471
1470
1482
1485
1478
1467
1483
44
1472
1488
1480
1473
1469
1452
1451
1484
1481
1477
1474
1489
1399
1398
1258
1343
1257
1323
1287
1054
320
321
322
32
202
90
12
191
111
7
1418
1480
1363
17
5
829
1483
21
1389
1450
1463
819
171
1476
569
156
78
139
1
146
4
140
1484
1068
1481
1460
1455
1454
1466
1469
1428
1462
1451
1467
60
1425
1044
1456
1472
1446
1464
1457
1453
1436
1468
1465
1461
1458
1473
1087
1383
1382
161
1242
1327
1241
1240
1443
879
932
1307
1163
935
594
595
1239
330
886
307
440
450
827
828
308
309
464
310
311
170
58
20
159
79
56
25
1145
1450
1319
1181
1512
1270
1351
15
1342
1038
1516
1180
1415
1247
1414
1359
858
1179
989
1150
546
1339
1303
112
11
91
114
195
78
101
2
83
1508
1573
1479
89
30
1563
1473
1332
1417
1331
1533
1397
1361
786
790
402
99
76
5
1430
1492
841
1495
1401
1488
11
1496
1493
1472
1467
1466
1478
1481
1474
1463
1479
1437
1468
1484
1476
1469
1465
1421
1448
1447
1480
1477
1426
1473
1470
1485
1395
1394
1254
1253
1455
1319
1283
471
1050
584
585
80
103
184
23
104
1529
1594
1500
1117
1494
1438
1554
1418
1382
81
1506
1571
1477
87
1156
1569
28
1513
1524
1561
1471
1470
1330
1415
1329
1395
974
1425
1487
10
972
836
1490
164
1483
6
1491
1488
1467
1462
1461
1473
1476
1469
1458
1474
53
1432
1051
1463
1479
1471
1464
1460
1416
1443
1442
1475
1472
1421
1468
1465
1480
872
1390
1389
1249
1334
1248
1450
1314
1278
466
601
1045
717
893
579
580
320
771
131
269
62
180
55
99
1435
2425
29
1419
66
2383
35
203
178
238
147
2382
1914
305
1500
1493
16
1477
1479
1468
1061
1470
1443
1490
370
1130
1304
1166
1497
1255
1380
1336
91
366
882
799
1232
1257
1197
949
822
879
952
597
1256
588
354
757
587
477
878
987
582
877
71
70
567
69
528
3
654
94
2269
173
1709
7
1484
1
2318
2
23
2471
28
29
17
14
55
21
32
16
1543
439
11
19
26
30
47
48
15
18
57
22
25
10
100
101
241
156
242
40
2465
176
212
621
445
244
1876
1663
813
1474
151
26
70
1721
2363
79
383
6
118
1912
2443
2319
1757
1288
1481
1364
1320
1477
4
20
1464
170
568
155
138
145
3
139
27
264
1485
1482
1461
1456
1455
1467
1470
1463
1452
1468
59
1045
1457
1473
1447
1434
1465
1454
1437
1430
1469
1466
1270
1462
1459
1474
1433
354
350
866
1088
1384
783
1216
1383
160
1243
1328
1242
524
1241
1181
1444
1435
880
933
1
5
3
413
171
2012
21
2473
26
27
15
12
53
19
30
14
1541
56
25
9
48
17
24
28
72
45
46
52
13
16
67
55
20
23
8
49
333
154
301
38
47
2461
2467
334
363
967
174
2320
2185
1520
1511
1540
1536
1515
1514
1526
1529
1522
1527
1544
1104
1516
1532
1506
1524
1517
1513
1496
1495
1528
1525
1521
1518
395
35
26
55
51
30
29
41
44
37
42
59
31
47
39
32
28
10
43
40
156
36
33
48
43
546
13
22
37
8
59
7
3
18
19
7
4
6
17
1
9
16
20
38
5
12
15
45
27
64
41
608
90
91
231
232
30
39
2481
40
44
1
141
56
142
76
112
424
140
55
141
142
75
111
122
1189
731
85
1
86
20
56
47
240
123
79
25
244
60
610
259
2137
359
723
1425
1773
605
249
1980
605
111
392
22
89
4
46
503
504
505
73
57
491
61
503
68
74
62
203
50
187
83
28
89
22
49
515
157
519
695
794
705
395
499
396
148
29
12
577
20
126
444
396
475
414
481
388
344
243
274
222
178
12
11
198
167
17
19
24
43
66
21
17
45
68
56
87
7
12
22
70
125
54
2
21
53
107
111
3
208
161
1222
342
969
989
343
15
12
35
119
120
205
15
14
222
191
1462
5
29
47
48
58
37
49
50
60
44
98
65
52
83
53
72
57
76
62
66
55
56
64
68
71
28
54
169
75
197
116
216
215
214
11
289
171
213
1
23
59
25
67
90
45
41
69
92
80
111
31
36
46
106
94
549
104
78
130
4
32
223
156
163
264
188
219
580
125
209
257
77
121
123
136
254
1082
320
344
301
260
298
487
32
23
22
26
2
338
25
13
44
36
31
29
18
21
21
39
27
482
82
20
17
37
11
63
55
49
21
2
10
21
59
54
6
5
2
44
16
4
459
3
6
12
40
13
94
4
24
47
35
14
51
43
1
61
504
104
42
39
59
33
32
198
284
366
91
1223
110
324
6
28
51
39
70
10
5
55
44
47
5
65
53
508
108
46
43
37
36
288
938
682
680
363
364
34
23
11
42
38
33
27
16
19
23
37
25
480
80
18
15
35
9
69
117
8
57
12
19
61
56
4
4
46
14
2
57
5
8
14
38
1235
1075
728
45
17
31
49
44
34
26
14
469
69
24
2
3
25
430
1256
713
705
404
76
80
75
65
17
33
34
1109
950
436
4
5
65
54
57
15
75
63
518
118
56
53
47
99
46
153
869
946
756
949
867
959
1
20
60
49
52
10
70
58
513
113
51
48
42
41
148
293
100
1158
870
362
11
50
39
42
60
48
503
103
41
38
32
84
31
884
961
882
974
59
2
9
6
12
7
10
16
17
566
144
514
453
464
461
462
465
471
31
519
472
486
522
97
40
371
12
1
4
22
6
102
7
411
115
134
170
1067
412
88
11
89
100
34
59
160
84
115
476
21
105
125
4
210
70
18
7
10
9
28
52
1
106
81
81
77
89
172
100
15
166
142
214
1111
89
45
487
12
7
62
182
809
422
423
221
59
484
29
942
92
832
1364
1096
1094
1147
1297
1406
1368
1382
1041
1332
1174
1173
1235
964
963
775
818
785
1310
130
296
1140
1340
971
1045
1010
107
355
1196
1234
891
414
609
410
334
335
336
604
7
1425
40
1328
4
99
23
1205
1263
1418
106
1169
1479
1402
1164
18
1378
1400
1325
1287
182
1163
1201
1357
119
6
1162
1399
1439
1358
1238
1524
1585
88
1470
615
1488
1341
1083
1347
618
693
625
444
445
692
1061
66
102
1364
1499
1545
33
12
69
3
177
42
19
8
11
72
10
29
53
137
252
1377
821
1144
830
831
1307
1509
1552
1058
1520
74
252
5
455
42
1197
961
84
1432
38
33
1365
79
1470
1183
36
55
121
1526
1211
1325
841
1126
794
793
614
84
13
480
1425
1285
95
1520
21
36
36
755
34
446
73
41
61
6
151
97
87
69
60
197
177
17
1358
32
103
37
70
102
67
40
604
68
505
608
784
548
883
452
79
47
103
93
75
66
203
183
23
211
135
1352
26
31
76
96
151
15
72
19
85
474
932
970
539
475
120
2
1022
1021
934
83
66
95
1580
1548
123
166
851
218
473
474
475
90
1532
1460
1232
878
31
107
38
124
1017
1044
197
273
5
352
249
408
137
403
416
422
881
28
1069
1
56
579
10
42
185
184
331
6
18
6
746
101
45
1822
1498
167
33
740
301
265
1564
36
2494
5
6
6
9
32
2
9
7
416
4
12
14
27
4
3
7
51
24
25
31
8
5
191
46
34
1
2
28
20
16
24
16
5
21
5
18
13
2
42
15
16
22
17
14
182
37
10
7
19
17
29
25
4
3
15
18
11
33
32
29
25
22
557
197
550
972
44
40
19
30
33
26
31
20
36
28
21
17
196
51
39
4
7
33
22
31
2477
2483
15
11
10
11
1
4
3
2
9
7
1
8
12
30
3
19
37
19
56
36
47
44
66
62
41
40
52
55
48
53
42
58
50
43
39
21
54
70
32
5
174
36
367
125
250
206
138
193
49
76
32
197
72
107
331
89
214
170
66
242
117
161
4
4
2474
25
26
14
11
52
18
13
24
8
34
47
16
23
27
71
51
12
54
19
22
48
265
300
37
46
2462
2468
1505
1501
125
81
23
1733
1775
44
148
183
455
1212
1213
269
265
264
104
139
1652
1694
35
74
2478
21
22
10
7
48
14
9
20
4
30
43
12
19
23
67
41
47
8
50
15
44
694
33
42
544
1378
1096
573
1097
1098
1
11
14
27
7
12
1
17
9
22
2
2
46
20
26
13
6
3
23
12
21
2487
2493
29
2499
12
15
26
8
13
2
18
21
10
3
1
45
19
25
14
28
7
4
22
11
20
2488
2494
30
2500
3
38
4
1
10
6
20
33
2
9
13
57
31
37
2
40
5
8
34
23
32
2476
2482
18
2488
41
7
2
13
3
23
36
5
12
16
60
34
40
1
200
43
8
11
37
26
35
2473
2479
15
2485
5
6
10
16
29
2
5
9
53
27
33
6
1
4
30
28
601
492
481
22
34
1688
2492
11
5
21
34
3
10
14
58
32
38
1
41
6
9
35
24
33
2475
2481
17
39
2487
16
10
23
8
1
47
21
27
12
30
5
2
24
13
22
2486
2492
28
28
2498
26
39
8
15
19
63
37
43
4
203
46
11
14
40
29
38
2470
2476
12
44
2482
7
11
55
29
35
4
195
38
3
6
32
21
30
2478
2484
20
36
18
2490
31
4
48
22
28
11
31
4
1
25
14
23
2485
2491
27
29
11
2497
24
18
24
15
27
8
5
21
10
19
2489
2495
31
25
2501
20
33
166
9
8
1
2513
11
2519
2
42
7
10
36
25
34
2474
2480
16
40
22
59
2486
35
39
3
29
18
27
2481
2487
1524
23
33
15
52
2493
28
32
35
189
26
15
24
2484
2490
26
30
12
49
2496
25
29
32
466
465
899
444
68
56
902
16
904
887
758
1121
1067
1319
1016
1468
1426
564
151
134
141
1
135
276
1092
949
678
117
1301
986
1210
676
675
782
440
441
963
1023
55
825
827
947
54
452
769
53
52
51
708
711
838
50
49
673
48
672
668
47
46
45
496
44
565
43
42
674
41
1454
1141
2027
1100
1369
1496
1452
150
205
1345
548
135
118
125
119
260
23
1108
1388
1330
1386
1385
1408
1429
1269
1284
1365
1371
1380
1461
1194
1131
1068
1417
1152
1087
842
637
52
51
459
50
1506
1473
1465
2262
2034
1127
73
1468
1688
1128
1698
1129
666
1430
678
1879
2105
1981
1978
1676
1558
1920
1671
820
831
1475
1454
1130
1131
1642
585
582
1536
1132
1133
571
1599
1134
557
1572
553
1634
18
1619
1603
1491
1461
1485
1481
1624
2357
127
2240
2243
2237
88
116
490
667
398
2117
2320
1122
1123
452
19
2503
2502
22
2500
2229
2391
2497
2473
2202
2375
62
1607
2410
132
212
990
1045
1044
505
398
15
32
167
31
143
10
1106
17
413
215
430
80
364
423
223
253
297
234
565
46
429
360
288
362
32
180
309
420
343
17
10
152
16
128
109
1243
5
7
135
1
142
1485
1153
679
87
6
135
1233
1183
1166
760
957
1450
548
175
136
114
217
200
7
35
24
11
143
261
164
70
192
111
1
27
172
157
380
116
199
171
162
299
279
119
194
343
393
365
307
436
345
354
434
383
367
344
272
69
216
703
215
536
2317
2009
2470
38
51
75
58
52
41
50
1360
1363
1367
2458
2464
337
2179
2316
1103
2309
2348
2224
2158
2155
1662
317
2187
305
174
2359
2182
2733
2425
79
50
2598
5
1
2
4
15
6
2514
2520
2526
594
13
37
17
20
14
3
12
2496
2502
1461
337
2508
143
695
1368
391
121
179
1244
209
952
133
65
174
2499
2505
747
743
2511
17
530
846
150
75
130
73
527
353
269
674
379
525
521
517
516
971
312
906
465
2121
1762
2349
1
2120
1761
2348
1280
162
484
163
353
192
2353
2490
2212
1991
401
2442
1659
322
1
191
30
560
552
2016
321
292
2346
190
29
2654
161
741
2375
2683
4
140
732
730
729
727
724
722
820
548
1338
547
2079
546
2456
2080
545
2265
2476
1346
2388
542
2387
540
2522
2264
538
2081
2587
1879
2082
1356
1880
739
533
532
531
530
2290
2262
2292
2295
525
524
523
2083
2084
2085
1881
518
2307
1374
1375
517
516
1378
515
514
1381
513
512
511
510
509
508
507
1389
506
1391
505
2108
1540
1577
499
1149
1141
1862
1096
712
1283
1278
1087
1086
1085
304
1424
1636
1382
2226
845
1327
2312
1929
1868
1324
846
847
1774
1514
1075
109
359
180
1083
1731
1504
1732
848
721
1523
415
67
1316
2017
451
748
720
2016
1736
1938
849
1399
1309
718
716
1307
715
1737
850
1738
851
1299
1296
712
1740
711
1898
852
853
1743
854
1284
1902
855
1606
856
699
1425
698
857
694
858
1749
691
1494
1496
1497
1772
1750
1502
859
689
860
861
862
685
684
683
682
1752
1513
681
680
679
677
676
863
674
864
672
865
866
867
668
868
665
869
663
870
661
871
655
654
652
872
648
873
1449
645
1703
1818
1763
96
93
1767
1771
775
1513
1512
1511
1510
1509
775
1438
9
361
2368
1490
190
2448
165
2078
2437
1790
69
267
1938
2077
1298
693
75
76
53
32
90
81
2430
2526
2523
35
2
2441
127
192
96
39
897
1321
1308
896
1490
1489
1078
1444
1373
28
4
2408
771
2591
2590
2588
2019
2514
100
9
2479
2585
2561
63
2268
2502
26
1279
1278
1472
1813
1468
1800
1645
1644
996
995
865
1229
1227
1224
1223
1248
1231
892
891
3
1863
1867
1859
1860
1864
1856
2706
1
2
2707
1
2708
1271
1270
2557
868
869
1116
870
1776
2519
1771
1767
1758
33
2725
315
861
1723
1660
1605
1661
1662
314
1249
1620
1864
2268
419
59
105
2787
661
2704
2905
2718
363
63
118
62
61
103
165
55
1
2
40
56
57
1
41
42
1538
142
131
137
90
2413
2461
62
52
92
113
112
220
2376
2321
2238
2400
248
2362
2438
1849
2209
2373
2175
2339
151
231
343
519
1607
1779
2338
146
1627
184
320
1629
1972
1411
1412
1903
2122
86
417
1971
983
322
1749
1630
1417
323
3
98
2441
97
1626
2391
1490
360
524
326
164
34
130
237
797
306
87
198
83
2892
401
962
259
2317
961
2499
470
2177
2330
18
457
66
971
1669
2060
2383
2801
201
2331
2335
2506
1205
187
184
1004
317
2729
3
833
834
1191
1224
440
279
15
14
13
12
11
10
9
278
235
272
167
273
183
1498
274
342
343
179
388
426
309
425
2143
353
1966
2055
1
73
2481
27
75
155
2514
26
425
3
9
81
2522
135
209
34
11
29
91
2618
704
36
60
274
572
77
2491
434
2582
112
33
156
6
80
387
30
2800
25
2528
118
301
2535
32
85
385
2863
727
323
2035
10
260
448
72
266
89
148
20
2619
221
2595
181
83
1572
755
2499
449
2158
2160
467
1798
759
183
554
1359
696
733
732
435
2162
761
42
73
306
2683
74
2611
2580
2328
1289
2585
2568
2213
2088
177
176
72
2480
4
26
154
2513
25
2
8
2521
73
208
33
10
65
28
90
219
2617
703
153
225
35
571
127
76
2490
111
32
155
5
2564
2432
2580
2184
527
29
2527
117
2395
2048
2536
31
46
84
2824
2338
2195
322
9
259
88
2051
19
82
981
767
2053
2500
3349
132
616
1799
182
553
434
1277
769
770
771
1909
1124
2408
47
352
64
2449
1
62
7
44
81
1609
2608
26
12
53
10
2273
1300
2326
1629
1667
33
2056
2472
2400
41
2407
2272
2447
2415
2452
2390
2261
137
1777
2327
2291
2388
10
101
100
1493
154
234
346
2173
2335
2449
2434
2389
149
465
1984
2461
2398
2314
1617
2372
420
710
2097
2307
306
869
2348
2233
1980
1864
2095
2187
1746
1979
1619
1860
307
308
978
1379
310
312
313
314
2116
48
2117
2118
374
24
47
2
33
222
2464
21
2773
2501
1032
17
45
239
2592
194
2568
2079
1458
706
2164
2165
2166
2439
250
60
137
81
312
50
192
116
2453
3
146
2520
2543
2359
2367
121
144
1
2690
63
2602
139
237
238
2271
1624
2113
2488
1964
2089
373
1968
8
2189
2379
2440
584
1098
1421
2305
2302
2480
2336
2091
587
2503
1099
2448
2485
2423
1100
2299
2294
104
1486
1810
1101
2427
2311
50
399
520
2496
194
236
2308
2550
100
165
346
2561
6
2494
2477
222
476
1681
98
61
230
177
2097
222
1262
1802
2519
71
63
2564
569
125
74
2488
2057
109
30
153
3
77
2562
384
27
264
2525
115
298
2050
2353
2822
2598
2599
2576
2555
2613
2604
93
2713
75
2688
320
7
257
69
86
2616
265
2853
2395
2055
531
954
446
180
730
729
1176
776
777
1148
778
2580
2535
72
2
82
2579
2362
2422
2515
2207
158
2209
2206
100
2358
2826
165
2018
2019
2020
2205
93
2353
2204
834
2021
95
98
2344
34
2434
2494
2587
2279
2094
2281
2278
2095
1583
28
2405
2430
2096
2416
2607
2448
2313
2488
2511
2456
2493
2431
96
2368
2489
2404
2490
2475
2437
2430
2512
2502
1988
2389
1678
2274
2021
2228
1968
1679
2020
190
61
110
56
125
63
115
2603
2586
2304
929
928
175
180
118
2420
117
42
293
23
32
57
2584
275
2569
2
13
51
55
114
14
49
99
2192
260
468
126
55
80
2607
867
2012
32
14
1527
21
36
846
9
2435
122
866
865
283
543
2391
1782
2255
610
862
63
183
191
2462
272
279
2564
3
56
19
2079
9
54
104
219
265
124
15
37
2527
2626
59
44
1
71
203
1809
1505
2464
1198
2586
2533
2526
2598
2535
607
2183
2552
2398
3153
1492
24
238
92
120
30
6
2492
265
81
2010
349
691
1676
287
2071
26
224
412
36
1513
230
214
2507
512
68
247
189
17
2431
374
2114
2522
52
2118
27
96
54
20
2505
146
268
2254
2345
2475
1875
249
2414
35
2488
47
2451
67
2328
2424
2326
2163
106
1493
562
51
135
2242
2057
2379
2458
2485
90
2461
45
124
130
2176
325
44
2224
2406
166
110
111
67
212
131
2333
116
2395
226
225
2413
200
1764
2402
1795
495
517
2425
293
428
362
213
262
2576
17
2552
2281
53
133
2436
2322
2316
37
319
2196
2399
1202
2454
1528
2489
79
106
2453
6
102
2169
2504
2536
422
2534
27
47
3
2495
2427
2080
23
56
2586
2090
1465
2425
2457
511
2085
501
924
2409
131
2041
2397
146
2439
2040
2318
301
2064
74
24
19
261
2522
317
4
254
66
260
83
2613
215
462
2589
177
690
785
1629
122
227
2487
2485
50
2448
133
522
674
539
1065
1969
2455
673
48
2362
2141
269
147
429
277
2088
2380
293
418
59
439
2190
810
153
811
98
2535
2775
2533
2609
272
1216
2494
2756
2580
2503
2211
3
107
488
360
15
47
123
243
196
2570
156
183
1911
486
1479
485
484
483
1488
2410
2205
2080
2456
2439
91
2059
2260
2307
67
2218
2079
2345
188
1795
1796
37
183
2512
159
1633
1637
2496
2165
2556
1643
52
2101
2102
2567
655
2582
2620
2627
2601
2689
1384
60
12
51
135
101
2190
216
469
585
262
403
470
1750
42
7
2516
2517
2494
75
65
583
19
224
419
375
237
418
2257
1116
179
365
1291
450
451
452
1775
1576
2045
2256
202
257
62
1208
2609
211
2585
2067
2402
2434
524
173
1444
1892
1446
486
6
171
50
77
346
948
177
76
196
149
2523
109
395
429
1958
177
44
83
217
867
1479
1480
2476
119
128
120
73
320
2447
1606
605
33
2417
192
448
63
2488
2519
2178
534
415
403
171
46
200
2545
1345
1663
2309
2235
1662
1895
817
54
9
1369
2126
2127
1629
2346
2328
2327
2414
2128
68
87
2714
1642
867
636
635
137
1307
1281
1280
1279
212
84
17
2514
36
9
83
82
330
2934
1223
5
36
2807
1844
948
321
2312
1031
1032
2544
2764
2443
920
1932
2415
1336
1425
429
772
2604
3385
1031
1032
99
2416
2325
2492
2577
110
147
2046
2016
2329
2493
2140
2491
2017
2294
1184
1004
90
1497
98
347
2891
2874
134
21
2685
2642
1430
29
1410
2522
2862
867
868
869
2686
2788
1267
5
12
39
451
294
1416
1039
1415
17
2542
998
2170
2316
942
1653
2569
2568
2573
2567
2558
2559
2572
2562
2555
2557
2561
2552
2546
2549
2550
2551
2566
2554
2553
2571
2564
173
210
2576
2527
523
2245
2342
2018
472
128
473
2424
2248
479
480
482
484
485
1433
251
8
175
2491
447
18
1861
513
2499
101
551
504
101
87
2526
2687
253
2601
255
2261
1
229
2439
94
228
413
234
233
1748
874
1768
341
182
912
1399
2369
802
1599
1347
1348
2096
2609
983
2799
233
764
3275
2403
2053
54
134
2435
1107
1945
2448
2195
1966
1481
608
1755
609
610
611
1529
2361
2551
15
30
350
514
1009
879
875
16
44
2065
1767
2618
2573
2617
45
120
1549
62
2469
574
318
1139
923
12
172
1585
1586
926
97
143
2973
3072
46
2830
1410
484
309
1765
517
271
272
2288
273
41
1303
2309
3043
1077
1475
1408
636
1319
15
733
1016
1209
919
644
1342
1315
741
1356
1364
1483
428
1579
1215
1619
1380
1538
1365
788
181
456
97
2560
2559
162
2558
2670
1370
292
2728
55
278
553
2453
2622
65
53
2299
2481
2159
2312
3098
152
1428
1438
1398
1377
1378
1270
1242
1439
2
1
93
1349
113
1431
34
17
99
1127
1138
1485
1177
122
1408
1085
126
1200
12
223
1331
1293
176
1169
1207
1363
948
895
86
1102
1048
1153
1303
1388
1316
831
1137
1346
349
1240
896
450
1404
832
833
451
1405
67
80
550
551
552
839
156
553
554
769
192
1490
112
1254
2569
476
1728
2329
1980
1142
2681
2482
1624
1840
1625
17
2724
2725
2767
2477
2027
1662
2484
2755
240
889
890
891
75
1813
2539
205
156
1410
147
295
79
2470
2367
205
1556
2244
1856
586
202
1979
1376
284
2712
2659
17
2449
2432
611
612
616
2185
2693
58
2668
334
454
3027
994
2023
2127
2680
2635
2679
2522
2307
2306
2458
2726
512
241
2301
2515
5
2451
2711
546
857
2745
2700
2744
2371
2496
2596
2493
2188
1771
2198
1896
2239
46
766
56
85
207
816
1003
1004
401
1245
2636
1231
1230
1914
43
1182
1494
87
48
1328
85
18
1590
1529
2331
2253
1913
1957
1910
905
1939
1138
1137
2207
512
2719
3349
630
1693
53
1037
1538
3054
2770
603
1722
1464
1479
1144
1018
884
1577
1593
877
2983
3168
3417
1481
1258
872
1057
1165
604
1171
605
1492
1256
1180
3489
1255
1202
1203
1208
606
607
1228
1582
2
874
872
969
869
100
200
1995
841
840
1831
1122
2703
1996
1997
1107
1106
1103
443
2972
1101
1003
734
1109
2260
269
735
749
758
1
2439
2440
2529
840
2398
1868
97
1723
1725
1732
2495
2382
75
2401
2457
2635
1352
1977
58
183
46
2500
241
138
523
1354
1771
136
715
482
481
1626
1628
1635
182
2
1808
7
8
76
85
1550
186
2457
156
135
2313
1497
19
75
220
158
125
2211
2472
2316
2331
2450
2473
2309
2475
2302
2219
2216
2212
2210
2383
2443
2300
2346
2338
2270
2271
2375
2374
2390
2426
2373
2388
2372
2231
2195
118
2259
1747
932
1310
2156
1869
1309
316
213
594
598
301
2643
2533
2542
2536
2581
2613
2592
144
2476
2532
2615
2676
2582
262
133
258
121
2575
56
139
200
106
1457
101
18
127
134
249
239
173
214
232
138
213
126
2214
2343
2218
2355
99
2115
2160
2278
2263
1980
2175
11
167
2332
57
66
1531
105
137
116
60
1478
83
144
50
2270
2399
2274
2411
43
2216
2319
1934
1445
67
111
2388
1
10
1475
49
81
4
1422
1724
1754
1675
1680
1611
1709
1509
1155
1701
1771
1698
1644
2441
1821
1823
125
12
2442
228
183
65
80
2332
2544
2601
137
2317
58
45
340
2454
240
195
77
92
375
764
2589
2214
2259
2377
2362
1981
1977
110
2
81
35
39
114
1358
103
148
15
2172
490
1212
337
2734
923
313
2700
2387
2010
1508
1509
1510
393
60
513
2354
24
1957
2166
2167
43
133
451
180
88
10
11
312
548
1659
2542
2181
2269
2302
1228
1229
1996
504
503
2699
2378
1205
2700
2538
397
188
170
2639
187
2310
67
196
115
205
109
1390
1559
308
163
116
156
249
14
288
1456
1396
204
2205
1097
2293
2505
1604
726
2827
1
2299
2887
2888
2726
2300
2220
2887
2725
2826
263
272
176
1457
1626
375
230
183
223
1555
1688
131
316
1659
53
1590
451
32
1866
48
1468
1542
1402
1187
602
1389
537
1544
239
536
151
535
1454
1450
54
47
45
140
123
641
179
2402
87
1132
311
948
231
92
93
170
1367
594
1234
1403
152
40
78
1459
320
99
1997
1486
224
471
822
2357
2390
1326
1819
219
21
302
549
1442
2191
2279
2286
2312
494
2006
495
497
1404
1573
322
130
263
129
16
1436
1510
50
36
88
2075
368
320
239
2187
402
624
1425
499
1558
419
37
155
1441
2588
2614
1218
1453
1779
449
1058
1345
667
863
448
1676
2189
262
2653
421
1408
1478
325
1021
2052
242
311
1415
587
2991
2053
1024
2255
88
1470
2256
3
2819
362
18
2257
2505
2502
2635
1108
88
121
185
2409
7
2384
33
273
1722
2530
26
2351
2691
1
2224
2657
77
1669
11
12
13
14
1746
66
65
64
63
447
446
1680
1681
1682
1683
2521
1299
1300
1751
267
1
2
3
1
2
1
1
339
341
1677
2217
2138
345
1476
2279
1681
2140
2499
2681
2141
1687
350
2156
2143
2144
647
1690
2145
342
2146
354
1733
1734
362
851
3090
2254
363
1707
1709
365
368
1735
1591
1590
1736
2250
369
371
373
3151
1579
374
1576
1575
1737
1572
1571
1738
384
385
386
391
1548
396
398
399
400
1532
3555
405
1739
408
409
410
411
415
870
1516
122
121
120
119
118
725
821
117
1476
2155
3164
2505
2506
2512
2518
2688
1299
2331
2472
1463
96
576
373
49
405
554
376
150
268
295
349
377
386
269
429
210
270
212
182
183
302
58
388
241
266
267
303
226
199
57
1294
32
181
3
24
4
104
56
15
298
1113
263
149
564
29
56
28
19
24
17
1001
994
24
60
26
1356
1106
224
1274
138
115
154
20
1028
713
1165
264
1374
1439
1372
128
1332
121
1437
1280
1417
1140
1330
1323
1208
1218
1284
1243
1225
1319
1288
1244
130
1331
1170
1076
1205
959
205
177
168
125
1127
1406
16
1246
1342
1311
1348
1357
1247
1248
1273
1314
1366
919
261
1049
425
48
49
59
38
50
51
61
45
99
66
53
84
54
73
58
77
63
67
56
57
65
69
72
29
55
12
217
216
215
188
290
172
214
207
1077
792
420
793
794
1083
797
888
263
262
52
1445
155
21
593
27
1
10
107
53
12
519
1583
19
58
2
56
1
183
254
906
373
372
1361
28
80
39
9
52
11
136
43
2
617
1233
1300
696
160
108
41
237
236
775
957
235
650
680
453
60
2
715
21
58
667
773
753
752
743
36
35
1
103
384
147
800
972
799
909
792
1
37
929
714
36
41
104
382
436
969
754
892
1
4
2
11
10
3
7
14
12
8
17
23
20
19
18
3
15
16
2
5
5
1
10
9
4
6
13
11
7
16
22
19
18
17
2
14
15
3
4
6
14
1
11
16
12
7
19
2
9
46
2858
533
1099
483
1677
532
1691
531
530
529
1673
1678
9
8
5
5
12
10
6
15
21
18
17
16
1
13
14
4
3
14
4
3
1
3
6
12
9
8
7
8
4
5
13
6
13
3
2
2
7
5
12
5
32
1691
1705
1687
1692
1478
185
10
17
15
11
20
26
23
22
21
6
18
19
1
8
1465
7
5
1
10
13
12
11
4
8
9
9
2
2
6
3
9
6
5
4
11
2
16
9
188
4
5
8
7
6
9
3
4
7
15
12
11
10
5
7
8
10
3
6
3
2
1
14
1
19
12
1485
3
4
5
20
7
25
18
1
2
17
4
22
15
1
16
3
21
14
15
2
20
13
12
13
5
2
17
27
1696
1710
1692
1697
18
11
7
1466
1723
1737
1719
1724
282
1123
566
2700
2737
2197
753
1821
1822
489
691
690
1825
592
2700
650
2096
14
4
1
18
13
5
330
368
37
642
643
2460
1626
331
2272
2497
201
2010
2368
1467
596
1790
2042
558
1610
1052
1698
1701
1858
1704
1876
1785
1801
2052
1843
1309
1
2
1
158
149
152
2169
325
198
2490
2133
1850
1704
1136
55
2375
1933
1985
403
204
2305
123
2413
2133
1535
139
265
2509
81
134
2478
2536
2447
1028
2340
629
1348
1347
1030
1031
2428
2166
2040
2375
2139
267
2430
2258
1851
2522
1608
1253
2010
262
53
289
2
2011
94
878
2552
543
824
1268
1267
1811
2900
1389
2016
2693
55
524
607
1122
1525
453
2143
451
1324
1325
1474
2095
630
649
446
742
1755
444
599
1471
442
1308
1488
1035
2349
2156
2205
2238
1688
802
624
1032
1650
117
103
38
1375
57
1386
2353
13
105
71
14
38
36
133
28
134
257
1818
1445
1925
1068
1919
1069
2218
2319
2911
2233
2252
291
2300
2301
1152
1150
1149
1517
172
2574
150
1541
2009
1544
2422
22
1713
1716
2594
1168
1574
1573
2618
2644
2625
2555
2655
2617
2663
2635
2565
2444
2566
2180
2539
2226
1946
540
2648
1948
1860
1875
1804
761
1893
1905
3281
1762
2520
12
131
400
143
387
1771
1363
175
2373
2487
475
1310
485
487
851
852
857
2603
2649
2628
2737
858
859
2307
877
1366
1309
1818
322
321
1131
1082
88
352
3123
351
1006
1548
1547
1156
209
915
206
168
916
2297
1604
440
3211
439
1212
763
764
918
3348
504
1460
1459
2136
1522
2476
1957
2480
2202
438
2372
1958
2234
2135
526
1960
2236
155
1961
2134
2046
100
2256
1889
778
1609
1464
1013
1074
1872
2187
698
2064
1082
107
1607
1083
2143
2607
509
687
736
149
148
2771
1
2772
2231
1
667
22
1475
1385
1077
237
1343
1406
1038
1450
1467
94
484
658
1344
1111
567
657
1097
102
771
769
589
101
595
511
791
748
125
1352
2621
2099
44
161
255
1459
1047
2502
1943
1650
163
164
165
87
273
2398
2608
82
1719
1340
28
2295
2471
2038
2190
1397
2091
1398
1671
1399
1668
1662
756
1327
411
1945
287
1751
2217
476
1009
1691
1018
1019
5
2649
108
99
1836
420
1107
1041
1769
2844
1762
1269
1270
344
2867
2864
100
1840
1378
1425
1281
1198
785
1227
1126
1356
817
996
1367
983
256
824
947
226
801
423
886
879
724
723
491
719
108
1484
1209
974
2624
24
34
2611
1401
2579
398
365
1286
210
2720
53
412
2189
2484
2331
1285
1467
646
648
2514
2789
2031
2797
523
2032
1554
2617
2523
70
2520
246
244
2635
403
402
519
307
346
2070
224
871
608
293
873
337
2549
2300
2221
2501
2525
123
383
2001
1512
1099
1094
1513
2319
2320
8
93
173
2726
534
1274
2459
2190
2462
2541
1550
1549
1546
1544
1543
1734
99
2711
362
2688
1266
1778
1265
2290
2415
1887
2865
816
371
1983
172
51
402
2550
2759
26
259
2391
159
2044
2767
2764
2650
2232
1245
1651
1978
2233
2234
475
1999
449
212
173
117
2190
361
39
2869
56
2877
49
1447
216
1439
1867
2025
1782
1225
69
345
1224
2438
1223
3135
2041
735
315
1386
2434
1869
380
2345
1599
2186
2095
2096
44
276
1270
2777
2555
2844
2614
2308
2374
1848
2583
2636
1082
727
1081
150
562
1066
1142
802
76
446
215
370
98
340
136
474
1517
82
654
86
1336
61
1153
393
16
262
263
264
2485
2535
2830
121
460
18
2496
2665
50
345
2025
2503
11
180
592
1652
2416
521
2616
2494
596
2101
2308
2311
295
2656
2553
39
130
2456
2566
2444
546
2485
291
294
308
2951
2149
606
609
581
103
2617
2786
200
505
1277
171
286
1032
2514
551
3099
550
169
116
2369
2615
2250
510
333
341
2460
1357
344
2605
2314
416
2281
2615
1754
425
7
1902
465
2230
2005
1993
1658
1524
29
1673
1568
27
117
57
1971
218
900
1511
2478
159
100
35
606
2395
107
145
2147
1976
2196
605
2219
268
2047
403
220
135
192
193
363
55
332
2092
2187
174
1499
604
214
601
1695
142
2095
858
859
2031
1200
199
279
280
2277
122
1695
1643
10
1433
56
1909
2438
2052
2362
1787
1719
1519
1898
1720
1521
1522
421
2249
2378
1782
1686
3
1580
1582
1683
1577
1579
1668
29
1446
2533
456
1639
1417
40
687
988
458
347
2828
3697
89
1423
189
269
270
9
2287
392
1699
598
442
665
437
436
1414
1415
1631
1632
1538
457
1508
1160
456
583
1993
20
13
692
15
690
2013
1978
1084
564
33
35
937
938
566
1684
705
2
703
972
973
28
3
103
26
25
106
4
25
191
121
49
151
150
2006
2041
2920
2766
143
1352
1461
2437
2737
663
662
661
456
626
710
350
2201
349
348
629
347
346
1093
614
2409
2785
1548
2612
1241
2133
1605
79
570
569
1684
2005
1840
506
505
504
503
1522
1100
1653
640
1651
1682
1681
1680
1779
1771
1679
1642
1630
1614
1892
1254
1535
1255
416
426
409
429
470
439
440
1689
446
434
1647
1646
2358
1886
2083
623
1627
635
634
1637
1635
2032
632
2595
2127
842
2005
630
629
1630
2151
2260
2608
322
1679
1680
1681
1
2029
2028
490
2099
1483
929
61
1987
1845
1507
1574
1066
1063
1036
1035
1178
1178
1031
1030
1873
1851
2730
1351
1003
1186
1188
1188
2009
1025
1189
2493
2093
2005
1212
1227
807
836
1019
247
825
1072
241
1678
831
2492
71
30
2509
2417
108
445
91
76
537
536
161
252
4
46
1336
85
1572
1
121
475
198
600
84
1177
206
560
283
1393
599
905
1612
904
313
1640
1327
1326
620
122
199
1168
1571
77
9
6
1742
1
14
11
4
3
15
18
16
5
8
7
10
3
1751
8
5
2
5
6
6
9
7
4
1
2
1
38
23
1748
5
8
5
2
3
9
12
10
1
2
1
4
20
1743
1756
1753
1746
1745
1757
1760
1758
1747
1750
1749
1752
4098
1660
1713
1728
992
13
10
3
2
14
17
15
4
7
6
9
3
10
11
1
4
2
9
6
7
4
773
43
28
7
8
4
7
5
6
3
4
1
40
25
1
11
14
12
1
4
3
6
86
12
15
13
2
5
4
7
85
3
1
10
7
8
5
772
44
29
2
13
10
11
8
769
2322
100
120
47
32
768
11
8
9
6
2320
121
120
98
2339
3
2
5
19
1
2
37
22
3
89
39
24
15
1337
2186
886
2157
2138
450
1081
656
909
2602
910
1651
911
1089
912
913
914
2175
655
937
845
998
999
1271
1273
789
1275
1980
788
1981
786
785
784
783
782
781
780
2458
189
528
527
838
1088
2204
1322
1323
282
234
153
154
448
501
170
448
500
449
976
2582
2505
180
43
50
11
135
201
204
511
1910
2221
172
49
308
138
1
469
442
135
137
278
7
32
92
158
161
129
1950
27
1577
2521
2525
2528
2522
2520
12
6
4
164
7
1
1
2509
2515
3
3
5
2513
2519
6
8
2516
2522
2
2510
2516
165
2508
2514
6
4
1761
1791
1750
2339
1031
57
1
1581
2218
1947
1585
2705
1415
1413
3023
110
1289
109
1178
1821
269
1086
310
1634
2211
1058
2210
1835
2209
1
376
2
375
1
119
1334
100
180
181
98
2376
1298
1794
721
1234
1154
1153
1188
1432
283
1409
1127
1128
1993
1841
192
362
1193
1131
2324
1394
956
2392
2185
1192
1191
1190
359
462
110
2534
1372
223
464
1368
2180
1630
1367
1132
1362
475
1133
477
483
495
499
513
525
748
1134
2350
3101
795
1771
875
1001
1000
103
55
322
1263
113
2132
2181
1264
343
2243
141
61
78
2479
383
2463
2483
14
1930
866
278
2652
380
385
407
2166
2987
401
1931
378
1492
1164
377
376
375
1716
901
2463
1219
303
2424
179
2527
17
1126
1118
2761
1432
76
47
2413
2277
2386
358
2432
2211
2469
2045
3359
2503
6
276
3
1463
2926
2925
1665
1171
840
1466
675
1457
1729
272
2862
3
273
176
1160
2590
275
2132
2865
2589
2686
2096
276
179
649
1157
97
590
449
2706
289
128
1617
1475
2995
2672
2877
2578
1932
45
19
38
108
8
1734
28
98
417
159
646
497
1195
235
1878
1466
216
422
2565
443
451
2800
253
80
687
2033
1430
2349
2317
2056
2000
198
2475
608
2164
2162
2312
2271
2247
1811
371
1181
2158
1614
417
23
2529
683
2720
2432
1239
2185
3052
2869
1235
2183
1620
2181
59
129
234
1638
180
363
309
54
1962
174
413
410
283
1961
2016
120
229
2015
2075
2493
335
244
32
1868
1207
1760
1697
550
803
1965
1208
801
416
9
1230
225
56
186
118
2126
413
412
6
2192
309
2312
2056
298
394
1699
1698
599
409
1508
416
407
406
405
1231
403
402
1159
1158
1153
1130
2568
3002
119
65
106
876
881
882
1377
908
703
985
651
843
650
356
704
705
2743
2037
1815
2561
868
2473
865
2744
2510
107
235
2339
1748
2421
2855
1709
1708
2298
2108
2136
2135
1072
2247
1758
3
130
127
2736
876
418
880
69
2673
2362
2510
2469
2356
2515
2254
2198
2301
375
376
83
1712
380
386
389
391
393
1566
2384
1795
479
2254
397
1409
1410
319
1824
2646
2295
992
1789
2850
2687
135
1209
387
30
386
23
2170
1812
300
2703
2573
1890
1169
1186
2787
1195
1198
113
208
251
1214
123
19
282
2323
158
153
155
5
46
2785
159
316
56
2136
419
475
1549
311
313
163
204
1906
1073
664
1842
1072
1059
2
148
107
150
109
4
41
2790
154
60
113
101
2038
2027
1280
2019
633
1277
125
1712
1710
214
758
2157
2156
2459
877
706
1023
1258
1922
1093
1612
1094
867
2749
2398
1922
337
1923
183
234
2391
1599
2259
2345
271
405
1604
2165
1924
1597
2164
1608
1925
1610
1611
382
381
2408
92
2465
2449
2405
2001
2469
2388
2666
1719
2309
2219
1628
2002
2003
17
1720
21
2004
23
28
29
1576
36
38
1721
1573
1530
1722
50
1050
51
54
367
1768
2257
2368
2272
2526
1563
332
2261
1158
1159
1559
691
91
148
10
1
398
280
2360
2292
486
862
51
103
2625
1833
619
1835
2493
337
269
1413
2651
97
2858
96
1367
774
775
967
1795
1783
829
828
3313
1295
295
1053
153
282
281
280
279
1206
1215
431
430
1444
1553
967
242
241
240
315
652
1865
849
850
853
433
857
434
435
818
819
1314
39
42
2436
21
1
4
3
488
487
1377
265
437
384
55
1379
318
99
98
161
66
213
2695
475
2635
1032
1197
3512
1070
1049
1050
1255
1051
308
2783
2847
168
1493
169
2566
170
307
306
929
1444
305
926
126
2301
401
2615
2614
217
2613
1425
2592
458
1661
1
2398
2
1662
1663
2397
1
15
2396
2125
104
1511
2234
2416
2094
2247
293
334
490
180
3289
468
469
472
515
518
1031
1154
2522
66
770
673
672
237
2580
114
234
233
126
2707
888
2476
65
246
1945
2225
70
514
2363
2541
71
666
2722
258
2471
2612
181
1880
1211
1790
1210
1676
1208
1699
1084
418
961
1646
741
8
80
19
350
2687
2380
41
20
5
2792
105
96
43
740
1560
72
2679
2388
32
26
2638
12
41
48
2661
46
35
2656
1488
61
430
147
2607
2460
40
39
120
46
2566
31
85
24
2589
25
118
37
2584
369
86
2668
2399
21
22
59
15
2627
1
30
24
37
2650
3037
2030
384
2754
2646
2727
2653
2667
2638
2692
2631
18
2725
2644
23
2313
2420
2421
2340
2414
2400
2429
2375
2436
2485
66
1070
2342
801
1985
2423
800
1855
2254
2320
1071
2269
2046
772
2253
2289
2244
1654
2047
770
1
108
7
2605
21
8
46
15
64
79
2
2623
20
14
2626
60
29
25
36
2649
23
1262
45
39
54
35
61
2674
33
48
2913
2151
1029
2897
2425
407
65
71
2541
56
172
201
143
62
231
165
216
439
232
196
831
2559
2512
631
271
217
545
567
2474
2350
2328
2060
2289
3
9
6
13
2626
81
110
83
2621
707
345
599
218
267
51
50
311
310
495
1970
494
38
196
2273
2322
418
70
2230
2368
2367
2390
1829
2314
1430
1026
223
9
956
230
2433
1451
947
1978
1849
158
80
106
169
163
210
135
1381
851
203
40
1406
572
396
1
1703
112
42
7
17
67
349
581
89
571
2210
569
1227
1228
1755
565
2330
2468
2467
2490
2414
2531
1211
81
42
584
1446
1448
14
1479
2018
37
1457
1937
185
61
39
663
75
343
109
1330
389
521
500
621
654
129
571
520
158
2235
2284
1724
1758
1368
1749
1958
1365
24
48
2077
2126
1855
1270
1271
1600
1591
1800
948
595
1900
845
1877
1384
1901
921
1779
2614
221
2352
217
1962
49
856
1111
2530
2484
160
195
196
1312
1655
1318
191
1228
2935
2824
2825
1
22
2797
2686
2687
23
2798
2687
2688
2775
2664
2665
2241
2851
2740
2741
589
2486
74
233
171
266
66
172
1679
1961
1680
1392
791
753
1413
49
19
1446
1424
2393
312
1498
109
638
455
2628
72
1325
2821
457
80
90
50
52
29
30
78
5
91
293
1539
2261
685
686
290
48
1301
2221
1865
925
328
57
1214
2501
1487
1998
1837
2326
2313
741
742
142
2036
2507
19
2452
41
2592
2493
2569
1550
1935
1972
2544
79
18
2572
47
86
298
1544
1941
2256
75
85
45
24
25
83
2551
2490
2263
242
39
2528
1591
2503
28
38
2
23
22
2466
2411
2328
2531
2602
2554
957
767
574
412
1349
1328
1414
2278
2107
2461
2408
1389
234
706
813
1185
169
1082
1274
112
1388
1432
33
16
183
98
202
133
1006
640
1409
11
534
641
1261
1407
1294
1364
85
1371
1049
1339
1180
1001
1057
1317
855
521
1147
1347
1105
984
642
153
711
1200
504
3
1194
1275
166
2718
2356
2002
2069
1007
618
36
18
70
406
436
582
615
90
2036
204
1222
583
1760
1440
146
22
2005
1542
10
1868
1754
1755
70
193
95
23
94
53
1327
115
1305
1291
1449
25
25
47
532
217
380
164
1267
68
1397
537
1361
1380
42
189
148
794
796
798
43
1422
1405
1474
85
97
282
192
234
139
93
1372
1350
238
49
1424
35
48
415
331
492
117
901
115
1350
1328
1402
1433
1994
1298
2504
706
56
198
1848
2295
1711
2154
1967
34
1482
2187
1966
1274
1442
1275
2026
1599
774
775
300
776
450
777
778
779
1708
1707
1454
1455
2027
2028
1704
1473
1276
790
1277
792
793
1278
1279
796
797
798
1889
800
801
2262
2032
2167
1691
2033
864
84
923
1808
4
157
63
185
8
20
904
1164
1384
109
1360
1417
665
948
1106
1349
1424
1254
1329
1117
263
507
302
493
1132
1009
1162
1255
472
1224
1258
445
683
685
686
687
688
803
14
925
309
308
307
107
210
179
5
1604
1615
1530
404
337
1443
128
95
252
190
285
232
191
314
1184
880
44
1429
1456
1544
17
1442
22
1418
1241
52
1404
1082
1370
1004
1003
825
1180
1380
1233
653
1236
1274
741
591
203
36
79
2517
1480
488
1534
1420
1523
1494
62
1217
1544
1218
1219
601
295
1406
1501
59
1425
1530
1343
164
1181
960
74
1060
1165
1315
1348
1072
1191
1158
1214
1252
1129
832
446
1346
1190
1399
809
1125
1281
14
81
1361
5
1189
110
87
2508
1562
1563
2370
124
110
2182
429
2607
2151
1258
14
48
2051
2386
2335
2319
2355
765
613
2567
1783
1401
1390
988
780
418
2582
2497
2442
2228
2269
2268
2443
2265
2263
761
1368
2293
2398
2328
1504
276
1100
1522
626
1685
219
569
568
51
33
768
2171
1730
940
216
1354
1964
884
792
1930
9
558
1784
1564
628
2032
2312
2599
28
714
432
1977
737
1230
713
1001
1040
1041
54
1901
1209
282
305
1790
281
1799
2799
464
1363
465
1748
1588
1559
1093
1092
1585
1086
1369
1664
1555
1071
78
1374
77
1046
76
305
1380
1381
75
74
73
72
1004
999
1388
71
1391
961
85
70
1527
1525
1390
1667
1670
1655
69
1407
68
892
1411
67
877
1057
66
65
1650
1184
64
63
1517
62
61
1209
1210
60
59
58
1231
3567
652
57
56
1242
55
1528
54
1248
53
1229
52
51
1220
50
1227
49
48
47
46
45
44
43
42
41
40
1651
39
462
22
813
453
835
500
504
176
503
178
8
153
175
210
22
98
4
1
292
2732
729
995
2003
2032
2029
42
387
119
378
53
2227
125
380
1193
177
1697
9
1
35
44
34
2
418
36
433
903
1104
1151
806
1246
1318
50
114
52
95
1250
1097
1014
936
1402
621
938
1016
103
72
86
50
44
78
3
780
967
902
968
538
463
464
778
105
49
6
33
101
558
120
7
1347
1011
1487
1040
826
47
69
34
30
36
130
8
89
17
14
129
76
36
1236
1454
119
895
1516
1197
1179
1296
787
1182
773
1042
1452
1337
969
975
334
333
332
331
396
630
635
842
330
329
328
692
817
1427
66
32
33
43
22
34
35
45
29
83
37
68
38
57
42
71
61
47
51
40
41
49
53
56
13
39
154
200
199
4
172
156
198
8
44
55
10
208
453
411
302
301
669
1
1485
1284
1201
1341
12
16
168
143
358
186
671
139
1428
519
829
407
259
1138
672
1039
1049
1015
998
993
1006
992
879
482
301
673
300
674
463
299
298
297
296
295
367
781
9
1427
883
337
39
41
71
1270
1551
1059
155
1209
1062
982
1116
1435
1481
1198
1317
1064
1188
1067
824
983
347
94
81
468
467
860
466
28
112
959
1255
1143
958
956
1118
1413
1045
1051
53
11
8
10
9
821
1014
102
103
122
3
21
2
45
178
113
114
133
1207
474
18
1
42
175
813
1006
111
130
476
62
112
131
726
19
28
686
687
1207
159
184
215
576
121
205
253
225
988
1138
991
911
1045
262
1156
1376
117
1352
790
300
689
888
1416
887
1196
1321
1226
1029
271
294
376
1124
1154
1247
886
779
1216
373
1250
969
996
795
912
372
261
690
1015
3
714
715
1235
1404
1380
1437
1288
1220
1155
916
1369
1444
915
1224
1349
1254
972
1152
1182
1275
792
914
1040
807
1244
401
1278
1043
706
101
25
56
417
169
707
38
46
94
66
139
55
7
34
31
63
21
41
110
908
258
257
1373
361
94
10
38
463
248
455
371
323
129
57
282
171
58
130
60
61
62
63
207
123
84
132
671
823
673
368
675
676
677
1512
48
180
782
471
470
430
12
23
9
1216
112
1338
1223
1197
1259
1172
581
269
580
268
1377
1309
1244
1209
1005
1146
1061
493
881
1076
186
875
807
1324
114
1341
1
1491
1237
19
149
189
239
9
1059
170
39
502
388
387
386
385
384
56
975
880
699
97
1539
825
919
312
311
824
643
153
310
309
1483
1191
1212
1208
1200
1199
1198
351
178
289
6
239
5
18
354
348
327
325
499
9
1
10
868
335
1154
1153
1593
1
491
340
1311
2038
321
320
809
28
960
27
5
31
53
52
25
1777
932
55
22
23
488
59
81
53
1805
631
872
489
490
627
626
625
624
987
954
955
33
32
4
25
1750
36
57
30
1782
815
816
1
22
6
1746
37
1
28
1724
59
27
1725
58
1752
31
2906
802
1783
1093
1005
1669
1528
141
2517
2
297
2658
139
156
1053
1463
2187
2519
2814
1508
1466
2533
332
295
627
820
1505
1306
3284
47
1538
2508
8
92
2555
55
45
242
3007
1546
2500
2600
2313
452
1373
1441
100
287
3052
2765
2175
1900
10
2475
2503
50
2523
2462
2176
354
1384
355
1668
1038
2174
2009
360
1039
1845
1040
2465
2290
2493
40
61
2428
60
168
2373
354
2513
2452
2225
196
2414
280
1
2490
2505
21
2468
20
2413
2553
2492
2265
156
2454
240
2530
1071
397
2330
2533
2526
2489
1
2434
2574
2513
135
2475
62
2551
2225
2554
2525
2433
2512
136
2474
61
2550
1986
1092
1725
2488
2681
2582
2658
1607
1608
2339
1202
2061
2661
1766
122
66
67
44
23
183
168
87
2377
118
81
72
2439
182
181
2457
156
379
197
2289
2012
48
1653
2139
2386
1530
1531
2271
1647
1645
82
1928
1633
2268
614
1509
1159
624
626
915
1748
2361
1747
471
959
738
948
139
76
470
1856
1883
85
452
221
388
389
1369
1087
419
1024
63
1717
54
1780
9
545
1435
1771
78
1
1798
105
116
95
359
336
1
815
644
643
241
245
246
803
2564
1640
1681
1075
971
375
374
1513
373
2642
372
371
370
369
368
2587
380
381
382
699
864
383
384
385
386
387
589
1098
15
1058
1043
1083
126
886
533
534
535
520
893
7
1110
522
1483
2203
741
730
2542
2537
249
608
2390
2639
1089
1101
635
87
859
1246
1062
955
801
629
908
1222
1250
942
1656
868
1210
922
5
181
1318
180
179
2694
779
1776
2095
611
610
230
2438
95
571
229
2125
414
917
2668
135
341
1
2533
2667
134
319
140
139
2696
6
2539
766
3258
1084
1203
583
1928
904
2428
343
200
2089
903
1292
2085
2228
1245
2432
2692
2183
194
3081
1104
3275
909
908
647
307
303
1067
1064
1062
1061
340
388
1364
286
234
271
280
171
65
1880
2200
385
398
301
264
126
326
1187
37
540
626
2260
3
6
1471
45
77
56
140
46
2236
1460
2354
2274
234
1813
1422
1814
201
1142
1143
848
849
850
851
1
22
43
117
102
2443
15
6
2505
116
115
2523
255
56
23
44
116
101
20
2444
51
14
5
2506
115
2524
89
55
21
139
124
43
2421
74
37
28
2483
138
137
112
214
277
1160
78
300
160
145
64
2400
95
58
49
2462
159
158
2480
133
235
298
1447
1329
99
2458
9
2520
101
100
2538
75
41
102
6
2511
2529
84
186
2019
249
50
15
2621
2620
18
2595
2557
2561
2607
2526
2638
25
2128
80
2613
1407
1952
1409
623
2640
2544
38
69
201
42
734
2268
2698
234
63
335
32
810
2783
2483
2613
842
840
839
2563
2522
1447
838
1861
565
2118
836
17
1495
2460
2540
2500
41
3
407
1620
2630
3202
20
1578
1662
1604
35
511
190
1588
1677
62
61
41
2580
70
1628
1712
1654
1427
179
2539
138
1093
1331
444
1216
812
811
1895
1399
1397
1393
422
553
552
2443
2541
2561
2497
2650
2401
2595
2119
2440
821
1174
1457
72
1534
1871
169
1579
2229
2012
2243
203
131
272
342
210
2415
75
79
1030
1135
81
128
133
158
543
184
199
326
1686
1160
1158
1416
20
3113
44
448
404
1623
64
532
1559
845
706
1395
1664
1400
1558
1642
55
1662
1659
1568
1657
1753
1746
1733
1629
1750
1616
84
26
58
15
614
90
476
155
1495
1712
1269
89
2828
1744
243
242
128
624
89
217
1842
1125
1131
2890
1151
613
3100
2796
1786
1594
2374
172
1662
1019
709
664
14
1482
1299
1158
533
2245
1159
1160
2082
1488
1161
2139
1151
2573
757
434
929
1963
1163
1204
960
1495
1494
1227
1246
480
481
1834
482
483
484
485
238
88
148
231
74
225
201
273
980
1288
196
1185
263
1115
1247
904
638
51
304
50
49
501
503
505
48
47
46
45
44
520
914
556
269
237
543
1739
1671
1130
103
173
41
1669
2584
384
1131
1132
308
1833
217
2425
1956
2013
671
2694
2682
2677
681
209
255
725
70
62
281
271
735
322
132
2757
201
343
2267
2153
2209
333
788
809
2234
2677
2159
1831
1833
720
1278
1722
700
3733
412
411
410
1339
258
1879
845
1831
376
379
1449
360
1030
361
218
250
497
213
40
2263
219
364
439
1455
2258
1031
2201
608
1452
3
575
3152
176
120
59
148
975
164
570
538
527
526
520
518
512
261
3157
3189
3200
3201
3207
3209
3215
684
56
117
28
61
28
1095
1065
44
89
1034
1004
105
324
644
643
323
16
411
30
1173
426
978
2829
2666
979
980
981
163
2262
2479
72
2099
891
2919
3125
1782
1334
597
1137
341
84
409
278
279
280
1585
961
869
1566
380
314
223
578
1658
1659
743
1186
1252
1436
223
3497
1342
802
1436
2856
598
86
1134
3496
745
1343
1052
1136
1058
84
6
2055
1971
2049
900
2236
384
2898
2087
1162
230
451
41
393
824
1998
1785
2178
562
2002
1382
1111
236
191
1713
45
1477
1
218
158
65
884
883
374
222
556
249
149
252
375
227
376
1414
881
849
559
267
266
44
20
310
182
331
357
356
217
157
64
556
246
221
555
248
148
251
878
265
226
973
1418
683
375
264
1415
1419
546
3118
60
153
93
1642
182
162
494
327
483
1894
65
310
878
886
1
2
187
1
186
185
332
124
2312
1
309
100
3
2
103
409
700
1961
1428
310
3265
1473
1959
2574
1478
1278
1273
1271
331
592
2375
838
1783
559
1707
1709
43
42
77
1289
2593
1784
1786
34
35
2516
130
169
45
21
24
39
85
151
154
122
962
963
1957
531
124
190
193
1921
2232
161
66
69
37
120
29
117
32
1071
2393
149
857
184
140
810
4
65
50
31
1627
244
507
221
1725
2071
1102
1103
78
69
67
1343
29
8
1895
332
336
337
338
1503
1417
80
10
50
1480
1404
72
38
113
28
86
180
1988
308
269
295
400
78
61
46
35
2499
60
15
1
81
2545
14
95
171
2635
44
2205
19
2521
245
1970
1967
956
1727
2212
2111
1481
1480
2044
203
65
120
20
41
268
79
3
3531
94
1403
2520
2521
782
783
1067
609
1523
136
1220
473
1659
304
2353
182
1032
305
2868
2464
2416
1035
342
2460
1425
1424
2459
1038
3539
2051
2485
1843
2321
1414
1040
2322
2170
1042
1043
1044
1398
309
2058
381
154
1876
189
1900
41
2729
197
113
2760
1092
3093
1091
1431
381
227
841
840
287
225
319
13
318
277
349
346
159
284
11
234
160
2079
1010
62
32
274
31
10
93
27
306
1
42
41
26
305
264
455
395
312
384
469
318
342
270
330
347
336
280
309
307
333
160
239
148
193
146
271
24
221
147
281
280
83
811
16
374
169
27
29
3
804
335
934
932
931
331
26
295
50
59
38
245
354
2743
59
671
682
60
877
866
438
437
2249
2047
975
8
2218
2045
2623
2226
2863
2036
2779
968
68
188
1642
136
1451
1695
731
733
2621
1635
1
415
2621
1242
971
425
424
423
422
421
743
504
503
502
666
1218
10
8
1606
204
1519
1219
670
621
671
672
1631
1900
1394
218
191
1288
227
396
276
1289
1290
1291
271
270
269
1618
1292
1293
1810
1315
2246
1423
877
232
12
18
898
373
2003
2164
2134
2262
803
108
41
156
1214
1364
67
1138
48
115
1500
129
128
96
60
143
71
14
137
127
113
185
1140
1207
83
11
74
77
53
1200
1267
72
157
6
30
85
66
42
114
797
197
101
1448
151
127
199
1276
23
27
1299
1402
1445
1216
808
24
72
1253
414
205
49
1413
643
2
831
356
147
698
45
387
1979
2152
1613
917
1690
1433
31
2
2075
1253
3438
698
1298
2516
2191
2210
2646
1178
2259
2596
2682
724
1934
1727
1172
132
787
707
706
2530
8
2616
420
754
2624
1297
2195
2435
1732
2196
2111
703
556
1
1097
1992
1340
2729
2429
36
50
6
300
2693
2679
2723
2419
2393
2379
2423
2478
2119
377
2120
376
375
374
14
30
44
1
817
1330
1049
2102
815
1753
814
813
812
1522
1050
1642
810
1048
578
1187
355
1542
2857
615
614
1183
613
1644
3715
612
611
610
359
533
2174
2282
2340
857
788
2176
430
771
429
428
63
518
1146
146
455
1209
209
433
231
244
57
62
63
1000
2904
163
164
165
355
101
1
456
356
1
4
36
8
1031
448
16
5
400
402
414
100
455
1
7
201
202
56
54
42
196
193
356
357
358
5
37
9
1032
447
17
6
454
395
393
443
448
197
196
195
32
332
4
1027
452
12
1
995
484
31
1023
456
8
457
368
369
1015
1026
1811
1888
464
453
11
460
333
332
2
14
12
155
195
59
61
11
6
202
203
197
194
166
208
89
88
209
1
33
5
8
214
9
331
86
3
1614
1847
1092
41
2561
1
850
324
1981
141
328
594
1721
591
659
859
443
256
187
518
681
2621
2034
2022
1687
1495
1702
2435
2
88
28
2074
2075
189
1463
1482
6
116
374
191
106
164
334
145
185
113
414
290
1863
394
918
1716
674
104
1956
173
2086
168
1444
3113
375
400
2995
313
1895
2563
1445
2185
1414
296
2028
2022
406
1415
1429
2158
1174
2883
1173
253
3136
1424
1423
3112
3113
1013
2756
403
2699
986
985
1589
670
1485
669
2533
664
663
662
661
660
1
60
822
823
1118
824
1460
825
162
61
3682
2778
867
726
101
3520
1428
1187
854
855
81
9
1363
112
33
80
1865
2386
2082
1557
629
221
90
1444
193
1
1354
42
89
44
2476
1396
1443
178
145
86
685
2434
2338
686
687
133
2666
1214
1215
1646
1343
1274
2504
543
1419
1273
1319
547
2923
2377
546
2458
2542
55
269
228
229
54
232
234
2371
1914
2253
85
2047
1916
1201
2397
1492
2124
40
494
41
200
525
454
240
485
453
1198
186
241
484
1167
475
1472
16
15
2053
14
13
12
11
10
9
8
7
6
5
4
648
828
3
2
341
342
350
349
678
348
347
346
345
344
343
22
23
29
32
34
42
343
1472
342
2706
180
150
578
1910
66
2384
1430
2359
215
1315
298
90
1901
989
410
161
113
1294
2034
1313
1447
1906
755
1448
1670
1449
1674
1675
623
780
1523
1295
767
718
117
234
206
233
144
2500
497
496
267
928
1424
1146
1369
2515
341
342
2685
343
677
1145
2174
2173
170
2172
1838
1370
1296
1
2344
2
2343
1
2342
1126
2750
353
352
385
1416
103
465
528
112
423
424
275
425
175
37
92
48
13
240
51
25
120
121
61
288
99
23
965
1842
967
1582
968
1579
1578
85
2648
38
38
526
2343
787
24
79
251
2646
2632
2633
1697
2635
344
1220
3148
3149
3150
418
52
48
123
1388
2921
569
2417
655
2566
2927
532
54
123
3138
977
976
182
13
322
169
820
1123
1122
3017
1530
1400
896
895
890
889
888
1501
987
886
885
1489
884
883
882
881
880
879
2293
1360
1
1069
1054
1070
1055
15
1608
860
2665
914
718
2480
2687
716
2365
383
382
381
1002
1003
1526
1533
1604
68
9
999
1398
179
1228
11
1474
110
48
80
59
2389
1421
144
82
143
49
1000
1465
101
39
71
50
2398
135
73
134
40
2244
2280
2241
1010
1456
1455
1364
1426
1394
1415
53
1330
1392
1331
1425
77
1089
1088
1199
952
1236
1489
1085
1010
80
54
54
1300
56
1237
22
62
32
11
2437
96
34
95
2416
2319
1050
189
1051
30
64
2
63
31
1523
1084
267
127
51
85
23
84
2128
2292
248
178
1497
249
33
2532
1
94
117
61
2438
33
502
66
240
2320
188
1372
67
118
1950
782
804
1730
1656
382
2588
1751
586
961
1752
380
2442
2203
2508
305
93
155
2182
2643
2339
3113
2958
3128
159
2607
2193
357
2547
96
1852
2
886
1756
98
261
2653
163
1854
1050
2687
2173
1353
1817
2505
2559
946
2384
1829
939
938
937
155
462
696
304
170
282
837
1982
2659
2493
642
2084
1733
641
2323
2356
473
1965
1163
3063
1164
1165
1742
1105
2913
2698
1813
2073
1433
1432
2288
1647
1390
888
950
951
1816
879
2069
878
877
876
952
953
873
1542
1534
954
955
2079
956
332
331
330
329
968
67
780
108
1318
1246
110
527
885
273
272
271
1386
741
913
1069
814
788
270
269
538
268
540
267
542
266
544
787
32
95
1063
135
131
134
1409
1967
1965
2696
2697
2698
2169
2689
2446
842
841
3275
1953
410
1363
2982
2
1949
824
2640
2639
2746
2933
2142
1041
1242
1029
1014
114
1030
1023
1041
1038
466
468
1107
1263
813
906
52
815
100
99
139
98
814
247
2892
2645
2206
439
221
453
1120
452
632
1335
3309
451
2954
450
449
1332
448
1078
447
446
445
444
443
442
1967
2677
1086
2405
2272
485
2349
483
482
703
500
206
191
91
92
93
94
9
8
300
299
298
297
296
295
294
293
292
766
579
584
291
290
289
288
287
707
706
589
130
611
1363
2831
2828
1488
1485
358
1
3
1212
2393
1939
2431
1210
1214
1215
1216
1045
1347
34
1846
449
2535
2341
1616
1348
1646
1903
2978
484
1632
1
55
203
14
62
41
117
572
1232
1669
575
76
1380
819
187
106
107
631
293
294
630
629
1133
1
1575
219
594
593
1356
981
982
47
1128
2792
1118
1117
70
1204
246
1473
245
244
243
1664
1674
1675
1164
1163
1157
444
1
223
221
1
14
183
19
197
5
76
64
202
204
542
105
106
120
121
29
184
185
82
18
17
59
338
431
933
1
493
256
2537
940
1607
3183
1118
1122
2567
1321
2568
917
216
1
215
624
144
1082
366
1
208
260
220
925
2050
426
1048
1027
21
329
1219
701
1218
147
132
561
1736
875
731
2695
2858
304
215
1183
737
1589
1175
878
278
425
424
100
510
453
101
102
166
1283
512
402
275
463
364
431
437
1340
455
345
164
1609
483
1903
1921
1845
199
1916
2387
1498
1497
664
175
730
1495
1493
1922
747
748
1287
1676
489
1626
2097
65
307
308
2266
86
2051
115
2194
464
1489
3764
2426
1963
1670
1668
941
2869
261
683
1582
3130
191
95
1347
1332
19
438
1125
1136
1483
1175
124
1083
1168
128
1198
1010
1047
225
1329
190
786
178
785
553
823
621
824
1241
1167
1205
946
893
88
1379
189
188
836
1098
1046
187
1151
867
76
29
33
130
83
1300
988
7
1246
302
847
194
242
191
899
704
901
575
144
222
236
211
136
172
1471
264
179
1948
1475
149
183
105
109
206
159
1224
912
69
1065
1196
1363
994
1068
1033
1032
84
635
636
444
637
632
1030
638
599
11
50
1249
42
1253
73
39
1260
1264
62
2476
372
1812
319
116
70
1965
154
537
334
2173
50
1134
234
487
363
1920
179
589
1916
1915
365
1895
2004
691
2256
2134
2008
1035
1299
543
1135
541
2000
539
1652
1136
536
535
534
1137
1138
531
1139
281
1299
92
1303
23
1207
4
1322
54
1329
36
1275
1211
115
642
1326
50
1333
40
1279
528
661
662
47
1430
418
126
165
2119
1966
162
178
180
2070
2069
1669
1298
1499
1383
1071
90
370
16
2232
2231
1831
1661
1293
205
1091
1473
1146
1190
1285
1326
1284
272
298
667
84
256
243
124
1731
991
35
11
75
20
232
125
150
61
1015
270
2554
2401
1579
2862
1644
995
2801
1644
1000
2485
1242
3320
1242
2741
1475
264
740
1902
2030
1949
158
295
2144
2100
368
362
1731
1948
377
376
349
2524
404
561
69
150
219
156
230
2211
2212
554
670
1659
3215
3087
3134
589
1773
1953
1832
235
1933
437
1222
130
19
126
75
2352
645
215
1711
386
76
1707
2137
1699
718
218
1497
1407
1467
63
1306
13
1281
1365
1428
1060
1489
1379
1256
1121
1304
1331
1161
1350
1310
1382
78
1081
1205
813
259
2309
922
1591
363
362
2394
300
1527
1526
2742
3109
1702
1700
1662
2388
657
30
2121
2422
118
2246
241
2074
193
165
28
305
2119
2214
187
1722
228
292
471
745
709
746
747
748
749
1721
1300
718
60
1394
126
84
82
151
18
57
728
614
616
790
743
1432
400
401
253
404
2200
1454
22
88
211
163
78
136
2149
117
157
85
386
262
682
1901
290
39
13
1341
1359
15
1481
1167
805
1016
208
883
614
369
40
94
36
1504
183
2437
2310
4
28
2473
2077
1373
679
135
1221
1342
1348
1290
1274
1316
1261
77
1339
1238
1317
1476
1108
1291
1376
1318
1337
929
1192
1113
1254
1193
1125
1026
896
1093
892
210
1180
84
2033
2299
143
2235
1553
147
1181
221
2215
59
1469
63
2554
2135
2355
2206
104
685
1399
1404
295
2088
63
4
1033
1886
2152
1034
368
2308
1427
2041
62
235
615
1035
1849
1850
2039
1774
247
612
2
1699
110
2254
233
368
100
328
20
139
179
107
2297
361
2326
2290
232
408
1951
2134
1733
1732
640
654
2540
2192
75
10
47
48
187
2237
2332
2407
251
48
75
95
51
1208
419
2495
229
85
99
1119
842
841
58
1
170
250
1887
1509
228
149
44
39
2266
40
32
269
1585
941
79
2306
2401
72
105
26
109
7
112
46
11
1
777
301
859
706
707
1101
855
982
846
665
664
25
109
21
24
1356
308
184
2506
909
908
907
2335
11
873
551
862
405
739
903
776
779
521
153
164
492
494
670
1913
1140
690
2396
439
247
924
525
437
244
1757
1
10
45
27
9
117
21
986
785
562
827
431
83
172
100
99
98
97
96
244
243
1711
1813
125
1479
1712
1265
63
255
196
192
132
131
180
181
182
16
10
90
95
1
1
47
45
43
752
2242
2553
260
2944
2597
2286
1286
60
1649
521
1220
460
459
1589
1157
1156
1371
1
1774
1773
432
433
1455
458
456
455
1330
454
1334
1335
453
452
451
450
2356
1858
1856
237
1152
350
1799
740
1209
1257
48
279
503
151
150
1144
252
1396
2107
383
384
84
85
2106
2925
268
1
267
971
365
969
2
1750
1749
1752
1751
1
697
698
1391
1380
1352
3178
1310
1269
1268
2863
1491
2654
2428
2768
2763
2760
2328
853
849
2165
829
741
672
650
649
648
937
2382
2025
3068
3066
1798
1799
2947
2942
2428
1612
2514
2513
1
2122
1685
1686
87
286
302
261
336
303
301
279
149
180
57
16
25
50
17
15
7
41
34
1
1
23
75
42
40
18
33
35
57
187
2
24
22
1
1984
1985
1544
2624
2014
2792
1396
1395
992
772
2003
2071
321
244
243
1004
306
323
2532
2137
1
1972
252
2270
2018
1033
281
282
290
1
268
1096
269
1056
278
806
534
535
776
197
773
774
456
2183
376
375
374
1481
533
542
878
545
546
1048
1047
936
942
1003
590
995
980
1632
1009
1428
965
1268
172
171
170
1009
838
835
1017
1069
1019
1982
914
985
878
879
882
1002
340
997
1022
995
1031
15
925
1012
1037
1010
1046
940
608
614
1130
631
918
1439
1256
466
411
946
1001
947
948
567
568
1000
1
1043
154
243
1056
777
1169
998
48
995
1118
1152
878
647
890
929
648
893
649
324
423
2504
28
27
888
1678
2566
68
22
18
3
53
89
196
195
86
37
271
84
58
1415
1367
1579
1368
1675
1673
2521
2498
2540
2544
2548
2563
2513
2477
2428
2370
152
2371
2480
2529
2295
678
1958
2482
145
1619
144
143
2508
141
1606
1959
1960
1151
46
50
65
15
21
31
539
23
1739
4
19
31
67
1745
116
64
36
1577
23
4
1735
15
35
71
1741
120
68
19
66
40
27
8
50
86
1726
135
193
83
34
268
81
944
55
1558
1372
42
23
1770
36
1776
8
27
44
63
75
601
1751
600
158
411
1870
598
659
49
2
28
1761
47
21
1712
1182
568
439
337
672
26
1663
1759
549
1637
1733
212
1
96
2328
88
19
1762
1768
93
1198
1743
1749
112
1581
433
1395
432
1855
1861
2639
1847
1008
2329
1302
2169
1766
1303
1419
1190
1456
1455
1965
2610
1452
1191
1443
1192
1193
1194
1195
1196
1032
1817
1345
1215
1764
591
217
642
1497
284
2264
1980
1491
1624
1139
1772
1286
1328
1771
1135
3041
180
2954
418
3080
2861
87
39
121
6
57
2874
1570
2774
2900
2496
2740
2867
2830
126
34
93
377
12
176
2716
174
558
770
769
172
2139
170
250
21
160
33
1308
249
248
407
244
1259
2818
1249
279
371
394
787
2817
785
783
782
2030
2032
2034
2035
948
359
953
142
166
1827
111
88
201
2041
458
2501
1947
1946
2716
1722
2083
1714
1352
1072
598
2576
2507
1757
2072
1755
449
1753
448
447
3293
1018
2774
2308
593
2158
1946
1947
46
212
211
903
902
2726
67
70
15
90
113
112
103
219
1287
794
978
1451
1456
2913
1426
1778
1433
1
7
13
183
6
12
182
6
176
170
944
3550
2016
2582
2780
2581
2993
2381
1093
2386
3079
2621
4045
3477
3526
1049
1301
9
8
7
2462
944
1897
2028
1829
1508
8
24
113
99
32
26
158
194
167
125
6
621
620
3942
619
618
617
1356
2634
2635
2636
1
2
1
464
574
209
267
251
178
175
18
172
962
69
58
42
16
3
160
6
157
3
248
154
89
88
290
269
274
275
281
2356
1979
1240
1239
1880
1
2
3
1881
1882
1883
2519
1
2
1
62
2682
411
2671
2260
2289
2334
832
831
1085
830
829
889
888
887
886
1429
1428
1905
1903
491
110
111
247
114
189
2212
425
1951
1952
1018
3023
1016
2002
2846
22
45
2450
2251
2274
137
277
200
2317
341
2346
2310
212
443
1386
1315
1389
1316
1971
687
2154
1753
1924
2778
2643
2583
2393
1694
2394
642
2089
2004
1389
1194
1307
1165
864
1704
1706
1714
1717
727
2656
2831
2751
2655
1813
1887
1388
1426
2448
2452
3107
1881
992
991
990
1876
2475
2477
3119
1429
2041
2042
243
1885
1888
1889
826
1
2848
979
978
1866
3132
2528
816
815
814
813
812
2969
2992
2401
1855
2976
2086
2087
2669
2
1216
1213
2922
2069
935
934
933
2670
953
952
2354
2356
3000
3000
1
2114
949
948
1186
1185
3913
1833
1831
1829
1827
1825
1823
1821
3026
3549
475
3089
1859
1217
2739
3294
2237
1351
642
280
1032
1033
2587
1005
1006
2226
1008
1013
1993
277
78
35
2028
199
31
103
35
1616
201
279
302
2
343
72
4
149
156
95
440
68
221
256
382
84
1909
258
697
167
512
263
1673
1672
1175
1176
153
2345
99
1606
388
137
83
466
2291
315
54
34
251
133
1077
1078
54
29
305
2084
1288
946
661
1289
432
573
1520
52
1752
270
555
1207
469
2295
1565
615
128
427
429
190
2
3039
351
315
2975
1043
2251
378
374
165
2950
1608
1135
491
1192
1791
1208
2584
2472
1207
1204
112
1743
1855
293
184
136
16
42
70
42
1
2311
2412
2492
2312
2413
2493
101
181
2734
1984
2451
479
1985
2182
1259
2454
1320
2533
80
2633
2552
2283
2555
2634
1361
2553
2363
1501
2714
643
642
2192
2463
1
3
82
2993
2182
2464
2004
79
2996
976
1803
559
888
1975
422
421
80
81
198
2476
278
2556
279
2557
2278
599
1202
601
1203
603
1204
606
607
1261
1262
1362
9
24
25
14
26
27
37
75
42
29
30
34
53
39
43
32
33
45
5
31
285
36
1416
47
700
832
429
701
427
284
831
423
422
2
702
1217
1749
1010
1011
1012
2059
1014
2060
255
2134
3608
1435
1756
420
2176
1689
1315
951
3212
615
614
613
1114
612
611
1181
1492
679
1179
678
677
1426
1110
317
4
8
4
2
361
134
4
1202
1
27
1381
1469
515
516
1489
1339
1214
384
1377
220
1460
107
226
1238
978
332
1344
616
1229
1239
1305
1264
390
214
1246
1340
1310
1247
391
889
617
974
1309
1265
225
1074
224
1352
223
56
167
60
111
1172
3
1523
23
1377
685
1366
1367
580
329
581
1368
26
1398
1020
922
657
1543
1149
365
672
669
1354
1180
1207
364
363
362
2221
1425
580
261
819
2352
821
1423
823
1424
1425
826
827
828
1
1779
675
1192
202
2315
2634
636
1887
635
427
2169
2065
643
2349
678
2223
1996
1022
181
1997
227
2042
226
1815
1816
835
837
1374
839
1375
1
4
7
76
3
80
14
83
27
10
11
273
4
70
88
262
395
1121
1549
2295
784
1181
785
190
822
1959
1802
250
1798
186
2330
300
2199
289
1421
385
1797
1869
2063
2062
1290
178
1291
619
1292
175
174
477
371
165
211
47
206
82
370
2006
368
1846
2186
2148
1866
1427
443
1536
526
1537
1521
219
124
2430
2308
1334
1838
2022
620
1182
622
623
626
137
2258
1498
1499
1500
1501
1884
2401
2340
1701
2223
2127
1211
1970
315
2306
2184
1212
1700
1551
2126
451
1213
1214
1594
1605
1215
1216
444
443
442
441
440
1393
851
1394
2587
1395
1396
2501
56
2621
2365
1933
95
179
2050
605
256
1090
349
1419
1503
1306
419
1486
1620
1621
822
821
820
1
590
2687
2878
2121
1148
1433
1434
705
1435
2399
2147
2148
1950
1
1951
1949
1
286
1950
285
1508
2155
8
3
340
335
2239
2
883
6
881
4
877
1754
505
2005
706
704
573
2624
2615
2608
2702
1181
2539
2524
2504
1723
1020
2
1
1508
1915
2135
2456
172
1738
2323
2389
1418
1729
2322
1419
1420
877
2706
1239
1240
541
1505
539
1444
2271
438
537
536
2246
2177
2168
1485
2179
1797
784
1561
1975
1
1064
150
153
346
342
914
911
718
722
3
1104
369
441
367
338
766
2062
2061
505
72
135
208
1
3077
1635
3078
1634
1
868
875
888
869
876
889
7
124
3
137
89
917
421
91
94
580
870
420
13
117
4
130
82
346
84
87
877
17
333
427
71
74
890
121
13
35
134
86
651
88
653
408
91
583
873
48
498
499
500
482
3
1546
1911
2274
597
1939
1967
596
178
212
150
2219
2480
2324
2339
2458
2481
2317
2483
2310
2227
2224
2220
2218
2391
2451
2354
2255
2346
2278
2257
2279
2383
2382
2398
2434
2381
2396
2380
2239
1755
940
1656
759
34
28
2342
2471
1831
2235
781
62
1654
261
105
120
239
262
98
264
91
156
22
1
163
3
170
253
256
260
262
89
29
172
126
225
134
202
223
201
97
98
82
46
99
84
100
241
134
157
7
159
14
97
100
104
106
112
115
119
121
584
1021
1854
1851
1022
23
141
25
148
231
234
238
240
67
7
104
112
75
76
60
24
77
62
78
164
2
171
254
257
261
263
90
30
173
127
226
135
203
224
202
98
99
83
47
100
85
101
242
166
7
90
93
97
99
173
84
256
259
263
265
92
32
175
129
228
137
205
226
204
100
101
85
49
102
87
103
244
83
86
90
92
60
83
37
45
8
9
7
43
10
5
11
143
97
196
105
173
194
172
68
69
53
17
70
55
71
212
29
28
44
80
27
42
26
23
2
24
179
16
53
37
36
52
88
35
50
34
21
1
156
39
30
22
177
18
51
155
40
29
1
15
51
2
13
3
16
52
1
14
2
36
17
2
18
527
1516
53
38
54
126
15
1
16
1786
1784
69
437
258
2240
941
940
1203
2838
2658
2215
1811
1810
158
446
2607
442
110
2230
1399
236
2324
61
2709
1270
2597
210
2512
2675
57
2707
2608
2652
692
301
2594
2596
2871
993
1389
1391
1392
1869
2220
2221
1
147
4
148
3
284
58
151
226
1245
1662
1661
2401
2043
1109
343
3347
2614
2621
2457
2687
631
583
2003
2638
1618
1619
2409
2271
24
236
240
95
376
375
374
373
1246
993
83
33
148
138
72
113
131
37
68
112
25
1363
1364
136
112
6
140
815
797
1823
116
231
221
155
196
214
120
151
195
108
2295
2084
2324
1287
2288
1527
234
1949
2132
635
636
1288
1289
2247
260
264
71
1199
414
2650
2451
4
331
676
118
28
39
80
98
4
35
79
8
2136
2133
2009
1411
1041
1047
10
76
35
17
111
80
123
66
25
7
101
113
1621
41
59
35
4
40
47
18
76
45
1
88
920
1523
359
358
146
357
356
94
19
106
31
75
266
12
919
1699
354
1946
1702
1128
1704
356
1706
1129
360
1130
1710
1523
680
681
883
1824
1056
335
43
87
2248
2244
2242
1368
319
2267
1513
1829
1762
1138
1765
2352
723
894
722
2714
1889
3179
1
235
67
33
34
44
23
35
36
46
30
84
51
38
69
39
58
43
72
62
48
52
41
42
50
54
57
14
40
3
45
56
11
234
233
232
511
510
601
231
230
507
506
229
228
526
227
226
225
494
34
33
23
44
32
31
21
37
17
16
29
2
28
9
24
5
5
19
15
26
25
17
13
10
53
27
1
11
10
2
3
13
3
51
18
5
6
25
10
39
19
8
9
17
21
19
7
36
12
23
22
946
1134
445
444
10
11
1
2
12
4
50
17
4
35
5
24
9
38
28
14
18
7
8
16
20
23
20
6
37
11
22
23
21
9
8
2
14
40
7
6
25
5
14
1
28
18
4
8
3
2
6
10
13
30
4
47
1
12
33
12
13
23
7
28
15
46
16
35
20
49
39
25
29
18
19
27
31
34
9
17
26
22
33
12
1144
186
1
11
5
16
3
34
4
23
8
37
27
13
17
6
7
15
19
22
21
5
38
10
21
24
174
10
6
48
15
2
33
3
22
7
36
26
12
16
5
6
14
18
21
22
4
39
9
20
25
16
5
8
23
7
12
3
26
16
2
6
5
4
4
8
11
32
6
49
1
10
35
54
21
8
39
9
28
13
42
32
18
22
11
12
20
24
27
16
10
15
26
19
257
33
46
15
26
41
12
36
32
43
42
34
30
27
70
44
28
13
18
12
7
8
21
11
3
1
10
9
1
3
6
37
11
54
5
40
31
1
20
5
34
24
10
14
3
4
12
16
19
24
2
41
7
27
30
11
26
3
21
17
28
27
19
15
55
29
72
13
58
19
4
33
23
9
13
2
3
11
15
18
25
1
42
6
17
28
170
14
4
10
6
17
16
8
4
1
44
18
61
2
47
29
19
5
9
2
1
7
11
14
29
3
46
2
13
32
10
24
20
31
30
22
18
15
58
32
14
10
21
20
12
8
5
48
22
65
17
6
51
4
7
6
2
6
9
34
8
51
3
8
37
11
10
2
2
5
38
12
4
41
1
9
13
16
27
1
44
15
30
168
8
12
15
28
2
45
3
14
31
4
7
36
10
53
5
6
39
40
14
57
2
43
43
17
60
12
1
46
152
26
17
31
3
306
305
304
303
302
301
43
5
16
29
176
160
202
48
14
251
245
228
145
155
237
1384
242
745
184
743
742
249
928
675
734
732
937
938
491
490
279
278
205
204
203
34
164
78
56
174
1003
217
262
269
739
740
45
464
463
462
330
237
231
214
131
141
223
228
170
284
1
1807
1808
1
833
956
2459
2629
3015
958
1926
960
1927
962
963
1496
964
965
1487
966
1483
170
887
1303
532
1542
703
1133
702
1133
718
1142
1146
719
1372
131
57
1423
12
347
332
437
335
1093
688
105
2076
2296
1929
1568
1340
1341
1342
147
1925
1923
1343
1344
1529
419
199
176
2897
3239
658
1401
2924
308
2589
211
247
9
2296
467
911
2615
72
2486
303
2239
2379
140
137
962
140
2379
1691
1887
816
1886
1508
2519
2027
966
559
2620
2113
2443
360
273
402
572
719
1589
1590
272
2444
270
1595
269
1597
2395
2981
2474
2804
1
212
627
2473
2803
3015
1101
2197
2194
1783
984
3162
3597
1913
932
1914
1414
1
1090
1089
1350
550
551
558
703
702
701
1844
1408
538
292
1508
1509
1116
1115
1114
1398
1397
1396
1686
893
158
468
175
159
5
96
288
147
160
148
174
12
85
180
863
466
293
152
153
179
7
178
300
139
117
82
464
107
226
627
189
981
93
364
982
574
1486
729
670
728
727
726
1531
765
2551
1655
2440
835
1977
2094
2067
2068
37
1826
2069
707
2495
1406
710
712
974
417
38
1669
1670
1631
1632
940
1143
490
157
941
281
24
40
180
55
150
267
252
375
222
129
597
160
126
459
392
1004
1507
1508
104
2365
309
935
936
937
307
306
1039
1040
1041
2412
1
2
1
3203
962
269
1849
2118
611
282
27
2139
2735
2132
1509
1836
1510
463
1862
518
1849
516
1085
94
2499
202
387
1947
1943
596
2344
1367
1366
1486
769
2598
1748
2494
766
2328
764
763
1406
1470
2053
2046
1604
2047
1323
760
759
758
1360
3201
2651
3097
1007
298
1
386
2
1305
1008
1393
1009
55
2
722
307
789
297
88
296
1351
2366
2247
1188
350
1189
385
1
384
1439
2278
2159
1100
1101
1901
2039
1102
2043
156
227
86
574
276
67
1139
654
1128
284
283
282
69
2410
2686
2898
2814
2556
2664
2805
3017
1847
619
3275
138
2111
3137
738
1973
4074
3133
732
731
1993
2275
2657
1118
1117
1059
1116
849
570
350
80
2097
2479
511
2773
1047
1339
2252
163
2391
1957
1958
1370
1371
1336
1333
661
660
659
1495
1543
2554
1546
1551
1477
1475
952
951
1920
1
94
1095
42
331
330
91
127
1053
110
714
926
339
442
1
1
2047
521
1132
1526
603
605
606
2038
525
921
922
2230
2755
293
2340
327
2112
146
1876
185
270
1651
953
2878
387
454
2320
62
1922
190
1072
2675
463
2507
1349
64
216
219
1779
2328
1114
499
14
20
21
22
5
30
32
34
2516
23
24
7
680
3075
33
28
35
13
19
18
17
16
15
1
1138
1368
584
276
1795
583
1996
1211
2071
2621
856
851
850
849
1212
201
179
178
1074
816
1527
1213
1523
1520
1518
172
171
1396
550
1397
170
169
168
1214
166
165
1215
163
1216
1217
1218
1219
1220
1221
1222
1223
1224
153
1225
1226
1227
149
148
147
146
615
346
1728
1415
1417
1420
1424
1425
1426
1427
345
1428
1947
1946
314
3
5
2
1
1
286
863
90
1247
1770
1771
1403
141
1402
1935
3206
437
2708
1405
2279
2086
461
267
870
869
1039
868
867
2443
1280
566
1281
3332
2996
72
1397
1948
194
773
1130
1129
322
128
2146
2307
2878
1911
924
1107
1149
1188
763
483
730
386
1989
388
2880
2485
2285
647
1121
1205
1204
835
2129
2086
2130
1569
395
1576
1522
1579
271
2319
3045
722
721
2171
2174
2783
31
53
703
568
22
1251
895
783
926
1
2
29
73
45
3
1
28
44
2
45
27
43
1
46
102
16
26
663
662
661
660
453
118
76
42
89
836
641
578
132
766
1330
17
394
493
266
209
70
318
491
490
826
1303
22
1323
173
191
1195
1234
1056
1138
594
1026
1102
1060
1284
1242
1058
932
934
6
23
106
508
96
14
17
100
90
8
3
83
73
9
14
935
10
92
97
39
1073
1083
689
690
401
82
87
1139
703
1137
1059
902
1056
863
5
34
687
1122
964
1309
804
1416
1315
1394
195
206
213
1190
1331
688
882
1298
1419
1425
1367
1351
1271
1393
1338
1038
809
1090
1177
913
914
788
473
787
472
960
27
951
558
387
386
53
1117
1116
1029
188
46
927
926
1112
918
916
425
1121
1122
929
573
864
1462
34
52
1334
1373
1242
691
10
819
818
11
18
883
829
537
1035
828
826
894
687
1367
613
612
1446
882
548
831
30
907
824
836
823
325
254
179
178
466
2982
2990
601
1930
1932
3527
5
8
9
10
16
19
20
668
21
28
599
545
96
95
94
93
234
1617
554
1240
83
82
81
80
79
147
745
382
111
4
55
993
804
805
589
806
373
372
702
107
56
693
45
636
633
297
296
295
294
51
997
808
809
810
596
34
131
88
111
595
780
281
280
101
542
541
212
70
141
843
754
302
1049
89
1244
257
3
161
205
148
2589
1492
1967
860
346
686
345
682
44
466
465
1307
17
2
1248
96
27
1349
1252
1277
91
1290
15
1231
79
1270
31
10
1332
1260
108
1305
1246
94
1285
16
25
1347
1275
1211
110
69
1156
1181
187
1099
887
735
331
330
533
329
328
327
1333
1321
41
1363
1266
1291
1280
1221
1260
1322
1225
1250
118
3
1068
1343
925
510
509
508
507
1140
1636
401
1
217
1941
197
1745
1744
3
745
1837
743
1478
412
1937
58
1040
1039
80
467
856
48
552
1472
586
177
561
1348
560
1025
960
1724
146
1587
58
628
627
626
1891
1116
1112
187
122
65
1
189
66
190
962
1391
2418
1762
1763
20
1089
2044
2281
1597
2401
2563
729
112
31
2354
513
459
2194
2192
879
64
31
126
243
228
198
105
1431
136
102
414
435
2412
1314
1916
2400
149
217
317
1363
2232
2131
1504
1970
1258
1669
346
1259
1570
343
1681
1260
656
341
1679
340
1662
1090
1089
320
114
1255
1515
220
95
190
307
1546
1538
1564
169
488
489
491
577
789
318
317
1571
2377
253
129
2242
571
485
2345
1788
118
164
125
95
212
197
320
167
74
105
71
404
87
138
107
1229
102
123
30
123
225
222
249
72
93
62
96
21
3
330
480
2601
10
34
299
24
1422
1787
1423
2813
2387
1997
1
2
1
2483
2488
2481
2503
2497
2498
2499
2500
2501
2502
2496
2495
2494
2493
2492
2511
2509
1836
559
1257
1633
276
275
2486
2484
2482
104
1106
1107
611
325
816
612
324
3070
2395
99
15
10
2235
2234
53
112
297
299
137
210
204
296
68
133
509
114
2135
429
1416
2549
395
14
2249
1892
540
1530
948
678
73
67
6
1316
187
2083
207
2079
25
1871
1017
1016
890
709
707
706
702
700
1872
665
2008
2613
444
3045
2599
63
2657
62
2715
2605
2568
278
119
579
578
2169
14
2550
44
2551
102
8
45
2335
2494
1428
115
381
382
166
325
1124
996
2536
58
116
6
31
2480
1442
1248
465
129
2322
2594
1
2652
2542
2505
215
56
2665
214
2595
58
52
89
1384
71
2380
2543
2506
216
57
2666
215
1843
1844
110
147
2596
1326
268
37
2486
1436
123
378
2328
2290
2449
1473
160
415
2291
159
2864
378
977
344
1313
343
1058
2451
1807
2993
1145
1
842
1414
276
83
1144
277
1390
998
590
1588
2933
528
776
1694
1603
777
1439
778
1670
1434
1594
106
82
6
2405
1896
228
2633
572
743
91
24
100
1856
1118
9
5
995
76
597
598
1000
2469
2607
1495
2365
28
1828
2442
1870
2111
1007
1622
2193
1924
2465
266
1980
1008
1009
271
1010
1011
2280
274
943
1845
1012
2054
1013
1832
1014
1589
1507
440
2037
349
1802
2390
978
979
2046
2362
2718
1947
237
968
967
314
332
855
331
2476
330
764
2613
1420
970
969
738
1464
1463
737
837
27
914
1
455
40
195
2
197
659
602
1755
657
656
1464
654
653
652
179
204
800
1885
798
2
954
10
24
41
46
33
47
34
51
56
43
57
1666
17
22
9
23
5
8
6
13
1
14
1139
947
2714
3271
1512
2288
630
153
1947
1343
187
345
2039
1244
1245
1246
975
1501
1500
1499
116
269
268
126
242
2218
395
2370
516
1976
2295
1799
2414
136
2550
2389
851
1360
2101
2312
2393
1
591
155
2708
1835
640
644
589
2117
2
2553
802
804
810
814
2119
1301
1392
1079
1078
440
439
438
437
436
435
1
1805
1806
1807
2304
680
556
233
1544
547
546
832
1
1600
1601
1747
468
2236
2352
2399
2395
2381
2382
2384
470
466
295
1352
1348
14
13
949
11
1
3
2
1
1915
2
1914
1913
1914
1
1913
1912
1913
1912
1911
4
175
171
678
679
2263
1131
1432
1433
2183
2455
2456
1385
367
1
150
3
77
57
147
227
93
428
142
226
54
1874
5
1954
85
1820
49
133
46
2099
2215
2168
2096
1835
1834
1518
1833
1520
1521
371
1349
1523
247
1350
2053
2122
2050
1789
1788
1472
1787
1474
1475
417
1303
1477
293
1205
1206
141
1815
1919
139
138
1304
65
1763
419
183
1766
2682
124
2015
1787
1599
540
302
122
868
867
184
1
3
185
187
502
501
500
2
1496
2925
2076
1899
230
1495
924
2349
2223
2346
2805
1393
1725
1150
1
469
468
2352
2353
2354
467
2711
2045
417
1
3108
2615
2697
68
2181
2538
1893
2197
2198
2837
2200
3142
615
1565
614
1566
1598
1599
1600
582
581
655
962
406
916
915
914
2234
1459
22
1
2
1
785
784
2412
2086
782
1447
3079
2
3
1
598
9
10
59
57
2
1
1792
587
448
846
1
1039
700
1482
737
503
502
25
1
26
846
845
2249
1346
2463
3122
2088
1733
2137
1443
1741
867
277
2687
2651
129
2658
2522
2183
2366
408
2529
2558
188
1244
1947
1386
1097
2157
2147
1658
1659
1660
2774
1856
1298
195
67
196
1
263
262
180
82
645
1
2
97
89
3
1
98
90
2
99
91
1
8
100
137
149
165
92
129
141
157
12
28
16
72
42
101
62
28
117
70
82
76
69
65
91
92
80
6
9
16
2629
78
107
2612
15
22
2635
74
2597
2590
23
2686
7
2620
116
89
2613
94
123
96
2709
1317
29
659
2038
1521
517
2037
2036
2754
1169
1170
1171
1172
1511
1510
1174
1520
1519
1420
1421
931
932
1426
1422
1423
148
532
147
2486
2528
1850
77
1773
2919
2712
2470
2431
2353
1882
2493
1356
2383
2421
2385
2482
2387
2350
2392
2349
2429
2308
2082
1357
1358
1805
271
277
131
1
410
130
130
1828
129
1425
264
390
1290
126
1183
1182
2641
39
117
23
87
49
85
12
83
120
78
121
41
2589
531
614
78
62
48
10
46
51
44
81
39
2462
82
2
575
140
68
32
76
1317
45
271
2111
497
2583
2584
2585
2586
110
72
108
11
106
143
101
144
64
2566
1580
504
503
502
1638
38
2
99
4
33
9
2510
34
46
36
61
34
71
29
72
8
339
97
2
35
7
36
44
95
132
90
2411
133
53
2320
510
1987
1988
2423
37
5
2506
38
42
42
1
79
2501
43
37
80
347
2464
226
2156
2163
679
678
1270
1269
3107
3314
3115
3100
1179
1
471
1131
686
422
421
420
419
418
2279
2268
2354
256
674
919
920
71
1211
45
2109
1910
160
2269
2352
2267
2261
507
1451
541
347
2070
536
1962
2317
159
2028
2025
1059
1061
2187
2184
1156
998
77
2
90
3
79
13
193
10
92
38
1236
1
2
2
1
1067
818
1846
2808
1
1927
494
1926
1290
1
67
2405
1470
1469
1460
1456
1120
2816
2439
669
1390
1643
2527
2927
2372
1642
1904
1410
1645
1411
1334
617
1921
2253
3013
1880
1364
146
74
39
38
1078
1634
35
36
1152
431
1
1117
1116
395
7
24
32
16
60
34
1206
7
48
63
42
1338
41
65
716
29
2442
2632
3156
1562
1776
2722
1435
1363
1370
304
2493
2212
1870
2004
2755
3343
2602
335
284
304
3012
66
15
208
1
35
207
2743
51
274
67
31
273
2677
1141
16
20
222
2728
207
243
1
36
206
2744
2708
153
1912
1911
1218
459
458
1909
2950
2356
1273
546
745
548
2512
879
877
1595
1113
703
1013
2
892
668
669
670
3759
671
672
673
1364
674
675
676
1347
677
678
679
1356
680
1360
681
682
683
684
685
100
181
384
461
447
424
547
524
2119
1711
77
63
14
37
100
99
23
1905
2151
2071
2285
1930
1899
1879
1487
360
1566
2990
79
2508
2740
2090
404
2091
1176
2791
2400
1
178
321
1595
1084
1555
1086
1556
1088
1089
2673
1974
1411
2276
1413
1908
1105
2189
1690
30
1773
1274
1736
1419
322
100
2449
1698
428
1124
2617
1949
1360
1358
328
1307
1285
998
184
310
308
1262
182
42
3
1079
889
1938
952
2708
2217
568
1095
2099
1299
1872
1300
817
1301
985
2109
1147
2143
983
58
1543
1635
1
118
751
1476
714
1651
1413
713
1
844
2257
2494
2977
915
1631
194
2286
2288
1075
1983
1984
1078
1816
1985
2556
1819
2674
2017
2018
2179
2000
2001
64
1855
66
79
25
2627
86
2688
2601
2005
2181
921
2561
2548
2713
2563
2652
556
2039
73
47
17
333
96
332
331
91
160
62
262
26
56
23
87
11
30
44
113
15
215
79
74
143
45
245
5
34
29
1192
410
409
408
407
406
405
228
227
68
337
405
299
1366
300
1956
679
1297
1760
884
883
707
182
2581
57
153
2299
1523
704
1
59
2
2428
269
58
1
2429
268
57
2487
2430
1007
1554
404
403
1037
253
254
1088
118
1361
1785
1634
1210
1913
1846
1622
1621
225
1616
1
1601
128
89
267
115
1102
185
220
1100
1099
39
139
57
92
178
26
96
131
152
82
35
70
1859
42
2058
182
224
1443
1340
2903
1905
226
352
350
1184
126
124
3561
1156
1097
2020
1309
1308
40
2764
3071
1361
1117
1996
1240
3
7
4
2167
864
770
1674
1984
2327
868
869
1352
873
1353
310
653
343
1367
974
1025
1026
2003
2051
2631
1393
943
2138
272
3
2139
1204
2142
689
688
40
342
109
346
479
382
153
519
1
644
2185
362
1266
1224
2120
2684
3046
1371
2067
1370
1418
1365
2738
2784
2807
85
78
2654
3370
2722
2885
2336
163
1763
2732
549
932
1347
2183
1849
1848
921
156
386
7
36
1621
524
1573
2432
980
1244
981
1630
2476
2092
2121
1438
1362
1361
1428
358
1373
347
343
1496
1495
1494
2320
1321
1320
1921
1691
78
235
81
1394
1607
2360
2559
1775
1488
2134
352
2484
217
1488
1
95
1104
1898
2184
1899
1957
1958
1602
1603
1604
2
994
2
992
1
2
1
2
48
50
262
261
1160
87
735
736
32
989
1164
950
28
1384
3329
404
914
1777
962
569
566
485
978
39
129
1782
2332
407
822
753
758
408
351
409
545
1761
473
48
388
1712
1730
1748
1640
1736
930
287
402
3016
694
1292
3086
1291
1756
1747
200
339
416
338
196
425
3
898
1145
179
210
396
321
46
60
429
1017
1107
128
2013
173
807
621
971
957
1923
1061
1047
715
104
336
1568
335
552
334
333
991
1431
332
1432
1655
1525
585
332
634
880
395
394
896
2160
1168
1169
541
539
2457
2453
538
537
692
691
690
625
2761
2053
2056
2057
2616
2701
828
85
2449
841
842
1
1827
157
3
1220
1473
154
1475
1567
1823
139
65
547
3116
1
29
1137
2706
1136
1674
1672
165
275
1380
1379
1293
1478
1479
3352
3353
2362
3850
1241
2232
2566
802
1
801
765
2036
1317
800
2385
2018
428
1
199
2446
2017
1819
2206
715
714
713
429
2461
1692
1506
2262
2691
3341
1926
1925
1749
769
199
1288
1612
1298
1058
1059
1165
1166
1043
1045
953
965
858
865
958
46
866
710
711
915
458
39
457
762
494
801
1004
912
756
757
526
525
36
5
3
13
31
5
1235
22
19
34
13
35
12
36
294
293
1401
1028
31
39
23
67
41
14
55
70
49
1331
71
48
72
1027
1026
586
1024
938
587
588
256
8
8
36
10
1230
17
24
39
18
1362
40
286
17
41
16
28
2
1238
25
16
31
10
1370
32
9
33
627
1424
44
18
32
47
26
1354
48
25
49
1050
1049
1047
749
53
12
3
18
1398
4
19
5
1240
27
14
29
8
1372
30
7
31
295
1415
41
56
35
1345
57
34
58
954
845
846
267
266
1213
15
6
1386
16
7
17
21
1401
1
22
1380
1
23
1248
23
1
798
1270
1379
24
1247
1403
776
436
435
434
433
432
534
237
120
162
1755
1600
1753
123
1585
1439
1583
1068
1440
1341
1331
213
143
335
2528
70
61
122
2741
207
2773
9
2671
137
2703
857
858
1010
1014
859
860
861
2895
183
408
32
2196
2197
2198
1126
1125
1603
1124
1123
1122
2745
2340
943
945
912
2051
1379
1378
2001
1396
1397
717
716
715
714
713
2196
712
711
710
709
708
2441
605
604
1354
1355
1356
1623
2269
2142
1624
1625
1740
1553
2526
807
2563
988
980
979
1304
1880
1305
1306
972
962
961
5
2
20
14
15
16
17
18
19
13
12
11
28
3
1
1
10
9
26
7
15
9
10
11
12
13
14
8
7
6
23
2
4
6
5
4
21
22
16
17
18
19
20
21
15
14
13
30
5
3
1
12
11
28
6
5
4
3
2
1
7
8
9
8
17
19
21
10
11
6
1
2
3
4
5
1
2
3
14
11
13
15
4
5
12
1
2
3
4
2
3
4
13
12
14
16
5
6
11
1
2
3
3
4
5
12
13
15
17
6
7
10
1
2
4
5
6
11
14
16
18
7
8
9
1
5
6
7
10
15
17
19
8
9
8
6
7
8
9
16
18
20
9
10
7
1
2
15
10
12
14
3
4
13
1
16
9
11
13
2
3
14
17
8
10
12
1
2
15
25
27
29
18
19
2
675
2
4
7
6
23
2
9
8
25
11
10
27
1
16
17
1184
2233
376
2967
1049
1189
1190
1191
242
1240
1011
352
1602
229
1831
26
1704
1679
304
925
1
2
939
1
940
941
212
213
1
122
120
123
121
2
1090
542
1501
1168
1430
158
1378
1415
353
1
3
2478
21
2709
77
773
56
73
39
2632
2401
96
449
448
1
1593
19
1
2566
1337
146
2712
557
1933
1193
3044
1501
1502
751
142
1579
1580
404
2728
2324
1576
1577
2272
1975
1976
2239
1234
323
2
2332
2330
988
111
302
132
989
1271
251
3109
21
458
434
2356
3130
272
855
479
2790
1713
2687
1395
1808
1098
946
2335
1086
981
1087
1088
214
1127
1128
1129
2292
7
431
770
181
624
1636
1637
1638
284
1777
1064
778
1335
2660
2878
2796
1338
1339
1340
2633
1235
117
1989
1990
96
1012
2133
2276
370
2249
2252
1491
152
109
641
388
1408
1409
720
871
2173
1408
1409
228
416
2281
326
325
2706
2688
2629
2480
2559
2593
2071
231
3180
3375
2422
117
2293
2291
1646
2819
2169
325
2712
2479
874
875
417
1038
1039
1040
650
3144
340
809
810
811
2387
2804
2484
1305
452
883
967
884
885
982
959
721
948
963
459
460
319
325
6
256
255
2684
254
2686
837
589
840
590
2410
758
757
756
755
585
264
1470
2248
2249
3218
866
1669
2371
1518
1519
1520
1582
1590
2754
1485
2140
1089
1914
1666
1134
386
1377
23
1400
2864
1364
2095
1357
2032
2413
381
875
495
496
497
498
907
46
866
1458
864
1623
876
3074
1385
1818
1816
231
147
2527
1935
1898
470
2404
881
37
739
741
2925
697
963
1753
2360
1640
1475
1906
2079
2077
1482
1483
2298
1761
1790
638
357
637
699
47
1596
1597
1598
2258
1600
1643
1644
2306
1647
575
1136
1135
1134
2
1985
1395
1394
2
1987
1704
3030
2939
2938
1260
1172
1935
1672
399
400
1
121
127
69
53
27
95
40
118
17
96
6
52
68
148
26
81
3
104
25
229
88
316
446
58
32
87
9
31
235
94
1856
1483
1481
322
452
16
96
26
29
49
52
27
177
36
80
42
13
65
36
43
161
20
122
67
145
44
81
60
55
23
78
1
62
290
420
78
23
56
7
101
22
226
85
313
443
79
16
204
63
291
228
373
375
1338
938
936
935
933
400
932
931
930
511
929
1028
1027
1960
2117
1026
1607
1608
1304
1175
310
309
2053
949
2000
2006
923
922
465
456
9
44
26
8
435
116
20
987
436
749
35
17
1
11
996
758
446
18
36
24
1031
18
90
6
1013
108
12
995
764
761
1103
1007
989
115
2834
2729
189
2614
2684
2918
70
105
2988
35
928
2365
1446
927
1904
2363
570
569
568
566
2144
963
1449
1537
1089
435
434
433
1840
598
597
64
2113
878
443
2119
2801
2510
1095
19
1673
490
489
1444
488
1629
1623
1688
1396
630
629
628
627
986
2242
330
1761
914
1802
1803
1
347
911
133
40
41
453
714
111
661
2565
2492
2244
2491
550
2602
2023
2601
3188
42
149
1
2
1
1
1018
1019
180
59
121
246
245
244
364
785
786
1
1519
3
1
2
1
1
823
1332
2637
1741
1271
1272
1273
43
1274
1535
303
1794
1793
1791
519
1789
883
138
1234
650
649
884
885
1
1594
1685
1799
1231
1244
290
1861
1862
1386
1025
1026
1027
2041
1623
1392
1372
1622
1179
772
1180
1181
1578
266
1984
2405
2406
2440
211
29
1008
768
2659
2314
796
795
1016
192
593
422
775
1571
47
765
2142
1
35
34
1277
4
6
1
2
1897
1899
1
614
614
613
1006
612
1
190
189
613
612
116
84
1
623
624
622
623
624
861
860
473
859
336
285
2291
281
1492
1210
1208
1207
562
1145
122
1494
1837
635
636
2053
1372
1715
115
141
79
166
2331
2507
26
36
51
2446
2622
62
25
2472
2648
87
2410
2586
2386
2497
2673
997
996
1819
1821
1020
2865
1819
1818
106
1816
2721
1451
1091
1092
1046
2971
344
1390
1922
2615
1132
1736
1211
2235
2132
3
2417
432
431
314
371
2104
295
340
635
650
2611
1778
1627
2405
101
1777
1776
906
178
180
1021
1022
1023
139
1
215
174
175
1010
1009
528
2256
1798
1534
2576
2785
1756
1
1900
1644
1643
1874
2399
1256
550
551
552
1876
1877
555
1879
2236
737
1316
1317
1318
1851
2475
2457
140
354
313
314
317
319
2398
2249
2328
2362
872
2306
874
2011
2474
1020
214
1459
173
174
1021
177
1451
179
41
40
37
1
4
6
3
5
2
1204
3023
1443
2234
2234
2234
2549
1801
1196
1195
2717
2404
1554
1555
1491
1
1021
1020
150
1769
61
1705
25
112
1549
1919
1855
38
1699
1921
1934
1830
64
1794
1881
220
1766
36
51
471
1730
1817
140
87
1574
507
946
1991
207
1228
1227
2319
726
1984
2868
2975
1979
731
2940
1364
218
217
1117
1110
1
1
409
2141
410
2498
2142
2459
286
2551
2050
3220
357
2427
2908
2049
124
2784
669
2173
1788
857
859
860
1586
1688
1587
1693
999
200
176
1000
649
2863
648
647
2302
2290
2090
241
2061
2049
2331
1545
929
571
2510
1684
2185
1681
626
625
2704
135
148
568
459
460
851
2559
324
2011
312
321
2743
254
2489
2274
412
656
1790
1268
1270
1364
1037
168
919
2401
1439
2501
1441
1442
1443
627
161
873
1545
462
1707
301
400
2009
311
239
238
237
706
559
2767
2907
962
2301
961
105
564
1757
470
1824
2088
2105
2089
474
475
476
1791
1182
1587
1063
127
1813
1062
1061
1819
124
1063
1062
1822
1943
3300
2442
2952
818
816
767
8
2949
2610
1006
1582
2941
1691
3143
527
460
763
764
181
3788
2437
2438
2439
2440
1689
754
438
3194
1355
1354
2341
2964
1758
3002
660
1779
1782
2659
2656
2741
2636
2613
2614
2623
2507
1932
1870
3
82
23
46
45
36
85
20
43
42
33
105
128
127
118
234
809
1472
253
252
251
250
249
23
22
13
1
10
9
482
1512
1706
2149
434
1314
1313
1360
1311
1310
1146
1308
1726
3215
1728
1582
1357
1580
683
67
604
2125
837
838
839
840
995
844
710
155
154
183
182
181
180
223
382
339
338
3
196
432
194
193
192
1323
2376
2377
1954
1
1955
1207
1499
345
1208
1844
964
340
339
494
1134
2645
1478
3072
91
2040
2644
1051
1
1217
1216
1
2
1
1213
538
511
2
2235
2234
17
391
138
238
1
392
1412
393
105
253
393
394
1257
289
244
245
1
1576
154
270
788
1058
377
120
437
1809
436
210
1350
103
436
772
1017
2709
2710
330
329
1633
1632
853
416
415
1441
539
501
500
713
1660
714
2397
1659
1623
890
1417
716
717
36
206
756
1988
3002
1868
120
1196
328
2885
1579
447
415
272
273
274
191
193
194
872
871
3
935
2077
1728
748
2219
829
559
560
683
682
2
2212
2263
2262
1234
2026
1195
1196
1197
1198
603
1876
1268
2094
655
305
1314
784
1315
1511
1512
1554
40
761
762
1698
1731
1981
967
1485
959
1176
1177
785
786
2216
787
1509
1180
226
1794
915
674
673
1930
1623
3047
237
538
39
77
499
655
941
656
417
1650
1651
1652
1653
2126
987
18
77
635
464
208
149
854
70
36
1467
317
351
1004
34
1601
1602
1776
1775
28
93
2084
2192
2083
2082
898
900
1323
1324
1143
1144
1145
1146
30
2191
1462
765
766
1790
1787
1786
1063
1619
1241
1242
2497
1059
1060
1062
1907
1812
1007
896
1623
3255
194
1284
1334
1335
1336
3
6
22
350
12
17
9
1799
1750
3
25
9
14
6
1796
1747
28
6
11
3
1793
1744
34
39
31
1821
1772
783
785
1400
586
5
3
1787
1738
8
1782
1733
1790
1741
49
989
987
970
971
514
81
51
37
2070
932
2356
1637
1197
2114
1333
1334
1335
1336
500
1509
2094
900
899
174
178
432
2136
2121
1960
1959
1954
574
161
5
2233
81
279
2075
2354
2423
1058
926
645
646
647
652
1
935
935
875
1531
1
1530
1023
1529
1
878
1355
2000
2356
1486
1484
648
650
125
966
1569
969
1567
1559
1689
2492
2
1654
1653
1024
1409
2130
2129
1410
2897
1569
1571
1578
2278
1
2
16
1
17
18
2515
3255
1638
1637
276
488
254
128
130
22
84
342
234
258
150
1600
523
108
1608
1284
1286
260
261
512
1
103
102
1109
291
29
1142
250
862
73
321
74
248
1
1
88
87
1046
1842
1610
587
586
585
2918
2123
701
2686
2182
2096
2687
699
698
2932
604
603
1526
451
450
449
1597
1271
2520
1645
59
20
4
452
35
10
1457
2275
2047
2276
2049
1458
111
911
1269
135
195
385
1084
384
60
250
249
218
1678
1193
1886
1199
982
1669
1460
1456
1573
975
782
1576
1454
981
46
1753
137
138
865
866
655
3882
704
3064
1683
2981
3066
705
1032
706
428
2223
1528
1529
1729
83
2
2356
1373
85
2553
1292
2358
1378
511
787
781
512
916
280
1153
1154
1155
1156
1157
1677
2436
1819
1820
1821
1676
1675
1066
1133
1067
1068
1069
1070
901
1
2
1
1777
1781
2313
2310
2571
3765
336
2267
603
2614
2129
2130
545
1566
2110
13
525
1112
523
522
872
356
94
1
84
1
2
83
15
19
4
79
97
74
23
168
261
34
19
11
4
190
15
714
917
1118
1121
429
918
919
920
921
922
3
2208
2174
843
844
3823
977
982
1414
845
3512
401
846
847
5
924
2078
1008
1007
460
459
1406
1407
458
457
1289
1288
3
4
1
2207
774
20
2801
2712
134
2467
1144
2635
2546
355
2422
3216
1072
1159
1069
1068
856
628
627
51
52
1
374
375
377
463
675
461
1173
570
569
547
551
552
1742
931
1
2
86
1022
1317
2493
2494
2495
1531
1532
1999
1
1531
926
928
929
2472
2426
2427
1241
152
1950
109
108
1021
1698
1
1873
213
1128
789
214
1567
746
1236
735
144
2092
2095
522
575
913
1781
532
911
1877
2204
2203
2364
227
798
565
564
1318
324
1205
2376
1938
555
554
553
331
330
243
527
1980
277
1703
3187
276
275
274
273
272
1
264
1105
1
205
1104
899
325
1181
1570
2400
504
2688
998
999
939
2450
2693
1
59
379
60
378
413
491
490
489
2518
2109
1565
137
1017
480
136
790
413
227
1430
237
234
1159
13
524
496
1503
1999
805
806
1506
3344
1300
486
930
1410
2177
1697
794
2178
2611
1701
1702
792
1704
1719
3106
1931
1932
3565
116
163
1879
1763
1539
1716
1492
537
1571
2567
883
189
114
693
338
753
1091
315
407
408
313
292
407
406
92
1
95
1046
2250
1681
1589
646
2895
2896
1
895
1924
339
284
1019
1591
143
1400
2431
1636
1637
770
1
1378
3343
1186
2366
1185
767
670
671
672
494
1167
990
989
2
1695
2141
435
434
897
2393
1
2404
2404
1574
286
78
79
460
40
41
29
58
87
830
1527
1
2552
416
1452
1453
1455
1458
2029
2116
1980
1400
1401
1083
1084
152
256
1296
255
254
1448
405
1165
1
189
183
190
184
6
553
77
559
83
476
1409
262
3
494
259
3095
2242
1538
1539
1539
2006
811
943
972
822
864
614
891
1325
996
2770
1863
1394
907
1503
1338
2153
1609
2578
2579
1396
1394
1035
1393
2
1064
1066
1241
884
885
1779
3
1
1004
1003
1002
1743
1748
1001
1000
999
998
5
6
1187
19
58
183
241
59
47
48
49
817
182
1140
1373
2472
1
12
6
6
13
13
2733
354
444
2379
2380
2381
1956
2401
2367
909
2236
459
1900
928
510
509
1034
3327
2010
1566
356
1178
353
588
1675
1674
1735
2747
1655
1965
1738
1737
2400
3129
2663
3311
764
198
1
411
199
213
412
1468
1469
1470
1
2
1
142
141
140
21
197
94
56
57
858
859
904
905
740
741
742
2205
2244
2553
415
1856
2968
1563
1561
1441
1108
270
333
1276
1280
209
1773
473
1146
6
2436
906
499
1725
1474
2224
603
205
847
848
204
203
11
75
2591
86
2602
2516
603
637
34
931
901
605
843
842
639
877
876
30
1176
239
1146
1
69
835
68
195
66
723
77
78
937
1303
1303
1783
826
243
244
1075
1074
303
302
1365
1965
1702
2767
1126
284
1152
1757
2028
1
798
799
1029
2726
2727
1034
1
1252
446
1255
195
1733
1061
1525
1840
1011
1
972
971
1
1044
468
265
266
93
1
92
922
921
920
437
573
1739
1154
172
1
173
1176
1240
117
2157
1358
1279
1421
1027
1530
235
952
1589
2541
410
525
524
1478
2131
1620
1465
1464
933
1443
1198
2526
1091
107
212
2121
1732
1261
480
433
1843
1410
910
826
909
2764
2763
1
2368
1056
2366
1440
209
208
207
1235
1236
1775
1785
1
881
880
879
397
77
474
475
125
221
220
1590
246
239
242
856
21
1986
176
295
294
796
967
312
311
2259
184
171
1151
2075
2666
4
1528
1524
891
232
1751
1196
2503
555
499
21
17
9
8
7
4
12
13
14
8
9
10
1
2
1
185
179
6
911
373
1151
466
927
926
2110
2107
1747
485
1847
1961
1960
2454
5
7
26
1
2
13
14
15
16
17
85
192
123
706
47
108
141
160
649
366
39
38
37
1
2998
2555
983
1001
1322
865
1321
629
1319
2
1249
1248
1247
1246
2
3
1
227
991
1005
448
94
1
15
276
47
14
13
12
11
10
229
594
1436
6
162
348
570
672
671
1730
774
1574
2336
680
679
2004
1750
1796
2231
2619
928
1902
2032
175
130
1807
2745
1857
1937
2033
80
176
717
96
1
1893
1395
2627
2628
26
7
63
37
1
1779
17
19
89
11
27
1753
9
30
8
1772
10
60
181
100
62
1842
80
1742
20
90
211
475
1780
18
52
173
1762
70
121
1502
149
156
157
318
2512
3072
2339
560
1486
2254
1488
2255
1490
2256
2614
667
666
1468
665
733
633
1211
604
1815
1474
1469
298
297
341
346
140
139
5
1382
1383
3180
2163
80
543
29
121
79
150
108
358
463
1128
249
1312
2092
1
389
987
2626
1
2
3
1646
1367
1
750
1574
16
17
999
33
29
1
983
17
13
982
16
12
966
970
756
247
4
316
1597
1982
547
546
868
482
481
499
109
110
194
390
389
1482
68
1832
1783
1782
1581
1
1476
1477
2961
2454
3
323
1728
2851
302
301
1153
578
936
935
507
506
838
1702
1632
1632
1688
421
39
426
386
385
245
420
667
360
359
384
383
1560
382
1335
1114
1
228
1
226
229
227
84
667
151
861
1012
475
186
664
124
3
958
955
318
472
471
1072
1
315
710
187
1
212
92
214
603
687
93
215
603
120
700
701
702
2
671
670
324
314
989
1606
326
100
184
837
95
94
3560
1958
1158
1676
1544
1062
825
174
173
1
883
884
204
376
821
96
2078
917
1982
3509
1760
891
890
889
83
85
86
234
87
464
463
906
1509
2055
961
2
2757
2058
2056
699
701
2147
1134
1135
1136
682
681
278
1080
277
1182
638
2822
2435
1
2393
1
1139
3
407
286
400
802
803
1
521
520
519
365
364
1
1954
1799
91
92
1767
1827
1890
1891
32
28
1
1115
451
2102
450
724
1491
4
305
7
298
72
225
377
313
257
184
530
1023
91
1
92
3
1904
1518
2659
1
1104
972
193
1432
259
451
381
86
41
863
752
741
1025
1
1446
533
463
981
1390
1
2
1
448
458
70
219
18
237
600
132
53
54
174
998
1577
1271
523
2862
1686
1656
59
208
209
210
1
2
1
1
2
1
520
890
889
2223
1129
1635
1609
912
986
1404
1
2
1
542
1
441
440
923
2
102
101
2
1797
1798
1
2203
2828
108
110
486
163
165
233
323
1407
321
523
522
521
2260
520
1545
477
1988
1612
443
442
2133
1048
1069
188
196
490
1779
1777
2398
485
1207
679
499
348
1049
1
502
314
951
950
1500
853
108
1
2
109
110
1
1691
522
405
219
6
639
174
288
1511
1507
1090
1089
207
502
909
1551
1554
910
911
3
2058
2061
3189
1000
1001
1
1390
163
1178
1189
1458
612
453
454
1838
1590
479
1330
7
445
452
915
489
453
452
326
1
327
158
1572
161
1274
1296
19
1795
1793
1323
2330
306
2449
159
165
108
185
100
523
1263
1520
1526
293
15
681
680
307
95
98
297
409
868
2522
481
870
2
1389
1390
33
14
29
120
103
39
2065
303
1697
1461
168
1461
2141
1
1
477
308
357
2
1891
1890
1893
1892
1
2446
2891
2442
1180
339
558
1114
505
504
35
81
88
85
7
4
3
105
221
113
794
793
792
791
790
789
76
75
123
197
72
156
56
60
65
787
220
438
223
174
129
352
345
473
780
893
894
474
797
475
476
477
113
114
1
96
97
419
423
303
934
935
1
1
390
389
1124
178
177
753
754
1463
1465
564
1419
245
1176
246
247
248
180
996
876
429
588
583
658
659
676
660
661
513
1666
550
943
276
236
482
481
346
952
2
2355
2357
954
5
4
1040
407
1315
131
130
129
1999
1383
945
954
953
2
1
1596
637
1060
346
910
17
344
570
874
873
819
512
924
126
679
2166
3
1374
2433
935
52
2
50
252
1325
1562
373
1012
372
605
808
191
190
126
1172
98
176
336
174
173
1074
2295
434
433
1944
1
626
627
628
629
2334
636
1
2055
2054
390
1208
107
106
103
17
124
123
120
25
2
34
27
9
97
36
106
26
900
1
1295
1891
3
2333
867
406
1
675
674
1000
99
649
869
562
599
625
1614
1036
881
53
533
42
9
37
17
35
416
20
2
453
73
38
181
18
433
18
451
71
36
380
415
51
50
88
89
233
723
1783
926
805
835
1627
1041
458
1248
1152
1368
24
410
715
655
60
995
656
935
279
2035
1065
989
604
1065
1577
1275
1223
1219
254
658
795
794
793
979
1840
1
1839
1
1443
42
464
471
453
456
465
9
7
11
8
1
455
16
18
15
6
9
3
12
444
27
23
9
447
24
456
15
1656
1104
1635
2257
1669
1258
466
467
1214
1216
1544
1545
257
256
255
1188
1187
1
9
2016
2030
1626
525
209
2301
136
980
661
983
1116
1119
1176
1176
500
977
1
231
1
634
1509
1510
2427
1060
1
1113
1112
218
1859
1660
688
687
2
1133
1232
2255
1107
1106
2436
967
48
335
75
74
49
1
1513
1545
1780
998
319
318
317
316
2633
538
556
496
992
991
583
582
976
1
2
1
408
1197
446
831
2567
2513
2609
2608
1
1
2610
1855
2609
1854
41
982
630
55
1
2
54
53
229
1
1058
1057
88
2
462
1259
311
310
309
203
228
1585
1424
1616
352
289
288
14
343
1
344
345
346
347
171
1
518
559
107
364
365
3
810
14
23
925
1639
1052
1
1
276
274
1705
96
235
1
1
184
1
2
10
1
1541
649
648
1342
647
859
974
973
1
585
20
