1
2
785
4
5
6
7
8
81
9
380
10
83
926
224
295
12
863
13
15
16
17
93
18
19
866
20
580
226
21
11
21
9
223
80
92
103
104
15
23
1
7
12
25
5
4
6
26
8
784
869
862
26
13
229
8
4
5
103
18
15
27
435
28
6
7
783
10
861
437
222
31
789
3
11
864
14
33
35
236
36
378
1077
1005
790
953
240
242
10
13
14
15
6
17
19
21
23
24
27
28
776
30
31
670
34
769
35
1
36
963
6
392
965
311
113
267
1
15
5
100
113
877
219
7
878
861
527
2
395
186
879
966
11
187
967
10
857
825
218
663
36
969
882
14
4
884
664
40
971
972
974
75
963
920
2
42
9
667
13
8
42
2
43
21
85
7
268
216
1027
44
73
218
43
44
24
45
46
47
143
48
12
34
49
247
196
145
50
118
51
52
53
251
54
55
254
57
124
198
199
126
896
31
24
47
1041
898
467
7
677
4
854
3
899
900
857
9
32
35
36
38
20
115
20
19
18
17
15
14
12
10
8
120
420
845
629
83
7
10
6
982
214
2
497
73
806
23
1025
959
490
1
843
1
1
2
3
52
21
10
4
5
22
6
53
7
43
8
9
11
12
13
14
35
603
45
15
17
31
18
19
20
141
786
24
26
43
16
17
537
19
21
790
822
150
23
30
836
821
32
49
909
302
100
131
63
89
22
85
119
23
110
58
56
2
19
28
91
52
29
31
34
36
51
39
40
48
170
44
120
43
40
48
49
36
35
20
50
51
32
105
56
30
29
33
202
190
804
24
25
6
16
7
603
5
858
32
3
854
851
4
35
460
29
7
30
850
3
748
45
31
82
730
20
34
173
243
37
38
106
39
40
834
21
884
34
869
25
891
16
969
1022
893
17
828
3
42
43
216
3
776
14
940
44
538
20
895
45
267
1084
46
47
2
23
897
261
335
253
258
248
227
12
680
37
654
887
1110
268
48
784
1039
13
35
36
49
850
854
6
48
267
886
755
853
49
680
27
938
92
890
459
1
13
41
16
407
1040
11
478
683
1111
545
50
774
422
420
338
101
230
333
268
1113
547
21
339
760
1115
29
124
241
875
52
830
340
549
31
686
32
687
16
12
7
193
22
191
49
235
196
4
22
123
39
19
43
705
133
3
11
184
126
18
4
199
33
40
41
14
13
35
1
26
10
268
48
841
488
357
694
786
622
120
782
417
739
24
109
572
240
751
79
28
26
4
5
18
264
4
641
85
877
89
976
6
121
5
4
3
2
1
217
1
424
1
2
3
73
8
9
72
10
12
11
71
124
121
21
70
69
49
26
45
20
27
283
12
850
42
261
30
285
234
18
426
218
636
934
219
220
36
428
932
987
988
883
429
1
29
13
891
19
6
55
4
137
10
210
276
209
258
31
23
27
5
343
260
8
34
42
273
272
9
211
1
213
363
763
16
979
248
32
550
409
29
875
30
2
285
502
429
551
419
985
24
1
5
38
10
372
724
11
10
826
160
12
35
560
36
13
374
49
39
7
196
206
858
82
45
228
567
27
376
87
1065
28
36
1025
984
878
1099
926
1066
31
639
373
239
217
9
1069
447
29
418
21
1050
804
775
362
1054
942
8
762
14
1006
859
860
728
642
862
628
30
1004
511
284
6
929
1077
2
28
29
161
30
661
125
32
33
34
35
36
93
107
108
399
159
607
142
682
386
380
198
37
10
2
38
596
610
112
246
12
124
114
46
404
470
197
434
248
156
516
228
37
614
252
20
670
761
881
817
862
873
12
39
40
42
8
43
117
33
46
119
37
568
30
120
121
1094
652
7
206
390
280
665
1023
249
741
11
321
668
5
742
922
925
1096
572
35
564
1026
1017
30
8
106
29
13
7
55
400
17
4
42
28
231
25
91
21
13
56
432
58
24
88
113
10
733
363
216
222
754
252
414
16
42
410
461
281
717
731
151
462
842
666
196
197
81
25
24
4
19
95
38
39
40
23
41
29
33
15
47
11
4
82
21
20
34
17
612
1
3
94
6
18
56
25
1056
969
9
844
866
353
814
815
920
19
198
280
915
524
541
379
201
222
856
803
835
368
688
4
124
219
10
15
302
472
438
126
46
9
70
379
13
290
960
103
125
128
307
898
728
78
768
43
82
2
95
64
10
645
361
402
689
9
1004
767
454
531
3
360
44
721
287
448
140
28
8
819
16
13
564
6
102
26
80
14
651
649
566
438
78
23
716
22
49
20
3
17
117
340
24
34
179
15
90
6
11
2
37
544
4
38
875
203
484
22
26
88
14
102
20
11
3
12
60
28
34
25
9
35
2
29
32
806
11
24
71
29
9
3
66
14
6
65
5
62
60
4
52
21
51
25
58
13
17
38
56
54
53
1
441
51
98
50
22
1
10
14
18
1
6
48
49
35
272
18
81
324
490
15
3
5
448
580
685
7
535
9
662
746
486
670
9
13
20
17
48
5
47
21
18
11
12
137
104
136
6
14
6
39
12
13
746
280
8
15
412
2
4
348
29
353
411
402
389
415
443
380
436
546
16
15
8
15
9
28
15
16
17
438
13
18
17
14
1
7
23
13
39
17
8
12
67
68
6
15
38
16
28
22
79
80
17
349
58
20
72
18
192
205
282
4
7
35
34
8
32
15
19
33
34
56
12
10
16
623
17
27
1
21
10
34
16
32
71
11
1
18
37
5
203
16
202
352
18
30
4
19
198
247
8
15
197
211
122
219
624
195
2
989
782
9
787
738
756
768
7
16
26
24
198
6
2
8
197
23
4
78
41
30
88
141
7
217
26
287
17
18
275
2
41
292
6
19
6
20
27
188
251
263
271
298
13
274
237
59
405
309
5
290
314
631
294
1010
585
1032
1088
671
579
1014
367
586
933
993
519
735
14
1008
70
60
55
154
29
511
16
681
17
417
721
704
720
688
574
155
22
918
205
415
14
15
5
233
24
17
186
18
28
31
235
27
22
580
153
569
154
20
420
545
606
838
693
35
269
829
203
202
17
13
18
157
103
601
31
452
72
24
899
833
518
401
851
837
472
334
605
112
39
48
27
161
68
122
825
12
10
17
33
3
35
45
16
17
720
8
779
415
36
18
30
5
10
198
803
582
947
804
172
42
159
73
91
163
45
158
18
41
87
167
40
128
149
15
36
825
835
25
28
112
22
26
27
41
643
47
162
120
185
114
172
6
24
29
622
153
21
14
14
183
18
5
28
774
417
247
783
754
171
3
41
163
527
630
184
24
12
370
37
374
9
16
95
47
38
110
32
15
36
100
28
360
46
45
7
88
1
44
25
43
3
30
25
34
4
18
18
16
35
1
42
35
20
46
149
13
6
45
4
29
64
16
151
43
67
1
195
3
42
32
46
27
130
44
40
2
42
39
37
53
37
16
6
50
45
183
44
9
182
282
15
105
181
248
52
103
18
26
228
17
31
15
426
14
13
184
11
10
8
211
524
6
39
1035
246
21
27
46
44
26
41
23
21
18
16
40
15
14
17
13
776
812
230
90
191
12
217
11
5
9
242
20
240
360
9
238
13
17
42
24
16
39
13
1
18
310
11
87
24
14
47
13
16
502
47
29
50
17
198
513
10
27
368
7
533
916
230
713
334
6
916
8
605
379
188
425
1031
366
228
202
224
120
105
225
37
131
36
666
30
78
645
284
624
306
757
232
9
58
5
2
8
53
20
24
3
16
29
13
3
19
17
15
127
14
182
110
101
290
4
18
213
1
99
4
60
103
1
119
96
121
116
6
42
21
9
23
46
2
61
87
51
77
32
24
20
19
41
56
57
58
22
92
15
37
14
128
127
22
12
27
61
10
8
7
5
9
37
4
7
4
9
57
227
200
211
232
195
269
222
9
45
5
3
56
6
6
17
10
111
434
25
7
41
13
194
43
5
38
185
2
36
21
39
778
194
29
22
7
45
39
6
4
44
10
60
1
27
601
4
9
7
8
42
22
2
10
1
511
622
832
803
834
423
305
131
72
2
8
100
54
584
1
104
77
59
31
89
5
63
20
14
9
4
52
24
135
76
75
17
111
345
258
5
61
1
42
550
919
49
8
2
4
630
55
36
26
5
47
4
41
12
62
764
314
4
63
10
45
31
43
46
24
13
36
33
42
41
51
38
48
30
26
7
53
32
49
43
6
46
37
47
39
44
517
75
5
26
28
2
271
6
8
43
19
9
46
806
36
416
3
66
913
10
573
514
31
17
49
226
15
11
13
66
30
80
58
3
5
29
18
13
190
28
37
156
629
570
614
627
16
45
33
42
60
43
78
5
61
170
65
6
32
582
15
137
26
68
24
28
21
53
375
116
5
39
51
2
34
6
8
429
254
2
825
215
213
51
34
50
68
211
185
556
131
250
168
3
63
204
785
522
732
2
1026
909
24
250
7
321
283
143
203
14
778
827
53
431
52
863
46
170
8
138
142
51
28
121
187
16
4
47
492
149
328
146
191
120
81
50
162
137
5
229
1
12
172
55
3
372
100
533
454
380
650
48
91
20
207
69
596
50
49
170
111
158
259
130
467
379
444
432
29
34
81
46
50
305
49
116
108
8
414
5
60
119
86
151
2
208
799
54
1
146
6
237
21
159
349
674
635
303
16
56
22
554
11
261
461
17
6
49
50
91
9
24
41
80
40
182
48
43
32
111
20
134
46
51
44
22
54
49
42
164
162
163
176
52
50
3
47
53
25
42
49
2
54
44
77
27
46
44
23
92
1
55
53
50
56
83
434
160
38
105
29
503
121
132
407
133
7
8
33
39
48
64
363
54
15
29
63
9
62
13
10
11
61
69
61
53
16
113
17
18
90
50
41
62
55
18
1
20
63
543
3
28
540
30
7
737
11
40
2
1
29
6
85
27
20
3
31
4
243
642
540
3
41
10
9
216
579
5
20
539
1
459
21
28
6
186
102
1
95
2
668
7
58
5
16
36
2
23
27
2
6
21
4
23
4
536
472
574
538
49
553
534
12
52
30
7
41
3
39
534
10
8
13
14
17
2
15
49
11
12
58
13
14
15
30
8
16
10
155
36
46
254
250
2
20
272
1
225
201
1
34
178
61
301
55
388
418
237
383
55
444
236
862
7
8
33
9
52
10
55
11
50
13
597
12
9
716
12
14
874
860
307
4
6
16
163
72
30
125
129
4
82
443
794
21
223
150
476
10
3
4
149
1
815
8
10
2
53
1
3
7
21
25
2
179
14
812
34
811
50
145
959
33
709
988
16
15
45
178
22
7
19
14
147
906
9
66
56
23
8
739
38
17
973
1014
472
7
784
927
795
792
247
1
14
30
31
177
1
35
45
5
289
252
17
472
339
7
468
476
22
491
441
439
624
16
42
356
44
11
6
2
14
553
554
243
308
6
15
122
680
13
24
14
2
34
25
85
2
119
156
8
1
319
83
532
35
567
23
11
176
97
1
96
21
20
385
9
40
3
398
23
3
20
5
9
2
15
4
1
47
2
48
155
20
9
501
16
5
18
3
28
2
31
30
592
29
25
46
6
314
1
267
27
134
303
263
455
207
372
21
4
106
16
34
27
14
48
86
364
29
227
10
11
23
62
31
99
669
1
22
27
38
149
9
28
21
32
19
14
35
3
39
2
41
18
1
13
453
8
654
864
97
128
2
38
6
31
133
13
89
37
20
15
105
17
63
91
17
802
4
29
26
88
24
20
21
23
39
28
146
42
2
5
164
28
44
70
359
294
29
7
22
3
10
98
43
88
9
22
18
19
94
42
97
4
8
46
26
91
285
4
26
170
334
612
14
3
20
26
10
21
227
107
60
4
10
103
206
5
85
7
310
77
155
536
13
93
277
220
314
189
79
30
13
644
73
2
10
14
36
37
32
34
22
16
20
12
28
15
27
430
623
601
18
21
22
42
134
144
165
106
189
26
7
5
104
637
193
20
773
18
14
90
41
87
7
22
79
8
43
134
25
4
113
6
71
24
12
44
15
37
132
13
103
30
36
50
101
11
19
3
26
4
1
22
8
68
11
105
16
91
31
43
95
39
112
15
55
10
21
5
28
75
68
40
45
107
18
9
4
8
14
32
80
6
101
75
52
108
406
4
16
8
47
109
1
16
27
23
206
245
119
149
55
631
791
629
17
50
45
33
1
13
5
56
11
740
3
11
28
39
31
9
20
22
7
10
27
12
5
46
418
28
415
11
25
230
8
4
88
28
40
335
837
508
327
42
57
294
2
187
94
47
39
67
72
633
576
54
6
56
11
119
93
12
43
46
4
1
6
6
30
69
23
7
21
24
87
2
41
31
39
3
47
89
29
5
68
24
86
21
10
133
251
632
808
80
55
100
6
646
93
117
125
10
112
35
152
57
104
17
310
20
16
38
47
12
20
9
3
44
18
153
7
50
22
159
197
358
44
29
12
36
52
19
50
192
9
8
48
22
12
787
9
7
2
6
7
8
3
4
3
79
192
512
877
146
989
1050
705
638
857
370
962
515
532
526
33
40
367
359
10
238
11
5
10
13
19
8
18
236
140
44
50
552
9
15
144
35
127
5
10
36
129
140
204
369
199
389
679
143
136
43
49
6
110
209
547
7
365
12
79
245
20
21
112
108
109
4
19
202
108
103
14
40
47
25
373
131
207
201
152
56
48
78
32
281
778
509
588
13
9
40
2
398
1
6
37
12
46
394
446
4
404
40
122
132
15
31
392
51
8
110
50
53
8
350
41
105
162
34
2
586
93
223
100
579
90
175
204
163
50
215
1
74
61
357
478
10
8
471
11
459
396
438
378
73
161
88
450
192
5
53
241
334
183
1
3
496
547
627
796
2
247
28
13
566
299
11
20
10
93
1
48
258
278
1
789
634
506
43
72
1
24
67
42
757
173
787
801
226
197
27
58
255
41
37
849
212
111
55
32
21
20
42
19
2
6
37
64
5
40
60
43
59
32
328
378
16
419
15
127
734
121
29
10
1
9
30
4
595
260
18
176
291
167
156
798
2
484
13
11
49
56
826
1029
66
213
108
61
13
12
61
11
6
159
1
11
500
233
26
16
13
3
66
60
14
49
32
57
27
2
53
37
34
37
38
667
63
32
666
44
29
10
452
68
70
69
48
148
6
66
8
45
8
367
274
27
249
66
51
65
232
443
95
374
251
64
63
9
289
557
323
437
145
64
32
249
536
17
11
157
727
64
14
42
503
138
62
77
70
7
139
129
64
67
182
3
64
60
97
2
132
47
45
65
20
133
5
54
90
434
58
59
325
4
8
202
63
18
21
64
15
11
63
62
61
17
490
6
5
41
202
434
34
62
957
978
18
181
207
939
53
22
66
1
69
6
45
44
62
56
229
64
68
20
92
232
283
262
212
61
15
42
35
44
638
10
481
589
11
6
12
32
13
14
15
16
22
45
64
67
16
17
23
14
33
24
57
14
40
59
41
23
32
7
71
25
19
286
162
341
57
20
6
917
20
857
133
64
2
220
10
351
7
9
339
13
3
78
40
45
73
59
32
43
2
44
15
16
50
23
8
9
17
18
39
14
2
4
498
343
34
24
267
50
11
744
32
27
35
185
27
49
47
406
113
30
16
147
32
3
35
36
38
5
6
200
7
8
39
9
10
34
31
37
11
217
11
10
135
38
10
357
387
25
636
644
286
524
10
11
12
3
725
8
11
10
12
25
37
1
120
33
17
41
2
63
122
897
12
2
545
719
12
1
13
2
1
272
3
297
14
6
125
273
127
12
13
25
24
3
161
105
11
14
15
68
17
20
270
455
8
8
419
8
17
39
35
359
50
362
21
65
70
297
32
14
1
90
4
613
6
407
679
123
692
881
7
13
29
119
522
9
49
23
77
69
8
7
19
58
1
2
676
81
15
111
615
52
23
2
1
14
80
3
20
891
15
15
46
12
18
13
43
2
17
6
57
17
1
862
191
1
80
55
14
8
47
11
765
78
122
7
53
8
2
25
65
14
20
50
823
17
2
30
64
9
242
166
143
18
772
162
17
10
23
67
48
702
460
65
19
823
28
219
164
19
111
19
27
63
32
9
22
14
25
102
54
98
8
51
113
142
19
2
4
2
116
95
168
115
859
782
49
612
773
259
39
390
476
17
1
511
210
31
549
527
227
512
231
699
272
407
317
69
7
266
437
228
5
8
8
11
14
9
2
94
114
60
117
25
211
836
89
135
20
162
33
81
133
142
57
562
19
12
30
72
104
40
246
1
617
2
6
610
72
241
547
601
402
86
266
17
10
10
618
12
13
404
80
34
3
19
11
13
5
10
9
70
20
23
50
28
6
87
1
14
11
46
12
181
470
16
69
108
9
94
49
12
63
121
52
29
772
46
16
38
20
314
142
47
41
4
181
190
109
219
14
19
7
8
9
3
10
16
11
13
12
14
11
21
227
24
25
17
8
25
250
26
9
2
21
36
215
541
17
117
164
237
15
14
24
9
42
10
8
12
27
10
29
32
29
43
1
34
162
36
31
139
736
703
7
294
27
108
1
11
2
698
22
622
15
144
217
20
268
445
234
769
806
269
738
5
1
35
33
5
110
190
736
23
17
8
9
16
20
196
51
28
15
22
9
29
18
155
326
11
152
15
18
17
52
589
26
59
258
469
20
30
19
12
34
16
11
19
82
1
20
14
4
60
40
107
46
35
10
245
17
36
1
192
14
124
333
22
9
36
20
17
38
40
699
28
6
31
22
20
5
72
264
470
9
25
6
91
195
12
10
29
28
16
1
26
25
28
2
4
19
33
80
22
101
30
379
26
18
30
21
10
21
14
65
26
665
9
16
155
258
19
27
22
43
12
16
88
293
17
12
20
30
13
18
22
23
25
29
178
362
22
37
34
42
46
23
31
104
8
11
179
856
474
34
553
755
19
607
488
39
34
6
2
7
483
6
12
1
2
18
8
8
10
4
7
3
1
5
26
44
33
6
13
93
84
24
6
14
5
3
4
2
5
17
27
454
321
1
3
4
13
51
28
1
2
4
7
3
17
12
24
136
9
11
451
29
31
32
1
18
3
2
25
39
16
1
10
37
127
45
104
3
2
34
5
42
47
11
12
25
14
17
16
117
41
4
44
12
24
1
23
26
5
48
22
21
224
38
55
113
200
119
43
24
46
12
201
5
365
423
7
532
6
76
18
32
41
29
31
12
19
30
9
14
15
256
378
22
45
46
657
8
4
36
11
9
38
51
30
93
1
7
150
12
2
109
52
48
389
12
34
3
33
107
37
18
101
68
32
15
4
6
3
50
7
7
9
4
131
66
3
107
65
30
849
133
31
553
462
132
232
478
282
2
107
53
81
692
146
62
44
1
3
2
6
14
77
46
71
46
15
31
47
1
29
23
44
21
40
54
28
433
21
74
3
16
22
17
53
114
60
58
3
27
222
71
10
155
128
355
65
37
50
21
47
45
8
1
55
57
70
39
51
58
9
305
62
116
802
112
100
6
133
305
15
20
212
1
15
59
56
301
52
46
66
314
270
350
442
51
14
30
22
8
23
54
20
66
171
51
19
17
68
13
9
64
68
33
36
380
45
278
30
45
44
4
46
326
11
288
5
36
65
6
51
80
23
329
211
87
129
32
515
180
324
37
223
28
140
30
33
118
13
44
91
22
14
1
37
58
22
3
4
2
14
51
51
47
27
29
24
1
25
31
5
48
2
23
52
21
26
22
6
18
466
342
3
84
160
42
835
3
287
865
285
333
4
38
3
679
793
69
68
685
173
66
319
327
309
13
1
396
13
1
213
210
10
3
269
359
15
25
76
33
45
31
55
4
28
1
19
18
43
72
6
207
248
8
256
35
2
43
42
665
654
26
97
485
77
1
23
558
17
21
99
34
73
33
3
25
49
379
25
50
4
28
30
5
2
23
19
1
7
87
4
1
59
8
4
20
54
25
488
32
9
18
64
3
360
424
64
55
50
121
319
4
43
3
49
2
45
32
33
7
42
46
42
2
14
8
31
22
1
24
40
1
30
2
10
3
4
25
5
6
11
10
46
8
1
585
46
24
18
27
1
6
26
6
4
528
352
90
183
324
27
2
3
24
5
2
1
19
38
31
490
49
284
79
2
24
187
3
14
274
177
47
173
218
32
26
97
294
175
383
23
1
24
32
3
321
20
41
11
3
19
32
33
12
74
54
5
34
62
23
11
288
12
24
4
14
24
2
3
25
29
4
28
33
1
23
6
18
28
437
408
33
1
8
291
32
312
29
22
3
25
26
22
33
2
4
62
91
55
70
46
29
1
5
327
25
78
9
6
20
3
35
27
2
28
24
36
379
27
26
19
31
8
29
23
17
6
26
38
7
16
22
10
21
18
20
3
4
4
11
40
19
33
7
2
2
8
16
29
7
74
26
5
15
29
1
14
9
11
36
33
24
15
2
9
28
181
1
25
2
29
27
25
7
24
8
309
381
9
14
823
117
103
39
20
1
28
5
424
23
13
14
30
1
45
47
11
86
665
94
12
29
7
13
3
2
382
35
301
18
7
39
286
3
182
36
253
1
211
56
257
248
8
10
6
22
65
73
83
14
82
34
9
1
24
20
15
9
58
45
43
198
39
40
67
215
27
235
308
39
8
45
6
14
28
5
46
12
457
31
3
11
22
17
33
1
502
8
33
1
23
792
215
7
345
78
968
49
26
23
7
27
3
609
27
44
43
4
42
22
4
24
295
302
44
37
4
397
436
117
363
36
151
26
22
556
653
5
355
25
35
137
535
367
398
47
29
28
31
21
53
27
26
46
48
117
42
30
4
35
94
34
133
48
206
1
208
52
5
8
6
49
4
214
21
43
27
407
9
19
10
46
47
40
42
33
41
28
42
27
15
35
44
30
23
60
22
56
32
27
3
50
14
202
59
52
60
658
53
10
5
155
6
4
8
14
330
41
13
11
29
1
49
33
196
38
30
9
50
349
27
24
25
32
22
26
6
17
47
61
388
57
44
311
254
270
310
599
172
309
13
15
102
51
168
416
480
1
51
47
651
239
80
135
174
255
85
195
365
164
12
109
18
51
43
24
46
7
6
26
29
41
25
36
11
30
50
729
103
26
3
7
31
4
40
33
8
7
2
11
75
9
29
7
2
8
1
4
51
3
35
2
300
357
51
367
52
62
241
30
3
4
61
354
238
16
66
58
346
10
264
18
46
161
40
24
544
183
4
15
1
8
1
114
21
159
23
21
14
226
548
276
12
6
9
16
10
50
8
37
33
45
69
34
13
4
35
20
21
47
12
23
24
25
9
21
35
21
566
2
25
22
150
3
40
8
16
95
29
40
6
17
29
43
582
36
144
3
1
202
6
2
3
8
13
10
5
31
701
53
233
345
30
32
7
27
5
17
18
2
13
20
20
14
177
23
5
19
1
17
19
37
21
34
23
18
9
24
66
13
22
348
24
183
30
107
259
21
17
16
468
18
27
83
15
17
29
16
21
5
372
504
11
7
126
272
300
180
7
3
280
60
175
58
6
2
43
314
41
42
34
27
131
104
845
89
11
13
8
187
317
208
152
221
10
5
22
31
29
236
64
60
19
64
16
32
38
6
9
50
13
44
45
3
32
26
35
50
491
185
454
85
8
38
11
33
14
60
53
46
34
13
40
1
2
323
335
69
1
54
18
19
16
26
20
21
2
62
3
51
5
86
56
106
55
53
46
5
60
601
20
216
22
5
28
27
3
2
27
1
350
4
21
3
26
1
25
2
18
319
357
1
21
2
3
10
4
5
6
22
1
25
38
9
3
33
2
16
608
7
16
34
44
14
7
39
1
40
29
22
23
49
38
25
35
505
17
5
8
18
7
3
13
9
68
8
12
8
7
6
5
11
12
26
33
17
359
7
14
4
35
14
11
8
21
30
9
10
17
5
19
8
7
5
1
539
10
499
7
43
20
22
41
43
12
11
15
1
90
12
14
94
588
15
17
1
26
17
5
12
27
19
11
4
29
29
14
25
3
25
80
63
8
44
5
6
12
56
2
20
29
68
67
52
56
1
58
2
57
17
1
58
23
55
43
167
1
2
3
1
2
1
8
24
3
50
117
150
5
42
8
45
1
39
11
44
41
38
44
10
16
219
44
1
270
22
9
4
2
19
18
19
20
4
42
23
18
17
20
39
23
13
12
5
36
31
34
33
41
58
34
2
27
25
30
21
33
36
16
1
7
1
11
5
3
22
52
51
16
7
14
20
10
15
3
6
1
29
6
3
20
38
39
54
65
41
65
1
19
217
63
23
65
38
1
39
60
37
38
59
39
56
24
2
22
54
40
24
27
32
15
8
32
6
7
24
17
22
33
23
2
1
22
6
21
1
5
20
34
1
5
32
22
2
21
7
