112
59
60
61
87
88
90
15
29
108
43
60
73
74
76
77
78
80
97
48
49
53
60
29
93
7
8
9
75
115
116
86
87
88
89
90
7
40
44
48
50
85
94
32
47
70
73
14
38
44
45
116
117
20
21
28
54
57
116
117
118
19
34
109
111
113
114
5
60
39
40
41
42
43
46
88
116
9
11
10
72
106
78
79
84
86
57
61
62
81
83
2
3
227
32
52
63
64
6
11
12
16
29
30
61
67
73
86
231
238
88
50
9
10
13
14
19
26
2
8
9
4
89
69
94
1
1
3
5
53
68
86
237
238
90
70
90
92
5
17
18
31
83
89
91
92
93
7
101
103
90
94
96
105
107
45
90
91
92
102
103
57
70
72
74
76
79
92
93
94
112
113
114
115
117
5
104
108
110
5
6
7
97
99
109
116
67
69
13
5
4
3
11
9
1
6
23
131
18
17
16
13
1
69
9
8
7
4
1
5
68
4
2
4
77
10
11
13
15
18
79
30
33
34
40
62
64
43
53
55
59
68
81
481
480
22
23
25
53
55
27
28
34
35
29
30
31
32
96
158
155
103
135
61
68
69
71
64
100
68
70
72
9
10
11
60
73
97
72
58
81
60
61
382
3
459
43
31
533
30
75
110
113
115
74
78
85
114
115
116
117
118
68
76
5
9
99
5
6
7
2
1
16
17
83
84
19
20
24
25
27
30
81
82
25
35
43
57
79
49
51
53
54
55
57
66
68
70
19
48
50
51
52
64
66
72
80
81
83
84
97
70
85
86
87
88
93
26
25
24
61
24
31
32
13
11
10
9
8
7
23
24
164
37
38
172
173
39
18
82
30
31
37
38
81
77
76
70
53
75
73
51
48
47
46
80
67
47
6
3
12
11
10
3
1
1
6
69
72
46
43
38
37
8
7
6
30
28
42
39
38
3
189
126
125
2
42
1
15
35
34
24
32
44
38
10
6
13
25
28
55
65
69
28
29
30
44
46
1
17
10
11
28
33
34
37
26
27
36
56
36
34
31
30
47
27
26
9
12
13
35
32
41
39
38
11
52
73
72
63
54
7
14
18
68
19
13
198
197
46
45
36
196
9
367
7
370
1
12
41
40
39
37
15
21
13
12
33
34
777
50
698
31
34
10
17
20
703
62
12
1
3
711
714
718
796
1
56
61
68
3
5
27
39
55
5
682
681
2
39
18
17
16
10
7
8
78
4
9
12
13
14
17
49
14
15
16
17
185
19
20
24
26
44
49
51
62
61
60
40
39
33
35
49
48
43
42
63
64
16
3
33
1
13
12
11
10
58
59
62
63
2
4
9
63
64
18
19
20
21
61
62
20
21
22
24
28
36
65
70
17
36
37
38
69
43
44
1050
1053
1054
75
31
21
22
28
31
33
35
37
38
1
101
49
52
55
57
100
52
7
4
51
311
64
65
70
71
73
1
13
12
11
1114
78
73
72
231
1143
1163
22
24
48
53
15
14
13
26
28
30
32
24
4
3
25
24
23
22
21
187
20
183
63
6
5
4
245
38
34
28
25
24
23
83
36
34
33
65
14
16
20
22
73
19
30
41
42
44
59
60
283
282
63
336
7
352
8
9
14
15
110
104
17
18
19
20
24
108
86
90
1
2
9
10
97
98
99
100
105
1
88
90
94
96
104
100
85
87
91
111
98
90
107
109
110
1
2
4
87
85
84
69
1
80
70
86
84
83
82
81
84
82
81
76
73
93
92
91
73
1
94
74
73
72
131
1
78
77
74
73
222
68
2
80
78
77
28
62
82
79
11
8
73
72
91
89
88
78
69
63
78
76
75
3
63
60
59
58
22
23
66
202
194
63
1
189
165
65
64
63
61
258
164
66
1
62
61
18
62
16
17
62
61
60
59
53
44
1
59
58
57
56
55
93
92
58
57
56
55
54
53
51
50
48
1
65
64
47
39
67
65
48
39
38
37
10
52
48
46
45
42
41
25
50
43
42
41
40
36
3
47
45
38
37
1
202
40
35
34
158
190
191
36
35
50
49
48
38
31
1
30
29
28
1
30
29
28
30
672
29
675
62
55
50
21
20
17
26
25
23
21
19
69
68
66
64
62
52
50
46
3
5
6
9
29
27
26
25
1
1
3
30
28
27
25
24
23
533
586
27
23
21
19
576
2
19
16
15
31
29
20
19
18
11
18
18
17
16
6
19
16
3
8
19
5
6
243
242
11
10
4
2
11
5
3
25
24
1
2
4
6
2
7
25
3
13
36
1
3
4
11
34
7
9
18
2
12
141
142
2
34
32
6
22
36
34
2
1
1
8
17
18
6
13
14
16
34
35
36
40
41
359
488
325
58
41
36
129
33
34
35
36
5
6
7
9
39
12
27
28
32
60
59
21
23
30
31
19
164
29
74
429
430
2
37
38
39
82
28
34
37
85
84
17
18
19
21
23
29
73
1
165
71
128
1
164
72
1
127
1
35
36
10
8
6
124
125
73
11
71
70
66
65
63
84
82
81
79
76
73
1
3
5
19
17
70
69
47
1
2
50
49
48
46
61
60
59
51
50
1
2
53
48
44
1
48
46
45
1
25
24
49
2
128
154
18
16
173
83
25
156
20
155
28
25
95
94
32
91
373
98
97
93
92
439
26
50
48
45
65
194
64
284
63
3
86
85
83
59
82
81
275
77
66
63
105
39
101
89
62
48
47
44
41
40
39
37
36
34
36
24
23
22
3
75
59
56
24
23
22
59
58
57
56
47
232
66
61
60
307
57
172
78
77
75
23
26
25
24
23
54
53
38
37
54
48
47
38
31
33
52
51
46
26
36
21
19
18
17
16
2
52
49
47
46
48
47
43
22
925
73
607
609
37
36
69
68
316
65
961
76
75
74
72
71
47
344
1
326
7
27
11
36
34
33
18
355
74
42
41
40
38
31
3
353
21
20
26
25
358
357
356
24
8
7
30
28
1
34
33
32
31
1
36
35
32
31
8
7
38
37
36
10
8
7
3
5
18
40
38
6
5
4
44
42
37
36
2
8
7
5
3
1
3
5
1
3
5
6
12
22
7
11
14
30
29
28
14
105
149
8
32
100
11
12
85
1
141
4
143
7
11
12
14
15
14
11
14
15
16
17
20
17
18
19
20
102
1
130
2
4
10
762
128
129
3
6
12
29
33
34
39
40
119
121
12
14
15
19
13
30
33
34
36
24
26
27
20
22
27
28
74
2
71
77
78
117
67
69
70
75
23
61
1
23
26
27
25
26
27
32
48
3
32
33
5
35
98
39
99
40
2
20
21
30
35
36
38
18
35
36
18
19
239
51
53
54
55
1
13
234
54
57
48
233
55
56
59
36
38
41
86
14
15
18
19
20
9
285
284
278
30
33
52
54
263
1
225
33
35
227
3
29
32
2
28
58
60
62
64
74
78
2
4
55
57
61
26
29
54
56
58
1
2
28
53
63
1
41
46
48
62
80
82
1
57
59
79
1
66
78
1
63
65
77
1
60
62
76
78
3
59
70
72
77
50
1
107
82
14
27
43
47
1
3
85
13
46
1
2
35
37
74
77
80
45
47
1
36
81
90
80
82
84
87
96
2
81
83
96
97
118
94
88
92
94
96
97
70
94
95
96
2
4
5
33
34
36
4
5
6
5
38
40
50
52
53
7
18
26
28
29
215
31
35
48
1
21
20
18
17
1
22
27
25
24
23
25
48
51
52
53
54
49
57
58
62
65
66
67
25
45
46
47
66
1
3
69
71
73
1311
2
3
1309
1310
1
70
74
16
15
14
16
73
1299
1306
45
44
38
20
21
48
49
50
54
71
65
1
26
27
30
709
698
24
29
30
31
708
10
23
26
27
8
7
6
2
54
75
50
51
74
682
52
76
75
71
685
2
75
74
71
68
67
64
3
5
11
73
71
70
2
17
76
75
18
11
28
27
26
25
76
20
1
83
74
72
68
74
73
70
69
1
59
211
53
52
60
57
213
212
27
24
23
22
14
1
75
54
53
52
82
81
80
77
76
34
33
53
52
51
49
193
52
51
48
176
46
39
7
18
241
17
39
2
66
71
23
22
46
28
25
24
23
25
32
33
35
7
450
451
452
82
79
75
1
39
35
34
33
32
30
36
31
34
30
29
27
1
29
28
27
588
47
46
38
28
590
589
93
92
91
90
89
88
85
84
1
83
81
743
442
443
82
719
3
40
42
10
12
37
42
40
6
7
1
25
64
62
58
56
54
5
70
63
55
53
1
3
39
36
53
49
47
44
42
40
37
28
26
24
669
680
42
39
37
34
31
23
22
20
77
75
58
24
23
19
17
15
16
15
14
9
17
16
58
57
56
54
53
58
57
49
47
46
45
47
44
43
42
41
40
22
24
41
40
30
29
22
24
26
38
36
9
1
42
39
34
32
4
37
35
34
33
28
27
24
17
2
79
29
26
25
24
31
30
84
41
21
18
17
3
5
14
22
20
2
9
11
18
7
26
94
22
146
12
7
6
1
16
29
27
26
16
13
58
36
29
18
15
13
2
15
14
12
66
65
64
14
5
10
9
8
4
6
1
5
3
2
3
6
6
2
4
18
15
14
2
20
22
26
28
7
11
25
29
20
24
29
33
34
27
28
30
31
32
29
30
31
32
96
95
92
2
4
93
92
91
95
93
92
91
9
11
97
96
94
89
88
20
19
5
42
40
38
173
32
165
1
83
80
79
2
95
84
81
74
77
76
75
86
83
81
72
59
58
57
67
66
63
62
65
64
55
48
46
341
89
63
61
59
58
43
41
39
38
93
90
1
74
67
66
228
231
120
49
48
45
43
41
181
111
309
75
74
72
71
69
68
1
75
72
54
73
72
57
79
71
70
68
67
66
4
67
62
32
31
1
2
55
53
94
59
58
56
100
59
57
55
54
52
51
50
70
67
66
36
1
46
45
38
8
43
40
39
1
38
37
35
34
89
38
37
36
33
1
2
3
31
30
24
1
31
30
29
1
31
32
29
27
1
49
48
31
25
24
4
51
49
48
26
28
25
24
21
1
32
30
919
29
922
33
32
918
20
19
17
10
9
8
8
18
14
13
12
11
9
7
6
4
9
5
3
5
5
7
9
17
20
13
11
10
9
18
24
23
22
14
17
18
4
20
25
27
28
33
2
8
9
16
28
4
14
16
17
24
26
13
16
17
131
12
13
14
15
100
20
38
41
92
32
33
1
2
30
31
1
23
25
31
1222
24
247
1218
238
28
56
55
30
28
27
26
7
4
984
6
7
1
66
65
7
1
70
68
66
6
1223
120
70
69
1251
5
2
3
31
37
1
35
36
37
38
1
30
35
36
1343
28
29
30
3
29
30
49
106
104
103
102
1143
634
126
125
124
105
633
51
52
53
62
2
10
43
44
45
46
62
27
28
46
41
50
68
67
65
64
63
69
64
58
57
56
55
75
74
73
72
71
68
1
2
63
60
47
43
42
1
10
43
42
36
65
64
37
38
37
36
34
33
32
31
30
31
32
67
37
25
28
30
32
36
72
23
24
37
33
32
125
1
3
33
32
76
74
73
72
71
70
102
178
69
182
3
22
70
69
178
189
32
20
19
27
28
56
35
1
102
101
100
59
2
101
99
97
160
50
49
31
59
30
2
53
52
1
2
65
61
58
55
1
63
62
443
35
57
58
1
99
98
97
96
101
190
100
61
60
13
61
59
15
14
11
76
75
62
60
52
1
59
57
31
29
28
1
58
29
28
21
30
29
26
115
67
19
18
16
122
119
118
117
122
120
119
116
115
154
156
264
84
75
3
4
5
84
78
75
74
85
84
83
82
81
80
76
2
77
76
2
3
81
80
79
71
69
61
80
78
77
73
71
69
1
83
65
64
66
64
63
54
52
50
48
41
54
52
48
47
49
48
46
42
114
110
109
178
62
60
58
54
52
39
36
43
40
34
44
35
32
31
18
33
19
18
17
14
2
45
27
26
114
133
51
45
43
35
31
29
28
65
61
13
12
10
2
12
11
8
10
9
2
77
76
26
25
24
140
4
136
86
80
3
133
132
4
82
81
78
2
92
91
90
89
2
3
1
8
9
12
13
14
15
11
12
13
2
4
7
8
9
26
44
3
5
6
1
3
22
1
2
3
2
1
1
4
51
627
1
3
47
48
50
1
2
45
46
2
3
4
44
1
4
5
19
1
3
37
40
47
2
34
15
3
13
14
1
2
10
12
1
2
10
1
1
149
144
70
2
1
2
3
4
1
1
3
10
1
2
3
2
1
5
7
1
4
1
2
3
6
1
5
66
65
66
2
3
5
1
7
140
10
9
1
2
56
61
1
2
11
12
54
55
1
6
9
14
133
5
6
154
155
130
2
5
22
132
2
3
1
1
2
135
15
1
136
3
4
3
11
12
13
1
2
8
150
1
149
1
2
3
4
5
8
1
2
1
5
23
24
25
24
3
6
131
1
5
1
4
18
3
18
1
352
2
1
4
354
125
4
1
1
2
8
1
2
1
2
80
1
78
2
77
1
17
1
6
1
4
5
1
1
1
10
9
1
2
1
6
7
1
2
1
2
1
2
31
802
576
1
4
5
4
8
9
1
2
7
5
1
3
10
20
18
19
6
7
10
11
1
7
1
1
3
4
1
2
239
47
1
5
1
1
5
7
8
1
4
7
1
3
1
2
192
1
9
743
747
191
1
2
8
1
4
5
7
1
2
3
1
1
1
2
2
702
707
759
771
3
5
703
704
738
1
19
33
35
2
2
5
52
2
3
1
6
10
5
46
47
3
7
11
13
31
32
36
4
33
39
41
6
2
4
14
2
5
12
20
2
5
23
25
27
22
20
13
3
7
19
22
15
16
18
2
4
552
551
12
2
10
12
1
2
32
1
2
563
1
1
1
4
24
3
21
23
1
2
11
557
567
10
18
2
10
2
4
8
2
2
55
47
57
56
562
555
1
2
5
7
1
7
1
3
28
379
501
502
1
2
77
29
1
67
68
76
2
1
5
6
64
65
4
1
7
8
1
1
56
58
1
3
28
2
12
14
1
13
2
10
12
2
8
2
6
1
1
3
2
8
11
2
192
190
6
9
1
2
1
196
3
7
2
1
2
59
63
2
5
16
1
2
67
2
10
1
6
8
53
3
5
55
54
2
63
60
59
58
2
1
5
8
1
3
4
126
2
198
73
72
71
1
34
3
1
2
31
1
3
30
1
2
1
2
3
27
1
1
2
6
8
24
2
4
14
21
22
2
6
12
2
4
1
2
4
5
6
1
2
109
1
3
1
2
295
111
297
1
2
4
293
294
2
7
1
3
289
2
10
1
2
7
1
2
1
5
4
1
1
5
7
4
90
88
1
102
101
92
91
10
102
2
1
5
6
1
2
4
103
1
2
3
113
114
105
1
4
6
117
115
113
1
3
2
112
1
2
119
117
114
113
1
114
121
630
121
3
4
122
129
509
5
124
125
2
7
514
3
5
1
2
10
1
628
8
521
629
7
66
540
89
90
106
107
2
3
5
6
64
1
2
3
21
20
60
61
9
17
18
19
1
2
1
2
3
1
1
3
1
2
1
9
8
1
2
3
1
1
1
22
1
21
1
2
5
8
19
20
1
2
3
4
1
1
34
35
2
3
32
33
1
29
30
31
1
2
11
1
4
6
9
1
2
3
1
892
41
24
1
3
680
4
35
36
1
2
64
676
1
2
63
251
1
2
246
2
3
4
8
250
55
61
1
2
16
53
54
1
13
14
15
248
258
12
1
10
5
9
4
1
2
1
2
3
1
247
246
258
259
2
10
1
248
90
1
4
1
2
3
347
1
348
1
3
1
2
7
8
1
2
3
6
1
1
1
3
2
12
14
1
2
3
4
5
1
10
1
1
1
1
4
5
6
11
2
3
1
9
10
14
7
9
1
2
1
2
5
1
1
2
3
1
5
1
4
2
5
8
4
1
1
2
3
2
3
1
4
5
11
618
3
1
2
14
1
4
6
12
13
1
3
2
6
2
4
2
6
2
21
719
629
1
16
17
19
3
7
15
1
3
4
1
1
6
1
3
4
5
1
2
8
1
4
6
7
1
3
1
739
2
710
740
29
30
31
35
1
2
5
719
718
712
4
5
740
720
1
2
3
1
1
2
1
746
745
741
740
1
2
5
1
20
1
3
17
19
1
2
16
1
7
16
1
6
1
5
90
1
2
3
4
89
1
88
1
4
5
1
3
10
1
4
5
6
8
1
3
7
2
72
2
31
32
68
69
1
68
70
67
1
2
1
2
3
4
1
1
2
3
6
2
3
21
1
2
3
4
1
1
18
1
3
6
7
16
17
1
6
5
1
3
4
1
2
933
3
5
928
19
18
17
9
10
1
2
7
1
2
3
5
6
1
39
909
40
1
2
15
1
12
14
1
2
4
1
1
1
2
1
2
3
4
6
36
1
2
3
15
2
32
1
3
13
15
17
1
2
1
2
14
333
1
1
27
23
22
333
1
4
28
1
12
329
3
5
7
9
11
1
3
29
1
2
31
1
119
32
332
120
2
65
452
2
8
68
67
2
2
1
2
8
76
43
44
137
77
3
6
42
1
3
39
2
28
29
36
37
38
1
2
4
10
1
2
1
1
6
10
12
1
11
2
2
4
2
10
12
13
2
8
4
6
2
11
21
107
233
2
1
2
1
5
6
1
3
4
1
2
1
3
4
1
2
1
1
2
10
1
2
3
8
7
8
139
1
144
3
1
2
5
1
1
2
3
1
141
1
1
143
2
45
44
142
2
4
47
1
2
94
92
1
2
93
49
1
96
1
1
2
7
1
3
6
1
2
1
134
128
6
1
4
5
1
2
3
1
119
118
107
1
1
126
1
127
122
128
2
3
6
1
2
3
4
5
1
1
4
11
2
3
1
2
28
106
752
1
24
26
2
4
6
23
2
17
20
21
2
7
18
2
4
2
3
43
44
1
9
11
1
3
7
8
40
2
6
17
15
25
26
36
37
1
3
11
2
1
2
1
3
5
2
54
134
2
1
1
10
1
4
6
7
9
11
1
3
1
2
44
46
1
43
48
50
1
35
36
38
1
4
30
33
34
3
4
27
29
1
2
1
3
2
22
23
5
1
3
4
18
287
20
21
1
2
17
1
4
8
15
1
2
3
1
16
1
1
4
1
3
1
2
1
4
3
7
1
4
6
1
5
4
60
1
59
1
59
387
3
328
1
328
305
331
329
2
1
4
5
84
85
86
1
2
3
20
23
1
9
16
17
19
22
1
2
4
8
1
1
79
72
73
78
4
2
44
45
70
1
5
39
41
44
1
2
4
10
43
8
9
1
2
6
7
8
1
2
3
36
34
1
25
32
34
1
23
24
1
22
1
6
1
3
1
2
3
24
1
3
20
21
19
21
1
18
1
2
11
9
2
3
5
188
2
5
9
2
1
3
4
195
2
50
858
2
4
25
2
127
16
120
1
315
1
7
2
5
41
2
3
39
56
54
2
4
53
55
2
14
12
51
137
136
2
2
4
2
8
10
2
9
13
2
7
2
5
1
3
1
4
2
6
4
2
4
2
20
12
10
14
10
2
3
32
35
33
7
9
11
2
15
73
72
10
12
185
11
12
194
4
180
9
2
188
184
1
3
2
2
5
6
24
1
3
4
1
23
1
22
1
182
2
4
89
88
1
184
465
94
1
4
680
649
3
4
679
5
2
14
1
2
4
12
13
1
12
1
678
2
674
1
3
32
31
677
2
18
92
1
675
674
10
15
676
1
8
7
1
2
3
4
1
44
682
683
1
33
43
1
30
32
1
5
1
2
3
4
5
1
2
1
1
4
20
19
20
1
2
8
18
1
3
7
16
1
1
3
4
2
5
1
1
1
3
4
1
2
1
15
1
4
14
1
2
3
6
9
13
1
4
5
1
2
3
1
1
2
3
6
3
5
1
10
640
2
3
1242
646
9
648
602
603
4
5
6
1
2
3
4
7
1
2
4
3
281
1
280
948
1
1227
1228
1226
1
2
4
6
7
1
1
2
1
1
2
1
1
1
3
1
2
1
2
3
4
599
1
1
1
606
603
1
3
8
7
8
16
1
2
3
6
1
5
1
2
3
639
1
2
4
5
1
1
2
1
8
1
2
4
7
1
2
1
2
1
110
1
3
113
111
1
2
1
2
3
4
1
1
1
125
4
5
6
2
4
759
760
19
20
1
2
11
1
2
3
1
2
1
55
56
1
3
6
7
8
9
1
2
4
1
2
21
1
11
19
1
8
10
12
1
4
7
1
2
3
1
738
1
3
1
2
1242
1244
1245
1
6
1241
4
5
1
2
8
1
3
7
1
2
158
160
156
1
3
4
1374
2
50
1373
1
2
3
41
49
1
48
1
1
5
158
1
2
3
4
36
35
36
1
6
13
34
1
2
3
5
152
153
1
5
1
3
4
1
2
1
1
2
4
14
16
17
20
1
3
4
12
13
2
227
160
1
1
4
161
1
2
3
11
2
10
7
9
374
2
3
8
157
382
225
1
3
5
6
74
13
1
12
11
12
369
71
1
1
60
67
2
3
280
1
3
4
6
8
1
2
7
1
277
1
1
2
1
543
534
1
2
8
1
2
7
4
5
1
3
1
1
10
1
8
9
2
4
7
1
2
1
559
1
2
8
9
1
2
1
6
1
5
1
1
1
13
4
7
9
12
1
4
3
1
5
4
2
5
19
21
23
16
1
2
736
729
1
2
739
737
1
46
741
677
44
45
2
4
6
64
4
7
11
2
60
7
4
2
2
10
2
8
2
4
6
2
18
35
37
2
4
16
2
3
5
2
2
13
11
19
3
8
10
12
14
3
5
2
2
708
2
2
7
1
5
2
2
3
1
683
5
7
11
1
2
3
23
22
1
13
21
1
10
2
4
9
2
4
2
5
3
2
3
5
6
4
1
2
4
3
5
8
1
2
1
2
73
78
1
67
69
71
2
3
1
4
5
62
63
1
3
1
2
1
3
10
1
2
51
57
2
5
1
3
22
2
21
23
1
7
1
3
5
1
2
1
2
1
4
5
7
9
13
1
2
4
8
7
1
2
1
2
3
2
4
1
7
6
4
2
62
61
3
14
2
2
140
135
1
2
5
19
14
70
1
21
20
19
50
49
22
1
2
3
5
53
52
1
54
1
8
1
6
7
4
5
63
61
57
1
2
64
22
24
1
66
134
1
145
168
133
3
5
1
2
5
3
6
1
3
4
23
24
3
23
14
16
17
18
20
1
2
4
2
2
10
5
4
155
152
118
2
3
159
152
1
2
3
7
1
5
2
4
27
34
2
4
2
4
153
8
20
18
149
151
4
2
1
2
12
8
10
2
14
97
12
13
111
110
107
2
4
2
1
2
4
1
2
1
7
2
4
5
6
1
1
3
123
122
1
2
127
129
128
1
1
2
3
6
34
181
174
854
1
4
5
1
3
1
2
28
1
2
4
5
1
25
26
2
23
24
1
11
12
21
1
4
11
1
3
2
2
7
2
4
5
2
1
4
1
3
4
5
6
1
3
1
26
28
1
8
9
1
4
5
7
2
3
1
1
1
1
2
215
1
5
277
216
1
4
1
2
3
14
1
6
12
13
1
2
5
1
282
283
282
2
3
5
1
60
61
284
53
58
59
1
4
282
5
230
3
231
1
2
5
6
1
2
3
1
1
287
51
52
286
287
11
49
50
1
1
276
1
3
4
16
1
2
1
5
4
12
2
1
5
1
4
3
8
1
3
5
7
9
1
2
6
1
5
2
1
2
82
1
84
384
381
1
300
2
1
4
302
2
3
21
1
2
1
15
1
14
1
4
12
13
297
2
3
295
1
6
8
5
1
3
25
33
34
2
14
23
24
1
3
11
12
2
1
8
7
2
1
2
9
2
4
6
7
1
1
2
70
72
73
1
2
1
5
68
1
2
3
4
1
1
8
1
1
63
1
62
63
18
19
20
25
1
15
16
17
1
2
1
1
4
5
1
3
9
8
1
2
3
5
7
1
6
1
1
2
1
7
2
1
2
3
1
2
5
950
951
964
1028
3
1
3
11
13
7
950
951
953
1
2
1
1
2
3
1
33
1
32
943
1010
3
5
67
1
2
8
1
4
7
2
3
1
42
43
57
58
60
1
58
59
62
1
3
4
5
1
2
2
1
2
1
7
9
64
1
2
1
31
29
30
1
13
14
15
28
10
13
2
8
2
4
6
55
2
4
45
48
3
1
2
4
13
2
6
8
4
35
37
2
19
177
178
31
34
17
32
33
2
3
7
8
1
5
20
1
3
4
5
7
1
2
1
1
15
1
2
1
4
3
1
3
118
120
8
2
7
2
1
114
141
4
6
8
15
22
21
27
18
2
7
9
2
6
4
16
1
60
59
2
4
7
2
5
8
11
70
3
72
3
3
6
132
133
3
81
126
93
84
83
2
4
267
265
2
8
9
15
18
19
36
271
1
2
8
6
7
1
2
5
1
3
4
1
3
4
1
3
1246
4
1
2
1
1
1
4
1242
10
2
8
9
1
6
1246
6
1
2
6
11
1
1
9
8
17
18
19
1
3
1
4
5
1
3
1
2
55
1
2
3
5
1
1
9
8
1
2
3
2
1
103
100
99
104
1
9
1
5
6
8
1
3
4
2
1
2
1
1
1
2
509
2
511
510
115
114
115
513
634
124
123
117
1
121
118
1
119
1
126
122
4
511
9
1
7
502
1
1
17
1
2
3
15
16
1
5
14
1
2
1
1
3
8
7
1
4
5
1
3
30
27
28
29
3
7
8
14
16
18
19
1
2
17
1
2
4
15
1
1
2
1
2
3
10
1
8
1
2
4
7
1
2
407
408
1
4
5
3
1
5
6
1
18
1
16
17
1
15
162
158
14
1
168
175
3
4
167
3
4
1
7
1
6
1
1
3
2
1
3
4
1
4
5
172
1
2
3
4
1
1
1
176
1
4
1
1
2
4
1
1
2
1
3
172
1
2
76
171
1
4
75
15
1
1
2
55
1
249
259
49
53
1
2
110
1
4
5
107
108
109
3
7
11
10
1
3
4
99
103
1
48
97
98
1
3
45
47
2
3
4
1
2
1
42
2
90
1
90
89
92
3
1
1
2
3
7
1
1
1
4
2
3
9
1
8
7
6
26
2
5
14
17
25
12
15
20
2
7
37
5
35
1
8
11
23
24
10
13
3
2
3
1
48
2
47
2
4
8
40
41
44
2
4
28
37
1
2
24
1
2
3
11
23
1
7
9
13
4
1
3
2
4
6
2
4
6
11
4
5
6
9
2
1
1
2
8
12
1
2
3
1
5
6
1
4
3
1
4
2
3
7
19
2
5
13
17
16
226
2
3
5
10
11
1
3
4
1
5
4
3
1
2
1
4
1
3
1
2
4
1
2
346
343
348
1
3
9
1
2
6
1
5
1
345
1
1
5
4
1
3
8
1
1
95
1
4
5
1
3
2
91
6
1
4
1
2
8
1
4
7
53
83
1
47
52
57
1
46
51
45
49
5
8
12
46
1
2
4
3
44
46
1
2
4
2
3
12
2
7
41
1
6
8
10
5
2
4
38
2
4
17
36
2
2
13
4
2
7
9
5
2
9
12
2
3
9
13
16
3
6
3
19
14
16
1
3
13
1
2
1
3
4
2
1
2
1
1
4
5
1
3
1
2
140
130
116
1
2
3
8
141
1
1
5
1
146
4
150
1
3
7
149
6
10
1
2
3
4
5
1
4
1
1
2
4
3
1
2
4
5
1
2
17
14
15
1
2
2
9
6
7
20
10
1
8
1
4
140
135
1
2
3
5
9
2
7
8
7
2
5
1
137
2
1
135
136
130
1
2
6
1
2
1
1
1
