38
368
11
19
92
103
12
119
123
76
86
104
110
91
92
93
117
45
58
60
62
63
4
8
116
25
31
99
101
102
103
104
109
46
87
90
92
96
98
120
7
113
272
1
273
274
2
32
4
104
36
37
41
58
59
8
63
249
250
232
44
49
94
128
20
115
123
176
5
46
47
48
49
14
15
16
62
627
63
67
57
70
71
72
73
80
8
53
58
953
905
94
125
73
76
79
80
4
106
24
26
27
32
42
10
373
375
11
35
24
30
32
64
68
107
108
109
125
32
33
45
46
127
650
109
651
86
87
88
90
97
123
72
87
36
71
91
92
112
113
114
45
46
47
16
46
53
54
56
58
60
121
16
37
38
77
78
79
122
8
203
11
12
21
22
23
24
7
8
32
108
2701
71
2
9
10
2777
34
35
36
40
50
54
56
67
68
69
70
18
35
32
30
19
33
41
44
47
53
60
11
17
59
60
93
94
100
103
105
106
461
1
66
70
104
105
111
113
115
64
65
54
55
65
67
68
69
72
57
60
71
173
50
34
32
33
34
35
36
17
402
18
26
344
55
334
340
118
119
120
121
11
53
64
67
68
70
2
11
12
34
44
45
1
6
9
25
26
35
79
23
34
38
71
72
78
22
37
69
4
277
276
78
24
20
19
18
17
110
33
110
39
40
109
108
49
104
116
106
107
108
6
7
120
47
48
50
51
52
55
58
11
111
113
114
38
41
42
109
114
31
34
36
37
7
60
1
924
925
93
109
9
10
321
68
51
25
26
27
106
117
14
15
16
61
62
63
118
119
66
81
84
62
64
66
67
68
69
101
4
5
66
67
69
121
77
83
84
70
73
76
91
94
99
47
57
61
63
12
5
9
9
46
47
50
62
17
8
13
14
16
17
27
28
5
18
19
22
23
38
1
71
21
31
160
147
34
20
30
31
28
26
18
17
36
50
52
120
121
7
10
12
242
21
22
23
204
24
41
33
29
28
27
26
25
2
73
74
51
56
58
64
56
58
60
62
67
17
203
6
10
12
4
52
63
112
25
31
55
56
57
69
71
57
58
59
60
68
38
40
44
71
80
83
88
50
52
25
27
29
30
36
63
937
109
940
1
4
5
444
475
33
34
61
59
60
104
105
107
108
109
8
9
737
16
686
80
621
622
756
757
81
82
84
103
104
105
48
670
668
51
109
59
61
64
71
73
20
82
85
86
87
58
61
62
110
111
113
16
17
19
87
88
89
104
105
110
744
55
37
64
17
55
18
16
19
47
48
85
88
89
91
92
1
6
17
48
49
50
51
5
15
48
40
33
23
28
39
23
2
24
22
18
17
16
6
128
27
30
31
44
32
106
107
158
110
306
234
267
4
27
1
19
98
100
101
24
97
4
81
82
83
84
85
73
74
79
80
727
728
45
16
72
114
41
42
43
36
1
1918
92
1973
1971
2164
18
20
112
8
10
58
61
64
91
2165
2087
15
3027
60
62
63
75
86
92
11
21
22
23
29
32
34
37
39
90
176
23
195
25
34
255
106
107
22
83
89
218
110
58
233
37
227
29
30
31
79
80
82
97
267
5
2801
3
268
33
45
76
77
80
69
79
86
46
47
20
42
236
43
45
47
78
39
43
45
51
53
58
35
36
41
52
54
64
53
67
69
71
1
34
52
53
28
24
78
24
25
26
29
30
31
33
9
10
34
31
29
26
25
56
55
38
37
2
43
41
322
8
294
7
67
68
64
63
61
47
43
296
7
279
52
19
17
16
15
1
52
38
39
40
41
42
46
48
16
36
38
39
1
49
18
19
20
2
1
2
13
14
13
18
19
20
5
6
54
55
45
21
23
25
26
27
39
44
45
46
53
54
56
37
39
40
41
42
55
40
64
38
45
108
9
8
50
51
66
67
70
16
15
31
47
52
19
29
32
33
34
1
47
48
108
50
48
107
111
389
73
74
473
284
78
63
64
93
11
12
15
2
52
53
77
81
83
85
4
3
22
42
81
82
83
84
88
29
8
5
1
6
8
95
213
22
215
216
32
33
220
11
13
14
16
24
23
22
21
8
6
28
26
66
21
15
32
33
34
45
6
37
35
33
2325
10
19
24
27
1257
6
62
63
68
39
223
51
50
49
48
46
45
11
23
8
7
6
2135
12
11
279
271
3
2
49
23
22
21
47
70
25
9
10
20
69
47
11
23
24
25
26
4
453
6
5
364
32
12
2
26
41
37
34
32
28
24
43
35
25
87
110
111
16
18
55
54
52
51
2
1
73
169
27
26
21
101
3
16
18
19
39
41
14
40
41
42
43
11
12
533
27
445
441
533
80
82
90
499
62
63
64
65
68
82
54
56
58
60
61
63
21
22
75
78
79
120
121
34
35
87
88
89
18
34
35
37
18
21
76
78
84
87
1
22
94
96
97
98
92
93
97
100
101
364
102
1
13
52
64
66
67
50
51
61
63
74
61
62
63
71
195
198
24
57
78
81
82
83
11
12
13
18
19
41
43
52
13
22
23
24
53
81
19
21
73
76
77
21
19
17
15
14
13
64
65
66
68
20
19
18
12
26
28
74
73
71
70
27
71
63
61
59
29
30
51
46
45
15
41
42
44
38
25
23
6
16
17
12
60
726
43
42
9
7
14
748
11
10
9
749
33
27
26
25
24
23
76
70
69
67
38
2
16
27
29
21
22
20
18
27
14
14
12
11
10
9
2913
2
3
911
910
909
4
25
26
35
103
104
2019
10
11
13
2
104
21
22
24
97
102
19
25
27
28
99
100
21
22
41
42
105
46
47
48
49
107
63
74
114
115
118
107
109
60
115
116
63
218
216
215
12
80
81
110
44
47
50
53
112
115
116
63
65
86
96
97
98
117
118
119
82
118
76
77
79
80
90
84
8
10
11
16
17
63
33
34
36
39
128
3
134
5
6
7
8
572
3
4
5
634
7
9
80
38
44
173
71
65
69
50
47
2
42
54
44
816
38
24
73
72
71
70
357
413
24
23
21
14
28
27
26
25
24
16
32
30
29
25
110
111
112
52
53
6
106
45
997
51
999
52
62
113
115
55
73
76
75
19
18
17
14
30
118
206
41
40
4
2
25
24
23
8
26
27
23
10
26
11
10
9
1
90
13
52
59
96
97
24
25
89
55
56
58
584
608
613
43
44
45
90
91
65
66
67
68
97
107
44
45
19
20
29
97
4
96
95
74
75
76
101
23
24
25
33
38
118
15
72
73
74
111
112
72
76
77
115
116
27
28
29
103
111
20
22
25
34
41
42
43
41
50
51
54
110
48
51
53
62
114
63
66
67
68
71
75
115
53
56
90
92
16
38
2
15
82
79
64
63
13
16
84
83
38
68
61
42
2
76
75
74
72
9
12
29
75
74
7
4
11
13
71
69
24
69
68
67
64
14
3
9
11
59
56
47
58
51
8
50
49
47
103
99
54
50
35
2
11
82
72
71
69
71
68
70
55
54
2
53
49
48
46
38
51
50
47
44
38
218
37
4
75
71
70
69
66
1
3
245
84
81
37
35
218
217
6
23
86
81
79
78
74
73
2
83
82
88
87
86
85
134
250
91
90
38
1
14
12
11
8
68
66
12
9
73
70
69
8
73
70
69
68
80
74
73
85
84
66
63
61
1
772
771
1
20
1
54
53
52
19
55
54
37
17
56
45
44
42
38
43
42
38
34
12
219
186
11
1
34
33
230
38
36
35
34
31
27
25
34
30
28
26
23
22
18
17
115
24
22
20
116
26
23
96
20
1
104
28
26
22
33
31
29
10
2
6
16
11
10
4
15
13
13
17
2
14
10
9
8
16
11
9
7
9
10
9
46
47
50
51
52
19
14
12
11
3
52
54
10
8
23
24
45
46
3
1
3
5
21
2
24
35
39
43
11
17
18
21
22
41
1
11
13
42
48
10
47
48
49
33
35
36
42
2
43
44
45
48
49
6
43
44
47
35
36
39
4
40
41
44
45
47
51
37
38
45
37
41
42
44
46
48
1
2
22
23
24
14
183
22
24
17
16
15
20
27
26
2
64
31
32
33
35
53
44
29
29
35
31
28
8
27
29
30
32
1
170
171
22
23
24
169
21
34
36
37
38
179
145
11
12
142
39
40
2
39
43
1
2
6
32
41
1
2
28
29
30
31
32
41
1
4
26
44
19
21
25
26
1
1000
41
43
46
395
40
402
46
396
35
38
39
42
43
44
45
31
410
32
45
22
44
45
61
1
42
43
44
45
558
41
497
42
47
496
2
5
3
1
42
2
10
7
1
12
3
1
106
19
13
11
10
1
2
604
66
609
27
43
44
171
172
45
2
3
603
605
62
65
64
605
607
1
54
58
61
62
63
67
57
58
59
1
67
71
74
75
2
74
79
61
62
63
66
9
70
77
78
79
75
81
84
160
87
88
78
80
81
82
83
1
32
33
42
45
44
20
21
30
31
45
44
84
85
86
88
89
70
72
87
1
37
39
40
68
36
37
39
107
106
44
53
54
55
21
31
32
86
87
89
43
44
45
49
51
2
49
52
53
54
55
60
61
1
707
55
56
680
57
605
606
14
6
5
4
3
53
682
681
56
57
59
64
2
7
8
61
62
63
1
42
55
56
59
61
57
58
59
60
1
33
48
47
37
73
32
34
72
146
5
62
74
75
165
169
1
2
55
58
59
60
1
54
3
5
30
34
36
45
55
56
40
41
40
38
33
31
48
49
55
51
1
2
39
41
42
1
2
20
22
40
21
23
25
27
12
18
38
40
42
2
11
13
48
43
41
40
2254
112
113
48
39
67
12
41
39
28
188
71
70
9
11
13
19
20
69
70
71
72
73
1
18
47
44
1
2
5
13
14
16
17
45
1
15
1
2
11
14
1
4
6
9
3
12
50
51
50
49
102
101
100
64
63
62
60
59
58
1
2710
2712
79
78
76
69
61
2776
2711
96
80
78
41
65
63
61
50
2872
99
2723
98
2725
97
93
17
88
86
39
34
31
30
99
98
97
96
95
88
88
86
72
71
34
1
2
79
78
77
3
78
77
76
73
111
110
84
83
82
81
80
7
69
29
30
68
60
58
48
76
128
118
20
80
58
61
70
117
116
70
69
65
62
61
1
26
24
19
65
27
22
20
1
3
78
62
61
59
48
1
79
77
64
49
78
77
76
65
62
59
56
55
54
51
87
86
81
79
78
816
781
60
58
56
8
85
83
80
2210
2933
2925
104
103
101
61
57
48
687
42
64
62
61
60
680
102
100
73
78
60
58
2
108
103
102
101
53
52
246
51
81
113
111
82
83
108
111
110
109
104
76
74
73
1
3
80
76
74
70
81
71
2
88
87
85
71
69
78
77
76
75
73
87
85
73
72
1
93
91
89
52
2952
94
93
2941
53
2932
107
106
105
47
62
61
48
200
188
44
60
55
53
52
51
50
49
78
77
76
74
73
2
74
70
60
59
67
45
44
77
76
72
70
44
42
41
32
29
44
43
42
41
40
43
40
38
36
34
105
106
65
1
8
11
12
14
15
13
14
15
17
18
19
42
27
23
22
20
4
325
2
273
3
4
21
169
31
67
7
6
1
2
67
64
49
48
47
10
9
65
63
62
50
52
50
49
1
2
92
91
89
80
2913
91
90
83
81
94
93
56
46
44
106
105
104
103
112
111
104
39
38
7
7
44
53
54
332
10
155
25
24
158
157
28
23
12
196
330
34
27
23
22
1
25
16
200
15
18
17
21
17
16
15
1
36
35
22
3
1
1
3
35
33
32
21
19
30
37
2
133
9
10
11
12
20
20
24
25
26
26
23
19
18
21
75
74
72
22
76
73
72
69
19
16
15
14
5
2
7
278
280
6
5
19
8
1
2
8
53
54
55
27
26
25
24
12
10
7
5
52
2
3
1
31
35
8
5
3
29
2
1
5
7
23
3
5
7
9
4
15
20
21
24
8
528
10
16
17
2
5
21
22
17
19
20
2
12
13
15
11
13
15
19
21
22
1
22
23
131
129
127
548
9
18
20
21
22
130
14
165
166
15
17
18
1
2
53
52
51
1
2
63
146
61
52
62
55
57
53
40
28
27
23
20
10
30
148
147
54
60
63
44
43
42
40
41
40
39
38
12
22
23
24
25
28
23
24
25
33
34
79
67
65
63
61
50
35
39
40
682
4
41
42
43
45
46
82
82
79
72
68
3
14
16
20
1
1
4
20
5
54
55
56
57
2
4
6
22
51
4
12
45
48
52
53
2
18
19
17
44
15
16
18
40
42
2
4
17
46
15
253
251
31
44
228
33
41
42
4
38
40
279
255
3
34
35
244
34
28
33
34
35
29
31
32
33
33
35
95
96
97
1
33
36
91
35
38
90
92
15
36
38
39
40
41
42
43
45
46
47
396
75
77
1
41
42
43
10
12
14
36
39
40
42
1
10
18
19
20
30
19
20
21
22
23
29
12
16
1
2
3
29
43
45
52
28
39
42
1
42
43
44
38
39
40
41
67
69
5
6
8
9
11
57
61
62
63
64
65
67
1
19
20
21
25
107
24
27
106
1
57
145
154
58
59
60
1
2
57
58
30
32
34
35
21
35
37
38
48
114
108
37
47
48
1
6
151
56
106
1
56
105
2
55
104
105
106
64
66
67
68
70
100
103
104
95
96
97
100
101
103
65
95
96
97
99
80
83
86
87
95
1
104
252
11
75
85
87
145
185
740
74
76
86
41
44
1
2
41
42
43
64
1
60
61
62
63
105
1
80
83
146
104
3
41
19
42
58
59
79
81
85
86
43
44
46
49
86
106
47
48
51
86
3
39
48
51
53
55
47
48
67
68
82
46
61
62
63
45
51
52
53
62
74
75
76
82
83
84
28
30
66
67
71
305
303
60
61
62
64
65
67
69
71
1
43
76
1
42
77
78
91
37
75
76
89
90
93
509
84
86
102
455
28
462
105
55
56
73
89
90
91
92
97
98
103
16
94
95
96
1
14
16
95
13
91
93
94
522
6
523
100
101
102
1
613
615
618
50
12
48
49
51
65
97
46
611
54
44
51
52
53
54
55
56
57
31
34
35
8
61
62
63
50
46
55
56
57
58
59
28
31
62
64
65
66
1
67
68
69
70
60
67
69
75
76
77
97
99
1195
1194
26
22
21
799
34
35
37
798
39
20
107
110
2082
2079
787
786
1
79
80
82
75
77
78
81
82
45
47
913
912
86
87
53
55
85
85
86
87
88
90
91
88
92
75
113
115
70
46
47
53
66
45
47
48
49
90
91
92
107
112
113
1
39
43
44
64
68
70
66
67
68
69
1
3
75
77
2
57
76
30
48
49
50
51
52
61
98
99
55
56
57
61
72
35
36
40
42
10
11
2113
90
92
102
1
52
82
83
51
52
71
79
80
81
27
17
69
75
76
77
57
66
67
69
70
1
229
351
352
72
73
22
21
228
229
230
72
31
30
29
28
23
22
32
30
29
28
27
10
9
8
7
3
37
8
7
5
31
32
36
1
2
32
28
1
2
33
40
80
1
37
30
29
27
20
13
14
29
36
38
82
90
91
92
2124
2122
90
91
2102
69
70
72
73
74
82
1
71
74
75
35
41
70
74
76
77
2
68
76
77
78
79
2
51
48
76
77
49
1
53
16
51
48
780
1
15
49
48
45
815
83
91
92
795
35
34
49
46
44
59
60
55
48
1227
1228
1
3
34
33
32
31
29
28
20
1
30
29
26
31
28
27
23
32
24
23
1
725
728
732
40
39
38
2004
2006
18
792
40
87
791
88
89
1
15
14
70
71
83
85
69
75
80
82
64
66
67
69
70
72
47
48
49
67
71
73
35
1
24
50
52
54
22
23
49
55
57
57
23
24
25
14
15
16
18
25
67
62
61
9
6
6
2
68
67
6
193
73
70
192
4
39
37
34
2124
2146
2149
18
73
1976
210
70
211
67
42
36
35
31
29
1
24
19
18
17
15
18
16
292
11
291
290
221
62
59
57
211
53
22
20
278
10
9
98
24
23
22
10
71
65
64
59
58
57
2
66
65
63
61
38
358
359
11
360
16
53
43
41
40
38
71
68
65
62
61
67
41
40
39
38
6
69
68
22
20
16
30
29
27
26
23
13
12
37
36
35
33
32
31
3
74
45
30
28
27
6
24
23
22
21
14
93
54
55
91
1994
92
87
85
30
44
43
12
28
20
75
76
20
19
18
17
16
15
14
95
23
16
14
13
110
81
15
13
7
6
4
85
45
29
11
9
6
84
91
6
4
1
12
13
3
16
11
78
81
4
3
56
19
9
7
4
63
62
58
57
6
4
3
6
1
6
2
5
10
12
192
1
11
1
3
4
22
6
25
21
546
545
1
4
2
3
77
116
23
25
26
113
28
6
1
21
22
23
1
22
23
24
25
15
16
17
23
24
3
26
27
28
29
33
368
369
29
58
60
61
64
65
38
39
40
45
48
408
410
30
365
31
33
563
1
623
34
1
6
60
61
62
64
5
23
58
59
4
560
562
1
3
59
60
567
3
1
3
5
3
1
5
2
1
559
21
85
2
3
25
26
28
18
19
20
26
28
1
23
56
57
58
23
38
39
41
55
24
26
27
28
35
45
46
47
48
49
40
42
43
44
45
46
48
49
50
52
54
57
58
16
17
51
52
53
54
53
54
58
69
57
58
59
92
99
3
16
26
61
62
61
62
63
85
87
88
89
61
63
64
65
66
77
78
2
78
82
349
350
83
84
65
69
72
73
74
76
77
79
80
1
84
83
82
80
72
5
8
9
1
84
8
9
10
441
8
428
259
9
458
89
88
86
8
424
15
16
17
18
24
13
182
14
186
57
58
59
60
19
15
19
20
21
22
25
23
39
54
46
47
60
61
256
62
285
63
1
26
33
34
35
39
28
65
31
64
32
38
40
16
17
53
54
55
56
72
76
1
36
40
42
43
59
31
38
39
40
58
1
86
89
90
91
1
127
90
34
30
37
85
90
91
92
1
128
31
36
1
29
30
32
35
37
38
92
159
1
8
28
29
1
95
39
28
100
96
28
1
11
40
41
2
38
39
40
41
25
35
36
37
39
36
39
40
64
25
26
32
33
34
20
24
25
2
11
15
40
47
56
57
9
38
1
7
55
56
57
59
1
6
59
2
126
113
16
30
58
59
72
1
2
3
59
61
70
71
57
58
59
60
70
1
66
68
58
59
60
61
64
65
49
53
58
60
103
102
101
100
97
47
45
44
43
1
48
46
444
436
41
99
97
96
95
1
437
42
41
436
40
34
42
41
101
98
88
87
85
75
73
1
88
78
77
76
79
77
76
74
2
77
75
74
81
80
75
74
68
108
107
79
76
1
2
3
72
71
61
72
71
63
62
1
64
63
62
61
1
276
80
76
75
62
60
14
13
61
59
18
15
22
21
20
19
16
78
6
54
50
44
1
2
65
63
61
59
58
52
61
60
53
52
67
60
59
58
97
79
78
77
75
46
45
23
98
95
93
81
79
78
72
132
55
53
25
26
27
30
49
26
58
54
53
51
50
24
23
22
9
37
36
35
33
716
30
37
710
711
34
1
2
4
98
73
72
99
80
834
75
74
2
74
73
4
75
74
73
72
60
942
939
102
75
73
926
56
52
51
786
2827
14
10
2928
9
7
72
26
23
9
8
1
77
75
68
66
64
72
69
67
64
46
44
40
39
36
61
60
58
55
1
46
44
42
41
120
45
2359
5
2358
3
6
7
8
2976
29
24
20
2979
2977
1
10
33
76
67
4
2956
80
79
77
76
4
3
1
6
73
70
69
54
84
78
69
68
67
66
101
97
2818
2
37
35
33
39
36
33
31
29
39
38
36
35
1
34
28
25
29
28
27
26
1915
1916
92
78
93
92
91
90
77
58
56
80
79
78
75
70
65
63
62
61
58
140
1
71
220
68
65
64
141
80
78
75
73
1
78
77
74
1
76
75
19
77
27
1
2
6
115
116
118
65
64
2
5
69
67
66
216
71
69
11
55
48
47
46
35
1
70
59
54
84
62
60
59
58
55
46
6
50
41
40
39
38
37
1
47
46
44
42
46
45
44
43
47
45
9
152
252
5
6
9
251
6
7
8
183
184
47
45
39
38
37
100
101
24
25
27
146
185
275
20
21
22
42
41
40
34
33
1
111
113
68
67
64
61
69
68
5
6
72
71
67
57
78
77
76
75
79
74
70
1
70
69
67
66
68
67
66
15
22
97
1
18
2
51
53
51
8
9
17
53
4
6
1
78
63
62
58
57
56
55
80
79
77
61
57
56
55
4
81
59
49
45
44
1
2
55
54
48
1
56
116
1
50
63
61
60
96
51
48
47
46
45
43
1
46
45
44
41
38
1
40
39
41
38
37
1
60
44
41
26
616
62
61
27
579
644
643
37
36
35
34
4
41
40
39
38
24
4
28
27
26
25
24
22
42
41
28
27
28
18
34
32
30
28
26
24
23
21
20
141
137
26
25
72
4
28
21
303
304
69
1
14
25
24
23
21
20
26
27
26
21
112
113
26
25
2
45
44
27
25
24
15
5
142
27
157
26
22
30
29
24
21
19
148
1
7
118
93
92
147
30
29
27
15
10
9
93
6
11
10
92
91
6
120
119
118
116
1
29
803
815
102
98
105
814
104
103
101
82
78
1
2
101
93
92
85
82
1
91
90
86
94
91
1
21
19
97
94
37
22
21
38
93
92
55
54
52
43
92
78
77
76
75
94
93
73
72
71
63
61
58
57
56
1
3
68
67
64
63
73
69
66
65
8
9
85
83
74
73
72
27
415
414
533
26
24
1
70
66
39
38
71
41
39
38
37
36
1
2
68
67
345
346
1
68
57
56
343
1
67
65
1
68
67
66
65
61
5
106
102
77
68
67
47
108
107
106
100
48
58
57
56
333
274
53
49
47
276
277
103
102
97
96
95
94
105
83
82
81
80
740
739
738
14
13
88
77
83
82
81
75
72
83
29
28
26
81
78
77
76
73
72
70
69
68
67
66
660
101
100
99
98
594
1
2
49
47
46
1
517
418
100
48
516
486
53
52
51
99
96
32
31
30
75
95
94
89
88
78
93
90
46
44
35
1
758
236
67
66
235
57
66
65
236
58
57
2
3
8
63
62
1
75
62
61
57
54
1
64
63
55
51
48
5
49
34
52
51
49
50
43
42
38
37
625
3
111
666
110
109
107
100
42
41
525
40
39
1
770
100
98
848
104
103
860
99
849
11
113
110
109
108
147
90
89
88
86
85
48
237
236
37
36
35
75
73
72
71
39
37
6
86
82
80
79
87
670
80
78
1
2
88
73
71
1
104
854
73
105
104
91
90
103
102
101
100
95
94
89
87
85
84
83
82
81
1
92
82
81
93
82
81
80
779
81
80
79
78
852
104
55
89
84
83
849
845
697
698
75
73
72
71
1
86
84
57
55
61
60
59
58
56
75
74
73
72
71
69
60
88
87
86
78
2
59
58
54
94
93
58
57
61
56
54
52
51
43
42
41
38
36
35
1
73
71
70
69
52
74
73
35
31
28
27
25
38
36
35
34
34
33
31
30
23
22
1
28
27
25
530
28
27
611
610
23
4
5
77
76
75
73
71
84
83
81
499
508
87
86
85
510
111
17
18
73
31
68
98
1
78
77
503
80
79
63
62
61
68
67
66
65
53
1
3
70
67
61
60
68
63
62
4
115
50
49
47
38
73
72
63
60
59
53
59
57
56
55
54
53
51
37
36
35
34
1
51
49
43
42
44
43
42
1
119
36
23
24
35
40
39
37
1
35
32
26
25
111
36
26
25
66
64
31
30
29
1
86
85
84
31
1
10
90
149
147
136
79
78
9
14
81
79
5
79
78
70
69
1
93
80
78
71
1
94
79
78
95
79
69
243
67
76
75
74
91
89
75
73
72
75
74
73
72
69
93
91
90
89
73
72
71
70
68
68
63
62
48
54
52
51
38
37
20
98
96
80
69
68
104
101
95
93
13
88
20
21
111
103
44
46
44
39
38
91
80
23
32
31
30
28
27
1
25
24
23
22
21
25
23
67
65
64
63
61
60
25
2
3
9
10
12
1
2
4
68
1
2
6
1
2
1
3
4
2
3
4
6
7
1
5
16
1
4
1
2
1
3
2
100
1068
1
2
11
1
4
98
1
2
3
9
1
4
8
1
86
92
94
1
2
78
1
1
8
7
1
1
2
10
1
2
8
9
1
21
1
6
20
1
5
19
53
54
160
161
28
29
93
95
1
3
1
2
1
2
44
45
4
20
25
26
3
24
43
16
21
7
9
10
3
4
1
1
2
1
15
1
3
7
6
1
2
6
9
10
11
1
2
4
1
5
7
1
2
4
1
3
4
1
12
11
13
15
1
3
1
2
1
2
1993
1
2
3
4
6
1
1
195
3
76
78
1
1
2
3
8
1
7
74
73
1
2
1
191
1
3
4
5
3
5
13
1
2
2
48
65
67
2
44
1
2
26
25
26
27
24
1
4
21
3
18
20
1
183
187
4
9
7
8
1
1
2
3
4
2
1
2
183
1
1
65
66
1
3
4
8
9
10
1
2
1
2
59
61
1
3
4
28
27
28
54
1
3
14
15
713
703
24
1
2
21
23
25
1
1
3
5
11
2
1
2
4
5
6
1
5
6
1
2
1
1
729
1
7
3
4
8
21
20
19
18
1
2
730
5
20
1
21
3
4
1
725
727
726
1
3
4
5
718
3
7
9
15
1
2
4
5
10
1
1
27
1
2
36
32
28
1
5
39
38
4
5
33
41
2
1
29
12
18
1
71
70
71
2
4
8
1
4
2
3
12
26
1
3
1
4
9
3
4
56
57
54
50
51
52
13
14
1
46
196
82
45
1
3
5
193
6
35
37
41
114
2
4
6
4
13
132
165
198
2
1
1
3
6
1
2
4
5
2
3
1
1
2
16
116
1
117
1
116
3
14
119
11
33
2
23
28
30
2
4
2
3
5
2
4
6
2
2
2
357
7
265
1168
5
1
364
8
9
363
1
5
6
8
2
364
363
1
4
1
2
3
1
2
32
31
2
4
1
5
2
4
2
1
2
3
2
1
10
16
9
6
59
60
63
2
4
54
55
57
2
4
6
32
2
53
2
6
4
24
2
2
4
2
4
6
16
2
6
10
12
73
2
71
72
73
70
71
4
6
10
2
11
60
6
9
58
63
1
1
23
3
1
9
11
1
2
1
45
2
3
32
172
36
175
1
131
173
28
32
33
41
42
2
35
36
106
105
4
33
2
17
18
30
31
1
4
29
1
2
3
1
3
1
1
2
3
4
1
2
1
2
1
1
11
8
10
1
3
7
2
4
14
1
12
1
2
7
9
149
146
1
10
148
1
2
3
4
2
3
4
1
5
159
949
903
4
1
2
1
2
1
159
158
199
164
200
197
34
33
32
2
11
15
46
1
2
1
2
3
13
1
1
3
2
3
4
10
2
3
11
15
1
1
1
6
8
5
7
3
4
60
59
57
4
1
2
1
62
18
4
1
4
5
148
6
2
3
9
10
1
141
143
1
2
1
142
1
1
4
140
442
1
4
582
538
3
1
2
44
1
4
455
1
3
42
1
2
22
1
3
452
18
19
21
451
1
2
3
13
1
3
12
1
1
7
8
9
2
6
1
2
99
1
3
1
2
101
1
102
105
103
448
5
6
1
447
443
448
1
449
2
4
15
1
3
4
5
13
14
2
13
3
4
7
9
10
1
1
592
1
6
8
2
762
54
53
593
758
760
55
18
1
2
3
165
1
2
1
163
68
150
6
11
67
68
1
2
1
2
1
1
2
1
2
5
1
1
3
16
2
13
14
15
1
2
3
13
55
12
1
6
7
11
1
2
6
1
31
49
2
4
5
1
19
29
3
12
17
18
19
1
2
3
4
5
1
1
9
1
3
4
8
1
2
1
1
1
5
1
1
2
5
6
5
1
6
5
4
1
2
3
4
6
5
134
1
1
2
127
1
127
1
128
129
1
88
1
74
7
8
87
2
5
1
3
2
1
8
9
10
2
4
7
1
1
2
95
3
174
172
78
77
75
1
1
1
1
2
1
18
17
2
3
5
6
7
8
6
13
15
1
1
3
89
90
187
2
3
2
93
92
3
72
2
4
71
42
39
1
1
2
53
42
1
2
44
43
1
2
3
1
73
74
1
3
5
6
7
9
2
3
4
55
63
62
2
65
1
48
49
52
1
47
1
46
1
2
45
1
3
41
2
1
38
37
38
1
6
7
1
5
1
2
1
2
3
1
1
1
2
84
1
82
81
82
1
8
9
1
2
36
1
4
31
30
34
1
14
17
30
1
2
3
13
29
2
27
28
1
2
3
11
1
1
1
1
1
2
1
2
3
1
1
1
746
2
93
1
2
6
7
1
1
2
7
9
11
10
13
5
1
744
1
745
97
96
95
1
90
25
26
47
961
931
91
90
21
22
23
24
25
1
841
1
2
112
1
2
3
2
12
107
110
1
2
9
8
10
1
3
7
1
2
3
6
1
2
4
1
2
1
1
2
1
1
2
81
1
118
117
79
121
118
4
6
54
53
2
4
6
2
2
4
2
4
2
3
1
2
2
3
5
9
1
1
73
70
2
76
71
1
2
3
13
1
4
12
78
1
2
3
1
4
7
10
2
3
1
2
97
84
82
1
3
2
3
6
7
99
1
3
99
3
109
104
102
98
1
112
113
110
106
103
101
3
5
7
120
121
124
5
7
8
13
2
4
113
2
2
5
7
5
7
2
1
3
7
2
2
4
11
1
2
9
1
7
8
43
1
2
3
5
1
44
1
2
1
2143
2144
2
2142
2251
37
2
4
8
10
104
106
113
2
2288
8
2274
1
1
109
2142
2293
2292
1
161
160
1
2
4
8
9
3
2
4
5
6
1
3
2
2
8
11
1
1
1
1
13
14
1
9
12
1
2
5
8
1
3
1
2
3
1
2
3
1
2
3
271
1
31
1
1
1
2804
2533
2530
2
8
2779
1
26
25
1
3
1
2
1
1
2
2282
250
2532
92
2
3
4
122
1
6
1
1
2
6
8
118
1
4
1
2
3
1
2
1
2
1
2
65
1
2
11
59
58
62
63
3
9
57
58
2
3
4
54
55
1
6
53
55
1
3
4
5
3
50
10
11
35
37
2822
1
95
2830
1
2
5
6
7
94
2822
3
4
18
1
10
11
13
14
1
13
14
16
19
15
1
5
7
1
2
4
1
86
87
1
2
62
84
85
1
60
61
1
2
1
2
1
2
52
54
2
10
11
15
1
14
6
8
13
1
2
4
5
2
3
1
1
2
1
4
5
1
10
1
3
6
9
8
1
1
3
34
37
2
31
32
33
12
15
17
1
2
29
1
28
1
98
1
98
97
1
8
1
2
4
1
2
1
2
3
1
2
4
1
2
3
4
5
1
2
1
1
2
3
4
1
2
2
3
1
2
3
36
740
35
758
18
1
29
30
34
2
26
29
1
3
4
1
2
1
2
8
9
12
1
1
6
1
3
4
5
3
1
2
3
1
2
1
3
2
22
20
1
2
1
2
1
2
19
2
3
17
34
35
37
1
2
2130
1
4
1
715
22
24
2134
2
3
8
1
5
6
716
4
17
21
1
721
720
4
13
2
3
7
17
3
4
1
4
3
5
2114
10
2
2109
2110
2
3
13
1
4
12
1
2104
3
11
2
6
2107
2
4
2
2102
2103
2101
1
3
2
1
2
1
11
16
106
1
2
9
10
1
2
5
6
7
8
1
1
2
4
2
17
1
2
6
7
15
1
4
1
3
2
4
5
2
3
10
1
2
1
1
23
40
90
3
4
5
1
2
3
14
1
17
18
1
17
1
2
3
5
11
1
1
2
2
2877
3
4
2876
5
142
1
2879
2
2880
2879
1
1
1
2
1
2
3
148
147
146
2734
2735
1
152
151
1
2
3
8
10
1
9
10
12
1
1
5
1
2
1
2
24
25
1
2
22
1
2
3
5
1
1
2
143
144
1
154
2
1
5
7
12
1
4
11
143
1
3
144
1
2
1
1
2
1
2
3
17
2
5
1
2
15
1
3
1
2
3
9
1
152
1
153
142
141
1
2
3
19
142
10
11
2
15
18
20
1
2
1
2
12
13
15
1
2
3
2
12
13
1
2
3
1
3
5
10
1
2
1
2
50
1
2
1
48
49
1
5
48
4
44
45
47
1
3
4
36
42
44
1
3
35
6
7
34
1
41
2
3
4
11
1
2
1
172
171
1
25
27
28
29
24
1
59
60
1
3
58
52
1
2
1
2
5
6
7
1
3
7
9
12
3
6
1
13
14
8
9
11
13
1
3
4
1
1
2
1
2
4
3
1
2
1
2
3
1
7
10
2
3
6
1
1
2
3
37
1
36
1
31
32
33
35
2
3
18
32
1
3
4
6
16
2
1
2
1
3
4
2
9
10
1
2
3
6
7
1
1
3
43
44
45
1
297
9
42
1
8
41
306
1
51
339
1
2
6
7
40
1
3
4
14
1
7
12
13
1
2
5
6
12
1
11
1
304
303
2
3
305
1
50
1
2
305
1
47
49
303
1
46
1
5
302
1
3
4
5
4
1
3
6
9
11
1
2
10
9
10
11
1
3
4
1
1
2
3
1
1
1
2
1
1
2
3
4
5
6
8
1
245
213
50
246
245
2
41
1
28
32
1
286
27
285
26
2
4
5
12
15
1
39
13
185
2
1
183
184
1
134
1
45
12
44
1
3
5
13
4
69
124
70
71
2
10
11
69
67
2
3
4
1
2
5
22
1
21
2
3
8
9
10
15
18
1
1
2
1
2
4
1
49
2
49
44
45
48
2
53
51
50
1
1
55
1
3
56
55
2
4
5
2
285
58
2
3
9
11
10
275
287
285
1
3
2
4
6
2
2
285
1
2
3
7
2
14
13
10
1
19
20
17
16
1
3
5
9
53
56
58
2
55
59
2
14
2
4
12
2
8
10
35
36
44
46
2
4
12
23
29
31
2
4
6
10
2
27
2
2
547
548
11
538
263
546
275
2
6
8
1
4
5
4
1
2
3
7
6
1
1
2
1
536
2
1
2
3
5
6
7
545
1
6
6
1
2
1
3
1
2
3
541
539
678
764
1
544
1
2
1
3
11
2
4
2
2
4
1
2
3
6
11
1
8
10
11
1
2
1
2
3
1
1
149
3
5
1
2
4
1
2
3
23
1
23
24
38
21
22
152
3
19
20
1
2
4
14
15
150
2
3
2
5
13
2
3
4
1
2
4
7
9
1
8
1
2
2
3
81
3
161
156
177
84
1
2
86
85
83
1
2
1
164
87
3
4
5
1
2
9
10
11
17
1
16
1
7
1
2
3
4
6
1
2
21
1
1
2
23
1
2
55
54
55
54
53
25
1
57
2
19
58
5
6
1
2
17
2
3
7
9
9
14
15
1
3
4
5
1
2
1
1
1
1
2
3
4
14
1
2
1
1
5
1
2
3
4
10
1
7
9
1
4
5
6
1
3
78
1
80
79
1
109
107
105
84
81
1
4
5
112
110
2
3
2
3
4
1
1
1
3
117
1
2
1
128
129
123
120
1
3
7
24
968
6
4
21
3
7
17
19
3
2
4
2
4
2
17
18
19
23
2
4
2
6
10
11
40
2
8
4
6
37
992
2
4
34
35
2
33
29
1
27
1
8
11
12
13
12
19
20
22
1
3
2
1
1
2
3
1
1
1
1
4
8
27
28
7
1
3
4
1
2
4
1
3
4
23
87
1
103
104
105
22
372
86
343
14
15
16
4
286
29
2
24
25
282
1
13
1
2
12
1
2
3
2
3
10
1
2
1
1
1
1
2
3
6
17
1
2
1
272
1
2
3
11
16
17
1
2
4
14
1
3
4
5
8
1
2
2
64
1
4
58
57
60
1
2
5
3
4
3
6
1
2
3
52
55
1
54
3
6
7
8
49
1
1
357
1
354
356
1
2
1
1
30
31
40
41
340
339
1
8
9
1
349
28
340
342
24
25
26
27
1
2
6
7
1
3
37
38
36
318
1
3
15
34
33
35
1
12
1
2
1
1
1
1
1
6
83
2
3
4
5
1
1
2
5
6
7
1
6
7
1
4
1
3
18
19
1
2
11
16
15
1
9
1
3
3
1
1
1
2
1
1
2
227
2
6
225
226
2
4
1
2
1
219
220
228
356
354
219
1
3
7
8
9
1
3
92
93
1
2
89
90
91
1
88
1
89
1
4
3
584
1
3
4
14
15
593
586
595
596
8
10
1
2
587
1
587
586
1
2
1
2
4
11
1
79
1
2
65
76
78
1
2
3
5
64
4
5
7
1
2
3
1
18
20
420
23
61
517
2
1
2
515
1
1
2
517
1
607
519
518
88
3
6
7
1
2
3
9
2
1
4
5
7
1
3
2
13
14
77
78
1
80
1
2
94
79
95
10
96
1
15
51
1
2
3
14
5
7
13
1
1
1
2
1
1
5
6
1
3
4
2
1
6
10
1
3
2
36
1
2
4
31
32
30
34
2
3
4
16
17
2
6
15
15
28
1
2
4
13
1
2
3
9
1
1
3
4
2
1
2
3
10
1
9
10
2
7
15
1
13
1
2
3
1
5
7
1
2
1
1
24
25
26
330
1
23
1
1
61
2
1
8
61
62
63
4
14
1
2
4
3
1
1
1
63
1
2
1
2
10
1
3
2
7
8
1
38
39
5
37
1
3
17
1
2
1
35
1
2
1
2
3
7
9
11
1
1
1
2
4
1
2
1
2
3
10
11
355
2
1
2
8
1
2
5
6
1
11
15
16
1
16
1
2
15
1
1
1
2
3
369
367
366
2
3
4
5
1
2
1
2
1
2
3
376
375
2
4
1
45
44
1
2
1
2
8
1
4
5
6
18
19
20
1
3
13
54
1
1
3
10
401
399
57
1
2
9
1
2
7
8
1
407
404
4
5
189
551
9
10
5
1
190
2
16
18
19
1
2
3
6
7
15
16
1
14
541
1
542
1
4
1
3
1
2
10
1
3
8
1
2
1
2
1
3
5
1
1
2
1
3
5
5
6
7
8
1
2
1
2
3
2
3
1
1
2
5
40
443
568
1011
3
4
48
1
2
3
9
11
1
10
13
14
1
1
5
6
1
1
15
1
19
16
1
2
20
1
2
1
26
24
22
1
11
31
30
29
1
3
7
9
10
36
1
2
1
1
33
1
2
3
7
16
1
15
17
18
25
27
2
25
26
29
1
2
3
4
40
1
42
1
2
46
44
43
1
48
1
2
6
29
1
3
4
5
1
2
27
1
21
24
26
27
1
23
1
3
6
7
841
22
23
2
1
3
4
3
1
2
7
8
1
1
834
1
1
3
72
74
75
73
818
1
2
3
18
20
1
2
69
18
68
837
838
2
1
15
836
828
168
175
13
14
1
2
3
4
6
7
9
1
8
1
1
2
1
4
1
2
998
996
1
7
1
3
11
1
2
1
2
1
4
8
27
1
26
25
162
17
18
23
1
2
4
21
1
2
15
1
2
4
2
3
4
13
2
2
4
6
7
10
11
1
1
2
1
1
3
1
2
8
2
3
7
6
7
1
4
5
1
2
3
1
5
6
7
10
5
193
1
2
1
2
4
31
1
2
1
2
1
1
1
2
3
20
1
6
2
188
5
1
186
187
1
187
185
1
2
1
2
1
11
12
2
49
1
7
8
10
11
5
6
1
2
3
4
1
33
35
1
31
32
1
19
1
4
1
2
3
5
1
4
1
2
11
1
2
9
10
1
5
7
4
2
3
3
9
1
2
1
2
1
6
4
5
2
1
2
7
8
9
1
8
1
5
1
4
278
279
1
3
1
1
2
278
1
280
1
2
1
1
2
1
1
7
1
5
6
1
2
4
7
1
2
1
5
7
2214
1
2213
3
1
3
5
19
2217
2214
1
3
7
2
4
16
2
6
12
2
4
8
6
40
41
2
4
6
2203
2
20
35
33
2197
2198
1
2
3
4
2
2
3
5
8
1
2
1
2
1
3
4
3
1
2
3
893
891
1
1
1
3
15
1291
1
3
6
7
1292
1298
4
10
12
1
2
1
2
1
1
2
119
118
116
82
1
1294
6
1
1168
12
108
1
8
11
1
3
7
10
1
2
1
2
1
1
1
2
3
1
1
124
120
126
7
1281
1283
4
64
2
1
22
23
22
24
126
127
2041
2042
7
10
20
1
2
3
17
2031
2
1
14
15
2
1
4
8
1
3
1
2
4
5
1
33
34
1
2
32
148
1
2
68
1
30
31
1
5
1
2
3
4
1
2048
1
3
6
13
1
2
3
4
5
2049
2
3
1
2048
2047
1
2
65
67
1
6
5
62
63
1
2186
1
1
2
4
17
1
2
3
4
7
9
11
97
1
15
11
12
14
95
1
2
1
2
3
1
1
2
1
2
1
2
102
1
2
1
100
85
86
1
3
2148
2150
2151
5
1
2
4
72
78
84
1
2
2142
2145
3
22
23
1
2
3
8
9
1
2
20
21
7
20
1
5
2146
1
4
2147
1
68
70
2146
2145
1
3
1
33
69
2146
2266
30
32
120
1
2
1
77
2236
75
76
2238
2237
2
5
73
1
122
2
118
4
3
71
1
4
1
3
2
13
120
1
2
3
1
2
5
9
12
121
1
11
2
4
120
18
1
16
52
1
122
108
5
7
13
124
123
12
14
1
3
2
1
2
13
1
1
9
10
272
268
1
3
4
5
1
2
3
1
1
281
1
3
1
1
2
10
1
55
8
1
1
27
26
29
2
3
9
1
7
9
10
12
24
7
8
23
1
269
270
268
1
269
382
383
1
2
4
113
1
2
1
382
3
8
385
1
746
6
3
5
8
9
1
2
6
7
1
2
5
1
1
2
7
10
14
15
1
4
5
6
3
1
2
370
7
6
5
1
34
38
31
33
34
1
1
2
1
2
3
94
1
2
1
2
1
5
7
8
1
4
2
3
1
1
1
2
1
2
3
14
15
16
1
1
66
67
77
13
65
1
2
6
1
2
3
4
1
4
1
1
38
37
52
1
4
6
53
1
3
34
1
2
3
47
48
52
1
2
9
10
9
11
1
3
7
2
3
6
1
2
3
2
3
7
9
1
1
2
4
1
2
3
20
1
3
14
18
2
94
1
6
7
87
83
95
11
1
1
1
1
1
3
1
2
1
3
2
1
2
3
4
1
1
2
4
2
7
4
5
5
1
3
89
1
2
3
82
84
1
2
7
90
85
1
3
2
5
6
4
2
77
142
3
79
1
2
4
5
2
5
1
12
1
3
7
2
4
2
3
193
4
203
14
1
10
11
12
189
3
192
1
3
191
5
29
1
2
220
1
219
19
21
22
7
463
189
1
4
564
3
88
89
470
468
22
23
86
2
2
4
2
53
56
2
51
1
9
10
1
2
9
13
49
1
2
5
6
1
1
1
3
1
1
2
1
2
3
4
342
1
341
2
1
343
1
1
36
3
4
33
34
35
36
1
2
31
32
33
1
2
13
30
1
31
1
11
12
1
2
9
11
1
2
1
2
1
2
1
2
1
1
10
11
555
1
2
5
1
2
1
17
2
3
6
7
8
1
2
3
12
14
1
6
9
11
1
2
1
1
4
6
570
567
1
2
3
1
3
1
2
1
2
4
2
3
9
2
579
576
2
7
6
8
9
1
3
1
3
1
2
1
1
10
1
2
64
1
2
6
1
59
60
62
1
4
53
58
3
38
54
2
3
35
2
13
14
16
1
2
11
1
3
1
2
1
2
4
7
3
1
2
3
5
1
2
11
14
13
1
2
6
9
1
2
3
5
7
1
1
2
1
3
4
2
3
4
9
1
8
9
14
7
1
2
3
1
5
4
1
129
1
4
128
1
1
1
3
5
57
56
1
10
56
1
2
54
1
2
1
1
2
1
2
3
1
16
1
3
1
2
47
46
42
45
2
1
2
34
35
1
6
1
4
5
33
1
3
29
98
95
94
30
32
2
26
27
28
1
2
17
19
20
24
1
1
4
5
12
13
1
2
3
4
9
1
8
1
7
1
2
1
4
1
2
272
274
1
1
1
3
1
6
1
2
5
1
1
262
2
4
5
267
2
3
1
2
1
1
1
267
437
2
5
1
4
432
1
2
172
9
10
45
127
1
3
7
6
3
9
11
47
45
1
2
46
44
43
1
44
5
6
48
1
3
34
36
1
2
6
15
17
1
16
31
32
1
4
31
1
2
3
1
2
3
58
59
58
1
8
9
1
6
7
73
72
61
5
74
1
2
3
4
1
76
1
86
96
1
113
108
107
204
87
104
116
114
110
6
1
2
3
4
1
2
11
1
1
6
9
2
4
5
1
2
3
99
98
97
2
98
1
3
19
20
21
103
101
1
2
1
2
3
1
16
1
14
13
2
3
8
9
10
1
2
136
137
10
11
1
1
2
5
1
2
3
2
3
1
1
124
2
3
1
2
3
7
1
1
127
1
1
196
128
1
67
66
11
28
29
68
27
29
1
1
4
68
77
1
3
67
64
7
9
3
5
11
14
2
3
4
7
8
1
6
1
18
1
10
11
1
2
9
1
1
2
6
7
2
4
2
28
25
26
1
24
1
23
2
3
1
6
213
7
1
5
1
4
1
2
3
1
2
1
1
1
124
1
125
124
220
125
345
1
4
7
1
76
78
77
1
3
4
2
3
89
88
1
2
16
19
95
90
1
91
1
4
14
3
13
14
1
3
4
2
11
1
3
4
5
2
12
1
1
2
1
3
4
1
3
4
114
113
1
2
114
1
1
2
1
3
120
118
1
2
1
121
123
122
1
2
1
3
4
1
3
2
5
1
2
11
12
388
356
289
2282
2006
1
3
1
2
9
1
2
8
1
2
1
2
3
7
2
2
4
398
1
1
2
1
402
400
1
2
8
7
1
32
1
28
27
28
2
3
1
2
8
1
1
396
1
6
395
273
1
122
124
5
123
2
4
1
2
1
121
123
1
2
3
122
121
1
2
1
5
6
122
4
2
4
6
2
3
2
4
8
11
12
1
117
1
2
5
115
114
6
4
1
3
4
3
20
120
1
3
2
1
5
12
1
2
1
2
1
2
4
1
2
4
6
1
2
1
2
1
1
2
1
1
2
8
1
4
5
6
7
1
2
3
16
17
29
30
31
1
30
1
29
1
3
14
1
2
1
2
11
1
2
1
2
9
1
2
1
2
42
41
1
2
29
1
9
10
12
28
30
1
5
6
1
3
4
13
1
10
79
11
1
9
10
1
8
1
7
3
4
6
2
15
20
1
2
3
15
16
1
13
14
1
837
735
1
3
4
5
6
7
1
2
5
12
11
12
35
68
67
2
1
1
69
1
1
6
7
1
3
5
1
2
1
2
10
11
1
2
1
6
7
8
1
2
5
1
2
3
22
23
1
3
13
14
15
1
2
14
18
20
1
1
4
11
1
3
2
1
5
7
4
1
3
1
1
9
745
4
8
738
1
2
7
1
2
6
4
2
3
16
17
742
1
8
9
10
14
6
7
2
2
3
4
1
35
36
1
1
2
1
3
4
28
29
1
4
5
6
1
5
19
21
24
26
1
25
1
759
1
2
2
759
1
1
16
1
15
2
1
2
3
69
68
856
853
1
3
5
7
1
2
66
1
46
63
65
2
43
44
45
1
3
8
21
23
43
2
42
2
3
5
2
11
12
13
2
3
9
1
6
1
2
1
3
1
2
3
14
2
3
10
12
13
12
1
1
2
7
1
2
1
3
5
2
20
2
16
18
2
10
14
4
1
1
2
3
6
3
4
43
44
1
3
4
5
8
1
2
7
8
11
40
2936
1
2937
2936
41
2935
1
2
1
2
3
1
1
3
1
2
3
15
1
2
5
30
29
3
5
12
2
4
2
4
7
2
3036
2918
2884
3039
3038
2
4
18
19
35
2
4
33
34
2
15
16
2915
2004
11
14
2
923
2
914
925
1
2
7
9
924
1
2
3
1
5
1
1
2
3
10
1
2
2
2
3
1
1
1
2
1999
1993
1
5
6
9
2000
1
2
4
3
5
1
3
1
2
1
1
1
1993
2009
3
6
1
10
11
14
2
3
10
1
3
1
2
1
4
5
7
3
1
3
16
17
1
2
1
1
2
4
13
1
3
4
10
1
2
9
1
3
41
276
2
19
21
21
22
38
1
2
3
7
1
6
16
154
3
145
4
1
157
1
2
9
155
1
2
3
8
1
1
3
4
5
1
2
72
1
71
73
1
1
5
149
2
4
149
7
1
2
1
2
1
5
1
4
1
2
205
3
50
51
1
50
1
2
60
1
2
19
58
59
1
2
3
1
10
11
16
17
1
2
7
9
1
1
3
4
2
1
2
1
1
2
1
2
1
3
4
1
10
12
1
5
7
9
40
1
39
1
38
37
38
39
1
2
15
17
18
19
35
1
2
34
35
1
2
15
1
12
13
1
2
11
1
2
8
10
1
4
58
235
1
3
6
4
5
1
2
55
54
54
55
1
2
2
3
5
6
1
2
1
9
10
14
15
16
1
1
6
1
3
5
1
2
39
41
1
2
3
209
210
38
2
1
2
172
90
207
1
1
2
4
1
2
3
4
10
192
1
2
182
194
183
1
1
3
6
1
2
1
1
3
1
2
1
202
203
202
1
47
1
2
11
46
1
2
3
43
44
45
1
5
9
1
1
39
40
1
38
22
37
1
2
5
7
4
5
1
2
3
10
11
1
3
2
5
8
82
3
81
299
358
1
2
3
6
1
5
226
228
1
3
1
2
1
221
3
1
2
3
7
1
6
7
1
2
6
218
1
3
4
59
57
58
1
663
55
57
1
56
725
726
1
1
4
75
74
73
1
2
3
951
1
950
725
952
1
4
1
2
79
80
79
225
1
3
224
1
2
1
1
1
947
82
81
865
1
663
665
60
638
1
637
24
1
5
6
662
1
2
23
1
2
16
19
21
1
4
1
2
3
16
1
5
13
14
15
1
2
4
1
2
3
7
8
9
10
1
9
1
8
1
1
2
1
2
4
1
2
3
1
2
14
17
1
15
1
9
1
3
6
8
2
3
2
2978
2
2976
1
1
1
2
2976
2975
1
1
3
1
2
611
2976
1
610
1
1
1
12
14
1
2365
11
2364
1
1
2
1
2
1
2
6
7
1
36
1
3
4
35
1
2
30
1
16
17
1
1
2
1
3
4
2
10
1
2
3
4
2
2
1
2
44
45
725
197
1
46
1
2
1
6
123
1
2
1
6
7
9
5
10
131
5
1
2
1
1
1
84
82
86
85
1
1
2
3
2
12
16
17
22
1
2
6
10
2
2
4
6
8
4
2
6
1
5
1
4
6
1
3
2
5
108
3
4
110
2
3
4
7
9
117
1
2
121
120
119
2
3
1
2
703
1
66
1
704
67
4
5
7
767
2
4
2
774
772
1
2
1
778
3
774
777
127
1
2
2
3
12
1
10
5
3
914
5
2
919
27
28
30
3
4
22
23
1
2
4
1
3
131
134
6
7
1
6
5
8
19
128
3
129
128
1
1
2
1
2
3
1
1
1
1
3
2
3
57
1
3
4
5
1
2
1
50
51
54
1
38
1
16
17
21
1
3
4
15
3
14
1
4
1
3
1
2
11
1
2
3
6
8
10
1
1
2
1
2
3
1
2
1
2
1
2
9
1
2
2
7
3
4
5
1
2
1
7
8
1
3
6
1
2
1
2
37
1
3
1
2
1
414
27
2
3
1
7
9
11
1
8
1
7
1
2
3
4
6
1
2
9
10
9
2
4
7
1
2
3
390
2
3
7
8
9
1
3
4
59
1
2
1
2
3
4
25
1
23
25
1
7
22
2
5
1
331
327
3
1
2
4
389
1
1
2
3
2
3
1
1
2
1
2
1
6
7
234
8
1
1
5
3
4
1
7
9
12
15
1
2
3
6
1
1
1
2
3
242
922
923
1
1
1
2
1
2
3
1
8
11
1
2
7
1
2
3
1
5
1
2
4
1
2
1
2
3
6
1
3
5
1
2
70
607
608
1
68
2
4
10
614
67
3
2
7
8
2
21
22
1
2
4
20
1
2
3
1
14
18
4
13
14
15
1
692
1
624
693
1
695
65
68
1
2
1
63
64
1
52
53
62
518
3
4
522
52
1
2
5
6
1
5
63
1
3
1
2
1
10
1
170
3
4
3
4
8
1
1
48
58
59
3
47
1
2
3
2
42
43
46
1
202
41
42
1
36
37
1
1
4
1
3
2
1
1
2
1
2
3
1
1
4
1
4
1
3
1
2
3
1
3
1
2
15
15
1
2
3
8
1
7
1
3
6
1
2
1
387
3
1
2
3
6
948
1
1
3
1
941
942
1
4
559
555
2
3
1
2
3
4
1
2
5
1
3
4
6
9
10
1
2
1
2
1
9
12
15
1
2
3
8
1
6
7
9
1
5
759
757
1
1
2
3
1
2
3
12
11
565
1
1
2
1
2
1
1
1
2
4
7
9
37
1
32
35
1
2
3
31
2
30
31
1
9
27
1
782
8
9
750
1
2
781
1
4
12
13
3
2
3
2
4
7
7
8
2
3
1
1
2
1
1
2
1
1
2
6
15
1
2
9
10
1
2
4
13
1
2
7
1
2
3
2
4
5
1
1
1
1
1
768
766
1
3
4
2
1
773
1
17
18
1
16
1
15
2
1
4
5
4
1
2
10
11
1
2
3
6
7
9
1
1
39
46
1
3
38
37
38
2
3
8
17
19
1
1
2
1
5
1
1
1
2
3
1
9
1
4
1
11
1
2
9
1
2
1
4
7
2
3
2
3
6
7
9
1
8
15
7
1
3
1
1
1
2
1
2
3
29
539
1
1
3
1
3
11
15
17
1
2
16
1
3
15
2
6
7
8
1
3
5
4
1
2
1
2
1
1
1
2
3
4
3
6
11
1
9
388
8
1
2
1
2
4
3
1
2
3
5
1
5
565
2
1
2
1
9
597
1
2
3
5
7
8
1
3
196
1
2
1
2
3
2
191
193
1
2
8
10
188
77
189
1
6
1
588
15
16
1
2
3
2
7
8
1
2
1
5
171
68
1
2
60
61
8
67
60
108
118
55
58
1
5
53
1
2
3
1
15
1
1
2
5
1
12
48
2
3
1
1
1
3
1
2
9
10
1
7
1
5
6
4
5
2
36
1
6
18
19
21
33
34
1
33
1
1
2
1
11
12
2
3
681
1
5
6
678
1
3
4
677
1
2
1
1
1
1
2
3
10
11
14
2
7
9
1
1
5
1
2
1
277
296
59
17
19
59
11
13
14
1
2
1
2
1
2
3
4
1
2
3
1
3
6
1
2
1
2
3
1
2
3
1
1
1
58
1
2
3
11
1
10
1
2
57
1
2
6
1
30
32
53
55
1
2
4
29
1
2
3
18
16
17
14
3
1
9
1
2
4
7
1
2
1
2
1
3
172
1
2
170
2
1
1
6
12
1
2
3
1
4
177
1
1
4
5
57
1
1
6
2
5
1
13
53
5
6
7
8
2
3
4
1
18
21
1
17
14
15
16
1
5
1
4
1
2
9
11
1
2
4
8
3
40
41
5
6
3
39
38
1
2
34
35
1
34
1
1
2
5
14
1
2
4
2
3
11
2
3
8
10
9
1
2
8
1
1
1
2
7
8
103
1
2
4
18
1
17
18
1
2
4
5
6
10
14
15
1
14
1
2
1
111
1
1
2
1
2
4
1
2
4
1
2
1
2
4
1
2
11
1
2
5
9
10
1
1
3
1
2
1
4
1
1
2
1
1
