447
47
50
60
112
128
75
136
146
138
160
250
262
417
418
419
307
318
341
345
348
350
21
28
295
459
467
353
355
356
357
358
363
359
310
27
28
30
305
42
278
483
52
54
57
59
62
178
106
465
133
134
138
171
172
113
473
487
488
310
318
334
425
29
40
190
199
201
49
181
182
183
184
17
18
19
301
303
316
323
735
967
369
370
371
378
36
306
312
315
412
794
398
157
163
167
169
164
423
69
71
72
82
92
38
39
40
41
433
53
56
57
482
486
195
197
199
432
301
303
321
325
406
219
221
226
228
230
233
237
316
392
153
232
431
735
379
256
249
255
259
56
58
59
483
215
230
232
236
239
244
346
484
173
174
271
273
274
455
15
17
21
1031
1007
5
6
7
193
195
429
305
591
441
2
19
20
898
143
144
145
164
202
206
208
356
358
361
362
53
123
121
119
40
294
149
153
157
217
223
12
4
131
132
186
204
212
215
217
218
228
5
305
313
383
384
404
408
411
166
167
336
337
300
303
307
308
315
153
155
179
320
329
55
113
114
115
116
117
47
50
51
61
62
152
393
400
401
402
403
404
156
377
388
391
392
394
276
157
209
324
345
346
2
245
150
185
186
203
404
179
201
211
395
396
402
176
208
391
67
64
63
198
81
77
76
75
74
101
42
57
58
60
61
63
92
275
278
165
169
172
203
207
359
438
439
441
442
443
446
449
144
339
343
346
424
427
428
154
176
192
198
202
203
116
182
66
69
72
113
210
15
17
20
96
132
32
34
40
379
447
111
114
116
352
353
354
450
451
360
377
382
353
358
360
361
362
363
372
82
85
360
361
363
365
467
473
474
364
367
370
409
418
479
240
255
260
263
143
126
124
30
235
239
243
258
153
129
125
124
121
120
101
99
143
121
120
114
112
67
4
257
115
91
87
73
72
119
95
94
356
175
166
165
40
389
54
328
329
108
102
100
240
94
93
92
91
90
213
343
348
185
184
183
182
1
396
400
14
16
17
20
16
17
18
19
23
260
3
2
388
390
7
49
58
274
38
41
50
51
52
479
480
52
53
54
55
62
432
434
438
63
72
77
85
450
453
271
274
280
282
289
464
485
183
163
165
184
185
467
150
153
155
468
51
52
259
260
265
267
269
48
49
234
827
60
625
117
118
125
127
128
129
637
230
231
232
85
72
69
67
234
58
56
51
41
40
234
116
118
119
120
566
570
572
165
166
170
226
227
229
117
118
119
154
155
163
278
107
33
95
83
333
28
27
147
144
145
190
194
196
390
199
2
223
231
143
144
145
146
221
228
142
145
155
228
233
131
218
926
221
217
209
207
204
829
211
114
118
119
120
121
233
234
237
238
112
113
196
194
70
2
209
108
110
112
234
106
39
88
89
91
92
93
80
81
85
86
184
185
116
77
79
242
146
145
144
4
7
241
244
206
201
198
54
56
233
189
187
34
35
36
237
205
43
45
242
11
8
6
11
20
235
34
46
47
48
24
27
29
32
34
363
74
94
95
101
115
1
365
366
368
95
99
101
321
366
367
100
203
170
172
173
258
260
263
197
219
216
791
212
793
235
187
253
255
261
374
381
383
237
238
5
172
178
180
187
191
379
214
227
235
243
244
253
202
205
221
195
196
201
104
111
112
113
6
164
182
183
229
223
207
102
101
100
97
96
95
93
209
210
242
238
235
231
229
272
266
250
248
5
257
255
253
193
190
188
284
282
278
276
274
264
260
195
190
154
255
176
172
169
166
4
256
74
73
72
71
70
66
64
170
79
77
76
6
231
98
97
96
149
147
146
133
132
108
103
102
101
20
22
64
62
220
103
101
99
98
97
215
82
81
80
68
67
65
90
88
87
86
85
67
217
212
206
83
77
181
179
27
25
1
1
6
199
198
58
32
25
205
62
58
56
55
2
86
85
83
82
86
85
73
232
7
10
12
15
25
117
119
235
101
99
94
207
96
98
156
164
168
173
208
1721
185
61
173
174
1534
1532
1525
249
243
239
189
176
172
52
163
167
170
173
196
198
201
107
29
28
24
1143
107
106
105
97
35
97
93
277
64
53
205
207
208
231
35
123
120
118
109
35
134
289
291
109
74
143
146
161
138
245
237
233
231
230
228
227
29
177
152
151
149
147
252
250
232
224
223
3
112
76
75
74
109
126
79
46
45
97
124
200
45
33
31
2600
2599
89
38
122
120
119
137
101
4
95
102
97
94
91
87
99
106
96
74
146
177
179
174
171
249
248
246
245
183
180
157
299
298
297
295
177
156
130
77
75
54
47
103
65
67
69
70
141
139
73
71
146
150
124
21
25
39
65
2
1
1
3
6
18
11
9
7
5
4
1
97
95
118
121
122
176
177
42
45
128
129
130
103
44
46
51
104
97
115
117
123
126
2
95
132
134
135
136
129
130
134
137
138
139
140
3
85
107
119
121
122
103
104
114
116
130
112
113
114
122
123
124
49
143
169
172
173
174
76
473
477
62
60
126
128
137
75
54
53
51
136
169
60
57
159
162
163
333
331
329
327
326
325
145
146
147
149
335
334
333
318
49
38
326
325
323
322
40
324
308
306
304
38
36
297
291
289
8
61
62
308
219
259
257
69
47
45
5
17
242
234
233
169
167
1
174
173
172
171
169
45
210
209
208
207
206
193
186
185
183
155
1
10
138
168
2709
1
2559
11
167
6
128
126
125
124
123
114
110
106
79
76
74
7
17
16
7
11
12
57
56
53
47
3
38
24
23
21
18
35
27
21
19
18
30
32
26
25
29
31
59
35
37
39
41
61
62
85
358
359
362
59
64
53
355
356
88
137
139
140
149
302
304
91
135
138
141
154
14
17
18
103
108
14
19
21
23
108
111
114
22
112
168
170
174
175
186
19
40
38
37
27
26
31
195
196
198
202
194
200
201
203
204
205
206
17
79
82
85
90
145
50
31
207
207
204
35
224
227
254
209
245
136
166
258
255
246
44
198
197
196
195
83
105
16
15
951
963
20
19
18
17
16
97
25
22
21
17
5
6
7
62
66
50
1
34
37
61
63
65
31
171
175
207
236
241
72
203
199
197
189
46
70
188
185
182
71
4
163
161
159
80
76
78
159
84
165
86
84
82
4
141
18
66
84
92
95
3
5
137
72
75
80
47
101
162
165
1562
1560
137
139
103
107
110
136
89
129
156
157
105
106
122
302
191
117
119
288
289
290
112
104
106
109
129
139
180
218
281
282
283
127
129
193
200
201
134
173
110
115
117
135
153
214
216
219
229
235
236
237
232
241
242
245
143
236
239
241
250
153
248
251
252
253
256
260
158
237
240
275
277
23
364
1
19
398
396
392
391
18
22
399
398
367
397
389
372
2
361
360
359
356
324
323
56
360
358
326
5
13
14
400
398
28
398
397
395
392
190
6
9
10
388
386
380
389
385
4
386
384
382
424
420
389
384
358
1
11
413
402
401
398
399
397
398
386
385
1
381
374
372
367
346
375
373
367
360
331
330
329
16
335
326
325
324
321
4
7
414
411
408
330
328
327
326
17
82
347
342
340
339
335
333
3
413
412
419
418
417
416
20
424
423
422
218
1
16
239
237
232
334
332
238
233
340
337
336
231
340
337
336
335
352
341
340
357
356
333
331
329
1
300
299
1
107
1
299
297
295
108
300
298
275
111
301
286
283
281
276
282
280
275
271
117
1
263
262
1
270
264
263
275
274
271
265
259
255
254
262
258
256
255
250
248
234
231
443
251
247
242
444
253
248
238
236
4
416
384
383
382
390
389
388
380
3
10
380
373
372
7
378
376
360
358
3
379
376
375
374
382
378
376
368
367
21
377
346
345
342
341
339
387
383
381
380
376
338
335
383
382
369
368
351
350
382
381
380
379
373
3
371
362
360
356
382
379
378
375
374
359
2
32
34
299
282
30
284
282
280
369
368
367
360
2
357
355
353
349
348
7
355
354
350
368
366
361
5
358
357
352
350
347
341
362
361
350
362
355
353
350
347
344
2
3
344
343
341
161
351
345
342
165
164
163
347
182
180
2
68
331
330
329
327
276
261
185
333
194
188
182
8
335
333
332
330
1
368
367
342
340
338
369
343
328
326
324
322
320
18
402
401
400
311
309
2
310
289
1
2
6
330
292
1
2
334
333
332
331
330
291
1
4
336
285
343
341
337
336
1
21
289
285
281
262
290
279
278
263
298
293
291
244
241
239
237
317
312
302
275
310
239
237
213
2
318
209
208
206
7
320
213
211
201
198
2
421
419
415
211
1
426
423
417
427
418
417
329
432
427
425
424
1
2
211
200
198
186
126
125
124
123
122
2
3
212
208
205
201
202
710
200
1
230
223
206
204
203
191
224
223
208
1
114
109
106
105
2
106
101
119
118
389
115
31
110
103
102
101
105
99
91
90
72
70
102
100
99
97
92
1
90
89
80
76
75
11
12
92
91
76
75
77
76
74
72
69
112
110
73
1
242
714
239
688
243
242
240
304
305
66
55
53
52
306
325
326
71
69
68
68
67
66
61
58
2
436
441
442
193
190
174
172
1
245
189
187
183
181
283
281
278
328
325
324
322
192
186
184
182
180
174
164
2
5
7
169
167
165
1
207
182
178
172
168
174
173
171
169
1
86
73
71
68
36
87
85
37
12
13
149
130
129
120
117
1
3
173
158
155
153
2
174
4
6
121
119
117
93
172
161
109
493
491
488
481
475
86
84
508
506
1
2
108
100
97
1
2
131
129
101
130
129
127
126
136
133
103
98
478
1
137
136
485
479
476
474
449
448
447
446
441
1658
1656
1994
466
448
446
141
140
138
137
136
132
386
143
142
141
447
140
1
95
449
443
1
2
5
100
99
97
96
444
1
98
1
2
102
99
1
110
108
104
111
101
450
451
449
447
413
411
409
427
426
424
422
421
420
1
610
612
316
312
307
439
421
1032
611
359
317
310
24
421
419
417
402
1391
409
408
405
403
1392
1380
35
336
330
214
204
201
199
361
358
356
353
349
335
332
325
288
285
204
1
2
303
301
299
4
300
297
294
287
421
419
314
311
307
305
303
9
275
272
268
265
250
247
1
124
300
276
273
301
145
141
132
265
263
269
266
258
254
253
1
355
353
348
258
356
352
349
1
3
291
252
251
248
222
1
292
288
255
223
289
287
284
256
251
244
235
234
232
225
307
305
293
289
286
244
202
200
199
198
15
214
212
209
208
207
202
422
421
419
202
200
197
385
383
256
252
249
247
245
421
419
388
246
203
202
3
427
422
421
420
442
441
439
437
438
436
434
433
432
428
431
430
429
424
192
190
189
1
3
200
192
190
188
201
189
2
224
223
221
189
187
194
193
192
657
191
223
205
191
190
1
229
227
225
683
231
230
229
222
682
190
376
374
371
234
325
324
309
307
292
291
323
318
315
314
312
311
310
307
306
305
303
302
2
339
334
324
323
331
293
292
343
341
336
334
292
290
289
279
276
292
291
290
289
288
291
288
285
283
281
268
267
262
1
39
31
29
24
23
25
24
23
21
20
19
290
275
270
269
267
44
265
49
47
45
44
266
163
48
269
166
164
1
2
269
262
246
245
244
170
169
263
260
259
247
249
247
246
1
2
432
431
427
320
430
429
428
323
321
434
433
253
244
243
445
444
443
442
451
450
443
233
231
91
226
117
100
98
96
7
9
145
143
141
140
200
191
149
144
142
220
198
189
187
1
193
174
153
152
178
175
133
126
124
122
91
161
159
131
95
92
90
88
152
144
142
125
120
216
197
149
145
202
197
195
193
120
233
225
223
221
132
126
116
115
120
434
432
428
121
435
429
426
420
114
110
108
105
94
1
98
566
564
97
96
82
98
92
1
97
51
50
49
291
290
289
288
100
98
95
94
51
1
93
92
76
72
4
94
90
77
1
92
89
88
652
93
89
88
554
2
88
83
82
79
59
390
54
48
47
1
94
81
80
84
82
81
1
88
87
85
88
86
84
80
78
77
1
77
76
75
73
71
533
90
81
79
78
77
74
73
72
71
56
54
53
1
2
308
307
306
1
3
320
319
316
307
317
310
470
466
431
425
424
411
406
386
66
322
321
310
474
473
453
451
449
447
448
446
445
443
63
53
52
51
50
47
52
51
50
42
41
493
477
475
473
471
461
40
36
35
546
87
34
33
32
30
29
493
496
489
482
478
7
18
20
23
2
4
8
21
4
83
85
87
92
2
4
6
26
81
4
13
73
77
88
90
2
22
24
22
73
19
21
25
67
70
2
4
39
82
37
52
53
55
80
116
60
77
78
4
71
74
4
75
3
62
64
88
67
63
79
81
84
72
75
77
79
80
83
189
190
191
2
79
86
184
84
91
182
184
30
88
91
92
94
97
100
102
104
105
107
116
165
167
2
97
99
100
21
23
24
85
91
95
98
3
99
108
109
110
122
107
108
109
110
111
119
6
18
2
6
9
114
128
130
311
112
123
126
3
123
124
125
117
118
119
120
133
135
79
80
82
83
84
118
123
124
125
126
127
129
1
66
68
70
79
254
78
83
253
2
116
1017
1032
118
119
120
6
8
116
117
60
69
72
73
7
74
78
835
775
2
11
111
171
172
2
9
109
110
165
2
109
163
3
107
161
162
163
115
117
118
119
121
156
159
160
150
152
153
156
157
159
116
151
152
153
155
130
133
136
137
150
2
5
78
13
124
134
136
137
243
267
122
124
134
132
135
2
5
131
132
133
174
3
167
168
170
172
1
4
120
123
129
3
8
128
129
132
162
164
116
118
126
127
137
138
140
145
205
1192
142
143
147
204
6
124
143
148
150
154
141
143
173
174
198
140
165
166
168
137
147
148
150
165
182
183
185
196
197
199
1169
207
168
169
176
206
208
157
159
160
163
165
168
171
174
2
128
182
2
126
183
185
1157
119
180
181
1150
1155
1164
10
251
257
294
318
160
239
247
249
255
710
269
272
274
276
283
285
295
71
278
279
281
1
67
71
279
66
274
276
278
49
50
51
291
292
296
1
286
289
295
301
22
298
300
304
323
397
282
284
308
234
304
305
307
308
309
311
312
156
158
159
18
319
321
323
126
296
307
308
310
312
314
150
152
319
323
326
328
1
329
331
332
334
316
330
333
345
347
349
3441
3443
252
255
100
95
93
356
1348
358
1344
363
365
51
389
394
1247
1244
1951
1952
2
355
362
372
346
350
353
370
371
270
272
376
378
384
385
301
305
375
381
382
189
191
194
196
191
198
257
262
265
271
251
253
269
295
250
254
255
257
192
194
196
224
258
259
1
237
245
248
292
299
303
297
298
300
302
4
8
314
317
4
277
313
147
260
261
263
265
266
285
368
369
273
276
277
285
306
344
345
347
348
26
27
347
350
354
372
2
266
331
332
264
266
302
325
327
329
81
52
299
318
319
321
277
293
295
298
301
2
55
309
310
312
314
62
61
57
56
55
312
88
86
84
83
63
62
90
86
85
84
83
100
99
98
97
85
326
99
98
96
319
321
324
2
3
152
146
1
1505
154
184
249
1504
157
149
147
144
135
1398
106
317
321
1321
328
343
344
346
320
1316
343
345
1298
220
223
230
232
235
258
2
228
235
239
175
185
226
237
243
245
1
220
243
245
247
252
2
175
171
246
251
184
1
177
310
186
185
2
4
309
186
185
184
181
298
305
306
307
183
182
189
188
187
205
208
182
173
150
149
1
7
158
155
152
151
149
147
138
2
150
148
2903
152
2900
2901
142
156
146
145
2
193
189
184
181
178
175
169
164
117
290
180
287
288
289
290
2
112
111
275
276
284
285
273
277
280
282
268
269
270
272
273
274
257
258
259
270
273
274
157
1
225
259
260
261
223
224
258
261
262
66
223
224
225
199
202
210
216
225
105
88
87
52
55
68
2521
105
103
2502
102
100
2416
96
19
161
153
148
118
82
2915
34
96
3133
65
63
62
56
165
152
150
143
139
2
90
78
76
74
71
76
73
68
67
64
62
2
56
53
515
50
48
86
82
517
52
514
559
549
89
87
517
96
50
49
3
4
5
5
67
66
64
62
33
38
36
35
30
12
57
45
42
38
34
75
72
69
66
65
72
40
38
36
34
7
74
73
15
12
22
26
24
23
21
15
1
3
33
32
31
29
28
26
39
80
42
26
22
20
7
16
15
13
11
3
137
3172
133
130
3167
131
92
90
22
142
140
4
20
4
2
1
8
4
1
1
3
5
7
2
10
6
10
12
17
8
15
17
22
24
27
31
46
21
19
20
25
29
39
41
43
48
67
69
2
14
20
24
26
43
44
57
12
39
41
44
64
63
59
58
42
44
56
63
2
8
53
57
66
68
45
51
66
2
4
7
27
60
78
25
64
66
3
58
53
55
87
17
78
83
86
93
95
43
52
80
82
85
2
86
92
96
97
66
69
73
94
95
9
1044
1047
1049
72
76
77
78
71
103
104
105
1098
1100
79
80
81
88
91
41
44
67
68
70
72
5
52
163
189
2
56
155
157
160
164
54
875
151
153
4
6
47
49
52
156
158
39
47
49
51
45
47
48
35
41
42
43
158
257
5
7
166
169
173
151
153
155
168
172
2
161
220
223
226
162
189
191
193
218
164
167
169
171
184
199
200
203
205
207
190
194
195
197
198
201
205
207
209
213
217
220
221
147
149
211
214
215
216
214
215
219
230
217
218
219
268
272
11
176
186
223
224
219
220
221
251
254
255
256
218
220
221
222
223
234
235
4
234
239
244
245
247
249
220
224
227
228
229
230
231
233
235
2
159
158
157
154
138
234
237
238
2
160
236
237
240
4
235
236
237
238
82
81
366
368
768
172
83
168
169
170
176
232
233
366
238
211
212
213
214
89
166
170
171
172
173
176
174
192
207
199
200
216
217
219
247
248
249
2
175
184
185
186
190
176
179
180
181
182
188
190
35
36
232
233
234
235
256
260
2
215
219
221
222
238
771
216
217
218
236
6
225
334
329
227
6
11
152
227
228
327
219
221
222
223
541
5
223
333
2
203
764
205
208
141
143
215
218
549
16
201
762
4
134
210
213
122
130
351
3
24
211
212
5
207
208
209
210
192
202
203
204
206
202
205
206
235
190
191
197
198
199
185
188
189
5
22
32
203
215
221
222
17
198
1
13
219
220
221
223
2
12
223
5
411
645
174
188
221
222
235
3
4
6
221
223
232
233
217
218
219
220
230
2
226
228
217
218
219
220
223
224
207
211
216
218
280
279
278
277
274
288
286
285
284
3
290
288
283
275
274
279
277
276
272
2
278
277
275
274
273
185
277
275
287
284
266
265
263
252
250
1
267
256
255
254
257
255
254
251
4
256
253
251
261
260
253
251
244
298
297
260
255
2
7
12
253
251
230
253
252
233
232
5
238
237
235
233
2
329
271
266
265
238
235
13
9
237
234
21
15
32
30
27
25
19
16
38
232
228
218
2
4
247
243
241
238
237
231
241
240
233
232
251
241
240
239
299
277
275
272
266
216
215
213
303
301
299
283
279
276
22
248
229
225
55
56
57
62
217
53
240
228
227
224
221
173
172
171
34
207
206
205
199
240
228
208
203
202
201
1
3
6
251
174
173
252
185
179
176
175
3
176
175
6
178
177
176
175
166
262
258
257
178
176
90
266
262
260
259
8
3424
3422
122
112
105
177
132
129
109
106
2
182
180
174
173
172
178
176
175
173
158
155
149
148
146
172
171
169
165
2708
157
2724
151
150
133
16
163
166
171
196
204
205
208
5
42
40
38
197
198
199
33
128
21
7
192
43
26
25
22
21
191
192
193
20
38
35
34
15
3348
45
36
35
3369
33
130
124
120
2
97
93
87
100
94
86
83
78
99
97
92
89
1
86
74
66
75
73
69
67
70
68
64
3433
65
63
59
57
55
1
3
59
58
57
54
41
15
12
10
9
3
2
17
43
42
20
16
14
15
44
41
35
30
2
41
40
32
2
37
34
85
39
137
4
38
45
52
54
57
95
96
36
41
87
89
91
50
41
37
66
15
4
2
1
20
2
42
24
14
88
29
26
24
22
16
3
14
9
6
8
11
13
15
2
5
3
1
4
3
1
1
2
6
2
297
6
201
291
292
295
199
291
292
293
294
295
8
3
9
11
14
195
197
276
278
280
286
15
237
271
272
273
1
1
3
15
16
2
11
14
55
57
61
65
53
55
20
23
49
50
55
68
38
41
43
44
36
46
51
3
50
52
54
56
51
53
55
221
149
172
220
251
3
140
144
61
200
201
214
58
193
197
3
27
47
48
61
63
644
647
22
24
27
33
54
56
60
4
567
50
89
528
527
1
2
64
68
93
1
63
55
1
91
46
51
55
124
47
50
51
52
54
57
3
52
53
55
61
66
3
61
63
58
63
64
1
77
518
513
128
1
73
76
127
128
123
126
127
130
133
138
2
66
68
126
129
164
2
161
162
163
164
165
167
127
130
162
163
163
173
157
159
162
164
166
168
169
171
172
1
4
167
168
69
3
83
95
92
86
70
1
26
104
101
98
90
88
81
107
105
89
164
165
100
98
1
149
150
167
169
171
185
3
5
168
169
170
181
166
167
180
182
183
1
3
175
176
235
233
2
175
176
178
164
170
171
236
12
169
170
232
230
189
286
245
244
243
1
287
286
265
257
247
269
266
262
258
251
212
197
1
4
251
234
233
218
210
3
231
228
219
237
231
4
153
155
242
239
123
149
150
127
238
235
164
163
159
138
235
195
192
191
189
239
237
188
186
183
178
173
169
168
167
2
1107
182
749
180
177
187
184
183
182
14
12
215
208
192
191
190
196
194
191
177
175
170
2
358
1284
192
190
360
197
192
190
187
186
6
10
195
193
890
892
4
201
189
188
880
6
841
113
3
847
120
119
846
842
11
199
195
126
123
122
119
203
202
201
195
122
208
207
193
117
197
188
178
170
169
168
202
201
169
167
165
162
204
138
137
136
135
15
14
13
552
12
480
240
138
137
136
135
133
18
111
114
118
247
244
243
484
486
242
240
239
238
236
232
15
239
237
236
235
233
2
4
74
77
79
2
1683
1389
240
75
1681
1674
67
68
70
294
287
9
8
7
283
278
275
261
258
252
271
263
28
26
14
3
250
1388
249
248
1397
245
1389
1392
1394
248
247
2
4
20
255
253
1678
262
251
250
467
471
2
255
1929
1207
240
234
16
236
157
241
239
235
237
206
203
165
162
2
7
211
200
197
194
190
170
204
202
172
170
168
2
14
136
129
126
185
182
177
131
128
208
204
197
195
193
2
279
183
181
161
159
48
281
185
169
166
164
308
280
277
275
173
168
36
165
155
149
145
168
150
148
140
3
5
116
91
87
2
155
153
92
157
152
123
121
148
145
142
140
133
132
123
121
119
117
116
114
112
2
129
115
113
131
115
113
111
5
113
109
107
105
102
324
314
128
119
117
100
96
120
118
116
107
106
105
1
190
183
91
88
97
96
95
92
89
112
111
110
109
108
106
97
191
188
185
116
4
96
95
91
206
204
96
95
100
95
93
89
88
80
79
78
75
71
69
1
117
115
114
113
90
118
117
69
58
48
44
38
75
71
68
65
64
62
55
52
28
25
2
44
41
34
1734
43
40
1745
1744
3
7
8
4
3
2
1
6
12
11
9
1676
1707
15
14
13
1736
191
32
71
4
11
17
176
1
8
6
1694
10
9
28
1758
31
18
20
22
24
45
2
5
14
20
30
32
18
27
28
8
287
50
52
54
69
9
11
27
32
34
45
34
38
39
41
43
44
48
70
72
73
74
2
46
47
59
61
57
59
61
2
23
70
71
72
73
64
65
68
2
71
74
80
81
5
69
79
80
20
23
73
74
75
39
17
15
13
72
2
23
61
62
64
75
86
87
21
33
83
85
11
83
84
93
94
3
54
81
83
91
2
51
80
81
49
79
89
94
96
81
82
83
64
66
81
83
84
79
80
81
82
90
59
61
62
63
83
84
85
86
88
87
92
93
107
100
102
103
116
117
135
48
50
67
83
84
41
44
50
52
60
58
39
40
62
38
103
100
102
107
108
72
99
108
111
112
113
115
116
3
117
118
119
120
121
115
117
71
73
74
75
77
78
114
525
524
2
3
6
1
2
4
66
1
2
526
1
2
1
2
524
1
2
3
6
7
522
527
5
1
5
1
3
2
4
2
46
421
1
2
522
1
4
44
1
2
3
524
1
5
525
1
36
39
40
2
531
33
533
1
9
8
1
1
2
11
1
2
9
10
1
19
1
7
18
1
6
17
205
207
2
3
88
89
196
201
1
3
1
2
1
3
78
79
4
17
25
27
2
23
76
13
21
4
6
8
4
5
2
1
2
1
26
1
4
11
10
1
3
10
17
18
20
2
4
7
2
9
14
1
3
7
2
7
8
2
27
25
43
45
2
7
2
5
3
5
262
2
3
7
12
14
1
4
2
6
247
248
5
1
2
6
11
1
10
242
241
1
2
1
4
1
3
4
5
3
5
14
1
2
2
221
231
232
2
219
1
2
30
29
30
31
28
1
4
25
3
23
24
1
3
8
9
14
12
13
2
2
3
4
5
2
1
2
1
1
1
109
112
1
3
4
8
9
10
1
2
1
2
101
105
1
3
4
52
51
54
94
1
3
19
22
24
35
49
1
2
45
48
49
1
1
2
4
16
1
1
2
4
5
11
1
10
12
1
2
1
1
2
6
140
2
4
14
127
128
130
132
1
3
4
12
131
2
130
9
10
2
8
5
6
3
5
7
9
13
18
24
27
36
1
2
6
7
11
1
2
116
2
3
101
108
114
1
4
97
98
4
5
197
95
3
1
193
18
25
2
187
185
187
3
4
12
3
8
2
5
17
40
3
5
2
5
11
3
5
166
167
164
158
159
161
21
23
3
154
7
150
151
4
6
8
391
392
410
411
79
143
2
4
6
4
27
29
381
383
1
2
1
5
17
2
4
9
16
4
7
3
2
6
14
2
4
2
3
1
3
8
2
5
352
1
10
14
15
1
2
1
1
2
1
2
3
1
1
1
3
5
81
375
4
1
2
10
11
1
3
7
8
10
1
1
2
1
4
1
2
3
1
2
20
19
2
3
1
4
1
3
2
1
2
3
2
1
6
8
5
3
35
36
42
1
2
31
32
34
1
2
3
14
1
32
1
2
1
9
1
1
2
1
2
331
6
333
1
3
4
241
3
574
63
64
60
61
2
3
7
1
9
225
5
8
224
238
1
1
19
3
1
8
9
1
2
1
208
1
2
96
97
117
209
1
2
208
92
113
115
204
206
1
80
83
86
88
2
79
1
22
23
76
78
1
4
77
1
2
3
1
3
1
2
4
6
7
2
3
1
3
2
2
16
12
14
1
4
11
3
7
56
1
53
2
3
11
14
25
30
1
49
27
1
2
4
6
3
5
6
2
8
10
228
294
6
1
3
2
3
1
9
11
187
2
186
190
186
188
189
3
16
20
167
2
3
1
3
4
17
2
1
5
4
6
7
13
4
5
13
17
2
1
1
6
8
5
7
3
4
145
147
151
4
1
2
1
144
51
4
1
5
7
14
17
2
4
38
40
2
2
7
2
5
3
3
2
2
21
1
3
15
21
2
107
112
2
4
105
2
8
37
1
6
101
3
5
71
2
29
31
61
64
68
29
2
4
6
27
2
5
25
2
2
14
16
20
4
12
2
3
11
1
4
2
3
8
1
6
1
5
1
14
16
2
4
13
2
4
2
6
9
32
2
5
7
9
26
28
3
26
5
10
15
19
21
2
2
3
5
14
17
1036
56
116
815
2
985
980
221
46
2
4
5
987
2
3
1
991
116
371
12
20
114
374
2
3
1
3
2
3
4
2
4
8
2
2
4
24
2
19
20
22
1
3
4
19
396
18
1
8
10
16
2
3
9
1
446
406
2
6
7
475
15
26
5
33
46
460
459
2
3
5
7
8
1
2
28
2
5
7
26
1
3
2
1
15
10
2
2
4
13
16
14
2
15
13
12
1
510
513
2
6
5
7
3
511
4
1
1
1
2
1
2
1
2
10
102
6
7
8
508
4
507
2
505
1
9
10
11
2
5
8
1
1
3
1
4
118
114
117
115
112
1
1
1
1
2
1
40
39
2
3
5
6
7
8
6
35
37
1
1
3
138
139
133
2
3
2
145
141
8
1
3
5
6
316
308
5
1
2
339
316
1
2
319
317
1
3
4
1
18
17
1
3
5
6
7
9
2
3
4
64
352
349
2
354
1
58
529
61
1
57
1
56
1
2
55
1
3
51
2
1
48
47
48
1
9
10
1
8
2
2
1
4
5
3
1
2
1
3
488
487
1
2
1
10
11
1
2
32
1
5
25
24
30
636
29
35
660
2
3
5
607
24
3
20
22
2
3
5
610
1
2
1
635
3
5
2
4
10
2
6
2
22
24
201
4
6
14
16
2
1
3
23
27
31
30
625
20
2
2
11
9
229
227
225
2
5
49
50
318
311
231
3
6
44
45
46
47
48
3
236
2
5
39
3
4
6
3
19
32
34
2
4
16
14
16
592
595
12
1
3
4
580
2
3
6
2
3
1
589
2
587
1
1
3
587
416
414
2
1212
173
2
3
342
338
1
3
4
2
1
3
1
2
1
2
1
2
2
4
10
24
1
2
368
364
6
373
366
3
6
10
33
3
14
30
379
4
8
11
4
11
17
23
5
7
2
5
399
383
380
3
6
3
5
11
14
404
2
6
420
6
416
424
426
424
3
422
425
421
418
416
413
4
8
5
408
411
417
5
8
10
16
3
6
403
3
3
6
9
6
9
3
2
1530
1533
1528
1
3
18
1
2
17
1
15
16
423
1
2
3
13
1
423
1
2
1
8
9
10
7
416
417
4
6
25
29
402
406
415
3
14
24
25
1
1
409
1
8
9
1
1
2
1
1042
1038
4
5
1039
4
8
10
1046
2
6
4
4
17
23
2
1036
1
1
8
11
2
24
1038
3
5
12
22
2
6
2
4
7
2
5
8
3
8
10
2
5
124
2
1012
2
1003
2
7
11
18
900
2
105
103
1
5
1
4
3
1
4
1
5
4
370
2
4
5
364
1
7
2
1
2
6
8
359
1
4
1
2
3
1
2
1
2
1
2
210
1
2
15
200
199
206
208
2
13
198
200
1
2
3
194
195
1
11
194
198
1
5
6
10
5
191
110
111
178
180
1
4
98
107
1
5
975
973
10
94
989
8
12
49
2
23
27
34
36
3
34
37
44
53
41
2
9
14
983
3
7
980
81
84
2
4
145
187
1061
2
142
143
3
5
2
6
4
7
126
128
7
30
32
42
2
37
19
23
35
4
7
12
16
5
8
3
4
4
2
10
13
3
24
2
7
14
21
19
3
2
7
78
81
5
72
74
76
32
37
40
2
4
67
2
65
3
3
4
3
6
3
15
2
4
8
2
4
2
4
5
1
2
5
1
3
5
7
8
1
3
2
1
3
4
6
1
3
4
7
2
7
9
44
2
42
45
43
2
34
35
37
3
31
33
2
7
9
2
5
3
5
13
15
17
2
2
8
2
4
5
6
3
1
2
3
1
2
1
2
1
42
41
1
2
1
2
1
2
37
2
3
35
905
906
908
1
18
1
17
20
4
6
14
15
19
1
2
5
1
3
4
2
3
8
10
1
2
1
2
5
1
1
3
10
1
2
1
2
1
2
5
7
1
3
4
2
3
15
1
8
14
1
2
7
13
1
3
5
1
2
1
2
3
2
1
3
2
1
2
849
862
867
1184
1
848
12
13
849
848
6
8
9
11
1
1
2
856
854
870
2
3
8
9
16
2
5
1
3
2
4
5
2
3
10
1
2
1
1
39
57
317
3
4
5
1
2
3
16
1
33
34
1
33
1
2
3
5
13
1
1
2
2
3
4
5
6
7
14
1
872
3
873
1
2
874
3
3
2
3
4
7
8
9
8
9
1
2
3
1
2
3
8
10
1
9
10
15
1
1
5
1
2
1
2
67
68
1
2
65
1
2
3
20
1
1
5
2
3
4
14
17
1
6
8
13
1
5
12
1
2
4
1
1
2
1
1
2
1
2
3
18
2
5
1
2
16
1
3
1
2
3
10
1
3
1
2
41
42
2
3
4
21
41
38
39
2
15
19
21
1
2
1
2
12
13
15
1
2
3
2
12
13
1
2
3
1
3
5
10
1
2
1
2
260
1
2
1
258
259
1
5
258
4
254
255
257
1
3
4
238
252
254
1
3
237
7
8
236
1
251
7
10
12
21
1
2
1
4
5
1
224
227
229
231
223
1
101
103
3
7
100
218
2
4
2
4
7
8
9
2
4
8
10
13
3
6
1
13
14
8
9
11
13
1
3
4
1
1
2
1
2
4
3
1
2
1
2
3
1
7
9
2
3
6
1
1
2
3
74
1
73
1
64
66
68
72
1
2
30
67
1
2
3
7
29
1
1
4
2
4
7
2
20
22
3
5
7
15
18
2
2
8
136
138
140
2
4
22
134
4
20
132
18
21
109
130
3
5
13
16
128
2
6
8
37
2
22
33
35
2
4
19
20
33
2
31
3
6
8
13
15
3
2
88
1
4
5
3
83
87
1
59
80
2
9
58
1
5
7
10
9
2
7
13
18
23
2
5
21
19
41
42
2
6
8
2
2
3
5
1
2
2
5
3
3
5
11
14
16
19
26
2
5
103
107
3
4
9
82
1
563
98
546
78
562
468
16
5
13
15
29
33
2
73
28
1
7
1
6
5
2
2
1
21
48
20
1
3
6
18
5
59
57
55
53
3
15
17
55
58
1
4
6
3
5
9
42
2
39
4
6
17
19
21
30
35
2
2
5
3
5
10
2
96
5
303
105
103
98
4
312
308
305
1
2
316
2
4
318
316
2
6
9
4
299
320
5
7
14
16
14
482
295
297
2
5
3
5
7
2
2
468
1
2
3
6
2
189
188
185
1
194
195
192
191
1
2
3
5
38
41
43
1
40
44
1
7
1
2
6
1
4
5
19
20
33
35
1
2
6
8
14
16
1
2
3
5
1
14
1
466
447
444
2
2
4
22
2
5
15
20
1
7
11
10
2
4
8
16
14
4
2
5
3
449
5
1
2
3
5
6
7
437
1
6
6
1
2
1
3
1
2
3
441
443
459
53
1
438
1
2
1
3
11
2
4
2
2
4
1
2
3
6
16
1
13
15
16
1
2
1
2
3
1
1
6
8
10
1
2
4
1
2
3
39
1
39
40
54
37
38
2
19
35
36
1
2
4
14
15
16
2
3
2
5
13
2
3
4
1
2
4
7
9
1
8
1
2
2
3
241
3
5
10
255
244
1
2
246
245
243
1
2
1
2
247
3
4
5
1
2
9
10
11
17
1
16
1
7
1
2
3
4
6
1
2
265
1
1
2
267
1
2
384
383
384
382
379
269
1
386
2
19
387
5
6
1
2
17
2
3
7
9
9
14
15
1
3
4
5
1
2
1
1
1
1
2
3
4
14
1
2
1
1
5
1
2
3
4
10
1
7
9
1
4
5
6
1
3
408
1
411
409
1
444
442
440
416
411
1
4
5
446
445
2
3
2
3
4
1
1
1
3
451
1
2
1
464
465
458
454
1
4
8
23
368
7
4
19
4
7
16
17
4
2
3
1
4
2
16
18
20
26
2
3
1
4
8
10
65
1
7
4
6
65
345
2
4
61
63
2
61
55
2
51
2
11
16
19
22
20
37
39
42
2
5
3
2
2
3
5
1
2
3
3
7
20
109
110
17
1
4
12
1
3
13
2
12
13
102
1
8
97
98
99
100
2
7
72
94
95
96
3
5
70
1
62
64
2
1
25
2
4
24
2
3
4
2
4
20
1
3
2
2
2
5
11
12
18
41
2
3
1
36
2
3
5
23
32
35
1
3
7
29
2
7
8
10
18
2
5
3
111
2
10
105
103
106
3
6
12
7
9
6
12
1
3
4
91
94
2
93
6
13
14
15
87
3
4
22
2
16
18
1
2
1
1
61
62
71
72
1
2
3
9
10
1
9
58
1
3
54
55
56
57
1
2
5
6
1
3
38
39
37
51
1
2
16
35
34
36
1
14
1
2
1
1
1
1
1
8
1
4
5
6
7
1
1
2
5
6
7
1
6
7
1
4
1
3
18
19
1
2
11
16
15
1
9
1
3
3
1
1
1
2
1
1
2
619
2
6
622
620
2
4
1
2
1
629
627
610
12
14
628
2
6
15
17
19
2
6
196
198
2
4
190
192
194
2
188
2
190
2
9
7
622
3
6
8
19
20
611
619
607
605
9
11
2
3
616
1
615
616
2
4
2
3
5
12
1
170
1
2
145
166
169
1
1491
1493
5
144
4
5
7
2
4
1486
2
244
246
247
250
1349
1
9
1490
1489
8
1
1
2
1497
1
592
1493
1496
901
4
7
8
3
5
6
15
3
1
6
8
10
1
5
4
849
848
207
208
2
210
913
2
912
208
1
60
914
1
15
56
1
2
3
14
5
7
13
1
1
1
2
1
1
5
6
1
3
4
2
1
6
10
1
3
2
41
1
2
4
36
37
35
39
2
3
4
16
17
2
6
15
15
33
1
2
4
13
1
2
3
9
1
1
3
4
2
1
2
3
10
1
9
10
2
7
20
1
18
1
2
3
1
9
12
1
2
1
1
44
46
47
106
1
43
1
1
3
3
2
9
11
12
13
12
26
1
2
4
3
1
1
1
1055
1
2
1
3
14
2
5
3
10
11
1
61
62
7
60
2
5
28
1
3
2
57
1
2
1
3
4
11
15
18
2
1
2
4
7
2
3
1
3
5
15
17
60
4
2
3
12
1
3
7
9
2
17
24
26
1
26
1
3
25
2
2
1
3
4
40
42
43
3
5
7
8
1
3
2
3
1
3
4
30
31
3
7
1
24
25
2
4
2
4
14
2
7
8
10
984
986
987
1
936
972
973
2
3
9
36
30
35
37
3
6
33
3
6
25
30
3
10
21
15
19
3
13
73
74
69
9
6
6
37
43
44
5
6
10
22
24
36
38
1
31
61
4
60
5
14
3
7
2
4
16
1
3
12
1
2
1
2
1
5
9
2
2
4
2
7
10
22
23
24
26
1
3
2
3
4
2
6
1
4
2
6
113
3
6
3
6
7
97
2
3
4
12
14
1
12
18
19
1
1
7
8
2
1
143
2
149
144
1
2
151
1
2
1
156
155
153
2
21
178
162
160
2
5
13
18
19
82
1
3
2
2
77
2
4
7
14
31
2
29
33
35
60
64
5
60
62
69
2
3
5
7
196
1
199
2
3
208
204
201
2
211
2
4
12
116
2
7
9
10
3
5
112
2
104
107
109
110
2
105
1
5
11
14
16
103
104
4
2
6
8
6
2
4
25
27
2
3
2
7
1706
4
227
229
231
1477
88
2
4
1711
112
117
2
1709
223
113
221
2
4
10
2
1599
6
21
23
1675
1602
1601
3
4
6
8
12
14
18
1
15
2
2
4
2
9
2
4
6
2
1
1698
2
6
21
2
4
2
3
1
7
15
74
2
73
71
73
32
36
67
2
4
8
64
2
4
28
2
4
7
3
5
7
24
3
4
8
12
13
18
21
2
2
4
2
2
5
1
3
20
3
5
19
17
19
2
12
16
3
7
10
4
19
21
24
29
31
2
4
7
2
4
8
66
2
4
2
4
2
3
2
4
5
44
2
16
3
5
14
2
2
3
1
2
6
1
4
3
5
2
23
24
3
106
1
14
17
20
22
12
13
1
3
5
8
2
69
71
2
66
67
3
36
1
8
2
3
5
9
1
7
3
4
21
1
3
16
18
2
10
13
8
4
6
5
17
2
3
1
3
2
12
8
10
3
1
4
20
22
24
3
23
2
16
2
14
2
4
9
12
2
2
3
5
1
2
2
3
1
2
4
2
2
9
1
5
7
1
2
4
18
1
2
1
16
21
1
2
3
14
2
4
5
9
13
1
1
2
4
1
2
5
1
2
3
1642
1
1632
10
65
68
1636
1633
1
3
3
18
55
52
2
4
2
4
7
9
5
5
7
10
15
2
4
2
3
1
4
6
5
2
4
5
1563
1565
2
1
2
3
37
3194
1
3
6
7
3195
3201
10
28
34
1
2
1
2
1
1
2
3536
3534
485
336
1
3191
18
3
355
35
381
4
23
32
2
7
19
28
3
5
2
6
4
3
2
4
6
2
2
421
416
435
9
29
33
5
479
14
3
64
66
63
67
466
467
3
6
32
35
58
3
5
8
27
32
5
3
20
22
4
1
5
10
2
3051
1
2
5
3042
1
147
149
2
3
146
4
5
7
122
1
142
144
3047
2
1
3
10
3049
2
5
7
3
13
26
1
8
10
11
13
2
9
10
3039
5
7
2
3
114
117
1
40
39
109
111
2
3068
2
2
3
7
28
1
3
5
7
13
16
18
406
2
25
18
20
23
403
2
4
2
4
6
2
2
4
2
3
1
2
399
1
2
1
397
387
388
1
4
10
14
16
17
2
3
16
377
380
385
1
3
4
6
2
36
39
1
3
5
22
25
2
4
37
39
22
37
2
17
1
2
15
1
3
361
362
2
3
5
13
1
319
359
2
4
314
318
2
6
8
1
119
310
117
118
304
309
4
17
173
2
2512
8
2504
15
13
169
2
8
3
6
3
15
2512
3
7
8
2982
454
12
19
2970
2515
2528
12
5
9
13
109
1
104
139
2
10
42
43
47
100
4
8
98
100
4
466
462
2
4
428
2
2
29
30
14
18
2994
2989
3
6
3
5
2997
2
3
1
4
7
2
1
2
10
1
68
8
1
1
33
32
38
2
3
8
1
6
8
9
12
30
6
7
29
1
2
3
1
1
3
4
7
9
13
467
1
3
4
1
2
5
55
3
4
12
37
48
50
10
16
453
454
459
8
1
2
6
1
1
3
8
12
21
23
2
441
6
7
443
2
8
1
20
21
23
2
255
259
251
253
254
447
1
2
1
2
4
400
2
3
1
3
2
12
15
16
4
10
4
6
2
2
2
3
1
2
3
14
16
18
1
1
116
118
372
15
115
1
2
6
1
2
3
4
1
4
1
1
70
69
101
1
4
8
102
2
3
65
2
4
6
94
96
100
2
3
13
16
14
18
2
3
10
1
3
8
2
3
5
4
7
14
18
3
2
4
7
2
3
5
41
2
6
35
38
4
2
4
15
16
27
31
2
29
3
2
2
2
2
5
1
3
2
6
4
2
5
21
23
3
16
2
4
2
7
3
5
6
2
5
4
2
1
2
19
18
1
4
10
12
17
3
5
2
6
80
78
2
30
69
76
28
74
2
4
5
2
5
1
21
2
4
12
2
4
2
4
6
8
21
259
2
254
255
256
2
4
2
4
7
2
9
42
1
3
40
2
39
18
23
28
6
225
238
2
7
8
5
219
220
219
221
115
117
215
2
1
2
1
97
104
5
96
3
29
31
4
7
28
42
91
3
5
17
21
2
3
6
11
4
2
5
3
9
12
14
2
6
4
962
3
966
2
977
49
3
4
35
36
1026
1028
1
2
33
34
35
1
2
17
32
1
33
3
15
16
1
2
10
13
1
2
1
2
1
2
1
2
1
1
12
13
24
1
3
7
2
3
1
15
2
3
6
7
8
1
2
3
11
12
1
6
9
10
1
2
1
1
4
990
1041
10
1
2
3
1
3
1
2
1
986
990
1
989
998
4
44
51
1
997
9
14
16
1
993
2
7
2
4
2
2
21
2
3
99
1
3
13
2
93
94
96
3
10
86
91
7
69
85
5
7
65
4
24
25
29
2
3
20
2
7
2
5
3
5
1028
13
1031
2
1033
4
8
1035
2
16
21
1056
2
4
10
14
2
3
5
8
10
1
2
4
2
4
5
2
4
6
15
1
14
16
25
13
2
4
5
2
9
7
2
471
1
8
473
3
2
2
6
9
78
76
2
16
75
2
3
72
1
4
3
3
4
1
2
3
1
16
1
3
1
2
60
59
55
58
2
1
2
50
51
1
6
1
4
5
49
1
3
38
519
516
515
514
48
2
35
36
37
1
2
17
19
20
33
1
1
4
5
12
13
1
2
3
4
9
1
8
1
7
1
2
1
4
1
2
10
13
1
1
1
3
1
15
1
2
14
1
2
1
3
5
6
5
2
3
1
2
1
1
1
2
2
597
594
2
5
596
1
2
604
9
10
47
557
1
3
7
6
3
9
11
242
240
1
2
241
239
237
1
238
5
6
243
1
3
36
38
1
2
6
17
19
1
18
33
34
1
4
33
1
2
3
1
2
3
253
254
253
1
10
11
1
8
9
271
269
256
7
272
1
2
4
6
1
274
2
370
1
2
378
372
370
373
372
9
382
380
376
375
1
2
3
4
1
2
11
1
1
6
9
2
4
5
1
2
3
394
392
383
2
384
1
3
51
53
54
398
396
1
2
1
2
3
1
48
1
17
16
2
3
8
9
10
1
2
11
12
13
14
1
1
2
5
1
2
3
2
3
1
1
1
562
1
1
560
559
4
561
1
1
5
1
3
4
1
2
558
10
27
28
1
26
29
556
1
4
5
548
1
3
3
1
555
553
2
4
11
14
2
3
4
7
8
1
6
1
18
1
10
11
1
2
9
1
1
2
6
7
2
4
2
33
30
31
1
29
1
28
2
3
1
7
11
12
1
6
1
5
1
2
4
1
3
2
1
1
452
1
453
452
1
453
454
1
4
7
1
462
465
463
1
3
4
2
3
485
484
1
2
16
19
491
486
1
487
1
4
14
3
13
14
1
3
4
2
11
1
3
4
5
2
12
1
1
2
1
3
4
1
3
4
510
509
1
2
510
1
1
2
1
3
516
514
1
2
1
517
519
518
1
2
1
3
4
1
3
2
5
1
2
11
12
15
58
320
3043
2644
1
3
1
2
9
1
2
8
1
2
1
2
3
16
2
2
4
5
1
1
2
1
1
3
1
2
8
7
1
43
1
37
36
37
2
3
1
5
16
4
2
1
2
11
1
3
1
2
4
9
3
6
8
1
2
2
3
1
2
3
4
1
2
9
2
1
5
6
7
4
2
4
8
2
3
2
6
9
12
13
1
1
2
3
5
2
3
89
3
1
2
3
2
27
86
1
3
2
1
6
16
1
2
1
3
2
3
5
1
2
4
7
1
2
1
2
1
2
3
1
2
4
19
2
11
13
15
17
3
4
6
25
26
51
52
53
2
51
2
49
2
5
20
1
3
2
3
15
1
3
2
4
12
2
3
1
2
214
213
2
3
188
1
9
10
12
186
190
1
5
6
1
3
4
26
1
14
23
24
1
13
23
1
12
1
11
3
4
10
2
170
180
1
2
4
171
172
1
168
170
2
1
73
4
8
12
13
14
16
1
4
10
23
22
23
66
1
2
5
1
1
3
1
2
12
13
3
8
10
2
5
3
4
12
13
1
2
1
6
7
8
1
2
5
1
2
3
42
43
1
3
17
18
19
1
2
18
38
40
1
1
4
15
1
3
2
1
9
11
8
1
7
2
1
11
1
5
10
24
1
2
23
1
2
22
20
1
3
17
18
19
2
10
11
12
16
7
8
2
2
3
4
1
34
35
1
1
2
1
3
4
27
28
1
4
9
10
1
9
21
22
24
25
1
24
1
1
5
2
2
3
1
1
13
1
12
2
1
2
3
79
78
81
86
1
3
5
6
1
2
76
1
45
68
75
2
42
43
44
1
2
5
17
19
42
1
41
1
2
3
1
10
11
12
1
2
9
1
7
1
2
1
3
1
2
4
15
3
4
9
12
14
13
1
1
2
5
1
2
1
2
3
1
23
1
20
22
3
12
19
6
1
1
2570
2
7
715
2577
148
151
2
5
7
8
11
3289
3
9
10
13
3047
3045
3292
244
245
866
248
1
2
1
2
3
1
1
3
3299
2
3298
23
3301
1
2
241
3060
1
2
3321
1
2
1
2
3319
1
17
3300
13
15
16
2
5
96
97
117
3
6
115
3287
3
92
94
4
40
85
91
7
4
7
27
3
6
8
18
23
3
2
4
5
2
10
1
2
4
6
22
2
4
5
6
8
3
2
2
3
23
45
1
10
12
20
21
2
5
9
7
11
2
6
2
4
2
4
2
3363
1
9
22
2
31
33
3369
6
10
31
2
13
4
11
7
13
16
21
6
1
6
3383
21
2
5
3
3
5
3398
3389
2
3401
3400
10
1
2
9
1
3
88
399
2
53
57
58
59
85
1
2
3
17
1
16
50
2
3
13
14
3402
1
2
3
11
2
1
2
3
9
1
1
4
5
6
1
2
213
1
212
213
1
1
10
1
6
9
1
29
2
3
1
3
2
11
1
9
2
5
116
120
176
178
3
176
2
4
107
2
3
32
104
105
1
3
4
2
16
18
28
29
1
3
12
14
2
1
5
7
4
2
4
2
1
2
1
3
2
6
8
2
16
19
2
8
11
14
74
2
72
1
70
69
70
72
1
2
26
30
32
34
65
1
3
64
66
2
4
28
2
22
24
2
3
21
1
3
14
19
2
8
308
311
2
6
11
7
9
2
4
302
300
299
300
2
5
4
6
10
12
2
4
2
17
19
26
28
31
2
2
12
3
7
10
2
4
265
274
2
3
5
261
262
263
3
2
3
54
222
258
1
2
3
7
2
3
6
8
19
22
1
4
39
19
38
2
3
6
11
2
3
1
2
5
1
3
2
4
2
3
1
56
2
4
19
55
2
5
7
51
52
53
3
10
15
2
1
43
44
2
42
617
40
1
2
6
9
6
7
2
3
4
13
14
1
4
4
7
10
168
3
166
167
168
1
2
3
6
1
5
8
10
1
3
1
2
1
3
13
1
2
3
7
1
6
10
1
2
9
10
1
3
4
138
135
137
1
225
132
136
1
135
1
2
4
564
10
73
72
71
1
570
574
566
569
1
2
3
565
21
4
26
80
84
83
1
2
586
1
3
5
2
4
4
2
108
106
110
4
112
114
118
1
3
11
109
10
22
25
108
3
5
106
2
60
96
99
101
3
12
612
7
9
595
619
2
13
15
17
2
5
617
3
2
3
8
10
12
14
1
13
1
12
1
1
3
2
4
8
2
4
5
2
4
18
645
2
641
1
8
1
2
4
7
1
2
1
1
3
2
1
3
3
30
618
3
27
621
627
3
6
18
24
3
15
3
3
5
31
33
3
6
26
3
8
5
6
1
4
3
4
8
9
1
40
1
3
4
39
1
2
36
1
16
17
1
1
2
1
3
4
2
10
1
2
3
4
2
2
1
2
234
235
232
231
1
236
1
2
1
7
9
1
2
1
14
15
16
13
16
1
6
1
2
1
1
1
407
402
410
408
1
1
2
3
2
7
9
10
14
1
1
3
5
1
1
2
3
4
2
1
5
1
4
1
3
4
1
2
1
3
431
2
3
432
1
2
3
5
8
480
1
2
483
482
481
1
2
1
3
1
3
493
1
2
496
2
2
3
4
1
2
1
1
3
1
2
3
9
45
1
6
40
41
42
3
5
21
2
18
7
4
7
10
6
3
72
74
80
11
13
50
54
3
7
10
4
7
8
10
15
17
2
13
11
17
41
1
2
3
5
2
2
5
3
5
6
2
1
1
1
6
5
7
116
3
8
10
12
2
5
3
100
102
109
2
72
2
44
46
51
2
8
13
42
11
40
4
15
5
11
3
6
29
3
5
9
17
22
26
2
4
6
2
4
8
4
7
3
5
2
5
16
3
4
3
11
3
5
8
2
5
1
4
5
1
2
3
931
1
930
1
175
931
1
3
5
2
1087
1092
3
4
1
10
11
12
1
10
1
9
1
3
5
7
8
2
4
22
23
21
1
2
18
1
15
16
90
2
3
7
8
10
1
3
4
80
1
2
1
2
3
4
69
1
67
69
1
35
66
3
32
2
3
9
29
1
2
6
76
1
2
4
6
4
7
2
3
8
6
8
6
16
19
22
26
2
1
10
7
9
2
22
25
28
31
3
5
8
20
2
3
7
9
12
4
1
3
2
3
2
3
1
2
3
1
8
720
1
2
7
1
2
3
1
5
1
2
4
1
2
730
729
728
1
1
3
731
1
2
357
358
357
1
355
1
729
7
349
354
2
728
5
6
726
4
5
1
2
4
731
1
2
3
1
12
729
8
11
12
13
1
1
2
342
1
2
6
337
341
4
5
1
333
335
1
315
316
332
1629
7
9
1638
315
2
5
19
23
3
21
279
2
14
9
12
1
4
3
5
31
33
30
32
1639
3
4
245
258
259
8
243
3
5
8
5
234
235
238
3
117
230
231
3
112
114
2
1674
1671
1
3
2
1
1
3
2
3
4
1
1
4
1
967
1
966
1
965
967
2
6
2
4
79
79
1
3
4
34
2
33
1
5
31
2
4
2
5
26
3
5
7
13
17
2
3
6
1
2
4
2
20
2
11
17
18
2
5
7
9
3
5
41
2
36
9
13
20
27
1
4
2
4
2
65
73
76
2
4
7
63
2
56
61
67
3
54
2
5
7
2
3
22
1
20
22
50
49
2
2
3
4
2
5
3
2
2
4
10
20
28
111
2
105
108
2
6
9
103
7
101
102
3
72
92
4
65
69
70
2
5
7
61
2
13
26
29
11
6
8
5
6
12
10
13
1
3
2
2
3
1
3
6
3
2
3
7
25
2
3
12
14
1
2
4
22
1
2
9
1
2
4
3
7
9
1
2
2
2
2
15
17
4
10
11
4
2
5
1
17
20
1
16
1
15
2
1
4
5
4
1
2
10
11
1
2
3
6
7
9
1
1
48
66
1
3
47
46
48
2
3
11
22
25
1
1
2
1
8
1
3
1
2
3
1
11
1
4
1
14
1
2
12
1
4
3
7
10
3
4
2
3
6
7
9
1
8
17
7
1
3
1
1
1
2
1
2
3
115
1607
1
1
3
1
4
22
34
41
1
3
40
2
6
39
4
12
15
18
2
5
10
8
2
4
2
5
3
3
3
5
9
12
10
20
37
4
31
1485
27
4
7
3
6
12
9
3
6
10
17
3
61
64
7
3
29
1
9
1751
1
2
3
5
7
8
1
3
204
1
2
1
2
3
2
199
201
1
2
12
17
195
196
197
1
10
1
1742
35
37
3
5
8
5
18
20
3
5
2
13
172
180
5
7
99
100
100
165
95
97
107
89
92
2
10
85
2
4
6
2
27
2
2
4
9
2
21
75
3
5
1727
2
2
5
1
3
16
17
2
13
2
9
11
7
9
3
54
1
10
29
31
34
50
51
2
50
1
2
4
2
17
19
1
3
5
2
11
12
2
3
7
9
1
2
4
2
1
2
1
3
5
15
16
19
4
12
14
2
1
8
1
3
2
2
35
1
31
33
1
25
27
28
1
2
1
2
1
2
3
4
1
2
3
1
3
6
1
2
1
2
3
1
2
3
1
1
1
12
1
2
3
11
1
10
1
2
63
1
2
6
1
36
38
59
61
1
2
4
35
1
2
3
19
17
18
15
3
1
10
1
2
4
8
1
2
1
2
1
4
1
2
3
10
9
1
1
11
17
1
7
8
1
4
3
1
1
4
5
58
1
1
6
2
5
1
13
54
5
6
7
8
2
3
4
1
18
21
1
17
14
15
16
1
5
1
4
1
2
9
11
1
2
4
8
3
41
42
5
6
3
40
39
1
2
35
36
1
35
1
1
2
5
14
1
2
4
2
3
11
2
3
8
10
9
1
2
8
1
1
1
2
7
8
9
1
2
4
19
1
18
19
1
2
4
6
7
11
15
16
1
15
1
2
1
1
2
1
2
1
2
4
1
2
4
1
2
1
2
4
1
2
11
1
2
5
9
10
1
1
3
1
2
1
4
1
1
2
1
1
