840
845
211
212
213
214
215
253
217
934
935
936
937
848
849
538
539
557
558
563
923
925
665
666
667
788
798
75
428
433
434
228
229
230
3311
3309
3305
997
999
479
480
965
966
973
339
346
920
921
925
927
726
728
734
736
737
739
741
743
6
117
624
630
657
606
617
619
628
630
633
926
930
931
699
897
898
902
904
905
909
765
769
771
790
816
977
744
746
747
1470
1473
827
831
832
95
98
8
4
109
122
128
130
131
183
260
786
793
795
255
172
738
740
742
743
745
2854
78
2910
84
98
486
619
625
626
627
644
646
59
60
71
72
39
947
948
949
950
951
57
37
342
955
957
958
964
307
839
841
857
319
321
322
875
880
881
882
488
257
259
262
269
444
602
201
204
211
212
213
214
130
390
391
392
795
739
742
758
760
7
589
591
597
599
150
766
770
628
646
664
776
849
854
36
426
462
268
800
140
186
103
105
108
110
112
115
4
190
193
196
202
714
718
825
341
342
877
878
318
848
472
474
476
478
480
830
831
861
862
863
553
559
561
603
624
649
651
653
655
657
543
541
863
864
692
709
104
592
438
442
638
602
604
727
728
730
431
706
710
713
714
716
718
750
751
752
757
874
645
679
882
884
683
570
572
579
580
884
5
17
23
25
28
30
18
19
20
21
35
30
49
56
62
64
123
81
82
3094
142
143
40
43
149
150
130
828
162
166
168
251
495
498
508
512
519
521
532
877
909
419
421
423
433
907
206
215
637
644
716
717
719
721
723
725
673
679
681
683
110
117
119
410
411
961
658
660
662
664
178
712
720
409
410
411
680
690
384
389
390
391
392
136
139
140
144
253
114
115
116
117
210
120
856
858
860
863
121
63
57
52
77
78
747
17
490
493
494
497
500
664
478
666
672
675
739
480
481
482
520
522
773
782
784
786
359
371
372
373
404
405
406
233
77
433
435
472
497
396
397
398
399
414
614
631
633
634
714
155
744
745
820
826
827
828
833
170
172
815
817
819
861
966
785
787
788
797
800
801
929
934
898
899
900
901
771
21
17
50
56
57
247
167
838
839
609
629
631
642
645
647
337
830
831
28
25
394
134
135
136
138
2
150
213
268
321
327
330
336
150
154
158
264
266
319
38
39
40
41
77
86
495
497
500
466
467
468
475
486
772
774
775
776
780
781
782
824
830
232
808
825
826
827
296
379
679
680
681
911
912
399
327
1471
334
375
394
1994
282
283
284
813
814
815
867
872
319
944
948
949
967
974
309
311
315
316
942
178
305
910
911
918
919
2
288
308
6870
6871
831
832
1578
499
1589
500
503
159
535
488
490
492
494
579
979
1866
1867
1920
1947
1006
1011
1012
1013
286
303
829
834
314
321
876
877
878
66
908
911
912
914
600
571
578
582
592
1
734
520
521
533
561
565
532
534
560
135
456
460
461
462
334
335
339
667
669
670
672
678
288
486
685
703
705
706
309
40
35
30
35
37
38
433
1800
1801
1816
523
15
10
641
13
17
24
25
510
254
259
260
262
60
62
63
64
66
67
513
1178
215
219
1142
1141
111
531
533
535
88
96
102
38
406
407
171
172
173
535
99
100
153
154
161
186
191
192
193
194
115
582
584
208
222
111
567
174
252
253
254
255
633
267
289
290
295
296
113
228
407
408
410
411
412
134
755
757
765
766
641
660
783
328
742
744
746
749
113
782
784
314
316
135
132
131
40
39
37
116
115
93
91
90
89
95
94
82
81
659
675
132
93
55
54
53
676
63
62
61
34
675
63
44
41
671
678
49
42
41
22
20
2
682
36
68
76
66
67
72
74
680
48
49
56
682
684
686
78
83
86
683
684
84
87
713
212
253
260
261
263
267
271
274
676
688
95
96
98
279
202
203
205
207
210
695
191
193
194
195
211
47
694
695
699
744
694
702
703
216
219
250
706
230
233
235
239
243
245
290
293
706
707
313
317
632
699
269
271
276
2
616
704
313
317
319
702
297
299
313
315
330
332
708
384
386
388
709
397
399
402
381
385
390
399
402
404
416
710
712
713
404
406
408
467
384
188
190
191
194
387
399
401
1808
1651
230
243
244
408
411
231
238
242
247
412
236
288
413
415
249
258
259
262
267
268
808
236
253
254
256
275
277
432
163
198
199
200
201
207
420
806
236
240
245
251
265
267
269
273
244
247
508
512
325
326
301
304
305
306
352
355
472
144
145
146
149
150
151
152
153
771
368
129
132
133
134
136
137
331
332
334
338
339
168
326
331
332
531
533
494
521
554
558
560
562
564
1
154
156
157
160
161
162
170
505
161
169
656
657
690
697
426
432
434
507
156
159
540
647
652
415
416
526
490
494
496
555
557
539
477
479
772
649
700
757
762
763
772
563
743
860
861
863
550
744
745
746
747
787
791
793
795
798
800
576
581
797
803
804
809
370
382
384
401
403
405
583
390
41
39
38
1528
396
50
49
877
48
29
892
896
808
809
50
48
44
592
819
827
828
829
830
831
824
844
845
849
850
851
832
833
834
835
461
460
836
322
530
532
533
158
156
345
220
217
215
212
199
180
177
174
325
331
510
515
519
538
543
321
492
500
501
502
507
508
199
537
706
713
715
724
100
699
701
703
707
710
533
680
681
684
697
698
528
530
661
663
684
685
663
666
91
90
83
72
62
60
58
56
54
2952
75
74
73
70
67
66
64
1
2971
2972
15
18
19
2971
2977
1044
14
15
696
664
665
27
28
31
697
699
665
27
51
1
653
655
657
660
665
666
656
659
49
51
597
598
603
605
577
603
604
605
606
38
47
49
577
648
649
100
102
121
136
139
698
700
711
713
32
73
75
76
642
652
121
126
245
636
36
39
41
43
541
95
7
9
11
44
128
126
118
82
294
298
300
302
313
8
644
645
248
277
650
653
324
328
330
332
244
273
276
278
281
635
637
234
237
240
241
7
655
387
388
390
395
618
172
174
182
189
191
371
380
388
390
394
396
439
442
443
444
450
660
661
1449
471
476
1088
1089
133
134
137
138
28
169
170
171
172
186
165
166
185
196
654
431
432
433
434
478
480
657
658
418
420
421
112
109
107
103
419
72
224
229
230
231
233
1
711
715
716
717
721
552
219
220
221
235
236
237
518
522
220
222
223
756
459
466
682
685
686
754
672
675
676
677
679
680
30
614
615
616
619
569
571
281
282
290
306
307
277
278
279
280
549
550
239
262
263
156
157
161
163
164
490
600
159
161
250
256
144
150
158
159
128
130
131
411
607
121
124
125
409
414
415
599
402
409
410
411
412
418
3
397
398
399
400
418
394
415
424
428
429
572
332
334
336
340
344
345
187
182
180
178
176
170
646
297
223
220
217
214
207
427
428
429
433
436
459
599
602
635
640
330
653
655
657
652
334
332
326
322
309
284
169
168
150
149
180
179
178
175
174
173
172
647
649
589
593
610
613
618
304
302
193
113
112
111
286
155
149
148
295
172
170
164
162
161
177
1054
141
142
835
151
152
184
181
129
135
136
137
258
99
97
93
33
34
211
28
1005
29
30
100
2
9
10
11
13
14
16
94
59
58
56
229
224
52
50
49
17
3
264
8
16
17
18
19
262
263
264
265
19
282
283
56
55
53
55
56
57
544
64
63
513
515
516
207
65
354
514
212
63
69
348
352
353
354
214
204
82
83
84
86
345
1
196
192
107
1
197
78
98
106
199
198
191
96
97
103
2
200
92
103
184
185
150
152
157
158
193
177
178
181
182
183
186
210
84
85
86
315
165
191
192
193
207
210
211
1
202
203
204
230
234
239
240
228
229
239
71
70
362
644
211
597
608
614
616
208
604
605
606
607
325
326
327
338
347
358
218
326
327
328
329
338
215
211
124
121
312
313
112
340
341
343
345
487
490
115
111
342
343
344
346
343
345
346
388
484
150
499
506
507
508
520
522
1528
1526
1517
482
484
485
493
66
470
472
476
478
101
99
445
753
754
112
392
394
395
397
398
383
388
468
472
473
474
95
94
91
485
492
496
2
575
576
577
578
83
566
570
572
573
576
67
599
600
601
604
605
633
80
75
589
590
591
595
730
114
432
435
438
440
441
442
56
695
696
702
703
62
652
653
654
657
662
672
677
81
593
619
623
624
631
75
192
186
640
645
66
4242
689
691
225
327
325
319
220
391
387
371
367
365
227
3860
376
373
321
325
416
65
64
724
726
727
728
6
162
160
159
158
133
71
65
389
408
421
423
424
425
391
196
170
172
400
395
53
167
388
380
373
164
158
142
141
139
72
164
162
161
149
66
133
132
128
125
94
62
60
162
183
177
627
630
158
164
172
619
624
625
626
122
120
119
118
117
114
110
96
94
93
85
67
401
722
726
728
5
321
329
331
53
51
60
64
32
44
48
58
62
71
38
5
158
165
189
10
8
1
187
190
50
17
18
15
10
177
179
6
239
249
251
794
228
234
236
240
251
83
10
243
245
251
4
1
108
61
362
367
369
378
379
362
363
364
378
379
38
206
377
378
384
3
313
314
414
415
417
419
55
411
416
419
420
422
70
76
84
426
427
301
441
444
445
177
728
732
733
735
736
73
80
81
459
464
84
454
473
474
475
497
473
474
493
494
495
575
559
561
562
564
569
109
552
559
560
561
562
563
93
94
508
516
517
518
519
590
592
593
594
601
620
119
576
584
585
589
593
116
574
575
579
580
581
143
145
669
671
672
673
688
93
95
562
1723
567
568
569
571
83
562
565
1715
567
1014
608
610
611
414
550
551
680
682
688
88
92
564
565
628
630
11
108
135
747
751
752
107
631
633
698
127
665
666
684
162
172
174
176
707
130
699
701
705
712
162
164
166
168
735
736
739
740
131
132
716
723
731
107
578
583
584
587
109
1831
589
606
1832
607
127
720
721
725
726
77
623
656
658
660
124
661
662
665
691
2
120
661
676
678
688
118
670
672
674
678
680
706
711
766
767
134
710
757
758
759
763
127
686
687
714
716
717
719
172
146
144
142
134
125
126
127
157
727
732
751
752
753
754
755
140
786
235
234
233
232
231
139
140
234
231
230
733
217
216
215
212
211
164
165
117
113
112
111
153
158
148
147
142
141
153
157
552
553
144
139
151
142
137
134
133
125
134
132
128
127
126
160
213
205
121
117
116
114
110
76
73
72
71
70
422
263
266
267
79
421
426
28
270
272
415
430
431
247
388
390
396
252
254
256
75
57
397
169
74
73
67
63
62
177
178
530
531
26
198
42
41
45
46
207
189
46
50
51
52
53
54
115
205
216
278
292
280
297
300
335
336
207
176
218
221
238
244
283
284
285
2
253
340
342
370
371
372
220
333
334
338
339
340
1
3
315
316
317
591
625
2
314
617
620
622
592
620
622
294
295
569
571
581
260
447
454
455
457
458
223
249
341
351
352
359
248
341
349
351
352
385
386
389
390
416
247
384
385
387
403
431
432
433
449
450
247
249
437
439
440
475
237
780
781
784
785
328
336
338
960
961
972
945
961
962
963
965
966
292
293
884
886
909
910
253
789
816
817
818
819
819
820
824
890
891
811
826
828
829
830
263
840
842
843
845
267
857
858
859
860
876
277
293
904
905
912
1482
905
1798
908
912
367
378
408
409
413
414
400
404
405
409
410
48
371
372
373
374
51
52
385
390
203
125
123
121
117
112
111
103
102
52
57
201
389
130
415
416
417
416
417
418
419
421
438
3
1493
1867
949
950
1432
309
1864
947
948
6903
956
1872
425
430
431
432
440
55
56
422
423
424
425
442
1
452
457
458
459
63
456
457
466
2
63
472
473
474
475
478
479
68
69
72
491
471
477
479
480
481
443
445
515
516
521
522
500
505
538
361
359
542
544
545
450
448
91
555
459
453
451
449
446
90
96
414
404
403
401
398
391
1
491
494
364
362
356
9
483
484
486
488
490
1
7
122
354
351
350
349
343
209
121
351
333
332
113
346
344
333
136
138
299
283
281
344
341
279
105
149
152
268
266
265
251
250
248
11
159
252
251
225
355
350
222
219
218
217
216
473
474
478
479
165
231
206
205
201
194
148
155
158
252
243
242
152
153
247
147
142
172
141
140
138
592
328
329
331
376
377
370
87
86
128
312
180
99
98
97
96
176
186
187
82
81
80
77
187
127
125
124
123
120
78
76
5
142
151
194
257
70
148
150
263
259
258
128
304
303
301
53
47
189
190
68
62
61
185
186
188
69
67
66
137
80
79
75
77
68
67
63
62
1
23
18
16
15
45
41
19
17
5
4
3
448
450
51
53
54
56
463
468
94
98
101
63
64
65
66
142
477
492
103
104
124
125
543
120
121
122
292
293
455
457
469
475
106
107
295
296
297
1
506
155
156
163
505
151
152
162
164
667
669
671
673
633
1
666
672
636
638
640
671
672
180
639
18
658
557
594
595
604
605
607
609
611
212
598
623
624
626
516
237
258
270
271
273
278
575
247
249
250
363
584
585
570
252
258
259
360
361
573
248
362
364
365
366
369
2
589
591
593
326
407
409
404
406
408
412
413
415
587
324
325
326
645
562
565
567
597
599
611
471
474
485
378
379
427
429
441
443
184
763
764
454
458
621
474
476
479
481
517
620
514
516
518
521
623
523
525
526
530
643
597
655
657
659
586
593
594
1
626
537
659
666
1
625
641
658
660
662
667
668
622
624
663
665
666
8
785
784
763
784
783
776
774
767
766
779
778
776
774
691
690
689
2
789
774
773
772
771
767
765
793
791
774
771
770
94
773
772
771
770
762
2
765
761
758
757
3
763
761
759
753
2
762
303
297
295
85
764
757
756
307
305
776
775
765
762
760
759
752
751
750
745
743
714
713
761
742
740
350
1
7
737
736
734
741
738
737
736
2
4
67
365
356
2
741
740
367
32
63
743
741
740
569
28
745
742
741
740
738
1
762
738
737
736
730
764
763
735
733
731
725
731
730
728
727
725
1
7
720
719
715
6
718
717
716
715
738
737
719
1
741
740
736
711
710
709
742
710
594
591
1
741
719
714
713
712
711
709
717
716
715
710
709
721
720
706
705
695
662
660
658
700
699
698
696
695
694
693
691
229
697
696
673
669
666
659
672
670
661
660
614
3
620
618
617
613
612
718
713
663
614
8
624
623
612
593
1
624
623
615
613
631
629
625
624
636
635
537
532
16
552
541
538
533
531
630
580
397
395
1
2
4
631
595
396
1
632
631
632
601
1
769
768
596
770
600
599
1
2
600
403
401
1
31
601
406
1
3
29
407
405
400
398
2
28
415
412
410
1
588
585
583
577
423
411
1
589
412
408
590
409
1
5
585
578
4
579
577
571
565
574
572
568
547
513
511
5
6
517
511
510
506
505
1
580
578
492
491
490
1
590
581
492
485
494
493
491
486
580
514
496
495
492
490
1
515
514
512
513
512
208
241
273
275
287
503
502
484
1143
1
231
228
1176
1167
1157
1161
47
1158
49
50
51
599
492
442
440
439
429
492
490
482
480
478
444
485
479
476
238
236
45
488
237
44
45
1
230
228
216
214
1
33
251
215
270
252
1
258
256
251
250
481
480
259
251
249
246
1
484
483
482
470
247
471
462
460
456
453
464
447
443
427
416
414
412
437
430
1
3
5
425
423
422
421
2
428
422
420
412
410
482
480
476
475
473
346
344
2
412
396
394
392
393
389
387
394
392
390
391
389
1367
3343
867
856
378
376
368
326
140
2
411
408
406
404
370
366
364
362
332
330
328
326
413
410
375
373
369
365
494
492
345
279
277
276
274
344
341
319
284
282
342
341
338
324
320
1
334
328
326
319
317
315
314
316
315
313
312
307
316
172
170
168
155
1
2
10
167
1
8
9
167
1
169
168
181
179
174
172
170
169
1
2
302
1
256
252
245
1183
213
196
190
1223
307
246
244
239
195
193
201
1611
198
196
190
10
12
170
168
157
2
198
166
164
64
60
205
204
203
202
200
62
61
2
60
73
67
58
74
70
69
178
177
170
169
167
2
1406
182
1250
1
175
1588
177
172
164
162
158
156
161
159
157
1564
1561
11
160
159
158
3
170
168
161
173
16
176
175
126
125
124
2
167
164
2039
1976
1227
171
169
147
2334
2
8
164
148
146
134
133
131
166
155
154
152
148
146
160
157
170
161
158
155
205
184
176
175
156
154
19
145
144
141
140
15
160
150
146
135
134
1
156
154
152
136
157
155
219
185
184
272
271
269
230
227
225
2
31
138
136
27
29
36
140
130
2
8
151
150
148
147
4
6
160
149
162
161
151
150
2
164
159
161
160
159
162
161
141
133
132
3
136
129
127
62
140
139
130
127
3
145
144
143
142
140
36
148
146
120
101
100
97
2
94
93
92
89
159
157
96
94
2
9
161
2
3
167
163
1
169
168
167
263
167
166
309
265
264
170
105
104
103
102
170
169
168
166
104
103
102
100
323
176
109
105
104
326
319
106
337
336
335
329
328
327
325
81
80
73
71
347
77
75
73
71
67
500
114
111
110
109
108
106
11
49
47
45
43
31
13
100
98
96
91
84
115
106
98
94
93
156
147
138
136
154
153
151
150
54
52
45
42
41
156
39
37
35
33
26
26
27
29
31
66
9
11
27
66
33
50
52
56
80
31
54
56
58
4
333
332
331
32
36
183
182
181
180
179
178
177
337
335
334
186
180
202
189
187
186
1
344
337
336
345
344
341
340
339
338
6
9
367
354
353
352
351
348
69
2
9
11
16
61
73
14
61
71
29
63
1275
275
271
267
265
1214
376
1010
58
60
61
63
2
48
50
56
59
61
64
42
44
46
50
9
38
40
42
48
89
91
23
25
35
45
47
32
31
33
86
89
91
4
46
36
90
94
33
79
80
50
90
93
95
61
58
52
50
48
72
70
66
48
46
31
226
236
237
239
67
64
62
58
233
191
104
105
106
115
130
132
135
137
157
152
153
154
155
157
164
165
175
176
178
637
636
4
8
153
154
158
189
191
199
152
195
197
199
208
221
2
4
188
191
192
195
186
188
189
179
181
184
185
306
307
309
311
655
57
168
303
304
305
306
53
55
178
179
180
297
301
6
208
211
216
217
176
177
178
180
206
215
216
296
203
204
205
3
5
202
203
204
205
2
117
111
109
201
119
200
201
2
163
161
157
155
229
5
165
227
195
197
198
199
215
218
225
227
246
1
173
170
228
184
174
227
7
227
228
231
232
192
190
188
186
182
225
226
193
628
624
623
231
232
1577
653
651
221
223
224
226
635
213
215
216
218
223
225
232
234
196
200
233
234
239
257
6
235
239
241
242
226
227
229
230
237
208
484
483
478
476
474
385
237
238
239
240
241
228
229
236
240
241
241
242
243
250
259
3
175
246
249
251
174
175
180
181
244
245
246
247
248
2
243
244
240
241
246
249
181
185
186
189
190
1
50
175
176
177
522
508
173
174
509
506
504
188
200
207
208
210
145
181
183
184
185
5
138
139
187
188
2
4
183
184
193
200
202
2
182
183
181
182
185
186
189
194
525
519
510
507
2
185
187
189
25
185
187
188
196
199
211
4
23
210
212
214
216
220
583
579
572
2
8
212
583
6
24
591
589
585
3
27
216
602
601
30
204
213
204
209
213
605
603
188
201
203
204
179
182
183
187
569
160
186
189
191
572
567
558
176
607
585
580
576
597
595
573
570
552
547
544
3633
601
600
548
544
4387
568
561
554
503
501
17
715
714
710
18
750
728
726
688
2
16
752
751
14
2228
753
1701
1699
3
752
751
750
747
746
745
751
750
748
747
65
69
74
755
753
752
3
752
746
745
744
743
749
746
745
744
743
742
768
1713
766
749
747
746
9
742
740
735
2
7
742
741
740
21
42
743
742
743
742
739
738
737
736
749
747
744
2
3
747
746
744
1
32
747
746
743
748
739
738
762
761
760
759
757
725
734
732
727
724
718
605
604
3726
736
722
720
719
3001
750
3728
721
719
708
1
713
703
702
700
684
753
708
3717
704
701
740
2251
738
727
713
1762
606
600
598
1760
729
669
601
600
599
699
697
696
694
689
687
1616
1610
678
675
672
670
668
667
601
2
465
462
456
1451
1449
1434
443
464
458
50
657
656
654
651
650
211
685
683
663
657
655
653
652
650
644
1
635
621
470
464
1
636
471
462
651
640
637
463
454
452
447
445
228
227
9
465
461
460
456
455
453
597
596
595
594
48
654
652
650
597
467
681
654
599
598
627
674
632
629
1777
617
614
779
775
773
771
770
685
684
683
670
31
781
780
671
665
2
670
669
7
671
670
652
648
4
664
663
655
653
662
622
13
668
661
659
655
11
663
655
653
96
95
86
76
71
69
68
99
98
97
646
107
106
101
97
96
95
101
73
71
657
650
645
638
637
636
674
664
663
660
638
1
594
529
518
597
595
523
519
515
581
580
578
577
576
535
612
608
606
604
520
11
734
609
521
397
394
527
519
517
512
1062
1749
551
549
510
495
488
688
687
646
645
511
513
659
658
654
653
652
649
648
694
693
689
570
647
699
698
694
646
645
501
470
462
460
420
1
461
459
458
444
425
421
1
4
426
424
422
416
429
427
425
417
432
430
418
416
414
380
378
376
2
522
413
410
408
400
398
513
426
424
422
420
526
524
410
407
745
624
622
620
749
748
746
745
744
5
768
752
750
748
742
1
414
411
408
406
398
407
401
399
398
1
761
758
367
362
762
757
752
400
758
757
756
753
2
359
357
345
343
341
348
342
340
337
382
380
363
345
343
341
325
1
336
326
320
318
316
386
384
327
325
321
2
3
326
310
471
467
465
315
313
7
460
328
314
312
5
336
321
319
313
311
1
301
299
298
296
321
309
307
300
297
313
300
298
296
294
292
275
315
278
277
276
275
324
316
315
312
467
323
321
322
320
276
275
271
485
483
481
273
272
271
486
484
482
476
701
266
264
263
261
270
268
265
264
1
257
246
244
242
4
5
7
8
247
243
240
238
204
203
1
270
265
237
236
234
233
231
226
235
234
231
223
1
241
219
216
215
1
242
216
2
217
216
221
217
216
215
211
218
212
211
1
212
211
209
207
206
211
210
208
307
306
210
209
207
206
205
2
217
208
203
198
196
2
190
185
184
182
180
221
220
219
198
29
1015
959
292
887
291
1
187
184
190
188
2
9
361
360
1
6
7
362
5
133
1106
981
363
360
355
131
358
357
356
355
351
372
345
335
334
1
367
366
365
364
344
378
370
368
10
320
293
292
291
10
381
347
316
315
330
329
241
240
243
242
241
240
237
236
253
252
250
249
332
331
330
329
300
250
1
233
232
230
2
394
391
327
326
324
319
988
396
326
321
233
231
230
1
241
237
235
816
770
237
236
492
497
498
98
2
4
296
2
318
317
914
298
319
318
317
302
301
2
321
314
312
304
314
308
307
306
304
301
296
8
800
301
804
815
7
848
845
321
28
27
2
850
29
28
27
855
854
852
851
844
29
9
315
38
37
36
27
35
34
310
807
808
816
307
318
315
310
294
292
2
9
322
320
294
46
324
49
48
46
4
295
69
68
67
66
290
75
74
303
299
71
56
55
2
20
22
309
308
306
305
7
18
310
306
305
302
320
316
315
314
311
310
317
316
298
297
301
300
299
297
296
317
309
305
304
1
314
312
311
310
306
1
313
310
267
288
286
285
268
2
7
320
319
317
268
320
319
318
270
2
324
327
326
276
274
272
878
880
269
310
306
304
243
240
96
95
94
10
178
175
173
169
247
246
243
1398
1396
173
165
18
287
286
285
281
279
14
267
266
265
264
263
256
279
278
276
275
274
188
186
185
259
257
256
254
277
276
275
274
261
267
258
251
250
275
274
273
272
270
269
268
267
278
277
310
309
308
305
303
312
311
304
303
302
301
314
312
310
281
276
249
248
245
281
253
252
251
244
232
322
321
244
243
242
240
227
205
2
216
215
214
213
150
218
216
206
186
12
13
207
206
189
2
330
329
211
2
335
332
331
330
328
318
337
336
335
334
342
338
337
212
211
210
206
442
441
346
345
344
2
210
209
208
207
203
200
1
211
203
202
201
219
218
212
207
197
196
195
194
190
462
461
460
459
457
456
455
475
474
473
470
469
462
1239
488
486
485
189
181
149
55
70
480
479
199
198
197
193
196
195
193
192
195
193
192
191
187
209
208
193
192
190
248
213
212
211
210
209
2
257
255
254
258
257
193
192
191
190
183
173
172
195
176
174
173
2
44
174
172
171
170
169
42
174
164
163
155
152
50
188
187
159
158
150
147
146
144
270
196
192
191
197
195
194
189
188
187
2
281
278
277
275
138
283
282
281
277
276
273
286
281
144
142
140
138
620
617
616
134
133
633
631
622
144
143
141
136
127
625
156
155
145
143
129
3
9
139
135
120
118
672
642
6
674
648
645
844
650
646
641
640
932
831
828
827
824
682
681
680
678
937
847
839
838
836
831
808
103
101
860
857
853
116
113
111
103
859
129
125
121
119
205
204
203
201
200
2
213
212
210
92
214
212
210
8
60
57
51
2
6
62
59
50
4
58
54
52
1
60
36
61
38
37
65
62
59
40
32
31
29
986
964
20
17
12
9
985
1
12
14
20
21
2
4
6
8
11
38
39
2
11
26
28
36
2
26
28
30
32
49
2
30
44
31
33
37
40
42
36
33
35
155
156
161
388
2
33
36
43
22
34
36
39
41
43
45
130
135
136
137
45
46
56
146
147
11
13
15
33
45
47
70
912
917
919
68
77
80
52
54
98
129
105
106
108
118
126
113
118
119
194
2
111
199
200
230
191
192
198
2
148
149
179
181
189
190
146
181
187
2
106
109
110
118
119
107
117
138
133
134
135
120
121
125
122
123
124
143
7
140
142
143
123
125
128
131
138
2
6
131
133
139
141
2
4
133
135
137
142
112
132
133
138
140
5
138
139
135
136
327
330
332
129
134
135
136
133
134
138
323
6
136
138
140
142
320
123
130
131
132
133
7
160
163
164
165
307
309
136
310
311
313
314
160
300
303
305
1278
306
2
11
152
157
158
159
160
157
158
160
162
297
1251
291
292
1269
293
1
155
156
162
163
15
154
161
171
140
141
149
150
169
170
2
136
137
168
6
134
166
167
43
44
45
132
133
3
166
168
171
191
128
161
163
164
188
146
148
152
153
154
155
156
4
175
177
179
199
211
3
6
195
207
3
200
203
204
205
208
185
186
189
202
507
182
199
202
212
213
5
212
214
495
497
498
505
506
209
220
227
121
122
124
125
163
228
229
230
239
240
224
225
229
230
231
232
479
480
481
482
483
265
269
270
275
261
263
265
267
295
296
297
276
282
283
284
285
286
288
292
282
297
559
560
273
274
275
276
277
281
149
269
270
271
272
726
751
1
561
720
721
560
562
712
719
1
551
554
555
558
546
549
550
556
557
1
533
549
550
551
553
290
531
532
549
1
5
295
525
529
4
528
89
527
528
529
543
31
515
520
521
523
1
29
287
288
292
294
298
8
28
292
295
297
303
4
5
301
3
302
303
304
1
231
270
271
302
303
228
230
302
303
309
1
299
301
304
311
313
293
294
295
296
312
316
293
313
314
319
290
294
295
314
370
372
374
314
315
316
318
319
1
318
320
321
322
315
316
317
321
1
877
657
326
327
328
2
325
326
327
218
219
220
221
224
320
647
321
337
338
321
322
323
325
327
348
349
350
351
356
357
3
343
344
345
1
337
338
339
341
342
338
339
340
404
339
340
341
400
401
402
405
406
395
397
398
399
405
414
416
1
16
345
390
392
393
1
15
368
369
370
373
389
344
345
346
364
368
388
353
359
360
362
363
364
262
263
264
1
484
486
488
490
491
483
484
485
486
2
52
477
478
479
483
498
4
367
369
443
444
445
447
455
473
474
475
496
497
435
438
439
447
13
365
366
368
369
434
438
439
359
360
364
365
366
358
376
2
383
387
388
394
309
315
379
380
381
382
386
387
2459
386
387
388
399
401
402
387
388
389
391
15
356
391
392
395
421
2
395
396
399
400
397
398
399
400
404
392
393
396
397
398
297
433
715
716
717
1617
432
435
714
396
397
398
400
401
290
697
705
706
707
726
2
379
380
389
395
396
397
377
394
404
406
391
393
394
395
399
1
12
418
419
420
421
422
415
416
419
420
873
418
420
862
864
261
2668
2676
858
863
865
2677
3
418
419
420
497
498
845
854
857
860
2
18
417
422
456
489
490
491
494
415
418
419
420
426
409
410
414
1
427
428
446
427
428
437
444
445
3
437
438
440
453
2
5
440
446
452
3
433
439
440
450
407
409
410
411
436
441
442
9
10
467
470
471
438
466
467
468
470
471
458
461
465
466
2
448
449
451
452
453
454
445
446
452
453
454
9
496
498
500
505
1
457
458
474
475
1
461
465
467
468
473
2
3
465
466
467
470
388
467
643
645
818
823
1
468
640
642
647
462
468
637
639
203
475
480
509
615
619
620
625
479
481
485
508
509
510
482
487
492
495
496
500
5
535
878
879
531
534
535
536
537
538
539
549
516
518
523
527
1
2
533
680
682
540
542
544
546
1
60
539
680
681
61
1
870
877
878
881
2509
519
521
876
878
880
2656
2658
2659
2
872
873
874
876
5
7
538
539
540
544
854
855
856
857
870
871
68
855
856
867
868
544
545
550
851
852
548
549
551
552
2
524
536
537
538
539
540
541
544
5
537
555
558
563
2
533
536
486
524
529
530
531
531
534
560
561
557
566
567
568
3
548
549
550
551
552
553
129
419
579
580
581
582
591
553
576
579
585
586
549
550
551
552
584
586
678
1
586
590
602
678
583
585
586
587
601
1
576
577
578
579
602
577
586
596
599
600
601
3
594
595
599
600
2
77
108
110
601
603
591
607
620
622
623
624
625
590
591
598
599
2
581
584
585
662
663
5
650
659
660
583
621
622
660
616
625
626
627
1
644
649
701
702
704
700
701
709
710
717
645
649
655
1
12
689
690
692
693
694
11
671
672
690
691
645
646
649
650
647
648
657
658
645
664
668
669
688
689
6
666
667
671
1
672
805
810
31
803
804
805
806
809
752
754
795
798
800
802
805
1
740
741
742
743
669
670
675
741
742
661
663
664
665
671
677
679
1
700
703
704
694
698
699
700
702
1
3
705
707
708
709
735
2
704
705
732
668
670
671
702
1
704
722
724
730
703
711
720
721
710
717
720
1
117
720
132
120
719
211
129
124
122
718
723
4160
217
216
215
210
209
1
733
735
754
777
724
732
734
1
748
752
754
755
757
759
1
222
742
745
747
758
4176
223
757
752
754
3539
758
771
29
285
282
280
279
278
510
422
504
506
508
9
4710
421
489
492
500
1
3534
759
3529
1
6
758
764
766
767
765
766
776
774
775
794
795
1
775
784
789
792
788
789
790
791
795
799
756
788
789
793
758
760
790
792
12
483
489
491
503
8
466
468
312
221
217
4699
4737
436
474
476
481
1
5867
10
658
5419
86
85
82
5868
89
88
6066
87
86
446
448
198
460
320
2
477
479
488
489
490
493
333
331
329
486
491
492
330
314
481
485
2
335
490
330
326
337
2
332
328
705
10
330
321
244
703
2
305
123
692
693
304
125
123
306
304
300
278
142
138
130
125
123
2
334
333
302
297
283
336
335
331
327
254
435
266
263
247
243
1
96
93
92
91
90
648
94
92
94
88
502
504
92
87
66
65
492
493
72
71
68
50
42
8
52
128
157
158
159
160
1
68
67
59
468
70
69
467
468
2
50
54
161
163
48
158
160
161
2
44
43
39
38
36
145
150
43
41
38
37
35
3
50
49
47
46
44
63
6025
5958
53
49
158
153
146
139
170
169
168
163
160
158
137
2
4
5965
49
43
5920
41
181
182
67
5812
5813
5814
630
2
43
41
40
48
47
46
42
14
36
34
19
11
1
47
39
38
14
46
45
42
40
39
2
39
38
29
425
45
40
33
31
501
509
511
506
508
510
511
421
38
35
479
497
499
501
2
40
37
35
5
8
21
48
47
37
33
3
7
11
12
8
4
103
7
13
17
20
27
5
7
11
28
462
464
471
27
32
35
368
1
15
22
50
4
11
14
45
49
53
60
63
194
196
203
207
210
1
41
51
61
50
65
81
86
91
76
101
102
103
2
65
70
103
110
111
63
109
177
1
107
109
111
114
116
175
406
74
110
113
128
4
110
121
39
116
142
144
154
157
166
114
117
161
164
154
158
167
178
173
184
187
191
204
6
193
201
202
1
194
196
197
290
323
2
13
196
197
287
289
2
11
195
196
170
194
195
215
218
3
191
194
205
241
191
193
197
238
189
191
272
274
247
251
253
261
229
232
233
235
247
115
119
193
195
199
214
216
277
294
296
308
3
98
100
112
286
298
97
105
109
115
208
1
281
287
289
291
299
3
19
290
296
298
306
313
295
299
301
303
305
749
5
306
312
453
455
3
11
304
336
337
301
304
307
333
2
20
323
328
338
339
341
326
330
332
336
275
277
293
294
326
328
329
3
6
60
63
327
335
341
3
333
336
337
338
36
54
330
3
325
326
332
333
342
11
322
331
338
339
303
321
338
339
3
289
292
298
299
386
388
296
332
333
377
383
311
326
327
329
330
336
337
340
342
344
346
306
317
319
325
313
344
349
350
351
357
1994
4
416
422
1990
364
367
369
1578
245
247
255
257
260
263
271
273
274
374
378
379
380
382
13
354
356
370
373
374
2354
418
2352
415
416
422
2370
2002
5
356
1582
365
2007
420
425
431
432
434
2360
2361
587
14
29
357
358
391
424
353
360
357
358
360
2
8
349
350
354
355
2
5
351
352
353
361
380
381
366
375
376
377
378
379
380
2
379
385
386
391
346
376
377
383
344
346
2
10
385
386
387
395
1
383
384
378
379
381
382
385
2
46
48
383
386
615
1
44
384
385
386
387
499
40
384
386
387
388
370
386
388
389
368
376
384
385
386
363
364
367
368
374
395
328
1446
395
397
1433
2415
585
597
385
386
387
396
397
7
413
416
1
380
403
484
28
379
483
484
1
13
407
441
442
443
444
475
3
440
441
446
405
406
407
409
412
413
414
436
437
431
433
437
442
443
1
420
421
422
423
2
136
420
421
425
449
8
423
440
441
447
2
422
423
424
439
422
433
434
436
437
8
431
460
461
462
2
433
435
436
440
433
438
439
436
443
444
445
446
443
444
445
451
451
452
454
456
457
458
445
446
455
464
465
467
469
470
1
4
459
461
462
463
464
3
457
458
460
345
346
347
351
456
459
457
2
455
460
461
1
459
567
1
5
458
459
463
564
566
2
30
32
462
467
563
28
461
462
465
555
463
465
466
454
455
457
458
517
518
519
463
465
496
498
515
491
496
497
499
501
502
487
504
507
508
509
511
2
1616
1617
474
484
485
1632
472
473
482
479
480
481
482
2
467
469
470
47
1622
465
467
600
2
51
465
587
588
594
595
463
467
468
469
585
42
468
469
470
478
479
546
581
1
2
4
476
1
3
477
1631
476
1
518
519
522
538
514
515
637
517
518
1171
1628
534
536
2
56
514
519
520
654
1
52
518
519
522
645
646
647
648
652
27
519
521
598
644
2
514
516
517
519
524
591
515
517
518
519
8
521
533
543
551
552
553
2
4
529
534
2
527
529
530
531
536
297
301
533
538
526
535
536
537
543
533
534
539
540
2
511
544
545
549
575
509
541
542
5
544
545
546
547
548
1
543
548
549
551
552
555
542
546
548
549
537
538
539
541
1
560
571
579
580
1
558
559
561
564
570
563
568
569
571
571
572
616
490
567
568
569
570
564
565
566
569
572
575
6
34
579
580
586
2
568
569
579
580
581
582
584
585
564
578
579
608
592
593
599
600
5
579
584
599
600
601
114
28
570
571
573
1
1724
461
462
487
488
460
461
462
465
466
486
78
465
474
481
482
3
478
479
486
488
489
492
493
1
477
480
481
476
480
481
483
484
590
592
593
594
596
1720
1722
480
481
482
493
494
495
496
2
3
64
490
491
628
1
485
488
490
25
489
623
625
2
8
10
637
586
604
619
617
1
642
641
639
584
586
1
583
585
600
584
591
592
599
596
598
599
600
2
458
596
598
456
457
637
629
1
4
502
506
510
3
507
509
521
525
538
524
526
530
537
14
533
574
575
437
502
504
1
420
551
553
1
550
552
554
556
551
553
561
562
1
558
562
563
557
562
565
567
577
537
539
541
543
566
568
569
570
572
573
574
3
571
572
575
588
557
558
560
574
575
17
18
555
574
575
576
577
581
572
576
579
584
585
576
581
583
584
585
586
2
511
517
519
561
562
596
1
533
557
558
559
561
558
559
560
500
506
510
597
598
599
598
599
600
602
588
589
592
593
594
1
583
584
593
601
602
4
31
582
625
30
622
624
629
630
633
636
637
7
571
632
633
576
577
578
621
622
623
1
4
5
567
1
2
3
566
1
564
565
1
1550
537
628
629
659
627
562
564
1
2
629
632
633
634
3
629
631
632
646
648
623
624
625
627
628
629
630
1
644
647
648
649
629
631
640
642
643
648
4
639
647
369
1
373
371
1
3
635
637
372
371
635
636
637
373
631
632
633
635
360
1
632
374
372
631
373
371
365
374
373
372
371
350
349
359
358
355
354
353
349
18
335
327
326
325
324
317
298
297
1
582
584
359
358
1
581
582
583
581
582
583
361
594
1
428
566
571
314
427
564
565
424
313
312
311
309
323
322
320
318
317
316
573
328
327
326
325
305
304
300
299
294
4
400
401
296
387
396
397
398
399
401
386
387
388
389
393
394
403
385
392
395
306
301
300
3
309
280
279
278
277
2
349
346
345
313
312
280
335
334
319
318
316
359
348
282
281
275
362
277
276
275
286
285
282
281
275
274
271
270
4
270
269
267
20
296
295
263
262
20
259
258
256
254
2
269
268
267
260
252
251
1
2
273
271
270
250
271
253
251
102
277
273
252
247
246
265
271
252
249
248
247
246
4
241
237
236
3
253
237
236
235
234
232
262
261
260
258
234
232
231
230
208
181
1
242
241
240
239
227
226
243
227
226
225
79
81
225
223
222
73
236
234
233
231
230
224
213
235
217
215
214
213
193
281
280
279
277
170
166
3
316
282
168
281
279
278
277
324
319
171
1
329
328
327
326
324
182
173
170
353
330
171
169
151
351
353
153
152
123
114
110
107
106
158
157
155
153
146
143
139
2
10
1247
93
88
8
9
1252
1249
337
1600
1601
111
459
790
789
472
473
475
457
458
459
471
453
454
91
89
2
3
470
1240
94
92
1
98
96
1261
1243
4
135
72
65
1
135
131
1065
1067
74
163
92
90
88
82
56
42
40
38
59
57
39
29
24
140
139
3
1
1
8
10
12
1
3
25
28
31
35
38
2
20
34
4
16
18
22
239
236
234
232
175
153
2
267
266
258
257
251
260
257
256
253
8
12
14
2
60
72
74
138
50
58
136
141
134
135
136
2
77
78
83
84
85
92
81
82
37
31
29
78
81
85
86
88
89
58
60
62
386
45
44
46
48
76
78
82
84
4
6
95
104
106
108
114
81
87
89
102
103
1
92
95
119
91
110
111
118
4
101
102
108
2
340
1198
102
1199
103
104
1
98
1192
1197
102
97
101
103
104
106
107
125
126
368
102
103
104
105
106
105
106
107
114
117
119
1
3
6
118
146
2
5
118
119
110
115
117
119
120
115
119
120
121
244
343
113
120
121
139
140
118
119
120
123
128
133
136
3
151
157
158
160
141
142
143
8
139
147
148
155
156
2
6
6
143
145
307
306
141
142
2
6
327
147
2
4
142
137
139
140
141
138
141
142
158
159
160
162
163
338
337
139
140
154
1
348
347
345
163
159
160
162
154
155
156
159
161
1
159
160
161
165
5
160
161
164
142
143
151
157
158
92
93
94
103
138
156
158
159
160
178
181
182
183
187
2
192
197
552
554
592
593
586
587
588
589
590
592
595
194
195
226
1
193
194
201
187
192
198
200
2
3
199
200
201
81
82
195
198
199
200
196
198
205
215
216
202
206
207
290
206
207
208
6578
6580
552
553
751
17
6582
547
549
9
14
543
544
550
551
560
4
105
546
547
729
744
549
550
551
726
727
543
548
725
1
549
668
669
673
674
534
548
550
551
554
667
530
531
534
550
558
529
530
531
6563
524
525
554
6564
522
548
549
550
542
543
560
561
563
1
7
554
562
566
585
560
565
2
564
566
569
564
565
567
642
643
557
558
559
553
554
573
574
576
574
575
578
579
574
575
576
579
585
593
594
579
580
581
572
580
581
582
2
5
561
563
587
590
556
557
561
588
10
591
606
609
610
617
574
580
581
582
585
591
1
590
591
593
595
597
217
596
597
600
210
213
214
216
592
597
599
646
648
649
650
654
581
596
597
640
641
646
16
599
601
604
627
2
577
578
597
606
541
573
574
575
576
578
5
598
599
600
601
607
608
617
490
615
616
617
660
665
1
594
612
613
658
615
616
656
657
2
614
615
616
617
619
612
617
618
652
1
12
316
319
321
315
316
574
317
320
2
583
584
619
621
577
582
619
621
623
627
632
633
636
637
6
630
632
633
635
3
1504
1506
632
88
1329
627
628
629
85
323
325
319
320
332
333
336
333
334
337
338
118
210
215
331
332
333
1
335
337
338
339
152
333
334
340
331
339
340
331
336
337
182
180
178
324
329
338
312
316
322
324
302
303
304
307
354
317
318
335
336
346
144
332
336
337
338
368
369
371
372
374
375
1
369
386
384
385
386
408
409
374
375
376
377
544
360
368
369
374
376
377
378
379
349
350
358
377
378
379
633
634
639
640
643
644
647
623
625
626
627
628
1
624
625
639
2
624
638
2
633
634
635
636
5
631
633
2
8
288
290
302
304
265
280
282
286
288
624
626
628
6537
6540
48
268
272
274
265
266
267
268
275
277
279
281
272
274
286
1
280
294
298
291
293
297
306
308
297
4734
302
304
4732
5114
5415
381
383
5425
384
402
301
305
311
316
310
315
321
327
542
545
436
323
330
4730
4729
1
384
386
392
399
400
385
386
390
391
1
405
406
413
423
358
403
404
405
406
407
408
394
402
403
403
405
408
409
410
1
353
404
405
407
221
347
352
405
222
220
1
231
230
225
219
226
222
220
3
408
253
232
225
4
411
421
422
423
3
407
408
422
423
256
116
256
255
236
235
422
259
258
416
417
420
422
423
424
426
411
412
413
414
416
433
439
440
441
446
375
377
406
407
408
409
373
374
376
377
378
1
5632
368
447
446
447
448
432
439
440
442
445
1
4
453
454
455
456
454
455
456
457
424
426
428
429
438
447
457
1
3
460
461
468
469
450
451
459
468
339
465
466
467
461
462
465
466
547
540
533
465
466
470
2
3
470
572
570
568
574
463
464
573
571
544
444
445
447
448
452
8
9
488
483
481
542
539
533
528
526
523
508
528
525
522
512
507
499
497
487
420
419
416
414
1
489
488
422
492
489
484
483
481
25
491
489
487
450
449
426
425
489
465
460
458
457
455
549
500
486
485
480
479
393
424
425
426
427
486
485
484
482
480
478
383
384
486
484
478
476
474
471
456
455
452
451
455
380
377
373
371
376
356
331
462
459
457
455
453
453
452
426
425
423
421
475
473
454
451
4
451
449
448
447
440
4
453
444
443
442
435
448
446
445
443
446
444
442
439
436
5
445
434
432
427
411
409
471
447
446
440
438
413
437
435
417
414
1188
437
505
421
443
441
439
438
435
5
687
681
680
679
677
676
536
684
683
682
1609
433
429
428
521
418
175
402
397
180
179
2
423
421
406
400
425
421
419
412
410
408
1
413
412
410
404
402
3
414
403
406
404
403
209
208
9
400
390
216
2
397
272
271
223
399
294
293
277
276
275
274
19
400
399
301
300
3
407
384
409
408
388
387
1
2
384
381
380
364
363
1
381
375
366
375
368
367
365
376
371
370
369
353
352
396
370
368
367
362
360
350
338
336
334
356
353
352
351
2
353
352
351
342
340
338
1
199
220
344
331
345
344
342
332
194
339
335
333
331
336
332
330
328
324
322
1
371
320
318
317
316
321
320
319
2
312
311
310
306
312
307
305
304
300
298
180
312
311
310
308
306
307
306
303
66
61
306
304
294
286
285
284
283
72
3
295
292
291
288
287
286
285
1
2
11
295
294
292
259
253
293
292
277
276
260
297
295
294
950
951
461
460
459
458
965
6
460
453
452
444
443
964
966
187
188
459
458
457
456
455
454
2
455
454
453
452
451
450
249
457
456
450
449
278
276
264
263
1
4
5
6
263
262
3
265
264
98
101
449
447
446
274
273
272
258
1
1686
1671
278
276
268
1688
1687
269
268
1
270
269
268
1
5
273
272
271
4
268
266
270
269
1
265
263
262
260
268
267
266
261
3
279
278
270
269
1
261
260
256
254
13
283
282
281
262
252
251
11
12
283
282
281
1
257
255
256
251
457
451
265
264
263
262
1
261
253
252
245
244
241
497
466
262
244
243
242
500
248
242
572
241
574
2
646
644
640
639
638
637
629
639
634
633
632
631
252
571
242
589
241
590
254
253
252
242
1689
1658
1657
454
453
441
440
437
432
430
3
4
632
624
619
617
2896
2893
1
621
620
588
2453
20
2897
2856
589
445
444
403
6
19
428
426
425
423
1
294
293
1656
223
221
1655
224
222
220
1
298
297
292
291
290
298
296
295
431
430
429
317
3
5
7
425
424
360
359
325
322
2
329
328
364
332
331
6
431
430
367
2
4
439
434
433
445
442
441
437
436
433
4
435
1835
383
381
611
610
2879
2877
2876
609
608
607
581
8
616
615
576
572
570
567
555
1831
1871
1872
388
387
389
388
387
386
382
381
2
7
2431
2860
535
533
532
581
2862
578
537
584
583
580
561
555
548
546
542
546
542
540
2
5
6
1892
1905
383
295
3
407
388
385
1
411
410
429
1899
413
412
2
403
402
401
400
399
397
401
397
374
371
370
369
415
414
407
388
387
386
383
318
317
316
2
317
316
312
38
318
317
315
314
2
20
387
357
355
354
322
12
362
357
402
394
393
392
391
390
385
2
533
370
369
368
362
375
372
370
538
374
372
370
374
360
359
376
375
374
377
376
375
374
10
17
351
348
347
344
374
373
372
369
3
6
374
373
353
3
376
375
366
365
364
363
362
365
362
361
359
358
2
56
362
361
359
358
323
360
358
328
327
325
9
361
360
359
345
343
342
330
389
368
361
360
359
2
363
355
353
365
356
355
353
352
351
349
348
12
2476
358
353
351
348
347
316
313
356
350
348
347
346
345
336
2
4
346
344
341
2
15
343
337
335
330
350
341
339
331
328
326
325
2
326
325
316
314
161
163
328
316
314
311
309
307
304
298
323
321
305
299
341
340
338
337
350
347
345
285
286
284
280
279
239
281
279
278
258
272
269
268
265
260
261
259
258
248
2
259
250
249
221
160
158
258
256
252
224
223
2
256
236
235
228
262
260
258
257
238
255
250
249
248
247
244
418
379
377
376
1
379
378
370
256
251
421
380
252
251
647
646
645
223
2
646
645
245
244
249
247
246
243
242
233
232
231
225
224
2
4
117
69
1318
1309
119
71
2
121
116
114
73
132
116
97
75
74
2
107
103
96
94
1
5
122
95
92
90
98
96
93
99
94
92
87
84
83
79
1006
231
229
1010
225
1
94
91
75
72
116
95
73
311
232
231
227
226
239
238
237
222
3
242
241
239
212
3
245
215
213
248
216
214
261
986
989
251
246
216
266
217
216
215
213
212
211
213
210
209
320
211
210
209
208
325
206
204
9
2
10
198
197
194
184
4
8
200
79
70
65
4
42
198
83
80
204
202
216
207
197
195
258
257
256
252
192
190
180
261
184
183
182
2
265
266
265
180
3
207
208
184
182
204
187
184
183
180
213
207
205
203
201
166
163
161
159
126
110
106
3
5
7
151
149
143
129
158
157
154
152
167
156
148
145
2
170
156
154
136
172
140
138
137
137
135
131
126
2
185
181
124
120
240
238
187
122
17
120
111
108
106
104
102
142
104
2
3
11
112
110
104
101
90
100
92
41
104
93
91
46
38
43
44
45
95
39
40
127
124
105
83
82
80
125
123
97
91
90
86
83
82
80
272
270
92
90
82
80
77
78
76
48
440
437
411
410
409
54
53
37
105
103
101
49
48
46
16
9
29
24
21
20
6
34
32
30
466
455
37
36
2
472
470
491
492
33
30
27
17
24
22
20
17
8
4
19
12
10
8
6
61
59
56
28
10
18
16
10
1
2
145
5
7
8
5
6
7
1
2
3
5
4
21
1
18
19
1
2
18
1
2
7
1
3
98
1
2
4
5
1
2
3
1
1
91
1
90
2
1
3
4
5
8
2
7
1
38
39
79
83
1
2
37
1
3
8
35
4
5
1
1
1
1
2
1
5
8
1
4
27
1
3
26
1
2
24
1
2
10
1
3
2
7
8
2
5
473
478
2
3
469
471
467
6
2
7
9
10
1
4
5
450
1
2
19
21
447
1
446
2
15
17
1
2
4
5
13
43
1
13
1
39
8
38
1
5
35
36
1
2
4
34
39
1
24
25
2
12
13
22
24
2
3
10
1
2
7
4
5
7
392
426
3
5
388
1
2
1
8
9
3
7
1
373
382
383
1
171
1
2
172
1
2
4
5
157
158
171
1
2
1
1
1
6
152
5
151
2
4
29
22
28
1
8
17
18
19
6
7
16
1
4
5
3
4
1
2
7
10
1
3
5
1
2
1
1
2
1
2
1
2
3
6
1
29
4
2
3
1
3
1
1
5
1
4
1
3
18
19
1
2
9
17
7
8
9
1
1
2
116
1
2
4
5
112
115
1
114
2
1
3
4
7
8
1
2
1
50
1
49
1
2
3
48
1
9
10
1
4
8
1
2
3
1
1
2
1
2
4
1
471
530
543
1
2
1
2
1
1
26
28
35
1
7
11
30
1
10
2
7
9
1
10
462
9
11
13
459
461
4
7
23
2
2
7
16
2
4
5
2
432
442
444
446
1
3
29
36
430
2
9
7
14
24
26
35
37
2
7
9
11
10
2
4
47
49
10
2
6
8
44
4
29
39
42
2
16
17
26
28
2
15
25
26
13
4
7
9
3
5
394
396
2
5
1
1
2
5
8
1
2
342
352
351
352
1
123
340
1
112
115
122
3
103
114
1
2
102
1
3
4
98
2
100
1
8
10
1
2
1
91
94
1
47
90
41
44
46
40
50
235
1
11
2
1
3
2
4
2
1
2
5
3
19
1
9
10
15
17
2
8
16
3
6
3
1
5
10
13
3
5
8
2
5
3
199
3
10
2
4
6
7
39
37
40
43
2
5
16
18
30
32
35
1
3
11
2
3
6
8
1
105
107
160
3
7
104
105
2
4
2
14
2
4
6
1
2
88
1
59
64
66
85
87
2
63
4
6
2
5
8
11
3
3
3
5
8
11
37
2
33
34
10
18
19
20
31
3
8
10
17
29
2
4
8
9
88
2
5
7
86
89
91
2
3
12
1
3
7
8
11
2
82
2
17
18
65
67
1
3
14
15
2
3
5
1
5
6
7
3
4
5
11
1
2
1
2
1
6
1
18
2
10
11
17
1
8
9
1161
1158
1
7
8
1
5
6
1
2
1
1
42
45
49
42
44
1
41
1166
1137
40
1170
1159
1
3
5
7
9
11
2
29
2
21
26
27
2
561
18
19
530
559
3
1160
528
1157
3
1163
6
3
6
1160
3
1152
1157
515
512
1
2
4
5
11
637
1
640
638
1
7
8
17
7
6
1
2
3
1
2
5
1
2
10
5
7
8
9
1
2
4
3
1
2
50
1
2
48
49
1
2
1
5
10
2
4
1
1
2
535
1
2
532
533
534
1
3
5
2
6
530
2
4
3
2
3
12
14
15
236
238
1
235
5
7
9
221
2
140
141
149
2
138
216
2
5
3
1
15
2
67
121
126
127
58
60
63
65
5
17
19
52
2
4
6
2
14
16
14
47
2
11
10
12
2
4
3
2
7
2
9
2
2
5
13
2
3
5
6
8
11
1
2
3
1
1
1
3
8
2
4
7
3
2
3
14
16
2
4
11
59
57
59
7
44
53
55
2
35
2
4
6
14
2
2
2
8
6
2
2
8
9
13
15
2
4
6
2
2
3
5
1
2
4
2
2
2
2
2
6
8
4
42
4
6
8
9
2
2
2
13
17
32
1
5
6
11
2
4
2
2
3
5
1
2
8
10
4
8
2
6
9
17
4
15
2
68
3
62
64
66
1
8
22
3
7
2
4
14
2
6
10
12
2
6
20
186
4
2
2
7
2
4
5
35
33
35
1
3
5
2
2
9
2
144
161
166
1
142
2
12
130
140
141
3
8
10
14
5
2
10
12
14
6
8
2
4
116
118
114
2
18
2
6
13
16
2
4
2
2
7
2
5
2
3
5
2
3
36
1
2
31
33
3
5
13
17
29
2
2
8
1
6
281
3
5
2
8
939
4
6
2
4
2
12
1386
1388
13
2
3
4
1375
1
10
13
19
1378
7
9
2
2
3
5
2
4
6
2
42
44
1396
2
40
1398
1
2
16
17
18
1397
1
1
4
3
1
3
4
5
373
383
1
2
382
381
1
1
3
2
368
370
156
157
158
365
1
368
1
1
147
148
1
145
146
2
144
1
2
1
2
1
2
3
1
32
1408
1
1438
1440
25
31
3
1407
16
18
20
32
1410
11
13
1413
2
2
6
2
4
6
4
8
10
2
4
2
12
14
2
5
1
3
2
2
2
10
13
5
8
2
1413
3
6
9
17
3
3
5
2
8
2
4
1398
2
1400
2
2
3
6
1
3
5
8
2
2
3
99
100
1
3
5
7
97
2
13
2
6
7
11
1
4
88
90
3
55
56
87
1
52
2
49
7
8
14
47
1
5
3
4
1
1
3
6
1
3
7
9
2
3
6
34
35
33
3
5
14
31
2
9
2
3
6
8
1
3
4
5
4
6
1
9
13
2
2
8
10
14
2
22
20
21
62
2
29
16
1
11
3
1
2
1
1
1
30
31
1
20
1
2
9
17
19
8
14
16
17
1
2
7
1
1
4
5
1
3
83
85
84
83
1
4
5
89
85
1
2
3
10
86
9
1
1
96
95
94
1
66
67
143
142
2
65
1
2
3
1
55
61
2
3
10
54
8
2
6
7
1
47
4
1
20
24
26
1
2
18
19
1
16
17
1
7
6
1
2
4
1
2
1
2
1
1
4
2
3
1
2
3
4
1
3
1
1
1
2
1
6
5
1
1
3
4
1
2
1
3
6
2
1
3
9
1
2
8
1
2
197
200
1
186
195
1
2
183
185
1
117
182
1
3
5
116
1
2
1
9
1
2
4
8
1
2
3
97
99
101
100
109
111
1
33
35
37
45
97
1
4
32
1
2
3
29
31
1
5
28
1
3
4
2
3
4
1
3
4
5
4
23
1
5
6
1
4
1
2
3
1
15
18
19
1
7
17
1
6
5
1
3
4
1
3
4
11
1
10
11
10
1
4
8
1
222
221
1
2
24
26
239
234
223
1
9
22
2
3
4
6
8
1
2
2
10
12
2
4
8
60
2
4
6
14
33
52
56
2
4
5
2
1
2
3
7
2
4
6
1
266
265
264
2
5
7
2
3
13
19
2
10
2
427
277
276
2
4
420
430
429
416
417
418
6
2
4
10
411
2
6
8
11
4
2
17
19
5
15
3
8
10
2
4
361
388
389
390
2
35
38
39
359
2
36
2
2
2
4
2
4
6
7
2
9
1
7
9
4
8
1
15
18
4
8
14
2
4
4
54
61
63
2
5
6
3
8
10
57
1
5
3
4
2
8
320
6
45
47
2
6
9
22
2
39
37
39
14
16
20
1
3
13
300
299
303
304
6
2
4
148
146
289
292
293
2
8
10
144
145
2
6
2
10
14
17
2
6
8
65
2
4
2
123
2
4
57
2
3
7
9
2
4
2
2
1
3
9
4
6
8
9
37
2
17
31
33
35
3
7
13
15
1
3
2
4
2
4
6
2
4
8
10
2
2
4
2
10
16
2
8
30
34
2
4
2
6
4
2
4
10
2
2
10
53
2
8
2
32
2
18
29
30
9
16
19
2
4
10
2
5
8
2
3
1212
9
11
3
4
1
1
1203
1196
2
7
1
3
5
2
2
4
2
1
3
28
29
28
29
2
16
17
25
1
6
2
5
3
2
3
2
4
2
3
1
8
9
1
4
5
2
3
18
1
17
142
143
16
1
14
15
1
2
12
13
16
1
3
4
5
6
1
1
2
543
1
2
4
548
546
545
1
2
28
549
1
9
1
8
1
6
7
4
5
1
2
3
123
125
1
2
4
5
7
1
1
2
3
9
2
116
117
6
51
114
2
5
7
19
21
5
2
4
12
14
2
1
3
6
8
2
3
586
2
591
589
2
593
2
7
595
25
26
2
13
23
2
605
603
602
4
5
610
1
2
636
1
2
6
750
1
638
614
1
4
2
3
10
1
2
3
5
8
1
756
1
19
21
763
757
1
2
18
1
3
2
3
1
5
6
14
60
1
13
1
2
1
56
57
55
1
2
6
8
49
54
1
5
45
47
2
15
16
35
2
13
33
11
2
11
2
800
785
2
4
11
802
2
5
9
18
3
1
13
17
19
9
11
818
813
814
813
2
5
142
143
824
3
135
136
140
2
10
132
2
4
8
2
6
2
1
2
122
1
120
1
2
3
1
26
27
26
2
5
7
9
3
4
5
19
1
15
2
14
12
13
1
2
8
9
10
13
1
2
6
1
4
3
1
4
1
1
1
9
1
1
2
4
5
1
27
1
26
27
12
24
26
1
7
1
3
6
1
2
1
79
80
2
3
78
1
71
76
77
5
76
2
3
6
13
14
1
12
3
62
63
2
4
61
59
3
31
33
2
3
5
6
7
1
2
1
1
1
2
3
4
5
1
2
20
21
19
1
1
2
1
1
5
1
856
855
853
850
3
4
5
879
858
1
2
1
2
1
1
3
4
5
7
1
2
884
1
1809
1
1810
1
15
1
2
13
14
1
11
12
2
1
2
1
6
7
4
5
22
23
1
3
20
21
1
2
13
19
1
1
18
1
1
2
1293
1
5
1292
1
539
538
1
4
1
4
1
1
1297
1296
1
51
53
540
1
50
2
1296
41
47
48
1
1297
2
40
1294
1296
39
1
2
1
6
1295
1
4
5
1296
1
33
36
38
1295
1
3
1296
1315
16
32
34
1
2
19
16
17
18
1
7
6
1
4
1
3
1
2
1
3
2
1
9
1
1
1
2
1
1
4
5
1
2
3
4
1299
964
1
967
966
1
969
968
967
1303
1300
970
2
3
10
18
1
8
9
1
2
7
8
1
2
330
1
2
4
5
1
676
608
328
1
2
677
1
1
699
7
8
1
2
3
4
701
1
47
704
702
1
43
46
1
34
42
33
1
2
3
1
1
4
3
4
1
6
1
4
5
1
3
2
22
1
20
1
19
1
2
1
4
3
593
1
6
10
701
689
1
9
690
1
2
7
9
6
7
8
5
7
2
4
713
710
707
31
712
1
5
8
2
3
8
3
5
2
10
12
15
3
8
751
2
4
783
752
2
5
15
16
785
3
5
3
2
10
789
786
743
2
4
7
9
2
3
5
807
810
805
801
797
2
4
2
818
818
820
2
825
2
2
13
11
13
16
815
4
8
10
20
2
3
10
7
3
792
1
2
53
4
8
22
2
4
2
5
3
7
9
14
4
2
5
2
5
11
3
9
6
9
23
3
2
7
14
3
5
68
2
53
62
65
68
60
2
5
10
20
56
6
8
10
51
4
2
7
10
3953
5
4931
3948
3945
1
964
3
3
3946
33
36
3943
16
3951
22
30
1
963
1
955
958
962
1
5
930
932
954
956
1
3
4
80
82
929
1
2
79
1
2
3
4
78
1
1
3935
6
1
2981
3929
2982
67
1
3050
62
3049
2
6
2
4
19
947
2
9
15
17
7
3
2
3
936
2
932
933
928
930
1
2
17
1
7
16
1
6
1
1
3
1
4
5
1
9
1
7
8
1
4
6
1
3
1
15
1
2
14
1
6
11
12
13
1
2
1
1
2
1
5
1
38
35
37
1
2
19
34
1
2
7
1
1
1
3
6
1
2
5
1
3
9
3
1
1
3
109
2
2
102
107
1
3
100
1
2
7
1
2
9
97
1
2
8
94
93
94
95
2
4
6
91
92
2
27
28
89
42
45
2964
1
4
6
12
11
2
8
2
2
2988
6
3006
3007
10
12
16
14
2
4
2
5
3
2
839
845
3
5
6
2
1
11
825
826
1
3
821
2
5
7
10
17
3
27
31
34
519
523
524
1
13
29
12
28
3
7
1
3013
61
1
4
6
16
18
2
9
12
1933
1930
5
7
3
133
1029
1935
58
60
130
2
911
1877
3
2
4
7
2
2
485
929
481
483
620
2
6
309
2
4
304
307
2
5
7
301
302
3
22
966
2
6
2
4
2
290
291
1003
995
288
5
8
675
1291
2
533
672
3
531
670
2
1
4
14
15
2
3
9
13
1
6
7
26
29
3
5
508
510
522
2
30
507
20
2
4
22
2
3
10
20
1
991
3
988
2
69
1
3
5
10
2
62
66
2
36
42
60
5
7
16
34
37
3
5
6
2
1
7
9
2
443
477
1
9
2
4
6
21
2
10
11
14
16
19
2
8
17
4
6
422
2
187
189
417
418
1
187
177
186
2
14
3
6
12
3
6
163
1148
160
157
1
3
4
1160
24
27
1
2
23
14
17
21
22
23
24
1
12
13
1156
1
2
3
11
3
6
3
4
1
2
1162
1
2
3
1
2
5
8
1
1
2
3
1
1
1
2
3
1
5
1
3
4
1
2
1
7
1
6
1
2
4
6
1
1
4
3
8
18
20
2
3
1
2
4
5
1
55
1
2
4
5
1
2
12
1
6
1
5
10
46
48
1
42
43
2
40
41
1261
1259
6
8
2
2
2
1
2
3
1
4
7
12
13
3
21
22
1
3
11
12
13
19
2
9
18
5
7
10
2
5
1
3
1
2
1
2
5
1
1
7
8
1
4
1
3
1
2
1177
1
9
1175
1176
1
8
5
7
3
1
1
1
1159
2
2
2
1157
2
1159
7
16
19
21
5
14
1166
1
3
7
9
2
2
11
2
7
9
5
2
4
8
2
5
2
2
5
2
3
112
1
4
7
10
110
3
6
11
13
15
1
3
90
92
103
2
4
87
89
2
5
2
3
5
9
83
7
16
31
81
2
2
4
9
7
2
5
7
9
3
1214
5
1217
1219
1
2
2
4
1218
15
13
15
1222
1219
6
9
11
1
3
1
1
1225
2
4
9
2
2
4
5
2
3
230
2
227
2
4
5
2
40
1
2
2
216
217
2
214
2
6
158
209
2
6
8
154
2
4
152
2
19
2
8
2
4
6
146
2
132
135
144
2
67
133
2
5
7
62
65
3
59
60
2
56
12
2
2
2
8
11
2
6
2
4
21
15
19
36
3
15
17
3
8
3
10
2
4
6
21
2
7
9
11
13
15
1
1
3
29
2
2
10
2
6
7
8
2
4
1
1
3
2
4
2
66
2
9
61
64
2
5
7
57
3
17
2
13
14
5
2
3
5
10
2
5
7
1
3
2
18
2
16
2
8
12
2
4
6
2
15
59
2
4
2
6
11
4
2
3
5
16
2
42
44
1
3
11
40
2
7
8
10
20
3
6
34
36
37
2
3
15
17
33
1
13
3
4
2
2
12
14
16
2
2
51
2
42
43
44
1
39
40
3
15
38
12
2
3
5
7
2
2
3
12
13
2
8
9
2
20
21
2
5
6
10
11
18
1
3
1
2
1
2
106
109
125
1
1
2
3
5
104
1
2
102
3
5
96
100
101
1
2
5
8
1
2
1
2
3
1
41
91
1
2
10
40
1
2
3
6
5
6
7
8
1
3
4
1
1
1
1
1
3
4
1
2
28
30
1
3
7
9
25
27
1
2
1
3
4
1
2
1
1
7
2
6
2
5
7
9
34
1
34
2
4
25
2
4
6
11
13
2
11
21
2
2
5
3
49
50
44
46
2
5
10
3
2
4
5
2
22
1
11
20
4
6
8
2
11
14
2
8
4
6
2
9
2
4
6
7
2
3
1
728
729
3
1
2
4
5
128
724
1
1
2
1
6
1
49
123
1
3
4
2
22
44
8
9
10
1
6
2
1
2
3
1
1
1
3
2
1
2
5
1
2
3
1
3
1
2
1
5
2
16
6
8
11
14
2
2
17
19
22
5
15
3
6
3
5
10
2
618
2
4
605
16
614
612
2
12
3
7
10
2
4
76
74
592
3
72
589
3
9
1
5
7
8
10
1
2
3
7
35
6
34
1
3
27
32
33
37
1
2
3
2
1
4
5
27
29
3
1
22
1
2
4
5
1
20
1
2
9
19
7
8
18
19
20
1
7
1
4
5
1
2
3
296
295
296
1
3
294
1
2
10
12
1
8
1
4
6
7
284
3
283
1
17
18
264
281
1
16
281
2
13
15
5
11
12
1
3
2
2
1
1
4
32
1
2
3
31
1
17
19
1
1
1
6
1
2
1
1
2
1
3
245
246
247
2
1
9
1
2
8
242
1
3
4
235
236
235
240
1
97
100
101
102
232
233
1
96
232
2
1
3
4
89
1
2
1
2
3
10
11
1
84
85
1
82
83
2
3
5
7
1
26
28
1
17
18
25
1
2
8
9
16
1
2
6
7
1
2
1
4
7
8
1
5
1
3
1
2
1
2
3
7
1
1
1
3
4
2
3
5
1
5
3
4
1
2
1
6
7
8
1
3
5
1
2
1
2
616
1
3
7
8
17
2
1
2
1
2
5
3
1
4
5
45
46
49
50
2
3
1
4
5
18
1
3
1
2
39
41
1
18
38
1
12
13
14
4
5
7
1
3
1
1
3
1
5
3
4
2
1101
4
2
4
2
9
11
1
3
7
2
293
2
4
9
286
291
2
4
5
7
12
13
2
1
8
2
5
277
3
26
1
5
4
1123
1128
1
3
4
8
9
1144
1152
1127
16
1
2
1
1
5
20
1
3
4
18
2
14
16
17
1
1144
1145
3
12
2
8
6
2
4
5
9
7
227
1
1142
2
4
1153
1
2
4
6
2
215
212
213
1
3
58
61
2
1150
1097
57
1152
52
53
1
2
1
2
3
46
48
5
2
4
18
19
24
1
2
8
16
1
2
7
1
5
1
2
1
4
1
2
1
8
1
2
3
7
1
1
1
4
1
3
6
1
2
4
1
1
2
1
5
1
1
4
132
1
3
1
17
18
1
1
124
125
119
120
123
1
117
118
1
2
78
1
2
68
77
1
10
1
2
9
66
1
7
1
2
1
3
1
27
29
1
26
1
4
5
3
1
1
2
1
1
2
1
2
1154
1
16
2
15
1
2
3
4
2
3
12
13
2
3
1
1149
3
78
79
144
1
2
4
1225
2
6
7
10
2
4
1
1217
1219
1221
1
2
1215
1216
1
16
18
59
1214
1
1
2
3
1
12
13
1
11
1
1
2
7
5
1
3
4
31
2
28
30
1
3
8
9
16
15
26
27
1
2
5
1
2
1
3
41
4
27
38
1
2
1
8
7
3
21
23
26
1
250
246
245
244
1
2
247
1
3
4
5
275
250
249
1
2
11
1
1
7
282
283
282
280
277
274
4
5
6
7
294
285
1
2
3
27
305
295
1
12
25
26
27
1
11
3
10
298
1
290
289
1
7
20
1
4
7
9
3
8
9
13
2
4
5
10
12
1
2
1
2
1
5
4
5
6
7
9
10
319
2
4
2
1
332
324
1
2
147
329
326
1
5
146
1
4
1
8
9
17
19
22
2
3
140
139
1
134
136
138
1
133
3
1
74
79
121
1
4
73
1
2
3
1
5
8
1
4
1
3
67
69
2
66
67
32
33
35
39
66
2
3
5
65
1
6
10
3
5
2
2
3
1
3
4
5
1
2
1
2
3
1
19
20
1
18
1
6
1
2
4
5
1
1
2
1
5
1
3
4
5
6
7
8
1
3
4
17
2
1
17
14
16
1
13
1
5
11
12
1
2
4
1
2
1
6
1
30
1
29
31
1
1
18
19
1
16
1
2
1
3
4
2
1
4
3
1
5
6
8
1
4
1
2
1
1
2
8
1
2
1
3
4
5
1
2
7
8
14
1
1
2
6
1
2
24
32
1
3
4
19
22
1
8
1
7
1
2
4
1
2
3
1
4
1
3
10
9
11
1
2
3
4
6
1
1
42
1
40
1
2
33
39
1
32
1
1
3
4
2
1
2
1
1
2
3
1
5
8
1
2
4
1
23
22
1
2
1
3
1
2
1
4
2
3
134
139
163
204
1
2
118
122
128
131
133
135
1
132
1
5
7
8
25
1
7
9
1
2
57
110
113
1
53
54
56
60
61
62
1
52
20
22
50
51
1
15
18
2
8
3
6
3
6
3
2
10
3
5
8
2
1
3
27
28
2
4
10
2
2
6
476
5
7
8
16
17
2
482
14
2
7
9
11
1
5
499
489
2
4
503
502
2
504
1
2
15
1
5
13
14
21
23
1
2
3
4
1
1
1
8
1
2
4
53
1
34
40
49
50
52
61
2
31
32
33
1
2
13
15
23
30
1
29
1
11
10
2
7
3
5
554
2
12
557
2
4
10
2
4
8
2
4
732
721
723
721
578
577
569
1
3
5
7
2
740
734
746
742
2
3
8
1
1
5
2
4
6
7
2
5
71
757
756
1
7
9
3
6
59
63
66
2
3
44
60
1
3
40
42
2
12
14
19
37
2
7
9
11
3
5
2
4
2
2
9
7
2
5
9
17
19
23
3
7
2
5
3
8
2
5
15
24
3
13
2
8
10
4
6
2
2
16
3
9
12
14
3
23
34
36
38
41
2
4
7
8
17
2
1
3
828
2
7
9
832
834
831
2
4
9
849
2
5
8
1
8
11
5
7
2
3
858
1
937
929
926
924
922
920
861
860
2
930
932
2
10
16
955
2
4
8
2
5
3
4
1
3
2
5
6
3
11
15
1
3
5
2
977
971
2
3
4
2
987
986
974
989
13
51
406
2
6
4
22
23
26
22
2
4
8
17
2
4
6
2
38
2
32
34
36
2
9
30
2
6
27
28
4
13
15
25
1
4
7
9
3
2
2
2
59
2
18
19
14
17
2
2
4
2
355
3
10
120
2
1
7
9
12
6
2
110
2
108
2
104
105
106
1
3
102
2
8
10
2
6
2
4
23
2
16
18
21
2
14
2
12
85
90
2
7
9
10
81
83
1
5
79
2
4
77
78
2
4
13
15
17
44
2
1
11
2
10
3
6
8
1
3
2
9
2
4
7
3
16
24
27
3
4
6
8
3
9
11
2
6
3
4
1
2
5
3
7
9
143
1
23
21
22
2
12
2
3
131
134
1
4
5
6
1
2
3
123
128
88
122
123
1
5
81
88
1
3
4
1
2
1
5
1
3
4
1
2
1
32
33
74
75
31
2
8
1
3
4
5
1
1
2
1
4
5
1
3
1
2
20
21
22
1
7
8
18
1
7
1
6
1
5
1
2
3
4
1
1
1
2
4
11
2
4
6
21
1
20
26
25
227
1
2
16
17
19
1
2
15
1
2
1
3
2
2
3
1
1
39
41
1
2
5
6
38
1
35
37
2
3
18
20
32
1
2
10
17
1
16
1
6
1
5
3
4
1
2
1
1
7
8
7
1
2
202
1
198
200
201
1
197
1
191
1
190
3
4
1
2
1
1
3
12
2
184
185
2
9
2
5
7
24
27
25
175
176
1
12
14
22
2
11
19
21
2
4
6
2
1
2
1
2
3
6
1
2
6
7
9
8
3
4
1
35
31
1
30
1
5
2
3
4
146
151
1
140
141
142
143
140
1
2
1
18
19
1
2
17
1
7
6
132
135
1
2
4
5
117
1
4
117
128
129
131
115
116
5
109
114
1
2
4
1
2
4
1
2
105
104
39
102
103
1
10
35
38
1
6
9
1
3
5
1
2
1
1
2
1
3
1
5
2
3
4
24
25
1
3
5
1
4
3
1
2
20
1
4
6
19
1
3
2
5
7
8
2
3
1
7
13
2
6
1
4
2
26
36
2
3
5
6
1
20
2
9
19
1
3
7
9
11
1
2
1
2
6
4
63
4
7
10
2
58
59
3
55
56
1
17
31
33
3
3
4
10
1
2
5
3
8
9
12
13
3
5
8
3
1
3
1
7
9
2
6
2
4
2
11
14
2
12
1
10
9
2
4
5
17
18
27
25
13
14
15
3
7
8
11
12
1
1
3
1
2
1
1
1
8
9
3
4
1
2
11
1
9
1
891
8
1
5
6
882
890
1
4
3
1
876
263
2
3
5
8
535
537
613
1
31
533
1
2
30
1
2
4
10
29
3
8
25
27
883
3
6
94
977
2
3
5
9
90
91
1
3
2
10
17
2
4
8
2
4
6
2
81
2
39
2
7
36
37
4
5
2
31
6
7
8
29
2
4
5
2
1
1
1
6
487
1
2
5
21
1
12
19
20
2
3
11
1
2
7
9
481
1
3
5
1
454
290
453
1
2
1
4
4
5
6
7
8
7
1
2
15
278
279
1
2
10
13
14
1
1
7
8
1
4
5
6
1
3
1
2
1
1
1
2
31
1
2
3
5
1
19
20
28
29
3
8
16
17
18
1
2
1
2
5
1
3
4
2
241
1
3
5
11
239
240
1
10
239
9
1
2
7
8
1
2
4
234
1
2
229
1
2
101
227
228
229
230
93
94
99
1
2
4
1
2
1
4
5
25
85
86
3
23
24
1
18
958
20
952
21
22
17
81
1
1
1
2
3
6
1
6
4
5
3
7
2
3
4
971
969
6
1
4
1
975
1
2
2
3
975
977
2
1
6
1
2
1
2
1
5
973
980
3
4
972
7
1
2
3
5
1
1
58
60
1
2
57
4
5
52
56
57
1
6
977
1
1
2
13
12
47
1
11
1
977
1
3
6
983
978
1
5
1
3
1
2
1
3
4
10
983
1
2
3
1
2
3
2
1
5
6
1
2
4
1
6
991
3141
3521
1
2
4
5
1
2
3
1
969
968
967
1
2
4
1
973
1
985
1
14
16
1
2
13
5
11
12
1
1
2
1
1
5
6
1
3
4
31
1
2
30
1
19
28
29
1
8
17
18
1
2
7
1
2
4
5
1
2
3
6
7
1
2
6
2150
1
3
10
9
1
5
7
10
1
7
9
1
65
1
63
64
2
1
5
54
58
59
3
4
1
2
1
9
1
1
49
1
2
5
45
48
1
44
1
3
17
18
1
2
3
4
7
16
1
1
1
1
2
3
6
5
1
3
4
2
9
5
7
8
1
1
1
5
1
2
1
1
4
1
3
127
126
1
2
6
124
123
124
3
4
9
1
2
1
6
15
16
6
1
2
5
116
118
1
2
4
77
76
77
78
109
114
1
2
2
10
1
2
6
7
8
1
64
1
2
4
63
1
62
1
2
1
30
1
4
29
1
3
1
23
25
1
3
22
1
2
4
1
2
3
1
19
18
19
1
6
1
4
1
3
1
2
11
1
9
1
2
3
5
6
8
1
7
1
1
2
17
2072
1
16
1
1
2
11
3
4
2
1
2
1
1
2
3
4
1
1
4
9
1
3
4
1
3
2
1
5
1
2
3
1
6
2055
1
3
2
6
1
1
2053
2
4
2049
2052
313
380
2051
4
277
279
2055
1
2
2054
269
273
4
5
2322
2323
2
1
2
8
10
1
1
1
2317
1
3
4
2314
2315
2316
1
2
20
2312
534
2313
1
1
2
7
1
2
1
5
2
3
4
1
4
12
1
11
10
11
1
2
8
9
1
2
3
6
1
1
2
3
30
31
1
2
3
5
8
9
27
1
26
28
1
1
2
1
2
471
514
1
2
3
1
458
2269
469
1
3
1
2
3
18
19
446
448
453
4
16
2
3
442
79
435
1
2
11
1
12
8
9
11
1
4
7
8
1
2
3
1
34
33
1
2
3
1
25
26
29
1
4
27
28
1
3
23
1
5
1
2
4
1
1
2
9
1
8
2
1
2
1
3
1
1
7
1
1
15
16
12
13
14
6
8
12
1
1
3
1
2
1
1
2
32
1
3
4
11
10
11
1
3
1
2
1
4
1
1
2
1
4
1
9
1
2
1
2
1
150
1
2
1
2
8
11
1
2
142
1
2
141
1
4
1
2
3
1
18
19
42
1
3
1
2
3
1
3
2
3
4
1
1
3
1
6
7
12
6
1
2
3
1
2
176
1
174
6
153
166
169
1
5
1
2
4
1
5
19
21
23
2
4
2
147
2
5
14
145
3
9
12
6
29
2
4
17
20
26
28
2
5
18
3
2
2
5
96
3
4
94
5
91
90
91
2
5
6
9
3
45
80
81
82
80
43
45
77
78
1
2
3
41
42
2
3
1
38
39
4
5
7
37
2
2
106
1
52
104
1
2
5
7
48
51
1
2
4
17
30
1
30
28
29
2
13
11
2021
41
2
9
11
2008
1993
5
2006
1988
147
13
2
11
356
357
4
9
2
13
3
5
11
2
5
8
2
3
345
1
15
17
18
327
343
344
1
343
1
5
6
12
1
3
4
1
2
1
1
35
1
6
1
31
32
30
1
8
9
20
1
19
18
26
1
3
4
1
2
1
309
1
2
5
1
3
10
11
1
3
148
298
297
301
1
140
145
1
2
139
1
132
137
138
1
4
136
1
3
1
1
131
132
129
130
1
4
5
1
2
3
22
21
23
32
1
8
9
10
19
20
1
7
1
6
1
4
5
1
3
2
1
4
1
3
2
7
10
14
1
1
3
1
2
1
7
1
3
4
2
1
2
1
1
3
4
10
1
2
7
22
1
5
6
1
2
1
2
1
92
93
92
1
15
1
3
9
10
13
82
12
1
2
6
37
38
37
38
35
36
1
8
16
32
1
31
4
1
1
5
8
2
4
2
5
9
1135
12
3
2
9
11
17
7
15
2
1150
1149
1144
1
5
3
1150
9
11
1147
1141
4
2
3
6
2
4
1145
2
1141
1155
1
14
2
3
13
1
2
5
11
1
10
11
1
1
1
6
1
4
5
37
38
1
2
3
35
36
1
24
25
34
14
23
1
2
1
2
2
4
2
5
8
3
1
3
1
2
6
8
9
1
2
3
5
1
1
64
65
2
3
63
1
2
1
60
1
1
3
1
2
3
4
9
1
2
50
55
53
54
1
46
47
48
4
2
19
1
2
8
11
13
1
9
17
6
1
1
1
1
1
1
5
6
7
8
1
4
7
8
9
2
3
1
1
1
5
1
4
5
2
4
1
4
2
3
1
149
150
1
5
148
1
2
19
19
1
8
17
6
7
140
141
143
1
2
4
80
81
80
82
132
133
1
2
73
74
78
1
2
4
5
1
1
2
9
1
6
8
1
34
65
66
1
33
38
1
30
32
36
37
38
29
1
8
10
26
27
28
4
6
7
1
1
1
2
1
4
5
1
3
2
3
8
10
1
16
1
1
1
2
1
2
3
6
1
7
8
4
6
1
3
1
15
18
1
6
17
5
1
2
1
1
7
11
5
31
1
30
26
27
29
1
8
1
2
7
26
4
5
1
3
4
5
10
11
1
9
1
4
7
1
3
6
1
1
4
5
1
1
1
2
1
6
1
2
3
4
5
1
2
24
1
3
1
2
3
1
3
5
1
1
2
1
2
3
4
1
8
1
3
7
1
2
1
2
4
2
50
44
3
5
15
19
2
3
12
4
7
9
3
2
4
2
23
1
8
21
2
2
2
4
2
4
2
89
91
5
87
1
12
13
11
13
15
1
4288
6
4289
2
5
4221
79
82
86
3
32
37
38
4223
34
11
30
2
5
10
1
4
3
2
1
3
2
4
19
21
19
1
2
8
9
17
1
2
3
7
1
1
2
1
2
3
4
1
1
4
1
2
3
1
1
5
1
4
3
16
1
13
14
1
6
1
3
2
1
1
4301
4
14
1
2
3
11
12
13
4315
20
38
1
8
11
1
2
7
1
1
5
4
1
2
1
1
2
1781
4296
1
4297
2
2
1
6077
742
2
6
8
644
4299
4
4295
2
2
11
652
1
9
654
2
3
8
676
655
1
682
678
2
4
5
8
683
2
33
34
4
13
15
31
3
2
11
7
9
3
5
2
20
2
18
13
14
15
7
9
2
2
4
2
1
4
3
1
1
1037
7
86
91
41
51
78
82
15
25
27
31
4
1022
1023
1024
1017
1018
7
10
3
182
998
2
179
181
4
5
22
14
17
10
13
6048
22
31
34
37
6113
3
6100
136
6026
1
31
65
6027
9
6018
1
2
29
30
3
23
6019
3
12
16
4
9
5
4
5996
5998
21
1
2
1
1
5977
1
5
6
1
4
1
599
3
4
6
598
13
17
1
10
12
2
5
9
585
583
590
4
21
2
4
6
17
22
4
1
2
6
7
10
11
18
1
3
5
1
2
1
3
34
1
2
1
4
5
1
4
31
29
30
1
8
9
14
1
8
7
18
1
3
5
1
2
540
557
1
538
539
1
2
1
4
6
5
11
2
4
7
221
222
5
6
219
520
522
523
527
1
2
3
217
1
6
215
216
1
3
5
1
2
2
6
8
1
2
1
4
12
12
208
209
5962
5961
1
10
1
33
67
1
5962
5961
5966
5
5
1
2
1
3
1
2
5964
1
5965
4
5961
5
8
2
5
19
23
3
7
2
6
9
7
3
15
21
806
4
12
5
8
29
34
3
9
13
24
27
6
4
765
785
2
14
761
4
12
758
759
3
8
749
754
2
5
43
47
745
746
3
5
5914
5916
45
5909
1
1
2
196
1
194
195
3
4
193
2
2
7
8
1
6
5
1
2
183
1
47
51
175
181
182
183
1
46
2
6
43
45
1
4
701
702
5879
697
2
1
4
5
5264
1
3
29
38
37
9
27
33
1
8
1
7
5270
5269
3
5271
981
1
2
4
982
1538
442
757
759
3
5
556
2
25
1
2
1
10
3
51
53
61
517
2
534
2
8
13
17
32
36
6
9
11
2
4
4
15
130
3
11
120
126
2
8
117
4
6
111
2
25
4
7
23
3
13
16
2
6
10
464
10
14
17
25
3
7
4
15
20
28
32
28
8
341
434
197
324
326
336
5
4
8
187
4
24
171
175
183
4
20
7
10
15
8
11
134
147
3
8
21
5
123
4
8
13
33
4
29
5
10
4
6
8
9
1
1
1
4
7
8
3
7
1
1
1
3
1
2
1
5
303
1
3
4
2
68
1
297
298
294
295
296
11
15
59
3
26
50
4
23
3
19
3
13
16
263
264
3
5
10
260
2
202
204
257
2
5
200
3
8
3
5
2
4
99
173
174
97
169
3
87
93
2
9
81
84
4
7
24
79
3
9
6
11
5
9
11
31
4
52
55
48
3
4
4
8
13
4
7
8
9
3
127
1
3
14
20
2
4
52
71
81
41
44
48
2
4
25
29
38
2
6
36
21
3
6
15
3
3
9
6
4
9
70
72
5
6
7
9
2
41
45
55
58
60
61
1
3
16
18
36
38
37
39
3
2
6
12
14
4
17
19
4
10
555
15
2
4
6
20
10
14
16
4
543
544
2
4
535
542
552
540
531
535
536
2
531
532
533
2
530
2
6
528
2
4
2
4
497
502
505
503
522
2
5
10
492
493
3
6
8
39
36
38
487
2
15
19
31
33
3
5
13
2
1
6
8
2
3
5
1
2
4
8
10
12
2
4
2
12
14
2
6
2
4
2
53
2
4
2
2
448
449
2
7
5
443
444
2
3
149
150
155
441
1
147
438
2
3
29
1
2
6
8
1
140
143
1
3
4
139
1
2
131
132
133
136
137
138
1
107
130
1
106
2
103
8
101
3
9
14
3
96
93
1
5
4
5
6
36
2
1
3
4
1
2
1
1
3
2
1
4
8
1
4
2
3
1
18
1
7
17
6
2
3
1
1
4
11
1
10
1
2
4
5
7
8
1
7
1
2
1
17
1
13
14
1
4
5
11
10
1
1
6
44
1
4
5
40
42
44
2
3
11
39
1
27
29
31
38
9
24
26
37
1
8
38
39
1
6
1
3
1
2
1
2
15
2
8
12
13
2
4
2
2
4
2
1
2
8
2
4
6
2
2
1978
6
1980
3
1984
1979
1981
52
1
2
24
1927
1
23
2
6
1
3
4
5
6
2
4
1
6
3
4
5
1
2
1
12
1
11
2
2
4
22
23
2
20
1
1936
18
17
2
1951
1947
4
4
5
13
1
7
9
1938
8
9
10
2
5
1948
3
2
9
7
2
5
1
3
173
155
172
1
6
7
8
1
7
1774
1
2
33
37
38
1
37
1
4
8
1
2
1
1
1
2
1
2
3
1
19
1
2
8
18
1
1
5
6
4
1
2
5
6
5
1
3
11
12
1
11
10
1
2
5
7
8
1
284
286
3
283
284
1
17
260
277
279
283
1
2
16
282
1
2
281
1
5
12
14
1
1
7
4
32
33
1
10
31
1
9
28
30
8
18
21
27
1
6
1
2
1
2
1
242
243
4
241
2
3
4
2
3
8
1
1
5
4
1
113
114
1
2
3
4
1
23
1
4
5
6
22
1
2
3
21
19
1
4
7
8
9
1
6
1
5
1
2
4
1
2
3
4
1
13
17
22
2
1830
9
12
5
3
5
2
2
1812
1814
5
1815
2
2
6
1
1810
1811
1
4
1800
1
3
1801
1821
43
1
2
3
8
20
2
5
7
1
2
1
3
2
81
1
2
3
5
74
75
80
1
2
1
12
1
2
8
11
1
3
4
7
1
2
69
1
34
68
1
29
32
33
3
7
8
3
1778
1
1
1
1
1
3
4
1
2
17
18
19
20
1
8
9
17
1
2
7
1
2
1
2
5
1
1
3
1
1
5
6
8
1
2
4
1
17
1
2
1
12
1
2
11
1
2
1
3
4
1
1
5
1
4
1
2
3
19
30
1
3
8
18
1
1
2
3
5
1
1
2
4
1
2
3
1
10
1
5
8
9
1
2
4
1
66
67
1
65
1
2
62
64
1
3
1
2
59
60
1
3
58
1
11
1
50
55
1
6
1
5
42
43
47
1
2
4
10
46
24
44
45
1
2
1
2
1
5
1
1
4
3
4
5
1
9
1
2
4
5
8
1
1
2
1
1
3
3
1
4
5
3
1
1
2
1
1
2
1
1
2
19
20
1
8
18
1
7
17
5
1
2
3
4
65
1
65
92
93
62
63
64
1
3
62
1
4
59
1
2
3
52
51
52
1
2
29
30
31
1
3
4
2
1
6
8
10
1
4
2
3
1
1
1
4
5
3
4
5
1
2
9
10
19
7
8
9
2
3
7
1
1
2
1
2
3
4
6
1
4
5
30
1
2
3
7
5
7
8
9
1
2
4
1
24
25
1
2
23
1
3
15
16
17
22
2
1
2
4
5
11
1
10
11
12
1
2
1
2
1
1
2
17
1
16
1
2
10
1143
1
3
8
9
1
2
1
1
5
1
4
1
2
3
1
3
1
2
1
1
1156
1153
3
1157
1
2
1
1024
1013
3
1
2
4
130
1
131
1
2
1
2
8
9
1
1
6
1
5
113
116
1
3
4
1
2
8
1
6
7
1
5
1
1
1147
1149
1150
1
2
1
2
5
1
1
3
1148
1
2
4
6
1150
1149
1
2
3
1
22
26
27
1
2
25
1
4
24
1156
1152
1
1
65
1154
1
5
4
19
20
1
2
9
17
18
1
2
8
10
1
16
1
3
1
2
73
78
79
1
2
72
1
1
2
7
8
1
4
6
2
3
12
32
33
1
32
64
31
63
64
65
2
9
1
2
4
5
6
8
1
7
1
2
1
1
1
2
5
1
4
19
18
1
6
11
5
7
1
2
4
5
1
2
3
4
1
2
5
1
1
7
9
1
3
5
1
2
1
16
17
1
2
15
1
7
12
14
1
6
2
3
5
1
1
2
1
5
1
4
30
19
20
27
29
1
9
18
2
7
8
2
1
5
1
4
2
3
1
4
5
4
8
9
1
2
3
1
1
1
2
3
2
5
1
1
3
1
2
1
6
7
3
4
5
1
2
3
1
20
1
19
1
3
1
2
1
2
1
4
5
1
3
1
2
1
2
5
1
3
2
8
1
3
4
1
1
14
44
13
1
5
17
4
11
1
2
3
1
1
542
540
1
545
1
15
16
17
546
13
14
1
11
12
5
6
10
1
29
2
22
27
28
1
3
4
5
21
2
5
20
1
3
1
2
1234
7
6
7
1262
1
1236
1
1
1263
1
1262
2
3
1264
1
448
2
1
1710
562
1
5
457
449
1
3
4
2
18
19
20
7
10
17
1
16
1
501
495
462
2
3
5
504
502
1
2
3
6
683
1
1
2
1
3
5
7
9
1
690
689
1
691
1
2
12
11
12
13
697
1
10
1
2
1
1
1
1241
3
1
2
1238
1
1
1
17
1
7
16
1
1
2
3
1
729
728
724
710
1
4
5
730
1
2
3
1
8
9
1
3
5
7
1
2
1
741
739
737
735
1
742
743
742
1
2
134
2
3
4
5
34
133
1
1
1225
3
4
1
1228
1
2
1
2
25
27
29
1
20
19
21
23
17
18
1
2
6
7
9
1
8
1
1
1
5
1
4
2
5
1
4
5
6
7
8
3
1
1
1
1
1
3
1
2
1
2
2
4
8
2
31
33
2
12
14
2
12
2
4
8
10
2
2
4
2
6
99
2
4
2
4
13
2
4
6
85
89
90
88
2
7
2
4
5
7
1
2
41
1
11
40
3
7
10
2
4
2
3
1
3
1
2
1
29
4
15
27
25
26
1
11
8
10
6
11
2
8
2
10
1
2
1
19
1
18
2
15
11
13
14
1
2
5
11
12
1
4
1
1
6
34
1
32
33
1
2
31
1
18
19
27
1
17
1
2
3
1
1
4
3
1
2
1
3
4
5
3
1
3
5
7
1
2
6
5
1
2
1
2
1
5
4
5
61
1
1
1
2
3
7
8
1
1
54
55
1
4
53
1
2
3
1
1
3
9
1
2
1
2
1
6
1
2
3
2
4
1
1
2
5
4
8
1
2
3
1
3
4
1
2
1
2
3
4
5
1
1
1
5
1
2
3
4
1
887
885
1
890
888
1
1
8
1
2
7
894
1
901
900
895
1
5
940
902
2
3
4
943
1
4
5
950
944
1
3
1
3
7
8
1
2
1
956
955
2
5
34
957
1
2
29
30
32
33
1
3
32
1
2
8
25
26
27
1
2
3
7
1
1
4
1
3
1
2
3
4
1
18
1
7
17
1
7
1
6
1
5
1
3
4
1
2
5
30
2
10
5
8
1
2
1
2
3
5
2
3
3
4
5
11
1
2
1
1
2
1
6
1
4
5
992
991
2
996
994
993
2
8
1
1
2
3
1
2
8
7
1
5
6
1
2
4
1
1016
2
1021
1017
1
2
1022
1
1023
1024
1023
1022
1
1
2
1
4
5
1
2
1
1
2
26
677
1
25
1
6
1
3
5
7
2
12
20
21
4
8
9
10
2
1
2
3
5
1
1
2
1
2
4
1
2
8
1
6
7
1
3
1
2
36
35
36
38
1
8
9
34
5
7
1
2
4
1
1
2
1
8
103
651
1
2
7
1
3
5
6
10
1
2
1
24
25
26
2
8
11
23
1
5
6
7
5
6
1
4
88
1
2
3
86
87
1
2
1
2
11
84
3
9
11
12
9
11
12
3
4
5
2
1
31
32
1
30
1
4
5
8
1
3
2
1
1
2
4
3
2
2
4
5
6
1
1
2
9
14
15
1
7
8
9
2
1
2
1
3
2
1
2
2
1
5
4
1
2
3
1
1
4
1
3
1
2
13
14
12
12
14
1
2
1
1
7
8
1
6
32
1
4
31
1
2
3
27
29
30
1
9
26
1
5
8
9
1
5
1
4
2
3
4
5
1
1
4
5
1
2
3
1
1
1
3
1
2
5
153
1
2
3
4
1
1
8
1
2
7
1
4
31
32
1
2
3
20
23
28
29
30
1
2
1
3
9
17
18
2
27
1
2
1
5
6
3
1
2
4
1
1
2
1
2
4
5
8
1
2
1
2
3
4
1
3
4
1
1
3
1
2
5
4
548
1
3
5
3
4
1
1
1
6
7
1
5
1
4
114
1
2
109
1
2
4
92
108
1
5
8
1
2
93
88
92
96
1
2
85
91
1
31
32
84
3
29
30
4
7
8
28
1
2
3
1
26
1
2
1
3
2
5
1
2
3
4
1
3
1
19
20
21
3
9
18
1
1
1
2
5
6
1
2
4
500
499
500
2
3
498
1
1
9
1
4
5
8
1
3
476
477
491
492
1
18
474
473
3
1
12
3
5
10
1
1
2
1
52
1
5
51
4
23
22
43
45
49
55
1
16
18
21
9
1
1
3
4
6
1
2
1
450
454
455
1
449
2
1
4
1
3
1
2
295
1
271
288
294
2
259
261
2
8
257
2
3
6
21
1
5
17
20
3
4
1
249
7
12
2
76
82
83
59
74
78
2
5
53
57
3
8
28
51
3
5
2
10
14
20
6
8
16
4
3
6
8
3
5
9
12
9
23
4
2
10
14
4
8
18
4
8
13
14
4
4
5
1
19
1
2
2
6
4
7
21
34
41
33
37
3
9
14
4
6
1
5
1
3
4
1
2
4
5
158
161
4
5
157
1
2
7
11
10
13
1
4
5
3
1
152
63
1
4
3
6
13
16
18
3
1154
1196
7
4
8
1
2
5
39
42
2
4
16
36
2
34
2
4
6
8
12
2
2
2
4
2
4
6
8
2
20
2
6
8
18
2
4
2
2
2
10
33
2
8
29
31
3
6
21
23
27
3
8
20
3
5
2
1141
3
12
1144
3
7
9
1096
41
46
64
66
2
4
35
1099
2
16
18
2
4
6
14
2
6
8
10
14
2
4
2
8
2
4
6
2
10
6
8
2
81
85
87
2
79
81
3
5
79
1139
15
134
136
137
2
1124
1002
76
1134
1126
5
8
3
18
13
15
119
4
8
11
112
115
116
118
4
5
7
8
2
16
42
1
14
3
10
13
1
2
106
107
1
3
7
2
4
2
5
9
22
28
3
23
26
2
7
9
13
2
5
3
2
4
6
14
17
3
3
7
17
3
6
10
4
8
16
18
152
4
12
6
10
3
21
27
30
42
43
4
18
22
39
136
139
3
11
18
134
4
8
91
131
87
119
120
121
122
125
126
127
3
7
12
4
9
3
5
8
12
13
14
16
18
2
3
64
3
4
59
60
61
1
2
17
56
1
1
15
4
6
1
1
2
1
1
2
1
5
6
7
1076
1078
1
5
2
4
1075
2
1079
11
13
2
11
2
4
9
2
5
7
4
2
6
8
1089
2
4
2
2
1097
1077
14
1071
2
3
20
23
1
4
6
22
1
21
1
3
2
2
35
4
13
32
33
3
9
28
23
24
25
2
3
4
6
1
2
2
4
1086
1085
8
2
4
1
1094
2
5
2
1
1
315
1
303
314
1
2
1
2
3
274
1
1
1
2
7
271
2
262
264
266
268
270
276
2
4
5
1
262
1
2
11
18
10
11
1
2
5
7
1
3
1
2
1
1
2
1
5
1
2
5
8
9
1
7
2
3
1
28
1
7
3
4
6
1
1
2
228
242
1
224
226
1
5
123
124
1
2
3
18
1
3
4
8
1
2
114
118
1
2
75
80
112
2
3
4
74
78
79
109
110
1
6
71
72
73
1
4
5
3
1
2
4
5
33
1
1
31
32
31
33
65
1
2
29
1
3
1
2
4
6
27
1
2
3
1
1
1
2
1
1
1
2
3
17
18
1
8
17
1
16
1
6
1
4
5
3
1
2
1
2
4
5
1
4
6
1
1
1
2
1
6
10
12
13
14
18
3
4
5
1
1
1
2
1
6
5
31
32
1
3
30
19
22
27
29
1
2
8
9
1
1
4
5
1
3
1
2
1
1
1
2
6
1
2
3
1
1
2
1
2
1
6
1
8
9
10
1
2
3
4
6
23
25
24
6194
4
5
1
2
3
1
18
19
20
1
3
8
17
1
2
1
1
4
5
1
3
2
1
2
4
5
1
2
9
1
5
6
7
8
1
3
4
7
1
2
1
28
30
1
10
27
1
9
1
6
7
8
1
3
5
2
1
2
1
5
6
5956
5923
6218
1
4
1
2
3
5
8
17
6
15
17
1
2
1
6003
5962
6004
6002
2
3
2
41
6003
6004
37
38
1
5
39
5967
5966
1
2
3
4
9
10
9
5
7
1
35
34
1
3
11
31
32
1
2
31
32
1
7
8
1
2
1
2
1
1
2
1
3
1
2
1
20
1
7
1
6
1
3
4
5
7
13
99
1
2
98
1
95
97
1
94
3
4
88
92
93
8
9
10
1
2
3
5
6
7
1
6
1
1
2
82
83
84
1
2
81
5827
1
1
2
6029
6028
1
1
2
6031
1
1
6033
1
1
5
1
4
27
28
29
2
16
18
2
7
1
2
5
1
1
3
198
1
2
1
3
10
1
3
4
8
1
2
7
177
1
2
127
175
1
4
3
125
1
3
4
5
2
4
1
8
1
2
3
7
33
32
113
1
2
3
4
5
1
29
30
1
21
26
28
1
7
14
16
17
1
2
6
1
4
6010
2
3
6009
6008
6006
1
3
1
7
1
1
2
1
1
2
3
33
1
2
1
6
31
1
2
5
1
2
3
4
1
1
1
5
1
23
1
4
10
15
19
1
3
1
2
1
2
4
5
6
79
81
1
2
72
76
77
1
2
4
1
2
4
5
1
2
3
35
67
66
1
32
33
1
4
3
1
2
3
4
5
26
28
1
2
1
1
2
3
23
22
23
1
5
297
295
3
5
20
1
4
3
8
9
1
2
3
2
3
302
1
5
1
4
2
3
305
1
310
307
308
8
3
4
1
2
324
323
312
1
15
16
17
356
327
325
1
14
1
2
13
17
1
9
11
16
17
1
2
1
5
6
1
30
32
29
2
19
2
8
16
17
1
1
4
5
1
374
376
375
374
373
2
4
11
1
9
1
5
7
8
4
7
1
3
387
1
2
388
1
54
55
390
53
4
5
44
1
49
7
8
9
1
5
7
2
3
26
1
2
1
1
2
1
2
3
7
1
2
1
2
4
1
1
2
4
1
2
3
9
10
1
2
4
6
7
1
1
2
1
2
1
2
1
1
2
4
1
1
2
1
45
1
1
40
41
1
1
1
2
7
8
1
2
893
7
1
887
891
34
1
2
3
4
1
52
53
54
1
1
891
1
3
4
2
3
890
1
2
9
11
47
1
892
868
6
8
1
2
5
8
9
24
4
5
7
10
1
2
3
1
2
1
1
5
4
5
1
2
3
5
4
14
15
1
2
3
1
5
1
2
4
1
531
445
1
2
3
532
2
3
533
1
3
1
536
543
537
1
2
14
175
1
2
4
12
1
874
875
874
1
2
1
1
875
874
2
1
6
1
2
5
1
2
3
4
6
1
29
30
1
17
2
3
16
2
1
5
14
4
2
189
1
217
215
9
5
6
7
8
10
1
2
6
1
235
222
220
1
239
236
490
486
240
514
491
4
1
1
2
1
2
8
9
10
1
1
6
1
2
5
527
1
3
4
10
2
529
1
18
530
6
7
17
531
1
1
2
3
4
14
1
1
4
11
1
9
10
11
1
2
4
5
6
8
1
7
2
1
27
29
32
1
31
1
30
1
2
4
5
8
1
2
3
1
1
1
3
1
58
567
564
2
3
4
57
19
1
2
3
8
18
17
1
52
53
1
5
51
1
4
20
48
50
2
1
5
15
17
4
1
2
1
2
3
5
1
1
1
2
1
2
1
2
941
939
920
1
2
3
1
1
1
2
5
1
3
4
19
18
19
20
1
3
8
9
16
17
1
2
16
1
1
2
4
5
1
1
2
1
2
5
1
1
2
3
1
4
5
7
3
1
1
1
1
2
1
5
1
1
1
1
5913
2
3
7
5912
1
2
5916
4
17
19
21
39
41
5906
48
1
1
5909
1
5908
2
3
1
4
1
3
15
1
2
4
6
8
1
2
2
14
2
8
10
2
18
2
14
2
10
2
6
8
36
34
13
15
17
2
15
28
30
9
5947
5031
7
2
2
4
5034
11
13
1
3
23
24
2
23
28
19
20
5
17
5041
3
9
11
2
6
2
4
2
2
7
5058
5
5055
2
3
18
1
2
16
18
1
16
17
5060
1
1
4
2
3
79
1
5
69
70
71
1
4
70
1
3
1
2
5
7
1
2
34
66
65
1
30
1
29
10
28
1
2
4
8
1
2
1
1
4
1
3
1
2
5
1
4
1
3
18
2
7
1
3
1
628
3
4
629
10
1
3
4
1
2
1
661
633
1
663
662
1
2
14
1
2
1
4
11
12
1
3
1
2
1
7
1
5
6
32
2
25
29
30
31
2
3
18
19
20
19
20
23
24
1
9
10
17
1
1
2
679
1
6
686
681
680
1
5
1
2
1
8
1
693
692
691
1
2
694
1
847
844
695
847
845
1
5
859
1
2
4
858
1
2
1
2
4
1
33
31
32
1
2
3
4
1
1
8
9
10
1
7
1
1
2
5
1
3
1
2
5
1
4
6
1
7
8
9
10
11
3
4
5
6
1
2
1
1
1
1
1
5
3
4
9
1
9
10
1
8
6
7
1
4
5
1
3
19
20
18
3
4
8
1
1
1
3
4
1
903
901
899
1
4
909
902
1
2
1
1
2
4
992
913
1
982
918
915
914
1
983
993
987
984
1
8
996
5
6
7
3
1
1
1
1
4
1
3
1033
1004
1
1034
1005
1006
1
1036
1
1037
1
1043
1042
1038
1044
1
5
29
2
15
22
24
4
11
13
3
46
2
3
7
4
6
13
2
2
3
6
3
19
3
6
3
49
64
2
5
46
3
41
44
46
20
38
3
16
18
3
6
15
12
2
5
2
3
18
1
10
16
3
5
2
2
89
90
91
3
87
12
83
84
5
2
14
8
12
67
2
8
66
2
3
4
6
7
31
29
31
38
1
4
2
7
24
3
5
1
2
7
1
2
15
14
17
2
6
2
4
2
3
2
5
8
3
3
5
7
151
152
2
1
2
3
145
146
1
2
1
6
19
5
6
1
2
5
133
1
3
9
1
8
80
131
5
7
78
79
82
1
13
2
9
10
11
2
3
6
7
2
3
62
1
33
58
60
1
32
1
3
27
1
2
3
1
4
24
1
2
3
1
1
2
3
1
20
18
19
1
2
1
7
1
5
6
1
4
1
2
3
1
1
2
1
1
1
2
1
2
21
19
1
2
19
1
18
34
6
1
3
2
2
6
7
8
2
1
942
929
3
941
1
922
930
2
921
2
4
8
2
6
2
926
5
12
928
4
5
6
7
3
6
7
1
2
149
150
1
3
1
147
145
146
151
1
1
1
929
20
927
19
140
954
258
1074
1
3
32
31
250
255
11
29
32
949
2
4
10
120
121
2
3
4
6
2
1
7
2
6
21
2
3
9
3
50
51
52
20
45
47
1
2
1
2
6
3
5
223
2
198
217
1
6
195
1
5
2
26
24
25
2
7
179
1
175
176
177
1
174
2
7
98
1
3
5
172
174
2
7
1
3
5
91
2
36
89
90
2
3
33
34
42
1
1
28
30
1
4
5
8
27
1
3
1
2
1
2
1
2
3
1
4
1
3
20
19
2
3
7
8
1
6
1
2
4
1
2
1
2
5
11
1
9
1
5
7
8
1
4
7
6
1
2
1
1
12
17
3
1
7
9
8
53
1
3
5
7
52
2
30
34
50
51
55
2
28
2
5
10
45
1
3
5
1
2
5
7
1
3
1
2
14
7
9
2
4
2
2
3
1
2
1
2
4
10
4
6
4
14
16
2
2
23
12
19
20
2
4
2
5
1
1
5
1
4
1
2
3
1
4
7
1
2
3
1
1
17
1
3
16
1
15
5
14
1
1
2
1
246
1
3
4
2
3
12
232
237
1
2
7
8
9
1
2
6
1
2
4
1
48
49
4
5
46
1
3
1
2
4
3
8
1
2
41
1
3
1
2
15
1
4
5
1412
3
1
1
1
1417
206
211
1
2
5
432
433
1
431
1623
2
3
4
1
3
8
1424
2
1
424
428
5
402
403
422
399
400
1
4
5
212
213
214
1
3
10
5
6
7
9
12
1
7
204
205
207
1
10
201
202
203
1
8
9
7
1
1411
3
1412
4
1410
1
2
15
16
1
1
2
3
1408
12
1
1420
1
3
9
15
1
2
1
2
191
1
4
5
6
1
3
173
172
2
4
5
171
1
170
1
2
169
1
1
2
4
1
164
165
166
1
2
164
1
44
157
158
163
1
38
43
1393
37
1
2
3
4
2
3
1
8
1
2
1
32
72
1
10
18
19
1
1
1
1
1
1
1
2
3
4
1
1
7
8
1
1
1
2
1
2
4
5
6
1
1
2
1
2
3
4
1
1
2
3
19
2
8
18
1
6
5
6
16
1
3
8
1
2
1
40
5
38
39
41
1
1
1
5
8
1
3
4
2
1403
33
1
2
10
11
1
3
8
1
2
5
6
7
1
4
5
1
813
1
2
18
1
2
17
1
6
1
5
1
3
4
2
1
3
1
1
2
3
1
11
1
10
1
1
10
12
1
2
3
11
1
831
1447
1
2278
2279
2278
8
1
28
30
31
2
3
6
2286
26
27
1
24
3
12
2273
6
8
2264
2279
2280
9
1
4
2
1
1
2
3
5
1
1
44
1
2
42
43
1
2
3
2
1
33
35
1
3
1
2
3
1
2
4
42
2
5
14
1
12
22
11
15
16
21
1
2
8
9
1442
1
2
3
7
1
1
2
1
3
4
1
2
1
1
1435
1436
1434
1433
1
3
4
1
4
3
2
1
2
1
4
5
1
2
3
1
5
1
113
1
111
112
5
107
109
110
1
2
6
8
9
12
13
1
12
6
1
102
103
3
62
63
1
2
3
54
61
2
2268
2269
2270
59
2266
2272
3
1
5
6
35
39
1
3
38
1
2
40
1
27
48
26
35
1
30
2269
1
2
1
1
1
2
1
1
26
1
22
25
27
1
8
9
10
21
5
6
9
1
3
1
2
1
1
2
1
4
1
3
5
9
13
1
2
2
34
3
4
32
1
21
24
29
2
4
23
2
9
21
5
7
2
4
2
1
2281
3
2260
16
21
41
3
5
8
11
17
1
3
9
1
6
2
5
3
6
19
3
3
7
2
4
2
4
13
2
2
4
9
2
4
6
7
2
1
1
4
5
10
1
2
3
1
19
20
1
8
9
14
19
5
6
7
1
4
5
2
3
1
7
1
2
4
1
2
5
1
1
1
32
31
32
5
1
2
5
7
8
1
7
26
2
3
1
2
3
4
1
2
1
2
4
5
7
88
1
1
2
18
19
1
3
5
8
17
1
2
1
2
1
2
1
81
2
3
1
72
77
1
3
1
4
5
6
8
2
3
32
1
66
30
65
1
29
30
1
5
8
9
29
1
2
3
4
1
2
1
1
1
1
1
3
10
20
2
7
8
9
1
2
1
6
1
2
5
1
1
2
3
1
3
5
1
2
8
10
1
1
3
1
5
1
4
2
3
1
2
1
29
30
31
32
1
21
1
3
1
2
7
9
1
6
7
1
6
1
2
5
1
1
3
1
2
1
2
1
1
1
184
1
2
178
179
183
1
3
1
2
175
176
1
173
174
1
3
41
1
2
1
1
2
1
2
3
30
1
3
8
9
14
2
1
1
4
5
1
2
3
1
5
1
3
4
5
2
1
1
2
7
1
2
1
5
4
1
2
11
12
20
1
2
5
10
1
1
2
5
1
31
1
30
1
13
23
29
10
1
8
2
3
1
8
2
10
7
8
3
113
114
115
62
65
110
1
6
60
1
3
6
7
8
10
13
3
5
10
54
1
1
2
9
3
7
2
4
42
44
2
20
24
40
2
16
2
11
14
3
9
2
6
2
4
2
11
3
6
3
4
14
16
20
38
1
7
10
35
6
416
4
33
386
414
3
29
410
25
28
2
9
15
21
23
24
4
6
7
2
1
3
2
6
45
1
6
2
3
5
40
36
37
38
2
9
18
19
20
1
2
7
1
6
1
4
5
3
1
353
1
2
4
12
341
352
1
10
1
2
4
5
116
1
337
336
113
114
1
4
5
1
3
5
7
111
6
109
110
1
2
2
13
1
10
101
2
4
34
3
4
26
28
30
1
9
11
18
19
1
8
1
5
8
1
3
7
2
1
5
4
2
1
5
6
7
6
7
1
3
1
2
1
1
1
1
1
1
2
7
1
1
3
20
21
19
1
2
3
4
17
1
14
16
18
1
4
5
6
7
14
1
3
2
61
62
1
2
5
6
60
61
1
60
2
4
1
4
5
7
8
2
3
1
49
55
1
2
1
2
9
1247
1
2
4
5
7
1
1
2
4
1
2
1
2
1192
1
1190
35
54
58
5
2
5
3
19
5
8
12
16
3
4
13
4
7
3
19
5
16
2
2
3
5
2
16
3
10
14
5
7
4
1
3
2
1235
4
1
4
5
35
3
34
2
17
18
29
1
2
4
6
15
16
1
1238
3
1235
1241
1
3
1
2
4
11
2
3
6
10
4
6
7
8
1
2
3
1
1
1
78
1
1
2
4
1
1
2
1
2
9
11
59
61
60
1
2
3
4
7
57
1
2
25
27
25
26
55
1
13
15
20
23
3
12
2
4
9
2
2
5
1
2
3
1
1
2
1
5
1
3
4
1
2
3
1
1
4
2
3
1
5
29
30
1
1
2
5
213
215
1
3
4
25
24
1
9
19
23
1
8
22
1
2
6
7
208
1
205
206
207
3
4
193
204
2
132
135
137
190
1
135
190
1
13
12
1
3
5
7
8
11
2
10
2
1
2
51
1
46
48
1
45
1
3
6
2
4
5
1
2
2
2
4
6
10
2
2
16
26
3
4
12
14
1
2
9
2
4
4
3
2
1
2
3
4
6
8
10
9
10
1
2
1
2
1
28
29
2
11
27
2
9
1
5
7
4
2
16
1
4
12
3
7
11
57
2
16
35
14
2
1
6
2
3
1
2
2
6
8
9
16
3
4
14
2
1
4
15
58
63
3
7
2
4
8
11
2
3
6
3
14
16
2
3
1
3
4
2
43
1
5
4
5
2
15
18
1
13
2
12
2
4
10
2
6
8
4
3
5
8
9
17
2
3
9
3
5
8
58
2
3
47
48
50
2
2
6
4
5
3
7
8
1
4
5
7
24
23
1
8
9
11
12
3
7
8
20
1
2
3
2
1
2
4
1
135
137
1
2
134
135
1
5
134
4
2
6
11
12
1
4
121
120
122
129
2
3
5
52
54
1
2
10
13
47
1
3
1
2
3
5
9
11
34
2
4
2
15
28
2
3
11
13
1
1
8
2
4
7
1
2
1
4
6
9
11
3
2
1
3
13
2
6
7
10
2
4
2
25
1
23
3
18
21
22
8
12
17
2
1
2
4
62
60
5
51
58
2
3
15
16
31
1
3
4
5
12
14
2
1
2
7
1
3
2
2
1
3
5
9
16
2
2
1
3
5
4
7
9
2
10
5
7
8
2
16
18
2
1
3
2
38
3
7
9
36
2
4
33
34
2
19
21
32
2
2
5
7
3
7
11
2
4
2
4
2
6
9
11
2
1
2
3
1
2
3
6
1
2
4
1
3
1
2
