452
456
190
191
192
193
194
215
203
325
326
327
328
442
443
155
156
174
175
180
483
484
279
280
281
391
396
39
224
227
229
92
96
97
410
411
413
422
424
84
85
481
482
487
350
352
319
320
324
326
406
407
410
411
412
413
414
416
6
52
217
222
368
200
347
348
352
353
355
364
368
2037
266
490
491
495
1183
496
1181
438
439
440
449
460
515
307
309
310
403
406
391
393
394
82
84
2
9
95
108
114
116
117
95
98
494
496
497
183
451
282
482
484
485
486
165
94
95
98
105
484
310
316
317
318
335
337
58
59
94
95
76
436
437
438
439
440
42
74
165
444
446
447
453
192
101
103
119
199
201
203
140
147
148
149
314
22
24
27
31
317
480
113
115
119
120
121
122
140
160
162
164
496
358
360
367
368
26
223
224
228
229
195
499
500
244
253
261
386
443
448
29
237
255
177
411
138
162
108
110
111
112
113
114
5
92
93
95
97
398
400
157
114
115
390
391
396
442
257
258
259
260
261
425
426
454
455
456
297
300
301
196
216
361
362
363
364
365
461
462
463
464
356
368
40
187
205
214
227
336
337
402
403
404
152
391
393
394
395
396
397
423
424
425
430
469
232
249
474
476
251
316
317
322
323
476
17
6
3
2
1
1
18
19
20
21
36
31
52
60
64
65
139
86
87
88
111
112
39
43
116
117
319
449
77
81
82
344
173
175
181
183
186
187
192
459
489
135
136
137
142
489
38
43
270
275
333
334
336
337
338
340
290
295
296
297
3
6
7
418
419
294
114
115
116
1616
776
217
222
835
119
122
505
506
406
411
7299
7300
412
124
127
128
132
179
103
104
105
106
187
112
360
361
362
363
119
54
48
44
77
78
449
7
230
233
234
237
240
136
137
138
139
141
446
225
226
227
415
416
222
224
225
226
226
257
258
259
275
276
277
172
51
258
260
297
325
217
218
893
219
227
120
121
122
955
188
28
212
213
259
265
266
267
272
39
41
255
257
259
310
307
231
233
234
240
241
242
154
156
160
161
162
163
115
112
107
29
25
24
95
41
290
291
420
437
438
445
446
447
1010
407
607
26
20
324
6
7
8
10
2
221
102
129
157
161
162
164
221
223
225
126
127
155
9
8
7
5
48
53
338
342
347
301
302
303
310
325
183
185
186
187
190
191
192
211
213
110
305
315
316
317
94
158
248
249
250
363
364
449
145
146
147
166
282
448
5
6
7
1346
200
201
263
1338
105
396
400
401
419
426
94
96
100
101
393
45
91
362
363
370
371
4
143
158
1958
59
60
61
222
224
225
227
230
190
67
155
207
156
157
221
195
196
198
246
296
304
310
311
312
139
152
56
61
159
167
108
109
110
72
294
297
298
300
210
193
196
197
203
2
462
143
144
157
187
188
155
158
185
152
82
86
87
88
351
355
363
386
388
389
391
397
27
399
229
255
258
260
173
115
111
48
45
44
43
2322
2373
196
211
212
71
1910
291
73
69
62
61
344
14
19
20
24
46
45
44
43
957
956
417
59
60
64
83
84
325
423
424
425
85
93
98
52
296
297
53
54
55
421
92
280
102
103
106
131
136
137
138
139
317
430
431
149
163
312
421
114
192
193
194
195
451
204
217
218
221
222
312
166
278
279
281
282
283
149
453
454
458
459
210
219
466
234
336
337
338
340
306
460
461
222
223
116
113
112
28
27
25
97
96
75
73
72
71
78
77
67
66
290
305
113
75
42
41
40
308
50
49
48
21
306
51
32
29
302
310
36
29
28
7
2
2
313
24
63
68
61
62
65
66
312
47
48
55
314
316
318
67
69
70
316
317
69
72
329
91
105
108
109
110
112
114
115
307
319
72
73
74
116
70
71
73
74
75
120
60
62
63
64
77
10
120
121
124
351
121
88
87
82
83
308
326
91
93
94
96
98
99
124
125
327
328
134
136
268
320
110
111
114
2
254
325
132
134
135
323
123
124
131
132
140
141
328
166
167
168
329
174
175
176
164
166
169
174
175
176
182
331
333
335
175
176
177
199
332
205
207
208
213
333
337
338
342
244
265
1181
1182
217
219
161
165
167
170
219
162
193
214
216
163
168
169
171
174
128
328
113
120
121
122
130
131
218
45
82
83
84
85
91
210
320
106
108
110
112
163
164
165
167
108
109
163
166
140
141
842
122
123
124
202
208
230
18
20
21
23
24
25
26
27
297
244
5
1
1
2
4
5
158
160
165
174
176
97
149
159
161
313
314
152
307
324
326
327
328
329
1
196
86
87
90
91
92
100
162
91
99
284
285
316
557
175
468
177
165
86
89
316
110
114
76
77
180
289
291
292
322
323
190
282
283
428
385
407
418
421
422
428
48
171
239
240
242
195
410
411
412
413
174
177
178
179
180
181
209
211
1232
443
1229
444
221
228
229
234
235
236
197
210
163
161
160
195
224
190
189
187
186
174
173
171
268
269
174
173
171
52
195
203
204
205
206
207
200
228
229
233
234
235
209
210
211
212
214
215
218
51
277
279
280
152
151
114
190
189
188
187
178
166
164
163
58
61
260
265
269
285
288
57
245
253
254
255
260
261
177
32
147
151
152
156
115
143
144
145
147
149
29
133
134
137
141
142
189
190
393
394
401
402
90
92
104
103
96
83
74
73
72
70
69
60
89
87
85
82
79
78
77
2
51
50
32
29
28
52
47
46
34
33
491
231
466
229
228
225
147
148
1201
233
758
1
392
393
394
395
397
398
393
394
48
47
351
352
357
359
339
357
358
359
360
26
30
31
339
138
139
228
227
220
212
211
130
131
1049
1051
242
760
762
234
133
146
221
219
155
128
58
60
61
790
102
83
44
45
46
60
39
38
34
15
139
137
136
135
128
8
133
134
165
150
136
139
126
124
123
122
171
156
155
154
152
124
126
176
174
173
172
6
144
74
73
72
69
110
209
208
203
200
199
88
80
75
74
72
71
43
39
37
35
27
149
150
7249
11
7
6878
6880
3
4
7
9
20
54
55
56
57
73
52
53
74
77
143
52
51
50
49
6
5
152
153
63
62
61
350
349
348
345
62
359
52
57
58
59
654
9
106
110
111
112
116
389
77
78
79
84
85
86
151
153
52
54
55
202
26
27
238
241
242
201
229
232
233
234
236
237
54
161
162
163
166
398
399
141
142
150
169
170
137
138
139
140
385
386
98
121
122
49
50
54
56
57
373
411
53
55
111
117
37
45
53
54
20
22
23
266
413
12
16
17
264
269
270
407
257
264
265
266
267
273
2
249
250
251
252
270
247
268
277
281
282
387
190
191
192
195
199
200
181
176
174
173
171
165
184
269
207
205
203
201
197
282
283
284
288
291
309
149
150
168
170
299
176
177
178
176
307
306
304
302
291
253
156
155
127
126
166
165
164
161
160
159
158
183
184
144
146
154
156
159
268
266
176
94
93
92
248
127
121
120
258
149
146
135
133
132
144
140
37
38
46
66
67
157
152
24
31
32
33
222
78
76
72
13
14
189
15
9
10
11
76
32
29
28
27
25
24
22
70
41
40
39
92
90
317
88
316
73
64
419
28
20
217
218
19
135
136
137
138
64
314
315
56
55
54
33
32
31
341
65
64
108
110
111
87
66
819
109
145
26
20
279
283
284
285
149
142
9
8
7
4
272
2
135
131
31
3
137
15
16
29
141
140
135
12
13
22
2
143
5
22
60
61
69
71
610
609
493
735
56
57
58
59
63
154
8
7
5
225
124
71
73
75
94
97
98
3
88
89
90
116
120
125
126
112
113
123
122
121
131
227
62
217
229
232
233
60
226
227
228
229
238
239
240
253
262
273
170
239
240
241
242
253
167
164
109
107
217
219
103
255
256
258
260
301
303
106
104
256
257
258
260
257
259
260
289
297
36
119
126
127
128
130
131
1414
1415
1420
102
103
105
111
186
93
94
96
97
78
76
71
321
322
87
31
33
34
35
36
284
286
481
474
288
289
69
68
65
107
113
117
1
169
170
171
172
59
161
165
167
168
171
42
202
203
204
207
208
239
54
49
192
194
195
199
306
82
67
69
71
73
74
75
39
275
276
283
284
45
246
247
248
251
256
263
265
54
198
227
231
232
239
21
83
79
98
103
44
117
273
274
86
128
124
121
48
5959
225
5967
215
213
87
45
133
131
273
275
352
36
35
309
311
312
313
4
343
339
338
337
312
31
27
338
347
354
356
357
358
146
41
78
79
227
225
139
114
362
359
358
341
334
319
318
316
142
340
337
335
326
131
304
303
301
299
170
156
154
105
271
269
145
148
102
105
107
137
142
143
144
294
291
285
284
283
279
258
241
239
238
232
224
248
364
366
367
551
39
35
397
216
215
187
186
77
191
190
188
187
183
83
62
130
126
109
64
63
60
107
104
91
67
206
205
204
117
115
5
49
45
44
349
54
52
51
50
64
37
40
50
49
46
56
53
154
16
18
25
28
40
41
18
20
22
40
41
22
350
41
42
45
2
25
24
58
59
61
62
2704
56
60
2732
66
880
24
18
8
87
89
38
117
123
124
66
292
296
297
299
300
17
11
9
141
146
3
136
155
156
157
176
156
157
173
174
1696
187
164
165
166
168
173
16
159
165
166
167
168
169
2
3
195
210
991
990
989
177
179
180
181
184
203
27
195
203
204
1753
205
25
194
195
199
200
201
45
48
244
246
247
248
263
25
27
205
212
213
214
215
217
32
229
232
236
1361
35
214
216
217
271
217
218
267
268
271
24
29
214
215
388
389
6
31
57
373
377
378
31
229
231
296
51
264
265
283
86
81
80
79
307
55
301
303
307
314
86
85
84
83
366
367
370
371
56
58
319
343
363
68
332
333
334
337
73
341
342
348
349
350
52
340
348
357
358
27
238
248
249
250
38
251
252
254
271
1
35
252
260
261
269
34
257
258
259
261
263
289
294
349
350
52
294
341
342
343
347
45
270
271
298
300
301
303
86
65
63
61
52
44
45
46
74
312
317
336
337
338
339
340
57
370
148
147
146
145
144
55
56
148
145
144
314
136
135
134
130
128
74
75
51
47
46
45
66
68
71
69
63
61
64
65
199
200
68
60
245
243
238
235
234
226
234
232
228
227
381
69
131
123
56
52
51
49
667
191
189
188
187
186
100
244
246
247
193
100
105
31
249
250
94
109
110
234
68
70
76
237
238
239
189
171
77
167
187
186
180
176
175
179
182
267
268
135
205
160
159
129
128
69
196
128
124
123
122
121
120
109
184
5
297
25
48
25
23
8
9
206
89
71
70
64
62
46
45
44
2
60
16
20
49
50
51
210
5
7
14
16
18
1
2
7
6
5
334
353
1
8
349
350
351
334
350
351
220
223
322
323
328
235
133
146
150
154
156
209
227
20
30
31
38
224
18
26
28
29
61
62
65
66
92
221
60
61
63
79
108
109
110
141
143
219
220
116
120
1738
1698
126
47
48
51
52
204
207
208
301
302
314
286
302
303
304
306
307
184
185
130
134
167
168
142
59
91
92
93
94
94
95
99
144
146
86
101
102
103
104
255
219
222
223
225
160
109
253
110
111
120
167
188
163
164
181
186
164
174
175
181
259
317
344
345
700
702
200
146
145
208
210
282
302
308
309
310
291
293
322
327
343
95
94
93
91
86
85
72
71
294
309
340
325
99
228
229
231
230
232
234
236
240
270
1
189
260
294
295
1
191
259
294
295
321
322
323
245
254
256
258
322
184
185
241
243
244
245
327
1
347
354
355
357
229
353
354
369
2
230
375
376
377
378
381
382
244
246
252
394
374
380
382
383
384
338
340
414
415
418
419
20
22
41
415
413
45
47
48
451
5051
79
107
220
216
4387
213
211
139
140
2318
2312
309
307
305
302
1
402
403
80
990
79
1
394
395
397
399
401
1
7
149
293
290
289
288
282
176
148
290
275
274
145
285
283
275
153
154
251
223
222
284
282
221
140
161
162
215
214
213
206
205
204
4
163
207
206
192
294
289
189
186
185
184
183
392
393
397
398
1141
1503
69
68
1486
64
160
161
163
206
204
203
304
305
137
124
118
307
119
117
113
328
75
74
72
13
12
77
301
299
135
18
79
286
285
284
282
70
86
87
251
250
249
246
304
107
105
659
104
656
573
100
5
159
161
169
206
169
159
160
211
208
207
150
236
235
234
150
142
164
165
167
161
160
161
162
163
168
166
165
154
179
178
174
282
273
272
268
267
1
240
235
233
232
620
248
236
234
227
591
590
106
107
210
208
207
205
114
116
167
163
160
198
197
196
195
119
119
126
158
157
137
136
149
141
140
139
36
35
107
108
114
117
155
154
33
32
31
1
130
108
107
103
129
112
111
104
103
153
154
155
156
27
1
152
155
29
30
31
154
155
95
30
4
147
441
474
5
10
11
490
492
12
81
6
19
20
21
132
71
219
56
222
55
50
306
120
118
117
27
131
133
302
116
113
112
32
30
301
122
30
28
26
25
22
3
305
306
307
64
13
16
9
11
14
20
22
24
302
67
66
65
325
104
106
107
144
146
310
52
53
60
20
19
28
29
34
35
158
123
125
41
43
306
47
48
50
51
68
305
66
67
68
69
305
68
69
70
73
145
11
42
43
44
6
8
9
1
305
79
161
169
2
304
322
160
314
164
173
177
301
302
164
169
171
8
392
391
371
391
390
383
381
375
374
386
385
383
382
305
304
303
2
396
382
381
380
379
375
373
400
398
382
379
378
80
382
381
380
379
372
4
375
373
369
367
3
377
375
371
367
1
377
122
119
118
69
378
372
370
124
123
388
387
377
376
375
373
365
364
363
359
358
332
331
375
358
357
149
1
6
355
354
352
359
356
355
354
2
4
52
159
154
2
358
357
161
33
48
360
358
357
216
29
362
359
358
357
355
1
373
354
353
352
346
375
374
351
349
347
341
348
347
345
344
342
2
8
338
337
333
6
337
336
335
334
357
356
338
1
360
359
355
330
329
328
361
329
235
234
1
360
338
333
332
331
330
328
336
335
334
329
328
340
339
325
324
305
274
272
271
314
311
310
306
302
301
299
297
772
307
303
285
280
278
272
283
281
274
273
249
3
253
252
251
249
248
337
332
276
250
7
257
256
249
240
1
257
256
251
250
264
262
258
257
185
283
331
57
217
225
221
220
608
607
262
234
191
190
1
2
4
263
243
191
1
264
263
264
247
1
387
386
244
388
248
247
1
2
248
197
196
1
15
249
199
1
3
13
200
199
196
195
2
12
204
203
202
1
243
242
241
238
208
203
1
244
204
202
245
203
1
5
444
441
4
442
86
82
440
84
83
442
824
78
76
5
6
81
76
75
71
70
1
89
88
47
46
45
1
449
90
47
41
49
48
46
42
90
79
51
50
47
45
1
80
79
77
78
77
76
219
238
239
245
59
58
43
239
1
33
32
219
224
229
226
227
228
230
231
232
244
232
213
212
211
207
446
48
41
40
39
429
43
40
39
38
37
227
46
38
226
227
1
109
108
104
103
1
31
115
104
125
116
1
119
118
116
115
234
233
120
116
115
114
1
236
171
235
229
115
230
225
224
222
221
227
218
216
208
200
199
198
214
210
1
3
5
208
206
205
204
2
210
205
204
200
199
238
237
235
234
233
167
166
2
201
194
193
192
193
191
190
194
193
192
193
192
926
1521
462
452
186
185
181
159
75
2
203
202
201
200
183
181
180
179
163
162
161
160
205
204
186
185
183
181
248
247
170
138
137
136
135
170
169
159
141
140
170
169
168
162
160
1
166
164
163
159
158
157
156
158
157
156
155
153
158
101
99
97
86
1
2
17
96
1
15
16
95
1
98
96
108
107
103
101
99
97
1
2
154
1
139
137
134
131
130
127
119
118
159
136
135
133
118
117
122
121
120
119
116
3
4
87
85
68
1
127
80
78
930
193
161
132
131
130
128
192
193
1
35
31
42
34
32
39
41
88
86
75
73
71
1
2
91
94
1
110
93
113
108
104
103
98
97
102
99
98
840
841
10
46
45
44
2
52
51
47
54
10
57
56
28
27
26
2
52
51
564
595
1001
56
54
88
347
1
4
51
42
41
35
34
32
52
46
45
44
42
41
49
47
98
94
93
92
115
104
101
100
46
45
11
41
40
37
36
8
48
43
41
30
29
1
46
45
44
30
47
46
122
106
105
176
175
173
132
129
127
1
18
30
28
16
17
21
31
15
1
6
41
40
38
37
3
5
49
38
50
49
39
38
2
52
47
49
48
47
49
48
21
4
2
1
1
745
5
35
3
2
4
7
1
8
7
6
5
3
14
9
7
25
70
73
77
2
16
17
18
23
37
33
14
16
1
5
39
1
2
46
40
1
47
46
43
150
43
42
198
152
151
44
9
10
11
14
44
42
40
36
14
15
16
18
207
47
8
14
15
209
203
14
225
224
223
211
210
209
208
17
644
18
19
236
642
17
18
19
641
352
9
12
13
660
659
14
8
112
113
114
115
121
133
90
91
92
95
99
82
87
91
93
94
11
31
54
59
18
20
25
27
107
108
112
113
114
18
114
115
116
117
155
154
155
156
157
175
146
147
155
175
30
167
168
170
182
28
168
169
170
4
61
60
59
156
158
23
22
21
17
15
13
11
65
63
62
26
15
38
28
26
25
2
71
64
63
73
72
69
68
67
66
5
9
83
361
81
80
79
76
169
2
10
12
14
165
171
12
164
169
147
164
2
93
382
91
89
163
92
91
159
160
161
162
2
153
154
157
159
160
161
149
150
151
153
6
147
148
149
152
176
177
140
141
146
151
152
111
143
144
174
175
176
3
104
109
176
178
143
169
170
101
175
178
180
94
96
99
100
101
87
88
91
101
102
109
234
241
242
244
89
91
92
94
238
71
190
191
192
196
202
203
205
206
213
210
1457
211
212
214
112
113
118
119
120
147
146
1
3
107
1779
109
125
126
1783
214
216
218
219
224
233
1
2
126
129
1779
1782
125
127
128
121
122
124
125
198
199
201
203
158
17
116
196
197
198
199
15
16
121
122
123
191
195
4
229
232
237
238
1442
1441
209
211
228
237
238
1371
225
226
227
2
3
225
226
227
228
1
61
66
68
225
60
225
226
1
31
32
34
35
235
2
30
234
221
223
224
225
131
132
135
137
150
1
27
28
233
21
26
232
1
139
2318
141
142
679
680
19
20
22
231
1437
13
364
360
359
77
78
384
383
382
2317
139
140
142
1876
133
135
136
137
140
142
146
148
125
127
148
149
154
180
4
151
155
158
159
142
143
145
146
153
226
206
204
202
201
200
131
155
156
157
158
159
146
147
155
164
165
169
170
171
178
187
2
113
175
178
180
112
113
115
116
173
174
176
177
178
1
175
176
173
174
179
182
198
202
203
206
207
1
18
193
194
195
235
229
191
192
230
228
226
208
219
224
225
226
156
202
204
205
206
2
148
149
209
210
1
2
207
208
217
222
223
1
207
208
207
208
211
212
215
218
232
229
222
221
1
214
215
216
7
214
215
216
220
221
227
1
6
227
228
229
230
232
263
262
260
1
2
229
263
1
38
266
265
264
6134
6097
282
222
220
37
227
6416
5908
279
281
225
223
220
227
228
229
216
217
218
220
252
207
220
222
223
253
250
247
215
273
261
258
255
217
215
6385
6384
214
6368
207
132
219
218
209
206
184
247
240
235
213
211
19
140
139
137
8
222
185
182
144
1
7
223
222
6
226
223
222
221
1
206
205
204
201
200
199
203
202
200
199
67
69
71
206
204
203
1
202
196
195
194
193
197
194
193
192
190
189
230
227
213
196
194
193
4
188
186
181
1
3
187
186
185
44
55
187
186
186
185
182
181
180
178
190
188
185
1
2
187
186
184
1
11
186
185
181
187
177
175
200
199
198
197
195
163
160
159
156
155
152
92
90
162
161
154
153
152
3
172
163
153
152
145
1
148
142
141
139
129
174
146
145
143
140
176
175
173
166
146
128
260
262
127
125
766
398
367
366
756
137
136
135
134
132
131
130
209
404
402
400
399
398
397
367
1
421
420
417
413
412
403
402
421
418
59
395
394
393
392
391
154
411
410
398
395
394
394
393
392
389
1
386
381
315
310
1
387
316
310
394
389
388
311
306
305
302
301
168
167
20
313
311
310
308
307
306
319
318
317
316
17
371
369
367
318
389
387
370
319
318
317
410
391
390
388
384
383
197
192
190
188
187
388
387
386
381
25
196
195
118
266
1
380
379
3
380
379
364
610
2
371
370
365
364
368
364
920
373
606
367
607
11
303
301
300
110
111
120
125
127
128
129
106
107
108
297
98
99
104
108
109
110
105
124
125
305
300
296
289
288
287
314
311
310
308
289
1
66
357
352
68
67
355
353
351
247
246
244
243
242
291
77
75
74
73
353
14
225
76
354
288
287
358
354
353
350
1
375
368
367
350
342
339
377
376
371
370
369
368
304
303
299
298
297
1291
1290
380
379
376
341
340
385
384
380
336
335
349
331
326
325
304
1
326
325
324
317
307
305
1
4
308
307
306
302
310
309
308
303
312
311
304
303
302
286
285
284
2
362
302
301
300
297
296
358
310
309
308
306
365
364
302
301
239
92
91
90
253
247
240
234
230
1
337
332
824
813
328
1
305
304
303
302
298
303
300
299
298
1
269
267
283
281
270
234
246
300
334
333
332
814
2
279
278
272
270
268
274
269
268
267
291
290
282
272
270
269
261
1
267
262
258
257
256
294
293
263
261
259
2
3
262
253
339
337
336
256
255
7
334
264
256
255
5
270
261
259
256
254
1
247
246
245
243
261
253
252
247
244
255
247
245
244
243
241
224
258
227
226
225
224
264
259
257
256
341
264
263
264
263
225
224
220
351
350
349
222
221
220
352
351
350
347
451
216
215
214
213
219
218
216
215
1
212
207
206
205
4
5
7
8
208
206
205
204
173
172
1
220
217
204
203
201
200
199
195
202
201
199
194
1
207
191
188
187
1
208
188
2
189
188
193
189
188
187
181
190
182
180
1
181
180
176
174
173
179
177
175
256
255
177
176
174
173
172
2
188
175
169
165
164
3
159
156
155
153
151
193
192
190
166
7
201
147
109
108
107
1
159
156
161
160
1
6
371
369
1
4
5
370
3
51
7366
7262
371
364
356
50
358
357
355
353
347
382
341
331
330
1
373
369
367
365
339
387
377
374
1
124
96
95
94
7102
386
338
7223
312
319
318
263
262
264
263
262
261
258
257
272
271
269
268
6791
126
125
124
6793
6840
3
208
207
205
1
152
6716
122
121
120
115
154
153
121
116
210
208
207
1
216
214
212
2
503
214
213
115
110
109
107
1
2
97
1
111
110
109
98
111
109
108
101
100
1
110
6784
6785
101
6784
104
103
102
100
97
6793
5
97
95
94
88
3
164
162
93
8
9
1
165
8
9
10
168
167
166
165
161
9
8
177
6176
70
71
6167
5
6
103
93
92
91
7502
180
178
1320
1331
170
2
8
183
182
172
63
185
60
61
62
4
174
41
42
43
44
175
35
36
180
178
39
54
55
1
11
12
298
297
292
287
4
10
298
287
286
283
309
304
303
302
299
298
304
303
278
277
280
279
278
276
275
302
287
283
282
1
291
289
288
287
283
1
290
287
244
265
263
262
245
1
3
296
295
293
244
295
294
293
245
1
297
299
298
247
245
243
242
241
237
1309
192
1310
1373
190
14
15
16
5
73
70
69
67
242
241
1804
240
238
1680
1675
8
256
255
254
250
248
6
232
231
230
229
228
221
243
242
240
239
238
78
76
75
221
219
218
216
239
238
237
236
223
228
219
212
211
234
233
232
231
229
228
227
226
235
234
269
268
267
264
262
271
270
263
262
261
260
272
270
268
236
231
204
203
202
235
207
206
205
201
193
278
277
201
200
199
197
187
167
1
175
174
173
172
111
176
174
166
146
7
8
166
165
148
1
283
282
170
1
287
284
283
282
280
270
288
287
286
285
292
288
287
168
167
166
162
359
358
296
295
294
1
165
164
163
162
158
155
1
165
157
156
155
173
172
166
160
150
149
148
147
143
377
376
374
373
370
369
368
390
389
388
385
384
377
7417
407
403
401
141
133
101
500
493
394
393
150
149
148
144
146
145
143
142
144
142
141
140
136
158
157
142
141
139
194
161
160
159
158
157
1
203
201
200
203
202
140
139
138
137
130
120
119
140
121
119
118
1
15
118
116
115
114
113
14
117
108
107
101
100
551
131
130
104
103
100
99
98
97
209
137
133
132
137
135
134
129
128
127
1
219
216
215
213
94
220
219
218
214
213
210
222
217
97
96
95
93
473
472
471
91
90
480
479
474
96
95
94
91
85
475
103
102
96
95
86
1
512
92
90
82
585
727
484
513
727
486
485
498
487
485
483
482
446
363
362
360
356
216
215
214
213
450
378
371
369
366
364
340
61
60
385
383
381
69
67
66
61
384
75
73
72
71
122
121
120
118
117
1
128
127
596
565
128
597
125
5
39
38
36
1
4
40
39
35
3
39
37
36
1
40
28
41
30
29
43
42
41
32
27
26
25
495
479
21
20
17
16
476
7
1
1
5
7
2
4
6
8
1
25
27
2
1
11
13
23
2
11
14
17
19
37
2
17
31
19
21
25
27
29
36
21
23
139
141
150
346
2
21
23
31
9
21
23
27
29
31
33
110
115
116
117
29
30
40
124
126
7
4
1
17
30
32
56
425
427
428
56
64
66
40
42
79
110
86
88
90
99
107
94
99
100
177
2
92
182
183
212
174
175
181
2
139
140
166
167
172
173
137
166
170
2
88
91
92
100
101
89
99
130
125
126
127
105
107
114
108
110
112
134
6
130
132
133
112
115
118
121
128
2
6
122
124
130
132
2
4
124
126
128
133
99
123
124
129
131
4
129
130
127
128
285
288
290
121
126
127
128
125
126
130
281
6
128
129
130
131
278
115
122
123
124
125
6
144
146
147
148
251
253
125
267
269
271
272
144
245
248
250
251
252
2
10
137
141
142
143
144
141
142
144
146
242
229
235
236
238
239
2
140
141
147
148
14
138
145
155
126
127
134
135
154
155
2
122
123
153
6
120
151
152
27
28
29
118
119
2
150
152
155
169
114
146
148
149
167
131
133
137
138
139
140
141
387
158
159
160
171
404
1
2
216
17
1
14
15
16
17
18
9
219
218
16
244
7
14
15
20
21
2
19
20
234
236
237
244
245
18
24
26
119
120
122
123
154
166
167
168
174
199
161
162
166
167
168
169
229
230
231
232
233
108
110
111
114
106
107
108
109
134
135
136
117
123
124
125
126
127
129
133
126
141
421
423
117
118
119
120
121
125
83
114
115
116
117
479
482
479
906
195
196
427
429
477
284
1
416
421
422
425
411
414
415
423
424
1
395
414
415
417
420
138
391
394
414
1
4
147
379
387
3
386
57
388
391
392
409
21
365
375
377
381
1
18
138
140
147
150
157
6
17
148
153
156
165
4
632
162
3
165
166
167
1
85
117
118
165
166
83
84
165
166
171
628
162
164
167
803
804
166
167
168
470
176
186
165
181
183
188
152
157
159
182
242
243
436
181
182
183
185
186
3
184
186
187
189
179
180
181
186
2
4
191
208
209
210
5
206
207
208
185
186
187
188
191
196
199
200
216
217
199
200
201
203
205
866
187
188
189
193
868
3
183
184
185
1
177
178
179
181
182
178
179
180
247
179
180
181
243
244
245
248
249
238
240
241
242
248
257
259
1
13
183
233
235
236
1
12
203
204
206
211
232
182
183
184
195
203
231
185
190
191
194
196
199
127
129
131
1
344
348
352
356
358
343
345
347
349
2
30
336
337
338
344
374
3
207
210
290
292
293
295
310
332
333
334
372
373
283
286
287
296
7
207
209
212
214
282
286
287
198
200
206
208
209
199
222
1
231
235
236
242
841
161
228
229
230
231
235
236
260
236
237
238
249
251
252
237
238
239
241
9
207
242
243
246
275
1
247
248
251
252
250
251
252
253
260
247
248
251
252
253
150
253
349
350
353
251
252
253
348
253
255
256
258
259
145
323
333
335
337
369
1
235
236
245
254
255
256
234
254
264
266
253
255
256
257
261
1
7
289
290
291
292
294
285
286
290
291
292
290
294
282
283
136
2402
2394
279
282
285
2392
1
292
293
296
392
393
274
276
278
280
1
10
295
300
351
386
387
388
391
294
297
298
299
305
285
287
294
1
308
309
344
308
309
327
342
343
2
328
331
335
351
1
2
337
344
350
1
324
337
339
349
291
293
294
295
336
342
343
6
7
371
374
375
341
371
372
373
375
376
363
366
370
371
1
354
355
357
358
359
360
352
353
359
360
361
8
392
393
394
397
1
364
365
381
382
1
368
372
374
375
380
2
3
372
373
374
377
274
374
165
167
256
257
1
375
161
164
171
369
375
157
160
108
380
382
392
141
143
145
148
939
113
941
949
122
123
382
384
387
388
389
390
5
138
424
425
135
137
138
139
140
141
142
152
127
128
131
133
2
5
1600
1900
374
281
282
283
285
3
126
279
369
370
129
1
416
423
424
427
127
128
129
422
424
426
427
1099
1098
2
418
419
420
422
5
7
141
142
143
147
399
400
401
402
416
417
57
400
401
413
414
147
148
152
396
397
150
151
152
153
2
127
139
140
141
142
143
144
147
5
140
156
159
164
2
136
139
101
127
132
133
134
134
137
161
162
158
169
171
933
3
149
150
151
152
153
154
575
885
175
176
177
936
186
154
172
175
180
181
150
151
152
153
179
181
244
1
181
185
191
244
178
180
181
182
190
1
363
396
362
361
399
363
354
396
347
397
398
2
349
395
396
397
1
3
21
22
398
399
187
191
196
198
199
200
201
352
351
396
397
2
181
183
184
233
234
5
221
230
231
182
198
199
231
193
202
203
204
1
215
220
282
283
285
281
282
290
291
298
216
220
226
1
12
267
268
272
273
274
11
245
247
269
271
216
217
220
221
218
219
228
229
216
236
242
244
268
269
6
239
241
249
1
250
355
360
25
353
354
355
356
359
319
320
347
350
351
352
355
1
308
309
310
311
247
248
253
309
310
235
239
241
243
249
255
258
1
281
284
285
275
279
280
281
283
1
3
286
288
289
290
303
2
285
286
300
246
248
249
283
1
285
5945
5943
298
284
291
5947
5946
115
122
125
2
62
124
71
65
122
161
70
68
67
6356
6361
164
5998
5999
6001
159
157
1
308
309
318
338
301
307
308
1
315
316
317
318
319
320
1
71
310
312
314
319
73
72
318
315
316
318
322
332
18
90
89
88
87
86
396
324
394
395
396
9
322
323
387
388
392
1
317
320
322
1
6
319
323
324
325
323
324
332
330
331
350
351
1
331
340
345
348
344
345
346
347
351
356
317
344
345
349
317
318
346
348
5
379
382
383
390
3
371
372
112
92
91
313
346
348
375
376
378
2
1486
24
321
1848
180
179
176
1484
184
183
1401
182
181
361
362
83
369
115
1
377
378
382
383
384
387
116
114
112
381
386
387
113
108
378
380
1
118
385
120
119
117
1
121
120
290
1474
121
1695
103
289
2
208
116
304
305
209
118
117
212
211
210
205
127
125
122
120
119
2
222
221
213
212
210
224
223
221
220
1371
360
1680
106
101
99
3
202
199
198
197
195
297
202
200
203
195
200
201
198
194
172
171
193
194
180
179
175
160
145
11
62
52
42
41
40
39
2
174
173
168
163
177
176
161
162
2
57
60
41
39
55
44
42
41
2
51
130
126
125
123
57
52
130
128
125
124
122
1
137
136
134
133
131
171
168
139
138
134
160
158
155
153
172
171
170
162
161
160
153
4
7
147
138
132
129
128
208
209
131
130
129
128
229
3
132
130
129
140
139
138
132
10
128
126
120
118
2
135
129
128
119
135
134
133
131
130
2
129
128
125
193
135
130
128
127
164
172
173
168
171
172
174
189
131
130
141
159
162
164
1
132
131
130
115
114
110
136
135
131
130
116
9
13
15
123
122
95
119
117
116
115
113
121
120
119
114
121
123
132
116
115
114
39
2
121
119
112
4
131
123
115
114
115
114
113
49
47
43
40
39
2
119
117
115
119
116
112
111
110
114
108
107
106
1
118
117
106
99
98
119
99
60
1
101
99
97
95
94
62
92
46
98
96
92
2
97
94
22
96
83
81
76
74
67
97
96
70
68
74
71
66
60
63
56
55
52
42
3
51
44
43
1
50
48
47
356
372
1
5
48
46
801
355
1
4
47
46
64
47
44
30
28
1
45
42
35
13
43
818
815
14
44
819
807
806
13
11
10
6
22
768
20
19
15
93
92
40
39
36
28
26
1
21
23
32
3
107
105
98
13
24
108
103
101
98
36
4
9
15
17
19
25
2
10
15
19
21
794
789
19
22
23
796
794
452
2
7
11
169
172
1
806
6
39
846
5
7
9
38
1
19
39
40
49
50
52
39
43
47
48
8
9
800
799
40
44
45
2
5
133
132
43
48
54
3
47
50
51
52
144
138
44
3
38
39
45
46
58
6
35
44
54
55
20
33
53
54
820
18
20
24
839
98
100
19
53
55
95
722
29
47
48
50
51
60
61
64
65
66
67
41
56
58
63
53
77
83
84
85
91
1
2
35
40
1
28
1824
1823
34
3
2
9
10
12
14
21
26
28
129
138
139
140
144
12
93
96
128
134
137
27
38
26
35
37
40
2602
2732
5
98
2771
127
2727
39
44
52
55
57
2618
2616
132
16
35
113
114
165
198
109
122
116
118
122
2
10
102
105
112
114
3
6
108
110
112
127
154
155
138
148
149
150
151
152
153
1
151
157
158
163
102
149
150
156
98
102
1
13
157
158
159
167
2
156
157
150
151
153
154
157
2
37
38
154
157
269
2
35
155
156
157
158
199
31
154
156
157
158
139
155
157
158
137
145
153
154
155
132
133
136
137
143
164
78
2826
163
165
2834
2530
139
143
154
155
156
166
167
1118
124
125
2
151
171
184
19
149
182
183
1
9
121
134
135
136
137
167
3
133
134
139
995
994
178
993
180
184
186
224
226
126
128
130
135
136
1
201
204
205
208
1113
103
203
204
992
970
5
121
136
137
143
1
120
121
122
135
121
130
131
133
134
5
128
156
157
158
1
131
133
134
138
132
137
138
135
142
143
144
145
143
144
145
150
150
151
153
155
156
157
1723
168
1732
174
175
177
179
180
1
3
167
169
170
171
172
2
165
166
168
124
125
126
130
164
167
166
1
164
169
170
1
169
231
1
4
168
169
173
228
230
1
21
23
172
177
227
20
172
173
176
220
174
176
177
165
166
168
169
212
213
214
147
149
176
178
209
171
176
177
179
181
182
167
184
187
188
189
191
1
174
175
193
202
203
204
192
193
201
197
198
199
200
2
185
187
188
11
179
183
185
236
2
15
183
227
228
232
233
181
185
186
187
225
1506
186
187
188
1400
1399
211
222
1
2
5
190
1
4
191
193
190
1
191
192
195
211
182
183
188
190
191
72
189
358
359
1
69
187
192
193
356
1
66
192
193
196
348
349
350
351
355
26
193
195
272
347
1
188
190
191
193
198
265
190
192
193
194
9
194
206
216
224
225
226
1
3
201
206
2
200
202
203
204
209
87
91
206
211
198
207
208
209
215
206
207
212
213
1
184
217
218
222
248
183
215
216
4
218
219
220
221
222
2
218
223
224
226
227
230
216
220
222
223
212
213
214
216
1
235
246
254
255
1
233
234
236
239
245
238
243
244
246
246
247
320
166
243
244
245
246
241
242
243
246
249
252
6
140
256
257
263
1
245
246
256
257
258
259
261
262
242
256
257
315
287
288
306
307
16
256
261
305
306
307
104
146
247
248
250
3
259
260
261
279
280
257
258
259
266
267
276
84
1370
268
271
272
4
267
268
278
1738
1739
1742
280
2
266
269
270
264
268
269
274
275
285
287
288
289
291
266
268
269
270
271
1739
272
273
274
1
2
55
206
207
287
1
202
205
207
19
206
283
285
2
10
12
275
277
295
301
302
2
270
271
273
275
277
3
273
275
290
272
279
280
287
285
287
288
289
2
118
285
287
116
117
286
289
2
6
285
287
288
4
1721
286
292
1722
1730
207
208
210
215
13
211
239
240
107
281
1717
1
174
224
225
1
223
224
225
226
223
224
228
229
1
226
229
230
225
229
231
233
243
213
215
216
217
232
234
235
236
238
239
240
3
237
238
241
254
224
225
226
240
241
17
18
222
240
241
242
243
247
238
242
245
250
251
242
247
249
250
251
252
2
194
197
198
227
228
262
1
208
223
224
225
227
224
225
226
1241
190
192
263
264
265
264
265
266
268
254
255
258
259
260
1
249
250
259
267
268
4
29
248
291
28
288
290
295
296
299
302
303
7
237
298
299
242
243
244
287
288
289
1
4
5
233
1
2
3
232
1
230
231
1
143
204
294
295
325
293
228
230
1
2
295
298
299
300
3
295
297
298
312
314
289
290
291
293
294
295
296
1
310
313
314
315
295
297
306
308
309
314
3
305
313
200
1
203
201
1
3
302
304
202
201
302
303
304
203
298
299
300
302
193
1
299
204
202
298
203
201
197
203
202
201
200
180
179
191
189
185
184
183
179
15
167
163
162
161
160
153
134
133
1
250
252
189
188
1
249
250
251
249
250
251
191
262
1
153
234
239
150
152
232
233
149
149
148
147
145
159
158
156
154
153
152
241
164
163
162
161
141
140
135
134
127
1
136
137
130
1286
184
1293
1653
1654
185
134
970
969
135
139
140
964
132
137
139
139
133
131
3
142
124
123
122
121
2
180
179
178
146
145
124
168
167
152
151
149
186
181
126
125
119
189
121
120
119
130
129
126
125
119
118
737
736
7
371
370
369
28
383
382
366
365
28
363
362
360
358
4
373
372
371
364
356
355
2
4
377
376
375
355
377
359
357
89
383
380
359
354
353
49
43
359
356
355
354
353
7
349
345
344
5
361
346
345
344
343
341
370
369
368
366
343
342
341
340
322
310
1
353
352
351
350
338
337
354
338
337
336
68
69
336
334
333
222
347
345
344
342
341
335
328
346
331
330
329
328
319
392
391
390
388
313
312
4
411
393
314
393
391
390
389
420
415
318
2
426
424
423
422
420
323
320
319
88
428
321
320
314
84
86
318
317
277
276
275
274
273
322
321
319
318
317
316
315
1
7
895
897
270
6
7
279
894
163
166
167
276
146
161
162
163
164
166
144
145
146
162
141
142
272
271
1
2
162
279
275
273
1
277
276
286
281
5
317
304
302
272
316
315
307
306
305
280
273
272
271
268
303
296
295
294
305
304
295
291
288
323
322
277
276
275
273
272
271
1
2
267
266
265
264
263
1
269
265
3
271
270
269
364
363
362
361
343
334
1
386
385
377
376
372
378
375
374
373
275
274
273
1
258
254
253
192
261
259
193
184
195
194
192
1
252
251
246
245
244
231
247
246
297
295
294
250
247
237
236
234
233
48
47
292
295
140
288
62
60
29
27
24
21
3
1876
231
228
226
225
1960
239
234
233
229
228
1
233
232
207
234
1963
1962
208
8
90
1651
84
4
94
1324
91
1326
90
89
2
96
1316
1322
93
98
95
93
92
216
215
186
185
1630
1964
1963
218
217
216
217
215
213
203
198
194
1
2
4
193
164
1
3
192
191
204
195
192
190
189
193
189
188
187
40
37
195
188
187
169
168
190
189
188
185
179
174
171
2
156
150
149
147
166
165
164
5
167
159
158
151
150
1
290
286
163
161
406
405
164
163
1
3
426
158
1
2
162
166
164
163
162
164
161
160
144
143
142
140
139
433
432
162
161
147
1
442
441
439
138
142
141
139
146
145
144
141
139
1
141
140
139
135
3
140
139
136
157
156
148
142
141
207
206
205
196
160
142
140
139
138
120
115
114
113
109
1
99
91
86
85
37
35
44
43
42
41
40
37
33
95
92
1918
1
93
91
74
102
94
79
75
1
2
74
73
71
213
212
79
74
72
71
76
73
65
60
57
67
64
1961
2
86
85
84
86
84
75
74
198
13
1815
79
77
8
12
81
80
74
73
64
3
84
77
76
178
195
74
73
72
175
176
79
74
175
2
73
32
33
38
40
89
75
73
72
69
30
93
92
89
73
65
93
92
91
99
97
96
67
66
98
72
71
70
76
75
53
52
50
2
8
61
51
47
418
54
49
2
50
48
45
50
49
47
9
10
57
56
55
61
60
42
432
428
47
45
39
38
46
44
42
37
29
21
20
35
33
32
44
32
31
30
390
1
59
334
24
336
60
59
56
54
387
413
43
40
38
24
33
27
26
25
335
342
1
21
19
17
15
13
143
14
13
10
153
147
146
144
16
11
10
18
23
26
28
38
26
344
11
9
10
22
21
46
42
36
4
4
64
62
51
33
77
71
70
68
66
65
2
50
48
46
44
32
31
22
133
22
20
18
109
114
1
50
24
23
108
19
18
106
107
2
22
21
20
19
17
24
19
17
100
1
4
13
412
410
14
12
11
414
411
1
67
65
7
4
73
66
5
408
2
9
21
23
35
36
5
14
18
20
30
3
22
25
28
269
268
15
17
25
272
20
27
13
15
34
35
38
32
33
36
37
305
71
76
29
30
31
2
32
34
35
36
361
29
30
36
26
34
35
25
30
31
393
392
391
15
20
29
6
3
11
13
19
18
17
416
27
2
4
21
22
28
31
16
20
21
22
58
60
62
64
68
70
1
60
142
140
141
142
179
181
71
73
75
77
105
47
60
62
72
76
78
79
80
27
29
44
78
79
80
98
99
104
105
109
110
131
91
93
94
95
96
1
94
95
111
1
94
110
2
105
106
107
109
6
103
105
2
10
111
112
118
119
96
106
107
109
110
94
97
99
100
103
221
2
5
6
100
101
1778
1779
102
103
104
105
1779
99
105
2
101
108
110
105
106
108
113
114
107
109
110
111
114
2
108
112
114
115
124
146
106
108
113
115
111
113
116
119
857
858
251
116
121
122
123
3
117
120
126
136
137
117
118
122
123
2
144
145
152
162
12
141
142
143
144
145
146
125
139
140
139
141
144
145
146
3
2
139
140
142
280
10
1
138
283
282
2
292
291
286
283
288
286
285
6
136
307
297
291
8
138
148
149
150
6
133
134
148
149
312
105
313
312
304
303
146
317
316
139
140
143
145
146
147
149
133
134
135
136
138
153
156
157
158
163
87
89
126
127
128
129
84
85
87
89
91
1
337
1064
983
984
983
20
144
151
152
1157
155
1
4
27
28
29
30
28
29
30
31
1000
14
998
997
15
21
31
1
2
34
35
42
43
24
25
33
42
374
40
41
42
38
39
42
43
473
472
471
42
43
46
1
2
6282
5878
305
4299
5877
4817
28
307
4297
295
27
28
30
31
35
2
3
444
442
441
291
290
287
283
281
279
271
282
280
278
273
268
449
447
442
409
408
405
403
1
443
442
410
445
443
440
439
438
7
444
443
442
434
433
413
412
443
1088
438
437
1089
1090
464
3028
3019
449
442
441
6
23
24
25
26
449
447
444
441
438
436
1
2
445
442
434
432
431
425
431
430
427
426
429
359
357
355
354
356
345
331
433
430
428
427
426
424
423
402
401
400
399
441
439
423
420
1
419
417
416
415
413
2
418
414
413
412
405
2393
415
414
412
414
410
408
407
405
2
410
404
403
399
372
371
432
411
410
407
406
373
405
404
375
373
3
405
386
377
408
407
406
405
397
1
397
391
390
389
387
386
282
390
389
388
380
387
384
383
382
376
292
367
365
296
295
1
379
378
369
367
380
378
377
373
371
370
1
373
372
371
369
368
1
374
369
370
369
368
325
324
2
366
363
332
1
440
399
398
394
441
422
421
403
402
401
400
4
442
441
430
429
2
367
355
368
367
358
357
1484
1486
353
350
349
346
345
2
1833
418
409
419
412
411
1831
422
417
416
415
410
409
362
1073
347
346
416
415
409
401
400
398
416
413
412
411
4
414
413
412
406
405
404
2
170
139
409
403
411
410
409
405
9
107
440
108
439
441
440
439
438
436
435
1
443
434
432
431
430
435
434
433
2
424
422
420
416
423
417
415
414
411
409
23
422
420
419
418
416
417
416
414
375
374
147
148
398
388
387
385
384
185
3
399
396
395
390
389
388
386
1
2
17
399
398
396
322
316
397
395
358
357
323
401
399
398
397
395
387
385
384
383
360
3
385
374
372
363
362
361
359
83
84
382
380
378
376
375
373
1
373
372
371
370
368
367
218
374
373
366
365
364
361
332
331
1
5
6
7
331
330
4
333
332
40
41
360
358
357
241
240
239
225
1
363
348
347
345
337
365
364
338
337
1
339
338
337
1
4
342
341
340
3
337
335
339
338
543
877
404
403
1332
336
335
334
789
1
347
346
338
337
1
336
335
331
329
456
102
103
104
337
327
326
3
4
349
348
347
1
331
329
330
325
380
375
339
338
337
336
1
335
327
326
317
315
311
404
385
336
314
313
312
407
320
312
311
309
305
1
308
305
301
300
299
297
288
298
292
291
290
289
326
314
312
290
289
288
328
327
326
290
287
253
252
286
285
268
267
264
263
261
1
2
285
277
272
270
269
266
1
272
271
237
1
3
268
239
238
270
269
240
4
10
331
329
328
326
438
353
352
335
694
692
334
256
254
253
1
356
355
350
349
348
356
354
353
332
331
330
262
1
2
3
325
324
304
303
269
266
1
271
270
305
273
272
3
327
326
307
1
2
334
329
328
339
336
335
330
329
327
1
701
697
320
318
246
245
244
243
242
241
240
239
220
3
250
249
218
215
214
213
208
698
666
665
322
321
322
321
320
319
315
314
1
4
452
217
198
197
196
219
218
217
199
221
220
218
210
208
205
204
202
204
202
201
1
2
3
652
645
305
217
1
328
309
306
1
330
329
669
648
332
331
1
322
321
320
319
318
316
319
315
292
289
288
287
332
331
324
303
302
301
298
233
232
231
1
232
231
227
19
232
231
229
228
1
10
300
270
268
267
235
6
274
269
314
306
305
304
303
302
297
1
389
282
281
280
274
286
283
281
391
283
281
279
281
267
266
282
281
280
282
281
280
279
5
8
255
252
251
248
277
276
275
272
1
2
277
276
256
1
277
276
267
266
265
264
263
264
261
260
258
257
1
25
261
260
258
257
225
258
256
228
227
226
4
258
257
256
242
240
239
229
284
263
256
255
254
1
258
250
248
259
250
249
247
244
243
241
240
5
1983
248
243
241
240
239
219
217
245
241
239
238
237
236
230
1
2
235
234
232
1
8
233
230
229
227
237
232
231
226
224
223
222
1
223
222
218
217
24
25
224
218
217
216
215
214
213
210
222
221
214
211
232
231
230
229
237
236
235
206
206
205
204
203
184
204
203
202
87
678
403
402
399
675
396
395
394
393
483
395
672
394
392
318
315
193
192
189
164
91
1
192
174
173
166
195
194
193
192
175
191
186
185
184
183
180
286
250
249
248
1
250
249
245
190
185
288
251
186
185
467
465
463
167
1
464
462
178
177
181
179
178
175
174
90
173
172
166
165
1
2
638
366
385
640
639
367
1
640
384
383
368
386
384
379
369
367
2
382
381
379
378
1
5
41
379
377
376
381
380
378
382
379
378
376
375
374
371
371
366
361
359
354
1
380
379
360
358
47
381
359
72
361
359
355
354
371
370
368
348
1
373
372
369
340
1
374
341
340
375
341
340
400
382
379
378
369
341
404
341
340
339
338
337
336
338
334
332
419
333
332
330
329
423
325
323
175
1
3
317
316
313
304
1
2
318
230
226
224
1
17
314
231
230
316
315
327
319
310
308
366
365
364
360
305
303
292
367
294
293
292
1
102
371
370
288
1
147
146
291
289
148
292
289
286
282
318
311
310
308
305
272
271
270
269
252
243
241
1
2
3
265
264
261
254
269
268
266
265
174
267
263
262
1
274
267
266
257
275
259
258
257
257
256
253
250
1
280
278
248
246
331
330
281
247
8
246
242
241
240
239
238
256
238
1
2
6
242
241
238
237
230
237
231
8
239
232
230
131
7
132
130
126
231
138
136
249
248
239
222
221
220
249
248
231
227
226
224
222
221
220
348
347
227
226
221
220
218
218
217
181
225
224
209
208
207
137
136
129
291
293
294
136
135
134
101
5
123
120
119
118
3
126
125
123
237
232
128
127
1
240
239
249
250
125
124
122
117
121
120
119
117
113
2
118
115
114
113
112
142
141
139
123
114
118
117
114
110
1
247
139
133
129
134
130
127
1
2
3
5
4
20
1
17
18
1
2
17
1
2
7
1
3
91
1
2
4
5
1
2
3
1
1
84
1
83
2
1
2
3
4
7
1
6
1
37
38
73
77
1
2
36
1
3
8
34
4
5
1
1
1
1
2
1
5
7
1
4
26
1
3
25
1
2
23
1
2
10
1
2
1
6
8
1
5
263
266
2
4
261
262
259
4
1
8
10
11
2
5
7
248
1
3
17
18
244
2
243
2
13
14
1
2
4
5
11
38
1
11
1
34
6
33
1
4
30
31
1
2
3
29
34
1
19
20
1
7
8
17
19
1
2
6
1
1
4
2
3
5
209
226
3
5
207
1
2
1
8
9
3
7
1
196
201
202
1
141
1
2
142
1
2
4
5
133
134
141
1
2
1
1
1
6
128
5
127
2
4
29
22
28
1
8
17
18
19
6
7
16
1
4
5
3
4
1
2
7
10
1
3
5
1
2
1
1
2
1
2
1
2
3
6
1
34
4
2
3
1
3
1
1
5
1
4
1
3
20
21
1
2
9
19
7
8
9
1
1
2
94
1
2
4
5
92
93
1
92
2
1
3
4
8
10
1
2
1
56
1
55
1
2
4
54
1
17
19
2
8
16
2
3
6
1
3
5
2
5
8
3
458
421
411
1
3
2
4
2
4
25
27
33
1
6
8
25
2
7
2
4
5
526
4
475
530
533
11
50
51
2
3
19
1
3
7
16
522
2
4
524
31
37
38
39
2
4
23
478
493
2
9
7
13
18
19
20
22
2
6
8
9
8
2
3
25
26
5
1
3
4
23
2
11
20
22
1
5
6
9
11
1
5
9
10
4
503
501
1
2
504
15
14
2
480
1
6
11
23
496
5
7
55
50
55
54
6
148
62
4
139
140
142
473
131
136
468
469
127
1
3
4
48
2
342
1
8
9
1
2
1
43
44
1
27
42
24
25
26
23
28
72
1
7
1
1
2
1
2
1
1
1
3
2
9
1
4
5
7
8
1
3
7
1
2
1
1
2
4
7
1
2
3
1
2
3
52
1
5
1
2
3
4
14
13
14
15
1
3
8
9
10
11
12
1
2
5
1
2
3
4
1
11
12
33
1
3
10
408
1
2
1
2
1
3
4
1
2
43
1
5
9
11
40
42
1
8
359
358
1
2
3
4
1
1
1
388
4
5
16
1
14
746
3
7
8
9
13
1
2
3
7
12
1
2
4
5
278
1
4
5
279
278
277
2
3
5
1
2
732
733
4
1
283
729
743
744
291
290
1
3
13
14
2
729
4
1
4
5
6
2
3
4
10
732
733
1
2
1
6
1
28
2
10
18
27
1
8
9
10
11
1
7
8
1
5
6
1
2
1
1
1036
46
1034
48
47
1
49
3
57
50
1
6
8
1
2
3
4
5
1
60
1
67
62
61
1
331
69
68
309
330
1
2
308
1
2
10
9
1
2
8
1
2
7
302
301
1
2
4
5
11
300
1
298
299
1
7
8
14
7
6
1
2
3
1
2
4
1
2
7
2
4
5
6
398
1
399
1
1
398
19
397
398
17
18
1
2
1
5
8
2
4
1
1
2
275
1
2
272
273
274
1
2
3
1
3
270
1
2
1
1
2
6
7
8
286
1
1
120
2
3
4
113
1
73
74
78
1
72
111
1
3
2
1
8
1
35
62
65
66
31
32
33
34
3
9
10
29
1
2
3
1
7
8
7
26
1
5
4
5
1
2
1
1
4
1
5
1
1
3
9
1
2
4
5
6
8
1
2
3
1
1
1
2
4
1
2
3
1
1
1
6
7
1
2
5
30
29
30
3
22
27
28
1
18
1
2
3
7
1
1
1
4
3
1
1
4
5
7
8
1
2
3
1
1
2
3
1
1
2
1
1
1
1
1
3
4
2
22
2
3
4
5
1
1
1
8
10
17
1
3
4
7
1
2
1
1
2
3
1
1
4
5
2
4
1
3
4
8
2
7
1
33
1
30
31
32
1
4
10
1
3
1
2
6
1
3
4
5
1
2
10
84
1
1
1
4
1
2
3
18
17
18
1
2
3
1
1
5
1
57
72
74
1
56
1
5
49
54
55
1
3
4
6
2
1
5
6
7
3
4
1
2
43
44
42
1
9
1
3
7
8
1
2
1
1
4
1
3
1
1
2
1
2
11
1
1
8
9
1
288
292
3
7
287
1
4
1
3
264
1
2
1
2
256
289
1
1
291
290
4
1
290
278
291
1
2
12
1
5
6
10
11
3
4
1
1
1
2
1
2
4
1
14
15
1
2
13
1
2
282
296
3
4
1
280
1
4
3
1
3
4
5
224
229
1
2
228
227
1
1
3
2
219
220
48
50
52
217
1
218
1
1
35
36
1
33
34
292
32
1
2
1
2
1
2
5
1
47
1
3
21
23
38
46
1
2
8
9
10
22
1
6
7
1
1
1
3
1
2
3
2
4
5
1
2
1
11
13
1
4
1
3
2
2
2
9
11
5
7
2
17
2
4
5
12
2
1
2
1
7
2
5
945
3
943
1
2
4
8
2
4
6
13
2
5
7
1006
1008
2
4
914
915
1001
910
916
1
3
4
6
1
2
84
86
1
32
33
83
1
31
1
28
4
5
8
27
1
3
1
2
1
1
1
3
1
2
4
5
1
2
3
19
20
19
1
2
8
17
1
6
1
2
4
5
1
2
3
43
44
43
1
5
51
1
1
4
5
7
1
56
16
17
75
1
59
14
1
11
3
1
2
1
1
1
47
50
1
27
1
2
9
22
26
8
17
21
23
1
2
7
1
1
4
5
1
3
92
94
93
92
1
4
7
98
94
1
2
3
16
95
15
1
3
107
106
105
1
54
55
156
155
4
53
2
4
6
2
632
47
4
720
21
634
17
2
6
741
1
79
4
1
20
28
32
1
2
15
19
1
13
14
735
746
11
3
4
7
1
2
1
3
2
2
737
740
739
1
2
3
4
1
3
1
1
1
2
1
11
10
1
4
6
8
2
4
2
6
12
4
2
6
20
2
4
18
2
5
152
154
2
142
147
2
5
139
140
3
96
137
2
6
10
93
2
4
2
23
2
4
11
21
2
6
9
77
78
79
77
82
83
3
43
44
45
49
72
3
10
40
3
5
7
36
37
2
11
33
2
7
9
5
6
7
2
4
5
8
6
22
1
11
679
1
10
3
6
9
3
14
15
16
3
678
12
668
675
7
1
5
6
3
5
6
10
1
7
665
666
1
4
5
1
224
223
1
672
660
3
249
242
225
1
5
12
673
1
2
3
4
672
1
1
5
6
1
2
4
27
1
2
3
8
14
23
25
1
2
3
1
1
663
2
4
1
2
3
661
253
252
251
1
3
662
1
2
3
6
659
1
1
370
256
255
1
660
64
372
371
2117
62
63
3
1
2
5
211
1
3
4
5
2
1
8
9
2
7
1
4
5
1
2
192
201
202
203
1
20
22
25
191
1
21
1
1
1
2
1
2
3
4
1
5
1
4
5
2
4
1
10
12
2
4
9
1
2
2
36
39
40
1
3
5
2
9
11
37
2
7
2
5
2
7
166
5
25
26
1
4
6
13
2
21
19
20
8
9
11
1
2
7
149
148
152
153
3
1
2
80
79
143
144
145
1
4
5
78
79
1
3
1
5
7
8
1
3
4
33
1
2
1
65
1
2
29
1
1
3
4
1
2
1
1
1
2
5
2
3
4
5
19
1
9
16
17
18
2
4
7
8
1
2
1
2
1
2
3
1
2
4
5
1
1
2
1
5
8
1
4
15
17
1
2
1
3
2
1
2
5
1
1
5
30
1
4
1
19
1
9
17
18
5
8
10
1
2
5
1
3
4
1
2
6
7
8
4
5
1
1
1
5
1
4
1
2
3
1
1
2
1
1
2
20
21
20
21
1
9
10
18
1
3
1
2
1
1
2
1
2
2
3
1
8
9
1
4
5
2
3
18
1
17
63
64
16
1
14
15
1
2
12
13
16
1
3
4
5
6
1
1
2
400
1
2
4
404
403
402
1
2
19
405
1
9
1
8
1
6
7
4
5
1
2
3
45
46
1
2
4
5
6
1
1
2
2
4
1
38
39
2
22
37
1
2
3
9
10
2
1
2
6
7
1
1
2
3
4
1
1
430
1
432
431
1
433
1
4
434
10
11
1
6
8
1
440
439
438
1
2
442
697
975
459
1672
1673
2
221
1
1434
443
1
1671
1673
1672
2
1
2
3
6
1675
1
223
1
10
11
230
224
1
3
9
2
3
1
1669
1667
4
5
1663
13
1668
4
1
2
1
10
11
9
1671
1
1669
1668
6
8
1672
2
4
5
1
8
9
18
1
7
17
6
1
6
1
258
242
1
2
6
259
1
3
5
9
2
1
6
8
9
4
5
271
266
266
265
1
2
86
87
275
1
80
81
85
1
6
79
1
2
5
1
4
1
1
2
73
1
71
1650
2
3
1
17
18
17
1
2
4
5
1
2
3
12
1
10
1
9
8
9
1
2
5
6
7
10
1
1
3
1
2
1
1
4
1
1
1
9
1
1
2
4
5
1
9
1
8
9
1671
1664
8
1
5
1
3
4
1
2
1
1610
1609
1678
1
1611
1
62
67
68
2
67
1
2
4
7
8
1
7
2
56
57
1
2
55
54
1
19
21
1
2
1674
1675
3
1
1672
1
1
1
2
3
4
1673
1
2
14
15
13
1
1669
1
1668
2179
3
1
441
441
440
436
3
4
2180
1720
1737
1
2
1
2
1
2176
2178
1
2
4
1
2
460
1
462
2177
463
1
15
1
2
13
14
1
11
12
2
1
2
1
6
7
4
5
30
31
1
3
28
29
1
2
19
27
1
1
26
1
1
3
1
2
6
7
6
286
283
1
4
1
9
1
1
1
2
1
63
65
292
1
62
2
3
54
59
60
1
4
5
53
1
3
52
1
2
1
8
1
2
6
7
1
2
43
46
48
1
2
4
1
20
25
41
43
1
2
19
16
17
18
1
7
6
1
4
1
3
1
2
1
3
2
1
9
1
1
1
2
1
1
4
5
1
2
3
4
5
359
1
362
361
1
364
363
362
1
4
365
2
3
10
18
1
8
9
1
2
7
8
1
2
369
1
2
4
5
1
416
379
371
1
2
417
1
1
430
7
8
1
2
3
4
432
1
35
434
433
1
33
34
1
29
32
28
1
2
3
1
1
4
3
4
1
5
1
3
4
1
2
1
18
1
17
1
16
1
2
1
4
3
357
1
6
8
438
430
1
7
431
1
2
5
7
4
5
6
3
5
1
2
447
446
444
16
447
1
3
4
1
1
3
1
2
1
5
6
8
1
4
469
1
2
488
470
1
3
8
9
489
2
3
2
1
5
490
489
463
1
2
6188
6189
1
2
6187
5685
5683
5686
498
5688
1
2
1
504
506
505
2
503
1
2
5
3
4
5
493
6184
2
3
8
1
1
5
4
2
485
1
2
10
6182
6179
6170
2
3
1
3
2
5
6
9
3
1
3
1
2
4
1
3
2
4
16
2
2
7
12
3
5
37
2
26
31
34
36
29
4
6154
9
13
6132
3
5
6
22
3
1
3
4
1
2
390
1
2
3
381
1
6161
1
6146
6145
6162
6
7
11
15
1
378
2
374
376
377
6164
6160
353
355
372
373
1
3
4
90
91
6517
1
2
89
1
2
4
5
88
1
2
1
5
1
3
4
2
78
1
77
78
76
1
3
1
2
13
14
1
5
10
12
4
1
2
2
8
2
5
6
1
3
1
2
17
1
7
16
1
6
1
1
3
1
4
5
1
9
1
7
8
1
4
6
1
3
1
16
1
2
15
1
7
12
13
14
1
2
1
1
3
1
5
1
38
35
37
1
2
21
34
1
2
7
1
1
1
3
6
1
2
5
1
3
10
4
1
2
4
77
2
2
70
74
1
5
68
2
4
8
1
2
8
63
1
2
7
60
59
60
61
1
4
5
57
58
3
30
31
56
27
28
29
1
3
4
8
7
1
5
1
2
1
4
9
10
5
6
8
7
1
2
1
2
1
1
187
6428
2
3
4
1
1
7
176
177
1
2
173
1
3
4
5
11
2
18
20
21
65
68
69
1
9
19
8
18
1
6
1
2
25
1
3
5
11
12
2
6
8
1
2
3
4
1
11
13
1
367
368
10
1
346
366
2
1
2
3
1
1
44
1
42
43
44
337
339
43
1
2
418
294
1
2
3
416
417
1
19
20
1
3
1
2
1
410
411
1
4
409
2
3
397
408
1
289
396
1
288
395
1
1
3
8
9
1
2
5
7
1
3
4
15
16
1
2
274
275
283
1
17
274
12
1
2
12
1
2
6
11
1
1
2
1
1
32
1
2
3
5
1
28
30
1
17
19
27
2
3
8
16
17
1
2
3
1
1
4
5
1
239
257
1
5
1
2
3
9
1
4
5
6
7
8
1
3
7
1
2
227
1
84
85
225
226
1
84
78
83
1
5
1
2
4
1
2
73
2
72
71
1
3
384
4
14
17
1
2
13
6
7
11
12
13
14
387
375
5
388
2
3
4
12
1
2
1
2
1
389
2
1
2
3
1
2
5
8
1
1
2
3
1
1
1
2
3
1
4
1
2
3
380
1
379
5
1
384
1
2
4
6
1
1
4
3
8
15
16
2
3
1
2
4
5
1
51
1
2
4
5
1
2
8
1
5
1
4
6
39
44
1
6
7
1
4
5
36
35
1
2
1
1
1
1
1
2
1
3
5
9
10
2
18
19
1
2
9
10
11
17
1
7
16
4
6
9
1
4
1
3
1
2
1
2
5
1
1
7
8
1
4
1
3
1
2
7
1
984
983
6
1
985
992
986
994
1
1
1
3
6
1
1
3
1
2
3
6
7
8
2
5
1
989
990
2
3
1
1
5
1
3
4
2
1
2
4
1
2
1
1
3
1
2
61
1
2
3
5
60
1
3
6
7
8
1
2
50
51
57
1
2
48
49
1
3
1
2
3
5
46
4
9
18
45
1
1
2
4
3
1
2
4
5
1
2
3
1
1
4
5
1
2
3
9
8
9
1
4
5
6
7
1
3
1
1
1
1
2
5
1
1
2
3
1
2
141
1
139
1
2
3
1
21
1
1
1
132
133
1
131
1
3
84
128
1
3
4
82
1
2
81
1
10
1
5
1
3
4
78
2
70
71
77
1
34
69
1
2
3
31
33
1
29
30
1
28
7
1
1
2
5
6
1
3
1
2
9
6
8
17
1
6
7
1
3
1
5
1
2
3
11
1
4
5
6
7
8
1
1
2
15
1
1
6
1
3
4
5
1
2
1
1
2
1
2
1
35
1
4
33
34
1
2
3
30
1
8
1
6
7
2
1
2
3
6
1
3
4
1
2
1
10
1
9
1
4
6
1
2
3
1
9
37
1
2
1
5
7
4
1
1
2
8
1
26
28
1
2
6
25
1
3
4
5
11
1
3
21
22
23
1
2
9
11
21
1
8
1
2
1
1
8
9
10
1
1
44
2
36
37
38
2
33
34
1
10
31
9
1
2
4
5
2
1
2
9
10
2
6
7
1
19
20
2
5
6
10
11
18
1
3
1
2
1
2
88
92
104
1
1
2
3
5
86
1
2
84
3
5
78
82
83
1
2
5
8
1
2
1
2
3
1
31
73
1
2
10
30
1
2
3
6
5
6
7
8
1
3
4
1
1
1
1
1
3
4
1
2
19
20
1
3
7
8
17
18
1
2
1
3
4
1
2
1
1
5
1
4
1
3
4
5
17
1
18
1
2
12
1
2
3
5
6
1
5
10
1
1
2
1
41
42
36
40
1
2
5
1
1
2
3
1
16
1
9
15
3
5
6
1
7
9
2
5
2
3
1
6
1
2
4
5
1
2
1
98
99
3
1
2
4
5
93
94
1
1
2
1
8
1
47
88
1
4
6
3
26
43
12
13
14
2
8
4
2
3
4
1
1
1
3
2
1
2
6
1
2
4
1
4
2
3
1
4
2
12
4
6
8
10
1
2
14
16
17
4
12
2
4
2
3
8
1
6891
2
4
11
12
6887
6885
2
8
1
4
6
1
3
42
41
1
2
39
1
6868
6876
1
6
8
10
13
1
2
3
9
49
8
48
1
4
41
46
47
51
2
3
4
2
1
6
10
40
42
5
4
30
2
4
7
8
2
26
2
3
14
24
10
12
22
23
24
1
11
2
6
8
2
3
4
261
259
260
1
4
258
2
3
11
13
1
8
1
4
6
7
247
3
246
1
18
20
227
244
1
17
244
2
13
16
5
11
12
1
3
2
2
1
1
4
26
1
2
3
25
1
19
21
1
1
1
8
2
3
1
2
3
1
3
206
207
208
2
1
9
1
2
8
203
1
3
4
196
197
196
201
1
64
67
68
69
193
194
1
63
193
2
1
3
4
56
1
2
1
2
6915
6908
3
1
51
52
6917
49
50
2
3
5
7
1
27
29
1
17
18
26
1
2
7
8
16
1
2
5
6
1
2
1
3
6
7
6911
5
1
3
1
2
1
2
4
8
1
2
1
3
4
2
3
5
1
5
3
4
1
2
1
7
8
9
1
3
6
1
2
1
3
11
1
3
6894
6
9
2
1
2
1
2
3
1
1
3
4
42
43
46
47
1
2
1
4
5
9
1
3
1
2
37
39
1
9
36
1
3
4
5
4
5
7
1
3
1
1
712
716
6890
7605
7606
1
2
3
2
3
1
5
6
1
2
4
1
101
1
2
6096
97
100
1
2
3
6095
6098
4
1
1
1
1
3
5999
2
10
6094
1498
7592
7593
1
2
4
5
9
10
12
13
1
11
1
2
1
1
5
27
1
3
4
25
2
21
23
24
1
4
5
6
19
1501
1
1502
1
1501
1502
2
1
216
1
1
2
1500
4
5
1502
1501
1
1
210
208
209
1
2
61
63
1
2
55
60
1
52
53
1
2
1
2
3
46
48
5
2
4
18
19
24
1
2
8
16
1
2
7
1
5
1
2
1
4
1
2
1
8
1
2
3
7
1
1
1
4
1
3
6
1
2
4
1
1
2
1
5
1
1
4
126
1
3
1
17
18
1
1
118
119
113
114
117
1
111
112
1
2
77
1
2
71
76
1
10
1
2
9
69
1
7
1
2
1
3
1
30
32
1
29
1
4
5
3
1
1
2
1
1
2
1
2
5
1
19
2
18
1
5
6
7
5
6
15
16
1
2
1
4
1563
129
130
204
1
2
4
1440
2
6
7
10
2
4
1
1446
1445
1444
1
2
1448
1447
1
16
18
208
1449
1
1
2
3
1
12
13
1
11
1
1
2
7
5
1
3
4
31
2
28
30
1
3
8
9
16
15
26
27
1
2
5
1
2
1
3
190
4
185
188
1
2
1
8
7
3
180
181
182
1
441
201
438
200
1
2
202
1
3
4
5
209
205
204
1
2
11
1
1
7
215
216
215
214
213
212
4
5
6
7
223
218
1
2
3
20
229
224
1
9
18
19
20
1
8
3
7
227
1
223
222
1
4
13
1
2
4
5
1
4
5
9
1
3
4
7
8
1
2
1
2
1
3
2
3
4
5
7
8
242
1
3
2
1
249
245
1
2
128
248
247
1
5
127
1
4
1
8
9
17
18
20
2
3
122
121
1
118
119
120
1
117
3
1
72
77
110
1
4
71
1
2
3
1
5
8
1
4
1
3
65
67
2
64
65
30
31
33
37
64
2
3
4
63
1
4
8
2
3
1
1
2
1
3
4
5
1
2
1
2
3
1
19
20
1
18
1
6
1
2
4
5
1
1
2
1
5
1
3
4
5
6
7
8
1
3
4
17
2
1
17
14
16
1
13
1
5
11
12
1
2
4
1
2
1
6
1
30
1
29
31
1
1
18
19
1
16
1
2
1
3
4
2
1
4
3
1
5
6
8
1
4
1
2
1
1
2
8
1
2
1
3
4
5
1
2
7
8
14
1
1
2
6
1
2
24
32
1
3
4
19
22
1
8
1
7
1
2
4
1
2
3
1
4
1
3
10
9
11
1
2
3
4
6
1
1
33
1
31
1
2
28
30
1
27
1
1
3
4
2
1
2
1
1
2
3
1
5
8
1
2
4
1
18
17
1
2
1
3
1
2
1
3
1
2
432
430
421
399
471
472
31
33
36
37
38
39
1
433
1
5
6
7
14
1
6
7
1
2
474
445
444
1
31
32
475
471
470
33
1
30
9
10
28
29
1
7
8
1
3
1
2
1
2
1
1
5
1
2
4
1
1
2
17
18
1
2
6
1
1
4
376
3
4
5
10
11
1
380
9
1
4
5
7
1
3
389
384
1
2
392
391
1
392
1
2
8
1
5
6
7
494
493
1
2
3
4
1
1
1
1
1
2
4
29
1
18
21
26
27
28
32
2
15
16
17
1
2
6
7
10
14
1
13
503
4
499
503
501
1
2
142
1
5
143
1
2
4
1
1
3
1
2
309
297
298
297
154
153
148
1
2
3
4
1
314
310
317
315
1
2
5
1
1
3
1
2
3
4
1
3
32
324
323
1
4
5
1
3
26
28
29
1
2
20
27
1
2
18
19
1
6
7
9
16
1
3
4
5
1
2
1
2
1
1
4
3
1
2
4
7
8
9
1
3
1
2
1
3
1
2
6
9
1
5
1
3
4
1
2
1
1
7
1
3
5
6
1
11
18
19
20
22
1
2
3
4
8
1
1
2
356
1
3
4
359
360
358
1
2
5
371
1
3
5
1
5
7
3
4
1
2
376
1
456
450
448
446
444
442
379
377
1
451
452
1
5
8
469
1
2
4
1
2
1
2
1
2
1
2
3
1
5
7
1
2
3
1
479
477
1
1
2
1
484
483
478
485
6
43
368
1
2
1
13
15
17
16
1
2
5
13
1
2
4
1
37
2
32
34
36
2
8
30
2
4
26
28
2
10
12
24
2
4
6
8
2
2
2
3
63
3
18
20
14
18
2
2
4
2
325
2
10
116
2
2
8
10
13
6
2
106
2
104
2
99
101
102
1
3
97
2
8
10
2
6
2
4
24
2
18
20
22
2
16
2
14
79
84
2
8
10
12
75
77
2
6
73
2
4
70
71
2
4
14
16
18
37
2
2
12
2
10
2
6
8
2
4
2
8
2
4
6
2
10
16
19
2
2
4
6
2
9
12
2
7
3
5
2
1
2
1
7
8
143
2
24
21
22
2
11
2
3
132
135
1
4
5
6
1
2
3
124
129
90
123
124
1
5
83
90
1
3
4
1
2
1
5
1
3
4
1
2
1
42
43
76
77
41
2
8
1
3
4
5
1
1
2
1
4
5
1
3
1
2
30
31
32
1
11
13
28
1
12
2
11
2
9
1
3
5
7
2
2
2
3
7
17
4
6
11
26
2
24
30
28
196
3
5
19
20
22
2
3
16
1
2
1
3
2
2
3
1
1
32
33
1
2
5
6
31
1
29
30
2
3
18
20
27
1
2
10
17
1
16
1
6
1
5
3
4
1
2
1
1
7
8
7
1
2
168
1
164
166
167
1
163
1
157
1
156
3
4
1
2
1
1
2
7
1
150
151
1
5
1
3
4
18
20
19
144
145
1
8
10
17
1
7
15
16
1
2
4
1
1
2
1
2
3
6
1
2
6
7
8
7
3
4
1
34
30
1
29
1
4
1
2
3
107
126
1
101
102
103
104
101
1
2
1
18
19
1
2
17
1
7
6
91
96
1
2
4
5
55
1
4
55
87
88
90
53
54
5
47
52
1
2
4
1
2
4
1
2
43
42
32
40
41
1
10
29
31
1
6
9
1
3
5
1
2
1
1
2
1
3
1
5
2
3
4
18
19
1
3
5
1
4
3
1
2
14
1
3
4
13
1
2
1
3
4
5
1
2
1
5
9
1
4
1
3
1
241
246
1
2
3
4
1
11
1
6
10
1
3
5
6
7
1
2
1
1
3
2
8
2
3
4
1
5
6
1
253
4
228
7
14
15
1
1
2
5
1
1
2
1
4
5
6
7
1
3
4
1
1
1
1
4
5
1
3
1
2
1
6
7
1
6
1
5
4
1
246
2
241
240
5
4
5
6
7
1
2
247
244
243
249
1
3
1
2
1
1
1
8
245
3
4
1
2
32
1
6
1
693
5
1
3
241
700
694
1
2
1
1
941
378
1
2
4
6
399
400
1319
1
18
398
1
2
17
1
2
3
6
16
2
4
13
14
698
1
3
722
24
1
2
3
5
93
721
1
2
1
5
9
1
2
4
1
2
3
1
88
1
32
1
4
30
31
2
3
1
27
4
5
6
26
1
2
3
1
1
1
1
5
372
1
2
4
20
1
11
18
19
1
2
10
1
2
7
9
367
1
3
5
1
362
310
361
1
2
1
4
4
5
6
7
8
7
1
2
15
297
299
1
2
10
13
14
1
1
7
8
1
4
5
6
1
3
1
2
1
1
1
2
47
1
2
3
5
1
30
31
44
45
3
11
25
27
29
1
2
2
3
8
1
4
6
3
253
1
5
8
19
248
251
2
18
250
16
2
3
12
14
1
3
7
240
2
4
230
2
4
71
226
228
230
232
56
58
67
2
4
7
1
3
641
5
7
662
44
45
636
20
21
1
9
10
16
17
18
19
8
38
1
1
1
2
3
5
1
5
3
4
2
636
628
627
1
3
5
6
1
634
628
2
1
2
4
5
1
2
1
1
7
1
2
1
2
1
19
1
9
17
18
1
8
1
2
3
5
1
1
61
618
1
2
60
4
5
56
59
60
1
7
8
1
1
2
32
31
51
1
30
2
8
2
4
7
1
6
1
5
1
3
1
2
1
3
4
11
17
1
2
3
1
2
3
2
1
5
7
1
2
4
1
7
25
556
1589
1
2
5
6
1
3
4
2
1
2
3
4
5
7
1
6
1
18
1
14
16
1
2
13
5
11
12
1
1
2
1
1
5
6
1
3
4
16
1
2
15
1
11
13
14
1
8
9
10
1
2
7
1
2
4
5
1
2
3
680
679
1
2
680
581
1
683
2
1
1
5
7
8
1
685
7
1
68
1
66
67
2
1
3
57
61
62
1
2
1
678
679
2
1
1
54
1
2
4
50
53
1
49
1
2
9
11
674
1
2
3
6
666
675
1
1
1
2
3
5
4
1
2
3
1
672
3
6
7
1
1
2
9
1
3
2
2
8
3
6
158
155
1
3
9
151
150
152
5
6
14
2
4
2
10
21
22
9
2
3
8
138
142
1
3
6
85
84
85
86
128
135
2
3
3
12
2
3
7
8
9
1
67
1
2
4
66
1
65
1
2
1
30
1
4
29
1
3
1
23
25
1
3
22
1
2
4
1
2
3
1
19
18
19
1
6
1
4
1
3
1
2
11
1
9
1
2
3
5
6
8
1
7
1
1
2
17
24
1
16
1
1
2
11
3
4
2
1
2
1
1
2
3
4
1
1
4
9
1
3
4
1
3
2
1
5
1
2
3
1
6
7
1
3
2
9
1
1
3
4
7
1
2
1073
1033
1
2
92
95
1
2
3
1
82
90
4
5
79
81
2
1
2
8
10
1
1
1
74
1
3
4
69
71
73
1
2
24
64
66
68
1
1
2
7
1
2
1
5
2
3
4
1
4
13
1
12
11
15
1
2
9
10
1
3
4
7
1
1
2
3
41
42
1
2
3
9
15
16
38
1
37
39
1
4
6
2
5
17
42
3
4
6
1
7
9
12
2
4
1
2
4
22
23
7
4
1
7
19
4
5
12
100
17
1
2
11
1
12
8
9
11
1
4
7
8
1
2
3
1
51
50
1
2
3
1
41
43
46
1
4
44
45
1
3
40
1
7
1
2
6
1
2
4
18
2
16
4
2
4
2
6
2
2
15
3
3
18
19
15
16
17
7
9
13
2
1
3
1
2
1
1
2
34
1
3
4
13
12
13
1
3
1
2
1
6
2
2
3
1
4
1
9
1
2
1
2
1
48
1
2
1
2
8
11
1
2
41
1
2
40
1
4
1
2
3
1
18
19
29
1
3
1
2
3
1
3
2
3
4
1
1
3
1
6
7
11
6
1
2
3
1
2
209
1
211
5
229
220
218
1
4
1
2
3
1
3
8
9
10
1
2
1
234
1
2
5
235
1
3
4
2
10
827
828
1
835
8
9
1
2
8
1
1
1
3
8
1
2
6
2
5
4
5
1
3
4
7
2
32
65
66
68
767
31
33
63
64
1
2
3
29
30
2
3
1
26
27
3
4
6
25
1
826
251
1
11
575
1
2
4
5
14
12
1
2
3
10
19
1
19
17
18
1
7
6
1303
19
1
5
6
1313
1
3
1314
2
300
1315
1
5
293
294
2
4
1
9
1
2
8
1
4
7
2
3
288
1
15
17
18
269
286
287
1
286
1
5
6
12
1
3
4
1
2
1
1
33
1
6
1
29
30
28
1
8
9
18
1
17
16
24
1
3
4
1
2
1
251
1
2
4
1
2
8
9
1
2
113
241
240
244
1
105
111
1
2
104
1
97
102
103
1
4
101
1
3
1
1
96
97
94
95
1
4
5
1
2
3
18
17
18
26
1
10
11
13
15
16
1
9
1
8
1
5
7
1
4
3
2
7
2
5
3
768
4
7
762
1
3
1
2
1
761
1
2
3
1
1
2
1
759
2
3
9
1
2
7
16
1
5
6
1
2
1
2
1
63
64
63
1
9
1
2
6
750
7
53
6
1
2
4
15
16
15
16
13
14
1
748
4
12
744
11
1
1
1
3
744
1
2
1
746
3
925
745
747
1
2
3
8
1
7
1
919
920
922
1
2
1
1669
2
3
1670
1671
2
1
2
5
1
2
1669
1
1671
1657
1
14
2
3
13
1
2
5
11
1
10
11
1
1
1
6
1
4
5
31
32
1
2
3
29
30
1
18
19
28
9
17
1
2
1
1
1
2
1
2
5
1
1
3
1
2
5
7
8
1
2
3
4
1
1
73
74
1
2
72
1
2
1
70
1
1
3
1
2
3
4
9
1
2
59
65
63
64
1
55
56
57
4
2
20
1
2
8
11
13
1
9
18
6
1
1
1
1
1
1
5
6
7
8
1
4
7
9
10
2
3
1
1
1
6
1
5
7
3
6
1
6
3
5
2
127
128
2
10
125
2
4
24
24
2
10
20
7
8
112
113
115
1
2
4
70
71
70
71
104
105
1
2
63
64
68
1
2
4
5
1
1
2
10
1
6
9
1
37
55
56
1
36
41
1
33
35
39
40
41
32
1
11
13
29
30
31
6
9
10
1
1
1
3
2
5
6
1
3
2
3
8
10
1
16
1
1
1
2
1
2
3
6
1
7
8
4
6
1
3
1
15
17
1
6
16
5
1
2
1
1
7
10
5
18
1
17
13
14
16
1
7
1
2
6
13
3
4
1
2
2
3
8
9
1
6238
1
4
7
1
3
6
1
1
4
5
1
1
1
2
1
6241
1
2
3
4
5
1
2
18
1
3
1
2
3
1
3
5
1
1
2
1
2
3
4
1
6
1
3
5
1
2
1
1
2
1
33
30
1
2
8
9
1
2
7
1
3
5
2
2
1
1
20
1
9
19
1
1
1
2
1
2
1
76
77
5
75
1
9
10
8
10
11
1
2
4
1
2
3
65
69
70
72
1
27
32
33
63
31
9
28
2
4
8
1
3
2
1
1
3
2
4
19
21
19
1
2
8
9
17
1
2
3
7
1
1
2
1
2
3
4
1
1
4
1
2
3
1
1
5
1
4
3
17
1
14
15
1
6
1
3
2
1
1
2
5
18
2
3
4
12
13
17
16
17
27
1
8
11
1
2
7
1
1
5
4
1
2
1
1
2
1522
5
1
4
5
1526
1
1527
499
1
3
4
444
1
2
1
1
1
7
448
1
6
449
1
2
5
458
450
1
461
459
1
2
3
4
462
1
17
18
2
6
7
16
1
1
5
3
4
1
2
1
11
1
10
7
8
9
3
4
1
1
2
1
1
4
3
1
1
411
3
18
20
11
12
1594
1595
4
6
7
8
1
521
1982
1984
519
520
1
2
1
92
513
1
91
92
1
1
5
2
4
1
3
5
6
8
1582
1583
80
2
77
78
1
2
36
75
1
2
1
3
4
31
34
1574
1581
2
1
4
5
1
3
2
1
1579
1577
8
1
2
1
1
1585
1
5
7
1
4
1
405
5
7
8
404
11
16
2
8
9
1
4
6
392
391
395
2
22
1
3
6
20
25
5
2
3
9
10
14
15
22
1
3
7
3
4
1
3
39
1
2
1
5
6
1
5
36
34
35
1
8
9
11
1
8
7
15
1
3
5
1
2
341
364
1
339
340
1
2
1
2
3
2
8
1
3
6
130
131
5
6
129
324
326
327
331
1
2
3
127
1
7
125
126
1
3
6
1
2
3
13
15
2
3
1
10
36
36
117
118
3
4
6
33
1
19
29
1
2
1
7
8
6
1
2
1
4
1
3
1
2
1
2
1
2
3
1
2
7
8
1
3
1
2
3
2
1
4
5
416
1
3
1
2
8
10
1
2
3
7
8
1
1
391
411
1
5
390
1
4
388
389
1
3
382
387
1
2
18
19
380
381
1
2
7
9
18
5
1
1
2
81
1
79
80
3
4
78
2
2
7
8
1
6
5
1
2
68
1
31
32
65
66
67
68
1
30
2
8
27
29
1
1
361
362
1
360
2
1
4
5
727
1
3
17
20
19
7
15
16
1
6
1
5
733
732
1
734
1109
1
2
4
1110
1418
3
366
367
3
5
308
2
10
1
2
1
4
1
19
20
22
272
1
292
1
2
6
7
13
14
1
3
5
2
1
2
6
34
1
4
31
32
1
3
30
1
2
28
1
8
1
2
7
1
4
5
1
2
3
252
3
4
5
7
1
2
1
4
5
7
8
7
2
155
235
91
511
512
154
1
1
2
87
1
5
79
82
86
1
4
1
2
3
2
3
65
74
1
2
5
1
62
1
2
3
11
1
10
1
2
1
1
3
4
1
1
1
4
7
8
3
7
1
1
1
3
1
2
1
5
197
1
3
4
2
39
1
191
192
188
189
190
3
4
32
1
13
29
1
12
1
11
2
8
10
174
175
2
3
6
172
1
132
134
170
2
3
131
1
5
2
4
2
1
65
109
111
66
108
2
60
62
2
7
56
58
3
5
14
54
2
5
2
6
4
6
7
21
2
38
40
36
1
3
2
4
10
2
5
7
8
3
420
2
3
10
14
775
3
18
7
12
801
14
15
1
2
15
17
23
1
4
22
13
2
4
8
2
2
4
2
2
5
38
42
3
784
783
6
786
769
19
25
28
31
33
1
790
6
7
16
17
16
17
787
1
2
4
5
1
12
11
1
4
398
13
1
2
3
10
5
7
8
2
393
394
1
2
386
393
403
392
384
388
389
1
385
386
387
1
385
1
4
384
1
3
2
788
355
360
363
361
380
1
3
6
434
433
2
3
5
38
36
37
437
2
20
24
33
35
3
6
18
3
2
9
12
4
6
7
2
1
4
8
10
11
3
4
2
10
11
1
4
2
3
1
36
1
3
2
1
475
474
2
5
3
341
342
1
2
163
165
171
340
1
162
338
1
2
31
1
3
9
11
2
155
161
3
5
6
153
1
2
137
138
140
145
148
150
1
88
136
1
87
2
85
5
83
2
6
11
2
80
78
815
5
810
1
805
34
5
806
3
4
2
809
807
1
5
4
1
1
5
1
4
2
3
1
21
1
7
20
6
2
3
1
1
4
14
1
13
1
2
5
7
10
11
1
10
1
3
2
23
2
17
18
1
4
6
14
13
1
2
8
40
3
6
7
36
38
40
2
3
10
33
1
21
22
24
32
8
18
20
31
1
7
32
33
1
5
1
3
1
2
1
1
10
1
4
7
9
1
2
1
2
3
1
2
2
6
1
3
4
2
1
1285
7
1284
2
1278
1283
1280
586
2
3
14
1869
1
12
2
6
1
3
4
5
6
2
4
1
817
3
819
818
1
2
822
2
1
824
2
3
6
47
48
3
44
2666
11
2628
38
1
1855
1857
2
1
3
9
2
5
8
2673
27
29
31
3
5
2642
2
3
13
10
2
7
3
5
89
77
86
3
12
14
16
2
13
2748
2
4
51
55
56
2
54
2
9
15
2
4
1
1
2
4
2
4
5
2
27
1
4
15
25
3
2
9
11
7
2
3
7
8
6
1
4
12
13
2
12
10
1
2
5
7
8
1
167
169
3
166
167
1
17
143
160
162
166
1
2
16
165
1
2
164
1
5
12
14
1
1
7
4
32
33
1
10
31
1
9
28
30
8
18
21
27
1
6
1
2
1
2
1
125
126
4
124
2
3
4
2
3
8
1
1
5
4
1
42
43
1
2
3
4
1
20
1
4
5
6
19
1
2
3
18
16
1
4
7
8
10
1
6
1
5
1
2
4
1
2
3
4
1
8
9
10
2
2669
2
4
1
2
3
1
3
2677
2675
5
2674
2
2
3
1
2679
2
2681
1
3
4
2680
1
23
25
1162
2684
1161
1158
22
1
2
4
1523
1
1522
1
1523
13
1
2
3
5
52
53
1509
1
2
1
1180
1
2
6
1179
1
3
4
5
1
2
47
1
13
46
1
10
1221
12
1
8
10
1173
2
4
2
2
2
2
6
8
2
4
1177
1176
32
34
2
15
1186
1178
2
3
13
1
3
2
3
10
1
3
7
1
1
5
6
8
1
2
4
1
15
1
2
1
10
1
2
9
1
2
1
1211
2
2
1
5
1
4
1
2
3
19
29
1
3
8
18
1
1
2
3
5
1
1
2
4
1
2
3
1
10
1
5
8
9
1
2
4
1
39
40
1
38
1
2
35
37
1
3
1
2
32
33
1
3
31
1
10
1
23
28
1
5
1
4
19
20
1528
1555
1
3
9
1529
12
25
26
1
2
1
2
1
5
1
1
4
3
4
1562
1
1558
1
2
1563
1562
1559
1
1566
1565
1
1
3
3
1
4
5
3
1
1
2
1
1
2
1
1
2
12
13
1
8
11
1
7
10
5
1
2
3
4
14
1
14
46
47
11
12
13
1
3
11
1546
1549
8
1
2
3
62
61
62
1
2
25
26
27
1
3
1548
2
1
2
4
6
1551
1548
2
3
1
1
1
4
5
3
4
5
1
2
9
10
19
7
8
9
2
3
7
1
1
2
1
2
3
4
6
1
4
5
30
1
2
3
7
5
7
8
9
1
2
4
1
24
25
1
2
23
1
3
15
16
17
22
2
1
2
4
5
11
1
10
11
12
1
2
1
2
1
1
2
31
1
30
1
2
10
18
1
3
8
9
1
2
1
1
5
1
4
1
2
3
1
3
1
2
1
1
5
8
3
4
1
2
1
55
61
3
1
2
4
50
1
50
1
2
1
2
7
8
1
1
5
1
4
36
38
1
2
3
1598
1
1588
1599
9
10
1
1590
1
1
1
3
4
1
2
1
2
1601
1
1605
1603
1597
1
2
4
6
7
8
1
2
3
1
27
31
32
1
2
30
1
9
29
1
5
1
1
174
2
1
5
4
19
20
1
2
9
17
18
1
2
8
10
1
16
1
3
1
2
73
78
79
1
2
72
1
1
2
7
8
1
4
6
2
3
12
32
33
1
32
64
31
63
64
65
2
9
1
2
4
5
6
8
1
7
1
2
1
1
1
2
5
1
4
19
18
1
6
11
5
7
1
2
4
5
1
2
3
4
1
2
5
1
1
7
9
1
3
5
1
2
1
16
17
1
2
15
1
7
12
14
1
6
2
3
5
1
1
2
1
5
1
4
30
19
20
27
29
1
9
18
2
7
8
2
1
5
1
4
2
3
1
4
5
4
8
9
1
2
3
1
1
1
2
3
2
5
1
1
3
1
2
1
6
7
3
4
5
1
2
3
1
20
1
19
1
3
1
2
1
2
1
4
5
1
3
1
2
1
2
5
1
3
2
8
1
3
4
1
1
14
73
13
1
5
17
4
11
1
2
3
1
1
412
411
1
414
1
19
20
21
415
17
18
1
11
16
5
6
10
1
58
2
51
56
57
1
3
4
5
50
2
5
49
1
3
1
2
23
24
23
24
2
5
21
1
1
3
1
2
6
7
4
5
439
2
1
441
435
1
4
447
444
1
2
3
1
7
8
9
5
7
1098
1
6
1104
704
453
451
2
3
5
402
400
1
2
3
5
516
1
1
2
1
2
1
3
5
360
101
521
1
259
1
1469
2
1
2
3
267
1
1471
1
2
1
1
1
1
6
1
2
5
1
8
1
6
1
2
5
1
1
2
3
1
291
290
286
270
1
3
4
292
1462
1
2
1463
2
3
1
3
5
1461
1
2
1
302
300
298
296
1
303
304
303
1467
1466
77
2
4
5
6
38
1544
1
2
1
8
9
1
7
1
2
1
2
30
31
32
1
27
26
27
28
17
18
1
2
6
7
9
1
8
1
1
1
5
1
4
2
5
1
4
5
6
7
8
3
1
1
1
1
1
3
1
2
1
2
1
2
3
1
9
10
1
6
7
1
6
1
2
4
5
1
1
2
1
1431
1506
1
1430
1
2
8
1
2
3
68
72
73
72
1
5
1
3
4
5
1
2
28
1
8
27
2
4
7
1
2
1
2
1
3
1
2
1
19
2
8
17
16
17
1
6
4
5
3
6
1
4
1
8
1
2
1
18
1
17
1
14
11
13
14
1
2
5
11
12
1
4
1
1
6
34
1
32
33
1
2
31
1
18
19
27
1
17
1
2
3
1
1
4
3
1
2
1
3
4
5
3
1
3
5
7
1
2
6
5
1
2
1
2
1
5
4
5
61
1
1
1
2
3
7
8
1
1
54
55
1
4
53
1
2
3
1
1
3
9
1
2
1
2
1
6
1
2
3
2
4
1
1
2
5
4
8
1
2
3
1
3
4
1
2
1
2
3
4
5
1
1
1
5
1
2
3
4
1
391
389
1
394
392
1
1
8
1
2
7
398
1
405
404
399
1
5
438
406
2
3
4
441
1
4
5
450
442
1
3
1
3
7
8
1
2
1
456
455
2
5
34
457
1
2
29
30
32
33
1
3
32
1
2
8
25
26
27
1
2
3
7
1
1
4
1
3
1
2
3
4
1
18
1
7
17
1
7
1
6
1
5
1
3
4
1
2
5
30
2
10
5
8
1
2
1
2
3
5
2
3
3
4
5
11
1
2
1
1
2
1
6
1
4
5
492
491
2
495
494
493
2
8
1
1
2
3
1
2
8
7
1
5
6
1
2
4
1
513
2
518
514
1
2
519
1
520
521
520
519
1
1
2
1
4
5
1
2
1
1
2
25
171
1
24
1
4
1
2
3
4
1
9
19
20
2
6
7
8
1
1
2
3
5
1
1
2
1
2
5
1
3
10
2
8
9
2
4
1
2
30
29
30
32
1
8
9
28
5
7
1
2
4
1
1
2
1
8
536
196
1
2
7
1
3
5
6
10
1
2
1
18
19
20
2
8
9
17
1
5
6
7
5
6
1
4
71
1
2
3
69
70
1
2
1
2
5
67
1
3
5
6
5
7
8
1
2
3
2
1
31
32
1
30
1
4
5
8
1
3
2
1
1
2
4
3
2
2
4
5
6
1
1
2
9
14
15
1
7
8
9
2
1
2
1
3
2
1
2
2
1
5
4
1
2
3
1
1
4
1
3
1
2
14
15
13
13
16
1
2
1
1
8
9
1
7
21
1
5
20
610
2
4
591
18
19
612
2
19
2
6
610
13
1
7
1
6
3
5
7
8
2
623
4
5
1
621
619
622
2
1
3
1
2
5
102
1
2
3
4
1
1
8
1
2
7
1
4
15
16
1
2
3
5
8
12
13
14
1
2
1
610
616
624
3
609
11
608
609
1
5
6
3
1
2
4
1
1
2
1
2
4
5
8
1
2
1
2
3
618
1
619
618
621
1
3
1
2
4
3
340
1
2
4
2
3
1
1
1
6
7
1
5
1
4
79
1
2
77
1
2
4
71
76
1
5
8
1
2
69
67
68
69
1
2
65
67
1
30
31
64
3
28
29
4
7
8
27
1
2
3
1
25
1
2
1
3
2
5
1
2
3
4
1
3
1
18
19
20
3
8
17
1
1
1
2
4
5
1
2
3
293
292
293
1
2
291
1
1
9
1
4
5
8
1
3
270
271
285
286
1
18
268
267
3
1
12
3
5
10
1
1
2
1
33
1
5
32
4
19
18
28
29
30
32
1
14
15
17
9
1
1
3
4
6
1
2
1
244
248
249
1
243
2
1
4
1
3
1
2
111
1
102
107
110
1
97
98
1
5
96
2
3
4
10
1
3
8
9
1
2
1
91
3
5
1
26
28
29
19
25
26
1
2
17
18
1
3
9
16
1
2
1
3
4
6
2
2
5
1
1
2
3
1
2
3
4
3
7
1
1
3
4
1
2
6
1
2
4
5
1
1
2
1
7
1
2
1
1157
1158
1
9
17
1155
2
3
1
3
8
1
2
1
5
1
3
4
1
2
4
5
58
59
4
5
57
1
2
7
8
7
8
1
4
5
3
1
52
13
1
1
1173
1174
2
3
5
1
2
8
1172
1
3
1
2
1167
5
6
2
3
10
1174
1
1172
2
3
4
5
7
1
1
1
2
1
2
3
4
1
1164
1
3
1159
1163
1
2
1
1156
1
4
16
1
3
14
15
1
2
10
11
13
1
3
10
1
2
1
1
2
7
1
2
4
5
20
19
20
29
30
1
2
17
18
1
8
9
1
2
3
7
1
3
4
5
7
1
2
1
4
1
2
3
1
4
2
3
1
62
64
65
1
61
62
2
3
61
1
5
55
57
58
1
4
57
59
1
3
1
2
1
9
6
8
50
1
3
5
44
47
48
50
2
3
4
5
1
9
18
1
8
2
6
7
1
2
44
45
1
2
4
1
2
1
2
3
8
10
1
8
9
1
3
4
5
1
2
1
1
1
2
4
5
1
1
2
6
1
3
4
2
3
6
7
128
1
4
2
4
1
7
9
10
17
18
2
6
7
16
122
125
1
3
5
121
1
2
77
120
76
111
112
113
114
117
118
119
1
2
4
1
3
1
2
3
5
6
7
9
11
1
1
61
1
2
58
59
60
1
2
23
57
1
1
21
4
6
1
1
2
1
1
2
1
11
12
13
1
2
5
11
1
2
4
1
2
3
339
350
340
2
4
10
2
6
9
6
342
338
1
2
3
4
1
339
1
11
322
15
2
3
10
12
1
4
5
11
1
10
1
2
1
1
31
1
4
29
30
1
3
28
23
25
27
1
2
3
4
1
2
1
5
1404
337
8
2
3
1741
1412
3
6
1
2
1
363
1
357
362
1
2
1
2
3
339
1
1
1
1746
1754
336
1746
331
332
333
334
335
338
2
6
8
1
1414
2
4
17
29
15
17
2
4
7
10
1
3
1
2
1
1
3
2
9
1
3
9
13
14
2
12
4
6
2
29
1
7
3
4
6
1
1
2
229
1445
1
226
227
1
5
146
148
1
2
3
18
1
3
4
8
1
2
134
141
1
2
75
80
132
2
3
4
74
78
79
128
130
1
6
71
72
73
1
4
5
3
1
2
4
5
33
1
1
31
32
31
33
65
1
2
29
1
3
1
2
4
6
27
1
2
3
1
1
1
2
1
1
1
2
3
17
18
1
8
17
1
16
1
6
1
4
5
3
1
2
1
2
4
5
1
4
6
1
1
1
2
1
6
10
12
13
14
18
3
4
5
1
1
1
2
1
6
5
31
32
1
3
30
19
22
27
29
1
2
8
9
1
1
4
5
1
3
1
2
1
1
1
2
6
1
2
3
1
1
2
1
2
1
6
1
8
9
10
1
2
3
4
6
24
27
26
2187
4
5
1
2
3
1
18
20
22
1
3
8
17
1
2
1
1
4
5
1
3
2
1
2
4
5
1
2
9
1
5
6
7
8
1
3
4
7
1
2
1
45
49
1
12
44
1
11
1
8
9
10
1
5
7
4
2
3
1
5
7
1794
2148
2213
1
4
1
2
3
7
12
32
10
29
33
2
4
2
1852
1801
1854
1853
3
5
1
51
1
1856
47
48
1855
2
41
45
46
2
4
1854
1853
17
21
19
8
13
1
40
39
2
7
26
45
1854
3
5
1856
1823
2
17
19
4
4
2
4
2
2
4
2
5
2
3
1
19
1
8
2
7
1
3
4
5
6
8
77
1
2
76
1
74
75
1
73
2
3
69
71
72
3
4
5
1897
1898
1
3
4
1899
1
2
1897
1
2
284
1963
286
1
2
283
284
1
1895
1896
8
9
1
1
4
1888
3
1899
1892
33
1
5
1
4
27
28
29
2
16
18
2
7
1
2
5
1
1
3
272
1
2
1
3
10
1
3
4
8
1
2
7
249
1
2
115
247
1
4
3
113
1
3
4
5
2
4
1
8
1
2
3
7
38
37
99
1
2
3
4
5
1
34
35
1
26
31
33
1
8
17
21
22
1
2
7
1
5
1
3
4
1
2
4
1
3
1
9
1
1
3
2
2
3
4
354
1
2
1
8
357
2
4
7
2
3
4
5
1
1
1
5
1
367
1
4
10
15
18
1
3
1
2
1
2
4
5
6
60
62
1
2
52
57
58
1
2
4
1
2
4
5
1
2
3
9
46
45
1
6
7
1
3
2
392
393
394
4
6
35
37
1
2
390
2
4
6
32
30
31
2
9
66
65
6
9
26
2
7
5
12
13
1
3
5
4
5
75
2
7
1
5
3
4
80
1
84
83
84
8
3
4
1
2
94
93
88
1
10
12
13
110
96
95
1
9
1
2
8
13
1
5
369
12
13
1
2
1
6
7
2
33
37
31
1
11
364
8
15
16
1
2
5
6
1
124
126
125
124
123
2
4
10
1
8
1
5
6
7
4
6
1
3
140
1
2
141
1
40
43
143
39
5
7
335
1
33
14
16
18
2
10
14
4
6
38
2
4
2
2
4
2
4
6
13
2
4
2
4
7
2
2
3
5
1
2
3
9
10
1
2
4
6
7
1
1
2
1
2
1
2
1
1
2
5
1
1
3
2
131
2
1
124
125
1
1
1
2
17
18
1
3
10
17
2
1
7
117
2
3
4
6
1
46
48
50
1
2
403
399
5
6
2
3
4
1
2
55
58
443
1
2
51
52
54
1
404
3
7
9
49
2
3
6
13
1
3
401
404
403
1
1
10
9
12
2
5
7
13
11
38
40
2
5
8
3
12
3
6
10
3
269
186
2
4
6
272
4
6
274
2
12
2
280
289
282
2
3
22
290
1
2
9
19
1
3
2
3
6
7
1
2
3
1
2
1
8
2
3
7
1
3
4
5
7
2
26
27
1
17
2
3
16
2
1
5
14
4
2
312
1
338
337
9
5
6
7
8
10
1
2
6
1
347
343
342
1
349
348
396
393
350
421
397
4
1
1
2
1
2
4
5
6
1
1
2
347
349
1
117
2
5
346
10
3
232
2
26
233
3
5
24
235
1
1
2
3
353
372
1
1
355
369
2
17
19
21
2
4
8
10
12
16
2
14
4
2
50
54
57
2
55
2
53
2
4
7
9
15
2
4
5
1
2
2
6
2
148
272
270
4
6
7
146
34
2
3
5
13
32
30
2
138
139
2
8
136
2
6
86
132
134
2
1
9
77
82
8
2
4
2
4
6
10
2
2
2
4
2
4
2
4
8
11
30
2
2
3
1
1
1
3
6
2
4
5
20
18
19
20
1
3
8
9
16
17
1
2
16
1
1
2
4
5
1
1
2
1
2
5
1
1
2
3
1
4
5
7
3
1
1
1
1
2
1
5
1
1
1
1
2
3
4
26
1
2
3
9
8
11
12
13
22
23
24
27
1
1
1
2
1
2
3
1677
2
1
1679
4
1
2
3
4
1676
1
1
1680
1674
1
4
5
1
9
1
7
1
5
1
3
4
20
19
7
8
9
1
8
16
17
5
1
2
4
5
1
2
4
7
8
1
3
37
39
2
39
46
32
34
2
8
9
1
4
5
1
3
1
2
1
1
5
1
4
5
2
4
22
1
3
20
23
2
20
22
1
1
1
4
2
3
81
1
5
73
74
75
1
4
74
1
3
1
2
7
10
1
2
42
70
69
2
38
2
36
16
34
2
3
6
14
1
3
2
2
8
2
6
2
4
7
2
5
1
3
18
2
7
1
3
1
422
3
4
423
10
1
3
4
1
2
1
443
427
1
445
444
1
2
14
1
2
1
4
11
12
1
3
1
2
1
7
1
5
6
28
2
21
25
26
27
2
3
1031
17
18
17
18
19
20
1
9
10
15
1
1
2
461
1
6
468
463
462
1
5
1
2
1
6
1
475
474
473
1
2
476
1
2006
479
477
481
480
1
2
433
1014
1013
1
433
1
1014
1013
1014
2
1
19
17
18
1
2
3
4
1
1
8
1012
1013
1
7
1
1
2
5
1
3
1
2
3
1
2
4
1
4
5
6
7
8
1002
1
2
3
1
2
1
1003
1
1
1
5
3
4
9
1
9
10
1
8
6
7
1
4
5
1
3
19
20
18
3
4
8
1
1
1
3
4
1
461
459
456
1
4
471
460
1
2
1
1
2
4
496
475
1
495
480
478
476
1
496
5099
5096
497
1
8
500
5
6
7
3
1
1
1
1
3
1
2
519
508
4789
520
509
4280
1
521
1461
522
2
406
404
1983
408
2
2
12
1
5
8
10
1
3
4
1
27
1
1
3
2
4
9
2
4600
2
3
1
12
4599
3
4596
2564
15
2026
4
2032
2022
5
6
7
12
2027
2
9
10
1
3
10
8
1
5
2
4
2015
2
6
2013
1
2
1
1
66
68
70
2005
65
7
44
1940
2
1
9
5
8
33
1
5
32
1
2
3
4
5
6
5
6
9
1
3
1
2578
1
2
7
2
5
11
1
3
20
19
2577
3
8
2
5
2
6
1070
1526
1
2596
1527
1
3
119
1529
1
1
2
3
117
118
1
2
1
6
16
5
6
1
2
5
105
1
3
7
1
6
74
103
4
5
72
73
74
1
10
1
6
7
8
1
2
4
5
1
2
61
1
26
59
60
1
25
1
3
22
1
2
3
1
4
19
1
2
3
1
1
2
3
1
15
13
14
1
2
1
2
1984
1975
1
2
9
2
5
7
3
2
1978
1976
1
1
2
1
1
17
16
1
2
12
1
11
38
3
1
2
1
1
4
5
11
1
1
19
6
8
18
1
2
6
7
1
1
2
4
1
3
1
2
5
12
1
4
5
6
7
3
6
7
1
2
113
114
1
3
1
111
109
110
115
1
1
1
6
7
8
6
104
5
95
102
1
2
20
19
85
92
8
18
19
1
2
3
7
97
98
1
2
3
4
1
1
4
1
3
11
1
2
5
1
28
29
30
11
25
27
1
2
1
1
2
1
2
72
1
46
69
1
5
44
1
4
1
14
13
14
1
910
50
1
47
48
49
1
46
914
911
11
1
2
3
960
31
1
4
1
2
3
922
1
21
920
921
1
2
19
20
21
1
1
15
17
1
4
5
8
14
1
3
1
2
1
2
1
2
3
1
4
1
3
7
6
2
3
1416
1417
1
1415
1
1411
1413
1410
2
1
2
5
11
1
9
1
5
7
8
1
4
7
6
1
2
1
1
5
6
1419
1
1422
2
1
899
529
1
2
1418
520
530
548
1
8
9
13
1
18
1420
1
6
898
1
3
5
1
2
5
6
1
3
1
2
9
4
6
1
2
1
1
2
1
2
1
1
3
4
547
1
1
6
7
1
1
24
9
20
22
1
2
1
5
1
1
6
1
5
1
2
4
1
5
11
2
3
4
1
1
19
2
6
18
2
16
6
14
2
1
2
1
43
1
2
3
1
2
545
37
39
1
2
6
548
547
1
2
5
1
2
3
1
4
5
3
4
86
554
552
1
2
4
3
10
1
2
82
2
5
2
3
37
1
5
6
8
4
1
2
1
2
313
569
1
3
6
309
310
2
308
311
2
3
5
1
4
13
24
3
2
300
304
9
287
288
296
283
284
1
5
6
162
163
164
2
4
12
6
7
8
13
17
1
8
153
154
156
2
15
150
151
152
1
12
13
11
1
5
6
7
8
4
1
2
33
34
2
2
3
4
1
29
1
28
1
3
9
15
1
2
1
2
135
1
4
5
6
1
3
117
116
2
4
5
115
1
114
1
2
113
1
1
2
4
1
108
109
110
1
2
108
1
32
101
102
107
1
26
31
1
25
1
2
3
4
2
3
1
8
1
2
1
428
340
1
10
442
441
1
1
1
1
1
1
1
2
3
4
1
1
453
452
1
1
1
929
1
2
4
5
6
1
1
2
1
2
3
4
1
1
2
3
23
2
8
22
1
6
5
6
20
1
3
10
1
2
1
88
7
86
87
88
1
1
2
7
11
2
4
5
2
76
79
1
2
14
37
1
4
12
1
3
7
8
11
2
6
8
1
2
4
6
24
2
3
20
1
6
1
5
1
3
4
2
1
4
1
1
2
3
1
17
1
16
1
1
15
17
1
3
4
16
2
1
3
1
2
1
2
12
1
29
32
34
1
2
4
10
26
28
1
25
2
17
1
6
8
16
5
6
15
1
3
2
1
1
2
3
5
1
1
46
1
2
44
45
1
2
3
2
1
35
37
1
3
1
2
3
1
2
372
30
370
1
372
1
2
12
1
5
6
11
1
2
11
371
12
1
3
4
10
2
1
3
2
5
6
2
3
1
1
2
3
1
359
1
3
4
1
3
2
1
1
2
1
4
5
1
2
3
1
5
1
69
1
67
68
5
63
65
66
1
2
6
7
365
357
8
1
7
5
1
58
59
2
18
19
372
1
371
10
17
1
2
3
4
16
1
7
8
1
5
6
31
33
1
3
32
1
2
32
1
26
36
25
29
1
26
1
365
1
364
1
1
2
1
1
19
1
17
18
19
1
8
9
10
16
5
6
9
1
3
1
2
1
1
2
1
4
1
3
4
6
8
1
2
1
16
1
2
15
1
11
12
14
1
2
11
1
4
10
2
3
1
2
1
1
1
2
343
337
342
18
1
2
3
4
7
1
1
4
1
3
1
2
1
2
8
1
1
3
1
2
1
2
7
1
1
2
5
1
2
3
4
1
1
1
4
5
10
1
2
3
1
19
20
1
8
9
14
19
5
6
7
1
4
5
2
3
1
7
1
2
4
1
2
5
1
1
1
32
31
32
5
1
2
5
7
8
1
7
26
2
3
1
2
3
4
1
2
1
2
4
5
7
88
1
1
2
18
19
1
3
5
8
17
1
2
1
2
1
2
1
81
2
3
1
72
77
1
3
1
4
5
6
8
2
3
32
1
66
30
65
1
29
30
1
5
8
9
29
1
2
3
4
1
2
1
1
1
1
1
3
10
20
2
7
8
9
1
2
1
6
1
2
5
1
1
2
3
1
3
5
1
2
8
10
1
1
3
1
5
1
4
2
3
1
2
1
29
30
31
32
1
21
1
3
1
2
7
9
1
6
7
1
6
1
2
5
1
1
3
1
2
1
2
1
1
1
117
1
2
111
112
116
1
3
1
2
108
109
1
106
107
1
3
37
1
2
1
1
2
1
2
3
28
1
3
8
9
14
2
1
1
4
5
1
2
3
1
5
1
3
4
5
2
1
1
2
7
1
2
1
5
4
1
2
9
10
15
1
2
3
8
1
1
2
5
1
20
1
19
1
9
14
18
7
1
5
1
2
1
4
1
5
3
4
1
54
55
56
30
32
53
1
4
29
1
2
4
5
6
7
8
2
3
6
25
1
1
1
4
1
3
1
2
18
19
1
9
11
17
1
7
1
5
6
1
4
1
3
1
2
1
5
1
3
1
2
6
7
8
19
1
3
4
18
2
103
1
17
87
102
1
16
101
14
17
1
4
6
10
12
13
1
2
3
1
1
2
1
2
21
1
4
1
2
3
19
16
17
18
1
8
288
9
289
1
2
7
1
6
1
4
5
3
1
70
1
2
276
3
528
69
1
1
1
2
4
5
93
1
252
251
90
92
1
3
276
1
2
3
4
88
3
86
87
279
1
1
3
1
1
80
1
2
29
2
3
24
26
27
1
7
9
16
17
278
6
1
5
8
1
3
7
2
1
5
4
2
1
5
6
7
6
7
1
3
1
2
1
1
1
1
1
1
2
7
1
1
3
9
10
8
1
2
257
3
6
1
3
5
7
254
3
4
5
6
251
255
257
2
74
76
1
2
5
6
73
75
1
74
2
4
1
4
5
257
256
2
3
1
63
68
1
2
1
262
255
18
1
2
4
5
7
1
1
2
4
1
2
1
2
3
1
1
7
16
19
256
1
2
1
5
1
2
3
4
1
1
4
1
2
1
9
3
8
1
1
1
2
1
19
1
6
18
4
5
3
2
3
1
10
12
2
6
9
37
4
35
3
23
24
32
2
5
10
12
21
22
3
1
2
5
1
2
4
1
2
4
11
2
3
6
10
4
6
7
8
1
2
3
1
1
1
74
1
1
2
4
1
1
2
1
2
7
8
55
56
55
1
2
3
4
5
53
1
2
22
25
22
24
51
1
8
9
16
20
1
7
1
2
6
1
1
4
1
2
3
1
1
1
1
7
1
4
6
2
3
4
2
1
5
3
4
2
6
27
29
1
1
2
5
148
150
1
3
4
22
21
1
8
17
20
1
7
19
1
2
5
6
143
1
138
140
142
2
3
129
137
1
93
94
95
127
1
94
127
1
12
11
1
2
3
5
6
10
1
9
1
1
2
49
1
46
47
1
45
2
4
7
2
3
5
2
1
2
3
6
9
11
3
3
19
27
1
2
14
16
1
2
13
3
6
7
4
2
1
2
3
4
6
7
8
7
8
1
2
1
2
1
13
14
1
5
12
1
4
1
2
3
1
1
7
1
2
5
1
3
4
30
1
8
18
7
1
1
4
1
2
1
1
1
3
4
5
8
1
2
7
1
1
2
8
29
31
1
3
1
2
4
6
1
2
3
1
8
9
1
2
1
2
3
1
21
1
3
2
3
1
8
9
1
7
1
6
1
2
5
1
3
4
2
1
2
3
4
7
1
1
4
1
2
3
34
1
1
29
30
31
1
1
3
2
2
1
5
6
1
3
4
6
19
18
1
8
9
10
11
3
7
8
16
1
2
3
2
1
2
4
1
94
99
1
2
93
95
1
4
94
3
1
4
7
8
1
3
392
393
82
90
1
2
3
51
429
1
1
6
8
48
1
2
1
1
2
3
6
8
40
1
3
2
20
36
2
4
15
18
2
2
11
2
7
9
2
5
3
5
8
460
459
2
3
469
468
16
1
3
4
6
1
2
1
13
1
12
2
8
10
11
3
5
8
2
1
1
2
33
32
3
28
31
1
2
10
11
18
1
2
3
4
8
10
1
1
1
4
1
2
1
2
1
2
3
5
8
1
1
1
2
3
2
3
4
1
5
2
3
4
1
8
9
1
1
2
1
12
1
3
4
11
1
2
10
11
1
8
486
10
1
1
2
3
1
3
4
1
2
475
1
474
13
23
476
5
4
7
10
3
6
494
492
3
499
498
1
2
1
1
