57
23
24
25
47
545
543
2
4
54
13
25
49
50
51
52
53
54
36
25
26
29
40
19
43
3
5
6
59
44
45
47
48
49
50
51
2
42
44
47
48
23
58
2
6
7
9
2
16
22
23
178
54
31
32
39
41
138
53
59
60
30
11
43
44
45
46
5
25
36
37
38
39
40
43
54
61
1
3
3
32
53
61
283
178
63
52
56
57
60
61
17
19
51
52
45
47
48
26
31
32
35
51
52
4
6
67
13
35
28
14
46
4
5
8
9
32
306
16
318
22
2
65
86
32
3
2
1
48
2
38
59
61
62
63
13
30
31
5
7
8
25
110
222
23
227
24
6
55
56
22
25
26
31
33
6
30
31
32
42
43
17
86
23
24
25
26
32
33
34
37
38
39
42
44
4
30
33
35
4
5
6
25
26
34
43
16
18
24
17
16
15
23
22
3
4
10
16
15
14
13
10
1
46
5
41
40
2
39
4
45
2
2
3
49
4
5
7
9
12
50
20
23
24
30
25
27
40
47
48
50
55
21
24
25
12
13
15
569
570
21
23
819
25
6
7
8
9
33
42
44
16
58
15
12
11
10
29
51
57
58
59
3
4
5
9
10
92
19
85
20
33
34
23
10
4
10
20
18
16
11
44
47
49
10
12
24
48
49
50
51
52
58
60
2
6
12
2
3
4
4
5
15
16
55
194
10
220
13
218
14
214
54
195
13
14
18
28
51
22
23
24
25
26
28
33
34
35
18
36
37
27
29
46
47
50
54
26
25
55
15
29
47
48
50
51
42
14
15
16
24
33
98
56
86
2
3
4
5
7
7
8
11
26
27
28
29
30
4
21
21
22
30
31
21
17
16
13
5
37
36
24
22
21
20
39
33
18
10
15
6
7
8
12
13
14
19
29
33
12
9
6
5
4
3
2
9
11
50
9
246
25
210
28
29
1
10
26
29
10
9
33
37
11
76
58
24
28
30
3
44
53
58
20
21
22
37
39
203
9
5
39
102
98
45
197
5
101
6
29
1
33
30
29
309
299
508
46
49
50
90
20
9
7
6
1
21
43
42
37
29
4
6
14
43
11
15
24
20
19
18
10
26
16
14
13
9
3
336
58
57
21
14
4
1
8
9
38
37
22
24
13
26
6
30
32
34
35
329
163
159
27
42
44
48
184
1
7
8
11
33
35
50
55
6
14
30
31
32
55
19
16
15
10
2
14
9
8
30
33
34
35
38
2
35
36
37
38
60
4
5
16
17
23
26
28
20
19
18
5
4
10
11
294
10
8
7
9
85
26
141
91
12
13
12
10
9
12
13
14
15
1
1
4
25
27
8
9
10
11
26
28
12
13
14
16
19
29
35
41
10
34
37
1479
52
48
49
53
54
55
57
7
27
29
38
39
40
41
42
43
1
15
26
58
6
57
14
27
8
3
59
10
37
38
1580
42
1581
1
9
8
7
1828
44
40
39
37
1813
1793
13
15
30
35
11
10
9
13
14
15
17
21
14
13
315
314
22
21
20
18
17
13
10
7
6
83
5
9
6
205
202
82
311
37
21
19
18
13
9
8
6
5
89
24
17
5
53
4
11
12
18
19
20
3
17
18
19
20
22
49
78
53
12
13
14
15
17
37
45
47
28
27
5
6
24
25
26
27
31
1
19
20
22
23
30
52
17
18
20
39
50
19
35
37
38
1
2
4
46
44
43
30
1
40
31
45
44
43
42
41
44
42
41
37
34
52
51
50
34
1
53
35
34
33
2
3
39
38
35
34
33
17
60
29
27
7
7
95
89
53
2
220
48
47
35
33
32
26
22
19
41
39
38
2
41
39
38
37
15
16
45
44
36
28
1
152
151
42
150
41
39
60
152
43
1
40
39
12
40
10
11
40
39
38
37
36
27
1
15
14
13
12
11
48
47
14
13
12
36
35
34
32
31
29
1
41
40
28
20
43
41
29
20
19
18
6
33
29
27
26
23
22
10
31
24
23
22
21
17
2
28
26
19
18
107
10
86
91
509
7
29
30
16
616
30
29
28
18
15
2
25
24
23
2
26
25
22
27
25
24
22
56
54
53
49
48
46
52
51
49
48
47
27
26
25
24
23
19
18
16
26
27
28
30
10
8
7
6
24
25
26
10
8
7
5
478
3
476
68
72
3
2
78
3
1
250
14
15
7
5
545
12
13
20
10
14
15
16
4
14
17
25
31
15
24
30
75
76
20
21
24
25
20
23
24
10
11
26
27
28
29
1
3
10
27
32
22
26
27
28
31
21
251
30
9
94
87
11
12
1
5
7
29
260
4
6
1
9
212
10
19
20
9
16
17
19
32
33
34
38
39
798
873
831
855
42
37
75
32
33
34
35
10
11
12
14
39
71
10
11
14
5
92
8
9
14
15
7
41
14
22
20
18
1
28
29
30
29
17
26
29
32
30
6
7
8
9
10
18
11
1
39
21
1
7
38
22
5
6
7
36
37
99
97
96
3
4
23
19
35
34
30
29
27
22
18
15
13
99
96
1
3
5
14
15
33
32
9
1
2
12
11
10
9
25
24
23
13
12
1
2
15
11
8
1
11
10
9
3
6
9
12
1
2
5
7
108
9
162
111
4
6
7
8
9
94
92
6
47
3
33
32
15
16
27
3
15
14
11
29
169
28
16
27
3
44
43
40
23
39
38
36
34
30
27
58
9
56
47
26
17
16
37
257
36
256
34
33
31
33
25
24
23
2
47
42
41
26
25
24
24
23
208
22
209
2
32
27
26
25
21
28
22
23
27
47
27
26
25
24
24
23
8
7
24
18
17
8
7
8
21
20
15
17
22
57
161
3
60
4
1
19
16
14
13
14
13
9
1
71
58
57
55
12
11
37
36
16
33
60
44
43
42
40
39
4
1
4
162
22
14
33
404
402
182
163
32
33
14
13
12
7
1
1
17
18
19
14
15
199
201
16
17
18
20
8
10
1
4
5
6
7
181
2
3
6
7
17
18
1
183
184
5
86
6
12
13
21
2
1
27
52
51
7
4
4
6
1
8
9
10
14
13
14
15
13
14
15
16
22
1
18
122
126
17
18
19
23
16
22
23
28
25
16
17
14
1
4
6
7
12
16
17
19
20
19
16
21
22
23
24
27
24
25
26
27
28
1
62
2
3
9
634
60
61
2
5
50
43
40
12
16
17
51
53
9
10
11
13
6
17
21
23
25
13
14
15
11
12
16
17
49
1
48
52
53
54
46
47
48
51
19
43
1
18
21
22
20
21
22
25
32
4
24
25
1
9
13
14
15
16
1
2
3
8
15
16
18
1
16
17
27
28
45
46
48
49
50
1
22
43
49
52
41
42
50
51
54
34
35
36
38
22
23
26
27
28
13
267
268
272
23
25
38
40
276
2
34
190
271
36
169
33
188
2
134
45
46
47
48
53
32
2
4
43
44
46
136
19
42
43
44
1
2
18
41
46
1
33
38
39
45
54
55
1
42
43
53
1
46
52
1
44
45
51
1
42
43
50
51
3
41
47
48
50
14
1
6
51
153
161
164
12
1
3
165
152
11
1
2
27
29
47
48
49
10
11
1
28
49
50
48
162
163
95
109
1
46
47
59
61
124
46
52
116
53
121
122
54
58
60
61
27
29
30
14
15
27
17
18
19
1
22
24
34
36
179
4
16
46
48
49
246
19
23
178
1
14
15
17
18
1
13
8
10
11
12
214
256
16
17
257
21
12
23
24
28
31
32
33
12
51
52
192
170
1
2
38
41
43
52
1
2
50
51
1
41
46
13
12
11
38
45
46
48
18
16
6
18
20
46
47
48
52
12
6
1
69
68
30
37
25
28
29
30
31
36
4
8
21
23
499
10
11
1
35
15
47
48
16
344
34
17
15
12
338
1
38
489
485
35
34
31
474
2
11
486
38
36
476
19
12
11
495
18
13
14
15
16
40
19
2
43
38
36
33
39
38
36
35
2
26
20
16
15
28
25
23
22
24
64
22
21
15
1
41
18
17
16
49
47
46
43
42
4
5
17
16
15
14
1
279
315
10
329
8
1
3
12
11
328
33
1
25
182
324
16
40
320
323
17
15
15
30
31
33
4
12
11
10
14
16
18
1
5
1
295
490
489
2
2
1
1
2
3
5
194
3
4
5
199
11
10
2
189
4
5
6
7
8
9
10
11
13
14
1
14
15
59
17
16
14
24
1
17
18
56
58
16
7
10
54
55
1
45
158
204
7
8
9
184
201
203
8
9
1
2
15
16
8
10
11
12
13
14
15
22
23
24
29
37
13
14
201
15
16
205
18
20
16
17
175
24
163
25
26
5
47
48
49
54
48
49
25
26
27
29
30
27
28
33
34
35
36
86
83
16
82
17
18
48
49
39
40
43
44
5
6
7
20
21
40
3
37
138
38
40
41
38
35
36
37
42
43
44
28
1
9
40
36
42
35
39
40
37
3
13
16
18
156
157
160
14
15
1
3
4
22
2
12
142
20
33
34
37
38
41
9
18
19
20
33
35
16
146
18
32
34
35
1
34
35
36
11
12
13
35
3
37
38
39
41
45
1
40
41
42
43
45
39
42
43
32
34
35
2
17
18
20
21
13
15
19
21
16
18
21
25
26
20
21
23
24
25
24
25
26
27
36
35
32
1
2
32
31
30
33
31
30
29
11
12
34
33
31
26
25
21
22
33
11
12
13
16
24
25
1
22
19
18
1
30
23
20
16
18
17
16
47
46
44
41
24
23
22
33
32
27
26
28
27
18
8
7
6
49
25
23
21
20
7
9
278
277
355
49
133
15
152
14
13
11
130
170
8
10
11
12
299
276
29
118
27
26
25
20
19
1
28
26
11
27
24
14
35
153
15
11
151
150
1
56
54
7
6
1
2
11
10
49
14
13
12
53
14
13
12
11
10
9
8
26
56
55
8
2
18
17
10
13
16
13
12
2
12
11
10
9
50
13
84
12
9
2
3
5
88
6
1509
1
8
6
4
2
7
9
1
1514
2
26
25
5
8
9
14
29
27
26
6
4
7
8
11
1
3
2
1517
3
1508
4
1520
1518
1
3
10
17
18
20
5
9
13
14
15
16
20
24
26
2
22
29
31
35
35
37
38
41
44
20
24
26
27
43
6
7
8
21
43
44
52
12
32
34
35
38
1
39
40
47
51
49
46
40
48
17
50
9
11
12
14
9
97
10
11
7
13
22
23
30
18
19
1
390
1898
17
389
15
415
17
1569
26
27
1507
1571
1508
44
43
8
6
5
4
6
62
2
5
6
1
8
7
7
1
12
10
8
6
1890
57
12
11
4
5
2
3
1897
23
1
21
22
23
24
1
16
21
22
1833
1894
15
16
2
15
16
35
50
48
47
46
842
838
515
64
63
49
839
21
22
928
15
2
6
30
31
32
33
27
14
15
33
28
35
38
945
948
29
28
49
115
46
111
45
44
32
30
26
24
22
18
1
87
114
47
35
33
32
88
3
33
32
112
27
26
24
25
24
23
21
20
19
18
21
22
23
29
24
16
19
21
23
27
33
14
15
24
20
19
399
400
1
20
19
29
26
25
24
23
22
19
18
17
15
1
113
47
46
174
45
36
28
114
2
3
100
37
124
44
43
42
40
7
82
27
23
6
34
33
29
28
27
1
36
35
1
2
45
41
39
37
1
43
42
11
30
26
25
1
30
29
28
27
34
33
31
40
39
19
40
39
21
20
17
113
44
41
40
36
1
40
39
36
93
35
1
40
36
35
26
37
36
32
54
46
25
24
22
60
58
57
56
60
59
58
55
54
63
61
21
20
14
1
2
3
72
65
38
64
19
18
17
15
14
13
12
2
65
38
2
61
42
41
40
33
32
20
41
40
39
35
34
33
1
102
42
41
43
41
40
34
33
32
31
29
10
11
13
14
12
13
14
16
29
25
24
1
5
6
7
9
10
71
9
29
28
27
30
28
27
26
13
28
14
13
12
10
129
7
44
3
30
13
13
11
10
2
1
85
126
22
20
33
31
27
1
168
33
31
32
31
1
52
51
22
21
20
88
86
85
40
36
23
18
17
16
55
100
52
87
45
44
43
42
17
16
1
16
15
12
11
10
35
13
12
11
1
2
5
6
7
22
337
2
4
5
1
3
20
1
2
3
2
1
187
3
208
217
186
184
18
19
21
1
2
203
204
2
3
4
202
1
3
4
29
1
2
36
198
205
1
33
26
3
24
25
1
2
22
23
1
2
21
1
1
1
6
315
2
1
2
3
4
1
1
3
6
1
2
3
2
1
38
3
34
37
1
2
3
4
1
3
49
48
49
35
1
3
1
2
3
5
4
1
2
42
46
1
2
8
9
40
41
1
4
6
12
1
11
43
13
14
2
5
7
13
3
1
2
1
32
1
33
4
31
1
17
126
157
165
2
3
31
1
8
29
32
2
1
2
3
5
6
9
1
3
2
6
17
18
19
17
3
6
8
1
5
1
4
11
3
11
1
2
3
2
47
1
2
3
109
1
2
8
1
2
1
2
52
1
50
2
49
1
12
163
1
1
4
164
1
1
160
169
9
1
2
1
6
7
1
2
1
2
1
2
566
506
425
1
4
5
4
8
9
1
2
7
5
1
3
10
16
14
15
6
7
10
11
1
7
1
1
3
4
1
2
51
24
1
5
1
1
594
3
4
1
595
3
600
596
2
4
502
2
14
30
32
500
2
597
12
595
5
6
10
1
2
590
1
592
1
2
4
2
6
10
60
3
4
1
2
18
1
9
16
17
1
1
3
16
1
2
1
3
4
2
21
19
1
2
4
5
30
29
27
1
28
25
23
3
1
2
7
1
3
6
34
1
2
13
65
45
68
43
41
1
3
9
44
37
8
11
1
2
470
471
5
1
4
6
1
2
36
1
2
466
1
1
1
4
30
3
28
29
473
2
538
2
10
65
25
2
8
3
75
6
78
1
6
3
7
6
3
5
2
3
796
798
1
2
791
793
785
33
14
13
1
2
33
6
1
27
28
32
2
1
234
233
24
25
235
1
7
8
1
1
255
257
1
3
17
2
8
9
1
8
1
6
7
1
5
1
4
1
1
2
1
4
6
1
75
77
4
5
1
2
1
73
1
3
1
1
1
53
56
221
105
231
3
115
54
1
7
1
5
6
48
2
4
50
49
2
76
54
53
52
1
1
5
8
1
3
4
1
2
27
29
28
27
1
29
3
1
2
26
1
3
25
1
2
1
2
3
22
1
1
1
3
4
19
1
2
10
17
18
1
3
9
1
2
1
2
4
5
6
1
2
41
1
3
1
2
862
43
860
1
2
4
864
863
2
7
1
3
868
1
7
1
2
7
1
2
1
5
4
1
1
4
5
3
17
16
1
37
35
19
18
10
36
1
1
7
8
2
4
6
36
2
3
4
48
50
40
1
4
9
52
51
49
1
3
2
46
1
2
53
51
49
47
1
48
56
378
55
6
7
57
50
433
11
61
62
2
8
444
2
6
2
4
18
2
378
14
436
376
12
38
420
44
45
57
58
2
4
9
10
34
2
4
7
12
10
359
30
78
203
202
8
1
2
1
1
86
87
1
130
1
131
132
124
8
1
2
3
1
1
1
23
1
22
1
2
4
7
20
21
1
211
2
3
209
1
53
554
2
3
51
52
1
48
49
50
1
2
13
1
4
6
11
1
2
3
1
97
29
43
1
3
1
36
45
46
1
2
34
35
1
2
33
49
1
2
2
3
5
6
9
50
25
31
1
50
5
23
24
51
2
3
4
1
10
53
2
9
4
7
3
1
1
1
2
3
1
187
43
197
198
2
9
1
188
153
1
4
1
2
3
43
1
44
1
3
1
2
6
7
1
2
3
5
1
1
1
2
1
7
9
230
229
1
2
3
1
6
230
1
1
1
3
4
5
10
1
2
1
231
9
12
7
8
1
2
1
2
5
1
1
2
3
1
4
1
3
1
219
4
3
1
221
1
222
1
2
1
4
5
8
229
3
1
2
10
1
3
4
8
9
1
2
1
3
1
2
1
4
1
169
176
221
1
16
17
168
3
7
15
1
3
4
1
1
6
1
3
4
5
1
2
8
1
5
6
7
1
4
1
2
3
9
1
7
8
9
15
153
1
4
176
177
6
149
1
3
23
1
2
3
1
1
151
150
1
2
6
7
1
2
5
1
20
1
3
17
19
1
2
16
1
7
16
1
6
1
5
45
1
2
3
4
44
1
43
1
4
5
1
3
10
1
4
5
6
8
1
3
7
2
32
2
19
78
29
30
1
29
30
28
1
2
1
2
3
4
1
1
2
3
171
2
3
10
1
2
174
173
1
176
7
1
3
6
9
19
183
1
8
7
1
3
6
1
2
68
6
9
77
517
13
14
11
13
2
3
6
1
2
222
224
4
1
436
440
435
1
2
19
1
15
18
220
218
3
2
164
56
3
59
3
5
6
10
49
2
4
5
20
3
26
1
5
16
17
18
2
3
1
3
13
184
2
185
16
12
11
2
3
6
169
1
10
4
5
6
7
8
9
1
3
166
1
2
17
1
28
18
1
29
1
35
30
1
4
38
36
1
1
1
2
4
42
5
6
44
43
1
2
4
80
1
3
81
16
17
125
126
83
80
1
2
6
80
1
79
1
4
6
7
1
6
1
1
2
1
5
7
8
1
4
2
3
1
9
128
135
77
1
1
2
1
5
6
1
3
4
1
2
1
3
104
1
2
1
101
102
119
1
3
4
17
16
17
1
4
5
6
1
2
4
1
43
42
2
1
1
44
42
1
2
14
12
43
2
4
16
1
2
28
27
1
2
28
18
1
30
1
1
2
9
1
5
8
1
4
1
1
7
6
1
4
5
1
2
3
1
52
51
43
1
1
58
1
59
55
60
1
3
6
2
3
4
5
6
1
1
4
8
2
3
1
2
68
112
625
1
12
66
1
2
3
11
1
7
9
10
1
4
8
1
2
1
2
8
10
1
3
4
52
53
1
2
6
1
51
9
8
20
21
29
47
1
2
60
1
52
54
2
3
4
1
38
44
1
1
1
12
1
6
8
9
11
13
1
5
2
4
31
32
2
29
32
33
1
22
23
24
1
4
18
20
21
3
4
16
17
1
2
1
3
2
11
12
3
158
1
2
143
259
9
10
1
159
15
158
161
4
13
1
2
3
1
7
1
76
157
2
81
2
83
85
82
3
9
1
5
8
1
7
6
1
2
1
2
1
5
3
4
1
4
402
1
3
2
1
381
382
426
190
9
378
379
380
397
398
1
9
16
17
19
20
1
2
4
8
1
1
44
41
42
43
4
2
30
31
39
1
5
25
27
30
1
2
4
10
29
8
9
1
2
6
7
8
1
2
3
22
20
1
12
18
20
1
10
11
1
9
1
4
1
1
1
1
2
17
1
2
14
15
13
15
1
13
1
1
6
5
1
2
3
6
1
3
7
1
1
3
4
1
2
166
513
81
82
23
1
2
3
8
1
238
1
6
2
5
22
2
3
20
24
22
1
65
21
68
64
6
58
3
4
5
1
1
2
1
4
5
1
5
7
1
4
1
3
1
2
23
21
1
3
25
24
2
1
33
29
28
30
28
1
1
38
39
38
47
1
48
1
13
14
13
9
54
1
13
14
15
1
6
14
47
1
5
1
3
2
2
5
6
8
1
3
4
1
6
1
5
1
1
63
5
28
27
1
227
230
34
1
4
6
3
3
4
5
6
2
14
1
2
8
12
13
1
12
2
5
6
1
2
4
10
9
3
2
19
30
1
2
3
11
16
1
1
4
3
1
2
3
99
1
53
105
54
1
29
52
96
24
28
1
4
1
2
145
3
146
1
1
143
1
239
222
22
23
3
4
11
21
1
5
8
17
236
181
2
3
183
5
1
1
1
3
4
1
2
1
18
1
4
17
1
2
3
7
12
16
1
4
6
1
2
3
1
2
4
5
9
5
7
1
23
1
3
4
14
21
22
23
13
14
18
19
20
1
2
3
4
8
1
2
5
4
1
2
1
4
1
2
3
1
1
503
501
499
2
504
1
2
1
1
2
1
501
1
3
1
2
1
2
327
325
4
1
329
2
382
329
1
53
4
3
4
12
1
2
3
58
1
57
1
2
55
1
51
2
4
5
53
1
2
1
8
1
2
4
7
1
2
1
2
1
49
1
3
52
50
1
2
1
2
3
4
1
1
1
64
3
5
6
452
3
324
323
14
15
451
449
7
2
3
4
1
2
1
58
59
1
3
5
6
7
8
1
2
3
1
1
23
1
10
22
1
8
9
11
1
4
7
1
2
3
1
790
1
3
1
2
1748
1746
796
1
5
1749
3
4
1
2
12
1
3
11
1
2
3
1
2
41
43
1
1776
2
45
1817
1
41
40
39
44
42
43
1
42
1
4
1
2
3
41
36
35
36
1
6
17
34
44
2
3
5
2
3
1
5
1
3
4
1
2
1
1
2
3
279
18
19
22
1
2
44
281
280
7
14
36
42
1
5
6
1
2
4
14
3
13
11
12
1
4
5
9
1
8
7
1
3
335
334
43
4
1
3
2
3
6
40
2
1
48
55
2
3
44
1
3
4
6
8
1
2
7
1
41
1
1
2
1
15
24
1
2
8
1
297
7
4
290
1
3
1
195
187
1
7
8
491
3
6
1
488
489
196
1
2
8
9
1
2
1
6
1
5
1
1
1
8
3
5
6
7
1
3
2
1
3
2
1
2
50
5
51
3
2
3
8
13
1
3
4
6
2
44
1
16
41
42
2
5
6
15
4
5
6
1
10
2
1
46
1
5
1
4
1
2
3
1
8
12
14
1
2
7
1
1
2
1
1
4
3
6
186
1
2
3
4
1
187
186
1
15
1
1
2
187
1
2
1
2
1
1
5
6
8
1
2
3
16
15
1
9
14
1
6
1
2
5
1
2
1
3
2
1
2
4
5
4
1
2
4
3
4
5
1
2
1
100
135
136
99
33
34
35
100
1
1
2
3
30
31
99
1
1
100
99
101
3
1
2
23
27
1
100
174
101
162
73
12
13
1
7
1
3
5
1
2
1
2
1
2
4
6
7
12
78
1
3
6
72
1
2
1
2
3
2
3
1
7
6
5
1
106
39
2
16
1
1
287
3
1
2
284
30
25
23
1
32
31
30
59
58
33
1
2
3
5
76
75
1
77
1
9
1
6
8
4
5
37
84
80
1
2
38
25
55
1
40
1
2
8
22
1
2
3
1
1
3
2
4
1
2
3
14
15
2
14
7
8
9
11
12
1
1
2
1
1
4
1
3
78
76
57
1
2
81
77
2
1
2
4
1
3
1
2
12
19
1
2
1
78
79
82
7
6
1
2
4
1
1
80
75
4
5
1
10
36
9
10
49
48
45
1
2
1
1
2
4
1
2
1
7
2
4
5
6
1
1
3
58
57
1
2
62
64
63
1
1
2
3
6
27
381
1216
1184
1
4
5
1
3
1
2
21
1
2
4
5
1
18
19
2
16
17
1
7
9
14
1
3
8
1
2
1
1
5
49
2
4
47
2
4
304
1
2
3
302
1
306
1
24
26
305
2
3
1
4
5
307
2
3
1
1
1
301
302
354
1
5
7
53
1
4
1
2
3
18
1
8
16
17
1
2
7
1
2
1
2
4
5
7
1
45
46
2
40
43
44
1
4
5
7
39
3
38
1
2
7
8
1
4
5
3
1
2
63
34
1
2
24
65
64
1
1
22
1
3
4
19
1
2
1
5
4
15
2
1
5
1
4
3
11
1
3
6
10
11
1
2
9
1
8
3
145
144
1
1
145
147
3
1
2
4
3
5
2
1
2
17
3
5
2
10
1
8
138
2
6
7
3
4
2
1
1
3
4
2
1
30
9
17
18
31
22
7
8
1
2
8
9
1
1
6
5
1
1
1
29
2
4
27
28
1
1
23
78
80
15
22
23
1
5
55
1
2
3
4
1
1
8
1
1
50
1
49
50
21
24
27
35
1
15
17
20
1
2
1
1
93
3
1
3
11
10
1
97
98
5
9
96
8
1
1
93
94
1597
4
2
5
8
3
5
8
2
4
25
32
3
2
9
17
21
7
8
1511
1509
1
2
1
1
2
3
1
10
1
9
1
6
1517
1515
5
1
2
8
1
4
7
2
3
1
38
39
20
46
19
1
1518
20
1520
1
4
6
8
1
3
4
2
4
2
11
12
7
2
4
2
22
19
20
1
8
9
10
17
6
8
1
4
1
2
3
5
1
2
19
13
2
1
2
3
7
1
2
3
1
25
21
125
10
7
6
5
101
115
24
22
2
3
7
8
1
5
12
1
3
4
5
7
1
2
1
1
7
1
2
1
3
2
1
2
5
6
23
1
22
86
1
2
74
2
3
4
8
11
77
76
9
1
4
5
1
20
21
19
1
36
35
1
2
3
1
2
3
4
44
1
45
1
1
2
3
7
1
48
1
418
49
48
399
1
2
4
400
2
3
8
11
12
21
1
1
2
6
4
5
1
67
3
66
1
2
1538
1
2
1
68
1
3
1
2
1
65
1881
1
2
1873
2
7
8
1
5
1
1874
1
2
6
11
1
1
9
8
17
18
19
1
3
1
4
5
1
3
1
2
33
1
2
3
5
1
1
9
8
1
2
3
2
1
55
53
52
56
1
7
1
5
955
6
1
3
4
2
1
2
1
950
1
949
4
1
2
3
38
37
913
1
59
53
51
39
1
60
56
1
57
1
64
61
3
8
10
2
14
2
2
2
897
905
2
4
900
899
907
66
5
2
3
1
1
2
5
4
1
68
3
1
67
5
2
3
4
3
7
8
14
15
16
17
65
1
14
1
2
4
13
1
1
2
1
2
3
9
1
7
1
2
4
6
1
2
818
817
1
2
3
2
1
298
80
292
4
1
14
288
1
13
7
11
12
1
2
370
4
5
1
4
5
378
372
1
6
1
1
3
2
1
3
4
1
4
5
374
1
2
3
4
1
1
1
370
1
4
1
1
2
4
1
1
2
1
5
1
3
4
1
2
302
3
303
302
1
77
76
56
1
78
2
18
20
1
2
42
1
3
4
39
40
41
2
6
129
76
1
3
4
32
36
1
8
30
31
1
3
6
7
2
3
123
1
2
1
3
109
1
1
2
1
4
3
1
1
2
3
7
1
1
1
4
2
3
4
1
3
2
1
2
1
23
4
5
22
3
4
1
1
2
7
1
6
69
27
70
1
77
1
3
97
1
2
1
21
1
20
1
2
4
15
16
18
1
2
4
14
75
1
2
76
1
2
7
77
1
5
6
8
3
1
2
1
2
3
1
2
4
12
3
5
7
11
2
2
2
4
65
70
2
3
4
1
3
61
1
2
1
58
5
3
4
9
25
3
6
13
22
21
81
2
3
4
9
10
1
2
3
1
5
4
3
1
2
1
4
1
3
1
2
9
1
2
3
6
1
1
3
34
1
2
7
1
6
1
1
2
1
2
1
1
2
7
27
1
29
1
4
5
1
3
2
25
4
1
2
46
1
52
45
3
6
31
13
1
26
31
36
1
25
30
24
28
5
8
10
25
1
2
4
3
23
25
1
2
4
2
3
8
2
5
20
1
4
5
6
3
1
2
17
1
2
7
16
1
1
5
2
1
2
3
1
63
60
2
1
1
2
4
7
62
1
1
17
14
16
1
3
13
1
2
1
3
4
2
1
2
1
1
4
5
1
3
1
2
9
77
68
1
2
3
7
8
1
1
4
1
2
3
1
2
106
114
1
112
86
2
4
6
8
10
2
8
2
2
4
7
5
201
3
199
198
204
1
11
9
10
1
1
1
5
3
4
19
8
1
7
1
3
1
6
1
2
3
5
11
2
9
10
9
2
7
1
2
4
1
2
1
7
1
2
6
1
2
1
1
1
