68
202
136
135
67
66
65
113
134
201
179
64
63
62
61
60
133
132
59
58
23
131
67
68
57
158
56
55
112
54
53
90
91
92
45
46
47
48
178
91
295
49
69
52
51
50
51
24
90
200
111
130
50
25
26
49
45
44
43
22
1
21
129
110
20
89
93
94
42
537
48
2
70
71
109
108
19
95
18
96
17
128
72
16
41
3
52
15
97
14
98
127
73
13
74
12
88
99
156
126
87
11
125
155
154
100
75
76
153
107
77
10
9
78
86
40
79
198
176
175
174
53
197
196
8
195
4
27
39
173
85
28
80
101
84
102
83
106
54
82
29
124
30
81
31
32
55
103
5
6
33
7
8
34
9
10
35
36
104
170
192
81
80
56
169
82
83
57
168
11
167
166
84
165
58
104
105
103
79
12
37
78
77
59
123
13
149
7
60
85
106
148
186
86
100
38
107
147
6
108
39
61
14
38
183
122
15
146
37
145
99
36
35
16
76
109
144
75
110
5
74
143
34
17
4
18
142
141
121
40
33
87
62
120
32
19
161
31
88
98
119
111
30
29
160
89
159
97
96
112
41
42
63
28
27
95
118
117
3
116
2
115
26
47
140
20
73
25
64
1
21
65
94
66
139
72
22
24
23
71
138
43
46
44
70
93
267
1272
1589
146
45
488
500
178
1584
1269
830
848
58
249
806
131
130
154
153
109
847
151
108
107
106
148
129
55
54
424
52
186
168
187
188
47
693
29
50
45
64
137
63
447
182
829
132
453
183
455
184
206
62
87
139
828
61
60
59
827
25
26
48
57
71
49
604
27
110
56
162
163
140
152
826
141
142
143
805
164
165
166
115
457
150
149
458
185
147
167
128
144
146
825
53
51
50
145
273
127
49
145
274
48
16
189
146
144
147
46
99
58
59
105
44
467
74
106
73
258
107
108
29
43
261
84
63
28
64
114
44
27
127
193
109
839
85
194
195
71
196
288
815
70
1
198
2
14
128
69
15
200
86
158
289
18
521
67
24
19
111
46
66
20
21
290
112
159
129
131
111
263
132
90
65
114
89
203
133
70
92
93
3
271
205
430
41
435
40
116
126
148
39
38
15
436
86
143
37
142
125
169
72
95
14
96
73
30
824
439
105
51
31
823
440
170
441
13
171
460
104
442
172
227
74
141
103
173
36
149
873
117
124
52
872
123
75
228
150
821
140
151
85
152
174
460
102
443
101
444
118
419
53
445
76
175
418
372
176
100
461
35
119
32
33
417
84
153
83
154
34
34
120
446
121
33
684
369
122
122
447
139
462
177
12
54
368
11
451
82
55
138
77
35
32
10
9
36
81
78
802
37
79
842
80
97
31
8
841
190
463
56
464
121
57
465
123
120
38
39
178
870
124
125
126
191
119
79
155
7
78
118
869
80
466
117
116
6
5
115
98
77
99
40
1087
230
76
232
100
81
101
4
233
1762
3
285
2
868
41
102
8
103
75
1
286
42
82
83
156
9
287
104
98
10
43
60
381
61
157
97
96
867
95
30
260
801
62
234
11
1179
65
72
192
45
12
94
93
92
110
449
66
91
217
137
13
218
197
219
199
26
865
16
90
17
25
68
67
87
68
69
864
88
112
23
113
798
583
22
113
23
130
136
135
201
89
22
264
91
202
134
179
204
240
468
222
241
180
448
24
21
134
223
181
133
88
449
135
42
136
469
658
768
677
676
759
675
1442
838
628
797
47
470
808
4
851
5
20
19
160
138
94
6
272
454
18
17
7
456
161
595
35
146
121
56
55
34
33
8
32
372
257
258
31
350
7
119
118
373
281
145
351
144
528
103
11
550
282
36
551
57
104
261
530
353
105
531
532
262
533
552
505
483
58
484
506
30
285
377
59
60
61
12
37
355
534
13
440
553
62
63
554
441
287
64
288
14
289
379
290
356
419
130
555
15
508
131
141
485
140
358
307
139
97
558
421
380
95
78
77
442
76
70
444
2
381
40
41
382
42
43
560
537
134
509
135
17
487
563
359
488
86
510
265
292
489
50
108
49
109
75
266
490
219
220
511
540
303
124
125
214
215
101
415
126
460
304
348
127
57
146
35
438
393
12
349
370
11
439
147
148
10
9
371
394
168
120
325
259
117
102
352
6
260
235
149
601
116
81
374
375
395
115
216
150
283
376
79
151
284
152
100
354
153
507
143
236
286
142
326
82
128
327
328
106
114
305
378
113
112
329
99
129
154
155
107
263
98
237
5
29
461
330
83
65
306
4
331
420
3
556
557
54
156
66
332
462
463
132
38
96
67
464
333
53
291
559
68
69
84
443
52
94
39
93
422
51
1
169
396
133
170
16
561
562
136
85
538
465
92
397
171
172
173
91
445
87
238
398
361
399
334
18
90
44
89
221
157
308
46
47
48
159
1
2
3
4
174
512
19
160
175
137
176
110
27
446
89
48
223
239
294
88
87
86
49
240
225
90
515
112
177
295
269
335
383
85
310
113
74
114
73
178
336
270
111
542
179
137
92
271
517
312
93
272
297
116
273
274
71
468
497
518
118
519
564
70
94
314
139
275
400
182
368
69
183
276
120
226
241
68
25
298
26
23
22
27
184
227
67
315
21
96
401
228
82
402
141
522
20
162
30
403
185
369
186
316
187
404
388
31
473
188
32
501
33
53
19
72
229
589
340
661
248
249
73
132
65
63
503
406
452
474
425
131
81
524
130
475
476
477
478
250
426
345
408
590
108
479
410
14
107
480
106
481
163
428
456
190
318
390
54
458
75
46
76
98
412
431
482
254
301
55
319
320
278
61
60
129
279
45
121
1043
43
391
392
434
321
1111
59
127
41
436
77
347
40
39
80
13
126
125
234
213
124
977
280
123
122
5
650
491
45
492
493
138
158
88
28
541
267
293
607
1088
191
222
362
111
631
363
26
494
224
364
192
999
513
514
495
161
309
50
20
51
193
52
466
467
447
91
21
448
25
115
194
311
24
337
296
22
365
195
196
138
197
72
84
83
313
180
117
338
198
366
119
110
367
199
181
469
498
384
23
24
71
109
140
520
200
201
136
135
95
521
202
134
28
29
565
385
386
387
203
97
6
7
472
339
8
9
299
449
424
142
242
204
143
243
405
450
205
244
245
246
66
10
133
247
451
206
341
18
230
231
64
17
16
342
343
344
407
47
453
207
567
189
15
454
544
317
232
251
208
252
74
409
455
300
427
525
253
346
62
591
592
457
411
209
459
429
233
99
430
546
100
547
568
548
433
413
164
549
165
166
614
44
167
128
526
593
569
122
210
211
570
42
571
414
435
594
212
105
123
58
144
437
572
104
615
103
302
638
322
255
102
38
256
37
36
323
324
616
145
78
56
101
79
34
80
98
81
282
550
376
2199
510
440
465
548
531
394
415
125
126
733
347
10
346
12
345
375
97
35
122
121
374
464
373
413
372
189
344
146
371
167
412
145
411
15
370
391
148
439
41
369
507
33
530
389
144
143
6
149
17
368
142
343
130
131
463
4
462
18
461
141
77
280
85
342
19
367
366
1
140
459
365
139
76
96
364
387
363
43
75
134
207
529
20
362
137
95
483
166
528
259
139
21
22
74
546
73
119
137
188
527
526
738
140
361
44
45
152
545
206
187
360
136
135
831
28
341
204
118
525
117
524
27
88
544
89
257
340
72
71
543
92
186
70
23
478
203
542
69
501
185
339
477
165
24
26
438
338
164
163
162
184
500
183
25
182
202
181
26
1
68
814
201
523
24
785
499
541
67
21
248
786
66
452
451
19
180
17
540
539
294
47
276
46
538
179
160
88
537
86
498
335
134
815
133
178
474
450
817
200
437
275
42
319
379
40
449
436
318
159
448
245
274
435
199
177
198
156
115
838
434
334
317
38
114
272
113
316
197
271
112
132
378
447
176
131
432
333
3
270
496
93
121
94
269
95
28
357
315
4
5
96
97
495
6
314
313
268
7
227
356
226
98
143
424
175
494
108
267
108
107
842
332
174
153
224
144
31
122
223
145
266
265
152
106
355
312
492
311
85
84
129
219
310
151
195
513
264
491
490
286
558
173
123
218
100
101
146
172
194
171
241
193
217
124
285
468
13
331
557
37
240
556
330
12
555
103
239
128
467
466
127
104
60
533
59
397
150
284
36
328
444
327
326
58
238
396
104
82
395
81
105
103
102
442
106
148
325
80
349
237
554
124
192
844
553
191
190
377
100
170
552
551
9
8
547
489
7
109
210
82
209
11
488
324
509
323
508
487
59
414
60
532
13
14
208
393
83
322
61
84
672
62
321
392
38
533
39
79
56
40
55
308
127
390
34
307
78
850
32
128
16
579
235
150
851
388
234
129
63
410
5
64
65
801
460
233
151
110
3
486
2
132
66
232
262
67
133
458
485
42
261
279
68
484
457
854
135
386
136
111
260
306
305
304
138
94
31
303
138
302
456
120
301
455
30
93
482
29
258
112
92
91
481
506
54
231
320
505
69
113
114
300
115
504
86
53
299
503
52
205
141
298
142
87
51
153
385
384
154
502
480
155
230
479
90
256
91
116
383
811
297
409
46
255
70
117
296
156
254
476
253
359
118
252
278
157
277
475
251
50
250
49
48
25
158
358
295
23
159
382
381
454
249
337
119
22
858
522
160
521
453
408
20
336
18
161
16
15
380
90
407
406
89
87
116
592
65
45
293
44
71
704
520
247
161
120
43
519
405
518
41
47
246
517
292
158
291
157
273
881
48
39
49
50
433
244
229
51
52
72
53
162
163
54
73
196
516
497
2
27
290
431
111
430
429
860
404
428
289
515
473
64
164
165
819
155
427
426
747
228
110
425
109
154
63
472
471
225
62
29
166
167
470
130
61
30
469
74
168
403
288
99
75
222
243
76
402
8
401
77
221
287
493
514
220
242
423
309
400
83
399
398
1068
354
353
446
422
14
445
263
421
536
535
420
78
731
419
512
147
216
215
79
352
351
102
55
534
329
56
11
105
32
418
350
10
149
532
33
34
35
36
443
214
126
125
107
80
147
348
123
57
101
213
441
37
212
236
732
511
417
9
416
168
1805
583
1069
283
549
169
281
211
99
57
58
2222
1914
2223
1078
2228
675
110
19
18
101
17
784
180
30
139
705
98
34
76
77
78
55
56
99
57
14
33
100
101
102
78
13
12
11
10
216
9
8
187
164
103
213
7
126
6
5
32
58
31
59
30
79
29
186
80
9
125
162
10
11
81
12
124
82
28
13
120
83
27
121
60
122
123
145
84
104
14
61
15
16
62
123
122
105
124
125
185
126
63
121
64
65
120
17
161
85
160
106
127
66
18
25
19
67
128
24
20
129
130
21
107
108
4
109
110
131
111
3
119
2
22
118
23
112
113
114
24
25
132
26
1
117
115
133
68
27
86
28
87
116
32
69
116
33
70
117
34
118
159
35
36
71
50
119
134
135
142
136
23
72
73
88
208
22
74
37
89
137
1
141
115
114
38
90
91
39
2
40
3
113
4
41
42
5
43
44
92
45
93
46
94
95
21
47
48
49
112
50
111
51
138
139
29
20
140
109
16
15
205
52
179
108
53
100
141
96
97
77
6
31
7
142
8
683
38
806
1229
49
115
86
63
112
25
85
24
61
23
44
22
21
84
20
19
60
59
18
17
16
15
58
51
41
107
40
14
13
12
11
10
8
104
78
7
1
24
265
103
52
37
102
55
77
53
54
55
56
54
25
2
57
3
6
4
58
59
26
36
27
28
5
29
30
6
35
34
53
52
33
31
32
60
32
7
8
61
33
62
34
63
35
9
10
31
36
11
12
13
76
14
37
38
15
5
16
30
17
39
64
40
18
29
75
101
51
28
100
41
19
20
42
4
43
44
21
22
45
46
47
48
91
3
48
49
50
2
1
90
26
9
24
66
3
20
4
19
18
17
65
16
15
14
13
12
11
10
9
8
26
7
6
5
51
5
64
6
27
4
52
53
54
55
7
28
29
56
57
8
9
3
2
58
59
60
10
1
11
61
30
12
13
62
31
32
33
34
63
35
14
15
36
37
63
64
65
66
67
16
17
38
39
18
19
40
1
20
21
41
22
42
43
44
59
45
68
69
70
38
46
47
23
25
2
48
49
50
21
121
1
71
72
73
91
74
75
76
77
78
79
80
81
82
83
84
12
85
92
86
87
88
134
93
135
94
136
95
96
97
98
99
155
156
100
101
102
103
104
105
106
157
107
108
89
158
109
110
111
90
112
159
113
23
68
27
49
22
21
20
19
18
17
16
15
14
13
1
2
12
11
10
32
9
54
8
7
3
55
4
5
6
35
7
8
9
10
11
12
36
13
37
14
15
16
17
18
19
20
21
22
6
5
4
38
39
62
41
3
2
63
64
89
45
132
64
63
110
62
61
60
44
45
59
43
42
88
41
46
87
58
47
48
40
39
57
38
49
131
37
36
86
35
50
34
33
32
56
31
30
29
28
27
68
22
1
85
2
23
24
25
55
108
130
26
129
84
21
27
51
128
52
28
29
83
82
127
53
126
30
31
125
32
3
4
33
80
124
34
35
5
104
103
6
123
102
54
7
55
8
56
36
20
19
9
101
100
10
119
11
77
12
13
14
15
74
16
17
18
37
118
48
38
18
57
97
17
58
59
60
39
96
16
15
61
95
14
13
12
19
20
40
41
47
42
73
43
11
26
62
25
72
69
115
63
94
114
10
9
113
93
8
44
21
64
71
22
7
70
69
92
6
46
5
4
3
91
2
1
24
65
