1
18
57
58
1
55
56
1
53
54
1
51
52
1
50
60
79
58
59
1
53
21
1
51
52
1
49
50
1
47
48
1
45
46
1
43
44
436
375
42
1
60
61
1
58
59
1
56
57
1
54
55
1
52
53
1
50
51
1
48
49
1
46
47
79
133
45
1
53
54
1
51
52
1
49
50
1
47
48
1
45
46
3206
43
44
1
58
3163
1
56
57
1
54
55
1
52
53
1
50
51
1
48
49
81
46
47
1
70
35
1
68
69
1
66
67
1
64
65
1
62
63
1
60
61
1
58
59
1
56
57
1
54
55
687
52
53
1
67
635
1
65
66
1
63
64
1
61
62
1
59
60
1
57
58
1
55
56
1
53
54
1
51
52
1
49
50
269
47
48
1
74
316
1
72
73
1
70
71
1
68
69
1
66
67
1
64
65
1
62
63
1
60
61
1
58
59
1
56
57
1
54
55
1388
52
53
1
57
1336
1
55
56
1
53
54
1
51
52
1
49
50
1
47
48
1
45
46
1
43
44
1
41
42
80
124
40
1
43
44
1
41
42
1
39
40
1
37
38
1
35
36
1
33
34
865
921
32
1
55
56
1
53
54
1
51
52
1
49
50
1
47
48
1
45
46
1
43
44
1
41
42
181
116
40
1
64
65
1
62
63
1
60
61
1
58
59
1
56
57
1
54
55
1
52
53
1
50
51
1
48
49
366
46
47
1
85
412
1
83
84
1
81
82
1
79
80
1
77
78
1
75
76
1
73
74
1
71
72
1
69
70
1
67
68
1
65
66
1
63
64
1
61
62
1
59
60
1
57
58
1
55
56
97
53
54
1
43
44
1
41
42
1
39
40
1
37
38
862
937
36
1
74
75
1
72
73
1
70
71
1
68
69
1
66
67
1
64
65
1
62
63
1
60
61
1
58
59
1
56
57
1
54
55
1
52
53
8539
50
51
3
77
8589
2
73
74
2
70
71
2
67
68
2
64
65
1
61
62
1
59
60
1
57
58
1
55
56
1
53
54
1
51
52
1
49
50
1
47
48
1
45
46
1
43
44
1
41
42
2430
2477
40
1
46
47
1
44
45
1
42
43
40
41
2
39
80
81
26
29
1
79
3730
78
3661
1
69
19
1
18
1
69
16
17
27
1
25
26
1
24
34
1
32
33
49
1
47
48
1
46
53
1
52
57
77
76
56
1
1
46
1
44
45
63
1
61
62
1
73
74
7
60
1
74
6
1
73
74
1303
73
1259
1
44
45
1
44
45
1
44
45
1
44
45
1
44
1
43
44
1
43
44
1
43
44
8776
43
44
8822
1
46
47
1
46
47
1
46
47
1
46
47
506
46
552
1
46
47
1
46
47
1
46
47
1
46
47
1
46
47
1
46
47
1
46
47
267
46
223
1
44
45
1
44
45
1
44
45
1
44
45
1
44
45
1
44
45
1
44
45
74
44
45
1
29
44
1
43
44
1
43
44
1
43
44
1
43
44
1
43
44
62
1
61
1
43
44
46
60
1
45
340
43
414
407
44
1
67
1
74
75
58
66
1
57
1
74
75
33
56
1
32
1
74
75
18
31
1
17
1
74
75
12
16
1
11
1
74
75
6
10
1
5
92
74
141
120
4
1
28
1
49
50
26
27
2531
50
25
1
2581
65
1
64
65
39
1
38
1
36
37
1
64
65
35
43
154
41
42
1
77
113
18
1
17
1
76
16
24
1
77
23
1
76
36
1
77
35
1
76
60
1
76
77
59
69
93
68
1
34
161
1
33
46
1
34
45
1
33
34
66
1
34
65
1128
33
1077
1
51
52
1
51
52
2
51
52
3
50
51
2
48
4
1
6
4
1
5
4
164
5
3
2
167
4
2
6
5
2
7
6
2
8
7
2
9
7
2
9
7
2
9
7
1
9
7
1
8
6
1
7
5
1
6
4
700
5
705
2
5
4
2
6
5
1
7
6
1
7
6
1
7
5
87
6
4
2
83
4
1
6
5
1
6
5
1
6
5
108
6
4
2
104
4
2
6
5
2
7
6
2
8
7
2
9
7
2
9
7
2
9
7
1
9
7
1
8
6
1
7
5
610
6
4
2
606
3
1
5
4
1
5
4
69
5
3
2
72
5
1
14
7
1
15
6
23
1
22
1
7
2
21
170
23
1
3
193
36
2
26
33
34
2
24
3
16
22
23
3
31
13
3
34
5
2
15
26
8
1
28
1
15
29
1
16
14
33
1
12
34
13
1
15
26
34
1
25
26
1
25
26
1
25
26
1
25
26
962
25
26
1
988
20
1
19
20
1
19
20
1
19
20
1
19
20
1
19
20
1
19
20
1
19
20
1
19
20
263
19
20
1
283
22
1
21
22
1
17
21
22
1
16
1
15
21
22
1
21
22
1
21
22
1
21
22
71
21
103
1
32
33
1
32
33
1
32
33
1
32
33
20
1
32
33
19
1
32
10
2010
33
9
1
1977
15
16
1
22
23
6
14
1
5
1
22
11
4
1
23
12
1
22
22
513
29
40
23
1
8
9
553
1
8
40
1
8
30
41
1
8
9
29
54
8
9
20
1
45
65
1
59
60
64
1
59
60
54
55
1
60
52
53
1570
60
1584
51
1
15
14
31
1
15
29
30
1
14
46
1
14
45
53
1
15
52
24
501
15
25
1
516
28
40
1
27
25
115
27
28
26
1
143
36
3
1
35
13
1
35
36
12
16
1
15
1
35
36
14
1
35
22
1
35
36
21
1
35
36
27
1
36
26
1
12
35
36
366
11
36
1
330
13
1
12
13
1
12
13
1
12
13
1
12
13
1
12
13
1
12
13
1
5
12
13
186
4
13
1
199
12
1
11
12
1
11
12
1
11
12
1
11
12
1
11
12
1
11
12
1
11
12
1
11
12
2534
11
12
1
18
2546
19
1
18
19
1
18
19
1
18
19
1
18
19
1
18
19
1
18
19
1
18
19
94
18
19
1
113
19
1
18
19
18
19
1
24
6
11
1
7
6
1
7
6
1
7
6
1
7
6
1
7
6
1464
7
1470
1
6
5
1
6
5
1
6
5
1
6
5
268
282
6
5
1
14
6
1
8
7
6
1
9
6
2
7
6
3
11
8
65
8
10
9
2
98
25
74
9
1
23
11
10
1
11
10
1
11
10
3
11
10
2
67
13
2
65
14
13
2
29
15
14
2
16
15
805
17
814
1
37
9
1
36
9
8
2
9
8
2
10
9
2
11
10
2
12
11
2
13
12
2
14
13
74
15
68
1
6
5
1
6
5
2
6
5
2
7
6
2
8
7
434
9
441
1
7
6
2
7
6
2
8
7
2
9
8
2
10
9
2
11
10
69
12
61
1
8
7
2
8
7
2
9
8
2
10
9
2
11
10
2
12
11
3979
13
12
1
50
3991
4
1
49
5
4
1
5
4
91
5
4
1
87
6
1
7
6
1
52
7
6
1
7
6
1
7
6
779
7
6
1
773
12
1
68
50
13
12
1
49
12
1
13
12
1
13
12
1
28
13
12
1
27
1
26
13
12
1
13
12
1
15
13
12
2
14
12
81
14
13
1
5
94
17
1
6
1
7
18
17
2
12
18
17
3
14
2
17
21
20
2
28
22
21
2
30
359
32
24
367
2
8
7
2
9
8
2
10
9
2
11
10
2
12
11
2
13
12
174
14
13
1
161
11
1
12
11
2
12
11
2
13
12
14
13
1
15
18
35
1
17
18
1
17
18
1
17
18
1
17
18
1
17
18
1
17
18
1
17
18
1
17
18
1
17
18
1
57
17
1
56
18
1
17
18
1
17
18
184
17
194
1
10
11
1
10
11
1
10
11
1
61
10
1
60
11
1
10
11
1
10
11
1
10
11
1
25
10
78
26
10
73
1
5
6
1
5
6
1
5
6
1
23
5
493
24
5
6
1
487
14
1
13
14
1
13
14
1
13
14
1
6
13
14
1
13
14
1
13
14
1
13
14
1
13
14
1
13
14
27
1
11
13
1
12
13
14
1
13
14
187
13
14
1
173
9
1
8
9
1
8
9
1
8
9
1
8
9
1
8
9
1
8
9
1
8
9
78
8
89
1
11
12
1
11
12
1
11
12
1
11
12
1
11
12
1
11
12
1
11
12
1
11
12
1
11
12
1
11
12
3056
11
3049
1
7
8
1
7
8
1
7
8
1
7
8
1
7
8
1
7
8
80
7
8
1
88
7
1
6
7
1
6
7
1
6
7
1
6
7
1
59
6
7
813
60
7
1
820
10
1
9
10
1
48
9
10
1
47
1
46
9
10
1
9
10
1
9
10
1
9
10
1
9
10
338
9
10
1
328
16
1
15
16
1
15
16
1
15
16
1
15
16
1
15
16
1
15
16
1
4
15
16
1
3
16
1
15
16
2673
15
2692
19
20
1
7
8
3
4
12
1
7
8
3
4
68
7
8
3
88
1
60
26
20
21
29
1
20
21
30
1
25
26
20
31
8
9
10
1
8
9
1
26
20
13
12
11
7
8
9
1
40
13
12
26
41
191
192
14
12
1
10
3
2
1
11
10
9
2
1
152
18
17
12
11
10
1
29
19
18
1
30
131
19
124
1
11
56
55
139
31
132
1
56
140
1
10
61
149
57
141
112
11
69
155
62
150
256
35
43
43
23
24
35
36
50
51
58
215
214
40
41
48
49
22
23
38
39
6
7
18
19
2
1
7
8
6
5
4
5
15
1
11
12
19
27
28
32
33
36
37
38
44
43
42
41
40
231
38
36
35
34
24
54
26
25
23
24
23
19
18
17
20
19
18
14
13
12
56
16
15
14
1
1
1
59
1
2
268
14
15
209
60
4
2
1330
266
1317
13
14
50
1
13
9
1280
1
14
1344
6
10
1279
1
13
14
5
6
1
13
14
5
6
1
13
14
5
6
1
13
14
5
6
8778
13
5
6
8785
1
8765
14
7
8
1
13
14
15
7
1
14
15
6
7
1
14
15
6
7
1
14
15
6
7
1
14
15
6
7
495
14
15
6
7
1
480
21
488
12
1
20
21
11
12
1
20
21
11
12
1
20
21
11
12
1
20
21
11
12
1
20
21
11
12
1
20
21
11
12
1
20
21
11
12
1
20
21
11
12
276
20
21
11
258
1
297
27
18
19
1
26
27
18
19
1
26
27
18
19
1
26
27
18
19
1
26
27
18
19
1
26
27
18
19
1
26
27
18
19
1
26
27
18
19
75
26
27
18
92
1
48
26
17
18
1
25
26
17
18
1
25
26
17
18
1
25
26
17
18
58
59
1
57
58
1
25
26
17
18
43
56
57
1
17
41
42
360
26
17
18
403
404
40
41
1
43
44
37
19
20
34
35
36
42
43
1
33
34
35
55
19
14
62
32
34
1
90
65
6
5
83
7
1
64
7
89
16
15
14
63
8
90
26
25
24
17
16
1
35
34
27
26
25
1
43
36
35
160
161
44
46
37
13
12
11
5
4
23
22
21
14
13
37
36
25
24
23
50
49
39
38
35
36
51
42
41
65
66
19
18
62
63
2625
2624
21
59
58
54
53
55
44
43
42
35
29
28
27
18
17
20
19
117
118
11
17
16
14
13
12
15
14
13
8
7
10
9
8
6
7
8
5
6
7
29
30
31
1
28
29
30
38
22
29
37
39
41
112
92
23
36
38
40
74
53
1
38
165
1
20
21
135
10
37
164
57
58
1
56
57
1
20
21
9
10
55
56
66
67
1
65
66
1
20
21
9
10
64
65
1123
20
21
9
1104
1
1144
30
19
21
1
29
30
20
21
1
29
30
20
21
1
29
30
20
21
1
29
30
20
21
1
29
30
20
21
1
29
30
20
21
1
29
30
20
21
1
29
30
20
21
173
29
203
20
190
1
30
31
17
19
1
30
31
18
19
1
30
31
18
20
1
30
31
19
21
1
30
31
20
21
1
30
31
20
21
1
30
31
20
21
1
30
31
20
21
1
30
31
20
21
697
30
676
20
683
1
21
22
14
15
1
21
22
14
15
1
21
22
14
15
1
21
22
14
15
1
21
22
14
15
1
21
22
14
15
78
21
22
14
66
1
100
18
12
13
1
17
18
12
13
1
17
18
12
13
1
17
18
12
13
1
17
18
12
13
111
17
18
12
95
1
129
32
16
18
1
31
32
17
19
1
31
32
18
20
1
31
32
19
21
1
31
32
20
22
1
31
32
21
22
1
31
32
21
22
1
31
32
21
22
1
31
32
21
22
592
31
585
21
22
1
7
8
614
6
1
7
8
5
1
7
8
1
7
8
86
7
8
1
78
7
55
54
1
56
55
1
7
56
16
15
14
1
16
15
1
64
37
36
35
17
16
15
1
37
36
166
167
59
38
37
36
1
94
101
7
93
13
8
7
1
50
20
19
14
13
1
28
27
21
20
1
28
27
21
37
36
29
28
3
45
44
38
37
2
51
50
46
45
26
27
52
51
1
21
22
244
243
2
5
4
12
13
25
24
18
17
43
42
38
37
54
39
37
29
28
7
8
19
20
23
24
60
59
50
49
46
45
42
41
40
36
35
37
36
32
31
30
57
33
32
24
23
22
59
24
23
16
15
17
16
9
8
7
1
59
58
10
9
1583
60
59
1
16
17
1523
22
1
16
24
23
1
26
25
24
1
16
17
27
1
16
17
1
16
17
8779
16
8792
1
13
1
12
13
1
12
13
14
1
13
14
1
13
14
1
13
14
1
13
14
501
13
14
1
487
18
1
17
18
1
17
18
1
17
18
1
17
18
1
17
18
1
17
18
1
17
18
1
17
18
270
17
252
1
18
19
1
18
19
1
18
19
1
18
19
1
18
19
1
18
19
1
18
19
1
18
19
74
18
19
1
55
25
1
24
25
1
24
25
24
25
33
34
35
1
32
33
34
1
24
25
17
18
33
1
16
17
808
378
379
794
15
16
91
438
1
93
6
7
422
1
90
2
7
6
5
89
3
1
19
8
7
6
21
20
9
29
28
23
22
21
39
38
37
30
29
48
47
40
39
57
56
50
49
64
63
59
58
57
130
68
138
65
64
47
46
35
34
26
59
49
48
36
16
17
62
61
8
9
13
14
15
28
29
45
46
9
9
10
25
26
12
13
40
41
41
40
33
28
27
23
22
20
19
18
16
15
18
17
16
261
221
522
18
464
12
467
6
1
55
528
48
33
2
529
526
34
528
36
35
12
11
14
13
134
133
3
1
25
2
1
129
17
128
16
17
18
1
24
25
15
16
17
35
34
35
36
1
24
25
33
34
35
44
43
44
45
1
24
25
43
44
1
24
25
1114
24
1100
1
14
15
1
14
15
1
14
15
1
14
15
1
14
15
1
14
15
1
14
15
1
14
15
174
14
15
1
159
10
1
9
10
1
9
10
1
9
10
1
9
10
1
9
10
1
9
10
1
9
10
1
9
10
706
9
698
1
8
9
1
8
9
1
8
9
1
8
9
1
8
9
1
8
9
1
8
9
82
8
76
1
6
7
1
6
7
1
6
7
1
6
7
1
6
7
97
6
7
1
104
9
1
8
9
1
8
9
1
8
9
1
8
9
1
8
9
1
8
9
1
8
9
616
8
610
1
6
7
1
6
7
1
6
7
1
6
7
1
6
7
85
6
7
1
78
6
61
60
1
62
61
1
6
63
62
21
5
22
21
20
1
71
70
41
22
21
72
71
42
41
1
19
18
17
114
113
112
1
24
19
18
61
25
24
19
18
62
32
31
30
26
25
24
39
38
37
32
31
7
47
46
40
39
38
8
55
48
47
1
61
60
56
55
16
17
62
61
3
4
15
16
5
6
12
13
15
14
7
6
40
39
33
32
26
59
58
47
46
56
121
47
113
39
26
25
19
18
8
13
3
12
13
62
61
52
51
43
42
41
31
30
3
22
21
12
128
3
71
45
37
36
35
38
37
36
29
28
27
72
71
30
29
21
20
1
23
22
21
1577
4
1570
1631
70
24
22
1
54
1507
1
8
56
55
40
1
7
43
42
41
1
44
43
1
7
8
45
1
7
8
8776
7
8785
1
9
10
1
9
1
8
9
10
1
9
10
1
9
10
1
9
10
1
9
10
1
9
10
505
9
514
1
9
10
1
9
10
1
9
10
1
9
10
1
9
10
1
9
10
1
9
10
1
9
10
269
9
10
1
279
10
1
9
10
1
9
10
1
9
10
1
9
10
1
9
10
1
9
10
1
9
10
1
9
10
80
9
97
1
17
18
1
17
18
1
17
18
1
17
10
11
1
18
9
10
17
7
6
779
1
7
14
13
792
791
6
1
15
14
531
530
23
16
15
14
1
14
13
12
11
496
15
14
29
28
27
16
15
36
35
30
29
28
1
46
45
44
37
36
55
54
47
46
64
63
57
56
55
71
70
66
65
64
76
75
73
72
71
80
79
78
77
76
64
192
54
242
6
253
11
12
80
81
4
5
19
18
17
3
2
40
39
38
18
17
9
8
2
3
11
12
69
320
62
61
313
55
44
43
213
36
35
36
30
29
24
26
25
24
19
18
20
19
15
14
13
16
15
14
12
11
10
13
12
11
10
9
1
420
419
237
26
25
1
27
26
28
27
10
9
8
1
28
10
9
9
10
1
9
10
1
27
28
8
9
19
1
18
19
1
28
17
18
19
1
27
28
1124
27
1190
1
66
65
1
66
9
1
8
9
1
8
9
1
8
9
1
8
9
1
8
9
1
8
9
1
8
9
169
8
9
1
160
9
1
8
9
1
8
9
1
8
9
1
8
9
1
8
9
1
8
9
1
8
9
707
8
699
1
8
9
1
8
9
1
8
9
1
8
9
1
8
9
1
8
9
1
8
9
84
8
9
1
93
7
1
6
7
1
6
7
1
6
7
1
6
7
1
6
7
95
6
7
1
102
8
1
7
8
1
7
8
1
7
8
1
7
8
1
7
8
1
7
8
618
7
611
1
7
8
1
7
8
1
7
8
1
7
8
1
7
8
1
7
8
84
7
8
1
76
6
66
65
1
67
66
1
5
6
68
67
25
5
26
25
24
1
76
75
26
25
77
76
46
45
31
30
29
126
125
274
1
73
36
31
30
74
37
36
43
42
38
37
295
19
51
50
49
44
43
305
20
59
58
57
51
50
67
66
60
59
58
78
77
76
237
236
6
5
3
4
78
36
29
784
21
20
730
28
737
14
81
80
58
56
83
82
71
69
57
49
48
37
36
35
19
18
17
11
10
251
250
7
8
9
70
69
61
60
51
50
49
39
38
9
40
29
28
21
20
19
128
127
10
9
45
44
36
35
1
37
36
35
28
27
78
29
28
1574
80
79
28
1
8
1494
63
62
61
1
64
63
1
8
65
64
50
1
7
52
51
1
53
52
1
7
8
55
54
8778
7
8787
1
9
10
1
9
10
1
9
10
1
9
10
1
9
10
1
9
10
1
9
10
1
9
10
505
9
515
1
10
11
1
10
11
1
10
11
1
10
11
1
10
11
1
10
11
1
10
11
1
10
11
1
10
11
269
10
11
1
280
9
1
8
9
1
8
9
1
8
9
1
8
9
1
8
9
1
8
9
1
8
9
88
8
9
1
79
6
1
5
6
1
5
6
1
5
6
6
5
7
6
5
774
781
762
8
7
6
7
12
11
10
1
20
19
18
13
12
11
1
20
19
30
29
28
21
20
38
37
36
31
30
29
553
552
44
39
38
1
41
40
35
34
474
1
50
42
41
1
60
52
51
43
69
68
61
60
52
76
369
370
70
69
56
55
54
495
50
62
61
57
56
6
7
71
70
69
9
8
4
5
29
28
20
19
11
41
40
31
30
32
31
22
21
20
96
7
4
3
80
76
75
74
69
68
69
62
61
54
55
54
49
48
47
44
43
42
37
36
38
37
36
32
31
194
193
192
21
20
19
21
20
11
10
9
1
11
10
6
5
1
11
6
5
7
6
205
5
222
223
1
39
38
20
19
39
38
20
19
1
344
343
21
20
19
10
11
10
9
1
344
343
12
11
10
1
344
1214
11
1217
1215
1214
1
3
4
75
3
4
1
71
9
1
8
9
1
8
9
1
8
9
1
8
9
1
8
9
1
8
9
1
8
9
169
8
177
1
8
9
1
8
9
1
8
9
1
8
9
1
8
9
1
8
9
1
8
9
707
8
698
1
9
10
1
9
10
1
9
10
1
9
10
1
9
10
1
9
10
1
9
10
1
9
78
86
79
167
1
81
80
1
81
80
1
81
80
1
81
80
1
81
80
1
81
80
94
81
80
1
14
82
1
83
82
1
83
82
1
83
82
1
83
82
1
83
82
618
83
697
1
79
78
1
79
78
1
79
78
1
79
78
1
79
78
1
79
78
1
79
78
82
79
78
1
160
71
70
1
72
71
1
342
341
72
29
1
342
341
247
30
29
191
180
81
30
192
99
19
18
17
12
11
73
28
27
20
19
18
1
74
28
27
40
39
38
29
28
50
49
48
40
39
9
58
57
56
49
65
64
58
57
15
77
71
70
65
2
1
84
510
509
18
17
12
11
38
29
28
18
17
12
11
7
6
54
53
41
40
39
80
79
59
42
41
29
28
38
20
19
11
30
24
23
17
16
16
7
6
85
84
322
323
84
284
74
64
65
64
54
53
52
25
53
43
42
33
22
34
33
205
206
5
54
53
40
39
2
41
40
24
22
1
4
3
23
21
1920
6
5
1999
433
22
384
1
79
1487
1
77
81
80
1486
71
78
74
73
72
1
75
74
73
59
78
76
62
61
60
1
63
62
8780
10
11
64
1
8769
77
1
78
77
1
78
77
1
78
77
1
78
77
1
78
77
1
78
77
1
78
77
506
78
173
1
679
678
1
679
678
1
679
80
1
81
80
1
81
80
1
81
80
1
81
80
1
81
171
1
172
171
1
172
171
271
172
171
1
100
101
1
100
101
1
100
77
1
78
77
1
78
77
1
78
947
1
948
947
1
948
947
85
948
947
1
1032
1031
1
1032
1031
1
1032
1031
776
1032
699
10
1
77
786
9
1
76
17
16
787
10
9
1
18
17
26
25
24
19
18
17
1
35
34
33
26
25
1
35
34
44
43
36
35
52
51
50
45
44
58
57
56
53
52
51
64
63
59
58
70
69
65
64
155
154
76
75
74
66
65
64
61
60
79
78
73
72
71
4
3
81
80
79
28
27
26
19
18
48
39
38
29
51
50
49
38
37
27
26
17
16
7
6
79
78
67
66
61
60
143
69
68
101
61
62
61
105
106
54
54
53
52
46
45
47
46
45
38
37
39
38
37
30
29
31
30
29
20
19
1
21
20
19
15
14
1
20
15
14
16
15
115
114
12
1
24
78
15
14
1
77
304
15
323
1
78
16
322
323
4
5
4
333
1
78
77
6
5
332
870
78
950
1
80
79
1
80
79
1
80
79
80
80
79
1
159
158
1
159
80
1
81
80
1
81
80
1
81
80
1
81
3
1
2
3
169
2
3
1
166
165
1
166
165
1
166
165
1
166
165
1
166
165
1
166
165
1
166
165
706
166
165
1
541
79
1
80
79
1
80
79
1
80
79
1
80
79
1
80
79
1
80
79
87
80
79
88
8
80
1
8
9
1
8
9
1
8
9
1
8
9
1
8
9
1
8
9
1
8
9
96
8
9
1
105
6
1
5
6
1
5
6
1
5
6
1
5
6
614
5
605
1
9
10
1
9
10
1
9
10
1
9
10
1
9
10
1
9
10
1
9
10
1
9
10
181
9
165
90
1
16
271
24
1
270
23
1
16
17
22
82
16
94
7
12
75
69
70
71
62
63
64
69
70
23
7
62
63
6
53
54
55
63
74
42
43
44
53
54
72
32
33
34
42
43
68
24
25
26
32
33
66
18
19
24
25
4
5
450
451
16
40
78
79
4
29
52
53
62
63
37
46
54
15
3
4
24
26
39
24
89
42
104
36
53
139
59
148
70
71
78
79
37
60
61
69
70
70
79
80
5
6
38
5
6
14
15
16
41
23
24
29
86
85
67
68
10
11
17
18
65
66
17
18
24
25
26
70
71
24
25
39
68
74
75
37
38
39
54
55
1
72
73
77
54
55
1916
71
75
76
1
168
1991
1992
3
2
1
1
4
3
1
90
5
4
3
4
1
2
3
89
100
1
2
16
18
11
30
31
73
1
29
30
74
8692
18
19
28
1
8673
13
1
12
13
1
12
13
1
12
13
1
12
13
1
12
13
1
12
13
95
12
87
1
8
9
1
8
9
599
8
9
1
590
589
1
590
589
1
590
589
1
590
10
90
9
77
1
13
14
1
13
14
1
13
14
1
13
14
1
13
14
177
13
14
1
191
855
1
856
855
869
856
855
1
14
15
1
14
15
1
14
15
1
14
15
1
14
15
1
14
15
1731
14
15
1
1716
89
68
69
70
1
68
69
1
60
61
62
67
68
166
1
60
61
53
54
59
60
155
43
44
45
52
53
146
35
36
37
43
44
28
29
34
35
36
22
23
27
28
15
16
17
21
22
10
11
14
15
16
155
5
150
9
10
16
17
18
24
25
9
8
7
4
5
60
61
69
70
43
44
50
51
35
36
45
66
67
43
53
54
63
63
9
8
3
3
4
9
10
11
15
16
19
259
260
11
15
16
21
20
21
28
29
27
28
29
36
37
35
36
37
44
45
46
44
45
54
55
56
54
55
45
44
61
1
47
152
53
151
152
52
53
54
1
51
52
53
61
62
63
1
61
62
60
61
62
71
72
73
74
1
9
71
72
73
1
8
9
72
872
8
863
1
9
10
1
9
10
1
9
10
1
9
10
1
9
10
79
9
10
1
69
68
1
69
68
1
69
68
84
69
95
1
11
12
1
11
12
1
11
12
1
11
12
1
11
12
1
11
12
1
11
12
1
11
12
1
11
12
1
11
12
620
11
12
1
632
8
1
7
8
1
7
8
1
7
8
1
7
8
1
7
8
1
7
8
88
7
79
1
9
10
1
9
10
1
9
10
1
9
10
1
9
10
1
9
10
1
9
10
1
9
176
99
177
176
1
77
76
1
77
76
1
77
76
1
77
76
610
77
601
1
9
10
1
9
10
1
9
10
1
9
10
1
9
10
1
9
10
1
9
10
1
9
10
174
9
10
1
184
13
8
12
7
8
9
1
6
7
8
1
12
13
9
7
12
10
9
8
11
10
9
42
43
44
1
18
42
43
19
18
129
32
42
66
46
47
54
43
42
65
35
36
37
46
49
60
26
35
36
37
14
15
460
461
17
30
10
12
14
15
21
5
5
6
11
69
70
6
5
55
3
2
4
5
18
80
83
84
85
52
53
62
63
3
3
39
45
46
1
7
30
31
41
14
19
53
61
62
16
20
21
9
8
10
42
43
14
15
57
58
25
26
55
63
116
30
31
49
104
42
43
15
16
17
29
40
53
55
29
30
45
54
62
30
46
47
1815
60
61
1760
66
47
1
55
1881
53
54
1880
61
62
1
59
60
61
15
1
58
17
16
1
19
18
17
6
5
1
7
6
1
9
8
7
11
12
1
10
11
1
22
8
9
10
8686
21
81
1
8605
8604
1
8605
8604
1
8605
5
1
4
5
1
4
5
1
4
89
99
90
89
1
10
11
1
10
11
1
10
11
1
10
11
1
10
11
1
10
11
600
10
11
86
589
72
1
14
15
1
14
15
1
14
15
1
14
15
1
14
15
1
14
15
1046
14
15
1
1061
10
1
9
10
1
9
10
1
9
10
1
9
10
1
9
10
1
9
10
1
9
10
1
9
10
1805
9
10
1
1795
11
19
79
10
78
79
80
68
69
70
77
78
79
1
59
67
68
69
58
59
60
68
49
50
51
57
58
59
41
42
43
48
49
50
34
35
40
41
42
28
29
33
34
35
18
23
24
27
28
236
235
16
17
8
9
15
16
17
63
17
16
4
44
45
52
53
28
29
34
35
54
55
61
62
67
68
71
72
13
12
6
5
7
8
9
16
18
26
27
34
35
34
35
37
38
37
38
39
40
21
29
30
38
1
29
37
38
48
37
38
47
48
49
47
48
49
51
50
36
37
38
42
43
44
1
42
43
51
52
42
43
51
52
1
50
51
52
62
63
51
52
62
63
1
8
9
61
62
63
1
8
9
62
871
8
861
1
10
11
1
10
11
1
10
11
1
10
11
1
10
11
1
10
11
1
10
11
1
10
11
1
10
11
164
10
176
1
12
13
1
12
13
1
12
13
1
12
13
1
12
13
1
12
13
1
12
13
1
12
13
1
12
13
1
12
13
1
12
13
624
12
13
1
637
638
1
637
19
1
18
19
1
18
19
1
18
19
1
18
19
86
18
68
1
18
19
1
18
19
1
18
19
1
18
19
1
18
19
1
18
19
1
18
19
185
18
179
1
6
7
1
6
7
1
6
7
1
6
7
1
6
7
524
6
7
1
531
18
1
17
18
1
17
18
1
17
18
1
17
18
1
17
18
1
17
18
1
17
18
1
17
18
171
17
18
1
189
10
3
1
9
4
3
1
5
4
1
9
10
20
19
5
4
1
21
20
1
10
27
22
21
31
32
29
28
31
33
1
21
22
31
32
33
44
21
22
32
14
15
16
21
22
148
32
33
34
126
40
60
61
24
25
32
33
55
12
13
14
24
25
50
4
5
13
14
42
5
6
17
18
23
4
3
2
7
8
10
2
25
24
8
7
20
37
38
29
55
56
21
20
51
550
11
6
8
28
27
21
17
17
7
6
18
33
34
6
62
13
14
23
20
41
11
31
32
41
42
61
29
47
61
62
53
54
66
71
72
64
65
73
74
75
1
1783
1784
26
27
28
1
25
26
32
1
24
30
31
28
29
30
36
37
38
1
35
36
37
41
40
39
1
42
41
43
42
41
31
30
29
1
32
31
30
1
33
31
13
12
11
1
14
13
60
9
63
16
15
14
1
3
4
1
3
4
8610
3
4
1
8606
9
1
8
9
93
8
84
1
9
10
1
9
10
1
9
10
1
9
10
1
9
10
1
9
10
1
9
10
1
9
10
517
9
10
1
507
8
1
7
8
1
7
8
1
7
8
1
7
8
1
7
8
1
7
8
1051
7
8
1
1059
10
1
9
10
1
9
10
1
9
10
1
9
10
1
9
10
1
9
10
1
9
10
1
9
10
1806
9
10
1
1796
9
70
8
9
69
70
71
1
59
60
69
70
59
60
69
70
50
51
52
58
59
60
41
42
43
49
50
51
33
34
35
40
41
42
26
27
28
32
33
34
20
407
408
26
27
30
31
39
40
9
4
5
16
55
40
28
27
19
20
32
33
22
23
24
32
33
44
35
34
24
23
13
12
4
3
4
3
6
7
15
14
15
16
181
105
12
13
23
24
23
24
30
31
32
31
32
38
39
38
39
46
47
48
46
47
48
56
57
58
509
56
57
482
64
65
477
1
27
32
33
31
32
33
40
41
42
1
40
41
42
52
53
41
42
52
53
1
8
51
52
53
1
7
8
52
53
1
7
8
869
7
8
1
877
10
1
9
10
1
9
10
1
9
10
1
9
10
1
9
10
1
9
10
1
9
10
1
9
10
166
9
180
1
14
15
1
14
15
1
14
15
1
14
15
1
14
15
1
14
15
1
14
15
1
14
15
1
14
15
1
14
15
1
14
15
1
14
15
1
14
15
618
14
15
1
633
83
1
82
83
1
82
83
1
82
83
86
82
83
1
169
8
1
7
8
1
7
8
1
7
8
1
7
8
1
7
8
1
7
8
197
7
184
1
13
14
1
13
14
1
13
14
1
13
14
1
13
14
1
13
14
513
13
14
1
527
10
1
9
10
1
9
10
1
9
10
1
9
10
1
9
10
1
9
10
1
9
2086
1
2087
2086
179
2087
2086
1
1907
1818
12
1
1819
13
12
1834
1
13
1835
1
1818
29
28
27
1836
1
29
28
1
37
36
35
31
30
29
1
37
36
37
38
38
37
24
25
1
36
14
15
25
26
30
31
14
71
70
25
26
1177
22
23
29
30
1214
38
16
17
23
1234
315
314
1198
9
17
1249
25
26
7
5
6
12
13
25
26
21
22
43
5
27
28
29
31
29
28
12
11
31
32
33
67
20
72
12
13
132
24
38
39
50
51
29
17
18
38
39
9
10
38
37
30
11
19
26
25
18
19
20
20
19
14
13
3
476
475
19
20
21
18
19
28
29
30
27
28
43
44
54
52
53
54
63
115
1
191
13
18
19
1
17
18
16
17
23
24
25
22
23
24
54
53
52
1
55
54
53
42
40
43
42
41
1
44
43
42
25
24
23
1
25
24
54
3
58
27
26
25
1
4
5
1
4
5
1
4
5
8615
4
5
1
8610
2
92
1
82
1
10
11
1
10
11
1
10
11
1
10
11
1
10
11
1
10
11
1
10
11
1
10
11
1
10
11
515
10
11
1
504
14
1
13
14
1
13
14
1
13
14
1
13
14
1
13
14
1
13
14
1049
13
1039
1
10
11
1
10
11
1
10
11
1
10
11
1
10
11
1
10
11
1
10
11
1
10
11
1
10
11
1805
10
11
1
1794
9
1
8
9
62
63
8
62
63
64
52
53
54
62
63
64
44
45
52
53
54
36
44
119
53
345
31
28
43
55
29
30
31
283
282
18
26
306
29
295
6
8
9
18
49
48
41
40
31
24
25
38
18
19
30
31
41
28
27
21
20
21
20
12
11
10
16
15
6
5
5
4
9
10
27
28
29
39
40
39
40
41
50
51
330
30
31
38
39
30
31
38
39
38
39
40
48
49
48
49
50
56
57
58
1
57
58
65
66
57
58
65
66
67
1
573
574
33
580
43
32
33
42
43
44
1
6
7
42
43
44
1
6
7
43
44
1
6
7
43
1
6
7
1
6
7
867
6
858
1
9
10
1
9
10
1
9
10
1
9
10
1
9
10
1
9
10
1
9
10
1
9
10
171
9
10
1
161
15
1
14
15
1
14
15
1
14
15
1
14
15
1
14
15
1
14
15
1
14
15
1
14
15
1
14
15
1
14
15
1
14
15
1
14
15
1
14
537
550
538
537
1
13
14
1
13
14
1
13
14
1
13
14
161
13
14
1
175
249
1
248
250
1
249
250
1
249
251
1
250
251
1
250
252
191
251
183
1
8
9
1
8
10
1
9
11
1
10
11
1
10
12
1
11
12
1
11
12
517
11
12
1
529
531
1
530
531
1
530
2088
1
2089
2088
1
2089
2088
1
2089
2087
2095
2088
2086
1
9
11
1
10
12
89
11
97
1
8
9
15
1
8
9
16
15
14
1
16
15
1
1791
32
31
18
17
16
1
33
32
1
1783
39
38
34
33
32
1
40
39
1856
555
556
41
40
39
72
73
74
77
78
53
1
72
73
54
55
65
66
72
54
55
45
46
30
54
55
37
38
30
31
4
5
9
10
6
5
4
4
5
20
19
13
12
28
27
23
218
217
36
44
43
35
24
25
18
19
26
27
57
56
47
46
40
39
38
32
31
26
25
20
19
18
7
6
5
564
565
10
11
12
21
22
36
37
38
47
48
45
46
47
56
57
58
55
56
57
64
65
66
63
64
65
71
72
73
1
70
71
72
13
12
1
14
13
15
14
12
176
175
1
115
49
48
30
28
31
30
29
55
62
63
32
31
30
1
8
9
1
8
9
1
8
9
1
8
9
8612
8
9
83
8603
72
1
11
12
1
11
12
1
11
12
1
11
12
1
11
12
1
11
12
1
11
12
1
11
12
1
11
12
1
11
12
518
11
12
1
506
7
1
6
7
1
6
7
1
6
7
1
6
7
1
6
7
1052
6
7
1
1059
11
1
10
11
1
10
11
1
10
11
1
10
11
1
10
11
1
10
11
1
10
11
1
10
11
1
10
11
1803
10
154
1
1649
1648
60
1649
1648
56
1
1708
13
4
3
74
12
73
74
75
62
63
64
73
74
75
53
54
62
63
64
41
42
53
54
29
30
41
42
16
17
18
29
30
2
3
9
10
11
5
4
4
14
7
6
3
12
11
5
152
25
24
17
16
15
14
3
2
2
1
2
3
4
5
6
3120
17
18
17
18
19
28
29
29
30
38
39
40
30
39
40
46
40
41
46
47
48
200
199
497
46
47
48
1
37
38
582
47
55
46
47
54
55
56
1
54
55
56
62
63
1
55
56
62
63
64
1
8
62
63
509
7
639
62
63
474
1
1148
6
35
36
1
5
6
1
5
6
1
5
6
1
5
6
864
5
854
1
10
11
1
10
11
1
10
11
1
10
11
1
10
11
1
10
11
1
10
11
1
10
11
1
10
11
176
10
11
1
165
13
1
12
13
1
12
13
1
12
13
1
12
13
1
12
13
1
12
13
1
12
13
1
12
13
1
12
13
1
12
13
1
12
13
551
12
544
1
7
8
1
7
8
1
7
8
1
7
8
1
7
8
1
7
8
74
7
83
2
9
10
1
8
9
2
8
9
1
7
8
2
7
8
434
6
7
1
441
15
2
14
15
2
13
14
1
12
13
2
12
13
1
11
12
1
11
12
1
11
12
2
11
12
1
10
11
2618
10
11
1
2629
18
1
17
18
2
17
18
2
16
17
2
15
16
2
14
15
86
13
14
1
72
13
1
12
13
2
12
13
23
22
2
11
24
23
2
42
41
26
25
43
42
41
27
26
1
50
45
44
43
51
50
49
44
544
545
454
52
51
50
2
53
54
58
33
2
52
41
35
44
45
49
50
43
24
25
61
44
50
3
98
8
105
19
9
10
20
21
22
593
1
3
584
12
10
9
1
1
3
27
26
20
19
31
21
20
25
42
41
40
31
30
17
62
61
51
8
9
5
6
11
12
13
68
67
51
50
115
42
38
37
31
30
29
23
22
13
12
11
4
3
7
8
423
409
6
402
16
26
25
26
34
35
36
34
35
41
42
43
1
40
41
42
126
42
1
41
43
42
44
43
116
115
39
1
25
24
52
19
18
17
1
19
18
1
12
13
21
20
19
94
1
12
13
1
12
13
1
12
13
1
12
13
1
12
13
8531
12
13
1
8518
12
1
11
12
1
11
12
1
11
12
1
11
12
1
11
12
1
11
12
1
11
12
1
11
12
1
11
12
1
11
12
513
11
520
1
7
8
1
7
8
1
7
8
1
7
8
1
7
8
1
7
8
1048
7
8
1
1056
10
1
9
10
1
9
10
1
9
10
1
9
10
1
9
10
1
9
10
1
9
10
1
9
10
144
9
155
1
11
12
1
11
12
1721
11
12
1
1709
12
63
1
11
12
62
63
64
1
11
12
63
64
65
53
54
63
64
53
54
55
63
64
65
44
45
53
54
55
25
26
32
33
39
26
27
28
33
34
17
18
27
28
29
17
18
24
25
17
18
19
24
25
18
19
24
69
70
20
21
22
35
36
21
22
23
36
37
37
38
52
53
2902
29
2916
38
39
29
38
39
49
50
39
40
49
50
51
39
40
41
50
51
1
50
51
52
60
61
51
52
60
61
62
1
13
14
60
61
478
531
13
14
479
478
1
545
645
53
54
55
632
644
645
54
1142
13
14
1
1156
1157
1
1156
1157
1
1156
1157
1
1156
1157
859
1156
1157
1
2016
11
1
10
11
1
10
11
1
10
11
1
10
11
1
10
11
1
10
11
1
10
11
1
10
11
1
10
11
178
10
429
1
251
252
1
251
11
1
10
11
1
10
11
1
10
11
1
10
11
1
10
11
1
10
11
1
10
11
1
10
11
1
10
11
556
10
542
1
14
15
1
14
15
1
14
15
1
14
15
1
14
15
1
14
15
76
14
15
1
61
16
1
15
16
1
15
16
1
15
16
1
15
16
1
15
16
426
15
16
1
442
11
1
10
11
1
10
11
1
10
11
1
10
11
1
10
11
1
10
11
1
10
11
1
10
11
1
10
11
2611
10
2597
1
14
15
1
14
15
1
14
15
1
14
15
1
14
15
1
14
15
85
14
15
1
70
11
1
10
11
1
10
11
34
1
10
11
35
34
32
35
34
33
1
51
50
35
34
33
51
50
34
1
51
50
49
469
468
467
1
30
51
50
29
30
51
50
22
23
24
28
29
30
15
16
17
22
23
4
5
15
16
15
16
17
28
29
6
7
8
16
17
6
5
7
8
25
14
13
5
42
41
32
31
30
46
45
44
41
40
29
28
21
20
57
47
46
37
36
2528
1
10
4
5
14
15
37
36
28
27
70
46
37
36
28
27
26
16
15
14
9
8
7
3
4
3
4
8
9
10
8
9
10
778
343
344
23
24
25
35
36
37
34
35
36
39
38
37
1
39
38
34
33
39
38
34
33
1
10
35
34
33
1
9
10
34
33
1
9
10
1
9
10
1
9
10
1
9
10
1
9
10
1
9
10
8530
9
10
1
8520
11
1
10
11
1
10
11
1
10
11
1
10
11
1
10
11
1
10
11
1
10
11
1
10
11
1
10
11
509
10
517
1
8
9
1
8
9
1
8
9
1
8
9
1
8
9
1
8
9
1
8
9
1046
8
970
1
76
77
1
76
8
1
7
8
1
7
8
1
7
8
1
7
8
1
7
8
1
7
8
146
7
157
1
11
12
1
11
12
1
11
12
1721
11
12
1
1709
13
1
12
13
1
12
13
53
54
1
12
13
53
54
55
98
12
1536
54
55
135
1
1634
11
37
38
10
11
37
38
39
40
31
32
38
39
40
31
32
33
39
40
41
469
42
43
461
53
54
1
42
43
44
53
54
1
43
44
45
53
54
55
1
44
45
46
54
55
56
45
46
47
55
56
57
46
47
56
57
58
1
8
34
2924
44
1
7
8
43
44
45
1
7
8
44
45
46
1
7
8
45
46
1
7
8
45
46
47
1
7
8
46
47
1
7
8
100
7
115
1
15
16
1
15
16
1
15
16
1
15
16
1
15
16
1
15
16
1
15
16
2005
15
16
1
2021
10
1
9
10
1
9
10
1
9
10
1
9
10
1
9
10
1
9
10
1
9
10
1
9
10
419
9
430
1
11
12
240
11
12
1
252
10
1
9
331
1
330
331
1
330
331
1
330
331
1
330
331
1
330
331
1
330
331
1
330
331
552
330
538
1
14
15
1
14
15
1
14
15
1
14
15
1
14
15
1
14
15
1
14
15
77
14
15
1
62
16
1
15
16
1
15
16
1
15
16
1
15
16
1
15
16
431
15
16
1
447
10
1
9
10
1
9
10
1
9
10
1
9
10
1
9
10
1
9
10
1
9
10
1
9
10
2607
9
2599
1
8
9
1
8
9
1
8
9
1
8
9
1
8
9
1
8
9
1
8
9
81
8
9
1
72
10
1
9
10
1
9
10
1
9
10
43
1
9
10
44
43
42
9
43
42
334
59
44
43
309
393
45
44
25
24
1
59
58
46
45
44
59
58
45
4
5
6
60
59
58
3
4
5
691
690
12
8
4
5
11
710
711
6
55
54
53
8
9
14
691
689
705
525
526
7
9
10
9
8
5
6
7
19
18
9
8
7
29
18
17
7
28
27
17
16
15
2843
34
2853
26
25
40
33
32
24
38
37
30
29
33
32
31
23
22
30
29
22
21
20
20
19
11
10
202
13
12
6
5
6
5
9
10
9
10
24
25
26
24
25
26
45
44
43
1
45
44
43
33
44
43
34
33
32
436
15
90
35
34
33
32
1
346
347
404
45
44
1
346
13
45
1
12
13
1
12
13
1
12
13
1
12
13
1
12
13
1
12
13
1
12
13
8531
12
8779
1
248
250
1
249
9
1
8
9
1
8
9
1
8
9
1
8
9
1
8
9
1
8
9
1
8
9
507
8
515
1
8
9
1
8
9
1
8
9
1
8
9
1
8
9
1
8
9
1
8
973
978
974
973
1
5
7
68
6
8
1
76
7
1
6
7
1
6
7
1
6
7
1
6
7
1
6
7
150
6
155
1
5
6
1
5
6
1
5
6
1
5
6
1722
5
6
1
1716
13
1
12
13
1
12
13
1548
12
1547
1645
1
2
1
1643
1642
1
1643
1642
29
30
1
1643
1642
29
30
504
1643
1642
29
30
544
1
2146
2144
40
41
42
1
2145
2143
41
42
1
2144
13
41
42
43
1
12
13
42
43
44
1
12
13
43
44
2871
12
2862
43
44
45
1
9
10
2916
1
9
10
1
9
10
1
9
10
1
9
10
1
9
10
108
9
117
1
9
10
1
9
10
1
9
10
1
9
10
1
9
72
1
73
72
1
73
72
1
73
72
2011
73
72
1
1939
73
1
74
73
1
74
73
1
74
73
1
74
363
1
362
363
1
362
363
1
362
363
421
362
363
1
58
57
1
58
57
242
58
57
322
185
262
1
60
59
1
60
59
1
60
59
1
60
59
1
60
59
1
60
59
1
60
59
868
60
59
1
809
71
1
72
71
1
72
71
1
72
71
1
72
71
1
72
71
1
72
71
1
72
71
78
72
7
1
71
70
1
71
70
1
71
70
1
71
70
1
71
70
1
71
70
437
71
70
1
367
78
1
79
78
1
79
78
1
79
78
1
79
78
1
79
78
1
79
78
1
79
78
2608
79
2684
1
76
75
1
76
75
1
76
75
1
76
75
1
76
75
1
76
75
1
76
75
1
76
75
82
76
75
1
157
81
1
82
81
1
82
81
1
82
81
337
82
81
51
301
2
418
76
36
35
2
78
77
37
36
79
38
37
36
1
58
57
38
37
36
58
57
56
37
1
71
70
58
57
56
71
70
69
57
56
79
54
53
52
34
33
67
434
53
159
142
2
532
533
534
61
60
59
532
533
69
61
60
6
5
71
70
69
7
5
3
71
70
69
2
2268
70
69
2342
1
1
75
74
1
3
4
75
74
2
3
4
75
74
78
3
4
75
74
73
5
4
5
74
73
4
5
6
73
72
71
189
6
112
64
63
65
64
63
62
53
52
51
1
63
52
51
1
70
69
53
52
51
50
1
70
69
51
50
105
70
163
51
50
1
58
57
333
58
57
1
276
72
1
73
72
1
73
72
1
73
72
1
73
72
1
73
72
1
73
72
8767
73
8708
2
59
58
240
60
59
1
181
182
1
181
182
1
181
79
1
80
79
1
80
79
1
80
79
1
80
79
507
80
434
1
73
72
1
73
72
1
73
72
1
73
72
1
73
72
1
73
72
981
73
1031
1
50
49
2
50
49
2
51
50
69
52
51
1
18
72
1
73
72
1
73
72
1
73
72
1
73
72
149
73
95
1
54
53
1
54
53
1
54
53
1
54
53
1
54
53
1729
54
53
1
1782
53
1
54
1619
1559
1620
1619
1
60
59
1
60
59
1
60
59
1
60
59
1
60
59
2
60
59
2
61
60
2157
62
61
1
2218
2217
1
2218
52
2874
53
2926
1
52
51
1
52
51
1
52
51
1
52
51
1
52
51
1
52
51
108
52
36
1
72
71
1
72
71
1
72
71
1
72
71
81
72
71
1
10
11
1
10
11
1
10
11
1
10
11
2012
10
11
1
2023
10
1
9
10
1
9
10
437
9
449
1
12
13
1
12
13
1
12
13
1
12
13
1
12
13
1
12
13
1
12
13
77
12
87
1
10
11
1
10
11
1
10
11
1
10
11
1
10
11
1
10
11
1
10
11
1
10
11
880
10
11
1
891
8
1
7
8
1
7
8
1
7
8
1
7
8
1
7
8
1
7
8
79
7
8
1
71
8
1
7
8
1
7
8
1
7
8
1
7
8
1
7
8
1
7
8
445
7
8
1
453
8
1
7
8
1
7
8
1
7
8
1
7
8
1
7
8
1
7
8
2605
7
2595
1
10
11
1
10
11
1
10
11
1
10
11
1
10
11
1
10
11
1
10
11
1
10
11
1
10
11
76
10
11
1
65
19
1
18
19
1
18
19
1
18
19
342
18
19
1
323
34
1
33
34
43
1
33
34
42
43
1
33
34
42
43
44
1
33
34
43
44
33
43
44
45
24
25
43
44
45
1
126
24
42
138
139
31
1
23
24
30
31
1
23
24
30
31
32
1
23
24
31
32
33
1
23
24
32
33
1
23
24
32
33
34
1
23
24
33
34
35
2270
23
2526
34
2253
1
256
255
17
18
19
1
256
255
18
19
20
261
256
255
19
20
21
347
6
7
282
361
1
340
338
14
15
16
174
339
338
11
12
15
1
164
163
186
16
1
164
163
15
16
17
1
164
163
16
17
1
164
163
93
164
83
1
10
12
1
11
13
348
12
14
1
362
365
1
364
19
1
18
19
1
18
19
1
18
19
1
18
8787
8781
8786
8787
1
6
7
1
6
7
1
6
7
1
6
7
260
6
7
1
267
268
1
267
268
1
267
10
1
9
10
514
9
528
1
14
15
1
14
15
1
14
15
1
14
15
1
14
15
1
14
15
958
14
953
1
5
6
1
5
6
1
5
6
1
5
6
90
5
6
1
96
97
1
96
97
1
96
97
1
96
179
168
178
179
1
11
12
1
11
12
1
11
12
1
11
12
1
11
12
1
11
12
1729
11
12
1565
1717
1554
1
11
12
1
11
12
1
11
12
1
11
12
1
11
12
1
11
12
1
11
12
1
11
12
1
11
12
1
11
12
2166
11
12
2873
2154
2866
1
7
8
1
7
8
1
7
8
1
7
8
1
7
8
1
7
8
88
7
99
1
11
12
1
11
12
1
11
12
1
11
12
1
11
12
1
11
12
1
11
12
1
11
12
1
11
12
1
11
12
2013
11
12
1
2025
450
1
449
450
440
449
450
1
10
11
1
10
11
1
10
11
1
10
11
1
10
11
1
10
11
1
10
11
75
10
85
1
10
11
1
10
11
1
10
11
1
10
11
1
10
11
1
10
11
1
10
11
1
10
11
1
10
11
883
10
11
1
894
8
1
7
8
1
7
8
1
7
8
1
7
8
1
7
8
1
7
8
79
7
8
1
71
8
1
7
8
1
7
8
1
7
8
1
7
8
1
7
8
1
7
8
445
7
8
1
453
20
1
19
20
1
19
20
1
19
20
1
19
20
1
19
20
2602
19
2591
1
11
12
1
11
12
1
11
12
1
11
12
1
11
12
1
11
12
1
11
12
1
11
12
1
11
12
1
11
12
84
11
12
1
72
16
1
15
16
1
15
16
1
15
16
357
15
376
1
19
20
1
19
20
1
19
20
1
19
20
1
19
20
12
19
84
11
12
1
18
19
20
1
19
20
1
19
20
1
19
20
1
19
20
1
19
20
2549
19
2537
1
12
13
1
12
13
1
12
13
1
12
13
2
12
13
1
11
12
1
11
12
1
11
12
1
11
12
1
11
12
81
11
92
2
11
12
2
10
11
2
9
10
3
8
9
345
6
7
1
352
353
1
352
353
1
352
8779
8769
8778
8779
1
10
11
1
10
11
1
10
11
1
10
11
1
10
11
1
10
11
1
10
11
1
10
11
257
10
11
1
268
269
519
268
269
1
250
23
1
22
23
1
22
23
1
22
23
1
22
23
1
22
23
967
22
958
1
9
10
1
9
10
1
9
10
1
9
10
1
9
10
1
9
10
1
9
10
1
9
10
83
9
10
1
73
9
1
8
9
1
8
9
1
8
9
1
8
9
1
8
9
1
8
9
1
8
9
163
8
175
1
12
13
1
12
13
1
12
13
1
12
13
1
12
13
1
12
13
1
12
13
1
12
13
1
12
13
1
12
13
1
12
13
712
12
13
1
725
7
1
6
7
1
6
7
1
6
7
1
6
7
1
6
7
92
6
104
1
12
13
1
12
13
1
12
13
1
12
13
1
12
13
1
12
13
1
12
13
1
12
13
1
12
13
1
12
13
1
12
13
1575
12
13
1
1588
10
1
9
10
1
9
10
1
9
10
1
9
10
1
9
10
1
9
10
1
9
10
1
9
10
75
9
10
1
65
11
1
10
11
1
10
11
1
10
11
1
10
11
1
10
11
1
10
11
1
10
11
1
10
11
1
10
11
886
10
11
1
897
13
1
12
13
1
12
13
1
12
13
1
12
13
1
12
13
1
12
13
79
12
87
1
8
9
1
8
9
1
8
9
1
8
9
1
8
9
1
8
10
1
9
12
433
11
14
1
447
16
1
15
17
1
16
19
1
18
23
1
22
2683
2610
2684
2683
1
73
18
1
17
19
1
18
20
1
19
21
1
20
22
1
21
22
1
21
22
1
21
22
1
21
22
1
21
22
1
21
22
88
21
103
1
15
17
1
16
18
1
17
19
361
18
367
1
6
7
1
6
7
1
6
7
1
6
7
1
6
7
103
6
95
1
8
1
7
8
15
1
7
8
1
7
8
1
7
8
1
7
8
1
7
8
2556
7
2545
1
11
12
1
11
12
1
11
12
1
11
12
1
11
12
1
11
12
1
11
12
1
11
12
1
11
12
1
11
12
81
11
89
1
8
9
1
8
9
1
8
9
1
8
9
1
8
9
1
8
9
1
8
9
8427
8
9
1
8418
13
1
12
13
1
12
13
1
12
13
1
12
13
1
12
13
1
12
13
1
12
13
1
12
13
1
12
13
1
12
13
1
12
13
273
12
13
1
260
1215
1
1216
1215
1
1216
1215
1
1216
1215
1
1216
1215
980
1216
970
1
10
11
1
10
11
1
10
11
1
10
11
1
10
11
1
10
11
1
10
11
1
10
11
1
10
11
82
10
11
1
71
11
1
10
11
1
10
11
1
10
11
1
10
11
1
10
11
1
10
11
167
10
11
1
156
13
1
12
13
1
12
13
1
12
13
1
12
13
1
12
13
1
12
13
1
12
13
1
12
13
1
12
13
1
12
13
1
12
13
718
12
703
1
15
16
1
15
16
1
15
16
1
15
16
1
15
16
98
15
63
1
161
160
1
161
13
1
12
13
1
12
13
1
12
13
1
12
13
1
12
13
1
12
13
1
12
13
1
12
13
1
12
13
1
12
13
1578
12
1568
1
10
11
1
10
11
1
10
11
1
10
11
1
10
11
1
10
11
1
10
11
1
10
11
1
10
11
76
10
11
1
65
11
1
10
11
1
10
11
1
10
11
1
10
11
1
10
11
1
10
11
1
10
11
1
10
11
1
10
11
884
10
863
1
21
22
1
21
22
1
21
22
1
21
22
1
21
22
1
21
22
75
21
97
1
22
23
1
22
23
1
22
23
1
22
23
1
22
23
2
22
23
3
21
22
3
19
20
431
17
100
2
531
532
3
530
531
5
528
529
2705
524
2696
1
9
10
91
9
10
2
81
80
2
82
81
2
83
82
2
84
16
1
14
15
1
14
15
1
14
15
1
14
15
1
14
15
1
14
15
82
14
99
2
17
18
2
16
17
2
15
16
349
14
158
1
191
190
1
191
190
1
191
190
1
191
190
1
191
190
101
191
94
7
8
1
7
8
9
1
8
9
1
8
9
1
8
9
1
8
9
2552
8
2541
1
11
12
1
11
12
1
11
12
1
11
12
1
11
12
1
11
12
1
11
12
1
11
12
1
11
12
1
11
12
78
11
87
1
9
10
1
9
10
1
9
10
1
9
10
1
9
10
1
9
10
1
9
10
1
9
10
8431
9
10
1
8421
13
1
12
13
1
12
13
1
12
13
1
12
13
1
12
13
1
12
13
1
12
13
1
12
13
1
12
13
1
12
13
1
12
13
955
12
945
1
10
11
1
10
11
1
10
11
1
10
11
246
10
11
1
235
11
1
10
11
1
10
11
1
10
11
1
10
11
1
10
11
1
10
11
1
10
11
1
10
11
1
10
11
82
10
11
1
71
12
1
11
12
1
11
12
1
11
12
1
11
12
1
11
12
1
11
12
169
11
181
1
12
13
1
12
13
1
12
13
1
12
13
1
12
13
1
12
13
1
12
13
1
12
13
1
12
13
1
12
13
1
12
13
715
12
104
1
819
820
1
819
820
1
819
820
1
819
67
1
68
67
78
68
67
1
11
12
174
11
12
1
162
161
1
162
18
1
17
18
1
17
18
1
17
18
1
17
18
1
17
18
1
17
18
1
17
250
1
251
250
1580
251
250
1
1330
13
1
12
13
1
12
13
1
12
13
1
12
13
1
12
13
1
12
13
1
12
13
1
12
13
1
12
63
76
64
63
1
139
10
1
9
10
1
9
10
1
9
10
1
9
10
1
9
10
1
9
10
1
9
10
1
9
104
873
103
104
1
977
15
1
14
15
1
14
15
1
14
15
1
14
15
1
14
15
76
14
92
1
16
17
1
16
17
1
16
17
1
16
17
1
16
17
1
16
17
1
16
17
1
16
17
83
16
94
1
11
12
1
11
12
1
11
12
3220
11
12
1
3232
13
1
12
13
1
12
13
1
12
13
1
12
13
100
12
13
1
87
86
1
87
86
1
87
174
1
175
174
1
175
174
1
175
174
85
175
174
1
259
11
1
10
11
1
10
11
144
10
156
1
12
13
1
12
13
1
12
13
1
12
13
1
12
13
97
12
13
1
84
10
1
9
1
8
9
24
1
8
9
1
8
9
1
8
9
1
8
9
2549
8
2538
1
11
12
1
11
12
1
11
12
1
11
12
1
11
12
1
11
12
1
11
12
1
11
12
1
11
12
1
11
12
76
11
12
1
64
10
1
9
10
1
9
10
1
9
10
1
9
10
1
9
10
1
9
10
1
9
10
1
9
10
8434
9
10
1
8424
12
1
11
12
1
11
12
1
11
12
1
11
12
1
11
12
1
11
12
1
11
13
1
12
14
1
13
14
1
13
14
957
13
951
1
6
7
1
6
7
1
6
7
1
6
7
1
6
7
246
6
7
1
239
13
1
12
13
1
12
15
1
14
16
1
15
17
1
16
17
1
16
17
1
16
17
1
16
17
1
16
17
83
16
101
1
18
19
1
18
19
1
18
19
1
18
19
1
18
19
1
18
19
170
18
19
1
151
19
1
18
20
1
19
21
1
20
21
1
20
21
1
20
21
1
20
21
1
20
21
1
20
21
1
20
21
1
20
97
92
96
97
1
5
6
1
5
6
1
5
6
886
5
6
1
892
6
1
5
6
1
5
6
1
5
6
1
5
6
180
5
6
1
174
173
1
174
173
1
174
173
1
174
18
1
17
18
1
17
18
267
17
264
1
3
4
1
3
4
1317
3
4
1
1321
12
1
11
12
1
11
12
1
11
12
1
11
12
1
11
12
1
11
12
1
11
12
75
11
73
1
2
3
149
2
3
1
146
16
1
15
16
1
15
16
1
15
16
1
15
16
1
15
16
1
15
16
95
15
97
1
2
3
962
2
3
1
965
966
1
965
14
1
13
14
1
13
14
1
13
14
78
13
94
1
16
17
1
16
17
1
16
17
1
16
17
1
16
17
1
16
17
1
16
17
1
16
17
78
16
83
1
5
6
1
5
6
1
5
6
1
5
6
3219
5
6
1
3225
8
1
7
8
1
7
8
1
7
8
1
7
8
1
7
8
1
7
8
87
7
8
1
95
5
1
4
5
1
4
5
1
4
5
270
4
5
1
265
8
1
7
8
146
7
153
1
7
8
1
7
8
1
7
8
1
7
8
1
7
8
1
7
8
94
7
8
86
16
1
15
16
17
1
16
17
1
16
176
1
177
176
2546
177
176
1
2370
2371
1
2370
11
1
10
11
1
10
11
1
10
11
1
10
11
1
10
11
1
10
11
1
10
11
1
10
11
1
10
11
74
10
11
1
63
12
1
11
12
1
11
12
1
11
12
1
11
12
1
11
12
1
11
12
1
11
12
1
11
12
8436
11
12
1
8424
13
1
12
13
1
12
13
1
12
13
1
12
13
1
12
13
2
12
13
2
11
12
1
10
11
1
10
11
964
10
957
1
7
8
1
7
8
1
7
8
1
7
8
1
7
8
1
7
8
252
7
8
1
244
14
3
13
14
2
11
12
2
10
11
1
9
10
1
9
10
1
9
10
1
9
10
1
9
10
85
9
10
1
75
8
1
7
8
1
7
8
1
7
8
1
7
8
1
7
8
1
7
8
170
7
90
2
80
79
2
81
80
1
82
81
1
82
81
1
82
81
1
82
5
1
4
5
1
4
5
1
4
5
77
4
83
1
6
7
1
6
7
1
6
7
1
6
7
1
6
7
886
6
7
1
893
9
1
8
9
1
8
9
1
8
9
1
8
9
1
8
9
1
8
9
1
8
9
192
8
9
1
183
182
1
183
276
281
277
276
1
5
6
1
5
6
1
5
6
1309
5
6
1
1315
1316
1
1315
7
1
6
7
1
6
7
1
6
7
1
6
7
1
6
7
84
6
81
1
3
4
1
3
4
162
3
4
1
158
7
1
6
7
1
6
7
1
6
7
1
6
7
1
6
7
82
6
86
1
4
5
1
4
5
1
4
5
951
4
5
1
956
4
1
3
4
1
3
251
81
250
251
1
170
171
1
170
171
1
170
171
1
170
171
1
170
5
1
4
5
1
4
75
1
74
75
67
74
75
1
8
9
1
8
9
1
8
9
1
8
9
1
8
9
3217
8
3209
1
8
9
1
8
9
1
8
9
1
8
9
1
8
9
1
8
9
1
8
9
90
8
85
1
5
6
1
5
6
1
5
6
1
5
6
273
5
6
1
267
266
146
267
154
1
8
9
1
8
9
1
8
9
1
8
9
1
8
9
1
8
9
1
8
9
102
8
9
1
93
1
94
186
85
1
187
186
192
187
186
1
6
7
1
6
7
1
6
7
2359
6
7
1
2366
11
1
10
11
1
10
11
1
10
11
1
10
11
1
10
11
1
10
11
1
10
11
1
10
11
1
10
11
75
10
78
1
153
10
1
9
10
1
9
10
1
9
10
1
9
10
1
9
10
1
9
10
1
9
10
1
9
10
8437
9
10
1
8427
10
1
9
10
1
9
10
1
9
10
1
9
10
1
9
10
1
9
10
1
9
10
1
9
10
967
9
959
1
8
9
1
8
9
1
8
9
1
8
9
1
8
9
1
8
9
1
8
9
258
8
9
1
249
10
1
9
10
1
9
10
1
9
10
1
9
10
1
9
10
1
9
10
1
9
10
1
9
10
83
9
165
1
248
7
1
6
7
1
6
7
1
6
7
1
6
7
1
6
7
83
6
89
1
6
7
1
6
7
1
6
7
1
6
7
1
6
7
87
6
7
1
80
4
1
3
4
1
3
4
79
3
86
1
7
8
1
7
8
1
7
8
1
7
8
1
7
8
1
7
8
884
7
874
1
10
11
1
10
11
1
10
11
1
10
11
1
10
11
1
10
11
1
10
11
1
10
11
1
10
11
93
10
86
1
7
8
1
7
8
1
7
8
1
7
8
1
7
8
1
7
8
1308
7
8
1
1316
6
1
5
6
1
5
6
1
5
6
1
5
6
87
5
83
1
4
5
1
4
5
1
4
5
165
4
5
1
160
6
1
5
6
1
5
6
1
5
6
1
5
6
80
5
85
1
5
6
1
5
6
1
5
6
1
5
6
952
5
6
1
958
255
248
254
255
1
7
8
1
7
8
1
7
8
1
7
8
1
7
8
165
7
8
1
173
174
71
173
79
1
8
9
1
8
9
1
8
9
1
8
9
1
8
9
1
8
9
1
8
9
3217
8
9
1
3226
8
1
7
8
1
7
8
1
7
8
1
7
8
1
7
8
1
7
8
93
7
86
1
7
8
1
7
8
1
7
8
1
7
8
1
7
8
1
7
8
421
7
8
1
413
9
1
8
9
1
8
9
1
8
9
1
8
9
1
8
9
1
8
9
1
8
9
8
9
1
101
7
8
1
7
8
1
7
8
1
7
8
1
7
8
1
7
8
2355
7
8
1
2363
10
1
9
10
1
9
10
1
9
10
1
9
82
1
83
82
1
83
82
1
83
82
1
83
82
88
83
82
163
6
7
1
156
10
1
9
10
1
9
10
1
9
10
1
9
10
1
9
10
1
9
10
1
9
10
1
9
10
8437
9
8353
1
84
83
1
84
83
1
84
83
1
84
83
1
84
83
1
84
83
1
84
83
1
84
83
968
84
959
1
9
10
1
9
10
1
9
10
1
9
75
1
76
75
1
76
75
1
76
75
1
76
75
259
76
75
1
334
80
1
81
80
1
81
80
1
81
80
1
81
80
1
81
80
1
81
80
1
81
80
174
81
262
255
88
87
1
342
80
1
81
80
1
81
80
1
81
80
1
81
80
83
81
1
1
82
81
1
82
81
1
82
81
1
82
81
1
82
81
1
82
81
84
82
81
1
165
164
1
165
164
83
165
1
1
82
81
1
82
81
1
82
81
1
82
81
1
82
81
1
82
81
881
82
81
1
800
79
1
80
79
1
80
79
1
80
79
1
80
79
1
80
79
1
80
79
1
80
79
1
80
79
96
80
177
1
81
80
1
81
80
1
81
80
1
81
80
1
81
80
1
81
80
1
81
80
1310
81
80
1
1230
71
1
72
71
1
72
71
1
72
71
88
72
160
1
72
71
1
72
71
1
72
71
1
72
71
166
72
71
1
237
72
1
73
15
1
14
15
1
14
15
80
14
15
1
65
64
1
65
64
1
65
64
1
65
64
1
65
64
703
65
770
1
67
66
1
67
66
1
67
66
1
67
66
1
67
66
1
67
66
1
67
66
1
67
66
94
67
66
1
28
71
1
72
71
1
72
71
1
72
71
1
72
71
1
72
71
1
72
71
1
72
71
3218
72
71
1
3147
73
1
74
73
1
74
73
1
74
73
1
74
73
1
74
73
93
74
163
1
70
69
1
70
69
1
70
69
1
70
69
1
70
69
1
70
69
1
70
69
422
70
69
1
491
71
1
72
71
1
72
71
1
72
71
1
72
71
1
72
71
1
72
71
1
72
71
94
72
1
22
70
57
1
71
70
1
71
70
1
71
70
1
71
70
1
71
70
1
71
70
2353
71
70
1
2283
2284
1
2283
81
1
82
81
91
82
173
1
82
81
1
82
81
1
82
80
1
81
80
1
81
79
1
80
78
166
79
77
1
243
241
1
242
78
1
79
78
1
79
78
1
79
78
1
79
78
1
79
78
1
79
78
8344
79
8281
1
63
62
1
63
62
1
63
62
1
63
62
1
63
62
1
63
62
1
63
62
1
63
62
875
63
62
1
813
70
1
71
70
1
71
70
84
71
70
1
14
15
1
14
15
1
14
15
1
14
15
1
14
15
254
14
99
1
155
154
1
155
154
1
155
154
1
155
154
1
155
154
1
155
154
1
155
154
181
155
154
1
27
28
262
27
28
1
234
12
1
11
12
1
11
12
1
11
103
82
102
103
1
21
22
1
21
22
1
21
22
1
21
22
1
21
22
1
21
22
1
21
22
1
21
22
1
21
22
166
21
183
1
17
18
1
17
18
1
17
18
1
17
18
1
17
18
1
17
18
1
17
18
879
17
18
1
897
16
1
15
16
1
15
16
1
15
16
1
15
16
1
15
16
1
15
16
1
15
16
97
15
78
1
19
20
1
19
20
1
19
20
1
19
20
1
19
20
1
19
20
1
19
20
1
19
20
1301
19
20
1
1321
79
1
80
79
1
80
79
88
80
79
1
9
10
1
9
10
1
9
10
1
9
10
1
9
10
165
9
10
88
155
97
1
9
10
1
9
10
1
9
10
1
9
10
1
9
10
1
9
10
1
9
10
1
9
10
705
9
695
1
10
11
1
10
11
1
10
11
1
10
11
1
10
11
1
10
11
1
10
11
1
10
11
1
10
11
99
10
11
1
110
9
1
8
9
1
8
9
1
8
9
1
8
9
1
8
9
1
8
9
1
8
9
3220
8
3214
1
6
7
1
6
7
1
6
7
1
6
7
1
6
7
89
6
7
1
96
9
1
8
9
1
8
9
1
8
9
1
8
9
1
8
9
1
8
9
1
8
9
420
8
9
1
411
8
1
7
8
1
7
8
1
7
8
1
7
8
1
7
8
1
7
8
7
79
1
13
14
15
1
14
15
1
14
15
1
14
15
1
14
15
1
14
15
1
14
15
1
14
15
2364
14
15
1
2379
7
91
6
65
1
26
27
1
26
27
2
26
27
1
25
26
2
25
26
2
24
25
2
23
24
2
22
23
164
21
22
1
142
8
1
7
9
1
8
10
1
9
11
1
10
11
1
10
8371
8360
8370
8371
1
11
12
1
11
12
1
11
12
1
11
12
1
11
12
1
11
12
1
11
12
1
11
12
1
11
12
883
11
12
1
895
9
1
8
9
1
8
9
1
8
9
1
8
9
1
8
9
1
8
9
1
8
9
85
8
96
1
11
12
1
11
12
1
11
12
1
11
12
1
11
12
1
11
12
1
11
12
1
11
12
1
11
12
1
11
12
246
11
12
1
234
233
1
234
104
92
103
104
1
12
13
1
12
13
1
12
13
1
12
13
1
12
13
1
12
13
1
12
13
1
12
13
1
12
13
1
12
13
162
12
171
1
9
10
1
9
10
1
9
10
1
9
10
1
9
10
1
9
10
1
9
10
1
9
10
881
9
10
1
891
8
1
7
8
1
7
8
1
7
8
1
7
8
1
7
8
1
7
8
93
7
83
1
10
11
1
10
11
1
10
11
1
10
11
1
10
11
1
10
11
1
10
11
1
10
11
1
10
11
1400
10
1390
1
10
11
1
10
11
1
10
11
1
10
11
1
10
11
1
10
11
1
10
11
1
10
11
1
10
11
252
10
11
1
241
9
1
8
9
1
8
9
1
8
9
1
8
9
1
8
9
1
8
9
1
8
9
704
8
9
1
713
11
1
10
11
1
10
11
1
10
11
1
10
11
1
10
11
1
10
11
1
10
11
1
10
11
1
10
11
101
10
93
1
8
9
1
8
9
1
8
9
1
8
9
1
8
9
1
8
9
1
8
9
3222
8
3215
1
7
8
1
7
8
1
7
8
1
7
8
1
7
8
1
7
8
87
7
78
1
9
10
1
9
10
1
9
10
1
9
10
1
9
10
1
9
10
1
9
10
1
9
10
419
9
426
1
7
8
1
7
8
1
7
8
1
7
8
1
7
8
1
7
8
86
7
75
1
11
1
10
11
22
1
10
11
1
10
11
1
10
11
1
10
11
1
10
11
1
10
11
1
10
11
1
10
11
2372
10
11
71
2383
61
1
10
11
1
10
11
1
10
11
1
10
11
1
10
11
1
10
11
1
10
11
1
10
11
1
10
11
150
10
11
2
139
138
2
140
139
2
141
140
1
142
3
8361
2
8373
1
12
13
1
12
13
1
12
13
1
12
13
1
12
13
1
12
13
1
12
13
1
12
13
1
12
13
1
12
13
1
12
13
886
12
13
1
899
8
1
7
8
1
7
8
1
7
8
1
7
8
1
7
8
1
7
8
88
7
101
1
13
14
1
13
14
1
13
14
1
13
14
1
13
14
1
13
14
1
13
14
1
13
14
1
13
14
1
13
14
1
13
14
1
13
14
338
13
14
1
324
12
1
11
12
1
11
12
1
11
12
1
11
12
1
11
12
1
11
12
1
11
12
1
11
12
1
11
12
1
11
12
159
11
169
1
10
11
1
10
11
1
10
11
1
10
11
1
10
11
1
10
11
1
10
11
1
10
11
1
10
11
883
10
876
1
7
8
1
7
8
1
7
8
1
7
8
1
7
8
1
7
8
90
7
80
1
10
11
1
10
11
1
10
11
1
10
11
1
10
11
1
10
11
1
10
11
1
10
11
1
10
11
1400
10
1389
1
11
12
1
11
12
1
11
12
1
11
12
1
11
12
1
11
12
1
11
12
1
11
12
1
11
12
1
11
12
250
11
12
1
238
9
1
8
9
1
8
9
1
8
9
1
8
9
1
8
9
1
8
9
1
8
9
702
8
9
1
711
10
1
9
10
1
9
10
1
9
10
1
9
10
1
9
10
1
9
10
1
9
10
1
9
10
103
9
10
1
113
8
1
7
8
1
7
8
1
7
8
1
7
8
1
7
8
1
7
8
3223
7
8
1
3231
7
1
6
7
1
6
7
1
6
7
1
6
7
1
6
7
85
6
7
1
92
9
1
8
9
1
8
9
1
8
9
1
8
9
1
8
9
1
8
9
1
8
9
417
8
9
1
408
7
1
6
7
1
6
7
1
6
7
1
6
7
1
6
7
82
6
71
11
12
1
11
12
13
1
12
13
1
12
13
1
12
13
1
12
13
1
12
13
1
12
13
1
12
13
1
12
13
2444
12
2430
1
14
15
1
14
15
1
14
15
1
14
15
1
14
15
1
14
15
1
14
15
1
14
15
1
14
15
1
14
15
1
14
15
1
14
15
1
14
15
145
14
15
8371
130
8384
1
13
14
1
13
14
1
13
14
1
13
14
1
13
14
1
13
14
1
13
14
1
13
14
1
13
14
1
13
14
1
13
14
1
13
14
891
13
14
1
905
7
1
6
7
1
6
7
1
6
7
1
6
7
1
6
7
94
6
108
1
14
15
1
14
15
1
14
15
1
14
15
1
14
15
1
14
15
1
14
15
1
14
15
1
14
15
1
14
15
1
14
15
1
14
15
1
14
15
336
14
15
1
321
11
1
10
11
1
10
11
1
10
11
1
10
11
1
10
11
1
10
11
1
10
11
1
10
11
1
10
11
158
10
11
1
147
10
1
9
10
1
9
10
1
9
10
1
9
10
1
9
10
1
9
10
1
9
10
1
9
10
886
9
10
1
896
7
1
6
7
1
6
7
1
6
7
1
6
7
1
6
7
87
6
7
1
94
10
1
9
10
1
9
10
1
9
10
1
9
10
1
9
10
1
9
10
1
9
10
1
9
10
1399
9
1387
1
12
13
1
12
13
1
12
13
1
12
13
1
12
13
1
12
13
1
12
13
1
12
13
1
12
13
1
12
13
1
12
13
247
12
256
1
9
10
1
9
10
1
9
10
1
9
10
1
9
10
1
9
10
1
9
10
1
9
10
701
9
10
1
711
10
1
9
10
1
9
10
1
9
10
1
9
10
1
9
10
1
9
10
1
9
10
1
9
10
105
9
10
1
115
8
1
7
8
1
7
8
1
7
8
1
7
8
1
7
8
1
7
8
3224
7
8
1
3232
9
1
8
9
1
8
9
1
8
9
1
8
9
1
8
9
83
8
9
1
92
9
1
8
9
1
8
9
1
8
9
1
8
9
1
8
9
1
8
9
1
8
9
415
8
421
1
6
7
1
6
7
1
6
7
1
6
7
1
6
7
77
6
7
1
84
12
1
11
1
10
11
21
1
10
11
1
10
11
1
10
11
1
10
11
1
10
11
1
10
11
1
10
11
1
10
11
2442
10
2427
1
15
16
1
15
16
1
15
16
1
15
16
1
15
16
1
15
16
1
15
16
1
15
16
1
15
16
1
15
16
1
15
16
1
15
16
1
15
16
1
15
16
8514
15
16
1
8498
14
14
1
13
1
13
14
1
13
14
1
13
14
1
13
14
1
13
14
1
13
14
1
13
14
1
13
14
1
13
14
1
13
14
1
13
14
898
13
14
1
912
11
1
10
11
1
10
11
1
10
11
1
10
11
102
10
117
1
15
16
1
15
16
1
15
16
1
15
16
1
15
16
1
15
16
1
15
16
1
15
16
1
15
16
1
15
16
1
15
16
1
15
16
1
15
16
1
15
16
332
15
16
1
316
11
1
10
11
1
10
11
1
10
11
1
10
11
1
10
11
1
10
11
1
10
11
1
10
11
1
10
11
157
10
11
1
146
10
1
9
10
1
9
10
1
9
10
1
9
10
1
9
10
1
9
10
1
9
10
1
9
10
889
9
880
1
9
10
1
9
10
1
9
10
1
9
10
1
9
10
1
9
10
84
9
75
1
9
10
1
9
10
1
9
10
1
9
10
1
9
10
1
9
10
1
9
10
1
9
10
1396
9
1384
1
12
13
1
12
13
1
12
13
1
12
13
1
12
13
1
12
13
1
12
13
1
12
13
1
12
13
1
12
13
1
12
13
244
12
254
1
10
11
1
10
11
1
10
11
1
10
11
1
10
11
1
10
11
1
10
11
1
10
11
1
10
11
701
10
11
1
712
10
1
9
10
1
9
10
1
9
10
1
9
10
1
9
10
1
9
10
1
9
10
1
9
10
107
9
10
1
117
12
1
11
12
1
11
12
1
11
12
1
11
12
1
11
12
1
11
12
3223
11
3210
1
13
14
1
13
14
1
13
14
1
13
14
1
13
14
1
13
14
83
13
75
1
8
9
1
8
9
1
8
9
1
8
9
1
8
9
1
8
9
1
8
9
413
8
9
1
404
13
1
12
13
1
12
13
1
12
13
1
12
13
1
12
13
72
12
62
10
11
1
10
1
1
1
1
1
1
1
2437
1
1
1
1
1
1
1
1
1
1
1
1
1
1
1
8512
1
1
1
1
1
1
1
1
1
1
1
1
1
901
1
1
1
1
107
1
1
1
1
1
1
1
1
1
1
1
1
1
1
1
327
1
1
1
1
1
1
1
1
1
1
156
1
1
1
1
1
1
1
1
889
1
1
1
1
1
1
84
1
1
1
1
1
1
1
1
1393
1
1
1
1
1
1
1
1
1
1
1
242
1
1
1
1
1
1
1
1
1
1
702
1
1
1
1
1
1
1
1
1
105
1
1
1
1
1
1
3221
1
1
1
1
1
1
88
1
1
1
1
1
1
1
1
417
1
1
1
1
1
74
1
1
9
27
26
8
1
27
25
85
26
41
1
50
44
43
1
51
1
52
44
14
13
12
1
14
13
44
34
33
15
14
13
184
116
35
34
33
68
14
13
12
217
1
22
15
14
13
23
22
21
14
75
30
29
28
23
22
1
76
45
30
29
46
43
40
30
1
57
56
67
44
41
1
68
67
42
1
56
54
72
71
69
68
67
1
73
72
50
47
80
74
73
20
41
46
221
213
1
39
40
44
45
29
37
38
43
26
27
35
36
3964
25
3958
33
22
23
29
30
26
27
33
34
30
31
50
49
53
52
51
53
54
56
55
46
45
35
37
36
20
19
76
22
21
46
47
13
37
36
32
31
30
33
32
27
26
25
1
71
70
28
27
8
72
12
10
9
1
51
50
16
13
11
10
1
62
51
50
1
64
63
1338
65
64
51
1353
1
15
14
1
15
14
1
15
14
1
15
14
1
15
14
13
8779
14
13
1
8792
16
1
17
1
18
17
1
18
17
1
18
17
1
18
17
500
18
17
1
517
18
1
19
18
1
19
18
1
19
18
1
19
18
1
19
18
1
19
8
1
9
8
269
9
278
1
9
8
1
9
8
1
9
8
1
9
8
1
9
8
1
9
8
1
9
8
1
9
8
74
9
65
1
9
8
1
9
8
1
9
8
1
9
8
1
9
39
40
1
8
38
39
9
22
23
24
1
8
21
22
23
9
384
385
1
15
22
23
1
16
13
14
1
15
5
12
13
16
11
8
6
15
13
26
25
12
9
7
1
12
105
28
27
26
1
13
32
106
1
11
37
116
34
33
107
1
42
38
117
1
11
44
43
39
80
69
70
46
45
44
1
24
23
17
16
15
34
26
25
18
1
36
35
28
27
39
38
37
30
29
53
41
40
32
60
2460
46
2473
38
49
48
41
40
51
50
44
43
34
46
45
37
36
35
38
37
29
28
21
29
23
22
21
16
166
35
161
28
27
1
30
29
28
14
13
1
15
14
9
16
15
8
9
10
1
9
8
7
8
9
19
20
1
18
19
9
17
18
30
31
32
125
8
29
30
31
117
48
49
1
4
27
47
48
1
5
4
57
58
1
56
57
1113
5
1122
56
2
9
8
1
10
9
1
10
9
1
10
9
1
10
9
1
10
9
1
10
9
1
10
9
1
10
8
170
9
163
2
7
6
1
8
7
2
8
7
2
9
8
1
10
9
1
10
9
1
10
8
1
9
6
1
7
5
703
6
710
1
7
6
1
7
6
1
7
6
1
7
6
1
7
6
1
7
6
80
7
86
1
6
5
1
6
5
1
6
5
1
6
5
1
6
5
107
6
113
2
6
5
2
7
6
2
8
7
2
9
8
2
10
9
1
11
9
1
10
8
1
9
7
1
8
6
1
7
5
608
6
609
1
1
51
48
82
3739
90
91
3809
83
1
70
50
1
72
71
51
74
73
53
52
1
55
54
44
43
57
56
46
45
48
47
38
37
36
79
39
38
22
80
41
24
23
26
25
19
18
17
21
20
19
15
14
13
1
75
74
97
96
95
29
28
1
30
29
11
32
31
14
13
12
1
15
14
13
67
59
58
16
1
69
68
59
1332
70
59
58
1
1274
28
1
29
28
1
29
28
1
29
28
1
29
28
1
29
1
30
29
1
30
29
8778
30
29
1
8807
31
30
1
31
30
1
31
30
1
31
30
506
31
30
1
536
37
1
38
37
1
38
37
1
38
37
1
38
37
1
38
37
1
38
27
269
28
27
1
242
27
1
28
27
1
28
27
1
28
27
1
28
27
1
28
27
1
28
27
1
28
27
73
28
27
1
100
26
1
27
26
1
27
26
1
27
26
1
27
26
27
18
19
20
1
26
17
18
19
1
27
2
3
371
26
1
2
1
397
42
7
6
1
42
8
7
43
17
16
15
1
42
18
17
16
1
43
42
40
1
40
55
43
41
1
57
56
1
40
39
61
58
57
1
63
62
1
39
67
66
64
63
1
69
68
67
38
47
73
70
69
1
13
21
20
1
14
29
28
22
1
30
24
2516
32
31
25
1
34
2484
1
36
35
26
1
38
37
28
27
1
39
30
29
1
32
31
23
22
166
33
25
24
1
36
191
190
60
59
1
61
60
52
1
37
62
54
53
1
36
55
54
41
40
1
42
41
37
36
43
42
18
17
16
1
36
19
18
17
1
37
9
8
136
36
10
9
1
100
21
127
12
13
1
11
12
1
22
21
10
11
32
1
31
32
1110
22
1139
30
31
1
29
28
1
29
28
1
29
28
1
29
28
52
29
28
1
8
9
10
1
9
10
1
9
10
1
9
10
1
9
10
968
9
958
1
10
11
1
10
11
1
10
1
10
11
1
10
11
1
10
11
1
10
11
1
10
11
1
10
11
261
10
253
1
8
9
1
8
9
1
8
9
1
8
9
1
8
9
1
8
9
1
8
9
82
8
9
1
73
8
1
8
1
7
8
1
7
8
11
1
13
12
1
7
8
22
21
13
1
23
22
7
8
1993
24
23
1
6
8
7
6
5
17
16
1
6
33
18
17
1
5
34
33
5
6
44
42
35
34
499
5
6
475
43
1
561
24
10
48
47
25
10
11
22
49
48
1
10
11
21
22
10
12
10
110
1
11
1
6
2
5
6
4
3
1
6
7
13
12
6
5
1
7
15
14
8
7
1542
17
16
1524
9
3
2
1
15
16
1
4
13
14
32
1
12
30
31
39
1
17
29
37
38
36
37
40
39
18
41
40
557
556
1
3
69
68
53
52
1
3
54
53
2
39
146
1
11
12
39
23
22
1
12
24
23
1
21
20
1
12
22
21
1
11
12
14
13
1
12
15
14
1
11
12
9
1
10
9
1
11
12
11
10
1
11
12
343
11
352
1
9
10
1
9
10
1
9
10
1
9
10
1
9
10
1
9
10
1
9
10
1
9
10
187
9
177
1
10
11
1
10
11
1
10
11
1
10
11
1
10
11
1
10
11
1
10
11
1
10
11
1
10
11
10
2518
1
9
10
1
9
10
1
9
10
1
9
10
1
9
10
1
9
10
1
9
10
1
9
10
94
9
85
1
9
10
1
9
10
1
9
1
8
9
73
1
8
9
1
8
9
1
8
9
1
8
9
967
8
957
1
10
11
1
10
11
1
10
11
1
10
11
1
10
11
1
10
11
1
10
11
1
10
11
1
10
78
263
79
343
1
80
79
1
80
79
1
1
80
79
1
80
79
1
80
79
1
80
79
1
80
79
81
80
79
1
160
80
1
81
80
1
81
80
81
19
18
1
81
80
20
19
81
29
28
1
80
30
29
81
1985
1986
1987
1
82
81
21
20
12
1
22
21
82
38
37
23
22
1
81
46
39
38
1
48
47
82
469
67
48
1
585
63
57
56
35
571
1
63
58
57
64
11
12
64
2
3
11
64
9
8
1
2
164
8
7
1
110
1
85
84
16
15
10
9
84
18
17
11
84
27
20
19
30
29
22
21
26
1559
19
18
70
27
22
21
4
23
6
5
13
7
11
12
20
10
18
19
1
59
58
67
60
59
576
575
86
73
72
57
56
85
58
57
41
1
14
57
50
13
36
35
80
79
37
36
1
79
34
33
1
80
79
34
26
1
79
27
26
1
80
79
27
1
80
22
21
1
80
79
23
22
1
80
79
341
80
262
1
79
78
1
79
78
1
79
78
1
79
78
1
79
78
1
79
78
1
79
78
1
79
78
186
79
78
1
108
74
1
75
74
1
75
74
1
75
74
1
75
74
1
75
74
1
75
74
1
75
74
1
75
74
2528
75
74
1
2454
78
1
79
78
1
79
78
1
79
78
1
79
78
1
79
78
1
79
78
1
79
78
94
79
78
1
16
81
1
82
81
82
81
1
82
81
80
1
81
80
1
81
80
1
81
80
965
81
1044
1
79
78
1
79
78
1
79
78
1
79
78
1
79
78
1
79
78
1
79
78
1
79
78
88
79
175
264
87
86
1
178
10
1
9
10
1
9
10
1
9
10
1
9
10
1
9
10
1
9
10
1
9
10
1
9
10
80
10
1
70
7
1
6
7
1
6
7
63
64
1
62
63
1
6
7
53
54
62
1
52
53
6
7
2068
51
52
1
7
70
71
72
6
61
62
1
6
7
45
60
61
1
6
44
45
6
35
36
37
43
1
6
7
15
16
34
35
522
14
15
14
7
8
507
14
76
77
6
7
14
67
68
75
76
14
56
66
67
14
157
45
54
55
5
70
71
76
77
61
68
69
58
59
60
66
67
50
56
57
64
1535
48
1544
54
72
73
74
81
124
78
79
80
127
128
41
42
58
59
60
57
75
76
84
85
83
84
6
7
8
13
6
7
509
495
1
4
13
27
28
29
1
27
28
3
26
27
43
44
62
3
4
42
43
50
49
1
9
42
43
8
45
46
1
9
44
45
8
52
53
1
8
9
51
52
1
8
9
57
58
1
9
56
57
8
9
342
8
352
1
10
11
1
10
11
1
10
11
1
10
11
1
10
11
1
10
11
10
11
1
10
11
1
10
11
182
10
172
1
10
11
1
10
11
1
10
11
1
10
11
1
10
11
1
10
11
1
10
11
1
10
11
1
10
11
2532
10
2523
1
9
10
1
9
10
1
9
10
1
9
10
1
9
10
1
9
10
1
9
10
1
9
10
97
9
89
1
8
9
1
8
9
1
8
1
7
8
15
1
7
8
1
7
8
1
7
8
963
7
954
1
9
10
1
9
10
1
9
10
1
9
10
1
9
10
1
9
10
1
9
10
1
9
10
96
9
94
1
2
3
168
2
3
1
171
10
1
9
10
1
9
10
1
9
10
1
9
10
1
9
10
1
9
10
1
9
10
1
9
10
77
9
84
1
7
8
1
7
8
1
7
57
58
1
56
57
47
48
1
8
46
47
7
2061
2062
2063
1
6
7
56
57
65
66
1
55
56
6
39
40
55
7
31
38
39
1
7
29
30
6
9
10
8
6
5
521
520
8
63
64
7
6
54
55
62
63
1
42
43
53
54
31
41
42
62
66
67
72
40
5
57
58
64
65
48
49
55
56
40
46
47
53
37
38
43
44
52
53
54
62
63
58
59
68
69
74
75
81
122
123
27
44
45
61
62
62
69
70
7
6
8
7
6
9
10
7
8
9
509
508
22
23
24
39
40
4
5
23
39
58
59
1
5
39
57
58
4
54
65
1
33
37
44
1
8
36
43
1
7
8
35
43
44
1
8
42
43
1
7
8
48
1
8
47
48
1
7
8
47
344
7
354
1
10
11
1
10
11
1
10
11
1
10
11
1
10
11
1
10
11
1
10
11
1
10
11
1
10
11
182
10
11
1
193
10
1
9
10
1
9
10
1
9
10
1
9
10
1
9
10
9
10
1
10
1
9
10
2533
9
10
1
2543
9
1
8
9
1
8
9
1
8
9
1
8
9
1
8
9
1
8
9
1
8
9
98
8
91
1
7
8
1
7
8
7
8
1
7
8
9
1
8
9
1
8
9
961
8
9
1
970
9
1
8
9
1
8
9
1
8
9
1
8
9
1
8
9
1
8
9
1
8
9
103
8
100
1
3
4
1
3
4
161
3
4
1
165
166
1
8
1
7
8
1
7
8
1
7
8
1
7
8
1
7
8
1
75
7
8
1
67
7
1
6
7
1
6
7
51
52
1
50
51
1
6
7
41
49
50
1
6
40
41
1996
6
7
2056
2057
39
40
1
60
61
10
11
50
51
60
1
34
35
49
50
1
33
34
10
24
25
26
32
33
10
11
4
5
23
24
25
1
10
13
12
528
527
1
56
57
14
13
1
47
55
56
1
36
46
47
55
24
34
35
45
129
136
22
23
24
53
210
60
61
204
45
217
51
52
36
37
43
44
28
29
33
34
35
19
20
21
25
26
5
6
23
24
52
53
60
61
62
20
19
38
39
40
54
55
56
64
65
63
64
14
13
12
14
3
4
514
8
17
18
34
35
1
8
33
34
35
53
52
53
7
51
52
60
61
84
8
59
60
70
1
154
36
1
92
6
153
35
42
1
6
35
41
1
5
6
34
5
6
40
45
1
5
39
347
190
1
537
11
1
10
11
1
10
11
1
10
11
1
10
11
1
10
11
1
1
10
11
1
10
11
1
10
11
183
10
11
1
194
10
1
9
10
1
9
10
1
9
10
1
9
10
1
9
10
1
9
10
1
9
10
1
9
10
2534
9
2526
1
8
9
1
8
9
1
8
9
1
8
9
1
8
9
1
8
9
1
8
9
99
8
90
1
9
10
1
9
10
1
9
10
1
9
1
8
9
17
1
8
9
1
8
9
1
8
9
961
8
953
1
8
9
1
8
9
1
8
9
1
8
9
1
9
1
8
9
1
8
102
108
103
102
1
6
7
1
6
7
1
6
7
1
6
7
157
6
7
1
164
8
1
7
8
1
7
8
1
7
8
1
7
8
1
7
8
1
7
8
74
7
81
1
7
8
1
7
8
7
8
45
1
8
44
45
1
7
8
35
36
1
2077
34
35
2076
2050
2051
1
9
50
51
8
40
41
42
8
24
25
40
41
1
8
10
16
17
23
24
1
15
16
531
535
6
528
15
5
22
21
537
3
5
47
48
49
23
22
38
39
46
47
5
26
27
37
38
66
225
71
236
58
59
60
64
65
51
52
53
57
58
38
306
44
50
22
23
244
28
29
8
9
20
21
31
32
39
40
57
58
67
68
13
27
28
45
46
44
231
54
23
24
23
7
6
8
7
6
525
524
523
7
8
9
25
26
24
25
43
44
45
1
17
43
44
52
53
1
17
51
52
51
61
62
86
17
60
61
51
35
36
1
191
190
34
35
191
131
40
195
191
190
34
39
1
5
6
548
5
6
1
542
11
1
10
11
1
10
11
1
10
11
1
10
11
1
10
11
1
10
11
1
10
11
1
10
11
1
10
11
184
10
11
1
195
9
1
8
9
1
8
9
1
8
1
8
9
1
8
9
1
8
9
1
8
9
2535
8
2527
1
8
9
1
8
9
1
8
9
1
8
9
1
8
9
1
8
9
1
8
9
98
8
90
1
8
9
1
8
9
1
8
9
8
9
1
8
9
10
1
9
10
1
9
99
961
100
99
1
862
7
1
6
7
1
6
7
1
6
7
1
6
7
1
6
7
110
6
103
1
7
8
1
7
8
1
7
8
1
7
8
1
7
8
1
7
156
8
1
164
7
1
6
7
1
6
7
1
6
7
1
6
1
7
74
6
80
1
6
7
1
6
7
1
6
6
38
39
1
7
37
38
39
6
28
29
1
6
7
25
36
2042
2041
56
26
35
34
85
42
1
76
17
18
33
84
2
16
17
74
7
65
15
76
452
7
6
5
520
462
26
25
8
7
6
44
45
27
26
34
35
43
44
22
137
136
33
34
67
68
73
74
56
57
61
62
49
50
54
55
56
35
36
41
42
22
25
26
33
34
277
8
21
22
24
34
35
43
52
53
62
71
72
78
79
80
45
46
47
54
55
53
54
55
21
20
13
183
3
701
10
9
7
8
9
17
6
7
8
26
27
1
17
25
26
27
34
26
33
34
35
16
33
34
43
1
17
43
44
16
43
254
68
1
7
39
225
6
59
60
1
7
58
59
230
1
7
1
6
7
553
6
7
1
546
46
1
45
46
1
45
46
45
46
1
45
46
1
45
46
1
45
5
1
4
5
1
4
5
1
4
5
186
4
137
1
49
50
1
49
50
1
49
6
1
5
6
1
5
6
1
5
6
1
5
6
2535
5
2527
1
8
9
1
8
9
1
8
9
1
8
9
1
8
9
1
8
9
1
8
9
98
8
84
1
14
15
1
14
15
1
14
15
1
14
15
1
14
1
13
14
23
1
13
14
108
13
106
1
2
3
855
2
3
1
858
16
1
15
16
1
15
16
1
15
16
1
15
16
109
15
101
1
8
9
1
8
9
1
8
9
1
8
9
1
8
9
1
8
9
1
8
9
157
8
9
1
166
15
1
14
15
1
14
15
1
14
15
1
14
15
74
14
15
1
59
17
1
16
17
16
17
1
16
2090
33
2089
32
33
2131
2070
2090
23
32
2130
20
2047
50
29
30
49
50
1
21
28
29
30
20
9
10
20
58
3
4
8
9
9
8
7
2
3
457
447
19
10
9
8
1
10
476
1
41
132
29
482
477
32
135
40
133
68
69
238
239
72
61
62
63
67
68
51
56
57
61
43
44
45
49
50
30
31
35
36
37
21
23
28
29
2
3
7
8
13
15
28
29
36
37
38
46
47
56
57
65
66
72
73
74
147
148
40
41
34
33
35
34
26
25
16
15
4
1
671
682
10
9
1
11
8
9
7
8
16
17
22
15
16
17
26
27
1
23
25
26
27
22
26
272
271
270
1
8
32
33
1
7
32
52
53
1
8
51
52
1
7
8
51
1
7
8
1
7
8
592
7
598
1
6
7
1
6
7
1
7
1
6
7
1
6
7
40
6
7
1
47
48
1
47
48
1
47
137
141
138
137
1
4
5
1
43
4
5
1
48
49
1
48
49
1
48
49
1
48
49
2532
48
49
1
2581
17
1
16
17
1
16
17
1
16
17
1
16
17
1
16
17
1
16
287
92
288
287
1
195
10
1
9
10
1
9
10
1
9
10
9
10
1
9
10
115
119
116
115
1
4
5
1
4
5
842
4
5
1
847
5
1
4
5
1
4
5
1
4
106
116
107
1
10
11
1
10
11
1
10
11
1
10
11
1
10
11
1
10
11
1
10
1
11
151
10
419
1
570
571
1
570
571
1
570
571
1
1
570
571
76
570
571
1
495
496
1
495
2074
496
1
1578
18
42
43
1
41
42
1
17
18
30
31
32
40
41
1
30
31
17
10
11
30
18
10
9
8
9
10
1
16
11
10
9
17
17
16
15
10
28
27
18
17
16
40
39
148
29
28
46
45
138
40
147
304
211
47
46
53
55
56
58
35
45
46
51
52
38
132
42
43
39
50
51
33
59
11
90
16
17
103
3
65
8
9
19
18
5
4
19
21
29
30
31
37
38
39
46
47
54
295
61
286
57
56
17
18
19
18
26
27
49
48
49
48
41
40
39
41
40
30
29
31
30
29
19
18
20
19
18
8
7
668
669
15
8
7
6
1
9
8
7
227
3
1
2
239
1
2
295
294
1
10
23
24
25
9
24
43
44
45
1
10
43
44
1
43
1
9
10
1
9
10
591
9
600
1
9
10
1
9
10
1
9
10
1
9
10
1
9
10
1
9
10
1
9
10
1
9
10
184
9
174
1
10
1
11
1
10
11
1
10
11
1
10
11
1
10
11
1
10
11
1
10
11
1
10
11
2564
10
11
1
2575
6
1
5
6
1
5
6
1
5
299
1
300
299
303
300
299
1
4
5
205
4
5
1
200
6
1
5
6
1
5
6
1
5
6
1
5
125
4
120
111
1
5
6
1
5
6
1
5
6
1
5
6
842
5
6
1
848
671
1
670
671
110
670
671
1
781
10
1
9
10
1
9
10
1
9
10
1
9
10
1
9
10
1
9
10
1
9
10
1
9
10
409
9
419
1
10
11
1
10
11
1
10
11
1
1
10
11
1
10
11
1
10
11
1
10
1
11
1596
10
1604
1
8
9
25
26
1
24
25
8
9
15
24
25
1
6
13
14
15
8
7
6
14
26
25
8
7
6
32
31
27
26
25
44
141
142
33
32
20
19
11
10
30
29
21
20
19
43
44
45
31
30
33
34
42
43
44
16
23
24
47
48
49
41
150
30
31
32
39
40
7
8
20
21
32
17
15
6
34
12
11
10
11
22
23
24
30
31
39
40
47
48
54
55
61
62
64
65
286
287
19
56
57
56
55
48
47
48
47
38
37
36
38
37
26
25
27
26
25
15
14
16
15
14
12
926
690
1
6
230
10
11
12
1
10
11
10
240
30
31
56
70
15
30
57
56
13
126
34
1
86
5
125
33
34
1
5
33
1
4
5
1
4
6
591
5
7
1
584
10
1
9
1
12
1
11
12
1
11
12
1
11
12
1
11
12
1
11
12
183
11
12
1
195
11
1
10
11
1
10
11
1
10
11
1
10
11
1
10
11
1
10
11
1
10
11
1
10
11
1
10
11
2569
10
11
1
2580
297
1
298
297
304
298
297
1
7
8
1
7
8
1
7
8
1
7
8
206
8
1
198
115
1
116
115
1
116
115
116
115
1
9
10
11
1
10
11
1
10
11
1
10
11
1
10
11
177
10
174
1
3
4
1
3
4
771
3
4
1
775
12
1
1
12
1
11
12
1
11
12
1
11
12
1
11
12
1
11
410
426
1
16
17
1
16
17
1
16
17
1
16
17
1
16
17
1
16
17
1
16
17
1
16
1
16
17
1594
16
1606
1
12
13
12
13
17
18
1
17
18
12
6
7
8
17
1
14
13
42
6
7
56
14
41
85
19
12
11
92
89
90
86
20
19
15
14
13
8
7
24
23
22
15
14
34
33
25
24
31
40
46
34
20
21
29
30
31
210
211
11
12
13
29
30
37
38
6
7
18
19
34
33
17
15
13
27
26
3
2
12
13
24
9
17
18
25
25
32
33
39
69
68
19
20
21
23
24
25
57
56
57
56
50
49
48
50
49
397
37
387
43
42
32
31
30
32
31
30
19
21
20
19
931
930
15
20
895
19
5
4
3
1
22
5
4
16
15
16
17
2
21
22
15
16
17
41
15
39
40
41
81
19
20
38
39
1
101
11
1
10
11
2
10
11
2
9
10
594
8
9
2
2
9
10
1
8
9
1
8
9
1
8
9
1
8
9
1
8
9
8
9
184
8
9
1
193
11
1
10
11
1
10
11
1
10
11
1
10
11
1
10
11
1
10
11
1
10
11
1
10
11
1
10
11
2877
10
1
9
1
8
9
8
9
1
8
9
1
8
9
1
8
9
1
8
9
83
8
9
1
74
10
1
9
10
1
1
9
1
8
9
17
1
8
1
9
1
8
9
1
8
9
184
8
180
1
4
5
1
4
5
1
4
5
763
4
5
1
768
8
1
7
8
1
7
8
1
7
8
1
7
8
1
7
8
1
7
8
415
7
1
10
11
1
10
11
1
10
11
1
10
11
1
1
10
11
1
10
11
10
11
1
10
11
1590
10
160
1
1750
10
1
9
10
6
7
57
4
5
6
62
61
12
11
5
25
13
12
11
1
34
27
26
35
34
27
26
74
41
36
35
34
18
17
36
27
26
18
50
49
38
37
36
18
27
28
50
208
9
10
17
19
20
27
28
35
5
4
8
9
44
43
24
23
40
39
16
3
1
10
11
6
7
8
15
16
22
23
31
32
33
42
43
44
53
54
239
16
17
65
64
65
64
57
56
44
45
44
43
36
35
44
36
35
24
23
1
35
324
23
24
23
935
934
43
42
28
27
26
1
28
27
26
7
6
27
7
6
1
7
8
7
6
17
18
19
1
18
19
1
7
8
17
18
19
7
1
11
12
1
11
12
1
11
12
1
11
596
12
1
584
13
1
12
13
1
12
13
1
12
13
1
12
13
1
12
13
1
13
1
12
13
182
12
13
1
195
12
1
11
12
1
11
12
1
11
12
1
11
12
1
11
12
1
11
12
1
11
1
12
2879
11
12
1
2891
9
1
8
9
1
8
9
1
8
9
1
8
9
1
8
9
1
8
9
1
8
9
84
8
92
1
8
9
1
8
9
8
9
1
8
9
10
1
9
10
1
9
10
1
9
188
183
1
5
6
1
5
6
1
5
6
1
5
6
760
5
6
1
766
12
1
1
11
12
1
11
12
1
11
12
1
11
12
11
428
1
10
11
1
10
11
1
10
11
1
10
11
1
1
11
1
10
11
1
10
11
1
170
169
168
1760
2
3
1
1757
1
1756
1757
70
3
53
54
2
8
7
6
25
24
8
41
40
39
27
26
25
1
49
42
41
50
49
57
56
55
50
49
29
28
20
374
39
38
30
29
386
26
329
52
407
39
30
31
641
37
295
14
15
16
22
23
18
17
10
9
46
45
62
61
38
24
23
11
10
9
9
10
11
14
104
17
26
27
37
38
37
38
48
49
26
25
15
14
308
62
51
50
49
51
50
49
42
41
40
41
40
30
29
30
29
28
22
21
20
1235
21
20
1272
1215
51
37
36
35
37
36
35
17
16
15
17
16
15
9
16
15
9
10
1
19
20
8
9
10
1
19
20
9
10
86
1
11
12
1
11
12
1
11
12
1
11
1
11
12
597
11
606
1
9
10
1
9
10
1
9
10
1
9
10
1
1
9
10
1
9
10
1
9
10
183
9
173
1
10
11
1
10
11
1
10
1
11
10
11
1
10
11
1
10
11
1
10
11
1
10
11
2882
10
2874
1
8
9
1
8
9
1
8
9
1
8
9
1
8
9
1
8
9
1
8
9
84
8
9
1
75
9
1
8
9
1
8
9
1
8
1
7
8
17
1
7
8
1
7
8
1
7
8
192
7
186
1
6
7
1
7
1
6
7
1
6
7
1
6
7
754
6
7
1
761
6
1
5
1
6
1
5
6
1
5
6
417
5
426
1
9
1
10
1
9
10
1
9
10
1
9
1
1
9
10
1
9
172
178
173
1
6
7
1
6
7
6
1
6
7
1827
6
7
1
1820
16
15
16
15
14
33
32
31
16
15
14
46
33
32
31
1
46
45
32
54
285
47
46
45
19
18
9
8
41
40
29
28
52
51
50
41
40
16
17
18
61
60
15
16
22
23
25
24
16
15
36
35
24
23
11
10
4
3
6
15
16
26
27
26
27
37
38
38
37
36
26
25
24
20
19
20
19
18
306
48
47
37
36
37
36
28
36
28
27
21
28
27
26
21
20
1
1200
1201
56
37
36
1
57
37
36
11
37
36
12
11
10
1
6
11
1
5
6
12
11
1
5
6
94
1
6
7
1
6
7
1
6
7
1
1
6
7
595
6
607
1
12
13
1
12
13
1
12
13
1
1
12
13
1
12
13
1
12
13
1
12
13
182
12
168
1
14
15
1
1
15
1
14
15
1
14
15
1
14
15
1
14
15
1
14
15
1
14
611
2884
612
611
1
2273
12
1
11
12
1
11
12
1
11
12
1
11
12
1
11
12
1
11
12
1
11
12
84
11
12
1
72
10
1
9
10
9
10
1
9
10
11
1
10
11
1
10
11
193
10
179
1
14
15
1
14
15
1
14
15
1
15
1
14
15
1
14
15
755
14
15
1
770
771
1
770
1
1
334
335
421
334
335
1
86
8
1
7
1
8
1
7
8
1
7
8
1
1
8
181
7
174
7
1
8
1
7
8
1
8
1
7
8
1
1818
5
19
4
20
19
18
1
19
18
36
35
19
17
50
49
36
35
11
10
9
228
229
230
21
20
19
11
10
9
31
30
29
19
52
51
42
41
25
26
33
34
35
20
13
12
5
4
33
32
22
21
15
14
15
22
23
20
21
29
30
30
31
51
50
55
50
49
50
49
48
43
42
42
41
35
34
33
34
33
23
392
62
26
23
27
116
23
22
1
23
109
108
16
15
109
16
101
101
1345
5
1320
1
19
18
1
19
18
1
4
5
1
4
5
1
6
7
1
6
7
1
6
1
1
6
94
601
95
94
1
695
694
1
7
1
6
7
1
6
7
1
6
7
1
6
7
1
6
180
698
1
1
517
8
1
7
8
1
7
8
1
7
8
1
7
8
1
7
615
1
616
615
625
616
614
1
11
13
2261
12
14
1
2275
9
1
8
9
1
8
10
1
9
11
1
10
12
1
11
12
1
11
12
1
11
12
82
11
92
1
10
11
1
10
11
1
10
1
9
10
1
9
10
1
9
10
189
9
174
1
15
16
1
15
16
1
15
16
1
15
16
1
15
1
16
1
15
16
1
15
16
435
15
16
1
451
12
1
1
12
94
11
73
1
167
166
1
1
83
1
84
83
1
84
83
1
181
84
257
1
76
1
1
76
75
1
76
1
1
76
75
1
1823
76
171
1
1993
22
20
21
19
38
37
20
18
380
35
325
26
18
35
34
26
25
73
74
35
34
28
18
130
125
58
57
53
52
51
72
595
61
60
14
15
21
22
8
9
15
16
3973
18
3879
23
24
200
61
25
26
234
233
53
49
48
41
40
39
31
30
49
42
41
40
41
40
31
30
30
29
20
19
18
19
114
108
30
29
28
23
22
21
1
22
21
12
11
22
21
12
11
10
1
12
11
10
1301
75
1897
11
10
1325
1
24
1
595
1
596
91
1
504
80
1
81
80
1
81
1
80
100
81
164
1
64
63
1
64
1
702
64
63
1
765
764
1
765
764
1
765
764
1
765
705
2
59
58
2
60
59
525
61
60
1
585
84
1
85
84
1
85
84
1
85
84
622
85
687
1
65
2
64
2
2
66
2266
68
1
74
2
75
74
2
75
2
77
76
1
1
78
77
1
81
78
3
1
1
77
78
1
78
77
1
183
77
1
69
1
70
69
1
70
69
1
70
69
1
70
69
1
70
69
1
1
69
1
70
69
439
70
69
1
370
73
1
84
73
1
11
12
84
11
12
72
1
4
1
3
4
3
173
161
1
12
13
1
1
13
12
1
1
12
13
95
12
87
1
1
49
48
49
50
51
41
42
49
50
51
42
43
51
33
34
35
42
43
25
26
237
35
232
29
31
32
33
38
54
55
49
38
39
54
55
39
40
57
19
29
44
45
46
47
135
30
142
36
36
37
38
220
43
210
46
47
55
56
46
47
55
56
57
147
148
59
60
50
51
60
61
62
60
61
62
1
61
62
63
62
1822
6
1817
1
6
1
5
1
424
5
6
1
418
1
418
417
83
418
70
1
13
1
1
13
14
1
13
14
1
13
14
1
13
1
1
1
13
14
1
13
14
1
13
14
1
13
14
501
13
14
1
593
1
1
602
1
9
10
1
9
10
1
9
10
1
9
10
1
9
10
2273
9
10
1
2283
7
1
6
7
1
6
7
1
6
7
1
6
7
1
6
7
81
6
7
1
74
7
1
6
7
1
6
7
1
6
1
5
6
10
1
5
6
176
5
165
1
11
12
1
1
1
11
12
1
11
12
1
11
12
1
11
12
1
11
12
1
1
443
11
12
1
455
6
1
5
1
1
5
6
1
5
6
76
1
69
164
70
145
1
1
20
1
19
1
1
19
20
1
1
20
99
1
1
1
48
49
49
50
213
56
58
42
43
57
60
19
20
43
44
62
17
22
45
46
21
20
46
47
18
187
229
24
25
10
54
151
28
29
29
30
49
30
31
49
50
31
118
50
51
56
57
1
146
53
1
53
1
1823
1
15
16
1
1
1
15
16
1
1
16
1
15
16
348
15
1
1
20
1
19
20
1
19
20
1
1
1
19
20
1
19
20
1
19
20
1
19
20
1
19
1
1
19
89
1
17
18
1
17
18
1
17
18
1
17
18
1
17
18
1
17
18
1
17
18
1
17
18
1
17
18
2276
17
18
1
2294
7
1
6
7
1
6
7
1
6
7
1
6
7
1
6
7
81
6
7
1
74
5
1
4
5
4
5
1
4
170
1
1
1
1
1
1
1
1
1
1
449
1
1
1
1
1
75
1
1
1
1
1
1
104
1
1
1
12
13
10
11
9
7
8
9
7
8
1
1
1
1
1
1
1
1
1
1
1
352
1
1
1
1
1
1
1
1
1
1
1
1
108
1
1
1
1
1
1
1
1
1
1
2287
1
1
1
1
1
1
79
1
1
2
24
25
1
23
24
2
23
24
163
22
24
1
139
33
1
32
33
1
32
33
2
32
33
2
31
32
2
30
31
2
29
30
2
28
30
2
28
31
2
29
31
700
29
675
1
25
26
1
25
26
1
25
26
1
25
26
2
25
26
2
24
25
87
23
56
1
31
32
1
31
32
1
31
32
2
31
32
108
30
31
1
139
32
1
31
32
1
31
32
2
31
32
2
30
31
2
29
30
2
28
30
2
28
30
2
28
30
2
28
30
609
28
30
1
639
36
1
35
2
67
1
1
29
30
1
9
28
29
30
8
9
10
29
169
7
8
42
43
44
161
1
34
35
36
42
43
1
34
35
1
26
27
28
33
34
35
1
10
26
27
2
9
12
26
27
1
11
7
10
13
2
12
11
2
14
13
3
19
18
3
22
21
3
24
34
33
1
86
173
1
84
85
3900
1
83
3902
3901
1
81
82
3904
3903
79
80
3907
3905
40
46
44
23
22
49
47
26
25
24
28
27
26
17
16
19
18
9
8
7
10
9
6
7
8
4
5
6
12
13
10
11
12
16
17
20
40
39
27
28
1
25
26
27
45
42
43
44
1
41
42
43
1
1
1302
1
1
1
1
1
1
1
8776
1
1
1
1
1
499
1
1
1
1
1
11
1
17
18
19
1
18
19
1
18
19
1
18
1
18
19
1463
18
1452
1
11
12
1
11
12
1
11
12
1
12
1
11
12
11
256
1
13
16
1
15
16
1
15
17
1
16
18
1
17
19
18
1
15
16
1
15
17
1
16
18
1
17
1
20
1
19
21
20
1
20
21
797
20
21
1
818
12
1
11
13
1
12
1
13
15
1
14
16
1
15
17
1
16
18
1
17
18
83
17
18
1
65
9
1
8
10
1
9
11
1
10
12
1
11
12
432
11
423
1
9
11
1
10
12
1
11
13
1
12
14
1
13
15
1
14
15
73
14
83
1
10
12
1
11
13
1
12
14
1
13
15
1
14
16
1
15
16
1
15
16
3987
15
3995
1
8
9
1
8
9
1
8
9
93
8
9
1
102
12
11
12
1
12
1
12
1
11
12
785
11
12
797
23
24
1
23
24
1
23
24
1
23
24
1
23
24
1
23
24
1
23
24
1
23
24
1
23
24
1
23
24
77
23
24
53
21
1
22
1
21
22
1
21
23
1
22
24
1
23
25
1
24
26
343
25
334
1
9
11
1
10
12
1
11
13
1
12
14
1
13
15
1
14
16
1
15
16
172
15
16
1
188
14
1
13
15
1
14
16
1
15
16
1
15
1
14
15
24
1
14
15
1
14
15
1
14
15
1
14
15
1470
14
15
1
1485
6
1
1
5
6
1
5
6
1
5
6
267
3
273
11
1
2
8
9
2
7
2
6
7
5
1
56
23
22
23
2
21
22
2
20
21
2
19
20
2
18
19
1
17
18
1
17
18
1
17
18
806
17
18
2
824
15
13
14
2
12
13
2
11
12
2
10
11
2
9
10
1
8
9
1
8
9
8
2
8
9
2
7
8
2
6
7
1
5
6
434
5
6
2
440
12
2
10
2
9
10
2
8
9
2
7
8
1
6
7
69
6
7
2
62
13
2
11
12
2
10
11
2
9
10
2
8
9
1
7
8
1
7
8
3980
7
3985
1
5
6
1
5
6
1
5
1
5
6
90
5
6
1
96
6
1
5
6
1
5
6
1
5
6
1
5
6
774
5
6
2
780
15
1
13
14
1
13
14
1
13
14
1
13
14
1
13
1
14
1
13
15
1
14
16
1
15
16
1
15
74
15
16
2
58
14
1
12
2
13
2
11
12
2
10
2
10
359
8
9
2
368
15
2
14
2
12
13
2
11
12
2
11
2
9
10
1
8
9
1
8
174
8
9
2
183
12
2
10
11
1
9
10
9
10
1
9
10
11
1
10
11
1
10
11
1
10
11
1
10
11
1479
10
11
1
1490
6
1
5
6
1
5
1
6
1
5
6
262
5
6
1
268
6
1
5
6
1
6
1
5
1
6
79
5
1
13
1
12
13
1
13
1
12
13
1
12
12
13
1
13
1
13
1
12
13
809
12
801
1
8
1
8
9
1
8
9
1
8
9
1
8
9
1
9
1
8
9
74
8
80
1
6
7
1
6
7
1
6
7
1
6
7
1
6
7
428
6
7
1
435
7
1
6
7
1
6
7
1
6
7
1
6
7
1
6
7
75
6
82
1
7
8
1
7
8
1
7
8
1
7
8
1
7
8
1
7
8
3978
7
3987
1
9
11
1
10
11
1
10
11
1
11
1
10
11
90
10
84
1
6
7
1
6
7
1
7
1
6
7
1
6
7
765
6
7
1
772
14
1
13
14
1
13
1
14
1
13
14
1
13
14
13
2
12
13
1
11
12
11
12
1
11
12
72
11
79
1
7
8
1
7
8
1
7
8
1
7
8
1
7
8
1
7
8
353
7
8
1
361
9
1
8
9
1
8
9
1
8
9
1
8
9
1
8
9
1
8
9
1
8
9
171
8
9
1
180
11
1
10
11
1
10
11
1
10
1
9
10
18
1
9
10
1
9
10
1
9
10
1
9
10
1
1484
9
1478
1
6
1
6
7
1
6
7
1
6
1
7
6
256
1
6
7
1
6
7
1
6
7
1
6
7
1
6
7
6
1
9
10
1
9
10
1
9
10
1
9
10
1
9
10
1
9
10
1
9
10
1
9
10
813
9
801
1
12
13
1
12
13
1
12
1
13
1
12
13
1
12
13
1
12
13
72
12
79
1
7
8
1
7
8
1
7
8
1
7
8
1
7
8
1
7
8
428
7
419
1
9
10
1
9
10
1
9
10
1
9
10
1
9
10
76
9
10
1
66
10
1
9
10
1
9
10
1
10
1
9
10
1
9
3980
9
3987
2
7
8
1
6
7
1
6
7
6
7
1
6
7
94
7
1
101
7
1
6
7
6
7
1
6
7
1
6
7
1
7
758
6
7
1
14
1
13
14
1
13
14
1
13
14
1
13
14
1
13
14
1
13
110
1
111
110
1
111
110
1
111
110
68
111
76
1
8
9
1
8
9
1
8
9
1
9
1
8
9
1
8
9
1
352
8
343
1
9
10
1
1
9
10
1
9
10
1
9
10
1
9
10
1
9
10
1
9
10
169
9
10
1
179
9
1
8
9
1
8
9
10
1
9
10
1
10
1
9
10
1
9
10
1487
9
1
6
7
1
6
7
6
7
6
7
1
7
262
6
1
269
6
1
1
5
1
6
1
89
5
6
1
1
8
9
1
1
8
9
1
8
1
8
9
1
8
9
1
810
8
800
1
10
11
1
10
11
1
10
11
1
10
11
1
10
11
1
10
11
1
10
11
67
10
74
1
7
8
1
7
1
7
8
7
8
1
8
1
7
8
426
7
8
1
434
7
1
6
7
1
6
7
1
6
7
1
6
7
1
6
7
76
6
86
1
10
11
1
10
11
10
11
1
10
11
1
10
11
3978
10
11
1
3967
12
1
12
1
11
12
1
11
12
1
11
12
1
11
12
94
11
12
1
106
10
1
9
10
1
9
10
1
9
10
9
10
1
9
10
751
9
10
1
761
6
1
5
6
1
5
6
1
5
6
1
5
123
5
115
1
8
9
1
1
8
9
187
8
9
178
8
1
7
8
1
7
8
1
7
8
1
7
8
1
7
8
1
7
8
351
7
8
1
359
10
1
10
1
9
10
1
9
10
9
10
1
9
10
1
9
10
1
9
10
1
10
170
9
161
1
9
10
1
9
10
1
9
1
8
9
16
1
8
9
1
8
9
1
8
9
1
1490
50
1483
1
7
8
8
1
8
1
1
7
8
1
7
263
1
6
1
1
5
1
5
6
1
5
6
92
5
6
1
86
8
1
8
1
7
8
1
7
8
1
7
8
1
7
8
7
8
808
7
197
1
611
8
1
7
8
1
1
7
8
1
7
8
1
7
8
1
7
8
64
7
8
1
56
11
10
11
1
10
11
1
10
11
1
10
11
1
10
11
1
10
11
427
10
11
1
438
8
1
7
8
1
7
8
1
7
8
1
7
8
80
7
8
72
8
1
7
8
1
7
8
1
7
8
1
7
8
1
7
8
3979
7
3995
1
16
17
1
16
17
1
16
1
16
17
1
16
17
1
16
17
96
17
1
113
9
1
8
9
1
8
1
8
9
1
8
9
1
8
9
755
8
1
764
5
1
4
5
1
4
5
1
120
115
114
1
6
7
1
6
7
1
6
7
1
6
7
186
6
7
1
179
8
1
7
8
1
7
8
1
7
8
1
7
1
7
8
1
7
8
349
7
1
9
10
1
9
10
1
9
1
9
10
1
9
10
1
9
10
1
9
10
1
9
119
170
120
163
1
7
8
1
7
8
7
8
1
7
1
48
49
1
43
48
1533
6
7
1
1
1
265
1
160
1
159
5
1
4
5
4
5
1
4
5
94
4
1
89
88
1
1
199
198
1
199
1
198
1
199
198
204
199
198
603
6
7
1
610
8
1
7
8
1
7
8
1
7
8
1
1
7
1
7
8
67
7
78
1
11
12
1
11
12
1
11
12
1
11
12
1
11
12
1
11
12
1
11
12
430
12
1
442
6
1
5
6
1
5
6
1
5
6
1
5
6
80
5
86
1
6
7
1
6
7
1
6
7
1
6
7
1
6
7
3988
6
7
1
3981
8
1
7
8
1
7
8
1
7
8
1
8
1
7
8
7
8
104
8
1
112
11
1
10
11
1
10
11
1
10
11
1
10
11
10
11
759
11
1
770
109
1
110
109
118
110
109
1
9
10
1
9
10
1
9
10
1
9
10
1
9
1
187
10
177
7
1
6
7
1
6
7
1
6
7
1
6
7
1
6
7
347
6
7
1
354
8
1
7
8
1
7
8
1
7
8
1
7
8
1
7
1
8
128
7
114
43
14
15
1
58
59
1
58
1
59
41
58
1
17
18
1
17
1
18
17
18
1
17
18
1
1
112
1
1
11
10
11
1
165
6
1
6
1
1
5
6
1
6
109
5
102
1
7
8
1
7
8
1
7
8
1
7
8
7
8
7
602
7
8
1
610
611
1
6
1
5
6
1
5
6
1
5
6
1
5
6
71
5
80
1
9
10
1
9
10
1
9
10
1
9
10
1
9
10
1
9
10
1
9
10
1
9
10
436
9
431
1
5
6
1
5
6
1
5
6
1
5
81
5
6
1
75
7
1
6
7
1
7
1
6
7
1
6
7
1
7
3989
6
1
8
9
1
9
1
8
9
1
8
9
1
8
1
265
266
265
101
265
1
164
7
1
6
7
1
7
1
6
7
1
6
7
1
6
879
6
869
1
10
11
1
10
11
10
11
11
1
11
1
10
11
1
10
11
1
10
11
1
10
11
184
10
11
1
173
89
1
88
1
89
1
88
4
1
3
1
4
346
3
272
1
74
1
75
1
74
75
1
1
74
75
1
74
75
121
74
75
196
18
1
18
1
17
18
1
17
18
17
1
17
18
19
1
18
19
18
19
18
1
109
1
11
1
11
159
1
1
170
1
3
1
2
3
107
2
98
9
1
9
10
1
9
1
10
1
9
10
1
9
10
1
9
10
1
9
10
9
346
1
258
259
1
258
259
1
258
1
259
75
258
259
1
184
9
1
8
9
8
1
9
1
8
9
1
8
9
1
8
93
1
92
93
440
92
434
1
6
7
1
6
7
1
6
7
1
7
1
6
7
82
6
88
1
6
7
1
6
7
1
6
7
1
7
1
6
95
3991
94
1
6
1
5
6
5
6
1
273
5
262
1
11
12
1
12
1
11
12
171
12
1
159
9
1
9
1
9
1
8
9
1
8
9
875
8
9
1
884
11
1
11
1
10
11
1
10
11
1
10
11
1
10
11
1
11
1
10
11
1
10
11
1
262
10
265
1
3
4
1
3
4
84
3
4
1
88
89
88
2
275
1
267
1
8
9
1
8
9
1
8
9
1
8
9
1
8
9
1
8
9
1
178
8
9
1
187
10
1
9
10
1
1
9
10
1
9
8
9
68
1
9
8
9
1
1
1
8
1
8
1
1
9
167
8
2
3
100
91
1
9
1
10
1
9
10
1
9
77
1
78
77
78
77
1
78
77
78
355
78
1
78
77
1
78
77
1
78
77
1
1
78
77
175
78
77
1
98
99
1
98
99
1
98
99
1
98
83
1
84
83
85
84
1
1
84
83
526
83
1
443
80
1
81
80
1
81
80
1
1
81
80
82
81
1
1
81
80
1
81
80
1
80
1
81
2
89
1
3
3902
86
84
1
3986
1
1
1
1
78
1
79
78
1
78
1
79
78
168
78
1
246
81
82
81
1
82
81
1
81
1
82
873
508
1
365
74
1
75
74
1
75
1
75
74
1
75
74
1
75
74
1
75
74
1
75
1
75
74
255
75
174
1
1
81
80
1
81
80
1
86
81
80
6
343
1
75
74
1
75
74
75
1
75
74
1
75
74
1
74
1
75
74
1
75
254
1
77
76
1
77
1
76
1
77
1
1
1
70
1
1
71
70
1
350
93
351
1
257
74
1
75
74
74
1
12
13
1
12
1
13
1
12
13
12
13
1
10
1
9
10
1
9
10
1
9
10
1
9
1
9
10
1
9
10
1
9
10
1
9
10
181
10
1
191
2
85
1
96
1
11
12
1
11
12
523
11
1
535
5
1
4
5
1
4
5
1
4
5
82
4
187
1
105
106
1
1
105
106
83
105
106
2
23
23
2
22
1
20
21
1
1
5
1
4
1
5
4
5
165
5
1
160
159
1
1
160
159
426
160
420
1
6
7
439
6
7
1
446
447
1
446
1
11
1
10
11
1
10
11
1
10
11
1
10
1
11
249
10
256
1
7
8
1
7
8
1
8
1
7
1
349
8
1
357
9
1
1
8
9
1
8
1
9
1
8
9
1
9
1
8
9
179
8
162
1
17
1
1
18
1
17
1
1
16
1
1
1
1
1
1
1
1
5
6
183
1
9
1
10
1
9
1
1
10
1
9
10
1
9
10
1
9
1
10
11
1
10
11
1
1
10
11
1
10
11
1
10
11
1
10
1
10
11
1
10
11
189
10
11
95
200
99
1
4
5
1
4
1
4
5
530
4
5
1
535
273
1
1
2
3
183
2
193
1
10
1
10
11
1
10
11
1
10
11
1
1
10
11
1
10
11
1
11
8
1
1
7
8
1
7
8
1
7
8
1
7
1
8
260
7
255
5
6
1
6
1
5
6
1
5
6
435
5
6
1
441
6
1
1
5
6
5
6
1
5
258
246
257
1
13
1
12
13
12
13
1
12
13
1
12
13
1
12
13
348
1
10
11
1
10
1
11
1
10
11
1
11
1
10
11
1
170
10
1
518
517
1
517
1
518
517
1
14
1
536
1
1
1
1
1
11
187
1
176
9
1
9
1
8
9
1
1
8
9
8
9
1
8
9
1
8
9
357
346
1
11
1
12
1
12
1
11
12
1
11
12
1
1
11
12
1
11
12
1
11
12
1
101
11
96
1
5
1
6
1
5
6
1
5
6
262
5
261
269
1
2
1
271
272
191
271
201
10
11
1
10
11
1
10
11
1
10
1
11
1
10
11
1
10
1
11
1
10
1
1
7
8
1
8
7
1
8
1
7
8
1
262
7
256
1
6
7
1
7
1
6
7
1
1
435
6
7
1
442
4
1
3
4
1
253
3
261
1
8
9
1
8
9
1
1
9
1
1
1
8
9
350
8
339
1
11
1
12
1
11
12
1
1
12
1
11
12
698
11
681
1
17
1
18
1
1
1
17
16
1
2
1
1
1
1
58
1
1
10
185
11
1
1
174
7
1
1
6
7
1
6
1
109
1
110
109
354
110
109
1
245
11
1
10
11
1
10
11
1
10
11
1
10
11
1
10
11
1
1
10
11
1
10
11
1
10
11
107
10
102
1
5
6
1
5
6
1
1
5
6
266
5
256
10
11
1
10
11
70
10
54
1
16
17
1
17
1
16
1
1
17
1
16
17
1
1
16
17
3
15
3
10
1
7
1
6
7
1
1
6
7
263
256
1
7
1
1
7
8
1
7
8
1
1
438
8
1
446
1
2
258
1
269
1
1
11
12
1
11
12
1
1
1
11
12
11
12
347
12
1
359
12
1
11
12
1
1
11
12
1
1
11
12
1
11
673
1
1
1
19
1
1
1
19
107
1
1
1
61
1
1
1
181
6
1
1
109
115
110
1
7
1
1
234
6
7
1
241
10
1
9
10
1
9
10
1
1
10
1
9
10
1
9
10
1
9
10
1
5
6
1
5
6
1
5
1
6
261
5
258
1
3
1
4
64
3
4
68
1
8
1
7
8
1
1
7
8
1
7
1
8
1
7
1
7
1
7
6
105
1
6
1
1
6
1
5
262
253
1
9
10
1
1
9
10
1
1
1
9
10
1
9
10
1
9
444
10
268
454
366
1
98
9
1
8
9
1
1
9
1
8
9
1
8
1
1
8
9
8
1
911
910
1
1
4
1
1
676
684
9
1
1
1
1
1
1
1
1
1
1
1
51
1
1
1
1
1
66
1
8
1
7
1
8
7
1
1
8
231
7
1
240
1
239
1
1
1
239
107
1
1
108
107
1
108
116
1
10
1
9
10
1
9
1
263
1
5
1
6
1
5
6
1
5
60
6
1
66
6
1
1
5
6
1
1
6
5
1
8
1
7
1
1
7
1
106
7
1
6
5
1
6
1
5
258
1
10
11
1
1
10
11
1
10
11
1
1
1
11
1
1
86
85
86
85
89
3
4
1
1
6
7
1
6
7
1
1
6
7
1
1
16
1
15
1
16
915
15
914
236
16
1
218
1
1
1
1
1
1
1
1
1
1
1
1
1
1
1
1
1
1
14
1
14
1
1
14
1
13
1
13
14
1
13
14
1
1
14
346
13
14
1
360
1
1
9
1
8
9
1
1
9
1
1
267
8
261
1
6
1
1
6
7
1
6
1
7
60
6
7
1
1
1
1
1
1
1
1
1
205
1
108
1
95
1
95
1
253
245
1
8
1
9
1
1
1
8
9
1
8
1
6
7
1
1
7
1
86
6
7
1
1
8
1
7
1
1257
1
21
1
20
1
1
20
21
1
1
1
230
1
1
1
1
1
1
1
1
1
1
49
1
1
1
1
17
1
1
1
1
1
18
1
17
1
343
1
8
9
1
1
8
1
1
1
8
9
1
8
269
9
1
278
15
1
1
1
1
1
1
1
18
1
18
19
1
1
1
1
1
1
1
1
149
1
1
1
6
7
1
1
87
1
88
97
1
1
11
1
10
1
1
1
1
11
1
1244
1
25
26
25
26
1
1
26
1
1
1
1
1
87
1
1
1
186
1
1
1
1
2098
1
1
56
1
1
1
1
1
2
2
362
1
1
1
1
1
1
1
263
2
3
2
1
1
1
1
1
1
1
1
1
1
1
1
1
1
1
1
1
1
93
1
1
1
1
1
1
1
1
1
1
1315
1
1
1
1
1
1
1
1
1
92
1
1
1
171
1
269
1
1
1
1
1
1
1
1
74
1
1
1
1
1
47
48
1
46
47
1
30
31
45
46
1
29
30
355
393
28
29
36
37
38
1
28
29
35
36
37
1
27
28
2
3
5
26
27
2
1
3
15
14
13
1
1
19
17
16
22
21
20
27
26
24
23
1
33
30
29
28
35
34
31
1
12
11
6
126
14
13
7
1
23
22
16
15
14
1
25
24
18
17
2515
27
26
2537
19
1
32
2488
23
22
1
34
33
25
24
1
36
35
27
26
17
1
29
28
19
18
1
30
21
20
12
23
22
14
13
157
156
155
25
24
18
1
26
25
19
17
20
19
18
5
20
19
6
5
19
1
6
18
18
28
1
17
27
28
41
1
27
40
121
26
39
68
32
33
53
1
31
32
52
53
62
1117
51
52
61
1
1
1
1
1
1
1
1
2
172
1
1
1
1
1
1
2
3
2
704
1
1
1
1
1
1
79
1
1
1
1
1
107
1
1
1
1
1
2
2
2
2
2
603
1
17
18
19
1
18
19
1
18
19
1
18
19
1
18
19
1
18
19
1
18
19
1
18
19
1
18
19
1
18
19
1
18
19
1
18
19
1
18
19
177
18
19
1
158
10
1
10
1
9
10
1
9
10
1
9
10
1
9
10
1
9
10
1
9
10
9
10
83
9
77
1
6
7
1
6
7
1
6
7
6
1
6
7
501
6
7
1
494
14
1
13
14
1
13
14
13
1
13
14
1
13
14
1
13
14
1
13
14
13
14
26
13
14
26
1
13
14
26
1
13
14
26
1
13
14
26
182
13
190
26
1
8
9
16
1
8
9
16
1
8
9
1
8
9
1
8
9
1
8
9
1
8
9
81
8
92
1
11
12
1
11
12
1
11
12
1
11
12
1
11
12
1
11
12
1
12
1
11
12
1
11
12
1
11
12
3060
11
3052
1
8
9
1
8
9
1
8
9
1
8
9
1
8
9
1
8
9
1
8
9
81
8
9
1
90
7
1
7
1
6
7
1
6
7
1
6
7
1
6
7
810
6
800
1
10
11
1
10
11
1
10
11
1
10
11
1
10
11
1
10
11
1
10
11
1
10
1
11
344
10
101
1
243
242
1
243
9
1
9
1
8
9
1
8
9
1
8
9
1
8
9
1
8
9
1
8
9
2677
8
9
1
2668
17
1
16
1
15
16
32
1
15
16
1
15
16
1
15
16
1
15
16
1
15
16
15
16
1
16
1
15
16
1
15
16
1
15
16
1
15
16
1
1
15
16
168
15
177
1
9
10
1
9
1
9
10
1
9
10
9
10
1
9
10
1
9
10
1
9
10
86
9
79
1
7
1
7
8
1
7
8
1
7
8
1
7
8
7
8
1
508
7
8
1
500
13
1
12
13
1
12
13
1
12
13
1
12
13
1
12
13
1
12
13
12
13
12
13
25
12
13
25
12
13
25
12
13
25
12
13
25
164
8
16
7
8
16
1
7
8
1
7
8
1
7
8
1
7
8
1
7
8
84
7
8
1
76
11
1
10
11
1
10
11
1
10
11
1
10
11
1
10
11
10
11
1
10
11
1
10
11
1
10
11
3063
10
3054
1
9
10
1
9
10
1
9
10
1
9
10
1
1
9
10
1
9
10
1
9
10
83
9
10
1
93
6
1
5
6
1
5
6
1
5
6
1
5
6
806
5
796
1
10
11
1
10
11
1
10
11
1
10
11
1
10
1
10
11
1
10
11
1
10
11
1
10
11
91
10
99
1
8
9
252
8
9
1
243
12
1
11
12
1
11
12
1
11
12
1
11
12
1
11
12
1
11
12
1
11
12
2685
11
12
2673
17
1
16
17
18
1
17
18
1
17
18
1
17
18
1
17
18
1
17
18
1
17
18
1
17
18
1
17
1
17
76
1
77
76
1
77
76
1
77
76
162
76
1
238
9
8
9
1
8
9
1
8
9
1
8
9
1
8
9
1
1
8
9
88
8
80
1
8
9
1
8
9
1
8
9
1
8
9
1
8
9
1
8
1
8
9
513
8
9
1
504
13
1
12
13
1
12
13
1
12
13
1
12
13
1
12
13
1
12
13
12
13
12
13
23
12
13
23
12
13
23
12
13
23
12
180
23
8
9
17
1
8
9
17
1
8
9
1
8
9
1
8
9
1
8
9
1
8
9
87
8
9
1
78
10
1
9
10
1
9
10
1
9
10
1
9
10
1
9
10
1
9
10
1
9
10
1
9
10
3064
9
3054
1
10
11
1
10
11
1
10
11
1
10
11
1
10
11
1
10
11
1
10
11
1
10
11
1
10
11
87
10
11
1
98
5
1
4
1
4
5
1
4
5
801
4
5
806
10
1
9
10
1
9
10
1
9
10
1
9
10
1
9
10
1
9
10
1
9
10
1
9
10
89
9
92
1
4
1
3
4
255
3
4
1
251
9
1
9
1
8
9
1
8
9
1
8
9
1
8
9
1
8
9
1
8
9
2690
8
9
1
2681
1
2682
2598
2681
1
2599
2598
1
2599
2598
1
2599
7
1
6
7
1
6
7
1
6
7
1
6
7
1
6
7
93
6
88
1
5
1
6
1
5
6
1
5
6
247
5
1
241
14
1
13
14
1
13
1
13
14
1
13
14
1
13
14
1
13
14
88
13
79
1
9
10
1
9
1
9
10
1
9
10
1
9
10
1
9
10
1
9
10
1
9
10
517
9
10
1
507
107
1
106
11
1
10
11
1
10
11
1
10
11
1
10
11
1
10
11
10
11
10
11
74
10
11
74
10
11
74
10
11
74
157
9
70
8
9
1
8
9
1
8
9
1
8
9
1
8
9
1
8
9
1
8
9
88
8
79
1
167
79
1
80
79
1
80
79
1
80
79
1
80
79
1
80
79
1
80
79
1
80
79
3063
80
79
1
2984
78
1
79
78
1
79
78
1
79
78
1
79
78
1
79
78
1
79
78
1
79
78
1
79
78
1
79
78
93
79
78
1
15
84
1
85
84
1
85
84
1
85
84
796
85
84
1
712
71
1
72
71
1
72
71
1
72
71
1
72
71
1
72
1
72
71
1
72
71
83
72
6
77
76
1
77
76
1
77
76
260
77
76
336
80
1
81
80
1
81
80
1
81
80
1
81
80
1
81
1
81
80
1
81
80
81
1
1
83
82
81
1
82
81
2606
82
81
1
2687
1
84
1
85
84
1
84
1
85
84
94
85
172
1
78
77
1
78
77
1
78
1
78
77
1
78
77
255
78
77
1
332
76
1
77
76
1
77
1
76
1
77
76
1
77
92
76
1
16
79
1
80
79
1
80
79
1
80
79
1
80
79
1
80
79
1
80
79
1
80
79
1
80
79
614
80
530
95
84
83
1
13
1
12
13
1
12
13
1
12
13
1
12
13
1
12
13
12
84
85
84
85
84
85
84
85
87
1
79
78
1
79
78
1
79
78
1
79
78
1
79
78
1
79
78
1
79
78
87
79
78
88
9
176
1
88
89
1
88
89
1
88
7
1
6
7
1
6
7
1
6
7
1
6
7
1
6
7
3062
7
1
3069
11
1
10
11
1
10
11
1
10
11
1
10
11
1
10
11
10
11
1
11
1
10
11
1
10
11
99
10
93
1
6
7
1
6
7
1
7
1
6
7
783
6
7
790
12
1
11
12
1
11
12
1
11
12
1
11
12
1
11
12
1
11
12
78
11
83
1
5
6
1
5
6
1
5
6
1
5
6
256
5
6
1
250
8
1
7
8
1
7
8
1
7
8
7
8
1
7
8
1
7
8
82
7
88
1
6
1
5
6
18
1
5
1
5
6
1
5
6
2603
5
6
1
2597
77
1
78
77
1
78
77
87
1
10
11
1
11
1
10
11
1
10
11
1
10
11
1
10
11
256
10
1
434
433
1
434
7
1
6
7
1
6
7
1
6
7
1
6
95
7
1
102
13
1
12
13
1
1
12
13
1
12
13
12
13
1
12
13
1
12
13
610
12
618
1
8
9
1
8
9
1
8
9
1
8
9
1
8
9
1
8
9
1
8
96
8
9
1
105
4
1
3
4
1
3
4
172
3
181
1
9
10
1
9
10
1
9
10
1
9
10
1
9
10
1
9
10
1
9
10
1
9
10
167
9
170
1
3
4
1
3
4
81
3
4
1
85
7
1
6
7
1
6
7
1
6
7
1
6
7
1
6
7
3058
6
3048
1
10
11
1
10
11
1
10
11
1
10
11
1
10
11
1
10
11
1
10
11
1
10
11
1
10
11
103
10
90
1
13
14
1
13
14
1
13
14
1
13
14
1
13
14
778
13
14
1
792
7
1
6
1
7
1
6
7
1
6
7
1
6
72
6
78
1
6
7
1
6
7
1
1
6
7
1
6
7
258
6
7
1
1
6
7
1
6
7
1
6
7
1
6
7
1
6
7
81
6
93
12
13
1
12
13
14
1
13
14
1
13
14
1
13
14
2520
13
14
1
13
1
12
13
1
12
13
1
12
13
1
12
13
1
12
1
13
12
13
1
12
188
12
186
1
2
441
3
1
438
6
1
5
1
5
6
1
5
6
1
5
6
89
5
6
1
95
12
1
11
12
1
11
12
1
11
12
1
11
12
1
11
12
1
11
12
606
11
615
1
9
10
1
9
10
1
9
10
1
9
10
1
9
10
1
9
10
9
10
1
9
10
101
9
10
1
111
3
1
2
3
178
2
3
1
175
9
1
8
9
1
8
9
1
8
9
1
8
9
1
8
9
1
8
9
1
8
9
161
8
165
1
4
5
1
4
5
1
4
5
78
4
5
1
83
84
1
83
5
1
4
5
1
4
5
1
4
5
3054
4
5
1
3059
10
1
9
1
10
1
9
10
1
9
10
1
9
10
1
9
10
1
9
10
1
9
100
9
93
1
7
8
1
7
8
1
7
8
1
7
9
1
1
9
10
785
9
10
1
795
6
1
5
6
1
5
6
1
5
6
1
5
6
72
5
79
1
7
8
1
7
8
1
7
8
1
7
8
1
7
8
1
7
8
258
7
8
1
250
6
1
5
6
1
5
6
1
5
1
5
6
87
5
95
1
8
9
1
7
8
16
1
7
8
1
7
1
7
8
1
8
7
8
2511
9
1
8
9
1
1
1
8
9
1
8
9
1
8
9
198
8
1
4
1
3
444
4
1
440
439
1
1
4
5
1
4
5
1
83
4
76
1
7
8
1
1
7
8
1
7
8
1
7
1
8
604
7
617
1
13
14
1
13
14
1
13
14
1
13
14
1
13
14
1
13
14
1
13
14
1
13
14
1
13
14
108
13
14
1
122
94
1
95
94
184
95
94
1
278
8
1
7
8
1
7
8
1
7
8
1
7
8
1
7
8
1
7
157
163
164
1
7
8
1
7
8
1
7
8
1
7
8
1
7
8
78
7
8
1
86
5
1
4
5
1
4
5
1
4
5
3049
4
2991
1
58
59
1
58
59
1
58
59
1
58
59
1
58
59
1
58
59
1
58
59
1
58
59
102
58
92
1
10
1
10
11
1
10
11
2
10
11
2
9
10
1
8
9
1
8
9
789
8
9
1
798
5
1
4
1
244
1
243
244
74
243
244
1
1
7
8
1
7
8
7
8
1
7
8
1
7
8
1
7
8
256
1
248
5
1
4
5
1
4
5
1
4
5
90
4
98
1
8
9
8
9
1
8
9
10
1
9
10
1
9
1
2520
1
1
1
8
1
1
8
1
203
7
198
1
5
1
6
1
5
1
6
445
5
6
1
1
439
80
1
79
80
80
1
160
161
1
160
161
1
160
5
1
4
5
1
4
5
1
4
5
610
4
621
1
11
12
1
11
12
11
12
1
11
12
1
11
12
1
11
12
1
11
12
1
11
12
1
11
12
1
11
12
216
11
213
1
3
4
1
3
4
286
3
4
1
282
281
1
282
281
282
4
1
3
4
1
3
4
157
3
165
1
8
9
1
8
9
1
8
9
1
8
1
8
9
1
8
9
1
8
9
81
8
9
1
90
4
1
3
4
1
3
4
2995
3
2986
1
9
10
1
9
10
1
9
10
1
9
10
1
10
1
9
10
1
9
10
1
9
10
150
9
10
160
9
1
8
9
1
8
9
1
8
9
1
8
9
1
8
9
1
8
1
8
9
793
8
9
240
802
244
1
4
5
1
4
5
1
4
5
162
4
5
1
167
1
7
1
6
7
1
6
1
7
1
6
7
1
6
7
253
6
7
1
246
4
1
3
4
1
94
3
104
1
10
11
1
1
10
1
9
1
9
10
1
9
1
9
1
2518
1
1
1
1
1
1
114
205
1
8
1
7
1
7
8
1
7
1
8
1
7
8
519
8
1
511
5
1
4
5
1
4
5
1
4
5
4
1
160
4
1
3
253
1
252
617
252
253
1
364
15
1
14
15
1
14
15
1
14
15
1
14
15
1
14
15
1
14
15
1
14
15
1
14
15
1
14
15
224
14
218
1
6
7
1
6
7
1
6
7
1
6
7
1
6
7
286
6
7
1
279
173
1
172
173
162
172
173
1
11
12
1
11
12
1
11
12
1
11
12
1
11
12
1
11
12
1
11
12
1
12
86
11
59
1
145
146
1
145
146
2989
145
2975
1
14
15
1
14
15
1
14
15
1
14
15
1
14
15
1
14
15
1
14
1
14
15
1
14
15
151
14
15
1
166
167
1
166
167
1
1
121
120
1
121
120
1
121
120
1
121
3
1
3
558
2
3
1
561
6
5
6
1
5
6
1
5
6
1
5
6
160
5
6
1
166
167
1
166
6
1
5
6
1
5
6
1
5
6
5
6
250
5
6
1
244
243
1
101
237
238
1
137
1
8
7
8
1
7
8
9
1
8
1
120
1
83
75
8
1
9
1
8
1
8
9
1
8
1
8
9
8
516
8
9
1
507
5
1
5
1
4
5
1
4
156
5
250
161
255
1
5
6
1
5
6
379
5
6
1
373
10
1
9
1
9
10
1
9
10
1
9
10
1
9
10
9
10
1
9
10
1
9
10
232
9
319
1
87
9
1
8
9
1
8
9
8
9
1
8
9
1
8
9
452
8
9
1
443
13
1
12
13
1
12
13
1
12
13
1
12
13
1
12
13
1
12
13
1
12
13
1
12
13
1
12
13
48
12
52
1
4
5
1
4
3120
5
1
3125
18
1
17
18
1
17
18
1
17
18
1
17
18
1
17
18
1
17
18
1
17
18
1
17
18
1
17
18
1
17
18
1
17
18
286
17
276
1
10
11
1
11
1
10
11
124
10
11
1
113
3
1
2
555
2
548
1
7
8
1
7
8
1
8
1
7
8
1
7
8
1
160
7
8
1
168
7
1
1
6
7
1
6
7
1
1
6
7
482
6
1
3
4
1
3
129
4
1
133
7
1
5
139
1
1
1
1
1
1
1
8
9
1
8
9
1
8
9
1
9
512
8
517
1
5
1
5
6
1
5
6
1
94
5
98
1
4
5
4
1
4
5
383
4
5
1
378
9
1
8
9
1
8
9
1
8
9
1
8
9
1
8
324
1
325
324
1
325
324
328
325
324
96
4
5
1
91
7
1
7
1
6
7
1
6
7
1
6
7
1
6
7
456
6
7
1
449
10
1
9
10
1
9
10
1
9
11
1
10
12
1
11
13
1
12
13
1
12
13
1
12
13
40
12
47
1
7
8
1
7
8
1
7
8
3107
7
8
1
3115
1
12
1
11
12
1
11
12
1
11
12
1
11
12
1
11
12
1
11
12
1
1
11
12
1
11
12
293
11
286
1
7
8
1
7
8
1
7
1
8
116
7
8
1
108
107
550
108
542
1
8
9
1
8
9
1
8
9
1
1
8
9
1
8
9
1
161
8
9
1
170
6
1
1
5
6
1
5
1
6
5
6
1
7
1
6
7
1
126
6
7
1
7
1
1
1
1
1
6
1
7
1
6
1
7
6
509
514
1
5
1
1
5
6
1
5
93
5
98
1
5
6
1
5
1
6
1
5
6
387
5
6
1
1
381
4
1
3
4
1
3
4
3
1
11
12
1
11
12
1
11
12
1
11
12
98
11
12
1
86
10
1
9
10
1
9
10
1
9
10
1
9
10
1
9
10
459
9
10
1
449
12
1
11
12
2
11
12
2
10
11
2
9
10
1
8
9
1
8
9
1
8
9
35
8
40
1
5
6
1
5
6
1
5
6
1
5
6
3103
5
6
1
3109
11
1
10
11
1
1
10
11
1
10
11
1
10
11
1
10
11
1
10
11
1
10
11
1
297
10
290
1
7
8
1
7
8
1
7
8
1
7
8
1
7
1
7
8
434
7
8
442
9
1
8
9
1
8
9
1
8
9
1
1
9
1
8
9
1
164
8
9
1
173
1
1
173
4
1
1
4
3
1
15
16
1
1
16
1
15
1
14
1
1
1
1
1
12
1
13
1
1
12
514
508
1
6
7
1
1
6
7
1
6
93
7
1
86
7
1
6
1
7
1
6
7
1
6
1
385
6
7
1
378
3
1
2
324
312
1
12
13
1
12
13
1
12
13
1
12
13
1
96
12
13
1
83
11
1
10
11
1
10
11
1
10
11
1
10
11
1
10
11
461
10
11
1
450
8
1
7
8
1
7
8
1
7
8
1
7
8
1
7
8
1
7
8
32
7
44
1
12
13
1
12
13
1
12
13
1
12
13
1
12
13
3098
12
13
1
3111
10
1
9
10
1
9
10
1
9
1
10
1
9
10
1
9
10
1
9
10
1
9
10
300
9
292
1
1
8
1
8
9
1
8
9
1
8
9
1
8
1
9
433
8
9
442
11
1
1
11
1
10
11
1
10
1
11
1
10
11
1
1
10
11
1
10
169
11
1
180
3
1
2
516
1
1
24
1
24
24
3
2
76
1
1
1
2
502
509
1
7
1
1
7
8
1
8
1
7
8
1
93
7
100
1
7
1
1
7
8
1
7
1
1
7
8
381
7
8
314
373
1
12
13
1
12
13
1
12
13
1
12
13
1
12
1
12
13
1
12
13
94
12
13
1
81
11
1
10
11
1
10
11
1
10
11
1
10
11
1
10
458
11
1
447
7
1
7
1
6
7
1
1
6
7
1
6
37
51
1
14
15
1
1
14
15
1
1
14
15
1
14
15
3101
14
15
1
3116
243
1
242
243
1
242
7
1
6
7
6
7
1
6
7
1
6
1
7
301
6
292
1
9
10
1
9
10
1
9
10
1
1
9
10
1
9
10
1
9
10
1
431
10
1
441
98
1
99
98
1
1
99
98
1
99
1
6
1
5
6
1
1
6
1
5
177
6
1
183
514
394
1
120
1
10
1
1
1
1
10
1
1
1
1
1
1
507
1
9
1
1
8
9
1
8
9
1
93
101
1
8
1
1
8
9
1
8
1
1
8
9
1
8
9
8
83
1
12
13
1
12
13
1
12
13
1
12
1
12
13
1
12
13
1
12
13
1
12
13
92
12
13
1
79
7
1
7
1
6
7
1
1
6
7
1
6
7
454
6
7
1
447
5
1
4
5
1
4
59
1
58
59
45
58
59
1
14
15
1
14
15
1
14
15
1
14
15
1
14
15
1
14
15
1
14
15
1
15
2873
14
1
10
235
9
10
1
245
246
1
245
246
1
245
246
1
245
246
1
245
246
298
1
545
1
9
1
8
9
1
8
9
1
8
1
1
8
9
1
8
9
1
8
539
1
6
1
5
6
1
1
6
105
5
6
1
1
98
99
1
3
2
211
18
1
130
2
2
1
1
1
1
415
1
1
7
1
1
7
1
6
93
101
1
8
1
1
8
9
1
8
1
1
8
9
1
8
9
1
66
10
1
9
10
1
9
1
10
1
9
10
1
9
10
1
9
10
1
9
10
1
9
86
10
76
7
1
6
7
1
6
7
1
6
7
1
6
7
1
6
7
452
6
7
1
445
444
55
445
66
1
11
12
1
11
12
1
11
12
1
11
12
1
11
12
1
11
12
1
11
12
1
11
12
1
11
12
1
11
12
2878
11
2868
1
10
11
10
11
1
11
1
10
1
11
1
1
10
11
1
10
11
1
10
11
10
527
1
1
9
1
8
9
1
8
9
1
8
1
1
9
542
8
533
9
1
1
9
10
1
9
1
1
9
10
1
1
10
102
9
227
1
19
1
1
1
1
1
1
1
21
1
1
1
785
1
1
1
95
104
1
9
1
1
9
10
1
1
10
1
9
10
1
1
10
76
9
86
1
10
11
1
1
11
1
10
11
1
10
11
1
10
1
10
1
1
10
11
83
10
11
1
72
8
1
7
8
1
7
8
1
7
8
1
7
1
8
1
511
8
1
1
11
1
1
1
1
1
1
1
1
10
2879
11
1
2890
10
1
9
10
1
9
10
1
9
10
1
9
10
1
9
10
1
9
10
1
1
537
10
1
547
8
1
7
8
1
1
1
8
1
7
8
1
7
541
1
1
11
12
1
1
1
11
12
1
1
11
1
1
1
1
1
1
1
1
10
1
1
1
1
1
1
1
98
1
1
1
1
1
1
1
1
77
1
1
1
1
1
1
1
1
1
80
1
1
1
1
1
1
1
514
1
1
1
1
1
1
1
1
1
1
1
1
1
1
1
1
1
1
1
539
1
1
1
1
537
1
1
1
1
1
1
1
1
1
1
1
1
337
1
1
1
1
1
