1080
211
158
1503
89
88
87
984
1517
9
261
1017
1508
975
315
217
86
241
155
788
1215
320
1384
403
1458
725
983
501
69
471
613
264
70
763
1281
351
545
494
576
1067
486
1
588
1124
869
1235
758
1280
617
793
497
359
206
585
133
156
442
134
135
2
635
1353
280
260
766
82
38
124
391
9
273
1
559
675
14
145
472
250
250
263
161
158
295
110
342
339
501
19
794
130
314
116
707
1360
537
3
1406
543
1602
546
541
241
792
283
1633
384
804
805
531
1148
267
617
1000
733
1214
1215
1346
102
7
1246
2
749
56
1374
342
136
185
662
622
611
425
4
1475
657
1237
672
1
642
436
437
438
439
671
133
246
391
716
704
2
573
689
778
367
239
152
356
197
714
383
40
648
942
502
944
336
826
427
647
428
204
825
672
671
837
183
782
5
198
199
673
713
900
200
413
899
50
675
157
830
201
535
704
296
946
644
394
160
55
820
131
853
161
646
650
842
214
221
573
575
712
453
649
373
641
155
451
349
642
164
602
103
727
233
516
819
106
941
249
237
822
794
433
15
6
335
512
892
581
685
390
230
562
217
218
31
882
795
1216
5
299
141
307
1355
190
1
1037
183
1070
1154
512
1155
4
1071
847
182
308
1178
303
1425
28
194
826
841
842
1316
70
843
693
1318
800
187
844
609
803
698
177
774
210
804
3
7
199
68
270
798
1
807
41
746
1370
876
176
127
749
805
179
151
1076
658
637
799
1205
228
1346
802
313
138
177
444
8
119
150
1106
4
396
1341
79
385
300
230
1
1375
6
750
5
4
202
951
3
1182
257
2
441
229
803
314
137
176
443
9
118
151
1107
3
1342
78
386
301
231
2
1376
7
751
6
5
203
952
4
1183
258
3
442
230
804
315
136
175
442
10
117
152
1108
2
11
398
1343
77
387
302
232
3
1377
8
752
7
6
204
953
5
1184
259
4
443
231
805
316
135
174
441
11
116
153
1109
1
1344
76
388
303
4
1378
1363
9
1088
753
7
205
954
6
1185
260
5
444
109
455
992
382
1529
1055
270
238
336
1284
1166
247
274
164
227
229
1428
249
1272
120
636
249
703
747
760
658
651
804
1454
178
718
644
1
597
1282
204
187
217
1356
228
846
68
64
681
748
553
119
279
200
471
152
960
6
1462
26
22
1466
224
1467
1468
1469
1470
775
21
1169
190
1539
205
1105
666
337
691
547
78
17
286
499
924
107
20
224
65
846
251
172
705
910
441
780
1074
634
511
468
958
295
779
296
72
957
235
568
151
930
412
135
132
650
982
86
302
803
89
439
100
484
968
915
599
104
247
587
66
67
541
845
68
1032
325
281
1031
82
543
25
962
913
147
3
972
69
166
403
70
43
121
984
479
572
1078
81
776
262
13
443
510
28
206
333
77
952
1
985
659
29
778
73
284
782
82
974
89
707
580
585
781
505
23
510
217
561
774
32
734
404
29
437
595
70
101
648
951
26
80
477
145
1073
117
105
954
926
998
301
117
138
467
380
596
551
411
258
430
85
86
163
507
87
88
373
916
459
456
492
554
279
133
2
736
766
815
739
202
23
289
876
185
398
826
204
182
670
604
29
599
761
392
566
360
153
557
641
50
154
778
718
233
751
705
55
105
912
56
714
868
632
786
3
751
337
661
490
118
928
67
2
309
770
626
403
307
511
374
137
391
123
955
606
1
478
460
133
454
696
296
613
466
755
453
709
317
819
760
10
214
114
49
108
9
759
270
758
129
12
753
128
703
3
544
1067
534
1242
1344
540
730
699
1297
474
224
166
1299
373
1217
1425
298
1417
527
1673
717
704
806
10
764
1186
526
880
428
95
297
17
1139
1724
461
447
3
454
1670
313
509
1
510
279
148
618
2
865
915
421
103
684
159
1063
848
260
497
158
348
335
437
452
395
87
257
824
140
1303
817
1006
157
379
946
458
169
72
1046
1237
310
1311
234
892
871
1295
695
127
253
1135
1369
92
444
443
834
604
1363
633
1043
1
1010
98
1042
515
587
556
1093
1347
156
96
998
1219
1187
255
586
585
591
852
1118
1327
167
926
309
8
451
1372
61
559
1371
153
1193
868
1192
311
1236
845
709
1370
1310
2
1168
1109
1361
728
1182
112
1077
307
29
200
51
313
1077
201
1365
702
318
98
303
317
417
270
397
1455
511
1081
143
1167
636
1460
273
626
173
10
9
8
141
857
538
309
458
196
568
308
856
193
191
411
812
192
92
239
112
946
2
572
366
658
127
951
236
117
336
519
518
517
368
348
105
307
78
227
35
799
77
1087
424
40
180
581
39
139
8
903
119
1177
233
803
135
889
358
571
1182
5
348
288
287
286
137
579
1493
678
734
1792
14
480
430
7
1341
924
1242
661
1504
283
282
848
297
1187
1797
950
1258
521
1485
412
5
42
528
339
1188
202
616
399
887
1176
1417
299
709
345
265
108
1655
34
1579
1658
453
474
50
140
1659
1410
650
1218
1598
210
24
1253
901
1788
511
741
18
1586
395
1674
712
1241
302
335
757
303
789
2
1501
1441
347
126
158
1600
1617
754
1650
1478
175
1654
1337
1796
27
87
1406
786
26
1192
152
477
153
1656
109
12
4
44
5
1293
810
11
6
422
7
1193
178
636
25
35
1347
177
163
151
268
1038
79
736
680
378
934
984
1421
490
172
753
90
1131
1132
191
551
930
460
566
227
290
383
959
464
156
893
71
1419
1372
886
1075
226
725
1076
726
343
610
448
1015
527
238
3
415
76
505
990
403
1115
705
1069
1149
1306
241
1380
165
244
961
635
940
1364
4
764
196
184
1204
1438
161
513
374
903
673
1432
1019
260
702
902
173
1118
1112
641
1079
657
1111
625
1416
87
27
1067
1288
1256
186
203
660
1157
64
1239
240
77
382
1441
1327
8
1440
222
1262
1261
242
1305
1426
1410
860
1005
1409
121
604
1425
1408
1407
992
221
1236
778
1439
1379
67
1237
711
1251
1263
1146
376
1029
867
1382
78
737
681
377
935
985
1422
491
173
754
89
1132
1133
567
228
252
825
1042
1041
382
465
157
894
70
156
1299
1420
1373
887
1076
227
790
544
179
152
736
120
449
130
1016
528
129
239
2
1116
1150
1307
240
1381
164
243
962
941
1365
5
765
197
183
1205
1439
162
770
155
514
769
134
526
373
904
674
1433
525
1303
1020
259
703
903
174
1119
1113
642
1080
1112
626
1417
86
161
26
1068
817
1289
1349
1257
185
202
324
232
509
661
233
27
906
773
210
63
1240
239
78
381
1442
1328
9
1441
223
1263
1262
241
1306
1427
1411
1410
122
605
1426
1409
1408
993
222
1237
779
1440
1380
68
1238
1252
549
1264
1147
377
219
837
764
763
353
209
1168
936
986
78
380
20
1423
1257
492
174
755
88
1133
928
1134
823
568
866
971
1119
229
1375
1177
508
826
930
381
566
466
115
158
895
69
499
617
1374
888
1077
228
382
151
737
121
735
131
529
582
130
240
1
405
1117
154
1308
1382
163
963
242
942
1366
348
554
1065
1139
346
6
766
198
182
1206
1440
934
163
149
496
771
1128
515
770
135
527
905
675
1434
526
1304
63
1021
258
704
904
175
1120
1114
643
1081
659
1113
627
1418
85
25
1069
565
1290
1258
184
201
662
795
860
1149
205
173
206
209
331
886
62
1241
1268
169
238
79
380
1443
1329
10
1442
224
1264
1263
240
1307
1428
1090
1412
1411
690
123
606
1427
1410
1409
994
223
1238
780
1441
1381
210
1309
1253
1075
1265
1148
378
1379
1125
574
542
1397
26
176
53
171
49
937
270
123
250
1308
364
1121
934
4
1020
489
1313
126
96
67
450
1142
166
170
479
1141
157
156
155
6
710
458
444
646
417
416
748
85
299
519
467
200
347
220
838
106
464
414
474
550
19
253
37
613
267
843
344
566
403
920
501
480
672
304
264
471
300
9
345
671
627
626
625
476
240
847
12
685
393
671
481
1
494
69
495
977
198
154
1219
1079
1074
197
551
14
204
943
1446
764
357
1511
127
1033
189
1460
564
1492
231
683
1330
1081
1090
205
17
1301
1040
1300
507
770
95
1094
96
1093
97
1092
98
3
99
2
100
16
1
333
1076
257
190
1476
993
425
994
101
880
1
4
527
1064
874
135
314
721
433
951
45
889
414
847
395
252
1192
434
3
12
873
1061
223
222
308
1173
16
1174
15
1175
14
1176
1075
1177
1076
1178
1062
1077
745
2
1335
888
398
1498
1374
16
162
196
552
41
808
545
269
1394
535
135
183
1377
5
905
152
3
537
1386
2
189
176
1060
7
6
1308
1184
206
352
6
362
149
618
355
459
1204
345
325
317
185
715
187
1196
188
1
14
870
183
184
489
540
311
620
81
855
352
58
806
509
262
686
76
494
351
551
339
570
807
149
162
60
569
553
600
939
4
743
724
690
359
808
135
685
10
167
168
22
737
2
393
267
707
159
297
479
478
68
69
708
811
76
133
335
337
738
194
866
816
702
729
619
136
669
91
490
662
618
740
729
234
591
508
596
673
189
62
371
353
93
451
556
666
487
278
665
325
6
1434
82
202
113
1151
1426
70
1
1448
1065
240
939
564
12
1350
194
510
312
555
557
1214
450
1152
451
16
933
842
536
405
406
1296
473
1353
1437
154
937
246
202
1321
674
821
175
2
299
18
1541
1
20
615
6
257
1378
19
440
1464
1167
1146
942
969
352
759
734
2
817
295
255
521
894
519
1061
232
3
497
2
1162
499
115
516
851
482
906
964
468
428
442
454
979
704
292
427
149
470
4
260
742
220
485
1149
881
481
958
1056
1098
262
832
689
419
1114
218
204
203
347
889
1
1145
189
1100
176
278
719
420
457
1055
723
545
11
1173
733
712
575
703
9
540
890
413
502
284
614
1060
1028
450
502
305
52
876
86
476
336
886
471
375
44
882
75
1
551
685
205
941
257
335
246
352
539
441
249
146
354
597
777
866
1
739
183
525
512
876
329
229
520
536
261
151
16
17
503
521
10
859
921
343
685
228
255
545
605
25
947
1
1070
567
1053
29
560
1409
1471
135
778
295
879
5
779
55
1426
1142
1196
381
437
1495
1313
707
1368
408
1128
470
1099
304
358
1044
71
964
14
495
492
879
57
1
988
989
1121
296
1120
404
910
1242
1500
10
231
891
1310
506
1208
774
768
149
965
1362
1301
581
898
9
984
886
214
357
315
1367
151
5
117
111
67
1127
789
1352
509
43
788
1147
174
122
1143
253
1492
261
439
440
210
909
993
1036
252
306
509
453
605
668
423
307
183
478
482
238
420
209
1194
532
154
74
904
395
398
11
833
889
98
99
231
594
230
486
20
517
324
528
352
398
610
900
659
1
420
384
849
499
318
116
383
122
1119
741
75
472
411
309
8
899
94
4
676
533
1205
477
1041
487
885
1007
10
1001
957
372
237
101
462
381
847
102
257
1064
1012
1214
253
602
1151
451
450
680
19
103
146
1398
1452
637
693
1751
963
1624
1384
1355
48
614
1300
1220
242
751
748
1135
313
456
552
1321
956
969
867
660
1663
1498
1544
1756
909
487
1147
161
575
1566
1464
1024
1244
405
1221
1618
837
247
1240
1142
470
59
1623
105
774
1383
1045
765
299
1403
82
134
1748
5
695
696
466
1165
1249
257
1292
73
86
512
12
1
101
992
24
850
915
864
32
920
500
23
22
773
21
774
18
546
1
234
866
392
656
616
89
17
763
11
11
902
10
9
786
8
787
5
533
12
4
776
2
1097
420
9
208
427
143
1174
58
135
1282
214
252
96
208
1041
1022
747
335
470
1088
1178
1207
453
1
933
599
1110
179
501
413
1117
34
306
574
183
472
389
788
458
789
1181
920
1234
502
993
412
73
514
32
765
110
1226
1082
1161
638
609
1013
610
846
763
55
830
285
1177
593
408
847
445
333
292
499
148
150
934
927
144
511
594
4
589
145
2
1152
329
752
157
922
3
139
2
363
304
446
206
342
505
564
447
303
570
186
302
327
444
112
50
465
1154
297
1140
406
920
292
442
365
782
248
138
714
648
509
208
73
643
610
404
109
420
513
597
346
94
110
734
674
707
661
11
215
80
656
588
678
147
542
47
488
499
433
99
610
679
1
87
617
534
194
74
317
972
111
288
305
42
126
289
681
468
265
726
582
221
263
555
330
677
93
92
347
945
167
999
650
434
427
504
89
498
652
171
252
657
422
1016
497
361
863
804
54
158
5
64
53
890
803
314
70
802
173
56
654
483
332
276
782
933
305
455
378
769
261
125
727
661
522
221
86
656
623
595
417
96
407
309
685
500
584
333
107
97
721
661
694
101
586
1
648
2
509
228
234
178
43
575
665
160
555
60
512
420
86
597
692
12
100
604
547
207
61
330
985
124
275
55
276
668
481
252
713
569
297
346
296
295
250
568
891
317
664
80
105
334
958
180
1012
663
175
414
517
76
511
639
184
239
187
318
670
409
510
374
876
965
817
67
171
8
51
66
903
816
327
57
815
186
69
641
123
831
203
353
276
871
50
611
159
227
625
559
420
119
16
554
521
697
315
198
336
602
686
435
5
199
823
763
796
750
100
9
567
76
59
677
767
42
410
522
706
188
292
699
590
90
2
706
445
105
163
228
883
22
764
377
47
378
770
379
354
815
671
607
310
193
352
466
789
419
766
182
3
436
856
78
910
6
561
523
516
739
2
740
534
399
415
178
409
741
82
341
717
568
511
402
622
408
182
272
277
774
715
35
69
94
153
36
714
225
159
713
84
33
743
729
672
1
1220
374
1162
2
1190
1161
826
1618
1177
1263
245
186
1148
1278
1073
456
1147
487
579
1357
976
677
872
1337
987
604
871
709
390
389
3
258
56
676
185
766
1251
664
128
812
1122
63
1271
1075
188
1147
782
1517
1104
20
442
10
172
227
755
434
193
371
97
970
1194
221
312
209
469
101
941
195
462
989
280
11
348
68
200
20
199
348
971
167
479
313
886
831
963
138
255
19
1139
1216
1249
1203
439
967
847
807
276
508
403
386
231
332
369
304
24
414
106
5
651
750
1325
838
16
15
328
430
407
1
7
1097
42
1276
47
1160
913
176
33
991
1188
1171
67
1122
112
1211
4
251
988
1197
173
24
21
1125
70
1304
19
1188
941
204
5
1019
1216
301
8
8
1096
41
1275
48
1159
912
175
34
990
1187
343
761
294
940
383
824
577
160
369
655
852
63
372
526
623
340
1732
853
208
941
1733
536
434
209
795
3
1734
66
8
85
750
407
191
236
182
932
991
29
101
1291
104
721
412
717
233
500
1292
95
4
7
1114
242
1282
509
232
188
289
82
354
444
1293
507
195
184
1002
102
220
103
147
586
1082
931
62
7
146
5
533
1143
330
151
224
902
242
520
1165
243
4
263
145
144
346
394
249
273
1271
214
117
1188
1041
750
983
362
699
905
1139
56
57
64
592
1202
1188
389
92
283
961
301
579
1224
184
63
204
204
203
72
788
206
707
287
453
308
214
1330
273
1247
1100
809
1042
421
964
1198
3
2
898
370
240
201
274
221
952
1
661
383
262
1146
899
83
1166
758
759
1177
255
390
186
1249
509
654
1176
368
689
285
138
153
80
541
573
1054
679
2
236
959
960
1213
308
235
5
91
71
205
822
1082
513
378
699
79
375
154
1382
132
302
601
59
291
674
888
889
1281
497
1150
283
671
798
327
199
230
231
156
703
131
1196
333
455
1394
106
1090
823
778
80
23
210
1199
28
9
97
308
213
78
51
337
466
786
1
593
611
7
108
191
54
122
209
6
581
339
25
5
877
206
303
361
613
199
302
942
657
49
3
346
412
842
498
336
1187
276
783
250
173
607
1189
978
93
91
80
646
74
304
311
885
206
161
697
640
827
731
582
589
626
123
901
520
309
221
830
539
668
459
954
151
169
618
24
6
624
725
808
563
495
826
623
36
956
592
622
260
823
314
256
4
816
315
325
40
666
620
963
1029
225
119
953
570
893
166
367
444
10
572
361
524
526
537
29
543
921
928
268
18
476
177
868
1054
422
245
40
193
264
174
1037
421
1251
275
190
891
757
758
65
358
26
889
233
1066
1143
365
1130
389
187
508
653
1175
369
688
1079
894
306
1
734
652
654
177
690
725
11
739
667
234
350
118
768
915
896
1089
1121
278
204
405
1261
108
483
678
678
184
208
394
905
853
396
834
377
1081
385
97
98
595
302
686
229
893
406
483
1025
470
271
847
152
7
515
1029
28
419
234
354
659
74
8
6
837
30
65
649
79
7
894
310
542
108
255
236
429
461
382
864
1065
601
552
1143
18
569
1103
265
147
198
858
320
831
397
777
397
418
362
696
407
317
509
130
189
190
503
321
186
285
707
416
462
28
451
87
585
1114
568
950
383
384
191
288
542
2
3
1053
343
756
390
389
348
921
4
770
290
1105
403
291
655
400
399
456
287
781
504
518
391
406
1347
325
331
64
359
580
80
149
1177
458
53
381
157
1
1175
360
416
1474
371
461
967
968
275
1099
383
1377
1413
1386
592
58
1063
71
362
984
570
316
208
750
327
865
193
336
1346
172
1161
394
587
1320
780
781
1329
588
1330
1124
1121
22
388
389
317
1126
928
143
782
7
8
696
1068
1263
1342
888
327
375
1069
123
378
379
322
1065
3
274
1169
372
153
700
299
795
55
586
587
431
979
805
314
152
667
4
300
791
210
211
275
312
310
19
603
434
665
42
180
5
315
667
1005
744
321
100
760
531
88
679
912
607
287
288
405
738
613
451
966
295
1
492
89
574
13
926
30
383
609
318
364
928
733
70
353
185
487
1016
666
852
481
93
640
100
101
718
678
614
27
441
658
446
248
823
102
732
672
146
793
388
662
1007
305
389
557
222
302
301
398
798
385
683
406
489
308
201
593
810
891
66
779
253
565
147
561
866
315
870
1
618
25
163
359
734
890
482
483
122
124
875
614
508
555
41
102
892
367
791
540
928
901
418
256
771
100
196
687
106
379
208
492
21
114
378
389
413
123
499
274
357
538
277
265
457
143
478
380
407
292
821
861
691
894
657
676
200
623
455
628
461
1
846
3
23
479
656
636
463
641
680
628
297
71
790
73
72
477
390
172
749
787
758
778
403
812
848
1335
1272
367
345
1088
1244
1269
526
572
150
130
454
467
339
1083
106
947
948
1080
1256
1366
1320
670
556
179
878
1167
342
39
296
879
263
433
1448
845
173
356
1326
192
877
158
260
1279
121
62
1101
2
1106
163
1451
196
197
198
6
284
1048
5
1252
283
728
293
181
522
405
1208
338
985
922
17
695
738
894
919
176
222
200
299
220
104
117
689
733
244
597
598
730
729
906
817
970
320
206
529
528
859
8
54
529
87
83
84
1098
527
508
90
929
229
288
348
1101
356
634
698
355
902
633
378
643
531
172
55
858
12
419
418
8
602
539
366
1078
355
202
511
536
207
161
682
434
583
603
279
266
1072
350
627
214
215
347
436
346
523
162
647
60
587
63
177
912
145
391
476
625
437
216
146
931
588
470
300
425
715
112
560
1089
593
925
144
891
473
546
612
671
368
731
373
896
718
739
1017
315
738
519
1016
5
1026
914
211
328
475
395
7
262
869
99
811
622
65
778
803
60
415
701
124
316
336
12
1
805
617
481
482
230
763
125
614
613
790
854
204
90
645
412
743
170
413
203
624
206
813
345
404
818
464
816
985
472
750
582
786
749
759
647
56
742
128
3
37
71
699
430
276
813
341
904
488
489
490
640
944
237
369
6
716
617
631
380
568
147
922
668
320
943
511
539
712
154
556
836
159
718
122
628
377
765
223
738
894
211
415
437
622
225
796
916
547
720
721
494
693
171
172
675
212
722
485
626
725
723
451
833
365
240
385
726
324
508
713
714
717
718
388
719
154
316
248
380
1023
733
140
1039
111
1292
917
653
252
408
409
1298
416
327
226
735
1047
6
840
234
1046
1045
41
695
453
318
415
998
435
95
322
1043
421
137
375
1144
225
605
1002
797
817
493
283
1286
889
706
516
284
282
281
133
393
325
692
399
250
783
502
441
306
584
410
309
257
58
1161
446
419
503
17
368
944
656
491
249
104
418
69
262
323
734
422
756
839
110
1020
759
105
68
217
684
378
640
407
90
72
791
625
629
4
102
75
688
396
774
631
1303
429
920
925
379
412
1139
194
81
46
1207
773
380
989
978
512
1060
322
1233
70
682
1105
995
687
339
146
139
826
686
304
405
364
880
479
459
130
769
945
853
134
77
852
159
1162
1110
278
185
553
599
498
1019
264
308
555
554
705
877
959
504
558
100
433
506
1230
5
835
296
1240
79
449
37
5
1178
218
507
841
404
424
215
589
366
609
987
256
408
17
153
207
608
552
506
315
208
249
379
1024
734
139
1040
110
1293
654
251
407
408
1299
417
582
297
227
736
1048
7
841
1047
1046
696
999
94
764
199
487
49
321
1044
422
136
376
137
226
606
282
283
326
251
256
16
322
735
1003
798
86
496
818
494
497
110
932
1287
890
707
515
1144
319
281
1187
1112
280
132
392
693
867
400
221
784
131
1038
501
442
305
585
409
308
57
644
418
504
369
945
657
490
250
105
417
70
423
189
757
840
24
1021
106
69
143
218
1146
935
373
685
985
68
312
701
804
377
641
408
91
73
571
792
626
998
630
5
103
76
689
775
632
1304
430
921
926
378
1174
411
1140
193
1167
1208
381
979
984
1061
224
323
1234
71
983
683
1106
996
155
688
340
138
645
195
827
687
793
1059
1268
108
1182
672
303
484
406
363
881
480
460
339
566
770
946
854
133
78
853
158
1163
1111
279
186
500
554
391
600
499
1020
307
556
706
878
960
503
560
1033
272
559
99
434
8
505
1231
6
836
295
1241
80
450
38
4
1179
279
219
508
405
425
214
590
330
365
610
988
567
327
273
993
255
226
409
47
239
1073
13
1685
780
1440
1211
768
297
989
1289
998
6
376
1253
1654
287
1620
1359
1085
261
813
1121
1120
1044
1413
899
610
1093
1033
495
1167
1348
1696
14
1532
1669
199
4
1166
773
1382
905
1312
1043
1338
234
1503
578
85
948
1352
292
97
472
1687
985
291
1237
902
982
981
1363
1086
191
988
22
915
256
193
77
413
248
712
1189
650
1171
21
762
982
9
951
785
120
276
277
1384
769
417
467
190
553
486
507
357
737
531
530
634
583
1319
1134
1082
625
628
838
188
824
1122
1169
573
174
1246
716
278
177
514
254
241
500
523
1118
971
155
1152
891
1383
162
1245
767
1441
1427
164
150
1108
222
157
923
1129
771
234
207
906
676
1435
561
1057
280
1271
62
176
1238
73
26
660
1365
202
659
1165
1419
1070
658
119
17
663
331
611
232
1093
1077
2
27
887
1294
317
731
1151
995
373
1239
781
1363
968
1372
910
1426
211
127
578
973
721
234
778
1423
292
1225
130
694
237
1026
227
1645
66
781
867
821
308
1268
226
1180
313
1138
69
27
1659
763
979
634
1561
76
1257
1508
1081
464
1155
830
36
1441
1391
58
1142
412
411
410
760
208
409
408
1447
1091
5
1199
783
4
440
674
208
611
344
564
427
672
505
780
486
319
448
716
419
406
548
734
965
345
446
420
556
791
440
570
51
183
283
120
835
1055
64
181
14
289
5
810
939
1207
72
897
57
1225
1456
295
836
937
71
1047
300
931
1061
530
764
298
701
254
474
517
762
595
870
576
1
229
358
626
555
509
316
307
638
644
875
137
286
255
356
310
510
466
881
350
480
1015
1249
783
1186
231
11
1002
1247
1080
1355
1061
486
256
127
141
70
994
169
792
1123
159
390
348
771
230
129
175
995
19
1366
135
5
428
662
196
599
385
356
576
415
660
493
768
474
101
331
460
728
657
407
418
205
536
746
977
239
184
357
458
412
408
279
902
568
779
452
582
896
108
1045
126
63
511
118
151
1554
121
653
1388
915
232
147
1560
1155
60
637
42
5
61
129
954
1101
1282
1021
1094
507
330
119
365
137
497
352
823
364
658
893
707
117
150
1401
1469
1245
1495
1244
1367
1434
602
949
1199
706
601
123
1
994
793
1088
710
741
102
1223
1357
55
1031
339
1207
103
1372
815
447
967
1221
695
651
1516
34
1390
229
929
299
1440
769
1162
1515
1
871
1133
1256
6
731
810
631
870
563
704
158
6
719
841
744
1
555
474
642
183
574
229
8
795
353
354
262
864
683
395
754
145
404
2
306
58
463
926
531
727
808
818
706
71
3
85
683
558
187
5
1
525
48
1
48
54
2
514
543
933
513
1
947
796
798
1035
3
299
634
600
552
897
1175
1072
100
365
508
8
387
355
47
230
912
388
486
18
547
815
914
301
556
738
1
381
718
536
1135
383
654
189
915
910
354
74
116
956
277
1076
64
172
1166
405
3
700
282
600
502
446
625
350
62
73
44
23
441
8
495
7
752
534
288
420
174
32
704
449
373
7
298
5
782
585
87
291
401
667
876
284
475
755
68
525
191
364
746
353
236
1
699
164
568
895
199
849
1
553
757
765
195
209
463
1383
1021
881
1058
1269
1023
909
1439
1320
143
144
444
1641
1
167
128
1617
1
2
246
190
868
112
931
294
625
839
581
780
74
422
457
7
338
610
257
779
292
294
259
413
942
740
778
695
807
577
876
766
515
584
520
749
658
28
761
583
712
774
569
324
380
1438
248
682
1042
361
42
225
276
1251
11
268
1165
890
478
613
516
1350
282
614
992
167
168
1131
563
489
284
827
1349
686
862
863
864
989
829
157
372
1310
208
1125
125
276
237
7
196
190
74
34
671
1085
14
1090
179
704
88
1436
542
1032
1
1422
247
191
13
343
142
204
1139
1142
239
1165
581
411
1
42
452
1157
473
1156
277
2
410
275
756
462
1170
274
189
648
651
789
333
780
282
428
642
643
582
583
1086
1050
863
1024
647
1
146
171
9
1297
323
98
1305
1335
1072
1135
9
571
6
795
3
725
5
230
482
151
481
1238
1
345
1118
6
24
861
1077
783
1240
249
248
247
251
837
246
245
244
252
838
1323
481
670
1031
72
268
534
743
417
876
342
636
670
150
1
1268
234
61
471
675
273
762
333
443
391
411
1106
787
48
388
11
826
770
288
201
1079
1480
113
1446
3
862
1119
957
1472
801
754
15
260
672
537
654
815
202
376
725
1364
155
854
1294
207
82
747
897
820
3
863
413
951
1247
1469
1120
716
1369
927
926
17
171
295
106
1261
72
1
1667
108
599
107
772
1398
482
126
5
818
608
656
948
77
873
409
894
538
417
406
196
1068
536
489
461
821
725
163
1207
87
714
511
801
92
5
17
689
416
1218
464
1054
415
1057
239
860
244
1
1025
414
4
10
315
247
797
403
323
304
101
391
421
933
502
337
316
405
307
502
393
279
6
808
874
644
5
647
649
450
654
409
615
4
414
400
3
264
58
1015
459
195
235
940
90
1086
1074
1044
988
842
18
1245
15
987
1265
669
522
1372
1246
1
747
888
1619
13
883
966
636
968
998
6
464
321
1080
1075
1129
790
1629
1643
747
1699
279
6
800
5
1325
1040
545
1645
1171
1435
1395
690
796
16
917
9
919
619
1693
663
1409
1024
402
1448
1360
233
1332
1520
971
936
920
4
22
669
21
18
1026
1080
124
803
1210
231
43
891
16
967
17
904
1611
3
60
937
6
327
668
1088
121
940
59
898
235
459
10
941
942
236
1159
1085
1073
938
810
63
12
1118
1614
390
814
887
745
1431
475
24
1221
3
185
173
398
14
632
736
750
392
353
282
251
1346
192
324
5
280
279
749
305
278
556
995
970
274
75
419
270
1474
577
115
539
612
470
1156
200
251
946
460
102
123
261
357
461
475
117
78
7
24
1071
467
49
270
5
4
474
30
3
281
720
695
1
200
144
545
1199
302
297
127
200
58
744
212
663
534
872
514
289
673
55
49
63
56
295
747
334
405
436
659
879
363
682
407
408
62
382
409
131
308
283
413
612
268
957
787
110
162
262
335
193
879
77
528
669
379
154
538
80
184
198
160
612
199
270
301
794
744
228
691
399
547
272
273
197
247
274
4
443
418
278
477
133
822
922
309
25
10
910
660
57
905
428
417
362
172
445
345
663
12
667
914
1381
110
3
1166
2
665
210
1269
936
363
994
75
37
4
1616
1421
1369
912
1118
170
286
412
922
1363
668
1
854
754
791
790
583
369
5
789
97
773
1580
1316
1563
281
1241
1024
333
639
786
749
595
1314
432
1029
769
442
19
1596
1534
49
990
1054
1223
731
7
1416
1128
494
815
1050
9
7
1586
993
1357
869
752
96
176
950
337
17
1003
55
878
1375
285
260
1542
1529
604
1551
2
1660
1282
1145
1669
332
123
1659
414
1597
1031
880
1030
1370
888
1553
792
24
1406
342
1413
587
933
633
1707
677
1423
1038
416
1462
1374
247
1346
845
1534
1535
950
10
8
683
7
4
1094
138
817
1224
245
57
905
30
981
3
918
11
1625
74
951
8
341
682
1102
135
954
45
912
249
473
4
955
956
250
1173
1099
1087
952
824
77
2
1132
1628
263
811
219
527
142
480
566
478
649
450
51
638
639
37
54
38
886
904
213
903
598
900
144
198
758
79
328
651
839
9
866
85
899
22
885
729
822
55
888
555
214
206
761
58
941
16
647
423
892
59
60
646
277
203
191
56
72
819
894
236
732
751
857
675
805
397
196
96
755
568
370
744
655
729
240
109
852
24
250
11
152
1
1
1
3
404
55
1
631
275
392
393
383
86
161
1109
394
993
402
1042
699
387
700
412
1139
1167
30
1211
6
1097
1052
2
1038
3
980
157
424
10
765
383
378
423
9
621
239
8
954
377
1040
307
335
998
1032
282
79
968
12
10
742
879
259
487
633
147
485
311
728
743
49
691
642
413
279
2
414
406
810
407
280
817
676
435
8
612
344
433
759
2
296
760
1
295
4
11
68
111
494
900
688
1322
187
1293
626
498
490
1547
1
270
1404
2
840
695
889
404
548
1445
1402
1401
100
13
234
496
14
424
389
423
1066
959
1399
288
1532
785
1590
160
1419
1192
1398
779
214
401
1560
1264
297
839
266
495
757
1349
16
544
1492
1071
1064
1468
1065
119
18
17
681
772
323
293
744
435
750
765
31
198
460
1052
281
247
1195
774
767
1171
768
315
314
933
384
475
26
4
453
333
334
335
5
477
468
1057
473
1324
30
37
422
368
981
47
1494
987
1247
1335
1337
755
528
1476
761
1360
1055
535
640
1056
1048
1452
1049
35
1
1058
1448
2
516
1462
697
1409
1066
754
1067
63
1526
402
45
1133
403
511
1353
1506
1534
251
665
756
337
121
68
1542
1578
361
1382
794
1478
1344
1050
1464
1419
369
1405
370
1347
210
1334
57
12
1467
357
1132
750
11
56
358
988
606
359
1321
10
1407
1512
92
148
1206
909
182
527
112
341
143
103
562
187
302
871
539
518
123
241
605
125
193
976
610
1125
10
251
443
118
968
969
219
971
745
261
805
512
618
81
816
206
1
746
481
352
353
2
354
457
511
3
907
733
734
735
385
937
1094
736
737
540
738
445
722
446
221
939
539
856
800
258
39
766
421
836
805
1071
845
1510
1135
77
409
825
1189
343
1073
755
1558
177
958
1199
1391
1066
729
203
143
1460
330
742
947
202
1429
596
595
946
594
491
1459
945
41
215
214
213
563
11
146
212
211
1488
210
503
226
502
727
9
1487
1584
877
1583
1377
8
1500
77
259
449
1476
1676
82
1375
793
8
41
961
108
166
145
1376
1
1368
1613
1499
76
258
448
1475
1675
1072
81
1522
7
1374
1
415
81
405
1005
1401
409
410
333
9
591
987
5
4
743
697
274
491
490
86
748
46
2
271
196
678
565
2
396
417
8
504
266
560
611
116
295
364
833
205
278
12
537
536
794
422
44
359
869
880
256
132
508
317
597
279
128
866
354
643
155
519
158
770
48
749
609
688
428
264
517
21
545
569
633
608
152
607
312
797
514
357
883
108
644
123
179
584
58
881
671
56
296
803
157
885
11
244
619
577
423
286
302
507
795
650
570
353
277
613
498
746
1
804
626
585
584
642
406
355
612
657
10
647
719
572
670
385
288
489
287
211
76
1190
1047
501
1106
666
1394
1042
290
1119
892
965
11
944
350
1278
241
8
768
200
1208
293
1037
646
1202
842
517
168
277
1239
356
661
811
246
876
1212
101
1345
598
1403
27
717
1211
263
986
210
760
759
27
715
1034
630
1077
1033
871
1386
887
110
1043
1041
1040
585
152
772
1070
1064
610
959
771
1288
86
144
2
293
64
292
774
438
769
580
436
379
323
735
289
78
897
33
592
142
1
529
1260
528
618
3
45
29
5
45
1103
456
137
34
737
57
154
226
290
818
187
531
982
390
20
344
424
92
239
194
195
970
873
35
707
503
97
212
751
211
3
98
810
533
184
713
811
349
253
13
732
1
1301
3
456
402
13
1371
789
731
1443
1100
788
1101
97
1560
436
11
1167
437
1387
1540
1568
371
1612
469
203
6
1154
395
1512
1498
1453
403
1439
404
1381
244
23
22
391
1166
784
23
22
392
1022
640
393
1355
24
1441
96
468
1191
574
1222
716
405
748
420
238
975
1357
258
859
1398
20
11
1106
737
1003
497
588
1164
1135
1204
287
310
8
133
135
553
95
142
599
143
63
996
1368
144
870
1010
1262
1467
557
774
283
673
773
259
687
6
516
510
1047
1451
1048
34
1309
541
547
10
394
9
1091
252
931
937
400
4
399
1481
138
515
509
1046
1450
1047
35
1308
1
5
532
936
533
549
794
945
951
414
10
413
1495
152
41
761
452
1244
1
2
3
3
157
158
1
3
166
34
4
2
64
1
2
165
155
156
1
164
36
2
4
282
1
283
277
9
1
406
1183
11
3
131
4
103
944
808
384
100
382
349
251
186
423
112
417
1265
253
208
1322
1178
1250
1040
59
1045
224
1255
44
379
179
900
107
216
931
370
18
353
354
430
653
810
314
417
313
728
410
694
648
657
826
20
290
596
581
21
92
413
972
6
12
488
648
421
393
10
395
974
108
300
235
478
1151
662
3
903
85
1310
10
1306
1305
595
594
121
664
670
669
668
12
768
780
45
342
510
609
4
789
189
447
2
889
546
582
539
663
133
861
428
745
844
419
76
836
487
75
74
334
949
741
950
446
384
505
666
665
10
5
1232
1485
104
1331
18
357
1494
795
1
11
730
926
1281
1475
27
166
1270
1
1638
1662
1507
1319
63
106
11
10
9
352
154
1167
2
743
1
207
1140
1193
892
208
1508
1138
1667
305
206
819
564
382
1119
1501
402
1656
15
1503
466
1309
205
210
1474
1046
158
1003
170
1004
1397
1056
1073
748
948
46
1525
591
732
1308
1020
127
897
150
611
533
5
97
953
1294
1059
1249
1654
1451
1197
754
60
182
340
198
41
200
1319
39
1258
167
855
1448
10
38
37
1101
1307
566
1308
1102
169
297
486
295
62
976
1007
163
1315
1079
1001
296
546
1254
1003
760
1449
1311
922
764
1302
1145
1304
215
1143
154
1271
249
344
1114
1142
1141
3
935
618
1399
97
1267
211
25
103
1400
558
150
101
344
345
165
207
505
33
124
35
1484
126
1423
2
1020
1613
155
127
128
1266
1256
334
132
651
130
1172
2
1480
1244
1166
131
925
711
1419
1168
379
234
1476
652
1
2
1
12
1372
5
10
1
9
1
12
11
1617
1056
1057
1039
1040
200
8
38
1343
1512
666
405
139
70
1090
331
5
1
55
54
51
73
628
87
1
1
436
259
258
1188
1
1155
265
627
891
851
146
1101
275
99
1075
178
896
179
1074
232
1350
3
1527
1354
1327
464
465
1523
13
482
1524
5
588
1221
768
171
11
913
688
4
791
961
1269
787
862
196
410
1486
815
707
250
3
852
50
338
7
175
859
72
98
406
76
1
1059
453
48
156
613
860
694
51
464
679
369
1058
151
8
7
1025
919
1502
1299
1619
721
1488
594
1298
930
491
578
5
1532
273
689
1463
1648
704
522
1259
1641
542
1796
310
1682
295
1655
1326
614
448
1745
1196
1287
1665
1733
1257
812
815
112
1239
73
643
1345
1226
1157
1166
1123
953
814
502
317
88
383
744
148
850
671
458
319
12
1299
3
297
1112
1056
2
1197
1243
1758
1087
14
938
1
936
764
589
941
760
539
591
2
252
635
1363
1370
911
965
352
1380
161
346
86
2
4
578
636
76
267
579
266
1270
193
931
1378
200
930
822
20
173
201
1082
668
577
996
1212
245
972
49
278
798
693
277
285
119
284
145
11
283
131
86
964
72
963
14
1123
1
1390
289
1345
134
976
201
583
1344
1389
975
345
727
974
12
74
179
175
1528
2
182
1530
937
304
1
27
904
1300
130
964
838
837
183
6
661
100
101
288
83
84
756
964
918
556
290
89
24
958
923
1549
204
1
374
196
1345
1217
761
1259
76
747
1346
587
588
754
4
166
720
719
497
9
95
103
594
1
679
159
516
78
1149
373
1093
719
1255
567
1279
1278
17
135
365
204
942
248
1
960
308
336
216
141
453
12
546
347
5
286
774
2
588
718
344
880
556
240
505
489
289
865
10
567
127
182
111
1071
3
83
82
907
1522
1099
1013
2
1516
1387
1330
178
1467
581
566
1122
79
1551
1473
1138
1486
478
1317
950
1344
568
763
1393
676
762
880
116
25
740
595
73
736
560
486
230
1478
951
290
755
4
924
3
923
7
626
294
663
1129
845
344
296
11
848
533
12
298
837
470
678
273
170
125
7
750
426
77
489
673
270
425
333
321
199
685
451
116
629
668
764
501
114
846
247
403
589
405
403
412
1
139
1476
981
483
266
267
515
9
112
273
1188
257
1435
1002
65
1491
608
539
1174
782
783
5
12
1134
195
196
10
491
6
19
1493
235
64
1543
719
4
1449
1518
978
2
118
315
1087
4
176
759
1585
1228
500
661
319
373
866
1458
1100
323
1551
449
160
44
15
3
690
8
1
272
156
764
608
728
177
820
6
111
23
476
726
475
588
724
812
758
11
746
483
530
1009
66
813
4
139
437
222
511
789
892
1166
1221
1250
425
2
3
190
48
1093
1249
146
473
103
293
161
46
1250
866
89
1084
1055
427
102
1039
1081
895
338
719
48
369
100
521
1285
140
198
926
869
1356
1138
564
266
1306
565
1307
1101
168
1281
969
55
744
84
189
193
218
906
759
8
197
94
1154
67
769
361
198
79
55
1460
875
215
74
532
871
1146
1
42
1142
659
1500
525
1342
527
583
1641
351
1443
1056
279
13
11
1140
1669
307
208
821
1658
13
1505
468
212
1048
1005
172
1006
1158
1424
1633
473
1399
1058
1232
1022
170
217
523
142
141
140
344
208
129
946
633
30
818
103
177
1025
995
189
119
118
308
178
1
838
46
942
1459
298
530
52
1088
1015
1085
1457
757
756
597
755
306
299
1448
455
1123
993
816
23
861
127
644
517
285
763
273
200
270
642
58
59
218
60
1121
516
633
360
1067
45
937
760
79
805
183
700
461
229
707
329
256
326
698
2
3
162
4
1065
460
689
304
9
1013
121
298
1137
253
1241
1758
597
829
351
1387
1314
1384
1756
1056
1055
896
1054
7
598
1747
1437
754
287
1
415
673
277
201
322
1145
404
1146
940
7
304
178
155
1001
691
812
965
1601
474
1
1385
472
622
3
515
1502
4
327
949
948
411
1083
853
1612
70
1448
115
1292
250
151
764
1291
991
1342
1596
45
1101
1367
1576
416
1551
1175
1267
509
1064
1446
347
1239
766
765
592
498
271
822
660
1175
504
290
394
170
79
908
863
1086
377
747
16
746
139
11
561
553
272
1128
599
789
1082
273
370
276
598
800
475
1054
1098
653
798
881
778
430
92
915
1024
806
1048
487
6
282
1
1
4
1
116
2
1010
715
1359
1312
1513
706
107
1211
68
73
793
457
59
201
1207
1105
968
227
3
299
180
1314
170
1177
960
1033
114
128
28
325
1075
1517
578
1479
59
582
581
214
580
215
577
607
38
1105
560
1425
277
19
951
1215
3
1175
213
470
340
165
576
204
1390
570
1360
583
74
105
199
890
175
675
676
1
410
250
311
99
192
687
146
580
187
225
226
432
157
158
991
294
24
192
285
169
347
610
611
4
147
612
162
238
898
497
205
90
999
130
726
393
394
60
630
386
467
71
8
9
184
7
72
145
144
143
142
1
2
681
714
127
800
174
466
467
13
313
147
394
2
636
80
452
1006
1
72
3
754
641
68
67
66
64
8
1787
1460
1394
1232
1747
1076
1541
1717
1145
1297
1134
348
681
680
1072
1144
1
533
884
393
1788
1579
1201
748
361
1239
157
668
1091
469
58
1211
904
1395
1
824
1247
236
1388
6
1202
18
1315
1391
19
229
13
490
779
20
299
334
420
102
264
251
220
1330
2
1707
693
12
322
1814
785
894
874
1513
538
709
710
956
395
396
7
378
379
461
669
624
682
5
429
276
888
384
570
1351
10
3
4
1299
212
250
1297
1303
317
531
231
306
1365
153
884
1140
252
1343
480
629
883
7
999
527
498
499
729
1182
840
877
866
264
75
643
116
876
1
1337
743
687
1272
9
5
449
7
132
734
378
1036
364
76
98
198
1250
145
4
1248
602
958
972
86
12
382
1679
1148
146
1109
998
3
424
1431
1540
364
587
876
248
1
363
483
247
439
758
784
220
1158
835
58
1243
840
476
212
218
1256
756
171
211
1255
829
662
981
1007
647
3
1074
1381
1058
281
1466
699
11
5
1479
979
394
12
634
801
482
456
816
1460
389
82
405
1182
400
3
764
1452
1458
16
484
1069
1451
490
323
642
668
308
336
735
1042
719
58
724
1127
360
328
334
1140
640
55
327
58
70
1
725
192
363
601
675
219
55
479
389
390
532
98
422
434
365
361
556
1
237
311
583
309
115
753
754
168
462
241
408
63
423
1067
4
311
12
789
7
396
371
1059
1065
409
91
676
1058
89
489
322
667
307
1250
337
734
1041
718
59
1126
359
329
335
1139
639
54
328
641
136
133
1547
74
1184
1550
9
603
528
1246
481
945
502
146
977
676
123
1662
1387
1260
472
1144
1673
9
1509
1537
216
1671
716
1094
607
1057
573
1473
608
351
513
2
669
106
1625
616
176
723
650
1467
519
1
543
544
1453
1299
146
1174
340
1226
414
1075
1074
1073
575
11
1072
1071
1070
574
12
1033
317
1487
869
1205
1184
1406
41
1037
4
1670
1614
1480
1
45
44
149
33
150
13
104
12
105
366
227
124
647
64
514
2
728
621
892
880
125
797
593
165
7
302
661
301
93
8
720
623
721
83
259
163
642
570
9
10
447
379
8
7
847
1055
1010
381
502
2
620
287
1
326
177
101
805
995
1023
472
838
839
889
840
163
403
1040
241
407
406
530
7
1
1444
724
1033
162
4
3
127
410
402
1092
338
1041
694
321
630
424
334
1185
1152
173
176
1124
264
498
499
497
184
474
495
1253
837
92
1126
1548
1285
526
851
608
843
528
507
371
158
147
1524
6
1043
1299
614
761
1012
1009
1148
1677
1666
5
1513
476
220
1449
905
758
819
1581
79
482
951
499
1483
496
497
1416
498
1173
709
408
1143
175
3
1488
317
2
1
7
767
799
1128
210
319
308
155
1138
250
1372
6
135
915
72
3
2
336
281
829
605
440
197
5
4
685
104
187
170
323
402
1137
194
941
526
301
434
572
1071
436
176
321
450
8
171
438
1311
218
1077
711
815
170
1087
1616
1605
66
1452
415
159
1553
179
1622
712
697
897
97
816
403
1520
1291
1546
97
157
6
1165
939
198
192
1446
158
201
531
902
560
1495
178
917
67
918
243
1236
65
1140
916
544
113
763
6
873
813
229
448
1496
7
8
9
507
1093
10
11
12
508
1094
269
2
738
951
1359
911
166
444
1200
925
1005
781
5
682
1354
917
12
152
785
732
311
156
962
659
42
585
298
155
520
470
397
72
221
490
8
366
848
62
11
211
651
272
664
144
1268
1612
298
5
349
965
49
1222
979
566
428
350
181
441
376
1397
780
97
516
1423
10
1577
2
406
158
310
452
289
453
247
686
753
132
65
245
479
126
799
616
893
892
684
1213
1202
469
1049
12
244
290
214
104
500
553
187
445
231
20
249
1414
751
970
762
1349
1022
2
1113
4
134
729
123
156
742
327
145
739
178
754
263
191
404
448
417
916
2
180
599
598
414
10
147
139
591
665
917
284
62
606
42
553
438
179
299
566
463
563
2
110
151
304
254
1029
1042
1040
1039
1032
1043
1030
1031
1033
1034
1035
1036
1037
1038
1041
14
1169
221
392
892
601
520
901
247
286
602
395
499
425
921
441
391
1203
391
173
1148
923
716
8
293
487
179
580
912
117
678
210
1
777
811
837
591
775
598
738
966
181
348
337
1334
184
853
1109
5
583
582
781
1163
650
930
461
939
940
62
61
348
346
117
775
414
118
756
47
269
107
622
49
222
554
5
1143
270
745
1144
1524
116
1242
792
778
254
609
420
595
1650
209
491
211
705
5
707
778
1505
922
1455
567
1416
2
124
466
122
612
611
1493
442
83
603
50
617
1128
91
261
1434
986
1252
1461
301
60
854
608
886
1060
593
1184
1231
308
635
112
136
562
443
298
224
263
767
653
717
13
643
232
103
393
1
684
286
80
561
189
434
480
379
479
44
456
285
491
705
224
225
1219
215
15
1078
219
585
481
1126
209
320
309
1362
156
881
1137
257
5
1117
584
250
1199
1139
1302
357
1494
1104
150
1138
1497
765
394
736
16
1077
218
584
480
1125
1371
4
208
321
310
1361
157
880
1136
251
258
1116
583
1198
1138
1301
130
356
1493
1103
151
1137
1496
764
393
735
1116
1138
884
1412
583
1133
1175
1132
561
1171
1016
1131
1130
189
1396
1545
1393
905
1108
1119
1201
611
6
1136
1135
1134
544
1
1098
48
172
293
324
56
521
611
1030
127
310
528
1
189
482
147
876
2
64
1
1562
7
4
774
532
984
985
1122
1123
1023
1094
1125
1075
2
277
165
1187
315
975
1017
943
1047
1625
240
945
847
808
1048
992
1270
1046
17
1620
568
225
208
869
1289
371
166
296
2
442
269
833
1132
1
1475
148
2
1072
1073
1012
1013
1516
516
966
1517
629
368
102
107
1053
30
294
517
771
657
1477
485
1053
144
300
1217
1574
399
703
817
3
989
421
1618
1174
257
100
1075
1364
1510
440
439
500
499
4
898
112
507
996
3
454
904
1098
448
580
1109
338
957
546
447
4
9
454
5
5
736
6
200
1133
951
279
92
375
4
440
177
79
374
3
70
747
201
883
753
871
497
719
946
177
733
363
579
267
187
288
575
120
268
263
398
1144
711
1
453
554
841
386
2
3
132
1410
977
208
662
763
1050
595
207
212
77
1619
1186
952
498
397
110
565
953
948
1083
459
26
906
1702
4
1542
324
193
261
362
649
194
194
189
785
1218
649
896
897
289
4
131
660
111
2
453
1158
394
458
508
903
995
775
211
420
148
315
844
518
617
4
259
296
678
421
833
838
680
357
613
223
181
574
233
232
197
98
1395
553
96
736
1
759
1297
1266
349
2
208
533
209
3
930
1396
1394
92
1262
20
339
1388
491
490
565
333
1254
563
77
456
432
74
4
1
144
181
392
146
32
374
764
878
710
231
690
305
1
1
42
2
539
529
70
49
453
8
415
2
143
1398
773
1191
20
3
1074
149
4
285
724
508
2
39
4
587
357
1173
49
2
1541
598
1345
310
21
1134
659
1246
270
187
1070
953
837
277
30
479
1334
615
328
4
44
1402
52
2
1354
184
1426
1348
51
893
1350
687
149
180
1795
1448
1647
516
1107
720
270
108
623
48
50
112
403
268
5
1131
1178
361
582
165
1041
879
1394
723
561
869
868
4
1026
269
149
4
3
17
305
450
788
127
236
1043
1073
946
2
424
391
6
158
830
1359
323
1195
994
59
78
315
1296
274
3
220
219
477
293
836
475
750
53
119
81
297
180
10
2
125
5
1200
1028
189
212
826
267
38
618
261
548
110
273
652
991
996
493
492
491
7
593
490
489
488
8
594
141
188
1351
408
1155
467
305
438
109
566
303
193
1286
1124
1639
968
1234
959
1240
1242
1237
1
150
265
906
249
636
19
286
424
711
585
45
299
606
1
1604
845
101
161
1
5
963
72
121
49
15
64
51
193
1207
186
1
643
944
937
1355
1238
1
427
497
507
602
468
1037
798
1048
1044
911
346
167
912
315
518
519
168
520
623
345
1100
938
1453
782
714
969
385
1
4
1365
1366
179
1254
1030
1
1339
831
1063
977
277
1074
1
223
1252
86
422
190
276
797
854
1160
652
884
798
278
221
85
423
96
191
277
54
3
309
199
33
53
975
1032
1338
830
1062
976
670
971
3
1465
23
221
1
379
550
192
121
264
801
595
378
379
871
57
603
210
7
6
486
654
1187
299
266
258
218
8
3
257
622
674
678
327
544
543
463
193
521
299
361
650
418
505
793
319
776
238
143
528
391
55
436
378
3
780
12
319
216
705
168
387
769
794
330
183
873
51
44
295
570
836
44
434
260
279
1
946
474
5
880
1143
52
133
1430
58
303
1188
397
1158
191
1010
11
1425
540
277
1368
1287
10
1362
1117
232
1023
262
1229
410
1409
1
2
12
147
194
233
214
370
336
658
496
250
346
3
309
4
474
912
1
149
476
42
1029
317
356
807
190
718
234
147
351
192
719
178
824
10
195
45
670
152
835
7
156
716
827
799
213
453
1
247
373
344
173
1211
262
256
404
947
1194
226
117
241
1057
19
824
433
7
1279
5
243
308
444
989
174
10
623
159
676
359
553
813
567
817
566
2
591
538
327
1162
140
126
260
775
5
4
220
249
573
916
106
120
506
529
251
250
466
3
451
166
641
5
791
233
74
173
437
149
190
299
88
851
192
543
790
180
468
807
318
529
234
150
1
102
352
1676
882
60
631
764
988
115
198
1295
1121
201
10
772
25
4
1310
1333
698
59
85
335
755
8
1278
865
77
614
181
1104
13
886
19
219
960
1059
481
69
532
261
534
535
74
1
1
1272
1319
220
723
24
272
1
2
607
532
887
384
431
1108
165
912
616
889
890
281
356
1
820
158
603
5
695
2
7
1388
80
141
1398
455
1202
1397
4
909
426
3
483
484
420
168
384
93
169
698
984
534
503
240
127
932
424
980
13
2
264
80
807
247
257
223
241
297
375
904
778
740
458
557
56
283
634
753
194
887
885
888
279
354
430
150
166
4
519
152
25
878
517
251
369
160
1522
4
1041
1193
878
27
241
1367
2
74
126
871
905
1
49
818
531
301
444
343
8
811
760
812
988
1354
127
520
9
2
1233
6
658
1
352
664
657
578
577
649
3
654
351
344
891
890
336
316
341
5
1040
108
566
830
790
85
1010
882
322
282
283
284
56
426
597
1641
847
1642
857
607
1102
2
476
212
252
957
851
1631
452
453
3
2
1
341
141
443
485
2
578
497
573
9
33
1
16
1116
1098
149
137
138
38
109
140
847
657
2
495
990
181
496
505
572
3
10
32
235
115
96
97
3
68
99
958
51
9
350
719
721
339
1
340
720
746
418
245
1069
5
7
1071
11
767
2
1
242
3
4
1073
8
2
8
7
107
36
5
1062
155
113
10
1063
1064
905
6
3
323
1487
824
1074
1062
1050
1051
951
1022
1053
1068
827
1072
1073
4
1061
216
28
876
1
952
32
889
18
885
886
887
888
227
37
3
708
247
674
675
676
677
661
678
679
415
151
191
896
59
862
863
864
865
849
866
867
433
697
657
48
907
14
15
16
17
1
18
19
442
178
218
923
32
889
890
891
892
876
893
894
509
773
733
28
983
62
61
60
59
75
58
57
915
475
211
251
956
1
922
923
924
925
909
926
927
446
710
670
35
920
1
2
3
4
12
5
6
461
197
237
942
13
908
909
910
911
895
912
913
5
4
3
2
6
5
4
3
7
6
5
4
8
7
6
5
8
9
10
11
9
8
7
6
10
9
8
7
110
593
786
188
216
638
1096
6
486
1
528
71
3
526
733
320
190
245
355
259
494
502
1
639
354
505
278
319
408
271
380
778
42
257
587
686
73
505
1
2
3
1043
500
45
947
820
441
31
760
743
683
89
186
806
219
153
491
502
1346
1445
832
254
1345
761
762
1001
157
58
671
1249
742
741
941
930
1459
97
2
611
223
1295
258
1189
740
682
681
6
620
585
28
550
50
576
541
185
1642
8
5
1023
1545
1058
648
1531
628
6
319
880
1263
510
609
574
766
362
756
202
1
1020
830
827
1139
398
1140
934
1
1137
3
396
744
1138
2
932
208
1
1141
2
527
1155
363
674
215
262
1277
334
1081
3
608
1378
1287
57
353
56
365
217
1
478
115
511
31
336
4
655
1425
1334
10
400
9
412
264
48
525
68
558
78
1137
383
43
884
114
205
1549
1139
1548
1127
1607
981
1461
402
1156
1496
59
857
829
738
606
196
605
184
332
548
71
664
38
518
541
213
553
688
82
9
1353
943
1352
931
1411
785
1265
206
960
1300
9
1408
10
1409
242
432
438
1
1314
422
1307
212
742
1607
418
1608
419
1609
420
1610
1509
223
1691
203
5
4
1674
252
1288
1126
1641
970
808
1116
1115
1553
1169
251
1273
1059
1416
887
947
3
99
1195
96
1
1245
228
5
908
739
744
745
1151
504
1159
256
425
138
110
661
420
419
295
294
244
293
13
660
496
407
238
525
553
2
243
244
368
369
419
370
650
3
1
1159
59
1157
3
1
58
1
274
11
1021
276
1096
851
34
757
4
963
144
1143
1061
79
1376
4
249
1134
343
1104
137
956
43
914
251
475
957
958
252
1175
1089
826
10
3
1118
1
1
120
282
233
438
288
8
630
1222
1
114
530
732
355
1272
126
1053
73
878
22
314
5
248
205
1
523
140
36
281
141
36
247
1
113
619
855
8
663
486
275
521
635
293
97
1377
176
177
437
1
212
34
148
584
890
271
1443
1
364
1103
247
361
567
1078
1064
362
1
206
717
320
791
2
467
342
31
203
536
497
205
350
454
25
1059
27
394
138
522
861
1062
5
788
779
175
55
2
1011
1021
784
610
786
160
1
942
11
1230
604
1086
1
396
645
308
643
521
642
1046
1
1171
54
615
940
98
298
737
679
6
338
191
1491
27
1010
440
714
698
160
832
602
1361
321
1197
1
100
513
740
1091
296
256
1167
1016
1299
1121
625
39
712
341
1186
104
397
1
768
123
1029
276
91
121
120
842
5
393
1113
1425
1395
1268
7
1029
1403
9
143
1251
1034
9
1047
1181
213
4
880
180
498
370
153
181
4
3
47
2
371
372
114
112
152
151
180
179
5
4
46
3
6
5
45
4
393
587
1081
705
920
774
911
455
600
914
5
89
616
330
4
141
615
331
726
530
3
282
819
811
395
529
8
631
866
558
559
696
698
267
175
4
271
1
4
3
6
5
1
6
5
8
7
24
160
895
11
365
41
446
6
3
976
30
1130
466
8
7
403
720
57
759
104
393
832
144
227
601
412
594
603
92
237
7
719
319
4
1138
164
1006
236
1139
1
605
2
83
401
314
1277
1806
124
1642
1393
466
836
334
908
467
1
215
262
920
589
63
1365
195
1437
62
254
2
635
3
1449
61
1118
1619
317
1487
245
1620
233
136
564
101
1546
1201
31
1273
102
954
351
441
952
218
658
227
574
1390
3
234
235
344
338
339
340
10
542
319
467
119
251
335
728
142
1299
75
1398
24
785
589
2
1
980
558
816
47
889
1167
1140
384
207
1
790
584
535
1070
848
1184
995
7
853
223
113
998
246
501
304
1126
645
94
225
39
1
706
855
112
170
245
885
212
989
994
214
218
229
631
1
335
776
468
279
526
904
128
633
334
392
663
10
767
107
337
1
1112
190
1240
208
969
2
56
999
1303
298
59
806
1
1431
399
193
1294
624
9
953
181
1249
1514
1440
1443
1558
1041
1445
115
1660
517
1409
7
5
247
11
561
190
331
1009
1253
269
202
203
1472
4
1492
1690
206
1691
1692
1693
1694
1473
5
1493
1474
6
1494
1475
7
1495
1476
8
1496
12
1480
8
1215
203
1216
131
133
93
612
352
615
395
902
470
660
630
337
482
517
440
223
1
483
484
222
701
616
879
131
1166
206
924
894
73
746
253
704
41
265
747
748
42
965
371
576
839
171
1126
246
884
854
113
706
293
664
1
225
86
707
708
2
925
20
3
141
2
129
134
876
421
951
179
149
818
1
998
41
704
480
949
2
3
703
220
1
675
5
4
11
1106
326
830
346
60
248
247
616
881
462
680
230
456
623
537
454
2
484
835
29
1229
317
431
430
429
9
428
278
1438
374
11
287
373
13
114
25
1
1040
556
485
938
103
161
1202
245
246
247
5
4
10
6
5
11
1144
6
12
13
67
969
163
134
662
646
498
135
647
61
465
138
16
15
796
148
781
834
1
686
149
632
53
782
1
451
417
28
517
1232
364
753
1298
561
576
82
81
72
5
587
545
363
87
1
46
106
556
1210
1214
1166
976
1417
208
204
252
442
1
1211
1215
1167
977
1418
1401
236
237
1227
1
2
1228
1216
1402
678
1397
1353
1163
175
1604
232
188
2
990
439
983
986
233
189
1
981
394
989
440
7
4
1223
1179
989
9
1384
1
1430
3
1243
193
1229
194
47
237
204
2
1242
192
1228
193
46
236
205
1224
16
1034
2
1033
1180
990
1431
186
1212
1168
978
1419
1398
1354
1164
1605
674
508
630
440
581
881
1355
114
1165
1606
1
910
385
202
574
656
6
317
936
283
28
1225
10
2
1054
740
1042
143
171
131
1446
1165
1681
1290
1232
500
1234
6
1300
1
7
264
1029
267
345
98
406
12
349
78
874
4
168
406
98
296
41
230
566
304
140
405
99
295
42
229
567
303
139
1
6
5
4
3
2
11
1
1049
13
1048
482
616
615
614
1229
226
144
134
132
1507
35
10
100
177
1590
6
11
12
730
657
287
594
942
896
73
284
1201
27
1375
716
2
775
362
449
606
883
882
881
383
203
880
879
878
382
204
1
450
451
391
742
390
287
1255
1225
743
392
1256
2
1
355
1127
303
1356
1612
254
224
1
1023
571
4
41
520
305
666
118
58
104
411
260
174
12
527
144
229
1
612
334
592
1503
161
160
596
151
163
194
14
1164
384
863
865
514
866
969
1
478
614
3
949
310
1662
820
568
1079
91
377
667
629
919
4
286
918
26
25
1602
150
274
274
916
12
645
630
3
1008
13
12
2
349
3
106
862
832
350
1
395
94
1028
13
492
1637
860
145
455
8
9
13
668
11
1042
382
1039
6
654
3
1041
381
1038
1022
1024
821
822
1
1
168
44
6
118
397
8
512
259
517
259
220
1
478
1650
1618
9
338
7
1112
405
761
1507
1508
1510
8
108
15
110
111
6
106
13
108
109
164
161
246
10
4
235
239
3
1157
1
4
5
1
1
2
1
6
1
1
9
4
5
1
155
154
162
156
161
1086
427
1194
1434
1
1
172
84
25
543
1
434
430
434
433
5
354
1
2
46
767
271
891
240
349
1278
134
4
5
6
204
1
10
7
1387
1
2
1
465
1
1
1
2
1334
1
1138
637
3
282
1141
801
436
1
14
137
474
27
667
382
735
477
277
275
1114
189
793
830
608
299
1
43
456
601
35
95
498
218
847
643
105
106
6
77
77
137
668
108
686
659
7
352
1
3
1462
1
15
879
1
976
29
27
509
821
310
2
1
1
1
1264
1626
664
1
3
1
2
1
1
1
1
26
2
3
1
715
927
1079
726
374
209
269
938
586
3
1429
616
758
723
501
1
6
1
2
1378
2
3
1379
1
4
1180
433
888
894
43
191
345
1
1
6
1
3
1
748
749
649
720
751
182
183
83
154
185
1
3
1010
882
472
473
883
218
1291
702
1
1
1
1
553
802
966
760
1
87
27
749
1
50
1212
1356
52
457
200
5
8
265
440
344
776
84
692
1
2
134
529
530
940
1
44
458
1
585
25
1334
356
1335
831
1
890
1685
5
1686
1182
352
1241
702
691
3
14
590
251
1
2
412
415
54
414
55
4
465
44
1
1
701
477
3
475
1177
260
1
133
13
1
235
925
1118
768
1
259
540
132
1160
1
223
728
37
104
506
326
1
141
1453
1
1
2
2
1
1
1204
1135
1
1701
1354
346
1631
1
49
452
1092
807
5
454
2
496
47
499
1136
687
1139
851
402
854
1
1
593
52
1
2
5
4
231
43
44
1
213
802
100
963
1
490
1
1
146
1
2
1
304
1
1535
1007
1
2
1
2
1
