766
14
391
392
393
394
395
691
403
33
267
126
48
54
1693
721
799
800
486
28
495
713
578
275
340
919
922
41
42
13
14
435
40
817
499
655
74
43
45
777
780
48
49
50
51
52
53
4
35
65
589
588
587
586
424
585
43
414
66
20
19
345
347
349
519
611
9
606
605
604
22
18
1
2
3
149
37
38
9
1
51
49
34
655
654
653
652
8
22
27
46
47
48
49
50
51
54
55
37
4
1
147
35
36
9
146
587
155
154
7
40
195
35
165
19
586
527
23
256
799
409
253
214
510
511
512
513
514
515
518
526
21
22
199
197
48
195
14
15
16
17
353
351
48
50
789
111
69
70
71
2
4
85
84
234
6
7
8
9
469
78
28
22
23
45
2
87
86
236
4
5
6
7
471
80
20
21
43
445
1448
26
137
770
47
111
786
121
49
50
51
52
53
54
1
41
42
43
819
149
384
7
489
292
1165
63
127
34
1255
787
494
344
342
774
57
1593
1230
14
15
16
17
18
19
20
21
22
459
5
110
29
30
31
32
1641
27
108
269
1260
767
56
58
60
61
62
63
64
66
67
68
69
50
44
49
47
71
118
40
73
84
130
77
332
331
329
79
327
80
326
81
325
82
318
1264
1262
1261
11
1662
147
25
806
138
771
46
112
122
327
326
25
26
48
49
87
89
1663
50
51
52
53
150
85
1166
6
788
123
126
64
33
1594
1231
458
592
109
28
29
30
31
107
270
1261
55
57
59
60
61
62
63
65
66
67
51
43
50
48
70
119
41
72
86
129
76
78
79
80
81
1265
1263
1262
148
24
38
28
29
235
156
257
31
64
279
45
2
21
254
228
211
817
41
1
2
3
485
1530
1595
398
36
1561
26
1164
19
24
17
1200
1194
35
38
109
106
29
31
6
330
39
40
356
164
15
20
255
229
212
818
42
1
2
486
1531
1596
397
35
1562
25
1165
18
23
16
1201
1195
37
110
107
30
30
5
331
38
39
357
14
19
256
230
213
819
43
1
487
1532
1597
396
34
1563
24
1166
17
22
15
1202
1196
33
36
35
111
108
31
29
4
332
37
38
358
13
18
257
231
214
820
44
488
1533
1598
395
33
1564
23
1167
16
14
1203
1197
35
112
109
32
27
28
3
23
36
37
359
12
431
214
263
264
819
953
781
323
42
11
196
56
43
27
839
915
975
952
951
950
1263
391
403
329
332
883
846
743
848
849
961
213
212
211
885
1181
783
949
409
174
39
40
2
4
303
1257
1246
202
201
492
199
504
730
54
874
873
34
35
36
37
38
1068
1067
337
73
74
75
455
514
908
957
31
1314
34
35
36
1262
781
144
777
40
118
289
128
42
43
44
45
46
47
426
1479
1310
11
1408
830
1494
794
62
59
1653
527
1517
1515
1130
217
299
1172
1495
482
364
1340
476
120
558
68
27
487
1416
565
1252
1250
351
350
349
50
1600
343
1249
110
2
81
1237
8
9
10
11
12
13
14
15
1489
16
1487
452
12
1492
103
21
22
24
25
1648
19
20
221
219
1328
101
38
41
276
1113
1474
1267
49
51
53
54
55
56
57
59
60
61
62
58
57
37
10
56
1560
54
52
64
125
524
47
66
92
91
395
163
123
70
522
1076
72
73
333
332
74
75
1271
1240
1269
692
1268
400
18
1669
154
78
454
18
23
618
2098
2097
2096
2095
1203
48
1318
1321
1060
427
1183
21
52
1197
1198
40
104
568
569
225
152
189
22
112
23
24
25
1185
1186
79
56
1187
1845
37
128
572
28
8
14
15
764
167
20
1848
1296
50
106
105
1023
306
1184
192
191
187
186
129
284
7
27
38
29
30
1466
31
32
33
34
35
213
588
841
39
41
42
61
62
128
63
65
99
288
102
259
165
67
136
260
90
60
98
1
1
2
4
820
18
1465
1
1
27
1204
25
59
2
30
52
327
53
54
18
19
20
277
36
247
61
381
1374
13
420
309
15
390
391
392
248
249
250
797
490
33
34
35
37
38
39
40
785
786
263
12
699
261
2070
60
63
520
1973
1
2
3
4
5
6
7
9
4
1
2
3
4
5
6
8
56
57
100
49
48
387
52
1
2
3
4
4
130
46
11
137
290
83
416
358
435
37
88
271
40
269
41
268
267
42
43
287
283
282
73
14
985
986
129
128
127
440
45
46
855
856
202
201
200
199
196
424
125
131
8
16
17
18
19
85
20
125
32
39
408
409
97
98
179
843
99
176
176
88
121
122
123
60
116
62
69
70
581
582
3
676
54
157
156
155
154
153
235
151
150
149
148
147
386
463
462
461
134
82
401
1
2
3
381
382
383
384
385
714
715
460
4
5
608
609
610
611
612
7
752
1
2
7
10
62
36
307
1213
1214
1215
13
14
15
17
3
4
18
42
314
315
168
19
22
23
24
6
5
4
6
9
212
365
1
6
9
61
35
306
1212
1213
1214
12
13
14
16
2
3
17
41
313
314
167
18
21
22
23
7
6
5
5
8
211
364
5
8
60
34
305
1211
1212
1213
11
12
13
15
1
2
16
40
1976
312
313
166
17
20
21
22
23
8
7
6
4
7
210
363
101
48
47
4
51
5
6
8
9
10
193
1
2
3
5
138
291
82
415
359
448
436
447
36
87
125
272
39
88
89
270
40
269
268
41
42
288
284
283
72
12
13
984
985
617
441
65
44
45
854
855
423
259
258
111
112
124
130
133
54
7
15
16
17
18
84
19
329
682
20
21
22
23
24
25
26
27
29
126
31
38
407
408
217
96
97
100
180
43
175
177
89
120
121
122
186
59
117
61
256
197
68
69
580
581
4
675
55
159
134
155
154
236
385
679
142
135
81
228
316
400
102
47
46
3
50
4
5
7
8
9
194
1
2
6
48
694
304
303
139
292
81
414
360
449
437
448
35
86
126
555
273
38
271
39
270
269
40
41
289
285
284
71
12
983
984
128
442
64
43
44
853
854
418
422
110
566
123
129
132
53
6
228
14
15
16
17
83
18
681
19
20
21
22
23
24
25
26
28
127
30
37
406
407
218
95
96
685
686
687
99
688
181
841
42
174
178
90
335
119
120
121
336
337
185
58
118
60
216
215
214
213
212
196
67
68
581
582
5
674
56
160
156
155
237
384
678
238
136
80
233
232
231
229
315
399
103
46
45
2
49
3
4
6
7
8
195
1
7
140
293
80
413
361
438
34
85
127
274
37
272
38
271
270
39
40
290
286
285
70
11
982
983
443
161
63
162
165
167
145
42
43
146
852
853
206
197
421
109
600
122
128
131
52
5
303
13
14
15
16
82
17
680
18
19
20
21
22
23
24
25
27
128
29
36
72
405
406
117
66
219
94
95
433
174
175
176
177
98
182
840
41
317
173
179
117
91
334
118
119
319
120
335
336
182
184
186
57
119
59
283
285
195
196
200
202
204
66
67
1044
6
673
57
157
156
238
383
677
72
73
74
75
76
137
79
230
314
398
104
261
403
338
339
45
44
150
384
1
48
359
361
236
7
196
605
8
44
141
294
8
79
411
412
362
439
33
128
275
36
273
37
272
271
38
39
72
291
287
286
69
9
10
11
981
982
131
1686
444
60
61
160
62
161
164
166
332
41
42
851
269
852
113
420
421
363
108
294
347
346
341
127
231
232
130
51
4
304
12
13
14
15
81
16
679
17
18
19
20
21
22
23
24
374
26
129
28
35
224
406
73
343
404
405
67
93
94
173
97
183
40
316
172
180
92
333
318
334
335
436
56
721
120
58
168
214
194
197
199
201
203
209
65
66
48
47
46
45
243
396
351
7
352
714
715
672
58
162
158
157
239
382
676
299
138
78
231
396
234
235
312
25
27
313
397
1
2066
15
39
311
312
165
256
16
19
20
21
10
11
12
1217
33
13
14
9
8
7
2
3
6
209
362
59
4
7
2064
455
2065
14
38
310
311
164
15
1438
18
19
20
69
741
689
9
10
30
31
11
1216
32
34
12
13
693
42
10
9
8
1
2
5
208
361
58
3
6
1209
1210
1211
2063
702
1589
2
3
1807
4
6
1806
1280
1576
26
46
218
217
309
13
41
48
53
1
1938
3
395
67
2
4
1
525
800
1587
837
923
1763
1741
519
516
1964
25
839
19
1122
1709
1707
1929
4
1689
1151
12
29
1029
1028
1027
1782
1781
28
42
43
511
57
58
59
60
61
62
63
64
65
1533
1149
55
3
40
47
52
1939
4
66
1
3
2
801
1588
838
924
1764
1742
1965
24
840
18
1123
1930
5
1690
1152
11
28
1783
1782
26
27
41
42
550
56
57
58
59
60
61
62
63
64
800
799
798
1534
1150
54
2
8
1
9
10
11
231
51
1240
586
2
602
15
830
865
2127
1954
1369
470
2125
125
64
18
37
25
35
1868
822
397
420
469
41
65
62
1
5
49
1242
588
604
13
832
867
2129
1956
1371
472
2127
123
62
16
35
22
23
33
1870
824
39
60
1
7
30
242
243
1122
1123
1223
1224
553
554
7
150
151
149
152
8
9
10
21
439
440
441
442
443
1340
523
95
156
694
226
227
152
151
315
314
11
28
248
310
33
279
249
705
242
241
263
5
4
3
2
674
238
236
269
270
271
829
31
32
232
234
230
235
236
237
193
50
118
25
1341
56
328
714
200
718
719
665
290
53
134
668
21
672
97
161
158
90
235
384
382
581
28
92
675
429
831
51
1
38
26
307
680
223
295
671
374
1307
822
516
224
434
97
420
412
65
296
70
301
67
186
57
546
545
796
85
3
4
5
6
7
8
9
689
10
11
1434
14
15
16
17
20
21
159
1
158
2
3
4
5
6
686
7
157
307
308
8
1431
11
12
309
13
14
54
17
18
1278
1279
1077
670
1126
1967
1
3
306
7
1127
10
11
61
13
161
1
2
3
4
5
29
298
299
301
302
860
849
305
306
6
9
10
307
165
11
176
61
62
63
56
78
79
80
81
82
23
166
15
16
1
2
3
4
28
5
8
9
10
175
711
60
61
62
55
77
78
79
80
81
165
14
15
1
75
327
379
380
2
86
21
22
87
3
27
296
297
299
300
157
156
4
7
8
393
9
174
96
59
60
61
54
76
77
78
79
80
893
382
108
109
110
111
112
113
1259
13
1264
14
132
55
372
380
763
765
1
2027
2
26
295
296
298
299
1132
609
611
3
6
7
8
156
177
1982
58
59
60
53
75
76
77
78
79
1979
775
761
650
12
13
154
526
689
19
605
1
25
163
159
158
856
845
301
302
608
610
2
5
6
7
56
708
57
58
59
52
74
75
76
77
78
667
620
164
162
179
774
645
678
679
980
11
12
351
10
7
525
688
773
1372
176
745
674
2
1
15
14
518
376
377
18
19
1173
1330
1331
1332
1333
24
90
164
1433
1130
1
4
5
390
6
154
153
171
707
1439
1442
152
619
165
922
923
1431
82
178
13
61
1200
1203
379
157
72
105
106
107
108
109
110
42
43
1254
1256
10
1229
1261
11
1289
129
52
541
674
54
298
369
15
375
376
17
18
19
76
1486
153
982
3
4
5
299
300
1982
160
37
1620
155
154
174
23
1432
45
46
47
48
706
1438
1441
177
1063
1064
240
1070
1071
182
772
1466
1467
1468
1469
1470
1471
1472
1473
1477
1481
1485
676
677
978
20
973
974
975
976
606
608
726
1979
72
73
74
75
76
618
31
205
49
1255
9
1260
10
38
349
128
2093
2094
50
151
55
153
56
57
523
686
603
687
360
359
352
353
28
1419
15
18
9
1494
1493
1492
1491
1175
1173
569
190
19
20
21
23
185
1435
1432
229
228
227
1
627
437
14
1060
1061
1068
1067
1
2
169
168
824
826
828
831
832
20
174
6
7
288
289
291
292
839
371
372
13
14
80
1059
1060
1067
1066
385
1
88
1975
51
52
53
46
68
69
70
71
72
171
170
169
823
825
827
830
831
19
75
74
73
72
78
79
173
850
885
639
56
374
67
100
101
102
103
104
105
27
1251
5
1256
6
124
2089
2090
47
2038
435
10
11
12
13
14
1526
160
159
701
158
171
170
1971
18
1425
76
84
1194
1197
36
37
38
1443
2019
1449
1450
1248
2063
2065
1250
2066
4
1255
1223
5
1169
2007
1415
8
890
364
9
10
13
27
28
374
1559
1323
696
697
150
234
1432
1435
172
171
293
294
295
151
729
152
153
1130
1426
1135
929
1142
1144
176
1146
246
5
6
7
421
2
217
100
384
618
20
619
1973
195
470
1170
38
254
666
1031
95
18
2149
1773
20
2229
246
1535
1303
468
326
364
2151
1522
606
3
1
367
95
96
97
98
1295
1655
25
28
37
38
26
43
42
642
643
605
1537
1538
366
1294
1654
24
27
36
25
42
41
641
642
4
286
7
6
4
3
526
294
297
597
77
28
81
205
665
167
57
404
1
300
307
309
53
2
129
146
245
1307
1069
151
32
98
438
418
477
429
99
100
44
356
350
36
119
120
121
238
232
507
79
365
20
21
22
233
395
396
82
306
84
85
37
86
676
87
222
245
43
44
45
416
66
46
47
48
57
311
433
345
522
247
130
285
8
7
5
4
525
2
293
296
596
76
27
80
58
59
206
664
168
56
403
299
306
308
54
1
130
147
246
406
682
1068
150
31
1131
97
437
417
476
430
98
99
45
357
351
37
118
119
120
239
233
506
78
364
19
20
21
234
394
395
81
377
305
83
84
673
36
674
85
675
86
223
676
30
244
42
43
44
101
415
67
45
46
47
39
58
1192
310
432
344
521
248
115
284
9
8
6
5
292
295
298
75
207
663
169
55
402
145
55
451
144
143
142
148
405
1067
149
96
436
416
475
273
272
97
98
46
358
352
117
118
119
240
505
77
363
18
19
20
235
393
394
80
82
83
35
84
85
224
243
305
41
42
43
102
68
414
44
45
38
431
343
1117
1118
964
965
1204
1205
2
966
3
4
5
1256
307
7
1
200
201
101
102
300
48
49
50
153
152
151
208
207
418
47
725
260
714
713
404
403
309
1283
1280
308
6
201
202
100
101
301
47
48
49
154
153
152
209
208
46
726
261
715
714
20
310
27
26
25
24
23
1284
1281
1
40
41
42
842
2
25
64
65
66
47
39
40
41
1
43
45
1
56
74
238
80
83
52
117
120
29
30
32
34
35
36
37
38
84
85
86
88
53
54
55
63
64
55
239
51
28
29
31
33
34
35
36
37
52
53
54
60
30
56
57
739
740
741
742
68
546
547
6
345
90
308
1
1826
2
3
94
601
548
227
82
226
225
224
550
74
73
72
67
64
85
581
561
62
616
59
1162
1163
1164
1165
1175
1176
214
213
211
209
208
107
262
15
5
93
532
16
751
7
8
752
9
10
11
12
13
754
235
449
1382
819
17
19
20
174
39
450
393
40
41
452
43
77
757
14
1823
84
80
83
82
81
80
237
187
45
114
46
34
659
38
76
24
23
21
20
18
798
14
106
4
101
100
99
57
56
49
50
290
23
62
63
64
840
29
283
55
739
740
741
67
344
1174
1175
63
81
738
25
545
546
212
89
1
2
1162
13
1163
56
59
33
1164
1822
60
549
5
15
547
569
517
1825
95
3
600
73
20
84
580
560
615
1161
486
215
214
210
209
106
261
1351
16
4
94
531
15
750
6
7
751
8
9
10
11
12
236
753
448
818
16
18
19
173
38
449
392
47
39
40
451
42
76
756
79
236
188
44
113
1409
658
37
75
24
22
21
19
5
530
28
282
54
134
135
137
138
738
739
740
66
343
1173
1174
64
80
737
26
544
1824
545
213
82
88
1
1161
12
5
16
1162
55
58
32
1163
1821
61
548
84
83
82
4
16
546
96
2
599
229
228
227
226
74
19
83
579
559
614
1160
216
215
211
210
105
260
17
15
1112
3
95
530
14
749
5
6
750
7
8
9
10
11
237
752
447
817
15
17
18
172
37
391
448
38
39
450
41
75
755
77
78
189
43
112
1122
656
657
36
659
74
25
23
22
20
6
743
744
1441
745
27
53
737
738
739
65
218
342
1406
1823
1172
1173
65
79
736
27
543
544
214
81
87
1160
1161
54
57
31
1162
1820
62
547
3
17
567
515
97
598
230
229
228
227
75
70
82
578
558
131
130
613
1159
217
216
212
211
104
259
18
173
245
244
2
96
529
471
13
748
4
5
749
6
7
8
9
10
238
751
446
816
14
16
17
759
171
36
390
447
37
38
449
40
74
754
77
234
190
42
111
655
265
656
35
658
73
26
24
23
21
202
203
204
205
206
498
7
528
153
98
1914
765
767
769
772
773
694
695
842
1
626
628
4
629
696
698
700
632
633
845
846
8
9
848
543
911
912
913
914
1067
544
546
851
108
1917
10
11
12
13
14
556
920
681
682
1
1068
15
46
47
802
9
11
486
327
341
131
489
500
66
22
540
291
690
81
691
616
103
807
290
476
542
543
94
143
238
259
260
307
280
215
445
64
211
168
997
239
448
86
328
480
53
63
546
2
66
717
718
483
217
184
318
978
239
571
45
1621
1596
1057
1959
48
1648
1775
1370
1368
3
1750
25
26
2
2
4
7
8
1155
21
974
774
731
27
3
17
4
2
5
6
1153
23
976
776
733
25
5
15
6
3
4
1151
25
978
778
735
23
7
13
36
37
9
1
1148
28
981
781
738
20
10
10
10
1147
29
982
782
739
19
11
9
32
33
53
1
7
693
2
50
16
686
154
16
510
45
46
47
153
216
52
118
8
63
58
59
93
694
69
67
66
1
49
3
5
15
61
687
153
17
511
119
120
121
122
123
14
13
12
11
44
45
46
152
215
154
7
34
889
7
455
834
6
606
688
103
39
379
832
595
387
680
681
682
2
596
742
353
625
627
3
628
695
697
699
560
561
562
320
321
335
322
323
318
355
356
334
357
844
845
7
8
847
542
910
911
912
913
21
22
23
24
543
545
850
27
107
633
643
9
10
11
12
13
919
860
861
862
863
868
869
848
701
103
14
45
46
280
88
104
19
117
2
298
25
24
3
6
7
84
618
635
592
90
82
80
23
23
24
25
13
26
70
450
452
580
341
42
43
45
2
278
86
106
21
313
300
27
26
1
4
5
82
620
637
594
92
84
82
520
537
516
14
25
21
22
23
11
24
448
450
582
343
40
41
43
4
477
350
5
2
1
1
2
637
536
556
628
629
57
59
4
539
13
30
1063
540
542
104
45
10
660
608
160
552
204
11
620
277
85
107
22
28
27
89
181
447
180
69
3
4
81
621
638
595
104
93
85
83
15
13
35
449
17
26
20
21
22
10
23
583
301
344
39
40
42
5
67
138
139
378
174
43
44
45
100
99
137
156
2
4
136
14
19
149
150
220
140
688
687
152
215
216
217
152
150
155
532
140
650
368
649
26
15
17
20
21
72
60
207
161
380
115
138
16
12
176
784
341
15
41
42
43
46
247
5
2
7
40
514
3
85
151
4
690
379
689
21
652
370
651
237
243
24
8
9
10
11
206
28
125
13
193
14
15
18
27
99
100
101
102
55
58
112
21
74
9
158
210
58
205
163
382
113
140
14
10
178
786
343
17
39
40
41
44
249
7
133
5
38
516
1
83
145
149
2
146
692
381
691
148
19
654
372
653
235
241
22
151
6
7
8
9
208
26
127
11
195
12
13
16
29
97
98
99
100
53
56
114
23
76
11
160
208
508
159
202
470
365
476
314
118
225
43
23
751
750
431
633
112
30
533
73
600
201
268
270
9
1
26
254
204
89
279
458
88
86
448
424
327
524
106
481
597
16
532
32
20
17
18
19
7
20
471
617
21
459
37
38
50
49
557
272
14
9
169
7
160
471
366
477
315
119
224
42
22
752
751
432
634
111
31
534
74
601
267
269
8
27
255
90
89
87
449
425
328
525
107
482
598
15
533
31
21
16
17
18
6
19
472
618
20
460
36
37
51
50
558
271
15
10
170
8
10
314
11
10
8
630
14
15
285
510
509
135
24
21
20
19
18
489
488
487
15
14
7
690
273
2
12
1
58
9
4
837
836
3
526
615
614
612
611
53
64
667
222
301
299
6
661
737
526
524
523
522
521
799
517
20
27
42
174
34
624
650
43
92
117
118
45
46
221
305
9
315
12
11
466
9
631
286
27
511
510
136
25
22
21
20
265
490
489
488
16
15
14
6
245
244
15
16
17
18
691
274
1
3
448
13
57
10
838
837
2
55
525
616
615
613
612
54
65
302
300
5
662
738
755
734
1071
202
527
525
524
523
522
800
518
19
26
41
175
500
28
625
42
93
116
117
44
45
547
546
545
544
493
422
757
222
306
10
9
1
840
535
784
773
536
538
843
100
15
14
13
20
2
3
4
5
6
548
7
38
39
1085
728
701
572
908
839
227
535
537
297
842
16
15
14
21
1
2
3
4
5
27
28
29
30
31
32
33
34
35
36
37
38
484
485
24
662
20
415
7
317
14
13
12
11
633
288
25
513
512
138
24
23
22
167
492
491
490
166
109
108
107
4
13
14
15
16
693
276
1
1
529
15
523
522
670
304
302
3
664
855
854
853
860
838
837
836
835
834
528
531
527
526
525
524
802
520
17
24
533
534
39
536
177
26
40
95
114
115
42
43
44
512
55
224
308
419
393
11
10
9
381
155
95
149
17
364
208
207
38
342
189
187
186
185
544
53
54
200
58
59
16
28
29
304
433
367
12
14
224
290
552
371
1445
19
524
222
18
8
7
1
3
106
114
308
435
17
16
14
452
431
35
392
389
1374
101
550
549
548
555
533
532
531
530
529
99
121
107
221
74
109
220
219
528
215
371
370
212
125
126
125
123
121
112
42
5
415
39
40
52
454
81
5
3
27
29
6
148
77
604
74
576
256
420
575
877
201
718
13
555
554
553
154
167
352
4
1
592
590
589
78
10
9
11
6
1
2
3
1077
386
367
365
760
267
811
831
747
272
259
9
588
587
507
738
22
363
43
44
45
46
23
47
48
49
50
155
393
57
7
920
292
3
26
28
7
149
78
75
257
421
576
878
202
719
14
556
155
168
353
3
4
2
79
9
10
10
5
1
2
1076
387
368
366
804
761
812
832
748
273
260
356
8
508
739
21
241
364
45
24
46
47
48
49
156
394
56
8
921
293
4
424
347
346
16
25
27
8
150
380
379
79
76
600
599
578
258
422
577
879
203
720
15
557
556
555
156
169
597
354
2
3
752
594
592
591
590
80
8
11
9
4
1
1075
388
369
367
586
589
805
762
901
900
899
813
833
749
509
274
261
357
7
740
20
40
242
365
44
25
45
46
47
48
157
395
55
9
922
294
5
9
381
80
77
259
423
578
880
721
16
558
157
170
7
355
4
510
81
7
12
8
3
1074
370
368
489
487
485
806
763
814
834
750
275
262
358
6
741
243
366
43
26
29
44
45
46
47
54
10
923
295
6
544
536
231
905
7
1201
3
803
56
858
862
863
864
19
879
20
21
240
711
14
13
837
838
465
1267
930
931
932
1258
1
891
167
243
244
55
700
530
521
22
35
33
216
23
23
7
22
540
538
916
913
850
459
423
309
865
245
426
49
50
433
653
24
25
940
109
41
178
884
262
467
379
825
917
228
214
2
21
166
33
20
19
43
45
394
361
13
12
11
10
291
9
8
7
164
236
382
226
105
268
269
1000
1014
156
94
155
61
59
58
56
16
677
676
675
674
429
270
365
271
272
273
274
209
131
358
356
244
245
111
170
47
30
48
53
208
166
37
138
354
630
343
188
187
186
227
70
71
195
196
545
197
52
53
199
232
200
375
57
76
58
24
25
26
389
27
28
386
387
388
7
9
240
11
13
225
223
222
143
221
220
140
512
289
377
358
373
182
397
161
60
2
117
106
307
360
336
239
216
57
16
15
14
453
432
393
390
883
1373
100
98
120
68
369
59
105
106
107
108
12
376
17
18
264
19
109
162
163
372
164
52
644
259
643
371
29
370
39
38
213
124
125
933
884
668
111
110
109
108
259
260
4
209
415
210
212
38
346
181
455
74
75
80
6
4
364
212
65
67
229
85
4
23
1318
168
31
22
41
43
396
359
316
315
313
312
310
15
14
13
12
289
11
10
9
166
384
233
232
231
281
139
776
228
107
266
267
1476
158
92
63
61
60
58
152
14
277
276
327
526
525
524
523
522
521
268
367
269
270
271
272
211
129
360
358
242
243
109
168
45
28
46
55
210
164
35
140
352
665
659
632
195
193
88
345
191
190
189
188
225
622
1437
68
69
193
194
547
195
50
51
230
198
98
230
373
55
78
56
153
151
23
24
391
25
26
384
385
386
5
7
238
9
11
227
685
225
224
145
223
222
142
62
389
59
218
498
514
287
217
216
375
356
476
252
95
371
180
395
159
368
119
108
305
362
518
338
219
241
438
19
18
17
16
455
434
395
392
516
98
96
118
66
371
57
103
104
105
106
374
107
160
161
374
162
403
54
646
261
645
373
27
125
372
41
1273
40
954
122
123
640
113
112
111
110
547
255
39
257
258
259
2
206
714
207
413
208
209
210
36
344
122
60
1435
72
73
85
78
8
83
6
362
79
76
320
17
16
15
14
70
531
291
22
516
515
141
59
27
26
25
270
495
494
493
19
255
254
1
250
249
696
279
4
2
532
2
530
529
528
527
5
583
805
523
290
289
288
150
151
18
158
157
520
667
743
93
95
97
25
36
180
31
37
98
111
112
39
40
52
227
311
16
415
417
42
197
655
128
423
424
426
726
727
427
428
199
153
158
248
159
48
210
331
705
317
530
375
377
378
452
338
707
227
568
12
547
300
466
486
383
74
602
227
226
221
93
248
249
631
106
109
105
570
142
143
144
494
9
251
279
250
739
2
802
447
53
211
213
214
216
93
22
25
220
965
28
63
76
792
794
38
833
70
76
418
419
421
422
20
17
4
43
20
73
8
556
56
65
66
128
100
35
185
73
58
562
42
62
648
41
40
474
37
475
782
34
33
31
117
19
18
666
1436
1793
1681
1083
1605
1964
1962
1761
32
2134
2133
1805
547
1582
1731
1729
1426
1207
1724
1096
2083
1561
1977
2142
1173
1364
1135
2027
1633
1733
1244
1273
541
538
2132
2011
1778
1485
1229
23
11
9
8
7
6
5
4
18
753
826
325
24
25
668
37
38
22
174
1
2
3
4
546
164
51
53
19
22
17
16
15
14
19
752
825
307
324
23
24
667
36
37
21
173
1
2
3
545
163
50
52
20
23
18
17
16
15
20
751
824
306
323
22
698
23
666
904
35
36
696
20
629
172
1
2
640
544
162
49
51
21
24
19
18
17
16
21
750
823
305
322
21
697
22
665
903
34
35
695
19
628
161
171
1
639
543
48
50
22
25
20
19
18
17
22
749
822
304
321
20
696
21
664
230
902
33
34
694
160
18
627
170
638
542
47
49
23
26
21
20
19
18
524
202
21
178
32
349
251
207
25
24
22
279
280
176
392
83
599
238
117
116
116
42
256
167
165
68
287
286
261
93
221
119
99
220
522
154
363
34
150
342
355
200
199
198
215
59
184
103
89
45
87
47
101
1
692
237
233
232
152
509
228
166
155
50
372
66
138
8
404
26
27
30
37
412
565
797
467
563
63
561
65
66
67
61
18
16
15
18
396
15
769
684
387
86
83
281
820
276
268
265
429
584
886
727
22
163
176
361
3
1
2
747
1134
33
249
372
37
38
39
24
26
40
41
48
16
840
929
301
1068
12
30
281
4
27
753
1
601
17
16
18
20
28
30
31
32
33
27
7
8
9
11
12
14
153
342
280
681
74
411
14
9
39
469
145
193
1266
33
159
160
88
12
87
86
18
6
19
20
21
174
161
162
157
194
195
173
196
10
11
7
114
85
12
16
22
46
71
50
11
8
1265
482
13
2
17
24
26
189
191
238
1
3
4
5
6
7
8
73
10
448
14
13
72
130
211
100
101
102
8
380
225
230
396
297
296
295
294
142
141
49
140
139
136
15
185
189
37
432
433
580
554
555
500
8
9
549
10
1336
44
129
1798
16
17
18
19
929
188
131
458
459
460
298
376
1
2
13
374
34
905
79
370
369
7
8
9
10
11
12
186
36
467
135
133
29
21
20
18
17
16
15
99
1
18
17
28
410
409
407
406
333
1
98
33
728
124
4
525
6
233
305
7
8
9
10
11
12
670
671
304
284
283
282
99
321
319
18
318
317
316
24
662
263
470
30
713
15
487
263
29
411
410
408
407
85
300
97
463
311
125
153
81
729
774
773
772
771
3
735
738
5
306
6
7
8
9
10
11
305
285
284
283
98
37
277
38
322
320
17
319
318
317
241
294
593
361
23
309
739
740
741
743
456
663
264
247
471
250
31
712
497
719
22
20
16
77
993
994
463
464
1502
1503
1504
1
2
3
4
93
778
1510
1513
1202
245
326
24
1318
1846
574
420
5
6
7
8
9
10
11
1742
1113
1112
2088
21
1830
1013
1371
1753
1553
893
26
27
28
29
30
31
1539
1227
27
1270
1271
1272
527
23
1515
348
1273
1274
30
29
28
27
853
1082
395
397
288
953
11
322
323
537
929
26
27
28
29
30
31
32
33
34
35
36
1983
1973
2041
1981
24
5
6
7
8
10
11
2
314
1095
1933
1353
12
977
976
4
5
1174
1155
662
1191
970
1105
15
1026
600
429
73
72
65
66
884
12
13
14
15
16
790
1260
1
683
25
680
658
524
501
23
215
607
684
26
681
659
525
502
24
216
608
533
547
11
1
580
819
370
6
141
7
463
20
27
28
29
1093
644
549
10
8
7
6
5
23
33
476
534
548
377
376
373
12
447
579
818
371
5
142
6
462
19
444
443
26
27
28
1092
643
550
11
9
8
7
6
22
32
475
101
1192
220
1040
12
13
14
628
16
1010
58
52
202
122
131
55
41
8
102
115
1407
21
39
2
1499
724
8
223
11
1530
226
173
206
144
1200
63
59
61
18
1
7
10
44
47
41
39
38
36
35
11
12
13
15
20
178
10
9
51
536
534
1414
981
513
101
76
59
537
59
19
1
6
9
95
284
16
178
15
13
42
44
45
47
48
51
52
56
315
815
1561
207
1046
302
1259
4
3
43
46
10
11
12
190
14
15
16
17
18
20
21
22
23
60
144
214
139
140
141
142
143
55
144
145
50
17
11
10
8
444
967
968
5
451
1243
1400
1401
1427
1
2
3
670
1223
777
779
29
326
47
490
19
877
384
461
1206
7
306
1631
8
9
10
1313
11
1314
12
1315
426
1526
1325
1299
2119
443
966
967
6
450
1242
1399
1400
1426
1
2
669
776
778
30
325
46
489
20
876
383
460
1205
6
305
1630
7
8
9
1312
10
1313
11
1314
425
1525
1324
1298
2118
442
965
966
7
449
1241
1398
1399
1425
1
668
775
777
31
324
45
488
21
875
382
459
1204
5
304
1629
6
7
8
1311
9
1312
10
1313
424
1524
1477
1323
1297
221
2117
441
964
965
8
448
1240
1397
1398
1424
667
776
32
323
44
487
22
874
381
458
1203
4
303
1628
1605
1607
5
6
7
1310
8
1311
9
1312
423
1523
1322
1296
1260
220
2116
1652
1654
6
1190
1050
1049
169
1468
44
9
172
20
21
1469
121
520
372
266
415
874
493
408
192
107
383
332
689
782
29
861
6
255
532
127
623
612
256
258
666
667
862
2
32
5
7
529
465
11
451
307
619
620
122
764
763
758
757
796
443
287
286
716
493
43
392
89
785
598
16
599
162
316
471
470
681
854
682
684
686
856
688
664
738
783
663
784
505
146
832
427
830
12
705
546
706
708
547
1361
856
674
474
540
541
542
543
827
277
581
118
488
489
490
44
553
24
651
196
197
57
542
540
1420
987
519
89
107
82
53
543
65
13
5
3
712
290
721
22
21
19
36
38
39
41
42
45
46
50
321
821
1567
213
1052
9
37
40
4
5
6
196
8
9
10
11
12
14
15
16
17
54
150
208
133
134
135
136
137
49
138
139
44
23
17
16
60
545
543
1423
990
522
86
110
85
50
546
68
10
8
715
293
724
25
24
1029
22
33
35
36
38
39
42
43
47
324
824
1570
216
1055
13
12
34
37
1
2
3
199
5
6
7
8
9
11
12
13
14
51
153
205
130
131
132
133
134
46
135
136
41
26
20
19
17
221
243
58
158
89
36
64
71
78
213
18
19
20
21
44
25
1
2
5
6
7
24
1
4
5
6
23
21
22
9
10
23
1
2
236
3
4
8
7
309
310
973
11
88
89
15
16
38
28
17
11
7
218
219
2
5
6
676
102
40
41
42
43
44
14
113
31
33
34
35
37
26
29
695
8
9
22
59
60
61
62
63
980
979
978
977
974
1
235
7
6
308
309
10
87
88
14
15
37
29
18
12
8
217
218
3
4
5
11
1193
677
101
31
270
39
40
41
42
43
13
112
30
32
33
34
36
200
356
27
30
696
21
6
5
107
264
265
266
267
694
9
678
31
697
227
468
1
2
3
4
5
6
1208
1209
555
235
605
545
509
551
349
228
229
328
99
10
9
20
21
22
8
7
5
30
31
32
33
29
19
1
4
8
95
3
7
96
371
295
434
27
58
656
1
146
1246
960
1081
472
474
219
830
831
8
908
220
476
477
532
9
11
1370
612
13
14
15
16
1085
294
1228
1229
1230
1231
1232
1233
1234
1237
1244
1245
17
486
5
1322
273
39
581
187
445
26
1
2
3
4
5
37
25
1
2
3
4
38
24
89
619
1
2
28
3
463
461
46
39
31
30
27
26
25
109
108
23
90
1
29
2
47
17
40
42
32
31
28
27
26
110
22
91
30
1
48
41
33
32
29
28
27
111
110
40
337
21
92
10
51
50
49
12
42
34
33
31
30
29
28
112
611
18
2
3
16
53
54
55
56
57
214
71
72
980
302
303
4
99
824
219
220
249
250
251
1
81
82
236
237
239
241
243
245
8
9
1158
31
268
1003
35
24
21
11
10
18
14
1218
211
212
621
9
533
2
1
899
5
1199
683
95
25
264
33
513
512
865
34
35
36
37
6
26
7
106
24
26
27
28
30
315
194
126
350
33
36
702
915
27
1
2
15
52
53
54
55
56
213
981
301
302
3
100
825
218
219
248
249
250
80
81
7
8
1159
30
269
1004
36
25
22
12
11
19
15
1219
210
211
622
10
534
3
2
4
1200
684
94
24
263
514
513
866
33
34
35
36
5
27
6
105
23
25
26
27
29
314
193
125
349
34
37
703
916
286
28
408
1080
1079
1077
1076
16
1533
1532
246
245
94
529
1044
1448
1527
162
1
401
83
222
215
341
518
961
340
339
111
112
113
324
323
320
389
10
388
189
3
36
37
265
120
410
13
17
19
29
26
24
23
22
21
20
19
18
17
584
596
598
599
600
601
15
602
603
329
12
11
10
322
409
1081
1080
1078
1077
17
1534
1533
247
246
95
530
1045
1449
1528
163
402
84
223
216
519
962
110
111
112
321
390
9
389
1172
2
36
266
411
12
16
18
27
25
24
23
22
21
20
19
18
583
595
597
598
599
600
16
601
602
330
13
12
11
1
2
3
4
775
777
17
2
3
730
731
732
28
13
15
908
2
629
628
914
1210
5
474
773
775
25
1
1032
1031
728
729
730
26
11
13
15
951
24
21
1
622
688
687
470
1
20
623
164
55
471
2
447
1437
346
204
283
233
20
21
237
238
643
152
246
66
65
158
3
1516
161
171
236
16
529
530
531
621
270
269
44
39
38
37
1
5
26
326
3
2
6
25
325
4
3
30
718
34
33
649
30
376
458
5
491
398
307
526
495
496
17
560
494
72
23
217
218
219
220
737
738
377
378
379
225
229
469
12
11
10
24
618
37
758
411
196
277
440
356
367
103
8
6
5
184
219
78
43
42
381
90
89
88
87
9
7
4
82
15
30
29
231
79
332
124
125
397
396
395
445
271
270
17
18
26
27
321
150
441
440
264
106
35
123
297
126
32
186
383
102
68
107
131
130
188
31
30
29
30
31
33
394
7
142
109
108
549
308
307
306
599
228
664
226
663
223
301
2
10
125
249
86
248
170
2
3
1359
1
173
412
391
392
393
394
395
396
397
398
399
400
402
403
406
407
410
411
38
36
35
449
450
486
6
7
8
10
11
30
31
32
33
13
14
16
19
20
22
23
24
25
26
128
1313
62
55
54
17
16
254
1661
1521
1318
1317
1315
1314
453
410
758
1347
1413
823
50
1643
1186
1
2
1197
1
10
181
615
284
19
19
113
559
558
43
485
1015
1014
15
13
12
478
23
24
26
3
758
11
346
465
487
182
757
877
787
786
194
195
529
470
158
653
463
13
14
18
33
1194
1196
196
1
1
122
125
22
25
18
19
20
887
7
5
123
135
127
13
37
12
11
10
32
185
145
43
156
902
112
113
471
419
157
8
253
639
394
214
213
381
53
106
107
108
109
110
432
49
48
1
2
4
6
8
10
227
226
35
1
3
5
7
9
23
22
13
14
15
12
16
2
4
6
8
24
23
12
13
14
11
15
2
4
6
26
25
10
11
12
9
13
2
4
28
27
8
9
10
7
11
2
30
29
6
7
8
5
9
32
31
4
5
6
3
7
1
189
127
1
2
3
25
15
45
451
450
1
2
25
26
14
46
1
29
28
26
23
22
27
13
47
453
452
30
29
27
151
152
153
24
23
28
12
48
454
453
19
1
2
3
4
5
6
20
19
18
1
2
3
4
239
5
56
55
54
21
20
19
1
2
3
55
1
2
237
3
58
57
56
23
22
21
1
2
24
23
22
61
1
1498
25
24
23
27
63
26
25
24
64
7
8
1
2
6
7
1
15
50
49
48
47
46
45
355
31
30
157
158
159
160
40
39
124
779
82
83
88
57
115
116
198
188
187
1245
1244
1243
1242
1239
1
2
3
1380
936
75
74
69
100
12
42
41
197
189
79
188
1
2
1381
34
76
75
70
101
13
50
43
42
1
426
175
42
37
85
394
83
23
388
24
14
13
478
504
377
503
43
24
44
195
357
500
498
148
7
8
9
109
343
210
28
27
26
25
724
5
4
3
2
368
379
288
196
1250
1242
1
1382
35
938
113
115
77
76
71
102
14
51
44
43
195
1251
1243
1383
711
36
78
77
72
103
15
52
45
44
176
1
352
240
736
1415
193
57
192
261
276
58
97
695
469
799
668
656
26
722
94
447
428
141
137
136
130
131
197
10
18
1
2
3
4
5
6
7
21
27
26
1340
21
386
1
275
2
3
4
5
6
19
22
1350
20
26
22
385
188
412
192
193
194
291
273
1
902
4
5
195
644
206
209
230
23
243
11
12
13
14
15
16
17
18
19
20
21
22
25
288
185
186
187
189
191
208
892
28
144
97
1
2
3
4
1330
24
22
7
1615
22
25
23
24
256
135
1
2
3
143
25
23
135
136
1
2
142
23
1542
145
859
26
22
53
31
1335
52
41
40
1
141
24
451
481
37
35
106
105
27
1612
19
22
21
915
386
1334
27
380
269
41
140
25
35
34
23
28
26
20
23
39
42
1246
1247
200
507
22
33
23
2
150
3
4
5
6
7
89
21
152
1
2
32
31
17
30
29
34
3
4
18
5
87
51
179
14
15
17
318
119
22
25
1093
430
98
99
100
101
102
5
135
154
1227
120
121
127
126
125
21
45
20
19
18
135
122
123
118
155
156
134
157
29
3
40
359
28
46
124
27
7
418
417
110
89
50
47
1226
16
463
411
26
402
416
61
62
30
232
519
38
36
35
34
33
32
31
1157
90
26
1
248
351
89
280
570
75
19
282
86
85
90
34
33
281
280
279
19
32
31
36
1
2
20
3
278
125
124
122
121
264
243
230
288
287
286
45
206
49
43
42
41
91
38
36
87
86
177
20
1
21
2
183
1101
1102
10
9
44
182
19
11
148
205
202
388
37
35
34
33
32
28
579
11
161
57
56
55
54
53
46
207
50
44
43
42
92
39
37
88
87
178
21
22
1
184
11
10
45
183
20
10
149
206
203
387
542
38
36
35
34
33
29
578
12
54
47
208
51
45
44
43
93
40
38
89
88
179
23
22
185
12
11
46
184
21
9
150
207
204
39
37
36
35
34
30
13
920
27
449
450
163
55
6
5
4
3
2
154
1
2
3
4
5
6
7
8
9
10
12
13
15
16
17
19
20
21
22
10
7
7
6
5
4
3
1
2
3
4
5
6
7
8
9
11
12
14
15
16
18
32
31
30
19
20
21
8
7
6
5
4
1
2
3
4
5
6
7
8
10
11
13
14
15
17
33
32
18
19
20
9
8
7
6
5
1
2
3
4
5
6
7
9
10
12
13
14
16
34
33
32
17
18
19
10
9
8
7
6
1
2
3
4
5
6
8
9
11
12
13
15
35
34
33
16
17
18
11
10
9
8
7
1
2
3
4
5
7
8
10
11
12
14
36
35
34
15
16
32
17
12
11
10
9
8
1
2
3
4
6
7
9
10
11
13
37
36
14
15
33
16
13
12
11
10
9
1
2
3
5
6
8
349
348
347
346
9
10
12
38
37
13
14
345
344
34
15
26
14
13
12
11
10
1
2
4
5
7
8
9
11
39
38
37
12
13
35
14
27
15
14
13
12
11
1
3
4
6
7
8
10
40
39
38
11
12
36
13
28
16
15
14
13
12
2
3
5
1
4
53
32
31
30
28
52
6
7
9
41
40
39
10
11
37
12
18
17
16
15
14
1
3
1
2
55
34
33
32
30
54
4
5
7
43
42
41
8
9
10
19
18
17
16
15
2
2
1
56
35
34
33
31
55
3
4
6
44
43
42
7
8
40
9
51
50
32
21
20
19
18
17
4
1
58
37
36
35
33
57
1
2
4
5
6
7
34
22
21
20
19
18
562
1
3
47
46
45
4
5
6
9
54
53
5
2
38
37
10
36
34
59
58
23
22
21
20
19
48
47
5
2
3
4
25
24
23
22
21
101
50
1
2
3
8
5
41
40
39
37
108
94
137
62
132
131
130
61
129
128
26
25
24
23
22
1400
1399
1398
1397
51
50
49
1
2
1394
9
6
42
41
40
38
1590
63
62
27
26
25
24
23
52
51
48
1
40
28
27
26
25
24
53
52
51
49
16
14
1
2
3
4
13
17
15
1
2
3
10
682
18
16
1
2
11
19
17
1
12
3
20
18
13
29
28
1
48
47
46
44
43
49
48
47
45
44
1
25
687
1818
598
23
11
34
3
1
1692
6
2
46
6
66
37
44
54
55
56
57
59
13
10
46
45
44
42
67
37
36
35
60
59
1
2
3
143
142
4
5
291
290
61
42
40
38
693
61
60
59
58
1
2
62
43
41
39
694
62
61
1
158
63
44
42
40
695
45
43
41
5
1
239
13
14
147
148
277
218
72
388
442
37
11
157
362
6
238
14
15
146
147
278
73
389
443
38
102
12
156
361
27
304
425
74
29
415
1
429
426
3
68
746
204
684
564
588
563
562
561
408
184
366
508
605
436
407
377
439
683
416
854
21
20
19
464
463
462
461
459
15
1215
2
56
120
1
905
183
112
93
274
6
154
34
36
39
51
145
176
92
125
904
184
275
153
108
33
35
38
50
144
69
1
2
458
448
447
445
444
684
683
690
75
37
136
65
65
512
339
744
16
17
865
340
1
2
3
150
151
152
42
53
1
2
149
52
1
305
449
70
75
71
2
3
51
53
66
106
188
38
39
40
119
50
51
52
437
192
193
287
155
13
14
285
232
1
139
61
177
332
331
336
788
119
68
191
192
288
156
28
12
13
286
101
250
231
140
62
647
787
511
490
62
10
45
120
322
321
320
319
67
9
23
80
452
72
71
70
69
231
233
67
66
338
285
35
175
173
333
424
73
2
4
295
11
12
102
18
258
259
260
261
487
216
52
50
48
275
63
68
187
365
179
750
10
12
13
14
49
51
21
331
48
50
5
4
30
3
31
648
634
25
26
2
234
17
54
55
56
57
58
59
60
3
1
254
252
39
40
41
42
6
20
7
423
524
290
3
514
4
1041
19
238
47
398
396
494
150
147
2
1086
277
453
229
2
12
13
14
432
411
8
9
10
11
19
434
35
222
1122
417
717
637
386
143
278
201
202
149
113
32
62
10
133
138
11
14
16
109
108
701
702
199
196
466
465
4
670
454
134
540
129
127
126
17
8
217
517
23
24
25
26
12
31
33
34
126
128
42
53
935
161
198
7
374
183
377
19
228
396
715
454
679
2
3
4
5
6
118
140
88
55
56
260
259
85
135
255
254
392
386
258
20
18
125
434
62
678
164
384
86
1
201
10
11
12
139
87
296
238
6
7
8
9
381
312
139
436
45
50
682
49
817
866
536
708
33
114
93
33
32
23
307
620
377
15
140
527
456
111
26
126
52
651
102
483
760
759
614
613
138
57
566
284
52
107
57
189
183
59
432
431
430
429
331
141
313
312
311
310
309
86
82
8
150
13
42
43
79
676
1
2
4
5
459
76
78
237
6
14
15
18
19
26
29
21
171
172
76
75
74
186
173
174
169
185
22
11
410
23
5
128
127
126
125
73
24
122
58
1
4
25
65
68
13
15
16
17
18
19
20
633
16
17
38
710
744
669
124
773
143
870
39
41
43
7
123
49
50
51
52
475
1
3
4
195
6
88
317
316
315
27
28
29
30
32
33
44
57
573
574
1123
474
2
3
196
5
87
318
317
316
26
27
28
29
31
32
43
58
572
573
1122
472
1
548
198
3
85
320
319
318
24
25
26
27
29
30
41
60
570
571
1120
471
547
199
2
84
321
320
319
23
24
25
26
28
29
40
61
569
570
1119
90
501
502
18
13
14
992
15
7
8
47
48
49
50
51
52
53
54
55
56
57
235
1164
359
3
476
10
243
277
278
6
5
4
3
2
25
3
23
491
24
114
5
65
409
118
119
129
128
127
126
123
28
184
185
4
10
168
170
171
172
173
20
17
15
20
21
22
1336
1338
23
1340
1341
1342
1343
1344
1346
57
29
30
31
32
12
14
15
44
16
17
18
58
59
19
80
77
76
75
74
7
280
5
1
2
3
4
672
315
1068
1069
1070
1071
1072
1073
568
31
1153
1154
1155
27
35
39
27
453
194
196
147
146
143
141
15
252
169
1201
1206
1504
815
816
4
632
546
548
633
238
429
176
175
56
57
343
14
239
1
527
82
81
589
687
457
906
11
202
1752
145
124
80
82
50
48
833
32
437
49
435
312
147
1
2
3
763
302
303
304
305
4
5
6
1
2
152
3
4
5
1
226
2
3
4
226
1
2
3
26
649
264
123
630
119
122
31
32
34
36
37
38
39
40
86
87
88
1419
90
52
53
179
55
56
57
58
33
65
7
66
686
694
669
1047
1
2
3
525
4
518
273
191
6
1
19
199
33
34
35
36
37
38
678
261
14
16
672
787
505
272
271
270
116
538
32
39
162
1001
55
209
293
6
7
8
7
1
503
31
38
679
2
666
537
3
445
7
14
12
11
6
5
4
3
262
13
613
54
5
6
253
30
37
680
1
536
54
2
42
43
45
46
620
14
7
6
3
263
12
716
40
287
614
53
205
535
843
842
841
848
1
9
5
4
152
8
681
264
11
1036
505
29
36
38
257
52
56
465
241
1
2
25
89
5
466
1
467
243
229
200
27
25
170
537
7
325
536
438
539
698
552
39
41
510
511
182
52
80
38
37
42
14
15
231
126
29
16
17
12
28
27
1016
474
470
128
369
75
76
34
35
36
316
592
27
28
79
20
418
30
32
34
1
11
1
1
2
3
4
1282
1281
5
6
1
2
3
59
133
4
5
367
19
20
9
17
6
10
11
732
13
34
15
31
32
1
2
58
132
3
4
34
366
743
18
19
937
10
16
9
733
12
33
14
30
31
1
57
131
2
3
33
365
744
17
18
938
11
15
8
9
734
11
32
13
29
30
939
56
130
1
2
32
364
745
16
17
12
14
7
8
735
10
31
12
28
29
1
1004
15
7
1437
1439
484
1000
31
570
1088
1095
213
1003
16
6
1436
1438
483
999
30
569
1087
1094
212
940
1
31
363
746
15
16
13
13
6
7
736
9
30
11
27
28
129
55
941
30
1203
362
747
14
15
14
12
5
737
8
29
10
26
27
128
54
2
32
34
36
38
40
30
32
34
36
38
366
211
51
479
161
255
256
162
237
2
670
37
674
129
1
153
192
39
41
42
43
44
45
26
6
13
60
61
23
24
7
9
10
11
12
32
33
34
35
186
46
47
48
49
726
716
30
1489
35
36
37
38
39
40
41
42
43
44
45
30
20
147
143
237
360
140
807
150
1
6
7
23
804
267
12
1
2
3
4
1
2
575
3
1
574
2
573
1
30
454
171
746
467
34
35
37
8
747
866
776
775
518
459
169
20
474
24
25
29
109
22
1205
1207
903
1438
1437
1436
1268
18
3
2
5
51
52
53
54
311
1
360
361
1186
362
2
312
3
4
313
13
179
178
177
23
29
30
1
1236
2
481
480
563
288
31
4
1185
3
22
23
24
1
8
9
23
10
11
6
22
14
529
51
3
359
7
8
22
9
10
5
21
358
13
530
77
174
50
2
9
29
27
1183
54
1182
475
14
13
12
11
10
1215
85
52
53
59
28
514
13
146
6
7
21
9
20
324
211
263
62
309
605
218
1
2
1545
184
572
573
574
575
1472
533
224
639
409
27
3
373
7
216
24
25
26
21
22
23
15
11
174
56
57
71
58
59
54
70
92
91
1
57
481
174
153
377
53
223
4
5
24
260
22
203
3
2
135
222
808
20
240
28
234
22
489
276
625
357
1192
1237
1
1433
1526
1527
1528
1529
1490
16
2
1206
1207
25
1236
1210
1242
20
21
22
139
138
137
136
135
134
133
132
131
130
129
1935
174
173
134
155
172
177
1522
19
132
1054
28
482
1180
1233
1234
27
1696
290
200
29
1061
407
413
265
6
142
25
26
27
17
65
44
508
23
15
24
469
456
6
1638
117
118
45
108
2169
2170
19
18
17
16
15
205
204
208
194
50
8
10
408
623
49
48
3
4
18
5
6
1
17
270
1644
297
206
288
238
100
132
130
191
1537
33
1
345
2
2213
7
350
30
1544
32
20
344
1
2212
485
486
6
543
349
29
1328
2166
809
23
22
21
31
1
245
5
194
195
28
343
1363
30
16
895
893
30
31
32
33
34
947
945
24
23
22
21
20
19
18
17
43
6
98
1
283
317
24
37
39
41
180
254
95
97
3
100
4
175
13
26
452
450
838
83
837
353
50
2
316
527
38
40
99
3
5
56
58
343
235
537
1
2
16
3
4
1
15
304
26
27
28
29
234
235
696
917
1
25
18
17
16
12
16
552
677
602
216
59
61
17
24
23
22
21
2
3
1
1
4
1
3
1
2
7
139
56
178
83
84
4
2
1
97
31
219
218
30
2
510
31
33
35
53
433
513
37
580
387
538
537
536
535
386
50
48
532
352
34
33
32
31
30
406
104
381
374
372
10
8
6
387
339
1390
33
99
64
22
98
97
129
20
65
488
373
372
463
72
120
71
784
596
155
431
213
155
29
18
180
102
7
170
1
52
53
67
54
55
50
66
96
95
61
28
264
26
7
6
131
218
804
16
236
24
230
18
485
280
621
353
6
169
51
52
66
53
54
49
65
97
96
62
29
265
27
198
8
7
2
130
217
803
15
235
23
229
17
484
281
620
352
26
27
28
29
30
31
1
22
23
25
26
27
28
29
30
33
24
23
22
268
1198
144
3
41
82
828
16
34
353
98
99
648
80
1
66
703
1184
1185
1186
58
70
4
18
19
1232
1237
664
24
1
2
3
320
23
1
22
16
17
172
503
7
6
5
4
331
484
30
31
32
33
34
43
44
45
50
179
744
523
273
267
83
81
34
119
272
5
18
19
20
302
239
22
39
469
3
5
488
3
2
1251
1252
32
13
11
10
9
8
7
6
449
12
16
833
675
17
19
1378
784
20
1060
1061
1906
1907
1908
1909
1910
1911
1912
1
2
315
3
4
5
6
7
8
9
11
1
757
64
925
3
2
1
6
1116
1115
147
758
65
926
4
3
2
7
1117
1116
146
1
2
3
4
5
6
1898
9
7
6
26
1
2
3
4
5
1899
10
8
7
25
1
2
3
4
1900
11
9
8
24
1
2
3
1901
12
10
9
23
1
2
1902
13
11
10
22
1
1903
14
12
11
21
1904
15
13
12
20
1
7
10
254
35
36
37
38
6
9
315
300
301
253
307
34
35
36
37
307
7
8
9
25
35
34
33
32
31
1
2
3
4
5
6
16
529
6
7
32
602
1
2
3
4
5
17
528
7
6
33
601
1
2
3
4
18
527
8
5
34
600
1
2
3
19
526
9
4
35
599
1
2
1257
1259
23
24
258
1361
1362
1
3
119
22
523
12
1
38
596
643
306
131
291
1446
292
244
298
25
26
27
28
50
695
8
1166
142
143
105
104
103
1
2
3
4
157
144
145
140
156
7
6
24
102
5
29
25
6
4
7
9
16
14
13
12
11
10
9
24
36
162
11
12
161
2
32
127
181
347
1
395
16
14
13
12
11
7
10
173
140
36
35
34
33
32
2
212
77
996
16
1760
210
75
994
18
27
29
31
257
639
130
312
54
490
23
24
25
26
27
28
29
30
33
1
4
32
73
74
75
76
36
35
34
7
843
770
771
32
23
24
25
26
27
28
29
5
33
698
210
209
36
35
623
50
8
7
6
808
774
1107
740
951
182
3
17
402
400
48
47
46
45
44
5
6
106
69
179
19
118
13
12
17
163
75
10
11
162
1
31
128
182
15
14
8
9
33
25
1954
492
493
494
495
496
41
40
39
46
910
912
914
723
32
31
29
28
635
27
29
43
963
431
47
1205
370
1190
1187
956
2
470
213
30
31
12
183
327
334
28
18
16
15
14
13
150
164
163
1163
167
450
121
19
447
444
442
507
52
51
50
49
48
24
25
38
42
41
40
47
17
186
39
2
1
632
243
33
204
45
924
14
360
3
145
144
299
629
35
1
5
6
2
46
45
44
43
6
2006
13
12
11
10
9
633
48
47
46
45
51
50
57
56
54
59
136
52
51
50
49
48
58
49
48
46
45
44
43
42
41
40
39
38
37
36
35
34
33
52
50
20
2
19
20
21
54
52
177
18
535
352
887
2
4
529
334
867
280
55
54
53
60
2
4
2
11
114
25
203
9
215
8
229
57
3
36
29
32
814
22
18
853
40
39
34
656
179
7
26
27
7
9
36
34
33
32
31
30
29
28
27
695
28
29
1
2
3
27
28
24
23
22
21
26
1
2
20
26
27
27
25
24
23
22
1
40
21
25
26
28
26
25
24
23
41
22
27
1
2
3
4
5
46
19
60
10
1
2
3
4
47
18
11
61
9
1
2
3
48
17
12
316
62
8
1
2
49
16
94
13
317
63
7
1
50
15
14
318
64
6
51
14
15
319
65
5
11
2
419
458
459
460
25
37
2
21
407
19
323
8
7
6
5
2
3
4
255
28
10
9
8
7
2
14
16
18
36
251
11
10
9
8
1
13
15
17
12
11
10
9
251
191
75
163
665
190
29
30
109
263
262
261
260
618
336
765
62
85
84
159
836
5
241
763
764
235
7
484
483
482
481
279
89
297
138
134
575
573
44
202
39
20
1224
239
259
1463
55
53
52
1
2
3
4
465
1
2
224
226
12
207
14
131
1
1
3
147
144
32
3
54
33
32
31
29
60
7
53
17
24
42
28
55
57
36
35
34
32
63
4
56
14
27
45
31
58
61
59
2
4
5
6
7
8
10
11
2
3
4
5
6
8
9
1
2
3
4
6
7
8
1
2
3
5
6
7
8
1
2
4
5
6
1
3
4
5
6
2
3
4
5
1731
1
2
6
1281
153
1
152
2
1590
151
1359
988
986
456
455
454
453
990
1593
1519
1518
27
26
25
39
38
37
36
337
186
215
302
9
322
1330
448
3
295
294
1588
61
60
48
47
43
42
424
1179
32
484
485
73
1520
1519
72
1283
754
875
17
16
15
14
13
43
5
48
224
1
2
4
5
216
339
60
51
50
507
26
2
18
605
602
293
62
53
52
509
28
16
607
604
291
1143
15
74
75
3
1522
27
1072
50
1
2
1449
71
160
1448
1326
1887
214
1071
49
1524
1
1448
72
159
1447
1325
18
30
1618
1411
1640
61
60
1253
754
551
1
35
81
34
1258
88
1658
74
65
53
11
190
1619
1412
1641
62
61
75
1254
36
35
1259
183
249
233
63
62
61
46
2
4
13
6
8
9
10
11
48
2
11
99
100
101
102
103
4
6
7
8
9
50
9
97
98
99
100
101
2
4
5
6
7
5
28
116
262
41
284
144
143
142
141
8
1000
53
111
113
114
115
116
37
36
35
34
1010
54
33
9
45
43
42
41
40
39
38
134
133
132
131
1
2
3
4
5
1
2
3
4
1
2
3
1
2
1
23
22
56
54
53
52
51
671
657
224
1
2
1
46
29
102
180
1017
32
168
8
12
42
62
14
1172
60
120
1177
11
10
7
7
4
3
34
241
20
63
68
66
65
24
23
22
20
19
1
7
2
6
3
5
4
17
14
11
10
8
25
24
23
21
20
8
1
7
2
6
5
12
11
9
70
68
67
26
25
24
22
21
8
1
7
6
19
18
16
13
12
10
9
71
69
68
27
26
25
23
22
8
7
20
19
17
14
13
11
10
9
55
52
51
32
33
49
48
47
45
38
37
36
69
804
12
1571
24
23
21
19
18
17
16
15
159
1
81
2
3
166
165
164
163
162
1
7
6
5
4
3
25
24
22
20
19
18
17
16
153
1
2
102
100
99
97
96
50
49
48
46
79
239
71
70
26
25
23
21
20
19
18
17
1
27
26
24
22
21
20
19
18
54
51
50
49
1
2
8
7
6
5
4
1354
63
51
50
35
34
33
32
31
30
29
6
26
1
2
3
4
34
68
67
66
65
64
52
51
36
35
34
33
32
31
30
15
14
13
12
11
89
55
1
2
3
27
5
26
25
93
33
91
58
57
53
52
37
36
35
34
33
32
31
16
15
14
13
12
1
2
3
4
5
17
38
37
36
35
34
33
32
1
2
3
4
18
55
54
39
38
37
36
35
34
33
18
17
16
15
14
1
2
3
19
2
4
3
311
20
73
70
69
57
56
41
40
39
38
37
36
35
31
32
60
28
38
28
27
46
45
44
2
43
68
22
67
66
65
69
27
26
25
23
36
35
34
331
23
22
21
20
19
29
48
47
46
45
70
24
69
68
67
71
43
42
41
40
1
2
3
4
5
6
7
8
67
66
65
64
63
62
61
44
43
42
41
1
2
3
4
5
6
7
68
67
66
65
64
63
62
45
44
43
42
1
2
3
4
5
6
69
68
67
66
65
64
63
46
45
44
43
1
2
3
4
5
70
69
68
67
66
65
64
47
46
45
44
1
2
3
4
71
70
69
68
67
66
65
48
47
46
45
1
2
3
72
71
70
69
68
67
66
49
48
47
46
1
2
73
72
71
70
69
68
67
50
49
48
47
1
74
73
72
71
70
69
68
55
54
53
52
51
50
49
48
75
74
73
72
71
70
69
204
203
202
200
224
20
21
22
23
24
25
26
27
1
2
3
4
5
6
129
128
127
125
149
19
20
21
22
23
24
25
26
1
2
3
4
5
130
129
128
126
150
18
19
20
21
22
23
24
25
1
2
3
4
131
130
129
127
151
17
18
19
20
21
22
23
24
1
2
3
132
131
130
128
152
16
17
18
19
20
21
22
23
1
2
127
133
132
131
129
153
15
16
17
18
19
20
21
22
1
134
133
132
130
154
14
15
16
17
18
19
20
21
135
134
133
131
155
375
531
1
2
3
148
686
4
55
378
387
311
233
534
538
22
59
60
61
62
63
64
65
4
44
45
46
47
1
2
196
643
592
30
31
3
21
21
58
59
60
61
62
63
64
73
33
1
30
2
145
689
1
21
22
9
7
8
9
10
11
1
2
3
56
57
58
59
60
61
62
447
646
28
450
431
18
1
2
3
4
78
6
7
8
9
10
1163
1
3
79
5
6
7
8
9
2
80
4
5
6
7
8
895
29
583
102
881
10
59
60
62
63
64
65
2
3
4
5
6
83
57
19
47
48
49
50
51
52
53
54
55
56
57
58
84
85
86
87
88
1
2
3
4
1
2
99
3
100
80
1
98
2
99
13
79
133
134
97
1
98
78
22
96
97
16
77
3
211
769
177
156
149
72
558
592
925
367
347
48
566
195
196
28
63
1378
3
824
734
827
170
19
479
81
26
27
47
588
502
40
41
1
2
3
4
5
1
2
3
4
60
1
2
3
59
1
2
58
1
57
56
18
19
20
21
16
63
68
4
33
46
31
35
36
37
22
56
1
2
3
4
398
535
69
14
62
67
5
32
45
30
34
35
36
46
21
55
1
2
3
399
536
68
13
61
66
6
31
44
29
45
20
54
1
2
400
537
67
12
60
65
7
30
43
28
32
33
34
44
19
53
1
401
233
538
66
11
59
64
8
29
42
27
43
18
52
402
539
65
10
38
7
9
26
1785
1784
54
55
56
57
58
52
6
1772
45
645
2219
2217
73
74
766
7
11
12
14
15
567
678
810
814
159
70
926
72
1997
2
3
4
3
953
955
957
20
478
89
1143
3
461
458
39
40
21
22
23
44
17
1
2
257
1
84
38
39
140
20
21
141
22
142
143
43
16
1
256
2
86
87
83
37
38
139
19
20
140
21
141
142
42
15
255
3
85
86
50
49
206
223
1
2
225
1
160
26
21
22
23
25
6
61
1
30
12
20
21
22
24
25
26
27
28
30
31
32
33
60
7
224
29
11
161
177
46
60
1
2
59
1
58
600
85
3
40
1
1
2
40
41
43
44
45
46
1
38
80
82
38
37
4
5
41
1
2
3
40
1
467
2
541
39
40
5
155
10
11
449
21
1
161
162
21
23
26
79
163
1
2
86
314
162
161
65
84
371
369
284
83
555
2
18
12
20
22
25
78
37
38
40
11
120
459
77
78
149
55
2
33
35
227
226
61
736
416
335
403
35
54
55
5
7
41
42
380
1447
3
2
1
1
6
25
12
13
323
1
698
2
697
1
696
42
276
149
463
620
152
832
833
9
49
10
11
12
13
8
26
21
62
1
165
167
168
169
170
23
20
18
17
18
19
20
9
11
12
42
43
13
14
15
16
329
328
327
213
441
388
38
658
660
661
662
868
1
33
32
38
40
41
42
43
44
236
217
233
27
28
29
30
44
31
447
450
1
523
9
10
43
30
446
449
522
9
39
382
306
2
3
6
7
56
57
58
59
1
190
189
4
5
54
55
56
57
3
4
53
54
55
56
1
50
51
52
53
49
50
51
52
12
966
509
37
64
893
451
19
173
18
12
46
47
48
13
629
46
47
321
94
430
1
2
3
5
4
1
3
2
179
198
27
29
31
26
18
19
20
3
7
26
27
28
29
4
23
24
25
26
19
20
31
218
374
313
26
12
7
120
12
13
14
15
16
17
20
21
179
180
28
29
30
31
32
33
34
475
478
459
68
9
10
20
89
385
383
22
23
52
36
278
285
12
16
24
646
647
34
1
751
3
45
752
2
44
146
145
48
2
3
4
5
7
9
1
2
3
148
147
46
7
240
241
242
10
1
2
149
148
45
561
560
559
558
6
9
127
1
150
149
44
5
8
509
151
276
150
43
4
16
669
42
647
19
6
7
37
11
539
1
215
214
60
791
1011
1697
3
35
511
510
509
508
507
506
505
504
503
502
501
40
1007
1008
23
1
1067
24
22
24
26
1066
1
2
388
34
1
389
33
390
32
25
26
9
10
11
12
2
3
8
6
5
4
3
2
1
223
1
2
407
421
1
194
2
7
8
9
10
10
8
7
22
6
23
24
25
5
4
3
29
1344
81
193
186
1
938
11
9
8
7
6
5
4
1776
419
28
542
1781
28
29
7
6
9
10
11
13
633
28
12
11
15
960
1224
847
927
928
942
33
5
4
898
1
902
1
17
16
18
15
19
38
39
81
80
79
51
895
7
488
481
26
24
20
19
1
2
3
4
39
40
41
1
2
3
38
39
40
1
2
37
38
39
1
36
37
38
35
36
37
1
2
4
27
40
9
5
6
7
8
10
11
12
13
1
3
28
39
8
4
5
6
7
9
10
11
12
158
159
2
29
38
7
3
4
5
6
8
9
10
11
195
30
260
29
329
221
204
31
36
5
1
2
3
4
6
7
8
9
158
41
22
73
3
104
102
1338
1337
1
80
79
105
103
1339
1338
29
14
26
25
27
81
80
595
1271
1270
5
6
81
45
223
31
101
130
103
599
17
14
13
1
2
18
15
14
1
19
16
15
1
2
3
1
2
1
20
1
2
3
17
18
1
23
16
17
24
12
16
25
25
1
534
26
179
27
1
2
3
4
5
6
26
27
28
1
2
3
4
5
15
14
1
2
27
3
1
28
2
3
17
16
29
1
2
18
17
1964
1963
1
22
24
1965
1964
23
25
25
36
50
20
4
3
42
41
40
39
1
59
43
42
41
40
43
40
1
2
17
3
4
6
8
1
16
2
3
5
7
15
1
2
4
6
1
3
5
6
7
8
9
74
73
71
10
12
13
14
19
2
4
5
6
7
8
75
74
72
9
11
12
13
14
18
2
3
4
5
6
77
76
74
7
9
10
11
12
16
1
2
3
4
79
78
76
5
7
8
9
10
14
1
8
13
7
12
55
54
53
52
9
10
1
6
11
56
55
54
53
8
9
5
10
51
49
48
1
3
88
7
9
10
11
52
50
49
2
87
6
8
9
10
54
52
51
85
4
6
7
8
2
4
2
1
838
519
5
2
3
5
6
7
8
367
366
365
364
10
8
1
14
9
9
13
29
30
1
26
31
27
19
18
17
1
6
16
650
318
325
367
128
46
43
1030
12
97
2
4
53
369
130
48
45
1032
14
99
2
55
371
132
50
47
1034
16
101
57
13
12
11
9
8
1
3
4
5
6
7
248
249
322
58
56
55
14
13
12
10
9
2
3
4
5
6
60
58
57
16
15
14
12
11
1
2
3
4
61
59
58
17
16
15
13
12
1
2
3
62
60
59
18
17
16
14
13
1
7
6
2
508
509
19
18
17
15
14
1
9
8
20
19
18
16
15
18
17
16
37
35
34
1
4
6
8
486
12
35
3
7
47
98
35
33
31
178
38
40
2
42
1357
71
22
110
259
22
120
35
33
32
56
38
37
36
35
34
40
39
41
2
43
576
17
111
1
2
3
4
5
6
7
8
9
10
1
2
3
4
5
6
7
8
9
1
2
3
4
5
6
7
8
1
2
3
4
5
6
7
1
2
3
4
5
6
1
2
3
4
5
1
2
3
4
1
2
3
1
2
1
364
58
120
197
61
3
1
4
2
3
1
14
750
37
39
50
49
48
47
6
929
59
58
56
55
2
68
67
66
73
61
60
58
57
70
69
68
75
60
39
285
286
226
978
27
28
29
30
31
66
67
7
36
37
1
35
36
41
42
43
268
1
2
3
40
41
42
267
1
2
39
40
41
266
1
38
39
40
59
60
9
59
5
6
7
8
53
54
55
56
57
58
2
4
36
513
2
469
34
511
467
44
641
21
5
6
7
8
9
3
4
2
38
1
2
3
4
1
2
3
1
2
1
58
59
60
413
18
12
14
15
16
17
19
663
22
666
1
2
2
1
1
9
3
688
54
1
2
3
53
1
2
1
63
64
22
1
62
63
20
446
2
3
1
4
3
1
18
1
2
1
16
2
3
4
5
6
7
1
2
3
4
5
1
2
3
4
1
2
3
1
2
16
653
1495
119
1
46
19
1
1
1
1
1
1
1
1
4
2
2
2
4
2
1
1
1
1
2
1
1
1
40
69
1
3
2
3
1
1
1
1502
1
1
1
1
1
1
1
2
1
19
18
1
1
75
2
3
76
1
2
77
78
2
490
20
85
59
1
79
567
97
162
18
80
568
98
163
19
1
2
1
1
1
2
1
37
1
2
3
5
1
3
2
1
1
2
3
1
2
1
1
1
3
2
4
18
2
24
16
1
1
28
29
1
1
1
1
2
1
37
38
1
1
2
1
1
2
3
1
2
1
1
1
2
4
2
5
128
1
1
1
1
50
1
1
1
1
2
1
2
3
1
2
1
1
1
2
1
1
3
5
7
8
2
4
5
2
3
1
760
4
2
13
281
233
3
230
48
1
2
1
1
2
3
1
2
1
1
2
1
1
1
34
33
1
1
2
3
1
2
1
1
1
1
2
1
66
1
2
3
4
5
1
2
3
4
1
2
3
1
2
1
49
1
1
48
1
49
48
47
44
1
1
2
1
1
1
1
1
1
1
2
74
73
71
70
1
75
74
72
71
76
75
73
72
1
3
4
2
3
1
1
19
1
2
3
4
1
2
3
1
2
1
1
1
1
2
1
2
1
2
3
1
2
1
1
3
2039
4
2
2040
3
2042
1
2043
1
2
3
5
1
2
4
1
3
2
1
1
2
3
4
5
1
2
64
65
3
1
63
64
2
62
63
1
61
62
621
1
2
3
4
1
2
3
1
2
1
1
2
3
5
3
2
1
2
4
1
20
3
593
2
1
1
1
2
1
1
50
51
2
3
1
1
2
3
4
1
2
3
1
2
1
6
1
2
1
1077
3
2
3
4
1
2
1
1
2
1
81
51
1
21
20
19
1
2
2
1
1
2
1
685
1
1
2
3
1
2
1
1
2
4
6
2
4
2
996
998
716
1
1
2
4
5
6
1
3
4
5
2
3
4
1
2
1
1
1
18
1
1
1
7
8
1
8
3
1
1
2
1
1
1
1
2
1
276
2
3
1
2
1
2
1
1
1
2
3
4
5
6
1
2
3
4
5
1
2
3
4
1
2
3
17
18
1
19
20
2
20
19
21
18
19
1
21
20
20
16
17
22
21
1
2
1
1
2
4
6
8
2
4
6
2
4
2
2
1
2
3
4
5
6
7
8
9
10
11
1
2
3
4
5
6
7
8
9
10
1
2
3
4
5
6
7
8
9
1
2
3
4
5
6
7
8
1
2
3
4
5
6
7
1
2
3
4
5
6
1
2
3
4
5
785
1
2
3
4
784
1459
1
2
3
1
2
782
630
428
356
13
1
447
448
887
690
446
447
780
14
1
1
2
1
1
1
2
3
4
1
2
3
1
2
1
22
1
17
1080
1
246
16
1081
245
1
4
5
1
2
1
2
56
45
41
16
44
1
1
2
1
1
2
1
2
21
1
2
3
1
2
1
1
2
3
4
1
2
3
1
2
1
1
3
4
5
6
7
1
2
3
4
1
2
3
1
2
1
1
2
4
5
6
1
3
4
5
2
3
4
1
2
1
1
61
1
2
3
4
5
6
7
8
9
10
11
12
1
2
3
4
5
6
7
8
9
10
11
1
2
3
4
5
6
7
8
9
10
1
2
3
4
5
6
7
8
9
1
2
3
4
5
6
7
8
40
1
2
3
4
5
39
6
7
41
1
2
3
4
40
5
6
42
1
2
3
41
4
5
43
1
2
42
3
4
44
1
43
2
3
45
44
1
2
1
1
1
2
1
1
1
65
1
1
1
2
3
4
5
1
2
3
4
1
2
3
1
2
1
1
1
3
5
6
2
4
5
2
3
1
1
1
1
2
3
4
1
2
3
1
2
1
2
1
1
1
1
2
3
1
2
1
1
2
1
1
2
3
1
2
1
1
2
3
1
2
1
1961
1
1
3
4
5
6
7
8
9
10
11
12
13
14
15
16
2
3
4
5
6
7
8
9
10
11
12
13
14
15
1
2
3
4
5
6
7
8
9
10
11
12
13
1
2
3
4
5
6
7
8
9
10
11
12
1
2
3
4
5
6
7
8
9
10
11
1
2
3
4
5
6
7
8
9
10
1
2
3
4
5
6
7
8
9
1
2
3
4
5
6
7
8
1
2
3
4
5
6
7
1
2
3
4
5
6
1
2
3
4
5
1
2
3
4
1
2
3
1
2
1
1
2
3
1
2
1
17
20
18
1
2
3
4
1
2
3
1
2
1
1
2
1
1
2
3
4
5
6
7
1
2
3
4
5
6
1
2
3
4
5
1
2
3
4
1
2
3
1
2
1
1
2
2
87
1
2
1
1
1
2
6
7
4
5
1
1
2
4
6
8
9
10
1
3
5
7
8
9
2
4
6
7
8
2
4
5
6
2
3
4
1
2
1
10
1
1
2
3
1
2
3
1
3
6
3
1
2
3
1
2
1
1
2
3
4
5
6
7
1
2
3
4
5
1
2
3
4
1
2
3
1
2
1
45
1
3
4
19
2
1
2
3
4
1
2
3
1
2
1
1
2
1
1
3
4
1
1
2
3
4
1
2
3
1
2
1
1
1
1
2
3
4
5
6
8
1
2
3
4
5
7
1
2
3
4
6
1
2
3
5
1
2
4
1
3
1584
2
1
1
2
1
1
1
1
2
1
2
3
4
5
1
2
3
4
1
2
3
1
2
1
1
2
1
2
1
4
3
1
2
3
4
1
2
3
1
2
1
1
2
3
4
1
2
3
1
2
1
16
17
1
2
3
4
5
6
7
8
9
10
11
12
1
2
3
4
5
6
7
8
9
10
11
1
2
3
4
5
6
7
8
9
10
1
2
3
4
5
6
7
8
9
1
2
3
4
5
6
7
8
1
2
3
4
5
6
7
1
2
3
4
5
6
1
2
3
4
5
1
2
3
4
1
2
3
1
2
1
1
3
4
2
3
1
1
1
1
2
3
44
2
18
1
45
16
46
15
17
1
1583
1
1
1
2
3
4
5
1
2
3
4
1
2
3
1
2
1
1
1
34
115
1
2
1
1
2
3
1
2
1
2
3
4
5
6
1
2
3
4
1
2
3
1
2
546
1
18
19
2
4
2
1
2
3
4
1
2
3
1
2
1
1
1
2
1
1
2
1
2
3
4
5
1
2
3
1
2
1
1
65
1
1
2
3
5
1
2
4
1
3
2
47
7
987
11
12
1
2
1
1
1590
14
62
1
2
3
4
5
1
2
3
4
1
2
3
1
2
1
66
2
3
4
1
2
1
1
4
1
5
6
4
5
3
2
1
2
1
349
1
61
63
1
2
1
1
2
1
950
1
10
37
1
1
1
1
1
2
3
4
1
2
3
1
2
1
1
1
1
2
1
2
1
2
5
3
8
26
27
28
29
5
14
1
1
3
4
2
3
1
56
95
19
94
21
22
23
24
1
1
2
4
5
1
3
4
2
3
1
3
4
5
1
2
1
2
3
40
1
2
276
275
274
36
37
38
39
149
2
4
2
1
1
1
21
1
1
2
1
1
164
2
1
2
3
1
2
1
1
1
2
1
1
2
1
1
1
2
3
1
2
1
1
2
437
1
1
2
1
1
1
1
10
614
2155
32
1
1
1
2
1
1
2
3
4
1
2
3
1
2
1
1204
1
1
2
18
1
1
1
1202
1
2
3
1
2
1
4
2129
1
2130
1
2
1
1
3
4
5
6
2
3
4
5
1
2
3
1
2
7
1
6
13
1
1
1
2
143
3
4
1
144
2
3
145
1
2
645
146
1
6
5
470
1
713
1
2
13
12
11
68
24
22
19
1
2
1
1
1
3
5
6
7
8
9
2
4
5
6
7
8
2
3
4
5
6
1
2
3
4
1
2
3
1
2
1
1
1
3
5
6
2
4
5
2
3
1
1
48
1324
1
2
3
4
1
2
3
1
2
1
1
1
2
1
668
1
1
2
3
4
5
6
1
2
3
4
26
5
1
2
3
4
1
2
3
1
2
1
1
22
1
1
1
74
73
3
1715
2100
1289
1713
1
2
1
522
284
283
1
1
76
1
2
75
38
39
40
41
42
43
46
47
1
19
164
166
207
1
2
3
1
2
1
1
452
2
1
1
1
2
3
1
1
16
1
1
2
3
1
151
2
1
420
7
8
1
2
3
1
2
1
1
1
1
2
4
2
63
2
145
147
41
188
1
1
1
22
1
1053
1
1
2
92
5
3
18
1
1
10
1360
1
1
1
2
1
146
1
2
81
1
80
460
79
1
1
2
3
1
2
1
1968
1
1
2
4
5
1
3
4
2
3
1
1
2
1
844
1
2
3
4
5
1
2
3
4
1
2
3
7
6
1
2
6
5
1
5
4
4
3
1
773
1
2
3
1
2
1
1
1
18
1
1
2
3
1
2
1
1
1
3
4
5
1
1
814
1
2
1
1
1
1
2
3
1
2
1
1
1
2
1
1
2
1
1
2
3
4
1
2
3
1
2
1
1
1
2
