469
15
217
212
211
210
209
91
228
205
138
1044
473
44
45
636
52
211
214
578
221
135
638
607
166
498
161
547
551
539
222
82
200
488
1058
849
850
2
315
316
318
319
321
73
1155
683
93
94
95
96
121
219
471
81
150
145
111
113
114
146
508
36
400
407
186
26
239
240
242
17
18
1
2
3
153
43
44
501
503
505
507
57
59
65
142
158
210
206
179
188
192
1
536
70
131
125
56
55
184
152
205
746
70
547
1054
507
230
231
41
42
46
48
50
53
172
171
517
582
14
729
731
953
732
734
752
772
11
151
73
75
201
202
203
204
767
1
227
223
2
3
4
7
223
212
89
119
15
471
11
203
530
206
763
39
42
43
47
52
472
53
207
208
209
205
141
211
212
213
214
215
216
450
239
120
109
336
724
12
11
10
8
603
1
2
605
5
6
8
10
29
37
435
375
284
131
132
146
78
79
80
81
294
92
168
204
175
106
27
79
531
533
892
222
547
1
549
133
40
165
44
48
75
377
158
63
67
159
199
140
180
184
417
188
317
189
198
662
748
664
108
170
178
179
181
182
35
38
199
203
204
205
137
527
529
127
128
207
208
404
405
194
209
210
211
212
185
33
288
332
235
116
105
16
15
14
12
5
1
2
4
6
25
32
142
74
75
76
77
290
88
164
200
83
218
3
36
169
40
44
79
373
59
154
63
858
176
180
413
184
313
84
174
67
118
534
196
26
86
730
17
338
526
10
23
216
243
242
224
592
34
106
344
61
504
146
147
148
71
150
300
125
188
88
66
533
195
27
87
731
18
337
527
9
22
244
243
225
591
33
105
345
60
505
145
146
147
72
149
301
124
187
87
65
532
194
28
88
732
19
336
528
8
21
119
214
245
244
226
590
32
104
346
59
506
144
145
146
73
148
302
123
186
86
62
529
191
31
91
735
22
333
531
5
18
248
247
229
587
101
349
39
56
66
509
142
143
76
145
305
120
183
83
319
497
841
430
496
22
242
957
309
307
912
669
734
325
155
102
1112
12
213
109
686
122
693
667
665
663
730
435
114
323
322
633
211
23
24
25
73
578
151
153
657
655
250
251
653
1344
45
635
737
440
87
1189
187
189
191
282
5
6
8
10
11
13
402
52
577
169
985
537
33
133
261
698
38
10
37
427
748
544
24
27
28
32
37
457
38
42
191
188
192
193
194
439
126
196
197
198
199
200
201
141
776
134
687
283
551
249
321
112
113
294
224
228
481
474
404
110
95
226
32
462
143
27
26
25
23
16
588
589
13
590
10
9
7
5
2
804
806
106
14
21
22
454
898
756
99
660
420
299
298
116
117
560
338
561
131
136
875
63
64
65
66
127
279
77
142
288
153
160
189
91
94
516
518
877
207
14
23
118
884
25
180
29
596
33
164
90
46
362
143
48
52
70
611
815
144
184
125
165
169
646
402
173
302
174
183
656
464
503
93
163
164
166
167
636
171
172
798
77
877
949
206
82
84
86
89
881
440
947
93
73
2
752
92
685
1006
197
669
677
52
216
68
72
5
227
202
225
920
921
194
124
922
46
19
9
579
204
398
215
17
19
150
363
106
114
226
109
107
147
1
425
881
7
1094
201
1125
95
578
122
134
136
154
143
146
51
164
569
3
1142
78
571
168
14
170
116
891
149
165
39
1079
59
61
559
67
70
73
74
75
76
77
79
5
191
396
3
49
142
149
258
71
195
196
124
126
97
47
162
904
73
219
19
40
224
8
10
12
21
23
25
574
221
29
30
1090
651
1091
37
41
913
203
44
204
675
117
140
180
3
6
7
8
14
15
944
80
174
295
79
83
86
144
251
1274
12
242
253
255
257
97
453
209
454
210
211
1059
261
1064
262
996
387
3
1
269
425
177
430
180
322
88
182
183
185
95
434
906
186
188
190
353
354
7
355
61
441
370
62
371
442
373
272
275
218
278
279
281
391
910
74
911
283
284
201
1369
1370
1371
1372
1374
25
26
27
28
29
126
30
32
33
127
34
35
36
376
266
51
52
385
386
139
140
141
155
280
14
166
80
83
1171
183
4
1023
1024
1025
204
205
178
191
199
193
169
170
10
119
78
84
185
95
212
57
411
16
17
18
126
58
79
82
1170
182
3
1022
1023
1024
203
204
177
190
198
192
168
169
9
118
77
83
184
94
211
56
412
15
16
17
125
57
413
78
81
1169
181
2
1021
1022
1023
202
203
176
189
197
191
942
167
168
8
117
76
82
183
232
93
210
55
14
15
16
124
56
164
165
166
167
16
75
169
445
446
290
74
78
81
170
139
7
235
237
92
448
204
205
206
26
261
1054
256
1059
257
113
115
382
8
4
264
420
1349
171
82
172
425
175
317
426
83
177
178
179
427
147
180
90
429
901
181
183
185
348
349
12
350
8
353
360
56
771
436
57
265
437
270
273
274
276
386
905
69
906
177
196
334
19
394
20
21
22
23
146
24
121
25
27
28
122
29
30
31
32
33
367
34
35
36
38
39
142
40
42
44
261
46
47
380
381
150
163
19
161
163
164
165
166
74
168
444
289
73
77
80
169
138
1268
184
4
5
6
236
800
91
253
447
203
204
205
262
1053
255
1058
256
1291
208
206
204
201
990
381
9
5
263
57
58
60
61
63
419
1348
170
81
171
424
174
316
425
82
175
176
177
148
179
89
428
900
180
182
184
347
348
13
349
352
359
55
350
770
349
435
348
56
264
436
269
272
273
275
385
904
68
905
178
195
16
18
393
19
20
21
22
145
23
24
26
27
28
29
30
31
32
137
139
33
34
35
37
38
39
141
41
43
260
45
46
379
380
142
149
162
20
160
19
18
16
162
163
164
165
73
167
443
288
72
76
79
168
137
5
235
70
400
399
395
90
446
202
203
204
205
264
263
1052
254
1057
255
476
475
356
472
471
470
989
427
380
10
426
6
262
418
80
170
423
173
315
424
81
175
176
149
178
88
427
899
179
181
337
342
183
343
277
275
346
347
14
348
271
270
351
358
54
351
769
350
434
349
55
435
268
271
272
82
274
384
394
903
1024
67
904
179
193
283
285
194
286
289
291
195
10
17
392
18
19
20
21
144
22
23
25
26
27
28
29
30
31
32
33
34
36
37
38
140
40
42
259
44
45
378
379
148
313
161
21
159
84
112
408
407
406
165
415
72
166
414
38
1368
442
178
287
71
75
78
167
45
136
444
4
438
435
232
234
236
403
249
401
1253
89
328
445
15
201
202
203
262
261
1051
253
1056
254
474
473
472
471
468
428
11
1314
427
7
261
61
417
420
169
172
314
80
423
174
175
158
398
156
82
84
150
177
87
426
898
178
94
180
428
139
336
430
182
342
278
276
346
15
347
272
271
42
350
357
53
352
768
351
433
350
54
262
434
267
270
271
273
383
16
902
66
903
180
193
482
410
405
155
355
153
9
240
242
16
391
244
246
17
18
19
20
143
21
22
24
25
26
27
28
29
109
30
31
1318
32
33
35
36
37
139
39
41
258
43
44
297
290
147
286
160
22
158
67
112
123
334
153
419
72
75
196
197
246
191
185
161
162
2
1264
111
70
76
177
87
204
1163
12
170
895
175
183
49
7
8
9
10
118
50
701
420
71
74
1014
1015
1016
195
196
247
190
184
160
161
1
110
517
69
75
176
162
265
289
462
86
203
1162
13
169
77
171
894
174
84
99
182
48
193
6
7
8
9
117
49
293
700
1
2
3
4
931
1395
497
496
289
36
195
43
856
197
472
317
2
3
198
349
32
1215
78
199
146
609
347
346
4
921
1160
826
11
583
581
51
23
60
9
426
107
140
141
142
143
144
145
146
147
148
149
150
151
152
356
181
1009
182
187
52
53
54
288
35
857
196
318
1
2
197
33
1216
77
198
147
610
3
922
1161
827
90
439
10
584
582
50
24
10
106
139
140
141
142
143
144
145
146
147
148
149
150
151
355
180
1010
181
186
75
270
333
12
444
50
190
33
759
1352
226
219
44
474
459
112
334
178
49
319
234
149
177
180
195
182
184
74
271
334
13
445
49
189
34
760
1353
225
220
43
87
111
333
48
235
148
176
179
194
181
183
1227
70
73
193
1363
438
311
312
1047
1052
599
601
283
287
239
228
230
109
232
241
243
245
257
420
419
418
417
416
1160
62
161
936
715
718
30
548
553
394
321
324
247
1265
475
1285
14
863
864
1287
169
172
420
137
373
340
342
1
181
343
344
345
433
1192
49
122
258
130
58
1210
824
1273
1274
434
385
386
387
113
114
115
137
210
1280
1286
120
121
340
1315
622
1691
46
659
1685
1241
538
876
627
751
421
573
904
1355
198
174
294
282
274
696
709
342
13
28
829
257
1327
33
889
184
724
735
847
897
1282
619
862
169
170
620
226
1173
194
486
111
116
119
1238
72
73
742
768
708
827
74
868
862
775
712
225
702
1478
985
215
1748
537
1174
9
10
161
162
81
446
443
80
497
498
499
513
570
616
539
6
442
69
70
195
67
267
269
271
274
769
56
20
18
549
14
10
569
764
187
31
793
646
59
63
15
1038
361
362
487
491
494
4
6
8
17
359
19
21
106
835
838
114
8
37
507
792
148
54
587
126
201
114
579
578
99
98
311
674
162
782
583
85
319
169
588
156
897
24
32
885
421
180
464
4
7
483
481
479
47
1108
1104
46
1353
398
49
51
874
1101
158
943
930
152
806
13
54
1009
534
526
499
68
70
72
75
269
647
641
540
445
36
64
85
134
100
81
109
10
119
117
502
266
650
644
543
442
33
82
137
97
537
78
529
106
1012
206
71
70
69
68
278
75
517
183
269
1135
1136
210
34
211
406
73
65
524
35
239
59
690
660
659
119
212
29
67
67
156
143
98
21
22
122
664
137
438
626
512
188
192
194
108
197
198
510
112
114
47
115
116
117
201
563
170
982
164
65
155
616
157
8
158
676
159
1064
132
305
186
185
184
170
529
523
256
204
73
72
71
70
66
280
180
73
519
181
271
1133
1134
208
36
209
71
67
526
33
241
57
692
662
661
121
210
27
65
69
564
420
352
158
91
145
96
19
20
120
666
444
442
135
440
437
628
293
514
186
190
192
106
195
196
512
110
112
49
113
114
115
123
199
565
147
172
980
88
162
63
153
618
155
6
156
678
157
214
1062
307
188
187
186
168
531
525
258
202
75
74
73
72
71
521
273
1132
206
38
207
69
69
528
31
243
55
7
208
503
9
11
13
63
562
160
89
147
209
17
18
126
124
118
133
630
664
516
184
188
104
194
514
108
110
111
112
113
86
160
61
620
153
154
680
155
309
190
189
188
166
533
527
694
260
295
297
5
7
9
11
792
74
54
481
56
57
85
84
78
80
81
83
84
55
183
1
42
43
33
31
27
23
106
112
129
76
479
76
78
79
81
82
53
181
3
104
110
127
170
68
288
172
44
48
43
982
1099
173
76
645
201
59
170
544
546
548
551
82
475
555
202
463
462
12
111
14
16
361
123
23
675
449
483
857
17
671
1070
670
443
18
22
188
187
185
184
182
34
177
178
1101
71
180
653
896
897
898
84
98
110
112
284
114
130
444
119
575
122
24
27
192
140
21
153
52
422
51
1118
54
49
547
144
194
10
146
92
125
15
102
1055
35
37
103
43
46
49
50
51
551
52
53
55
29
264
263
261
168
167
927
100
66
170
980
1097
171
643
651
78
190
290
22
42
46
176
199
894
16
895
168
82
98
896
20
45
553
178
424
286
507
531
80
477
83
6
200
42
465
464
10
109
12
14
363
121
25
677
451
485
855
19
673
574
1068
246
672
445
32
175
1099
69
158
96
108
110
112
128
446
117
577
120
25
138
23
151
1116
52
545
142
192
12
144
90
376
123
13
1053
33
35
41
44
47
48
535
49
50
553
51
53
31
166
86
85
84
83
64
168
978
1095
169
641
649
80
188
292
20
40
44
174
1019
197
892
14
52
185
893
166
80
96
894
18
47
551
189
188
186
176
426
540
288
542
544
547
78
479
81
4
198
467
466
8
107
10
12
365
119
27
679
453
487
853
21
675
1066
674
447
30
173
1097
67
548
550
552
616
94
106
676
108
110
126
448
115
579
118
23
136
460
149
1114
50
543
140
190
14
12
704
142
88
121
11
1051
128
31
33
39
42
45
46
537
47
48
555
49
51
33
164
490
62
166
976
1093
167
689
538
639
647
82
186
294
18
38
42
172
1017
195
890
540
891
164
78
94
892
16
49
549
174
428
511
535
542
545
76
481
196
469
468
139
6
137
105
8
10
367
117
29
681
455
489
851
23
401
677
1064
676
449
28
171
1095
65
176
162
618
92
104
678
106
108
124
450
113
581
116
21
119
134
27
147
33
35
36
39
41
1112
48
541
138
188
16
240
140
86
1
695
119
1069
9
586
1049
29
31
37
40
43
44
45
46
557
47
49
35
162
921
809
1
483
247
2
3
4
6
8
10
12
255
13
14
15
16
17
18
485
486
487
489
272
491
200
22
24
26
29
1220
196
195
32
493
497
287
288
290
291
293
45
46
325
15
115
173
169
508
510
53
191
50
485
686
84
54
528
527
190
186
519
288
136
298
1116
518
36
40
1117
74
191
139
140
530
541
170
53
52
66
683
287
179
73
653
192
678
138
193
654
517
162
51
547
172
28
610
580
169
125
200
583
337
591
354
47
91
767
26
414
885
162
25
163
205
443
442
164
250
264
777
58
184
1455
157
1011
53
194
1519
302
308
54
57
183
1454
156
1010
52
193
1518
301
307
53
56
182
1453
155
1009
51
192
1517
300
306
52
346
347
54
180
1451
153
1007
49
190
1515
298
304
50
52
178
1449
151
1005
47
188
1513
296
302
48
342
343
52
18
6
149
104
301
481
381
666
120
144
171
128
172
37
79
50
172
19
206
661
20
1
2
3
4
147
5
6
102
26
299
479
379
664
147
118
27
25
234
123
142
120
117
106
169
126
170
35
37
39
1560
161
1319
400
56
236
391
304
151
139
101
182
15
549
1035
79
78
472
473
101
298
42
183
64
209
208
77
181
52
53
41
55
32
142
22
21
176
61
91
158
107
155
156
181
16
548
643
1034
80
79
471
472
100
297
41
182
65
210
209
479
517
650
177
78
180
51
52
40
54
143
23
22
175
60
157
106
154
155
180
17
547
108
86
85
175
470
471
99
296
40
181
70
66
211
210
1015
176
45
69
79
179
50
51
39
53
144
24
23
174
59
1033
81
80
156
105
153
154
170
631
1558
189
171
107
1
2
174
98
109
471
473
83
206
632
295
256
475
6
8
10
212
211
16
495
29
24
58
645
90
92
94
95
309
1032
138
97
96
165
166
104
153
178
158
180
183
188
176
100
659
255
97
26
25
205
294
57
61
64
644
86
87
152
85
149
89
90
91
559
92
93
95
173
141
14
266
21
17
18
19
20
308
314
30
167
605
1031
137
142
106
108
164
108
13
165
86
138
32
34
167
168
243
103
152
177
159
179
182
187
169
175
99
658
469
471
254
96
473
27
26
204
14
293
56
60
63
643
85
86
153
84
150
88
89
90
558
91
92
94
172
142
13
265
20
16
17
18
19
307
313
31
168
604
1030
136
141
105
109
163
107
12
164
87
137
31
33
166
167
244
102
151
670
54
162
1115
716
192
86
298
199
545
38
146
543
163
685
463
82
681
680
191
27
159
8
669
160
53
106
170
515
539
291
420
419
431
417
101
612
1061
24
167
421
412
409
166
73
639
175
176
623
87
89
647
110
143
433
134
637
636
697
326
5
122
550
671
53
1114
717
87
200
546
37
145
544
686
682
681
190
28
158
7
670
159
54
107
169
516
540
292
421
420
432
418
100
613
1060
23
166
422
413
410
167
74
640
174
175
624
86
88
646
109
142
434
133
638
637
698
327
4
121
551
540
187
53
57
476
692
324
176
215
200
94
93
92
91
1034
82
1011
733
683
682
189
6
373
34
496
495
1088
413
81
89
91
92
93
94
297
202
456
11
127
32
30
49
183
134
16
14
135
136
561
364
348
440
438
322
321
154
315
1012
82
83
84
144
318
43
542
185
301
28
27
478
694
77
408
326
178
217
1029
198
96
95
94
93
1032
84
685
684
187
4
42
175
8
541
375
101
36
498
497
586
241
1086
656
415
79
87
89
90
91
92
299
204
458
125
34
32
25
27
28
31
181
132
18
16
490
133
20
134
559
365
366
596
350
555
11
554
442
440
324
323
152
317
1010
80
81
82
320
45
292
171
219
374
153
468
467
62
240
38
61
60
58
100
15
16
18
158
19
21
281
280
369
39
132
403
402
66
379
544
183
30
29
480
696
75
377
196
328
1007
687
686
185
99
280
279
277
119
204
203
201
200
198
330
331
38
500
499
1084
317
180
417
77
85
87
88
89
90
301
460
123
36
34
243
247
506
251
179
130
131
22
132
557
337
368
310
309
352
9
444
442
326
325
328
150
319
318
151
78
79
80
322
47
739
1800
874
150
151
31
6
5
877
71
74
387
255
229
188
143
1420
145
148
149
4
5
36
40
232
693
16
17
19
731
864
166
845
759
697
1230
411
412
414
572
487
488
490
491
493
39
391
170
265
189
268
192
103
709
152
511
33
274
773
64
154
776
155
778
779
780
161
1
781
390
640
101
112
654
53
78
819
48
869
49
574
870
821
822
12
823
1248
11
119
120
122
323
471
95
338
341
807
134
135
247
843
33
164
625
652
174
253
564
150
92
165
39
82
28
79
34
77
218
217
323
623
1008
633
31
489
32
46
579
30
627
1553
47
59
76
83
554
556
557
558
559
16
121
185
30
45
36
648
599
600
601
137
112
113
114
115
116
117
118
119
120
121
585
138
142
152
157
163
31
162
623
650
172
255
562
152
90
163
33
41
84
30
77
36
79
220
219
321
469
621
577
631
29
487
30
44
21
32
1551
45
57
74
75
81
14
123
187
28
47
38
597
135
113
114
115
116
117
118
119
583
136
140
150
155
161
202
201
200
29
160
621
648
170
75
257
560
154
88
35
575
161
43
86
32
75
38
81
222
221
319
354
467
619
264
265
267
629
27
485
28
42
34
19
74
1549
95
43
382
630
55
72
548
79
550
552
553
554
555
12
125
189
26
49
40
644
595
596
597
133
111
112
113
114
115
116
117
581
134
138
148
153
159
100
182
26
618
645
167
78
260
557
157
38
572
37
158
46
89
35
72
41
225
224
271
270
269
316
464
616
626
24
482
25
39
16
1546
40
52
128
192
23
52
43
50
592
232
130
108
109
110
112
113
578
131
135
150
156
241
411
548
1273
380
917
572
18
233
73
74
76
75
77
78
524
521
86
553
934
385
383
370
624
1446
1415
79
140
142
1188
56
137
33
55
1403
1401
575
661
723
1062
190
399
403
998
711
99
95
34
813
62
66
69
11
366
370
371
372
795
177
74
599
59
101
248
246
379
1285
141
850
1279
145
290
62
44
48
877
128
866
867
868
143
869
160
391
161
1796
870
254
1770
144
145
146
384
147
12
11
10
9
8
7
1215
25
26
1217
27
1219
1222
38
758
756
55
782
67
68
69
310
907
42
188
595
383
179
136
41
297
72
396
389
39
45
29
541
228
38
872
654
37
840
14
15
16
727
860
841
37
755
1592
693
1226
387
99
166
142
639
132
390
261
262
264
241
100
418
242
705
148
149
507
29
260
265
270
277
43
764
768
857
299
61
60
64
150
772
151
308
152
774
613
775
153
27
154
776
5
777
386
1188
1190
158
76
227
77
2
78
1733
479
96
234
636
97
103
33
110
650
824
173
527
73
75
815
312
44
865
1267
23
817
22
763
21
20
818
16
819
85
1244
15
88
325
350
62
115
116
118
102
328
319
355
104
105
377
378
338
1630
1632
130
803
131
556
380
137
138
120
139
141
124
366
1768
837
839
381
30
349
358
1442
865
588
589
590
591
866
841
867
142
868
159
390
160
1795
869
1769
143
144
145
383
146
35
34
12
11
10
9
8
24
25
26
757
54
392
630
166
891
781
66
67
68
309
787
43
187
42
40
39
38
36
98
99
417
594
382
742
743
178
135
694
420
718
296
71
395
388
654
1693
46
1461
812
30
540
227
871
1793
653
575
839
688
12
13
14
15
726
859
840
754
621
1225
386
165
141
638
131
389
260
261
263
241
6
704
147
847
506
259
264
267
269
603
271
851
276
852
514
853
38
521
42
763
767
856
298
58
60
59
857
63
149
771
150
307
773
612
774
152
28
153
775
156
6
776
385
2
157
226
1
860
1732
94
478
95
233
861
635
96
102
700
32
109
823
618
619
172
526
1788
1789
1790
1791
1667
1705
72
73
74
814
311
43
864
436
25
24
816
23
762
22
21
817
17
818
84
1243
545
16
14
87
324
349
114
115
101
327
318
354
1745
124
88
103
104
376
3
377
337
1629
1631
129
802
130
555
379
136
137
826
119
138
123
365
1767
836
60
838
380
31
18
15
39
89
348
1549
357
403
638
27
85
642
21
237
534
82
421
1489
41
40
48
129
1233
1290
1336
1259
655
644
461
51
53
54
1543
279
373
42
189
536
544
546
631
547
548
549
1394
158
557
152
1
151
150
18
33
589
590
591
1016
113
112
91
107
98
97
15
17
133
134
131
609
140
538
539
137
412
177
151
438
307
153
46
546
154
64
1106
528
1107
63
62
297
520
1081
545
544
543
22
665
654
184
93
621
902
379
731
501
35
272
535
1053
1001
94
207
553
6
293
1005
183
677
676
674
673
49
38
171
152
82
61
162
523
18
156
541
159
182
660
89
53
403
84
83
166
81
167
638
168
80
628
169
81
83
538
85
276
86
536
535
694
88
303
507
135
101
102
1
593
455
3
51
9
122
14
336
998
68
36
645
126
644
128
74
129
19
705
555
601
339
122
102
220
3
355
936
114
141
446
558
552
25
548
148
150
637
1073
173
437
174
175
149
150
187
322
176
180
625
383
95
45
104
275
152
179
348
533
324
325
82
686
757
157
91
1036
88
163
84
83
167
590
124
338
869
217
218
220
221
223
229
232
9
1002
1003
1022
601
119
383
232
110
101
143
144
91
145
23
361
148
295
65
112
58
389
242
24
117
130
38
280
66
104
67
72
382
233
109
102
142
143
92
144
22
360
147
296
66
111
57
388
243
23
116
373
129
37
279
65
103
66
73
380
235
107
104
140
141
94
142
20
358
145
176
298
68
109
233
55
386
222
245
21
114
191
371
127
35
41
277
63
101
64
75
379
236
106
105
139
140
95
141
19
357
144
177
299
69
108
232
54
385
223
246
20
113
192
370
126
34
40
276
62
100
63
76
377
238
104
107
1307
137
138
97
139
17
355
142
179
301
71
106
230
52
383
225
248
18
111
194
368
124
32
38
274
504
33
60
98
61
78
224
625
599
10
141
149
98
1555
629
151
466
9
1529
603
95
143
160
541
69
556
204
141
300
631
93
266
212
267
22
24
26
28
37
52
616
61
531
89
372
86
535
246
536
83
620
145
621
144
99
100
208
133
101
131
583
52
280
380
68
66
197
574
196
195
191
264
262
576
577
578
256
1003
139
78
136
813
113
111
115
109
107
139
103
102
166
169
134
140
56
75
108
599
9
600
628
150
8
601
95
277
984
540
174
299
55
555
54
370
1529
75
609
22
23
35
55
145
63
6
7
69
37
39
52
60
113
91
95
96
561
114
106
118
103
133
58
139
50
1425
1
1191
2
61
2
86
90
91
92
93
94
95
145
143
1176
1237
1789
641
12
808
831
521
162
66
2
163
75
50
108
183
140
4
202
27
69
70
85
86
88
37
151
35
33
31
165
71
72
67
112
113
161
114
69
59
74
67
989
167
22
155
887
676
134
286
135
1089
938
508
510
512
515
49
541
185
53
100
290
52
440
438
105
437
677
147
48
149
97
403
555
550
321
340
71
1082
1083
1084
1085
1087
108
158
56
39
37
35
33
164
720
592
591
388
352
356
96
124
565
132
465
469
4
197
213
10
13
15
17
19
20
604
136
611
612
386
95
244
69
122
118
1
9
125
124
123
325
155
402
130
295
230
511
41
523
47
549
316
318
454
453
451
200
57
59
60
61
62
909
227
96
370
221
151
102
103
104
365
339
140
573
130
529
126
129
128
127
766
329
1077
151
647
323
406
975
234
296
496
498
500
503
681
507
298
299
519
89
326
88
553
1079
285
458
457
456
455
454
204
36
53
55
56
57
58
333
905
561
231
92
225
209
211
215
219
147
98
99
100
43
369
132
335
384
164
587
581
144
577
351
134
533
130
722
506
240
4
237
241
244
245
511
515
516
716
718
720
723
1182
727
518
519
253
30
1522
863
727
761
129
130
131
132
133
134
135
41
1112
911
21
1090
1088
93
1405
111
549
955
3
8
1470
342
480
341
92
476
561
112
113
650
649
648
84
17
447
109
110
111
428
426
992
548
41
46
48
49
50
51
53
55
59
61
62
854
58
25
125
96
131
132
133
134
60
136
123
1008
222
187
137
360
10
11
298
300
485
108
493
695
23
367
131
434
82
83
84
85
86
676
955
1012
1058
981
70
116
99
98
96
62
8
709
711
713
716
250
1211
407
648
95
98
346
99
820
821
73
184
109
51
193
113
114
15
64
34
78
807
604
31
33
141
102
12
69
115
38
907
932
44
45
46
891
221
127
107
129
79
130
83
108
115
490
169
123
103
125
75
126
79
104
119
486
173
14
125
127
709
938
974
64
580
114
29
31
97
32
33
34
505
586
123
74
75
977
76
197
314
627
15
124
126
105
708
937
973
63
551
1028
579
236
142
113
214
114
28
30
98
31
32
33
506
585
122
73
74
976
75
198
313
626
292
147
319
234
82
80
76
72
191
79
20
176
22
124
57
24
6
31
94
389
395
83
27
5
209
403
216
7
8
28
770
40
174
394
102
38
16
106
17
76
1
3
4
138
137
28
30
31
130
138
11
10
86
84
80
76
53
59
10
276
8
172
171
301
78
79
632
18
61
132
474
476
696
7
6
4
3
2
4
60
9
265
311
863
313
50
49
47
46
45
44
43
1020
42
238
20
79
91
394
75
71
70
69
64
591
63
379
59
58
57
56
74
15
51
39
40
41
42
60
29
372
555
74
87
100
122
1245
338
11
23
336
418
798
9
16
62
65
66
67
461
112
358
26
25
23
22
21
19
736
18
103
256
397
29
860
412
84
31
374
553
72
85
98
124
1247
9
21
338
420
800
7
14
64
63
64
65
463
110
360
28
27
25
24
23
21
738
20
105
258
399
27
862
414
86
33
376
551
70
83
96
126
1249
7
19
340
422
802
5
12
293
66
477
61
62
63
465
108
362
30
29
27
26
25
23
740
22
107
260
401
25
864
416
88
36
379
548
67
80
93
129
1252
16
343
425
805
2
9
69
480
58
59
60
468
105
365
240
34
33
32
30
29
28
26
743
25
110
263
404
22
867
419
114
91
12
115
42
337
117
194
910
89
91
90
774
35
1079
18
6
54
385
974
219
220
221
384
599
106
355
107
382
729
12
76
631
744
1090
195
193
685
97
839
1084
836
964
470
353
187
185
347
334
184
182
444
365
366
367
319
438
578
1038
62
1192
210
515
305
82
80
74
266
378
546
629
224
376
1
621
707
619
101
368
617
1075
1074
613
366
1231
735
733
415
91
10
881
2
605
7
18
499
411
361
786
463
408
62
407
18
772
24
434
659
676
754
57
1096
423
1089
1088
83
500
84
85
86
638
339
128
1256
59
910
113
10
174
173
299
76
81
634
16
63
134
476
851
474
235
9
6
5
4
2
62
263
309
865
311
52
51
49
48
47
46
45
44
1022
240
22
77
93
396
77
73
72
71
66
589
65
377
61
60
59
58
72
13
49
37
38
39
40
58
175
174
298
75
82
635
15
64
135
477
852
473
236
11
10
9
7
6
5
1
278
63
12
262
308
866
310
53
52
50
49
48
47
46
45
1023
241
23
76
94
397
78
74
73
72
67
588
66
376
62
61
60
59
71
12
48
36
37
38
39
57
111
114
63
47
248
143
135
1037
215
256
85
41
14
45
343
58
109
488
42
39
1
100
2
103
19
961
47
226
12
13
15
18
23
430
428
415
920
34
104
102
101
100
13
5
8
683
23
333
92
95
97
98
99
102
1055
109
92
91
89
87
84
81
79
76
65
64
62
53
81
329
252
283
54
89
67
80
380
381
476
456
336
482
172
13
623
95
611
157
91
14
21
220
4
7
94
95
96
8
10
45
149
94
171
158
308
13
428
22
11
430
24
827
853
1443
852
1535
851
1528
1099
1153
776
1
125
3
207
203
802
1158
912
107
1384
13
15
17
19
27
29
897
31
406
773
49
1433
1430
1425
1652
924
795
793
791
569
790
788
1204
770
750
829
130
637
891
1552
755
16
977
974
1312
85
8
448
446
27
88
89
90
235
39
49
103
101
1506
997
933
932
1343
126
982
979
1317
80
3
453
451
32
83
84
85
34
44
338
108
106
1511
1002
1348
176
175
174
173
172
121
210
441
43
76
45
987
73
40
486
138
131
125
106
61
86
456
454
441
946
35
615
10
7
80
81
82
8
34
35
36
37
38
39
474
130
128
127
126
169
168
167
39
166
165
79
24
21
18
1436
111
109
709
933
157
156
49
307
237
1110
45
62
57
66
69
71
72
73
76
1081
140
135
129
538
118
117
115
113
110
107
105
102
91
90
88
79
244
441
440
439
62
301
421
446
145
463
686
487
224
105
104
330
76
743
435
290
291
430
648
425
296
422
549
298
852
306
308
841
64
6
19
533
25
26
610
518
895
48
49
50
51
52
53
54
55
56
531
442
121
120
118
117
115
323
109
106
327
100
96
92
90
574
82
343
443
442
441
60
299
419
444
461
385
684
485
226
106
328
741
437
288
289
432
427
294
424
551
296
854
843
4
531
23
24
897
46
47
48
49
50
51
52
53
54
529
444
123
122
120
119
117
321
111
108
325
102
98
94
92
572
84
341
2
3
4
78
59
60
31
56
54
259
26
175
43
59
286
301
151
1548
1507
1400
76
23
69
57
58
33
58
56
261
28
967
173
915
57
41
2
4
57
77
55
703
705
9
55
75
53
701
703
11
714
472
41
40
36
805
95
242
46
804
110
31
200
38
701
82
85
86
35
756
57
58
363
134
429
533
1460
103
282
278
147
73
196
108
534
277
303
171
231
562
266
44
77
178
292
287
276
42
40
294
280
542
543
544
212
460
7
158
337
76
93
551
215
552
277
30
514
211
136
236
40
15
192
9
67
68
180
73
179
172
190
91
66
57
6
55
94
47
167
128
472
440
165
153
149
147
145
143
79
142
140
382
383
386
122
106
102
411
357
359
24
518
9
11
129
107
641
52
301
84
106
375
377
70
977
112
613
304
512
33
273
61
271
63
311
263
64
26
785
786
9
246
8
68
69
108
319
13
446
149
74
352
356
358
360
362
584
363
365
186
403
726
563
562
2
4
1023
27
43
772
399
134
133
131
376
398
68
28
18
1165
53
229
1167
315
129
259
16
221
261
2
11
29
832
124
1116
618
853
113
1122
1121
1120
1119
379
18
2
910
896
9
1
4
1530
3
1113
1220
815
582
30
1126
1125
526
1557
1091
1325
53
81
1069
24
1141
877
1223
1089
872
57
1121
1210
5
59
61
62
865
38
1104
942
1227
1171
1170
7
1169
1629
1392
20
27
76
168
51
1131
586
1336
1533
2
926
76
1018
104
517
92
55
505
161
159
158
157
200
199
198
70
197
196
55
52
49
740
80
271
272
273
274
276
14
35
38
40
41
42
45
1112
166
160
149
148
146
144
141
138
136
133
122
121
119
110
70
71
793
794
202
102
447
107
129
59
127
125
123
27
659
166
45
10
535
43
548
631
655
499
56
282
60
451
13
19
419
534
87
85
84
81
79
156
18
602
228
100
48
497
1
2
3
4
5
6
691
44
45
46
47
48
7
9
43
44
45
46
47
6
8
42
43
44
45
46
5
7
41
42
43
44
45
4
6
40
41
42
43
44
3
5
39
40
41
42
43
2
4
77
982
981
85
244
243
242
77
88
44
1
3
2
394
1
53
147
1
4
3
90
46
5
4
396
3
55
1
2
1
110
16
3
63
842
786
735
401
29
33
52
214
417
38
915
204
202
768
201
33
32
31
30
192
401
898
8
59
10
11
12
362
258
668
268
905
911
940
107
102
60
136
135
28
29
30
31
32
33
40
38
195
41
639
42
668
1
2
1681
51
52
53
760
1229
38
488
514
1673
761
1224
104
340
381
618
21
627
489
1596
1613
743
45
130
754
761
762
46
11
1
2
153
148
147
141
868
948
1047
1321
952
951
949
939
978
893
1186
30
884
1104
1730
1004
1015
882
894
1000
887
1134
1050
1044
931
1039
1038
946
116
114
113
112
110
109
19
25
1016
949
894
17
29
885
145
895
38
1017
1
363
52
32
457
2
243
4
5
6
186
431
160
44
382
598
5
1
1
709
278
293
105
103
102
99
97
730
125
114
92
41
40
25
24
22
147
41
145
143
141
55
39
38
43
2
3
51
4
179
74
45
429
51
177
57
206
205
88
45
777
139
649
673
176
683
204
337
229
382
85
33
674
131
439
1226
181
284
220
40
1
424
629
162
28
213
35
36
37
63
40
44
42
44
45
116
107
105
104
101
99
85
48
14
204
205
12
11
33
54
54
25
163
24
62
427
462
22
425
630
163
27
214
34
35
36
64
39
45
41
43
44
117
100
47
15
13
12
32
55
53
26
164
23
63
426
463
439
21
631
164
26
215
33
34
35
65
38
46
40
42
43
118
169
101
87
46
16
14
13
31
56
52
27
425
165
22
64
256
254
20
10
1
3
2
106
51
20
151
138
169
1
174
173
120
115
111
149
148
444
208
28
652
29
681
487
488
489
490
492
166
1
150
149
102
2
207
663
3
26
104
8
7
10
86
213
212
161
159
155
151
85
135
110
12
13
14
15
17
157
66
45
176
2
235
234
232
5
225
224
237
114
113
15
25
26
150
73
112
42
41
1655
70
71
3
240
657
23
24
539
640
222
151
72
154
1260
111
43
42
1654
71
72
2
239
656
23
538
639
221
273
70
739
22
1126
237
16
75
72
1327
317
403
68
1095
85
498
502
29
397
2
236
374
87
1160
889
36
552
313
501
315
317
319
515
31
217
487
1371
293
206
516
437
517
485
1237
1196
1360
91
145
152
75
194
929
729
261
153
638
4
6
5
35
92
66
153
76
928
728
637
5
6
52
261
413
2
3
4
5
285
179
177
19
455
210
209
350
93
72
203
196
1187
141
140
8
12
153
122
1064
150
117
563
215
208
202
183
138
9
551
207
205
204
203
246
245
244
116
243
242
2
101
98
95
1513
188
186
786
1010
126
230
160
112
692
87
84
3
4
5
32
15
134
11
8
6
5
4
1
1158
217
212
210
206
615
195
194
192
190
187
184
182
179
168
167
156
167
94
73
204
1
142
141
13
3
414
464
328
7
385
85
84
13
94
133
128
124
86
162
161
457
221
15
16
694
150
78
74
62
1
2
3
4
5
1
252
8
9
10
11
5
6
7
76
74
92
65
64
63
24
21
257
258
4
239
61
96
722
152
151
253
100
189
41
731
732
724
824
134
3
78
274
184
30
76
93
62
97
721
384
71
621
12
81
153
152
150
252
101
188
474
823
596
729
35
11
133
79
273
709
11
711
712
13
14
15
525
526
157
190
654
55
16
722
81
725
19
481
137
1601
730
31
29
221
41
733
154
153
78
46
1112
43
922
564
257
258
129
130
131
132
5
243
162
48
232
80
81
97
82
98
72
327
343
341
381
150
149
148
147
198
321
389
493
82
241
288
592
83
30
31
99
379
77
14
137
41
105
37
1316
736
2
6
245
48
84
108
558
284
4
7
8
590
723
127
590
185
23
171
854
111
110
106
85
25
26
27
181
102
101
783
148
716
79
632
12
14
18
19
139
1058
723
724
350
105
202
1192
1193
195
594
621
727
815
1470
299
530
318
325
429
342
135
457
24
428
754
477
1194
1276
362
469
689
455
456
713
120
115
450
144
128
683
27
997
117
86
102
1311
464
138
715
156
13
191
722
43
723
93
195
198
1393
556
175
127
126
125
124
123
248
27
3
121
116
1
2
241
2
5
6
7
244
1630
69
3
4
171
25
1
447
698
130
126
451
452
249
1654
1190
117
87
73
71
186
184
45
456
457
112
1183
377
100
714
9
147
244
85
473
568
570
571
574
576
133
536
160
526
300
528
530
158
532
1102
721
954
1430
951
955
794
956
1187
957
70
247
122
124
119
55
20
223
135
132
128
127
251
207
1
2
3
4
252
253
5
6
29
23
65
64
49
48
46
31
63
62
67
27
203
69
453
75
950
951
952
953
201
33
955
200
125
208
73
51
50
49
48
202
191
106
351
389
461
220
837
129
247
102
100
99
200
39
253
37
85
171
11
268
110
112
277
41
261
115
114
113
465
112
111
109
214
3
201
38
252
36
86
172
10
267
111
111
278
42
262
116
115
114
464
113
112
110
213
4
202
10
37
251
35
87
173
9
266
112
110
279
43
263
117
116
115
463
114
113
111
212
5
203
9
36
250
34
88
174
8
265
113
109
280
44
264
118
117
116
462
115
114
112
211
37
6
145
399
674
691
239
13
743
130
128
127
124
122
796
795
25
31
70
454
202
29
37
39
41
48
54
55
57
59
13
15
77
71
69
67
428
66
65
64
455
20
51
50
48
21
205
203
143
27
948
949
950
951
109
953
403
173
171
169
167
286
7
6
124
589
149
186
185
183
25
427
274
275
561
252
724
725
726
727
728
729
323
78
177
20
207
23
24
25
1188
481
1112
30
31
49
608
139
137
30
28
274
182
1005
1119
1125
1154
11
150
428
432
113
158
183
102
1387
460
201
13
715
1131
924
79
1542
25
247
450
658
115
26
757
18
84
655
813
14
406
15
57
745
950
240
700
1627
701
1
2
90
6
2
927
217
216
54
52
51
49
48
77
167
166
51
133
89
578
96
165
163
141
159
404
155
174
59
26
20
12
3
17
206
909
489
229
786
1024
182
180
178
176
392
216
196
195
234
1388
113
470
840
844
94
381
387
3
4
307
306
305
500
752
268
270
921
188
861
64
1363
48
140
138
156
18
292
193
192
190
79
49
40
852
928
380
384
691
362
740
743
200
199
198
176
174
508
600
304
149
1726
1119
1117
1006
887
1169
1779
1
609
1289
1673
960
187
184
1575
1435
1527
154
150
147
135
75
113
39
437
436
434
276
853
339
927
322
80
194
193
191
175
649
870
179
857
509
601
6
305
551
277
174
2
3
4
126
242
175
550
175
1
2
3
133
33
17
36
258
259
190
266
519
518
517
500
267
35
34
27
188
187
185
154
129
125
238
196
87
333
5
89
260
18
1384
17
453
16
134
129
125
87
163
162
458
222
465
666
695
382
378
282
151
698
86
794
16
17
9
71
143
85
29
70
52
175
25
69
68
73
21
427
19
244
931
576
145
492
20
24
22
1
721
333
179
98
717
1095
1566
1
1
2
925
120
717
7
240
8
479
595
121
30
738
61
747
201
237
810
749
866
21
1043
893
185
176
174
445
901
980
207
67
66
27
76
60
54
25
456
455
454
453
1
1177
452
451
93
42
163
275
68
65
64
63
66
192
185
13
14
73
149
147
117
445
94
43
164
14
274
461
69
66
65
64
193
186
12
13
74
150
148
446
95
44
165
13
273
462
70
67
66
68
65
194
187
11
12
75
151
149
447
96
45
166
12
272
463
71
68
67
69
66
195
188
10
11
76
152
150
21
1173
441
1214
1164
1
1177
1174
2
1161
132
1123
1121
968
169
1199
5
737
36
14
1179
1
4
1180
17
1046
55
57
210
1009
448
97
167
11
271
464
72
69
68
70
67
196
189
9
10
77
153
151
46
449
98
168
10
5
270
465
73
70
69
68
197
190
8
9
78
154
152
47
1
2
253
3
726
254
109
104
89
83
90
432
4
107
84
433
108
20
444
72
78
76
75
74
73
359
16
582
102
554
19
20
15
24
22
193
192
190
32
4
252
5
726
90
43
99
79
128
63
61
235
196
1374
832
107
128
73
68
66
65
64
63
61
59
55
53
52
118
20
113
156
343
249
213
603
905
406
394
59
382
1
2
3
1175
723
1176
724
1177
725
1178
590
441
25
209
1197
94
1121
25
107
27
251
12
174
111
1105
55
54
1123
53
513
276
1136
1143
1167
236
15
530
417
142
137
133
1359
95
171
170
466
230
457
703
274
159
708
707
956
955
954
963
24
100
97
101
67
66
65
63
124
180
116
125
197
195
87
85
181
117
1022
1021
126
198
196
88
86
182
665
663
118
645
1023
1022
1
2
250
723
251
3
252
724
4
5
25
59
692
29
28
186
52
182
251
289
6
7
60
20
64
199
170
171
266
172
173
168
262
17
6
447
247
78
77
18
76
75
80
14
474
231
242
697
694
143
138
173
172
4
95
139
1
171
817
1159
810
795
17
180
177
176
174
888
35
583
391
585
79
78
17
76
13
435
602
841
691
589
771
200
581
985
986
219
198
721
97
21
8
287
16
43
105
2
592
591
590
589
987
79
72
447
603
120
260
165
639
62
26
20
96
799
224
437
370
587
80
79
16
78
77
82
12
51
91
248
200
244
127
6
467
3
696
852
758
155
153
106
874
309
407
405
401
870
376
734
17
268
144
267
173
3
172
818
372
223
222
221
705
220
719
793
142
331
277
783
76
71
69
68
67
66
64
62
58
56
55
747
741
32
280
286
189
49
493
185
4
441
84
443
63
428
23
567
569
570
575
192
579
394
983
984
986
545
547
99
166
2
3
4
77
440
8
1174
829
344
864
351
352
991
506
226
19
3
21
266
250
341
53
2
129
4
690
131
9
435
263
264
533
470
469
119
399
22
10
11
907
147
145
144
141
139
76
74
88
16
72
356
785
461
4
5
83
82
13
81
80
85
9
226
190
237
3
235
608
41
130
356
353
588
589
229
565
740
180
876
26
860
724
753
101
490
78
162
1171
93
12
425
105
723
752
102
79
683
161
1170
251
252
94
826
11
861
560
51
50
49
104
34
722
751
979
980
103
80
1
95
10
11
160
260
732
81
94
17
22
140
14
126
125
123
120
119
118
115
104
17
193
7
192
2
37
38
239
15
196
195
194
504
237
3
4
5
6
8
716
717
1032
607
90
364
15
156
118
101
237
143
197
196
4
5
6
56
40
39
213
589
469
85
84
11
83
82
87
7
187
105
101
160
158
558
1082
193
162
155
143
133
34
111
108
345
343
318
335
2
206
205
203
45
635
634
68
700
469
13
442
122
118
352
89
694
159
135
130
384
57
119
180
33
120
181
34
1
91
203
202
201
1071
44
300
382
481
209
208
23
482
1410
17
118
356
114
112
129
417
1403
1404
1405
1406
377
435
434
486
1408
268
374
373
372
371
370
369
220
4
125
124
122
95
479
1085
336
4
397
431
200
837
1303
117
357
368
485
123
474
157
475
478
68
267
71
22
703
704
52
68
103
806
231
444
363
594
87
86
9
85
84
89
5
58
859
98
207
765
162
160
113
316
414
412
408
863
383
741
24
275
104
807
232
445
362
595
77
860
88
87
8
86
85
90
4
766
59
99
208
163
161
114
882
317
415
413
409
862
384
742
25
276
1
196
223
202
126
99
326
197
803
76
151
118
97
208
77
206
61
665
144
142
20
981
170
150
136
93
1346
1
567
11
12
975
976
197
539
100
983
115
449
1
2
3
1166
6
8
9
713
478
147
192
329
1163
177
176
175
51
50
49
48
47
814
167
230
234
295
232
214
213
99
59
88
160
156
208
168
60
115
10
11
12
19
697
729
44
348
53
232
1
2
3
4
477
28
159
451
450
1
2
3
4
5
6
7
1162
1161
917
1160
8
9
10
11
12
13
1159
1136
106
89
87
78
555
84
575
255
963
1137
107
90
88
79
556
83
576
256
964
184
185
186
187
188
189
190
115
47
1107
979
95
91
39
250
116
154
155
48
1106
978
96
92
624
40
734
154
152
151
148
146
561
108
206
565
123
969
970
531
533
69
64
78
100
977
45
184
179
149
454
84
256
492
217
123
1601
67
1519
89
56
147
4
191
732
124
1602
68
1520
90
57
148
3
192
733
125
1603
69
1521
91
58
149
2
193
734
126
1604
70
1522
92
59
150
1
194
735
116
1276
215
195
1
128
1606
72
1524
94
61
152
737
196
248
121
118
969
148
152
153
50
98
94
277
232
622
1104
42
976
2
3
200
58
91
90
75
74
72
197
195
193
191
5
89
88
93
1
229
101
227
7
189
226
5
74
212
111
298
917
678
211
112
93
165
156
154
153
150
148
134
63
61
60
103
378
120
428
708
477
415
56
281
205
204
203
709
127
478
130
125
123
121
120
112
45
104
71
414
57
678
282
999
135
1017
1170
65
131
71
810
212
211
83
870
173
930
204
496
189
581
567
142
137
336
225
397
1751
1501
1698
475
602
149
148
147
146
145
143
138
106
66
111
184
181
1477
1247
1246
1545
1404
1630
613
74
1526
109
72
34
67
706
65
64
107
1
78
216
115
682
215
116
97
169
54
152
374
674
219
218
216
58
220
219
217
59
208
380
379
378
377
376
15
16
18
176
113
111
110
323
210
114
1166
350
255
264
684
817
276
1345
383
901
465
93
116
705
2
21
99
97
96
95
94
60
816
108
416
68
751
845
844
840
709
218
604
602
117
102
391
796
795
794
236
64
693
839
698
599
561
682
109
553
781
401
635
69
304
758
166
1081
83
78
76
75
74
73
71
69
65
63
62
150
149
148
147
146
609
251
536
276
555
158
184
221
220
218
60
110
147
192
217
136
461
371
639
81
146
717
718
802
844
249
900
646
212
735
1
176
184
175
173
237
653
238
1
2
1
2
1
83
101
95
93
143
931
582
932
206
583
49
554
933
213
91
173
172
584
448
224
62
43
20
19
18
17
16
15
14
13
12
224
223
221
63
337
654
613
1
151
1
2
2
3
4
5
217
215
71
69
123
1
2
3
4
218
216
72
70
124
83
219
217
73
71
125
82
220
218
150
74
72
126
81
221
219
75
73
127
80
222
220
76
74
1406
1057
45
43
41
226
1
29
84
133
1
2
3
137
136
132
50
68
131
138
137
133
51
211
210
209
605
64
132
221
79
146
154
150
141
139
138
134
111
770
94
98
148
143
726
97
1426
95
741
210
208
21
137
136
353
124
123
171
61
133
561
109
502
504
506
182
508
1078
626
52
79
44
199
43
1631
194
1
1
226
233
232
125
178
154
79
179
78
180
7
181
48
64
68
69
70
124
177
153
78
178
77
179
6
180
47
63
67
68
69
1
40
42
44
7
47
13
717
48
231
928
927
478
480
481
482
1
3
10
16
17
19
21
930
708
711
712
4
43
46
47
51
56
113
67
192
3
9
10
12
14
270
298
405
184
188
3
51
508
100
322
234
236
700
4
6
699
701
15
29
377
135
129
130
118
334
654
659
159
160
167
180
143
51
53
54
55
13
568
1
2
3
3
60
467
108
861
19
63
1636
1645
22
1736
6
5
361
143
18
62
1635
1644
21
1735
7
6
360
142
3
4
5
394
21
128
3
683
6
942
2
110
337
596
672
2
684
5
943
1
109
338
597
548
145
74
77
1247
583
580
579
666
586
30
634
829
633
542
134
538
537
518
504
385
868
1153
759
762
147
148
144
102
105
106
51
52
167
2
403
119
140
905
127
1067
17
3
5
7
8
9
16
57
58
59
60
61
2
4
6
7
8
15
56
57
58
59
60
1
3
5
6
7
31
68
557
85
76
15
137
162
4
136
174
173
172
171
114
116
166
469
470
13
15
598
112
111
110
586
587
588
589
584
101
333
7
5
508
57
59
533
181
177
511
15
267
110
118
120
121
122
123
136
137
139
18
16
160
725
1
11
1
2
3
629
309
11
10
8
150
389
150
148
344
119
120
121
122
117
104
451
1
219
25
50
149
321
30
48
130
152
78
163
153
154
26
128
147
148
149
496
26
107
151
100
129
71
75
46
48
98
97
126
68
69
72
43
45
96
125
67
68
71
42
44
63
68
421
8
6
2
2
134
2
189
164
165
166
167
168
6
87
89
90
135
197
48
49
27
25
21
17
112
118
1
2
156
157
158
159
160
37
36
33
41
2
78
38
37
32
33
152
398
539
124
125
126
127
128
283
285
76
9
6
5
3
136
79
152
39
38
1
228
123
124
125
126
127
136
40
39
227
234
1
2
196
3
194
62
63
64
7
23
45
226
225
106
114
115
18
19
21
92
47
134
120
121
122
123
124
133
43
42
87
132
29
25
20
329
55
56
57
16
52
112
111
110
109
108
108
11
12
14
99
54
1
2
4
5
6
7
8
9
97
98
99
100
37
35
31
27
39
9
16
18
19
21
23
25
38
36
32
28
38
8
15
17
18
20
22
24
40
38
34
30
36
6
13
15
16
18
20
22
41
39
35
31
35
5
12
14
15
17
19
21
42
40
36
32
34
4
11
13
14
16
18
20
20
43
41
37
33
33
3
10
12
13
15
17
19
44
42
38
34
32
2
9
11
12
14
16
18
45
43
39
35
31
1
8
10
11
13
15
17
87
88
89
90
80
81
82
83
78
79
80
81
77
78
79
80
75
76
77
78
73
74
75
76
71
72
73
74
1625
482
228
3
483
691
235
105
1565
18
934
1130
422
9
59
188
168
167
542
543
71
3
4
5
6
45
37
61
57
537
423
970
631
106
100
101
103
52
2
13
14
52
175
535
172
544
221
3
6
7
9
73
59
170
446
9
725
98
92
93
95
60
57
5
6
97
91
92
94
61
4
5
95
73
74
89
90
92
75
76
71
63
26
2
3
393
446
196
4
77
1545
1598
1348
9
149
308
81
233
232
230
450
1023
52
41
53
92
310
740
1
284
182
521
389
205
164
208
220
69
1
3
4
7
9
699
49
701
47
702
46
705
43
707
41
56
57
58
59
54
1
2
3
4
5
819
759
239
47
21
12
13
48
64
65
66
85
32
307
79
304
758
238
48
22
11
12
47
63
64
65
84
31
306
92
78
303
757
237
49
23
10
11
46
83
30
305
91
77
302
756
237
236
50
24
9
10
45
61
62
63
82
29
304
90
76
301
755
235
51
25
8
9
44
81
28
303
89
75
300
112
23
22
21
3
1
120
1
41
660
658
86
30
63
64
65
66
67
68
69
70
85
87
89
96
16
46
67
156
157
159
317
28
30
31
888
37
182
69
1455
191
295
1495
40
93
4
265
451
1097
454
101
491
107
52
53
72
44
102
492
108
20
23
19
51
52
53
54
55
57
71
45
103
493
109
19
22
18
50
51
52
53
54
56
70
46
1
2
3
23
24
411
2
446
51
27
52
49
53
120
54
79
63
59
58
57
302
51
50
52
121
53
80
64
60
59
58
53
602
52
48
47
46
45
26
50
15
36
142
1
1
100
99
97
61
14
65
520
142
712
101
11
33
709
53
65
713
479
15
221
492
1053
219
35
1
2
3
4
48
2
4
6
8
9
84
58
93
1
3
5
7
8
16
83
57
1
2
373
1
3
5
6
81
55
1
537
1
234
51
1
2
238
4
295
148
943
240
2
4
240
242
7
8
31
4
289
57
90
92
82
47
6
227
100
57
185
150
45
54
52
222
82
213
359
96
2
172
34
84
85
92
99
94
181
234
233
1
65
1273
1262
2
90
2
229
468
469
205
39
506
507
226
4
473
7
20
21
22
23
18
16
116
9
17
19
342
20
21
22
35
36
38
119
117
59
21
18
317
37
513
515
516
664
38
22
480
1
3
142
18
755
12
22
41
42
68
6
8
53
52
363
735
412
377
45
44
89
490
23
376
45
88
489
24
56
955
278
2
3
6
36
37
38
40
5
7
73
71
4
6
1
3
29
30
31
33
27
28
29
31
42
1003
273
38
63
1
844
480
39
724
65
66
67
68
64
204
66
67
511
306
47
4
6
90
93
94
96
16
18
16
15
54
71
3
13
49
55
3
5
6
116
114
1
1
2
120
118
698
475
796
108
61
69
63
14
30
63
64
51
60
40
39
38
5
576
703
42
37
10
83
80
33
94
674
38
207
205
718
25
477
15
31
33
34
9
20
479
1
7
472
27
17
1
2
3
4
5
29
31
32
11
18
698
697
696
124
470
28
30
31
12
17
216
215
214
518
125
43
469
27
29
30
13
16
126
452
468
26
211
28
29
14
15
467
14
222
27
28
463
461
459
229
231
241
19
163
137
136
134
133
131
173
727
15
726
14
725
13
13
27
12
28
10
30
41
42
669
167
127
618
586
125
709
48
165
332
124
164
156
2
4
7
145
35
10
14
16
18
20
242
21
23
137
41
45
47
51
55
57
61
172
173
174
34
56
208
209
287
33
8
12
14
16
18
240
19
21
39
55
59
170
172
32
54
30
9
11
13
16
18
36
52
56
167
169
1
16
1
223
2
4
22
42
37
96
6
5
125
123
323
69
80
211
2
573
131
209
209
94
117
201
4
6
612
546
594
83
181
425
403
401
182
184
186
1
9
2
4
5
7
179
181
183
177
179
181
176
178
180
174
176
178
172
174
176
62
63
64
4
6
10
14
126
102
127
26
128
129
12
16
17
18
23
678
24
28
29
30
31
124
100
125
24
126
127
10
14
15
16
21
676
22
26
27
28
29
26
120
96
121
20
122
123
6
10
11
12
17
672
18
114
22
23
24
25
69
70
342
57
116
92
117
16
118
119
2
6
7
8
13
668
14
456
18
19
20
21
128
137
299
97
85
147
148
84
17
89
91
92
6
2
3
71
28
725
72
73
626
128
126
129
103
127
232
26
31
33
35
37
70
71
25
70
76
78
344
126
770
57
135
55
133
53
131
51
129
1
3
5
95
96
64
93
94
66
90
92
68
31
281
105
2
7
2
3
4
5
6
588
141
142
1
4
5
1
2
65
3
66
2
3
67
1
2
994
657
47
813
995
658
48
814
5
4
37
31
108
107
67
66
95
51
53
2
191
112
137
3
20
22
135
136
2
19
21
134
135
1
18
20
133
1
3
5
7
8
9
12
14
15
16
133
16
18
119
131
131
14
16
117
129
63
67
129
12
14
83
31
115
127
61
65
127
10
12
85
33
113
125
126
128
130
131
132
9
11
124
125
127
129
130
131
8
10
123
122
124
126
127
128
5
7
120
1
120
3
5
118
119
2
4
117
118
673
1
3
1386
116
1
115
1
114
9
12
2
44
3
76
28
7
32
33
2
27
21
71
23
77
69
26
74
66
62
225
5
51
50
49
24
22
3
2
962
1243
10
460
19
200
106
99
302
46
36
87
89
198
108
101
304
44
38
85
87
197
109
102
305
43
39
84
86
1
73
71
69
68
66
49
99
101
102
103
1
2
3
4
1554
55
52
1
3
51
1687
51
57
15
72
63
50
49
1421
708
103
157
60
254
713
71
266
584
29
195
31
194
32
1182
6
11
13
14
15
16
18
20
24
26
27
28
29
30
49
50
51
52
53
47
45
48
22
46
3
445
505
19
895
337
822
386
11
672
4
225
1092
145
228
19
965
142
141
139
19
143
142
140
18
145
38
40
41
20
128
258
16
149
1321
247
961
55
36
37
22
27
28
29
30
31
689
35
37
38
248
494
101
150
399
400
1141
212
1140
211
1139
210
522
70
69
12
47
157
1
2
1114
15
1115
14
1269
133
129
5
6
7
8
9
3
1
4
2
140
40
904
43
230
171
591
548
70
9
681
153
151
72
155
153
73
156
154
74
157
155
167
165
1169
4
2
5
114
4
113
3
1
107
80
4
2
944
3
946
1
159
171
163
192
101
90
43
2
37
35
407
108
29
15
75
148
106
27
13
73
146
161
857
1
156
104
1
606
30
31
1
43
58
3
1
78
1
142
2
1
76
36
104
1
3
47
104
27
69
1
16
19
22
3
2
41
478
18
67
4
7
93
5
18
96
45
2
15
1
3
19
927
3
32
13
233
50
51
52
1
1
113
26
16
2
3
1
200
1
2
1
3
2
1
119
118
117
116
167
8
1
1
156
1
128
127
126
125
177
176
11
243
337
12
169
300
299
64
2
3
700
162
69
120
701
53
291
161
162
163
164
165
68
121
188
166
1
229
345
31
250
9
1174
2
1
1
3
120
49
2
1
2
36
35
1
2
230
28
56
563
4
44
3
5
1
1
3
1
9
3
9
6
715
479
497
1
634
772
711
235
398
536
1
463
2
10
11
1
119
1
2
95
3
147
96
2
148
2
1
37
128
396
6
649
2
1
42
1633
34
3
1
2
3
4
5
94
95
96
97
98
1
44
1
2
77
76
75
1
1
2
1
2
1
1
49
68
303
37
1
229
195
194
1
58
1
2
47
53
187
130
146
60
654
186
689
1
2
1
1
458
36
37
38
1
2
217
2
3
1
1
3
4
5
7
8
64
62
61
60
58
57
2
4
592
590
1422
1
3
4
5
100
13
99
12
98
11
1
270
2
2
3
5
83
64
3
1
23
2
228
2
1
1
9
3
1
1
2
238
1
2
40
469
456
39
455
9
13
35
1
1
121
120
2
1
1
942
2
1166
17
1185
1456
210
1
2
3
4
98
5
82
97
4
81
96
3
80
95
2
79
1
3
2
960
1
2
59
58
2
1
2
1
712
518
17
1
1
203
1
1
235
237
1
1
1179
1642
1
1
717
1
1
2
1
