709
12
350
349
348
347
346
73
355
18
294
532
614
670
669
790
43
30
330
359
46
12
514
53
33
827
78
634
528
632
62
44
110
732
783
1017
1018
22
513
515
517
519
520
42
377
379
79
80
81
82
110
48
592
181
73
72
169
170
171
60
33
10
576
467
111
116
474
475
476
12
13
118
1
2
37
34
35
502
504
505
507
53
20
26
58
80
11
1
95
105
105
1
513
77
210
172
129
128
104
80
116
844
45
408
663
383
80
30
150
151
40
42
43
44
203
201
632
572
185
836
839
1506
841
842
849
855
130
79
166
167
112
113
114
115
845
1
4
5
6
9
11
14
462
17
57
382
248
112
19
135
720
67
386
21
22
23
24
25
350
31
75
78
79
54
68
81
82
83
85
88
90
458
16
181
51
49
854
3
4
6
9
867
12
14
870
17
18
19
20
42
47
282
368
427
446
447
96
166
168
169
170
255
39
86
299
97
48
64
26
721
722
396
237
732
8
735
52
139
72
140
141
145
61
62
40
153
72
230
187
98
109
113
100
55
101
111
780
948
784
378
80
84
87
89
91
20
21
134
74
77
78
67
720
721
445
446
80
81
442
443
110
82
84
87
89
100
46
428
50
15
180
50
2
3
5
8
11
16
17
18
19
41
45
95
165
167
168
169
254
38
85
298
27
236
7
138
73
139
140
146
60
39
61
152
447
97
108
112
99
54
43
83
277
202
384
236
133
67
549
80
742
344
14
33
97
117
119
15
72
283
24
133
30
302
57
58
59
60
61
143
178
111
53
274
381
233
130
64
552
77
739
347
11
30
114
116
12
69
280
27
136
27
305
54
55
56
57
58
146
181
108
50
272
379
231
128
62
554
75
737
349
9
28
51
92
112
114
10
67
278
29
138
25
307
52
53
54
55
56
148
183
106
48
269
376
228
125
59
557
72
734
352
6
25
109
111
7
64
32
141
244
22
76
310
50
51
52
53
151
186
103
45
50
561
875
1154
797
108
380
1271
390
389
927
552
885
275
412
66
664
227
324
390
682
48
573
550
549
547
876
445
507
273
272
658
442
13
16
19
363
629
408
409
670
669
107
106
1018
1374
91
659
893
150
441
1365
80
81
82
372
10
15
18
20
22
24
317
26
636
56
1067
614
345
403
357
579
186
2
183
855
373
835
8
9
10
11
12
337
18
77
54
122
62
65
66
237
55
68
69
70
72
75
77
190
396
64
121
401
734
113
62
172
173
362
3
232
358
356
369
170
282
342
54
476
184
10
9
7
4
1
854
856
1
857
4
5
6
7
123
516
61
179
29
33
34
695
820
817
194
696
269
440
358
433
434
764
871
765
83
22
595
153
155
156
157
141
242
26
553
249
73
84
286
35
39
708
709
383
224
5
125
39
393
126
85
127
730
128
207
158
133
48
49
27
140
28
509
513
59
217
174
85
96
549
100
87
42
88
98
551
346
691
365
71
74
76
78
79
80
81
82
37
898
952
198
60
61
62
63
889
323
1064
294
192
2
947
67
983
501
224
372
391
14
51
83
189
4
358
25
646
828
829
116
64
831
37
168
15
66
338
536
225
19
20
950
296
61
972
74
638
988
76
13
554
886
109
90
22
706
82
93
106
107
108
84
11
9
295
89
306
362
521
43
621
30
7
28
63
649
77
88
316
544
49
50
168
52
53
55
56
57
58
59
60
6
1020
172
1
171
453
57
11
4
87
88
331
459
90
58
344
531
1
51
17
488
358
114
14
15
19
20
22
62
70
682
681
87
802
88
31
33
820
30
312
32
483
102
52
99
819
4
6
7
8
9
4
191
5
275
56
58
175
99
379
890
133
376
381
382
384
179
432
84
85
86
209
1229
320
1230
319
1299
321
8
9
393
247
11
259
146
440
88
37
38
153
105
266
45
46
50
55
340
341
4
342
60
280
347
874
348
282
349
62
420
232
63
64
293
447
1323
66
1325
67
68
180
879
880
881
883
886
13
15
16
17
19
169
21
22
23
168
24
25
26
435
42
43
44
318
319
92
93
96
108
476
6
111
68
70
7
28
123
663
665
666
63
64
21
43
55
48
1
1
8
72
66
50
719
54
94
16
532
13
14
15
73
39
66
68
5
26
125
661
663
664
61
62
19
41
53
46
3
1
6
70
64
48
717
52
92
14
534
11
12
13
71
37
535
65
67
4
25
126
660
662
663
60
61
18
40
52
45
824
4
2
5
69
63
47
716
245
51
91
13
10
11
12
70
36
121
122
123
125
6
190
4
308
310
274
55
57
174
371
98
132
247
375
178
431
83
85
208
93
265
1228
321
1229
320
995
1345
320
7
8
392
246
214
213
207
10
258
145
439
19
87
36
37
262
263
259
152
104
265
44
45
49
54
339
340
5
341
118
344
466
59
736
279
873
60
281
419
62
63
292
446
1322
65
1324
180
179
287
9
331
12
14
15
16
105
18
170
20
21
22
169
23
24
25
26
27
309
29
31
33
34
35
93
38
39
40
41
42
43
317
318
107
2
7
110
120
121
122
124
189
3
307
273
54
56
173
370
97
888
196
127
128
131
374
422
177
142
430
82
84
207
266
1227
322
1228
321
163
201
199
198
197
1297
319
6
7
391
152
154
156
158
159
245
215
214
206
9
257
144
438
18
86
204
35
36
260
151
103
264
43
44
48
53
338
339
6
340
343
465
58
365
735
364
278
363
872
59
280
418
61
62
291
445
1321
64
1323
181
178
143
8
330
11
13
14
15
104
17
19
20
21
22
23
24
25
26
908
909
28
30
32
33
34
37
92
38
39
40
41
42
316
317
215
106
3
8
109
113
114
115
119
120
121
123
188
2
306
272
53
55
172
369
96
130
373
1305
311
310
308
176
429
81
83
206
84
269
267
1226
323
1227
322
1050
1051
396
469
468
467
1296
445
318
5
443
6
390
244
205
8
256
143
437
17
85
34
35
261
150
102
263
42
43
47
332
461
52
246
438
436
337
338
7
339
431
430
342
464
57
366
734
365
277
364
871
279
417
60
61
45
290
444
441
1320
1193
63
1322
182
875
298
301
177
302
303
304
884
133
7
329
10
12
13
14
103
16
18
19
20
21
22
23
24
25
27
29
31
32
33
36
91
37
38
39
40
41
315
316
105
253
4
9
108
54
182
422
418
415
127
408
187
1
364
301
297
305
319
271
52
54
171
368
344
95
292
129
453
449
244
372
373
429
380
312
878
175
290
428
958
80
82
205
385
161
1225
324
1226
323
471
470
469
468
462
446
4
445
444
5
389
157
243
376
7
142
436
84
16
33
34
275
271
269
96
97
262
149
101
262
41
42
377
46
390
253
331
392
51
247
439
437
337
8
338
432
431
316
341
463
56
367
733
366
276
365
870
57
278
416
59
60
289
443
6
1319
62
1321
183
176
1044
436
435
310
421
195
132
248
250
6
328
251
252
9
11
12
13
102
15
17
18
19
20
21
22
23
287
24
26
908
28
30
31
32
35
90
36
37
38
39
40
354
482
104
479
5
10
107
45
298
79
1120
103
536
64
66
59
60
363
51
44
5
3
4
761
68
62
46
715
50
90
3
14
17
626
24
39
12
7
9
10
11
69
35
587
537
63
65
658
660
661
58
59
364
50
43
6
4
3
67
599
61
45
714
1
511
605
467
49
89
2
13
16
42
93
625
23
25
97
38
11
56
6
8
9
10
68
34
608
586
3
6
8
10
811
1413
647
644
88
13
14
207
859
90
460
92
5
7
91
291
394
1278
50
318
32
613
289
288
812
15
1156
49
14
482
481
11
13
141
9
333
33
35
36
37
38
39
40
41
42
43
44
45
46
48
52
89
1083
84
88
240
241
242
91
10
862
87
89
2
4
88
391
1281
47
315
29
616
815
12
1159
46
50
431
17
485
484
8
16
6
30
32
33
34
35
36
37
38
39
40
41
42
43
45
49
86
1086
81
85
42
412
410
10
9
347
306
871
108
1355
345
325
15
465
343
57
43
221
6
87
317
41
82
79
85
72
74
40
414
412
12
11
345
304
873
110
1357
347
323
13
44
55
45
4
315
39
80
77
83
70
72
848
60
62
54
310
176
153
154
1096
1097
408
409
142
36
246
115
243
64
244
248
249
251
260
538
537
536
534
533
474
67
2
2
1144
1145
14
19
497
45
286
161
11
758
476
294
10
889
890
765
335
130
131
93
142
205
208
14
35
209
210
211
731
735
73
78
72
81
315
751
733
973
975
165
197
198
199
63
302
301
83
219
980
982
66
70
661
994
592
1450
66
658
1328
528
644
603
841
638
395
666
181
487
88
6
190
154
275
846
853
183
3
26
784
274
1491
29
737
36
531
536
797
765
539
581
925
826
9
468
373
845
221
135
1094
1095
1096
486
1097
859
53
11
113
62
862
56
40
4
238
239
243
1128
960
103
176
512
711
8
9
14
13
429
536
534
426
59
61
62
493
506
420
502
106
554
71
70
355
73
49
50
51
52
890
49
118
117
45
116
115
58
963
3
186
948
435
98
204
6
517
285
286
1
904
905
125
3
4
8
283
9
11
71
966
969
63
2
22
704
861
285
336
984
146
105
616
735
734
160
70
627
950
307
834
947
94
141
84
76
73
882
15
18
192
194
85
1
903
904
126
2
3
359
319
317
484
684
316
485
487
92
200
946
2
9
625
67
2
669
1755
1109
1097
906
499
498
497
496
22
1086
1102
433
670
16
300
50
609
86
424
411
1
737
736
907
21
1087
1103
434
671
15
49
610
85
1110
425
1098
412
1756
50
126
125
124
122
474
546
590
122
654
425
541
61
60
63
557
35
124
481
172
239
79
589
690
688
51
536
145
154
117
609
69
550
568
567
182
691
67
444
540
581
132
16
18
196
20
148
683
90
93
80
94
95
96
32
634
430
636
206
153
80
668
82
4
83
695
84
532
62
384
93
91
89
208
598
109
135
78
254
253
252
250
47
602
8
674
718
6
782
553
669
67
188
65
93
4
609
44
367
207
717
818
816
179
664
17
26
245
48
570
279
481
43
197
678
696
695
54
819
575
573
61
572
571
668
257
709
4
112
110
68
108
20
811
38
35
208
34
33
32
91
96
762
69
558
508
21
78
25
48
796
46
124
45
823
44
359
660
512
221
219
217
80
726
19
263
79
255
254
253
251
675
719
783
670
68
189
66
94
5
610
43
368
208
2
665
235
4
5
7
25
47
480
42
198
55
697
696
619
969
53
62
669
819
710
3
113
67
19
812
39
36
35
34
33
20
77
24
797
47
46
824
45
513
222
220
218
79
727
20
718
264
244
246
1
3
4
6
600
31
34
375
36
37
30
28
45
47
48
49
50
51
129
13
57
58
11
10
9
8
74
77
80
33
373
43
45
46
47
48
49
127
11
72
75
78
137
46
719
9
104
210
189
480
602
245
7
351
667
471
476
399
400
401
402
40
478
45
53
472
702
118
51
117
466
665
55
8
822
575
483
865
130
821
69
819
112
14
16
225
223
221
219
218
107
1
4
685
61
359
370
807
808
810
45
85
86
87
690
88
63
449
32
766
30
41
316
30
68
341
75
498
557
499
500
22
508
600
51
83
14
49
84
56
337
163
523
28
29
162
31
32
34
35
36
623
37
38
39
27
264
263
262
140
999
441
43
44
11
478
604
247
349
368
9
28
721
39
106
212
2
669
805
12
806
139
47
41
808
14
191
43
361
559
692
762
856
38
480
87
237
51
172
474
704
120
49
119
468
667
53
10
824
577
485
863
132
823
166
67
134
821
114
109
1
683
59
276
83
84
85
86
61
451
34
768
32
318
66
339
73
498
20
598
53
85
16
51
86
164
54
339
521
26
27
29
30
32
33
859
34
35
625
36
37
29
142
260
259
258
256
43
12
477
605
248
348
367
10
27
722
38
107
213
1
508
670
804
11
20
21
805
140
48
40
807
13
192
42
224
222
221
362
560
396
693
397
398
399
37
481
88
238
50
475
705
121
48
120
469
668
52
11
825
578
486
862
133
824
66
822
115
110
2
682
58
639
69
70
391
82
83
482
84
85
60
452
35
769
33
319
65
19
72
497
19
597
54
86
17
15
13
52
87
53
340
520
65
25
26
28
29
31
32
860
33
34
626
35
36
30
143
356
41
14
475
607
250
3
394
346
365
12
25
724
36
109
215
1
506
672
802
395
803
142
50
38
805
11
194
40
364
562
765
859
396
397
35
483
48
477
707
612
123
962
46
122
471
670
50
13
827
580
488
860
135
560
826
64
824
117
112
4
680
56
119
279
393
80
81
480
82
83
58
454
37
771
35
321
59
63
336
70
83
80
79
78
77
495
17
595
56
88
19
248
54
89
1
2
51
528
342
774
518
23
24
26
27
29
30
31
32
628
33
34
32
145
436
37
352
243
1061
117
116
115
112
110
5
6
7
224
223
222
8
10
11
221
220
360
361
249
12
344
100
98
97
96
1398
343
341
366
492
494
253
255
257
259
260
218
95
265
12
33
92
83
19
20
568
513
37
476
589
228
43
578
577
204
152
552
550
184
373
321
546
131
25
437
9
165
187
188
85
622
239
44
45
24
587
319
252
98
1197
167
584
53
432
63
538
98
46
280
124
129
541
71
236
67
3
531
399
311
310
274
145
14
954
694
12
809
819
916
591
1404
1402
118
567
689
10
36
10
1075
80
275
44
41
55
407
391
45
35
11
1074
79
274
43
40
54
406
390
44
34
12
1073
78
273
42
39
53
405
389
43
45
46
31
15
1070
75
270
39
36
50
402
386
40
29
17
1068
73
268
37
34
48
400
384
38
40
41
42
10
3
42
192
302
7
206
194
53
80
28
54
27
18
91
41
19
23
24
33
11
230
229
228
2
43
4
5
193
26
301
6
205
195
55
52
18
16
15
298
79
74
73
296
29
55
28
17
20
21
39
86
131
79
300
5
460
426
129
27
78
83
9
21
620
28
27
3
4
37
531
151
148
15
119
117
26
26
43
44
8
46
6
75
139
219
7
52
44
81
29
76
307
84
10
20
587
619
29
28
2
3
36
530
150
147
16
120
118
715
724
725
11
27
25
42
43
7
45
76
140
218
8
51
80
28
75
306
85
11
19
38
39
37
9
1
2
35
529
149
146
24
17
121
119
745
10
60
154
28
24
41
42
6
44
77
141
217
9
50
618
30
29
79
27
74
305
135
461
132
47
249
192
2
3
221
195
42
352
353
317
234
225
299
241
4
108
106
105
351
349
358
364
226
13
180
359
61
65
68
69
257
388
77
278
277
31
30
203
75
317
26
289
296
45
15
32
199
239
197
373
15
232
297
182
171
56
357
49
50
51
81
53
59
62
63
427
64
66
68
223
275
19
230
22
13
12
11
9
255
259
20
323
420
386
75
47
194
54
33
40
8
32
31
72
16
17
23
140
252
205
73
318
25
288
295
44
252
14
31
200
349
350
238
198
1
374
16
231
355
296
183
172
55
356
48
49
50
80
52
58
61
62
426
63
65
67
224
276
18
229
21
14
13
12
10
254
258
21
324
419
385
74
48
195
53
34
39
7
33
32
71
15
16
24
141
253
206
72
87
22
690
27
154
752
692
20
1194
87
489
69
158
454
123
121
615
122
120
32
569
561
713
85
562
510
428
340
61
155
23
40
41
5
43
750
77
769
592
700
39
48
55
425
370
68
714
588
45
764
77
1294
668
774
141
648
100
93
127
184
362
637
30
88
21
26
155
691
1193
86
488
68
159
124
123
121
31
568
560
712
86
561
509
427
339
62
156
22
39
40
4
42
749
78
768
591
699
38
47
54
424
369
67
713
587
44
763
76
1293
667
773
140
647
101
94
128
183
361
636
31
603
48
23
24
586
709
276
53
111
327
139
138
137
135
422
463
629
1038
703
701
549
132
547
15
723
365
480
532
74
77
80
81
82
83
573
201
331
4
61
489
488
15
37
69
18
17
70
71
36
544
408
337
334
272
271
78
392
844
29
30
31
76
277
27
604
47
484
369
368
587
710
40
346
277
54
112
425
326
140
139
138
136
423
464
704
702
550
131
140
141
133
162
548
317
16
724
366
47
257
481
177
533
73
76
79
80
81
82
574
202
332
60
490
489
39
42
43
44
36
68
19
18
17
69
12
70
35
413
545
544
409
613
339
612
338
335
273
272
77
393
843
28
29
30
278
28
505
284
237
218
30
592
590
156
117
25
35
34
33
67
4
6
8
436
10
11
612
254
65
58
4
184
182
181
432
255
396
20
19
238
361
389
199
675
743
977
355
353
201
32
202
203
204
304
241
243
245
247
248
745
746
333
375
17
132
767
295
184
422
425
428
429
430
431
225
17
409
141
140
699
700
24
701
385
417
418
337
419
384
73
196
35
34
60
10
11
14
76
77
72
426
44
80
1465
377
378
379
71
321
145
150
752
107
109
31
6
5
875
45
48
103
271
248
209
34
1742
98
104
105
1
3
15
22
710
836
38
39
42
845
846
49
685
777
838
867
558
559
560
660
597
599
601
603
604
21
132
62
163
96
166
339
658
715
110
651
882
172
907
78
8
781
9
784
785
786
16
28
787
131
674
57
66
1163
36
27
771
23
739
30
772
741
773
774
4
775
740
1
74
75
76
160
483
53
295
298
760
92
93
367
682
27
27
569
508
24
275
629
88
87
141
36
34
22
65
35
146
243
241
396
441
623
219
21
472
116
78
514
95
446
20
77
166
61
45
537
540
541
542
543
132
187
239
20
37
89
497
529
530
531
63
44
46
48
50
51
52
53
54
55
56
516
57
62
69
74
30
25
29
567
506
22
277
627
90
89
143
265
38
36
24
63
37
148
245
243
394
590
439
512
217
19
470
118
80
120
93
22
79
164
59
423
43
130
189
241
18
39
87
527
61
48
49
50
51
52
53
54
514
55
60
67
72
32
222
218
215
24
30
566
505
21
138
278
626
91
90
266
511
144
39
37
25
62
38
149
246
244
393
419
589
438
354
356
357
216
18
469
119
81
92
121
137
23
34
80
459
460
163
58
47
42
534
537
538
539
540
129
190
242
17
40
86
494
526
527
528
60
47
48
49
50
51
52
53
513
54
59
66
71
33
26
309
23
565
504
20
139
279
625
92
267
510
91
145
40
38
26
61
39
247
245
272
271
270
392
588
437
215
17
468
120
82
122
24
81
162
191
243
16
41
85
4
525
222
59
46
47
48
50
51
512
53
58
70
34
462
1361
996
1641
1592
1243
1165
469
6
37
38
39
40
41
43
812
809
48
890
425
758
757
623
989
1640
1739
44
41
40
1032
116
44
22
114
1703
1700
1057
965
904
1547
875
641
631
1156
1027
18
14
296
1261
290
61
62
4
430
426
424
423
1119
21
27
969
34
512
12
11
760
1649
76
69
942
262
586
357
23
25
1114
70
740
742
745
100
382
34
36
40
149
751
133
219
103
104
106
220
108
829
8
7
6
4
3
1220
17
19
1221
134
1222
1223
620
140
736
379
872
44
155
45
156
1051
21
338
814
102
207
209
17
308
78
649
368
15
24
28
639
709
14
154
691
13
683
39
41
42
844
845
684
152
776
1049
837
866
131
657
61
33
675
93
145
162
163
165
125
183
585
248
714
109
111
650
881
161
166
171
409
70
777
886
710
402
404
77
406
7
780
8
421
9
783
610
784
128
98
129
785
29
786
130
1173
1175
18
79
372
80
373
81
1349
583
55
375
673
56
62
4
66
1162
896
206
612
25
27
770
377
22
738
976
222
772
113
737
114
18
773
5
774
51
739
2
275
276
428
511
73
74
75
53
399
159
306
59
407
320
321
298
1753
1754
91
759
92
57
330
799
36
198
35
97
76
309
310
781
681
213
101
414
424
1659
738
562
563
564
566
740
808
743
98
380
32
34
38
147
749
217
101
102
104
218
106
33
32
10
9
8
6
5
15
17
132
138
377
640
649
283
927
870
42
153
43
154
871
23
336
19
17
16
15
150
655
181
583
812
100
726
727
205
207
860
449
609
306
76
647
366
691
1330
26
1793
767
30
637
707
152
1326
689
663
681
833
36
37
39
40
842
843
682
774
1327
864
129
59
35
673
91
143
160
161
163
246
1746
712
107
820
648
159
164
167
169
703
175
704
407
705
545
706
421
67
68
775
884
708
400
431
402
75
836
404
5
778
6
419
781
608
782
126
96
127
783
13
31
784
128
1304
16
370
371
720
1347
52
581
53
373
722
671
54
60
733
2
64
894
1317
1318
204
610
1319
1320
1321
1323
1756
1548
23
24
25
768
375
20
736
576
21
220
770
111
735
112
20
771
7
772
49
737
271
4
1730
273
274
426
71
72
51
397
157
304
1352
80
158
57
405
318
3
319
296
1751
1752
89
757
90
55
328
797
38
189
196
37
74
307
308
779
1257
679
211
99
14
12
18
48
412
1466
422
553
31
448
609
42
592
715
35
553
21
428
729
371
443
52
955
968
882
964
321
555
126
457
456
455
486
59
469
538
286
68
71
74
7
75
76
77
561
579
200
630
337
629
628
703
22
63
64
65
30
636
635
550
414
618
617
343
340
278
277
282
72
398
24
25
283
33
95
152
565
619
25
691
735
23
206
570
795
686
205
204
568
334
616
732
731
729
7
819
19
39
37
680
432
679
856
497
144
385
952
56
959
21
481
626
27
186
497
681
798
797
794
793
45
9
10
151
29
203
373
774
120
146
726
13
185
46
247
47
417
240
347
1
343
1
406
125
71
431
3
636
55
827
52
397
51
707
706
864
49
705
344
182
46
45
332
780
460
331
161
330
54
326
534
692
213
8
813
65
806
63
98
62
139
840
96
560
407
299
281
352
351
541
911
76
63
469
743
36
17
738
54
154
696
646
97
575
95
92
27
25
220
261
216
37
682
681
36
24
80
252
198
683
649
29
263
264
453
911
608
136
358
510
242
1
452
340
8
775
65
531
643
540
541
542
543
544
548
104
676
710
712
719
305
292
144
326
23
380
34
35
329
36
21
20
55
258
11
218
43
442
471
54
8
14
12
141
50
42
52
36
142
328
25
382
32
33
331
34
19
22
53
260
13
216
41
444
473
52
10
112
12
10
139
48
44
50
38
140
330
27
384
30
31
333
32
17
24
51
444
262
15
214
11
39
446
435
475
50
12
68
110
10
8
12
137
46
46
48
40
138
332
29
386
28
29
335
30
15
26
49
446
264
17
212
9
37
448
437
477
48
14
66
108
8
6
10
135
44
48
46
42
137
333
30
387
454
27
28
336
29
14
27
48
447
265
18
211
8
36
449
438
478
47
15
65
107
7
5
9
134
605
135
43
49
45
43
102
615
558
145
91
20
25
24
626
142
590
2
94
451
19
95
273
747
31
632
27
58
514
29
16
525
756
405
39
41
43
45
59
754
585
287
655
116
485
112
660
154
661
107
597
70
599
69
60
61
121
60
62
59
771
26
483
497
81
31
103
645
96
95
16
97
11
647
648
649
127
614
72
34
195
1008
198
34
175
32
202
205
161
160
432
434
192
88
30
23
289
436
22
562
503
19
121
564
140
280
618
624
93
391
268
509
90
1044
25
32
214
83
82
161
60
192
41
15
16
42
4
5
27
84
58
45
49
50
511
52
39
57
283
69
40
35
16
438
540
27
24
281
3
28
33
34
35
36
37
39
161
163
13
1009
1599
935
1777
978
72
152
28
39
1
31
186
21
55
645
25
21
337
4
69
70
75
76
77
20
122
18
17
16
37
71
72
66
58
59
26
60
41
63
63
40
618
560
130
131
335
167
31
264
95
566
2
505
506
507
508
21
654
214
24
48
265
22
547
545
236
544
540
7
61
121
218
299
706
700
585
766
42
606
607
608
610
613
55
23
22
21
19
18
17
191
1017
642
641
556
409
290
44
163
748
34
590
484
6
251
25
34
37
39
41
43
44
581
3
595
597
546
61
381
32
196
34
3
21
152
151
149
572
34
332
28
379
221
149
19
510
27
656
266
267
555
554
552
170
63
66
67
68
69
593
246
172
529
209
23
55
56
57
289
416
167
750
45
621
153
46
45
43
650
466
462
140
533
38
226
721
115
487
609
610
611
612
9
255
489
490
616
83
31
40
550
325
511
449
448
447
446
445
64
165
169
172
173
174
175
481
699
593
140
278
103
442
443
444
445
129
161
162
163
495
183
57
522
316
43
518
647
61
644
300
61
515
47
21
118
369
2
228
229
230
231
598
599
600
722
723
724
725
826
368
602
603
236
8
1209
512
340
372
10
11
12
13
14
16
17
31
662
419
2
51
52
53
1290
33
626
368
137
30
25
241
122
244
45
224
312
1226
1227
33
34
37
39
365
243
1223
1224
1225
406
407
394
306
11
12
13
14
15
16
17
18
19
20
21
195
40
22
5
61
17
18
19
21
42
24
3
142
341
118
26
325
3
4
258
259
696
41
141
105
11
407
246
323
45
53
52
51
49
575
1047
1060
974
1056
48
712
60
59
58
42
8
603
604
605
606
119
336
40
584
377
88
89
22
130
670
56
114
2
38
111
702
703
9
30
131
54
751
641
7
10
191
62
99
86
172
90
885
1142
19
21
22
878
468
125
86
12
44
14
48
150
104
140
190
124
85
11
43
13
47
151
105
139
191
105
17
23
962
596
447
35
268
18
52
55
51
56
57
58
28
485
12
44
45
713
46
455
620
875
106
16
22
96
961
595
448
34
735
777
269
199
250
19
60
109
51
54
52
55
56
57
29
484
11
43
44
712
45
456
619
874
154
245
117
357
43
42
41
40
322
49
6
98
117
170
141
116
26
132
96
474
481
134
115
2
126
190
230
4
5
43
427
12
74
116
56
119
189
54
114
47
1
3
4
63
61
15
16
17
96
102
24
25
44
43
42
41
41
44
718
231
6
286
522
74
48
27
996
114
33
68
459
683
109
7
8
9
10
12
18
23
36
142
611
1089
318
19
18
17
15
14
13
12
1127
11
312
92
116
46
476
41
40
39
38
37
36
35
620
31
30
29
28
47
4
39
35
37
38
250
151
26
408
1001
26
30
67
170
1119
477
354
7
301
463
770
567
15
20
20
22
23
445
67
510
46
45
44
43
42
41
637
39
68
150
447
481
914
461
62
27
409
1002
25
29
68
171
1120
355
6
302
464
771
566
14
21
19
21
22
446
66
511
47
46
45
44
43
42
638
40
69
151
448
482
915
462
63
28
410
1003
24
28
69
172
1121
356
5
303
465
772
565
13
261
22
340
18
20
21
447
65
512
48
47
46
45
44
43
639
41
70
152
449
483
916
463
64
29
411
1004
23
27
70
173
1122
4
304
466
773
564
12
23
341
17
19
20
448
64
513
269
50
49
48
47
46
45
44
640
42
71
153
450
484
917
464
75
65
221
1175
36
159
267
349
460
275
58
57
273
15
845
26
203
411
182
595
364
366
367
56
235
917
113
343
290
884
680
384
52
450
657
117
118
227
406
735
899
721
703
130
8
243
245
53
63
246
247
6
401
183
292
185
7
53
528
943
716
249
24
410
327
329
333
211
44
640
413
579
165
28
271
799
420
421
28
423
858
857
256
21
895
393
391
23
61
372
678
429
244
890
259
22
96
128
284
129
93
644
92
127
400
354
114
330
218
380
930
775
107
67
902
388
6
389
390
391
425
167
518
765
282
718
280
4
288
524
72
50
29
998
116
35
70
461
1039
681
228
5
7
8
10
16
25
140
613
1091
316
21
20
19
17
16
15
14
13
1129
314
90
114
48
478
43
42
41
40
39
38
37
618
33
32
31
30
45
2
37
33
35
36
248
149
289
525
71
51
30
999
117
36
71
462
1040
680
229
3
4
5
6
7
9
15
364
26
33
139
614
1092
315
22
21
20
18
17
16
15
14
1130
315
89
113
49
479
44
43
42
41
40
39
38
617
34
33
32
31
44
1
36
32
34
35
247
148
6
15
38
23
206
126
114
591
97
103
52
21
146
148
298
231
2
3
116
117
1
64
1
66
225
1031
75
439
4
5
6
7
8
681
680
546
1025
121
42
41
39
37
12
29
30
877
15
336
33
36
37
38
40
43
1228
64
62
61
60
712
59
57
55
54
49
48
47
45
53
366
448
452
21
34
25
72
38
506
483
105
249
5
311
40
779
34
736
496
77
5
22
416
35
37
40
39
37
38
40
9
477
857
418
515
488
4
551
21
3
552
20
590
648
1062
522
1299
520
1271
518
693
285
80
299
1
341
449
403
2
460
165
1176
4
112
343
1055
10
11
575
13
477
56
440
1170
1167
1162
1142
1133
294
293
290
377
288
287
1072
280
274
594
259
16
573
1365
284
85
1036
1034
1386
80
2
688
687
19
43
42
40
1392
6
15
78
77
1573
355
1398
1397
1462
1453
1037
1035
1387
81
1
689
688
18
44
43
41
5
14
477
79
78
1574
356
1463
419
418
417
416
415
1454
340
25
11
43
234
1040
66
440
554
81
78
408
62
32
16
690
689
555
1034
17
1519
30
32
45
44
42
112
6
7
8
9
10
12
563
51
50
48
46
51
52
53
3
54
55
47
18
20
21
1244
80
79
886
1020
92
94
24
345
1515
1353
15
1371
20
24
27
28
29
31
34
1237
991
73
731
725
71
70
69
721
68
66
64
63
58
57
56
54
108
418
417
415
67
800
707
720
57
801
702
694
220
22
21
644
92
754
753
744
745
743
693
495
304
306
333
230
776
70
69
762
30
2
134
608
153
365
734
681
774
33
34
35
36
37
38
39
40
42
497
419
394
395
396
397
398
401
402
42
41
40
39
65
38
765
35
31
419
418
416
66
799
706
719
800
171
703
693
221
22
643
755
754
743
744
744
496
303
305
332
229
777
763
3
607
152
364
775
32
33
34
35
36
37
38
39
41
496
420
393
394
395
396
397
400
401
43
42
41
40
64
39
766
36
32
1
3
4
10
87
85
13
135
132
23
21
24
19
87
261
607
72
294
52
218
7
108
194
136
88
10
138
135
26
24
480
27
419
90
16
104
454
624
823
865
360
361
10
974
1173
1215
10
11
340
717
716
21
20
18
719
21
1
37
1
176
3
14
20
751
148
27
26
151
741
73
71
71
69
711
656
63
39
21
19
20
54
36
429
420
398
454
191
483
2
509
38
25
63
146
145
6
13
15
549
19
550
551
552
87
43
259
147
58
26
49
566
102
568
152
29
740
452
172
130
272
120
81
3
164
165
65
208
64
192
42
196
32
206
8
270
399
152
199
71
559
566
89
83
81
80
79
76
591
74
73
521
522
524
66
61
60
541
502
503
105
473
17
230
72
70
553
66
171
10
60
578
408
651
1038
46
562
50
242
109
470
160
468
66
67
455
44
92
152
648
13
29
31
650
142
78
206
14
585
136
24
396
398
399
400
403
1070
405
406
205
419
337
526
525
115
1
952
20
32
729
672
82
81
80
407
409
48
26
20
458
64
14
566
168
440
6
7
141
119
455
3
779
70
508
175
61
151
273
425
424
423
421
794
263
712
105
219
452
2
4
71
2
39
229
759
1432
5
285
287
917
247
349
14
62
5
532
971
384
402
227
351
408
52
51
369
1060
45
43
42
425
9
329
503
21
8
7
123
359
6
5
3
3
32
21
29
272
877
68
73
1
586
238
1044
62
558
36
12
567
55
54
52
50
47
48
49
1
50
51
14
16
17
890
28
356
355
354
352
349
11
20
23
24
25
27
30
1241
77
735
75
74
73
725
72
70
68
67
62
61
60
58
15
12
509
510
57
105
18
254
63
79
61
60
59
558
793
106
53
6
1026
74
493
696
790
708
50
210
47
1049
7
9
263
1010
14
11
10
9
8
79
13
70
99
37
34
225
1
2
3
4
5
7
106
55
53
51
50
48
7
8
56
54
52
51
49
6
7
57
55
53
52
50
5
6
58
56
54
53
51
4
5
59
57
55
54
52
3
4
61
59
57
56
54
1
2
48
1413
1412
25
120
121
122
35
65
33
1
11
10
878
7
51
91
1
12
11
67
35
13
12
880
9
53
1
2
1
48
7
1
12
795
189
685
327
24
80
13
190
1024
74
578
283
168
340
275
20
21
22
23
148
156
785
7
23
9
10
11
308
117
798
136
792
794
806
54
50
12
46
45
477
478
479
480
481
482
572
573
32
519
84
521
624
476
2
866
650
649
648
59
759
142
103
47
849
188
197
686
76
51
196
459
203
216
890
898
629
79
82
525
539
541
41
23
1
2
96
95
94
83
364
15
29
440
102
101
100
132
114
66
834
615
53
217
854
11
47
46
69
9
57
399
387
386
2
382
381
14
856
860
861
862
863
864
6
14
31
16
67
452
614
54
370
70
415
32
1
42
726
49
784
1
2
3
4
5
349
550
77
54
209
663
6
5
4
707
280
701
27
24
23
22
21
708
267
35
281
13
14
19
20
21
76
66
74
73
72
19
15
16
10
2
3
30
4
97
49
571
640
7
96
616
519
273
74
75
279
654
709
803
95
677
520
165
217
433
78
291
32
36
679
622
403
63
18
274
223
130
434
79
83
67
66
65
64
3
62
10
56
50
48
37
29
26
25
24
23
54
34
13
589
590
12
11
71
35
19
20
81
88
4
33
466
91
131
435
80
84
68
67
66
65
2
63
9
57
51
49
38
24
35
14
13
12
72
36
20
21
82
89
3
34
467
569
92
436
81
85
69
68
67
66
1
64
8
58
52
50
39
388
25
56
36
15
14
13
73
37
21
22
35
83
90
2
578
579
93
798
2
2
1
55
21
15
100
87
102
1
104
103
58
54
52
50
49
412
36
515
88
517
628
71
72
73
75
78
101
3
95
94
67
1
115
218
3
35
42
32
29
6
24
111
109
92
91
90
89
23
80
181
149
148
147
145
140
103
42
11
100
2
355
354
353
122
346
344
126
65
64
2
110
109
105
265
299
48
47
146
44
51
2
233
707
109
108
618
703
224
106
264
97
1519
298
49
48
145
45
52
1
232
706
109
617
702
223
39
263
635
20
664
231
22
51
49
1462
314
166
48
1139
135
401
404
95
535
5
3
82
281
1129
433
147
745
388
530
390
391
392
445
176
342
504
1038
507
195
447
446
152
377
743
1171
1250
68
89
16
59
77
1051
626
48
102
655
242
10
116
44
66
7
14
57
1049
624
653
8
114
109
153
226
10
11
12
14
400
4
5
105
461
234
233
190
66
97
8
11
1271
43
44
115
106
39
152
958
148
358
472
1
4
326
20
50
98
481
31
32
34
36
133
134
135
85
136
137
35
100
102
103
1162
2
3
804
938
58
263
1433
99
1437
112
114
37
38
40
97
1289
62
106
109
110
111
113
116
1155
909
9
207
649
643
11
12
13
639
14
16
18
19
24
25
28
26
65
96
7
117
42
43
105
12
236
608
225
74
573
100
464
63
46
39
43
45
81
47
48
315
61
612
614
531
27
65
56
86
1
2
231
230
229
1
7
114
476
359
358
3
4
6
54
55
172
82
84
86
83
317
194
193
2
13
46
59
615
22
23
11
84
68
69
631
633
617
974
74
235
48
464
7
52
25
528
47
58
614
455
15
749
211
49
21
22
132
10
83
67
503
973
752
753
31
125
73
47
463
591
7
719
483
11
13
15
242
243
1308
5
294
113
16
615
336
617
85
517
122
1256
631
86
31
208
113
645
20
21
49
64
646
67
1040
272
275
52
69
70
71
72
706
224
8
58
102
52
51
175
49
177
76
48
178
93
976
10
11
12
14
2
103
576
544
104
365
906
656
169
148
76
57
338
224
202
1097
155
206
3
1481
55
245
242
4
1
421
82
63
348
702
696
695
45
46
71
901
1297
76
6
37
170
171
173
414
212
214
216
14
79
188
1312
454
744
469
235
43
45
50
51
1342
1215
758
760
507
40
221
1801
1803
1
754
766
774
991
1534
614
730
504
513
572
642
48
850
228
1846
965
651
1819
1775
669
1322
227
609
483
498
46
47
477
27
42
573
96
1745
297
413
187
1480
515
444
743
703
44
121
757
90
759
65
329
332
1723
897
1750
72
73
74
76
77
166
96
2
45
46
131
1
119
3
9
11
12
15
126
19
6
7
4
36
130
344
716
70
75
606
480
69
182
1816
50
412
78
82
10
12
13
487
489
208
1230
100
223
869
41
4
163
405
648
776
779
780
781
782
284
860
861
727
620
729
730
28
731
772
884
1015
1492
1083
1023
1104
1026
1246
1027
111
401
198
43
44
79
230
459
24
27
33
35
240
228
123
124
125
127
242
243
132
6
83
85
102
103
108
109
110
70
104
105
99
59
8
482
551
96
640
641
642
644
7
527
647
6
49
7
253
74
76
78
80
6
8
38
505
14
597
27
1208
58
419
39
40
41
196
68
246
66
735
21
24
146
19
171
187
76
165
33
35
37
569
40
41
42
195
11
197
67
245
65
734
20
23
145
18
170
188
75
166
32
34
36
568
39
40
41
194
12
198
326
66
244
64
733
19
22
144
17
169
189
74
167
31
33
35
567
38
39
40
193
13
200
328
64
242
62
731
17
20
142
15
167
191
72
169
29
31
33
565
36
37
38
191
86
15
179
591
622
572
443
24
627
60
63
64
65
66
661
654
56
530
180
553
9
67
234
237
240
243
248
249
250
251
24
152
93
485
96
99
246
100
101
102
554
38
105
106
107
40
11
10
179
81
637
638
639
641
34
644
104
10
12
13
14
30
94
95
169
619
121
16
15
14
86
512
169
172
628
116
1150
1151
1152
1153
1154
1155
402
26
374
37
443
639
43
45
734
93
975
53
55
63
575
107
105
779
780
414
13
689
982
984
996
91
5
386
399
55
1
113
42
1
594
115
219
916
457
472
1577
155
68
4
543
602
34
65
682
35
670
830
71
26
996
100
99
754
950
2
712
119
476
3
4
71
56
81
989
16
14
59
61
62
63
64
65
89
88
143
27
72
503
124
3
4
709
5
166
6
74
70
88
91
32
94
208
17
842
52
1190
1301
1080
244
245
13
15
108
183
122
236
9
121
69
605
1361
792
91
675
97
28
29
23
22
21
928
703
112
113
1146
585
637
57
1252
193
264
267
525
324
7
350
598
597
35
117
218
818
589
651
82
803
310
602
601
11
10
9
127
126
517
446
185
23
197
5
4
558
811
21
225
4
949
283
163
545
9
8
468
76
147
6
16
22
25
1328
49
454
19
18
17
83
582
1159
353
507
201
586
362
361
110
111
242
116
1156
281
210
1244
51
759
348
2
3
5
6
68
27
56
758
3
2
4
5
51
182
478
163
107
106
95
92
735
734
733
760
90
279
276
155
257
256
255
460
17
18
114
118
88
209
148
448
144
89
90
20
561
91
20
24
26
62
28
29
334
42
135
10
550
117
116
90
8
581
41
260
33
35
19
94
23
1082
162
95
102
7
62
96
97
91
51
104
42
449
453
519
13
388
49
152
150
2
640
1205
10
318
629
628
1445
1
681
678
3
43
802
12
330
14
465
839
40
94
672
48
675
12
467
402
437
731
746
883
587
9
6
244
219
753
754
118
42
44
64
43
49
51
63
1
2
3
4
1493
1492
5
6
64
67
522
674
95
90
91
92
96
14
12
42
44
984
6
7
34
850
63
66
523
59
675
1014
94
89
90
91
15
13
41
43
985
5
6
851
62
65
524
58
676
1015
93
88
89
94
90
16
14
40
42
986
4
5
852
61
64
525
57
677
1016
92
87
88
93
89
17
15
39
41
987
3
4
36
11
294
306
268
3
224
359
7
381
1097
15
14
532
11
35
10
293
305
267
2
223
358
6
380
1096
16
15
531
12
853
60
526
56
678
1017
91
86
87
92
88
18
16
38
40
988
2
3
63
854
59
527
55
441
679
1018
90
85
86
87
19
17
37
39
989
1
2
62
1
3
248
135
7
9
18
22
31
93
76
393
25
19
91
395
17
50
265
86
79
82
83
84
85
228
39
604
21
613
731
732
27
77
741
31
30
29
71
117
118
7
101
85
67
82
20
102
36
39
162
33
1033
13
34
1178
52
53
54
55
56
57
58
59
60
61
62
35
291
418
400
68
17
212
199
1028
7
7
290
21
1
2
3
4
896
3
895
2
894
1
958
206
390
27
46
410
1101
425
268
392
466
370
544
20
1310
33
34
82
400
35
36
38
44
70
541
313
918
32
1
5
7
1223
43
9
10
353
23
116
569
71
11
914
786
335
1127
334
1145
186
67
68
66
28
31
32
34
33
16
10
32
23
21
77
79
17
9
1356
1355
30
25
23
75
77
19
587
586
7
579
1358
1357
1
226
227
718
228
116
229
8
9
807
72
45
53
65
66
30
213
29
228
449
809
17
44
72
147
149
78
79
46
80
81
75
35
83
208
150
111
77
78
45
79
80
74
34
219
84
209
693
688
5
1
2
3
16
22
3
710
4
667
1136
650
528
517
34
33
31
30
619
44
536
32
538
76
77
44
79
33
122
437
670
659
542
603
39
579
671
672
465
164
108
65
35
15
334
27
218
38
691
557
556
554
553
454
48
75
577
12
248
143
13
144
71
72
77
568
329
180
258
1079
540
75
76
43
77
78
72
32
51
29
220
17
211
136
137
577
2
690
335
653
202
27
3
726
70
250
247
243
550
103
510
73
155
705
87
713
726
714
43
578
511
513
516
135
518
799
183
683
703
500
37
25
26
27
28
29
30
31
32
33
34
35
180
185
45
438
441
38
205
506
37
9
993
15
499
36
492
64
8
6
5
94
127
92
167
20
19
712
87
85
756
12
3
789
4
617
195
671
21
359
225
136
217
216
24
140
308
307
4
34
35
346
289
77
2
8
9
775
7
98
358
21
20
411
577
449
680
57
69
32
35
784
33
36
37
38
39
197
198
196
164
199
536
632
61
12
14
73
74
41
75
76
70
30
59
771
610
135
619
446
56
27
203
201
394
395
312
41
424
11
10
65
719
766
24
759
295
41
425
234
5
667
309
437
26
768
33
833
43
367
1026
225
227
797
1148
125
925
356
37
38
41
355
168
767
25
24
23
760
40
2
4
668
39
426
1138
127
38
39
41
60
15
63
1
2
3
5
7
8
10
14
52
29
8
28
2
27
331
361
173
32
31
30
684
124
121
122
6
7
11
734
737
1727
132
396
539
53
37
162
420
359
659
33
32
5
6
9
46
657
62
417
545
700
67
68
35
69
70
64
24
26
47
522
313
314
1217
4
611
10
11
9
6
884
25
27
441
439
58
426
5
53
52
51
49
497
496
28
811
809
29
260
35
37
315
19
784
110
2
1
106
86
22
30
70
21
31
69
1
248
40
39
38
1280
56
454
612
612
41
40
307
615
19
43
39
45
47
52
417
629
1191
1192
1193
1195
607
1365
1366
24
1198
561
93
92
91
89
88
646
69
15
32
33
35
372
608
1292
11
95
138
154
151
1656
1663
40
44
645
23
34
591
209
593
607
28
67
17
295
704
706
45
32
582
343
194
272
1065
554
61
62
29
63
64
58
18
37
349
15
31
667
216
13
11
84
264
261
257
564
117
524
59
169
584
345
196
274
1063
556
185
351
59
60
27
61
62
56
16
669
35
13
33
218
11
13
742
86
266
263
259
566
119
526
57
171
1
31
307
388
179
20
37
43
808
17
332
8
3
37
9
35
31
765
1
2
67
1235
16
12
6
6
27
1
577
15
16
651
652
30
586
68
647
18
554
597
1
3
692
7
11
13
1
2
21
52
3
1152
14
13
12
25
26
27
29
30
666
34
219
244
233
266
66
63
24
14
22
159
158
288
253
13
250
214
211
209
35
790
198
200
304
87
118
13
21
24
25
490
294
102
458
460
4
5
6
7
8
10
11
12
13
576
685
14
15
16
18
20
21
22
1655
22
33
34
48
981
26
989
516
1565
1657
20
31
32
46
983
28
991
518
1567
49
50
51
52
53
55
56
20
41
25
57
19
14
47
569
21
537
536
40
24
58
20
15
581
46
531
12
15
16
17
18
570
1
537
572
13
644
645
577
579
119
33
116
14
640
43
44
35
136
627
2
196
524
67
10
983
20
1150
30
28
5
6
59
27
9
984
19
1151
29
27
4
5
60
26
8
985
18
1152
28
26
3
4
61
25
6
987
16
1154
26
24
1
2
63
23
232
706
287
65
1
3
990
13
1157
23
21
2
20
66
578
32
30
62
1130
546
545
31
29
24
1141
1184
590
15
37
67
4
7
46
222
45
46
51
52
53
44
42
41
40
13
47
48
42
2
65
39
64
584
622
63
13
12
49
36
81
753
402
47
35
42
5
3
6
7
8
9
22
19
20
21
3
1
21
208
709
597
501
147
189
58
57
56
712
19
600
16
21
23
25
26
39
43
363
14
498
144
728
192
681
369
697
364
126
121
24
51
47
46
5
924
17
921
53
67
69
435
810
24
23
808
25
837
243
39
209
633
697
3
2
1
1
2
30
29
339
332
101
182
58
10
497
499
121
118
88
1586
1192
22
1378
9
40
8
573
9
10
14
2
1
60
25
413
58
24
31
16
15
2
12
566
73
72
71
29
74
73
72
28
59
230
229
228
226
225
290
291
292
392
15
14
13
222
65
362
1722
15
286
283
970
1236
285
51
227
652
317
34
23
692
121
176
27
30
31
32
33
136
774
16
286
6
555
20
19
17
22
537
15
17
622
45
348
75
74
73
519
18
53
150
174
18
222
67
583
5
102
331
210
605
505
38
61
252
11
10
9
8
7
6
5
4
3
2
1
11
10
9
7
6
816
390
457
532
805
221
180
75
74
73
27
2
130
184
72
143
461
135
499
122
30
392
393
825
7
81
776
502
67
624
1
22
24
21
208
114
306
9
2
5
3
5
2
264
19
361
234
22
929
443
932
64
446
6
357
933
68
111
33
32
447
33
596
13
142
22
23
24
25
26
27
28
29
31
94
93
92
8
347
429
88
3
35
7
8
2
4
7
9
86
70
106
17
33
1
3
6
8
87
71
105
18
34
196
88
72
104
19
36
194
90
74
65
102
21
39
191
93
77
99
24
41
189
95
79
97
26
1398
912
6
5
4
71
110
32
14
2
2
4
115
44
43
41
14
123
174
46
45
43
12
205
204
203
19
1
176
25
23
54
24
19
44
73
74
76
318
1010
17
104
51
50
868
16
988
12
990
84
82
81
820
114
6
129
132
90
311
57
783
190
633
635
636
66
637
678
691
131
15
136
365
11
1
187
1
1
126
106
104
85
99
68
41
101
31
102
4
314
18
23
24
25
26
83
97
66
39
99
29
100
6
312
16
21
22
23
24
1
38
357
41
7
42
10
581
43
106
576
577
703
704
706
708
2
5
8
13
14
15
16
574
578
347
348
2
10
11
12
13
14
40
29
89
1
6
7
8
9
277
244
318
87
98
2
17
473
928
617
226
227
120
4
5
338
355
122
347
382
63
432
433
146
44
544
548
56
57
62
77
37
15
17
18
19
5
872
1
2
3
3
50
1044
1327
605
1394
1456
2
5
1397
32
6
5
1118
71
1395
1457
1
4
1398
31
7
6
1119
70
231
230
448
320
1
59
692
215
234
453
217
85
548
19
310
693
216
233
454
218
84
547
18
295
79
282
54
861
57
59
61
88
85
221
20
312
21
68
295
84
86
25
23
33
269
8
280
52
82
84
314
55
57
59
18
19
27
238
323
56
60
884
29
743
3
3
8
10
11
12
4
61
62
63
65
66
2
7
9
10
11
5
60
61
62
64
65
1
6
8
9
10
13
40
568
91
171
119
75
219
6
449
58
59
61
62
308
435
321
3
2
8
9
49
259
258
257
445
446
447
448
442
145
270
7
5
27
31
32
518
97
88
489
16
585
86
89
92
93
94
95
98
99
100
18
17
74
120
1
12
1
2
3
896
259
28
27
26
74
296
416
414
559
90
91
92
93
87
412
350
1
226
14
10
496
221
5
125
28
54
161
224
55
56
102
172
180
63
288
675
7
18
53
37
62
17
20
2
1
36
34
59
14
15
17
5
4
32
57
12
13
15
7
6
105
51
524
18
17
16
15
58
2
118
60
61
62
63
64
4
37
38
39
69
124
46
47
22
21
20
19
63
66
1
2
54
55
56
57
58
52
49
6
48
33
49
53
50
7
5
81
494
51
37
38
39
41
42
446
449
18
38
37
35
34
40
48
50
54
51
1
2
36
37
38
40
41
42
55
52
1
6
2
3
126
4
238
26
28
29
5
16
53
1
2
33
12
13
19
18
17
40
56
39
32
33
34
36
37
38
59
56
21
37
27
26
25
279
21
23
24
21
58
29
30
31
33
34
8
24
23
22
35
61
1
2
3
5
6
7
8
9
47
49
50
51
26
25
24
23
43
9
10
11
12
13
14
15
27
26
25
24
42
8
9
10
11
12
13
14
28
27
26
25
41
7
8
9
10
11
12
13
30
29
28
27
39
5
6
7
8
9
10
11
31
30
29
28
38
4
5
6
7
8
9
10
24
32
31
30
29
37
3
4
5
6
7
8
9
33
32
31
30
36
2
3
4
5
6
7
8
34
33
32
31
35
1
2
3
4
5
6
7
37
39
40
41
36
38
39
40
35
37
38
39
34
36
37
38
33
35
36
37
32
34
35
36
31
33
34
35
4
804
934
933
10
803
931
37
877
16
807
802
69
242
46
51
61
295
534
173
62
32
31
30
28
40
50
32
60
254
883
374
70
374
286
287
288
171
1
6
7
43
58
531
61
412
92
358
1
2
231
24
189
1
598
378
761
372
284
285
286
169
271
4
5
371
283
284
285
168
3
4
142
48
49
54
55
56
50
51
45
61
109
226
225
204
238
44
248
14
1270
1304
1022
12
320
412
42
346
345
343
486
721
235
43
234
45
300
1152
1
296
220
65
410
242
213
205
219
4
2
5
6
7
8
708
13
711
16
712
17
713
18
714
19
34
35
36
37
31
2
3
4
6
7
863
827
233
69
43
21
20
40
42
43
44
19
15
122
15
111
826
232
70
44
22
21
39
41
42
43
18
16
121
369
14
110
825
231
71
45
23
22
38
17
17
120
368
13
109
823
230
229
73
47
25
24
36
38
39
40
15
19
118
366
11
107
822
228
74
48
26
25
35
14
20
117
365
10
106
21
42
41
40
27
24
43
3
34
529
528
38
14
12
11
10
9
8
7
6
5
14
15
16
51
19
38
62
287
288
289
389
18
17
16
1446
11
225
62
1280
317
3
1084
14
83
9
350
206
857
208
65
165
79
14
13
1
45
67
167
81
461
462
460
16
15
422
425
426
428
3
47
68
168
82
460
461
459
17
16
421
424
425
427
4
48
1
2
3
4
5
152
2
556
12
19
14
56
15
91
227
69
64
63
62
61
129
13
57
14
92
226
70
65
64
63
62
61
60
59
55
54
53
52
20
11
28
405
425
1
1
93
92
91
9
42
63
1082
224
565
32
36
16
1
90
121
1
351
38
93
680
949
314
6
1
2
3
4
9
2
4
6
8
9
26
3
32
1
3
5
7
8
21
25
4
1
2
509
1
3
5
6
23
6
592
1
1
19
10
1
2
6
8
71
29
3
4
6
11
371
372
238
13
565
25
16
77
23
22
44
18
7
148
137
59
131
20
23
1
2
30
18
3
264
78
158
2
43
22
23
26
23
24
128
162
155
2
78
1483
1469
570
88
1
129
357
358
55
142
814
815
354
480
357
997
8
9
10
11
5
88
101
1
4
7
338
8
9
10
13
14
15
103
102
11
71
72
196
24
256
255
254
724
77
1683
356
1
2
740
42
453
6
19
40
39
587
47
48
77
76
366
717
397
89
88
86
103
70
68
90
87
104
69
69
5
546
343
1
2
3
37
34
33
31
4
6
80
79
3
5
2
4
42
39
38
36
44
41
40
38
33
704
32
269
586
40
721
38
18
757
123
1
127
128
241
616
237
236
60
360
7
3
5
91
93
94
96
77
56
55
54
117
3
1
145
2
3
1
11
10
105
104
1
13
12
107
106
857
167
808
99
7
95
89
57
35
3
2
20
10
53
49
46
302
596
660
67
66
64
145
95
560
83
144
519
1153
1154
60
31
1038
59
21
20
19
43
28
1039
2
8
41
32
60
1
2
3
4
5
24
23
22
46
31
704
703
702
379
44
25
24
23
47
32
250
249
246
244
378
66
45
26
25
24
48
33
377
510
46
27
1024
26
25
49
34
47
35
730
27
26
168
169
170
210
337
307
26
63
104
103
102
101
100
67
680
27
679
28
678
29
30
52
31
53
32
54
13
12
703
86
64
663
532
63
8
190
85
255
62
84
75
1
2
3
100
17
5
7
8
9
12
679
14
15
52
22
23
24
25
26
27
28
105
106
318
16
18
112
113
246
16
4
6
7
8
11
678
13
14
21
26
27
104
317
15
17
15
5
6
7
12
13
20
25
26
103
316
2
6
1
668
3
4
11
17
7
578
1
1
87
86
269
26
32
1
2
163
31
17
1
65
52
99
556
557
542
17
423
626
679
87
919
918
70
71
72
5
10
3
5
7
9
62
63
64
60
61
62
58
59
60
56
57
58
55
56
57
234
235
236
1
2
3
4
80
49
82
12
83
295
4
5
6
7
8
9
10
14
15
16
17
79
48
81
11
82
294
3
4
5
6
7
8
9
13
14
15
16
12
78
47
80
10
81
293
2
3
4
5
6
7
8
78
12
13
14
15
48
49
184
134
77
46
79
9
80
292
1
2
3
4
5
6
7
662
11
12
13
14
81
193
162
43
73
84
85
72
15
31
32
33
13
106
4
33
22
32
60
61
23
63
61
64
181
62
129
471
7
8
9
11
58
59
101
155
37
86
293
48
857
149
65
147
63
146
62
145
61
1
2
3
30
31
35
29
30
36
59
29
37
14
92
60
1734
6
1
2
3
4
5
606
91
92
1
4
5
1
2
21
3
22
2
3
23
1
2
1074
674
124
856
1075
675
125
857
4
2
29
25
49
57
45
42
54
138
15
24
4
53
67
3
15
18
63
66
2
14
17
62
65
1
13
16
61
1
2
109
110
4
5
7
8
9
10
63
11
14
168
59
62
10
13
167
58
33
36
45
97
94
30
26
60
49
32
35
46
98
95
31
27
59
50
60
61
62
63
65
8
11
56
59
60
61
62
64
7
10
55
57
58
59
60
62
5
8
53
1
56
4
7
52
55
3
6
51
54
908
2
5
1504
50
2
48
1
46
4
5
1
20
2
85
17
7
131
18
6
130
124
41
5
42
88
6
41
89
38
97
18
27
569
25
15
36
2
115
1159
20
126
4
10
331
46
40
30
24
114
57
59
330
47
41
31
23
113
56
58
329
48
42
32
22
112
55
57
3
63
62
61
60
58
40
41
42
43
45
7
8
1529
10
1463
36
27
1
3
59
1319
26
32
27
304
28
1495
24
1281
685
56
24
148
275
596
27
7
55
15
78
1051
378
492
228
227
226
225
224
223
222
221
220
219
218
217
15
16
17
40
41
42
43
45
38
36
39
156
37
1
821
25
137
775
285
651
316
7
554
16
427
1023
73
107
95
973
89
88
87
13
91
90
89
11
306
34
38
39
10
82
15
1733
90
85
112
737
123
7
8
121
116
115
114
113
111
6
30
34
35
105
598
410
379
324
325
817
330
816
329
813
326
324
61
60
6
51
99
1
2
1150
10
1151
9
61
520
75
5
6
7
8
10
3
1
4
2
269
49
818
132
362
109
81
595
16
673
110
80
79
17
81
80
18
82
81
20
84
83
91
90
1
2
3
2
51
3
50
2
1
74
187
2
1
948
2
949
1
92
351
155
89
851
83
331
652
39
38
1
45
38
6
42
606
44
37
5
41
607
202
988
116
80
35
1
21
162
161
2
46
12
1
1
43
2
424
2
2
40
12
50
3
1
7
53
7
57
2
6
7
8
1
3
18
223
19
141
2
3
47
2
10
48
763
1
9
1
1
10
683
1
13
8
223
43
44
45
1
1
52
17
4
2
3
1
455
1
1
4
6
1
1
74
73
72
70
82
8
1
1
75
2
84
83
82
80
93
92
11
229
291
125
15
18
16
138
1
4
12
90
23
43
9
253
32
87
88
89
90
92
20
40
98
93
1
2
521
30
100
6
1748
2
327
1
2
62
15
130
1
2
26
25
1
1
1
316
27
381
1
30
1
2
1
1
2
1
5
2
4
2
241
1
599
20
558
637
674
220
318
397
1
15
1
29
31
2
74
1
2
60
2
64
61
1
65
1
2
16
86
433
3
785
1
1
40
1
27
1
1
2
3
5
6
68
69
70
72
73
1
9
1
2
32
28
25
230
125
1
1
1
1
3
16
205
248
14
2
1
93
92
1
306
1
2
7
13
103
45
67
33
448
102
1
109
108
1
1
592
29
33
36
1
2
1
1
3
1
1
5
6
7
8
9
47
43
42
41
40
39
3
4
412
411
442
2
1
5
8
174
20
170
24
167
27
242
236
1
107
2
40
46
54
1
2
9
1
1
3
2
1
49
1
1
1
1
117
2
4
1
3
200
3
198
383
197
8
1
1
94
94
1
1
1
814
1
1197
222
976
1667
1
1
2
3
5
59
5
37
58
4
36
57
3
35
55
1
33
1
2
2
1165
1
3
32
30
1
1
2
1
1
59
454
2
1
212
3
3
953
954
1
216
818
1295
1
2
601
1
1
2
1
