121
122
247
573
694
1123
1192
1193
1231
1232
1251
1319
1322
17
144
223
515
674
683
1082
1083
1084
1258
1274
1834
8
46
262
585
1851
1854
1856
1917
1918
1920
1921
505
669
670
1281
1284
1976
1977
1981
1982
1983
1984
94
203
263
601
909
910
911
925
926
934
1993
417
590
1435
1492
1493
1494
1499
1501
1517
1519
1700
296
340
655
814
839
852
853
866
867
869
870
478
554
646
943
946
1032
1401
1405
1991
1992
540
622
708
1705
1706
1766
2009
2010
2013
2014
455
459
625
751
1050
1051
1052
1053
1680
2004
170
254
474
1015
1408
1410
1991
1996
1997
1998
198
333
478
482
899
972
990
991
1361
1362
41
492
595
798
799
800
1289
1291
1343
1344
304
404
679
727
1066
1068
1082
1215
1216
1314
182
627
810
819
820
821
822
823
832
835
177
237
530
697
1560
1562
1684
1708
1936
1937
311
312
1545
1546
1547
1692
1695
2001
2002
2003
469
474
546
938
939
967
970
974
976
979
379
498
543
635
997
999
1231
1402
1817
1980
85
476
705
877
879
1347
1348
1353
1354
1355
265
391
392
1099
1100
1101
1107
1220
1221
1222
265
294
491
1087
1089
1249
1253
1269
1328
1329
225
357
405
436
1454
1455
1565
1566
1567
1932
215
1433
1435
1436
1438
1502
1504
1505
1631
1632
52
151
417
680
1397
1547
1596
1597
1599
1600
189
423
582
589
786
1333
1794
1795
1796
429
585
2007
2008
2009
2010
2011
2012
2013
293
546
1292
2002
2004
2010
2011
2013
2014
271
556
596
1896
1897
1898
1899
1900
1901
307
556
598
1837
1879
1885
1886
1887
1994
171
615
1859
1861
1862
1863
1864
1866
1867
359
442
733
999
1000
1002
1003
1025
1857
468
617
733
734
830
832
834
837
1021
310
449
451
1372
1374
1380
1381
1384
1967
456
947
963
966
969
970
971
973
976
1801
1804
1805
1806
1808
1809
1810
1811
1812
533
634
742
754
755
756
763
1954
1956
116
183
473
1117
1235
1236
1237
2009
2010
319
481
1062
1189
1196
1197
1198
1293
1294
415
1058
1059
1176
1177
1178
1289
1290
1291
189
415
570
1054
1147
1148
1159
1160
1999
190
571
657
1274
1628
1631
1632
1727
1728
254
382
496
1403
1407
1453
1927
1929
1931
146
1578
1579
1580
1582
1587
1698
1699
1700
483
499
664
665
1043
1044
1135
1634
1917
501
578
667
1879
1884
1901
1902
1906
1907
129
207
335
668
1525
1535
1827
1885
1903
212
424
716
928
930
932
1010
1014
1015
216
342
716
981
984
1008
1831
1833
1872
290
506
704
920
974
977
1330
1334
1336
509
671
719
879
881
915
917
970
971
897
901
906
907
909
955
956
958
968
511
671
902
933
984
1779
1780
1782
1785
164
748
749
750
759
1244
1300
1301
1302
554
625
1101
1102
1103
1108
1227
1228
1922
352
627
680
1091
1288
1289
1291
1292
1743
167
300
351
681
1077
1081
1201
1291
1292
681
1054
1055
1056
1057
1058
1059
1060
1061
682
1038
1039
1040
1041
1042
1043
1044
1045
513
515
516
1030
1032
1122
1123
1124
1730
307
468
1390
1395
1456
1457
1478
1619
1620
316
480
518
1435
1450
1451
1548
1902
1911
184
647
1418
1424
1425
1676
1897
1898
1900
369
522
1401
1402
1403
1404
1803
1804
1805
109
383
826
827
836
848
854
855
856
225
1391
1392
1394
1466
1471
1601
1602
1695
240
262
530
1366
1370
1635
1641
1643
1651
178
308
532
1358
1361
1515
1516
1958
1959
238
471
647
1361
1363
1495
1496
1497
1498
178
297
528
1714
1717
1885
1886
1887
1905
264
316
397
572
980
982
1008
1945
345
540
1125
1142
1241
1250
1253
1255
539
541
1131
1132
1240
1248
1249
1962
112
143
1609
1610
1745
1746
1747
1748
113
1361
1362
1426
1427
1567
1676
1678
166
545
1555
1559
1564
1667
1670
1672
385
543
628
1495
1668
1699
1700
1701
449
632
1011
1099
1100
1101
1231
1410
258
381
547
1772
1815
1827
1945
1946
121
310
506
1652
1653
1829
1831
1834
382
1479
1480
1489
1635
1638
1639
1694
248
381
1473
1476
1614
1615
1616
1617
519
550
1464
1465
1466
1470
1471
1474
545
1607
1608
1609
1611
1646
1687
1688
246
247
379
381
1466
1608
1928
1932
247
466
666
990
992
1309
1858
1859
109
549
665
673
765
991
1307
1309
382
675
676
948
967
968
970
976
249
556
1810
1812
1813
1815
1816
1817
298
384
514
887
889
945
955
1806
172
556
557
852
854
978
979
1920
301
387
467
777
779
844
846
1271
250
558
679
833
834
840
841
1288
466
853
854
866
870
927
928
948
388
557
1310
1311
1325
1908
1910
1911
895
899
900
917
919
920
921
922
391
556
896
898
913
915
916
917
555
556
854
915
916
917
921
942
559
817
821
822
1896
1897
1898
1899
389
558
904
906
908
911
1895
1896
391
889
890
891
892
893
894
895
244
251
393
656
807
1188
1204
1740
392
460
553
804
1269
1731
1743
1744
393
571
784
785
786
1702
1703
1704
651
788
794
797
798
799
801
1270
396
555
670
715
736
738
740
750
553
670
722
735
736
737
759
760
205
553
716
719
724
732
747
748
395
426
507
726
1578
1656
1657
1658
347
424
1554
1652
1704
1705
1706
1707
166
304
499
997
1194
1717
1718
1720
125
588
616
1199
1713
1714
1715
1716
168
394
399
565
681
685
1036
1871
292
480
551
558
667
693
1876
1929
556
557
674
1874
1875
1876
1877
1879
234
284
541
674
677
703
1690
1693
391
616
664
666
667
672
673
1687
234
391
656
768
789
790
791
1868
160
615
1044
1162
1163
1164
1165
1166
388
554
560
660
666
676
677
1862
560
994
1145
1146
1147
1148
1149
1150
1002
1003
1122
1123
1124
1126
1127
1130
163
1001
1110
1111
1113
1212
1213
1214
566
978
979
980
1102
1105
1106
1210
235
236
568
956
958
981
1083
1086
193
398
568
1076
1077
1087
1089
1704
398
1048
1058
1059
1060
1076
1079
1185
291
570
965
1048
1051
1053
1181
1182
164
401
402
403
1037
1043
1541
1542
403
408
600
1035
1539
1625
1626
1683
192
486
571
706
1532
1632
1634
1635
487
1377
1389
1404
1519
1520
1521
1622
446
462
1319
1320
1388
1514
1515
1518
571
1492
1497
1498
1499
1500
1501
1502
304
323
1492
1493
1494
1611
1613
1617
108
237
485
1482
1501
1503
1606
1830
241
1290
1354
1464
1470
1471
1472
1473
248
464
1411
1412
1554
1556
1557
1593
247
327
579
1404
1407
1412
1803
1804
283
295
497
578
1384
1563
1564
1802
412
500
612
690
716
907
911
912
245
410
412
934
935
1870
1902
1903
118
459
1398
1399
1409
1411
1412
1555
125
412
577
717
927
929
1235
1239
253
348
579
841
842
844
893
1691
200
364
530
1161
1162
1690
1691
1695
352
627
738
739
742
750
751
753
417
511
599
732
745
754
1252
1254
330
608
619
745
746
747
1213
1217
197
417
628
674
675
688
689
708
383
417
441
1307
1509
1516
1659
1660
254
442
579
635
636
650
651
1891
440
581
932
1001
1004
1009
1123
1127
298
361
439
932
992
999
1001
1893
256
361
531
971
972
978
1085
1092
422
423
1297
1298
1359
1360
1361
1362
137
270
1333
1353
1355
1438
1439
1440
283
285
385
1269
1335
1449
1453
1454
463
550
1330
1331
1333
1437
1802
1803
421
1321
1322
1323
1324
1325
1326
1327
384
1308
1309
1311
1418
1427
1429
1431
138
422
1694
1713
1714
1716
1717
1723
424
464
1700
1703
1753
1754
1755
1777
1699
1700
1701
1704
1705
1762
1763
1775
423
1691
1692
1693
1694
1695
1696
1697
316
579
589
758
759
857
877
1212
135
319
423
779
783
787
1237
1245
470
471
1229
1293
1294
1295
1488
1605
134
396
579
703
710
713
714
1234
156
541
1313
1784
1785
1787
1788
1789
266
1274
1277
1337
1473
1477
1480
1583
446
1268
1270
1272
1482
1585
1586
1587
267
416
1676
1679
1749
1750
1762
1764
599
717
719
729
731
736
737
739
347
567
576
906
907
1022
1034
1036
424
447
1246
1396
1406
1850
1852
1853
284
424
1288
1603
1604
1605
1606
459
461
1220
1221
1526
1595
1596
162
292
471
868
888
889
895
163
425
575
1198
1207
1208
1209
213
303
845
860
862
863
1826
267
486
987
988
1122
1175
1636
131
232
924
1119
1120
1172
1173
269
497
499
930
933
1086
1161
268
331
1055
1153
1154
1159
1160
271
477
1498
1501
1502
1581
1633
409
431
1257
1516
1571
1572
1573
519
1454
1560
1561
1562
1563
1564
269
431
1441
1444
1445
1556
1558
351
1428
1430
1550
1551
1552
1554
269
437
1728
1745
1746
1833
1834
521
523
1530
1532
1757
1758
1759
240
408
431
1507
1533
1746
1760
354
1377
1379
1380
1381
1529
1531
227
408
443
445
655
1198
1494
444
655
656
657
1196
1197
1198
270
444
650
652
653
654
660
563
564
860
861
866
867
877
271
563
850
851
852
865
866
273
435
1491
1571
1572
1700
1710
444
1699
1706
1707
1708
1709
1710
1692
1696
1700
1701
1702
1731
1736
272
401
546
739
826
829
831
273
1181
1182
1183
1184
1186
1187
273
444
562
660
666
841
867
275
563
712
728
729
730
732
275
563
720
721
722
724
761
281
514
722
724
750
812
1790
278
788
789
791
792
793
794
187
773
774
1157
1158
1159
1163
287
564
608
669
670
672
673
191
286
603
606
663
667
670
286
287
562
668
674
675
686
289
448
450
565
586
596
664
451
517
586
591
592
597
1607
288
451
562
589
623
1469
1470
352
450
588
593
1466
1605
1606
130
451
513
585
1075
1078
1080
195
302
892
1002
1073
1075
1076
454
455
1582
1583
1585
1588
1765
231
463
1043
1044
1053
1826
1827
134
455
456
572
1050
1756
1757
296
459
875
877
895
896
1043
923
924
1038
1039
1040
1124
1125
184
292
346
460
906
911
1031
182
1028
1029
1117
1118
1120
1121
183
1019
1020
1022
1024
1026
1113
226
462
999
1004
1005
1006
1106
187
463
978
990
991
993
994
958
960
961
962
968
970
1094
134
342
383
951
1802
1803
1804
464
951
953
954
1083
1084
1537
464
1556
1557
1558
1559
1560
1565
293
365
942
947
1085
1551
1561
184
378
509
1083
1445
1446
1447
458
464
937
939
970
1076
1588
463
492
928
934
935
937
1074
296
1420
1421
1424
1426
1427
1428
378
1220
1289
1422
1423
1524
1525
337
378
1222
1224
1291
1414
1415
131
1208
1256
1272
1273
1404
1405
1398
1399
1400
1401
1506
1507
1508
460
461
1395
1396
1397
1728
1729
297
298
1372
1373
1374
1722
1723
198
1179
1367
1368
1369
1370
1374
131
1183
1228
1229
1338
1340
1358
182
375
1239
1356
1358
1492
1716
211
326
449
1549
1707
1727
1728
131
181
1227
1342
1344
1345
1487
295
1220
1221
1332
1333
1334
1335
332
461
1623
1636
1637
1680
1681
294
296
1318
1324
1325
1445
1468
1322
1323
1324
1468
1469
1470
1471
129
461
1317
1318
1319
1320
1321
207
1308
1310
1312
1313
1456
1457
294
461
1303
1452
1458
1459
1462
181
294
376
1177
1286
1299
1300
205
293
1298
1300
1444
1459
1460
294
348
518
573
586
790
791
375
384
720
721
803
1639
1640
1206
1279
1280
1437
1438
1467
1468
1588
1619
1620
1621
1622
1629
1659
182
292
713
773
806
1747
1748
291
383
676
678
715
781
1746
211
707
708
709
761
764
765
290
291
382
705
800
804
805
291
393
597
601
1093
1095
1098
212
503
504
647
649
654
671
177
290
382
592
666
1114
1116
382
476
692
693
694
772
1150
290
291
1136
1137
1138
1139
1140
496
497
642
643
644
646
665
290
450
1097
1098
1103
1104
1565
450
1559
1562
1563
1569
1570
1571
126
472
473
555
1125
1126
1127
384
481
544
553
554
1089
1090
451
890
892
1023
1027
1028
1551
232
881
882
883
1008
1009
1074
455
880
881
882
999
1000
1005
127
329
397
873
875
878
1699
398
450
454
506
517
868
871
224
453
869
870
1010
1011
1013
168
453
865
980
982
991
1517
453
857
858
859
860
861
862
229
452
852
853
860
973
974
127
837
949
950
951
956
1051
168
395
822
823
980
984
1044
285
286
1503
1504
1505
1742
1743
310
454
801
804
1030
1505
1507
238
288
1248
1249
1388
1389
1390
286
1241
1242
1243
1244
1245
1246
245
1227
1228
1229
1358
1360
1365
238
1226
1227
1229
1356
1378
1384
1216
1217
1218
1219
1220
1221
1222
130
131
408
1204
1208
1346
1676
1152
1207
1208
1209
1210
1211
1212
283
1199
1668
1670
1671
1672
1673
1130
1131
1191
1193
1194
1303
1304
285
413
1560
1561
1577
1578
1588
285
1571
1573
1575
1579
1630
1641
288
326
1552
1554
1628
1635
1639
289
444
644
645
646
1102
1103
445
517
518
519
520
569
570
375
476
478
479
480
481
482
290
1146
1147
1148
1149
1150
1151
291
1129
1130
1133
1194
1399
1400
1123
1124
1130
1257
1402
1403
1444
338
1541
1542
1543
1576
1584
1585
440
631
632
633
634
635
636
348
440
600
602
609
610
672
294
443
715
716
1076
1079
344
413
462
588
1064
1065
328
518
519
520
535
542
793
983
984
985
1040
1041
255
350
486
494
1677
1679
191
195
959
975
1035
1667
422
796
922
924
925
1016
375
779
781
1010
1011
1012
291
890
891
893
896
1511
875
876
878
879
911
1004
205
290
868
869
999
1721
1708
1709
1710
1711
1714
1715
280
514
1204
1205
1440
1441
292
1340
1341
1342
1438
1441
294
1117
1210
1211
1329
1432
201
272
1157
1159
1469
1633
146
302
1403
1585
1586
1587
302
1383
1384
1692
1693
1694
302
1378
1379
1380
1381
1689
304
1366
1369
1397
1452
1453
134
1359
1360
1362
1682
1686
134
220
222
1614
1681
1714
304
1062
1065
1066
1610
1611
305
1058
1060
1061
1062
1063
418
425
517
519
718
744
306
491
492
511
512
519
1568
1569
1570
1571
1572
1687
1558
1563
1564
1565
1595
1596
309
604
605
631
636
689
380
630
633
684
685
688
308
705
706
725
726
730
137
1018
1019
1020
1021
1022
402
583
1035
1038
1039
1046
1067
1071
1072
1073
1074
1077
411
428
566
578
1029
1030
960
961
962
1494
1495
1496
477
493
494
499
511
513
173
874
948
949
950
951
377
430
442
443
468
469
383
440
1452
1455
1456
1457
322
329
931
1629
1630
1631
323
533
534
1633
1634
1635
935
936
937
953
999
1000
930
931
932
933
934
935
321
921
922
923
924
925
324
438
439
440
1621
1622
781
782
783
785
786
992
161
331
880
881
974
975
332
333
858
861
864
865
332
333
848
856
857
858
379
745
848
849
850
851
161
332
1462
1467
1468
1469
332
829
831
832
960
961
326
331
829
832
866
867
249
817
818
819
821
822
377
1420
1421
1422
1428
1430
330
1420
1421
1422
1608
1609
161
331
1308
1313
1314
1402
163
327
804
806
816
1303
331
357
798
801
941
1441
165
167
197
1279
1297
1442
1073
1077
1272
1274
1275
1276
331
1264
1265
1593
1596
1597
1050
1241
1245
1246
1366
1367
333
1234
1235
1238
1239
1242
247
1207
1650
1651
1652
1653
1052
1225
1226
1227
1228
1229
1113
1134
1219
1221
1222
1232
202
1100
1101
1212
1358
1359
1092
1098
1210
1211
1212
1213
1198
1199
1200
1208
1353
1354
165
332
1490
1492
1565
1568
166
247
1186
1188
1189
1638
1181
1182
1184
1392
1393
1395
1167
1168
1170
1171
1172
1173
1160
1161
1162
1163
1164
1165
373
690
692
1625
1627
1629
256
589
592
593
1508
1546
240
330
1152
1153
1342
1524
329
1076
1150
1342
1522
1524
666
1489
1490
1498
1499
1504
357
549
552
580
582
583
165
472
478
968
970
971
572
574
575
629
647
649
567
568
570
572
574
646
326
552
562
563
564
565
167
326
559
586
972
1442
591
592
593
620
641
1438
1433
1434
1435
1444
1445
1447
326
391
393
414
416
419
165
346
356
429
493
494
374
418
420
421
427
442
261
414
415
471
472
473
468
469
470
471
473
475
263
296
762
763
765
1412
396
398
400
401
402
1637
746
747
749
750
751
755
726
727
846
849
939
940
721
722
723
845
846
847
720
721
723
837
930
931
715
718
833
834
836
837
276
714
715
716
831
926
707
708
709
710
711
712
277
695
696
697
807
811
690
692
693
886
888
890
689
690
691
791
806
881
325
677
678
780
784
910
154
676
678
781
812
813
194
671
672
674
891
899
324
667
669
889
890
898
1039
1109
1110
1111
1234
1340
216
1104
1105
1107
1234
1267
295
1100
1101
1122
1282
1283
195
1017
1019
1082
1083
1085
1021
1022
1078
1079
1546
1547
1072
1073
1076
1215
1216
1327
1062
1063
1064
1170
1171
1173
283
1049
1051
1309
1527
1530
1044
1045
1047
1057
1174
1175
1043
1045
1046
1156
1157
1306
151
1038
1041
1156
1162
1305
1438
1439
1442
1447
1456
1509
168
1032
1347
1348
1436
1506
515
516
517
518
519
520
1026
1028
1029
1268
1269
1325
156
1021
1023
1223
1225
1226
1008
1009
1010
1011
1012
1013
194
996
1000
1001
1105
1106
268
991
992
993
1188
1189
1409
1410
1443
1480
1481
1482
159
984
985
986
1052
1053
980
982
1179
1181
1299
1302
979
980
981
1050
1168
1169
181
1422
1484
1485
1496
318
591
623
624
629
205
936
939
943
945
309
326
457
458
476
320
448
453
468
473
166
908
909
910
1369
216
354
358
361
363
232
818
819
823
1349
689
694
812
897
1595
286
661
790
885
892
773
774
780
881
882
655
762
769
770
876
156
745
869
870
1584
1305
1310
1311
1359
1362
1171
1172
1176
1178
1288
1122
1123
1130
1275
1276
1391
1392
1475
1477
1565
1004
1007
1238
1267
1322
1106
1110
1249
1251
1316
1095
1234
1253
1254
1256
1086
1087
1228
1229
1230
1225
1547
1548
1549
1550
1085
1477
1478
1479
1480
384
385
386
387
390
580
581
583
584
585
174
292
606
1545
1547
296
580
584
586
594
179
292
584
585
603
586
587
588
589
590
1257
1298
1437
1438
1441
561
1415
1422
1423
1424
554
555
556
557
558
497
548
549
550
551
902
906
907
908
909
243
384
391
393
594
289
457
458
883
884
291
292
447
448
453
291
436
437
441
453
443
444
445
486
541
923
1518
1523
1525
1526
168
479
557
1520
1523
932
933
934
1516
1517
468
921
924
926
927
506
507
510
513
525
511
512
521
522
524
519
531
1507
1508
1509
260
421
511
513
515
507
508
516
517
518
163
495
496
498
500
462
492
493
494
495
462
489
490
503
508
412
414
1347
1352
1353
229
871
873
874
875
160
390
391
1309
1312
317
318
321
384
385
389
390
391
399
400
159
381
384
399
406
363
365
366
367
369
330
340
341
343
354
159
275
302
307
355
331
334
335
1182
1183
795
796
797
798
799
605
645
785
789
844
163
642
784
1476
1477
166
275
278
1295
1296
249
399
779
781
1477
166
651
797
842
843
167
761
762
764
1472
282
283
284
285
286
755
756
758
761
762
171
630
631
745
747
571
629
631
745
746
170
724
827
828
830
614
733
736
823
825
603
607
610
611
726
581
593
599
719
720
581
582
706
707
708
698
700
701
773
775
675
687
691
692
693
1301
1302
1303
1304
1306
678
680
689
690
789
662
677
678
680
789
664
665
666
794
797
649
650
958
961
1268
216
560
652
1151
1152
926
927
993
1147
1148
200
636
1141
1225
1226
1139
1142
1144
1145
1146
640
641
642
1138
1140
194
632
638
1279
1280
1124
1126
1130
1277
1280
167
299
300
1128
1231
997
1001
1114
1121
1132
996
997
1115
1116
1120
982
1111
1112
1131
1275
911
956
957
958
1106
166
892
1026
1090
1207
167
1075
1076
1077
1079
1068
1075
1423
1425
1431
1064
1065
1066
1069
1070
165
966
967
1134
1135
925
1034
1035
1036
1037
1030
1032
1150
1151
1154
1325
1326
1383
1400
1401
1021
1022
1023
1029
1177
1020
1021
1226
1472
1473
1009
1010
1166
1167
1168
882
883
1005
1150
1151
524
1393
1394
1493
1494
278
279
280
495
496
1458
1459
1461
1490
1492
421
422
423
424
1455
414
415
515
823
824
509
510
511
512
513
305
306
307
802
803
302
303
310
376
379
404
405
406
407
461
847
850
853
854
855
847
849
859
1437
1438
809
814
1271
1272
1275
391
392
393
1274
1275
315
318
835
836
838
181
326
328
330
335
257
258
259
260
261
1099
1100
1242
1244
1245
163
230
231
241
1254
229
230
231
1422
1423
563
564
565
685
686
522
523
626
627
628
609
1217
1218
1458
1460
746
1218
1223
1224
1456
168
517
1213
1214
1215
514
515
607
739
741
953
954
955
958
1077
933
938
940
960
1100
874
935
936
1067
1068
915
916
917
1384
1385
902
903
1010
1013
1157
887
889
1002
1004
1005
1293
1294
1296
1304
1305
1276
1292
1294
1301
1302
1270
1271
1277
1290
1344
880
1147
1281
1323
1329
1276
1278
1280
1281
1329
1265
1266
1267
1269
1274
1264
1265
1334
1347
1348
814
816
818
820
822
355
357
358
359
370
865
866
1066
1067
1068
491
492
493
560
561
187
188
191
194
1449
857
860
924
926
927
844
845
848
929
1107
836
837
838
839
840
1186
1187
1197
1359
1361
720
1185
1186
1187
1197
822
823
826
894
1426
1125
1126
1179
1181
940
947
952
1129
234
247
924
1086
338
430
431
441
150
421
439
782
165
323
325
333
159
170
260
443
204
749
750
751
549
1368
1369
1370
498
602
1220
1221
578
1429
1430
1431
709
710
713
1423
478
703
1069
1157
573
591
700
1421
1201
1203
1204
1205
1146
1149
1151
1152
1045
1049
1146
1148
846
1036
1141
1142
823
824
890
917
946
1125
1127
1156
1018
1019
1121
1122
870
983
1339
1341
959
960
962
1406
1301
1303
1315
1329
1239
1241
1301
1303
1268
1278
1280
1312
1291
1292
1309
1313
1289
1290
1291
1396
1066
1101
1102
1284
942
1081
1083
1391
1076
1077
1083
1387
807
912
913
1073
910
913
914
924
1062
1066
1092
1093
428
1055
1056
1265
123
124
441
442
761
1067
1305
1306
754
755
759
1018
756
758
760
1134
209
210
211
753
190
206
207
216
183
184
186
205
119
408
432
1373
337
1255
1257
1290
1254
1255
1260
1263
1238
1244
1245
1247
293
298
1363
1364
295
322
323
422
397
422
423
424
117
397
404
406
283
284
730
731
311
768
1352
1353
299
300
357
361
362
365
386
1345
332
334
335
384
118
251
716
721
118
162
230
1152
262
324
346
1337
221
225
243
247
169
206
208
705
179
180
185
195
196
197
214
216
1021
1022
1023
1025
115
153
212
214
142
144
1325
1329
140
142
145
146
138
1016
1017
1018
502
1147
1149
1150
623
624
625
627
479
480
481
621
118
119
122
1320
109
117
1317
1318
608
609
612
1308
1129
1306
1308
1311
210
214
1133
1310
485
600
601
602
478
595
596
1302
116
594
1305
1306
101
103
108
119
116
602
1297
1302
434
435
436
589
416
584
585
649
587
662
1116
1117
578
579
580
581
451
574
575
576
446
447
569
657
562
563
564
565
439
552
650
651
411
412
549
643
503
540
542
644
529
530
533
534
515
516
525
531
387
390
525
637
509
512
1130
1136
498
499
500
501
489
976
978
1073
1092
1100
1101
1279
478
479
480
481
974
976
977
1071
473
474
1124
1125
467
1110
1113
1116
132
134
135
961
937
938
940
1268
934
1266
1268
1270
920
921
927
1040
726
922
923
924
724
920
1044
1045
906
907
909
912
801
886
887
1253
379
778
1250
1252
772
1026
1027
1247
1147
1175
1219
1220
1011
1234
1236
1239
1233
1235
1236
1237
860
1006
1007
1235
846
847
848
851
842
844
998
1058
825
826
827
1224
821
822
1193
1194
252
253
255
308
140
141
351
352
210
236
238
300
646
648
1115
1116
313
314
1109
1112
172
175
645
651
65
88
89
92
444
1083
1084
1085
439
440
583
1100
435
436
437
443
434
435
436
1026
56
72
421
562
67
69
1090
1091
57
1068
1069
1071
423
429
545
546
414
415
416
417
411
412
1063
1064
400
403
406
408
396
398
520
521
374
375
502
504
365
366
368
472
356
363
488
587
340
352
354
455
347
349
1045
1051
343
344
574
936
179
180
181
633
201
296
659
674
144
145
146
655
72
82
653
655
192
193
225
280
160
161
232
255
329
330
331
332
326
643
644
101
104
300
273
632
636
288
289
623
148
167
619
73
138
609
150
151
532
317
318
319
92
317
319
298
300
314
289
303
313
273
292
311
212
272
294
266
268
292
101
284
288
98
279
280
128
148
169
149
167
168
160
161
198
157
158
168
150
161
162
132
138
150
112
126
133
44
106
112
45
47
68
66
68
90
27
61
80
13
21
38
6
17
18
3
4
8
3
5
6
1
3
1
1
1
3
1
2
1
1
1
1
1
2
10
6
8
1
2
4
9
5
1
2
2
1
2
1
2
1
3
3
1
2
9
10
2
25
1
3
16
1
13
2
1
28
15
2
1
13
24
1
2
3
1
13
1
1
5
1
2
2
1
7
1
2
2
1
2
3
1
2
1
1
7
1
2
7
4
6
6
1
2
2
1
7
4
1
2
3
4
2
3
3
4
3
1
1
4
1
2
1
1
2
9
9
10
1
2
5
1
2
3
1
7
4
1
2
1
2
1
1
2
3
1
7
6
1
2
2
3
5
1
5
1
1
1
1
1
1
6
1
2
1
2
1
3
1
2
2
5
3
103
1
2
31
4
1
95
12
13
1
4
12
4
1
3
89
1
88
57
2
30
31
27
41
28
1
62
2
62
1
2
3
78
1
78
2
1
2
3
2
55
72
1
58
1
2
3
52
55
53
2
60
1
2
3
2
66
1
22
23
1
3
51
52
1
2
50
1
49
5
27
2
1
2
19
1
18
5
1
2
3
1
10
12
2
4
1
2
5
1
2
3
3
12
1
1
2
2
4
1
2
3
2
1
20
1
3
1
18
1
3
1
2
2
1
1
1
1
1
4
1
2
1
2
1
1
6
2
1
2
1
1
1
5
1
1
6
1
2
1
1
2
2
3
2
130
14
1
2
191
174
1
2
1
92
220
1
2
3
225
226
88
226
1
2
105
106
2
231
1
2
233
230
1
138
1
231
1
124
1
125
1
2
3
101
102
190
104
1
2
115
184
239
1
6
127
126
3
1
4
151
1
1
147
2
1
4
7
1
214
1
213
119
1
2
3
113
1
115
1
2
3
210
211
1
123
114
1
2
122
123
1
2
3
1
120
1
3
1
5
208
1
207
1
2
117
1
201
115
1
1
140
141
1
2
8
118
1
2
5
6
1
2
124
126
117
120
1
2
6
6
1
2
3
143
1
135
140
2
1
2
10
137
1
5
1
1
130
138
2
1
3
132
1
1
127
1
2
1
1
1
131
132
39
129
1
129
35
17
1
2
126
32
125
126
1
2
3
3
1
109
109
106
1
1
2
6
2
1
2
99
1
2
7
112
1
2
3
1
3
75
1
1
108
1
107
8
108
1
1
1
1
101
1
2
100
5
96
94
99
1
2
91
95
1
3
1
2
3
1
2
3
1
2
3
2
87
1
2
3
88
1
1
1
1
2
2
85
9
1
4
1
3
1
5
1
1
76
1
4
1
1
1
4
1
1
2
3
1
2
65
1
2
63
59
1
2
3
2
2
1
56
1
4
5
2
4
1
54
53
1
47
1
46
1
8
9
1
2
1
3
1
1
2
1
1
1
1
1
2
1
3
1
2
3
1
1
1
1
1
1
2
3
3
4
1
1
1
2
5
2
1
6
5
1
1
1
1
4
5
4
1
7
2
2
6
4
1
3
1
3
2
1
2
5
2
1
4
1
1
2
2
1
2
1
15
2
2
3
6
2
6
4
2
5
10
1
1
1
2
4
2
1
2
70
71
195
317
1
2
3
4
3
1
174
180
1
173
173
1
2
320
196
1
268
269
1
4
3
4
1
64
65
314
1
266
1
2
3
4
2
66
1
315
314
4
199
1
4
1
57
56
60
1
196
195
3
5
66
1
1
63
1
67
1
2
3
209
202
195
301
1
2
3
2
193
194
241
310
311
296
3
316
1
74
266
267
1
73
262
260
261
1
2
3
1
113
120
121
1
2
3
1
130
111
8
10
118
1
2
3
2
113
1
258
111
1
6
7
3
6
2
255
2
110
3
1
253
252
1
2
3
106
109
110
110
113
1
118
1
2
16
148
1
2
3
4
4
6
1
206
1
251
1
2
2
1
2
3
1
246
245
1
85
5
167
1
85
1
1
132
1
1
20
21
1
2
3
129
130
130
131
155
1
2
1
179
178
1
2
3
1
162
236
127
1
2
124
229
1
4
124
2
119
1
119
117
131
1
141
1
1
189
1
3
1
160
1
1
1
1
144
1
2
3
1
4
3
143
1
2
1
2
1
156
214
1
2
4
149
145
1
2
3
181
210
210
211
1
2
150
205
2
141
1
1
146
148
1
2
146
148
1
9
10
1
1
153
3
1
2
2
1
149
1
2
146
2
3
143
1
1
2
1
2
1
3
1
2
3
2
1
1
1
4
7
1
1
1
4
5
2
124
120
1
2
1
2
121
1
2
1
5
125
1
1
117
4
112
1
113
1
112
2
1
111
110
1
2
1
1
3
1
2
108
111
4
1
1
3
20
22
7
103
1
103
1
2
3
1
4
103
1
98
1
99
1
2
86
2
3
4
84
2
2
95
1
1
1
1
1
88
1
1
1
1
2
1
80
1
2
81
1
2
3
36
1
4
22
23
1
29
84
26
1
16
57
70
1
1
6
10
1
1
2
1
1
1
1
1
2
2
1
55
1
41
1
1
1
1
3
1
2
1
4
1
1
1
6
1
1
1
1
1
1
1
2
1
1
1
1
2
3
10
1
10
1
1
1
1
2
1
6
2
1
1
1
2
3
1
3
1
2
3
1
3
1
1
2
3
1
3
1
2
3
2
3
1
1
1
1
1
1
1
1
2
1
2
1
1
2
3
10
1
12
3
1
4
8
1
1
2
6
1
1
2
1
1
1
2
3
33
34
1
41
43
83
1
2
69
7
74
5
6
19
29
1
67
1
66
1
65
1
26
24
25
1
2
3
2
62
3
74
1
48
49
1
70
1
2
3
4
2
70
1
2
57
14
58
1
2
3
10
9
62
1
2
1
9
10
39
38
7
1
44
6
8
1
5
1
2
44
2
2
37
38
1
35
1
2
10
33
1
2
30
2
34
1
3
1
2
1
3
1
2
1
1
1
17
1
2
3
1
2
5
1
12
1
11
1
2
1
1
1
1
1
1
2
2
1
1
1
2
3
1
3
1
2
1
2
1
2
1
9
2
8
1
2
3
1
1
1
4
1
2
1
1
1
1
2
1
2
1
2
1
1
4
1
2
1
2
1
1
1
1
1
8
7
1
2
3
4
1
3
1
2
1
1
1
2
3
2
4
2
1
1
4
2
3
1
1
1
1
2
1
1
2
2
5
7
1
3
1
2
1
2
1
2
3
1
1
1
2
1
1
