48
56
79
82
87
88
89
103
111
115
122
131
152
153
161
165
181
214
215
222
225
229
243
244
247
250
254
279
281
287
296
345
379
401
412
440
454
456
459
475
476
480
486
488
491
492
495
496
503
511
517
527
535
538
541
563
584
589
596
602
605
606
607
613
614
615
617
619
625
627
636
639
644
651
654
669
670
671
672
699
704
718
719
734
739
745
754
755
770
771
775
808
816
818
832
833
836
837
839
840
841
842
843
844
845
846
847
848
849
855
856
857
858
859
860
862
863
865
875
879
880
881
883
884
887
888
891
892
899
911
912
927
956
963
1013
1025
1037
1042
1043
1052
1056
1060
1065
1071
1076
1079
1081
1082
1107
1120
1127
1128
1129
1134
1139
1156
1164
1166
1168
1169
1181
1182
1185
1212
1216
1266
1268
1299
1313
1318
1319
1320
1322
1324
1325
1342
1345
1348
1349
1350
1370
1371
1386
1391
1392
1398
1399
1400
1404
1419
1431
1432
1433
1434
1435
1444
1447
1449
1469
1475
1476
1477
1481
1482
1512
1516
1519
1520
1534
1536
1542
1557
1578
1581
1582
1584
1585
1586
1617
1618
1621
1622
1623
1626
1627
1659
1661
1666
1679
1696
1700
1701
1712
1715
1738
1757
1760
1768
1770
1771
1798
1877
1881
1891
1925
1927
1928
1930
1942
2031
2035
2037
2045
2046
2060
2067
2068
2070
2071
2072
2073
2074
2075
2076
2103
2106
2107
2108
2138
2140
2142
2146
2167
2168
2199
2200
2201
2202
2203
2204
2205
2206
2207
2208
2209
2210
2211
2212
2213
2214
2215
2216
2217
2218
2219
2220
2221
2222
2223
2224
2225
2226
2227
2228
2229
2230
2231
2232
2233
2234
2235
2236
2237
2238
8
47
63
67
81
88
100
114
137
152
153
160
164
184
189
198
200
226
228
240
242
243
249
258
278
279
280
287
295
378
411
434
451
455
458
462
474
475
479
487
494
510
516
526
534
540
572
579
604
612
613
614
616
625
626
627
628
638
640
642
644
645
647
649
650
653
668
669
670
671
672
698
703
713
718
733
738
746
753
761
769
770
797
805
808
810
815
817
823
831
832
834
838
839
840
841
844
846
848
853
854
855
856
857
858
863
864
866
874
879
880
881
882
887
891
894
898
908
909
910
911
921
932
953
957
970
980
983
995
1012
1016
1023
1036
1045
1046
1054
1057
1059
1064
1075
1078
1119
1120
1127
1128
1133
1135
1140
1141
1166
1168
1180
1215
1217
1218
1239
1242
1253
1254
1267
1307
1312
1319
1321
1323
1324
1341
1344
1347
1348
1349
1367
1368
1369
1370
1372
1385
1391
1393
1397
1403
1406
1412
1430
1431
1433
1434
1443
1444
1481
1513
1515
1518
1524
1527
1556
1580
1581
1582
1585
1617
1619
1621
1622
1623
1664
1691
1702
1704
1710
1711
1712
1713
1714
1738
1756
1758
1759
1760
1762
1763
1766
1767
1769
1770
1797
1880
1925
1926
1945
2015
2025
2028
2035
2039
2040
2043
2057
2058
2059
2061
2063
2064
2065
2066
2067
2068
2103
2104
2137
2138
2139
2140
2141
2142
2143
2144
2145
2146
2147
2148
2149
2150
2151
2152
2153
2154
2155
2156
2157
2158
2159
2160
2161
2162
2163
2164
2165
2166
2167
2168
2169
2170
2171
2172
2173
2174
2175
46
54
66
80
86
87
109
113
129
149
151
163
168
183
188
220
223
227
238
244
245
249
252
253
284
286
314
327
335
336
377
384
403
413
433
445
446
454
474
476
478
490
501
509
515
518
525
539
558
561
566
578
580
587
595
605
610
611
612
615
617
623
624
627
628
637
644
648
649
651
668
669
670
671
697
702
712
717
737
743
752
753
757
760
768
769
770
803
805
806
807
813
814
816
822
830
832
833
835
838
840
842
845
846
847
852
853
855
857
858
859
860
861
862
873
878
880
881
885
889
897
907
910
924
925
956
969
979
981
982
1002
1022
1037
1039
1040
1050
1058
1063
1074
1077
1079
1080
1090
1118
1121
1123
1124
1125
1126
1127
1132
1134
1140
1154
1156
1162
1165
1166
1167
1179
1200
1210
1214
1241
1252
1253
1318
1323
1341
1343
1346
1347
1366
1367
1368
1369
1370
1371
1387
1392
1396
1400
1402
1405
1413
1419
1429
1434
1443
1445
1447
1473
1474
1480
1482
1510
1512
1515
1523
1576
1577
1578
1580
1582
1615
1627
1633
1636
1644
1657
1663
1675
1680
1695
1708
1709
1720
1755
1759
1765
1766
1772
1800
1879
1924
1927
1933
1938
1941
1950
1955
2056
2057
2060
2061
2063
2072
2085
2095
2097
2098
2099
2100
2101
2102
2103
2104
2105
2106
2107
2108
2109
2110
2111
2112
2113
2114
2115
2116
2117
2118
2119
2120
2121
2122
2123
2124
2125
2126
2127
2128
2129
2130
2131
2132
2133
2134
2135
1
19
39
45
53
54
64
65
70
79
104
108
111
119
150
152
158
162
164
175
187
193
198
222
226
236
247
251
282
296
326
393
409
432
440
473
488
492
493
524
548
560
581
586
606
610
611
614
615
623
624
625
626
636
638
643
650
658
666
669
696
701
711
736
742
751
752
759
767
768
772
805
812
813
821
823
829
839
846
851
852
853
854
855
857
861
862
872
878
879
880
888
890
896
906
908
909
951
952
955
978
1001
1005
1006
1007
1008
1010
1011
1018
1021
1036
1040
1057
1062
1068
1073
1078
1110
1117
1118
1122
1123
1125
1126
1128
1129
1133
1137
1138
1166
1178
1211
1252
1305
1313
1315
1316
1317
1321
1339
1342
1346
1365
1366
1367
1383
1388
1391
1392
1404
1406
1407
1428
1442
1446
1462
1464
1509
1510
1513
1515
1516
1527
1532
1539
1575
1579
1614
1615
1616
1618
1619
1621
1623
1648
1656
1683
1684
1690
1709
1710
1754
1757
1760
1762
1765
1768
1895
1939
1941
1963
2013
2023
2037
2039
2055
2056
2057
2058
2059
2060
2061
2062
2063
2064
2065
2066
2067
2068
2069
2070
2071
2072
2073
2074
2075
2076
2077
2078
2079
2080
2081
2082
2083
2084
2085
2086
2087
2088
2089
2090
2091
2092
5
53
62
64
99
107
110
127
149
157
161
166
173
174
181
184
205
218
225
246
250
251
275
277
283
284
331
333
380
397
451
452
469
474
484
487
492
499
522
523
528
537
569
585
593
608
609
610
611
613
626
632
635
639
644
646
647
660
665
666
667
668
669
686
696
700
714
735
758
760
766
771
804
811
812
814
835
836
837
838
840
841
842
844
845
850
851
855
857
864
875
876
880
906
908
915
920
952
954
979
997
1021
1038
1039
1056
1061
1072
1103
1116
1123
1125
1126
1177
1180
1181
1186
1236
1262
1264
1339
1368
1379
1382
1392
1394
1395
1396
1423
1427
1428
1441
1456
1473
1508
1510
1513
1515
1553
1572
1575
1576
1577
1579
1580
1613
1614
1615
1617
1631
1655
1657
1661
1688
1689
1693
1696
1697
1699
1706
1753
1754
1757
1759
1760
1763
1826
1873
1923
1924
2009
2010
2011
2012
2013
2014
2015
2016
2017
2018
2019
2020
2021
2022
2023
2024
2025
2026
2027
2028
2029
2030
2031
2032
2033
2034
2035
2036
2037
2038
2039
2040
2041
2042
2043
2044
2045
2046
2047
2048
2049
2050
2051
2052
2053
7
8
50
58
102
210
284
393
400
413
415
416
419
421
435
436
441
470
475
486
488
512
573
574
576
578
651
673
691
705
713
747
775
790
799
807
817
874
1031
1034
1059
1075
1157
1189
1190
1191
1192
1193
1194
1195
1196
1197
1198
1199
1200
1201
1202
1204
1205
1247
1327
1332
1334
1351
1362
1480
1481
1482
1483
1484
1485
1486
1487
1488
1489
1490
1491
1492
1494
1496
1498
1500
1502
1504
1505
1558
1583
1584
1585
1586
1587
1588
1589
1591
1592
1593
1594
1595
1596
1597
1598
1599
1603
1604
1605
1607
1608
1611
1772
1773
1774
1778
1785
1800
1802
1804
1809
1883
1954
1955
1956
1957
1958
1959
1960
1961
1962
1963
1964
1965
1966
1967
1968
1969
1970
1971
1972
1973
1974
1975
1976
1977
1978
1979
1980
1981
1982
1983
1984
1985
1986
1987
1988
1989
1990
1991
1992
1993
1994
1995
1996
1997
1998
1999
2000
2001
2002
2003
2004
2005
2006
2007
9
10
42
62
109
116
124
147
155
179
219
223
241
244
248
249
273
278
282
332
339
380
429
448
469
472
490
535
574
591
593
601
607
608
609
611
618
619
620
621
622
623
624
635
640
642
644
645
647
648
663
665
666
670
698
717
728
739
748
753
765
769
797
805
809
810
812
813
836
839
841
842
843
849
850
852
853
854
855
857
859
875
877
904
905
906
920
921
966
975
976
979
990
998
1013
1019
1031
1034
1036
1046
1075
1082
1115
1120
1121
1130
1160
1179
1188
1210
1251
1257
1260
1262
1337
1339
1343
1362
1364
1393
1403
1415
1426
1434
1506
1507
1519
1572
1573
1575
1578
1580
1584
1611
1612
1629
1632
1633
1635
1685
1695
1751
1766
1870
1873
1923
1934
1935
1936
1937
1938
1939
1940
1941
1942
1943
1944
1945
1946
1947
1948
1949
1950
1951
1952
15
41
70
81
82
169
183
222
237
240
247
248
261
266
277
288
331
338
372
379
409
428
431
438
441
468
469
473
484
485
486
489
496
504
510
513
515
534
544
556
612
618
621
623
634
635
637
641
643
644
646
647
648
665
669
712
732
747
755
763
764
768
782
784
811
817
819
823
826
833
835
840
842
848
851
854
855
856
872
876
877
884
902
905
910
938
942
1032
1034
1036
1053
1069
1074
1081
1100
1113
1118
1120
1127
1160
1205
1209
1227
1261
1311
1315
1336
1343
1362
1363
1364
1366
1374
1384
1387
1397
1424
1431
1438
1440
1458
1468
1470
1506
1507
1509
1510
1565
1575
1576
1577
1578
1610
1612
1638
1658
1693
1694
1709
1754
1764
1843
1874
1891
1917
1918
1919
1920
1921
1922
1923
1924
1925
1926
1927
1928
1929
1930
1931
1932
159
218
231
277
279
308
353
402
405
472
474
475
478
483
484
485
486
518
521
531
568
594
598
658
706
754
781
783
786
816
817
818
925
946
980
1010
1063
1081
1097
1120
1126
1134
1148
1204
1206
1207
1209
1213
1260
1265
1283
1295
1302
1304
1350
1358
1407
1422
1446
1447
1449
1451
1459
1515
1555
1669
1722
1729
1768
1779
1794
1830
1842
1852
1853
1861
1869
1877
1878
1879
1880
1881
1882
1883
1884
1885
1886
1887
1888
1889
1890
1891
1892
1893
1894
1895
1896
1897
1898
1899
1900
1901
1902
1903
1904
1905
1906
1907
1908
1909
1910
1911
1912
1913
1914
1915
13
55
106
152
181
192
206
275
277
287
290
307
326
377
401
426
443
446
477
479
487
492
517
518
521
526
554
580
587
590
593
609
620
632
639
665
695
705
709
730
762
782
800
852
853
870
871
873
875
884
900
924
1015
1041
1042
1043
1047
1050
1051
1052
1067
1098
1119
1125
1127
1132
1135
1149
1171
1259
1300
1302
1305
1311
1360
1377
1389
1398
1421
1425
1426
1435
1445
1448
1505
1516
1519
1524
1526
1553
1569
1575
1656
1665
1703
1751
1850
1865
1866
1867
1868
1869
1870
1871
1872
1873
1874
1875
56
81
104
157
190
191
229
230
231
236
251
274
277
279
306
307
316
325
338
400
406
425
445
453
472
476
483
497
498
499
500
501
519
524
525
529
591
592
593
596
704
752
779
781
813
833
837
878
906
923
978
1003
1007
1044
1118
1134
1202
1211
1219
1252
1263
1264
1298
1299
1301
1305
1335
1348
1444
1445
1446
1447
1458
1460
1513
1525
1540
1542
1544
1545
1546
1547
1552
1554
1578
1661
1664
1666
1667
1669
1722
1727
1849
1850
1851
1852
1853
1854
1855
1856
1857
1858
1859
1860
1861
1862
1863
6
45
55
159
163
174
184
228
270
273
275
305
399
401
404
405
429
437
444
450
471
475
481
490
516
517
524
528
532
586
590
591
595
656
703
753
754
780
783
807
815
848
854
890
895
917
973
994
1040
1044
1046
1133
1175
1201
1204
1206
1215
1218
1223
1261
1262
1334
1354
1404
1444
1445
1449
1451
1516
1530
1539
1541
1649
1667
1680
1719
1816
1819
1820
1821
1822
1823
1824
1825
1826
1827
1828
1829
1830
1831
1832
1833
1834
1835
1836
1837
1838
1839
1840
1841
1842
1843
1844
1845
1846
1847
9
41
43
72
85
196
203
252
326
393
479
480
481
482
483
527
549
566
606
710
711
767
768
777
800
801
803
816
835
899
1017
1020
1055
1075
1098
1099
1145
1150
1191
1231
1265
1320
1380
1478
1483
1499
1514
1524
1580
1763
1764
1765
1766
1767
1768
1769
1770
1771
1772
1773
1774
1775
1776
1777
1778
1779
1780
1781
1782
1783
1784
1785
1786
1787
1788
1789
1790
1791
1792
1793
1794
1795
1796
1797
1798
1799
1800
1801
1802
1803
1804
1805
1806
1807
1808
1809
1810
1811
1812
1813
1814
43
53
75
125
141
212
237
238
239
241
242
268
275
396
443
448
478
514
528
550
584
593
597
601
602
604
623
628
630
633
657
659
726
758
796
803
827
829
836
841
843
844
845
847
851
870
898
899
913
945
970
971
1025
1042
1107
1111
1112
1114
1115
1116
1245
1250
1330
1332
1336
1357
1358
1378
1386
1387
1418
1463
1505
1506
1634
1679
1688
1698
1726
1743
1744
1745
1746
1747
1748
1749
1750
1751
1752
1753
1754
1755
1756
1757
1758
1759
1760
1761
18
122
124
225
228
266
270
272
273
285
303
334
396
398
399
441
448
469
479
480
520
521
541
588
592
653
704
749
751
777
809
811
902
907
932
970
974
999
1003
1029
1037
1041
1057
1075
1114
1130
1166
1198
1203
1211
1215
1294
1300
1344
1348
1352
1401
1443
1445
1451
1452
1454
1509
1536
1537
1538
1549
1605
1646
1664
1715
1716
1717
1718
1719
1720
1721
1722
1723
1724
1725
1726
1727
1728
1729
1730
1731
1732
1733
1734
1735
1736
1737
1738
1739
1740
1741
27
41
100
207
210
228
235
244
266
284
322
440
508
526
591
592
597
599
602
615
626
628
631
635
638
654
655
657
675
689
730
744
756
803
820
825
827
834
840
842
865
866
868
872
873
877
896
897
906
968
981
989
1002
1025
1037
1050
1066
1075
1105
1125
1142
1166
1206
1305
1310
1311
1328
1330
1357
1381
1416
1417
1499
1501
1502
1567
1644
1695
1696
1697
1698
1699
1700
1701
1702
1703
1704
1705
1706
1707
1708
1709
1710
1711
1712
1713
209
231
239
263
272
300
329
332
378
385
438
460
462
464
480
496
501
525
580
581
591
598
623
627
746
754
792
793
803
849
859
894
905
908
967
979
1009
1021
1022
1023
1024
1025
1026
1027
1031
1049
1072
1079
1080
1083
1165
1168
1169
1224
1238
1239
1241
1250
1252
1283
1306
1316
1352
1382
1397
1415
1431
1461
1557
1563
1565
1603
1611
1619
1623
1629
1647
1676
1677
1678
1679
1680
1681
1682
1683
1684
1685
1686
1687
1688
1689
1690
1691
1692
1693
49
65
184
188
210
263
270
299
300
331
363
393
395
431
438
446
469
471
476
494
495
509
510
512
517
518
585
588
650
701
745
774
809
842
899
916
929
971
996
1000
1001
1003
1022
1034
1037
1039
1111
1125
1127
1142
1163
1173
1257
1291
1292
1293
1294
1297
1298
1299
1322
1352
1355
1414
1427
1438
1457
1506
1534
1535
1537
1538
1545
1654
1657
1658
1659
1660
1661
1662
1663
1664
1665
1666
1667
1668
1669
1670
1671
1672
1673
1674
4
50
96
202
207
208
236
261
307
383
436
458
505
589
599
606
607
611
623
632
633
651
653
686
705
716
737
753
757
790
812
818
824
829
837
838
841
842
843
857
869
870
881
891
893
894
986
1006
1020
1040
1047
1103
1105
1138
1139
1147
1172
1198
1225
1248
1314
1324
1331
1368
1376
1413
1466
1524
1564
1607
1641
1642
1643
1644
1645
1646
1647
1648
1649
1650
1651
1652
1
3
83
206
224
239
264
326
382
399
401
405
421
456
457
458
459
484
518
588
610
620
640
690
777
790
792
799
846
856
930
1006
1018
1020
1021
1023
1025
1028
1069
1070
1072
1076
1077
1219
1225
1236
1238
1249
1272
1274
1278
1283
1312
1317
1554
1573
1616
1617
1618
1619
1620
1621
1622
1623
1624
1625
1626
1627
1628
1629
1630
1631
1632
1633
1634
1635
1636
1637
1638
1639
28
48
69
141
226
259
271
434
475
481
503
560
593
597
598
605
608
621
622
625
628
630
631
633
651
684
714
719
725
739
751
755
790
796
806
813
815
827
828
837
839
845
860
863
892
893
1004
1023
1031
1100
1101
1353
1379
1411
1492
1493
1494
1496
1564
1597
1598
1599
1600
1601
1602
1603
1604
1605
1606
1607
1608
1609
1610
1611
1612
1613
1614
42
86
298
459
470
472
557
558
560
562
657
666
701
783
801
858
942
1043
1173
1174
1175
1176
1177
1178
1179
1180
1181
1183
1184
1185
1246
1284
1346
1464
1465
1466
1467
1468
1471
1473
1475
1476
1478
1483
1484
1489
1567
1568
1569
1570
1571
1572
1573
1574
1575
1576
1577
1578
1579
1580
1581
1582
1583
1584
1585
1586
1587
1588
1589
1590
1591
1592
1593
1594
1595
13
60
86
93
113
168
179
259
364
413
433
453
474
533
607
608
624
626
628
632
652
682
723
749
789
820
821
833
839
842
858
859
860
861
877
887
938
995
1003
1030
1098
1105
1114
1119
1144
1215
1245
1250
1310
1376
1377
1382
1385
1427
1490
1491
1492
1494
1550
1551
1552
1553
1554
1555
1556
1557
1558
1559
1560
1561
1562
1563
1564
1565
39
79
117
132
178
207
228
261
263
268
272
273
293
387
393
395
397
403
419
497
578
580
585
671
686
739
741
801
841
842
857
898
902
965
981
990
995
1057
1105
1189
1194
1198
1434
1442
1447
1494
1500
1519
1528
1538
1539
1540
1541
1542
1543
1544
1545
1546
1547
1548
146
176
191
215
217
244
256
322
324
363
386
431
444
462
503
505
515
577
579
582
592
632
738
765
767
800
801
802
864
935
964
1033
1084
1118
1120
1188
1198
1205
1238
1249
1334
1336
1431
1442
1499
1518
1526
1527
1528
1529
1530
1531
1532
1533
1534
1535
1536
41
151
174
177
243
256
259
262
264
291
305
323
388
471
509
514
517
582
591
674
689
798
799
807
834
841
863
876
929
980
999
1064
1103
1109
1192
1206
1410
1451
1498
1508
1509
1510
1511
1512
1513
1514
1515
1516
1517
1518
1519
1520
1521
1522
1523
1524
63
65
144
207
215
221
242
255
258
263
269
273
294
348
360
429
437
470
477
508
515
525
558
603
616
644
664
665
673
733
738
783
823
835
837
905
978
979
1035
1186
1203
1205
1208
1278
1421
1449
1499
1500
1501
1502
1503
1504
1505
1506
28
89
143
181
212
216
219
254
256
264
268
293
311
340
347
360
383
386
407
411
417
421
428
441
455
456
459
484
507
512
514
643
648
649
650
665
738
764
797
798
799
857
877
1030
1043
1044
1115
1190
1202
1333
1428
1440
1496
1497
10
125
201
222
226
309
447
513
584
586
613
620
625
642
645
662
726
747
788
807
820
821
828
829
830
833
852
883
884
953
957
968
976
997
1092
1095
1098
1112
1240
1297
1342
1376
1484
1485
1486
1487
1488
1489
1490
1491
1492
1493
1494
67
78
260
417
775
793
842
850
919
1007
1010
1035
1144
1165
1167
1168
1169
1170
1171
1172
1173
1176
1303
1308
1327
1456
1457
1458
1459
1460
1461
1462
1463
1464
1465
1466
1467
1468
1469
1470
1471
1472
1473
1474
1475
1476
1477
1478
1479
1480
1481
1482
59
101
123
179
256
259
286
371
457
473
490
595
601
605
621
641
704
715
741
811
817
818
828
829
830
849
853
857
897
954
995
1021
1077
1095
1134
1236
1302
1318
1417
1444
1445
1446
1447
1448
1449
1450
1451
1452
1453
1454
136
137
208
250
252
256
273
311
379
455
459
460
495
683
734
758
759
760
792
795
870
873
875
915
957
1026
1058
1103
1123
1195
1198
1199
1212
1242
1243
1271
1279
1281
1425
1433
1434
1435
1436
1437
1438
1439
1440
1441
1442
104
144
168
173
209
248
252
254
255
257
316
381
454
479
502
503
505
569
571
574
576
635
649
686
703
731
752
758
759
856
985
1019
1026
1180
1228
1230
1326
1412
1422
1423
1424
1425
1426
1427
1428
1429
1430
1431
49
196
214
225
253
283
451
459
494
530
636
657
671
729
737
783
800
816
824
825
850
879
1019
1027
1049
1095
1125
1134
1152
1276
1287
1322
1336
1344
1363
1408
1409
1410
1411
1412
1413
1414
1415
1416
1417
1418
1419
1420
501
507
555
562
568
578
583
585
614
620
635
636
775
778
790
792
799
801
806
820
845
846
848
850
892
899
962
979
990
1026
1073
1094
1095
1100
1357
1360
1396
1397
1398
1399
1400
1401
1402
1403
1404
1405
1406
54
244
261
310
339
416
447
452
500
589
664
684
735
813
830
846
847
968
990
1009
1061
1092
1094
1099
1138
1150
1233
1305
1336
1378
1379
1380
1381
1382
1383
1384
1385
1386
1387
1388
1389
1390
1391
1392
1393
1394
12
40
115
189
237
299
308
373
439
475
481
491
499
553
590
593
610
614
636
663
734
818
825
827
828
846
882
912
949
952
1051
1093
1114
1284
1366
1367
1368
1369
1370
1371
1372
1373
1374
1375
1376
31
116
124
526
531
592
602
604
606
611
653
667
677
768
779
811
820
823
824
845
875
889
926
1000
1086
1097
1099
1218
1226
1306
1331
1349
1353
1354
1355
1356
1357
1358
1359
1360
1361
1362
1363
84
132
136
138
143
177
192
209
230
258
348
349
363
382
386
390
400
422
430
457
513
561
604
618
627
772
825
846
910
911
1008
1125
1222
1281
1339
1340
1341
1342
1343
1344
1345
1346
1347
76
257
436
441
478
488
541
560
600
602
612
660
665
706
772
793
794
809
816
820
840
841
842
1007
1021
1037
1068
1081
1090
1095
1119
1281
1283
1329
1330
1331
1332
1333
1334
1335
1336
1337
49
98
187
247
306
318
370
397
446
515
561
562
563
626
722
751
783
792
823
893
914
948
977
1088
1104
1172
1175
1177
1185
1315
1316
1317
1318
1319
1320
1321
1322
1323
1324
1325
1326
1327
7
238
439
482
543
571
572
583
585
600
607
630
631
673
678
718
774
807
818
823
839
841
842
870
1080
1082
1093
1277
1301
1302
1303
1304
1305
1306
1307
1308
1309
1310
1311
1312
1313
143
167
183
201
202
205
296
303
425
433
435
436
597
623
767
768
833
905
907
983
998
999
1114
1117
1195
1201
1213
1224
1286
1288
1289
1290
1291
1292
1293
1294
1295
1296
1297
1298
1299
13
71
79
122
142
294
586
607
608
629
656
728
766
781
790
811
814
837
839
856
869
890
915
941
961
970
1064
1080
1085
1086
1091
1275
1276
1277
1278
1279
1280
1281
1282
1283
1284
68
70
97
157
230
243
248
336
366
369
411
424
442
444
448
482
486
490
519
558
561
782
860
1007
1012
1013
1015
1084
1136
1168
1230
1264
1265
1266
1267
1268
1269
1270
1271
1272
1273
150
180
238
300
356
492
498
510
554
562
594
665
736
758
773
865
980
992
994
995
997
1192
1193
1223
1246
1247
1248
1249
1250
1251
1252
1253
1254
1255
1256
1257
1258
1259
1260
1261
1262
19
76
357
443
465
471
512
513
517
518
521
522
553
578
579
581
582
584
644
645
777
810
835
1227
1228
1229
1230
1231
1232
1233
1234
1235
1236
1237
1238
1239
1240
1241
1242
1243
1244
72
103
178
200
298
354
428
431
488
508
531
560
592
676
764
771
781
796
818
860
863
978
990
992
993
995
997
1138
1190
1191
1197
1208
1210
1219
1220
1221
1222
1223
1224
1225
4
9
13
20
32
33
40
177
192
335
365
558
566
624
782
784
785
786
787
788
789
794
800
809
839
840
843
844
845
847
935
937
956
1009
1169
1179
1214
1215
1216
1217
7
17
53
61
89
101
238
239
299
406
412
413
437
514
557
558
617
713
769
777
816
818
905
990
1013
1133
1135
1136
1203
1204
1205
1206
1207
1208
1209
1210
1211
1212
65
81
84
176
197
295
425
426
428
495
586
589
630
860
929
936
987
989
990
991
992
994
1039
1187
1188
1189
1190
1191
1192
1193
1194
1195
1196
1197
1198
1199
1200
1201
119
235
236
286
335
359
404
431
432
435
476
477
483
674
684
774
820
850
903
1006
1077
1091
1161
1166
1167
1174
1175
1176
1177
1178
1179
1180
1181
1182
1183
1184
1185
14
30
52
118
136
229
232
358
403
409
436
439
474
549
553
614
650
739
864
881
902
903
953
1019
1160
1162
1163
1164
1165
1166
1167
1168
1169
1170
1171
1172
54
162
177
267
292
305
321
475
543
727
742
751
826
910
950
1011
1141
1142
1143
1144
1145
1146
1147
1148
1149
1150
1151
1152
1153
1154
1155
1156
1157
1158
53
147
192
230
234
320
333
406
447
547
549
570
589
705
870
929
997
1113
1125
1126
1127
1128
1129
1130
1131
1132
1133
1134
1135
1136
1137
1138
1139
10
160
188
189
209
319
448
456
462
488
496
503
504
541
621
635
755
892
924
1035
1095
1099
1100
1101
1102
1103
1104
1105
1106
1107
1108
1109
1110
14
71
81
111
162
164
172
176
183
230
255
260
261
279
363
427
471
472
478
620
689
733
735
1073
1086
1087
1088
1089
1090
1091
1092
1093
230
378
545
569
572
584
589
596
657
697
807
825
842
967
1050
1063
1071
1072
1073
1074
1075
1076
1077
1078
1079
1080
1081
1082
1083
1084
93
95
103
171
469
483
541
559
583
593
612
696
713
757
778
779
790
799
983
1004
1023
1061
1062
1063
1064
1065
1066
1067
1068
1069
3
156
184
209
379
406
452
480
617
659
730
752
788
821
825
886
1007
1046
1048
1049
1050
1051
1052
1053
1054
1055
1056
1057
1058
1059
17
55
155
301
415
416
428
489
491
616
620
752
861
983
1027
1028
1029
1030
1031
1032
1033
1034
1035
1036
1037
1038
1039
1040
1041
1042
70
340
359
363
428
450
587
589
615
629
630
631
648
658
794
821
865
918
1015
1016
1017
1018
1019
1020
1021
1022
1023
1024
1025
181
257
312
347
433
449
496
506
577
581
594
801
803
822
898
917
1002
1003
1004
1005
1006
1007
1008
1009
1010
1011
1012
1013
138
323
347
350
374
400
448
471
555
611
728
799
987
988
989
990
991
992
993
994
995
996
997
998
999
1000
100
183
204
219
377
412
487
543
572
575
762
846
885
972
973
974
975
976
977
978
979
980
981
982
983
984
76
130
143
181
255
293
338
397
426
427
428
429
490
493
611
625
626
750
964
965
966
967
968
969
970
45
65
167
188
217
226
245
253
271
299
451
476
547
548
575
577
650
653
897
958
959
960
961
962
111
159
177
609
651
678
743
832
941
942
943
944
945
946
947
948
949
950
951
952
953
954
955
956
20
127
128
315
604
762
764
765
766
767
768
769
789
790
819
820
823
824
825
827
936
937
938
939
22
69
97
156
276
474
886
919
920
921
922
923
924
925
926
927
928
929
930
931
932
933
934
12
91
177
184
549
601
602
603
700
740
746
788
795
842
911
912
913
914
915
916
917
2
31
179
216
287
338
484
509
535
817
897
900
901
902
903
904
905
906
907
908
909
23
136
195
417
486
650
723
724
725
726
728
729
730
889
890
891
892
893
894
895
96
166
177
258
409
466
593
753
790
812
828
870
880
881
882
883
884
885
886
887
100
194
215
245
386
477
554
591
715
736
789
871
872
873
874
875
876
877
878
209
214
320
509
514
516
518
541
689
858
859
860
861
862
863
864
865
866
867
152
192
207
212
414
435
466
508
661
740
757
848
850
851
852
853
854
855
856
104
131
143
170
203
231
310
357
361
544
545
839
840
841
842
843
844
845
846
31
75
112
539
568
570
594
738
780
804
807
831
832
833
834
835
836
837
147
207
666
686
792
817
818
819
820
821
822
823
824
825
826
827
828
829
1
8
86
303
321
673
750
752
753
754
755
756
757
807
808
812
814
815
7
209
302
749
751
752
753
754
755
756
806
807
808
809
810
811
812
238
291
364
461
559
566
568
571
797
798
799
800
801
802
803
804
56
107
282
284
392
728
786
787
788
789
790
791
792
793
794
795
4
67
212
237
274
321
467
474
475
606
607
608
781
782
783
784
81
130
143
198
231
234
289
375
456
514
541
565
727
778
779
50
389
528
539
564
583
761
770
771
772
773
774
775
776
94
194
369
454
583
731
752
753
754
755
756
757
758
759
152
186
295
310
558
742
743
744
745
746
747
748
749
750
12
17
26
27
185
362
429
518
594
595
596
738
739
740
149
194
227
276
396
449
672
701
731
732
733
734
735
736
27
60
152
155
197
198
247
545
568
668
727
728
729
59
138
200
223
227
294
323
511
562
720
723
724
725
10
16
88
122
310
399
402
446
504
650
719
720
721
61
149
284
461
571
582
711
712
713
714
715
716
717
172
188
361
687
700
701
702
703
704
705
706
707
708
314
544
618
667
690
691
692
693
694
695
696
697
698
39
229
442
680
681
682
683
684
685
686
687
688
237
656
664
668
671
672
673
674
675
676
677
678
16
101
142
383
387
429
502
663
664
665
666
14
175
301
318
320
321
324
326
603
660
661
49
65
125
188
219
224
273
334
523
657
658
222
316
318
322
607
650
651
652
653
654
655
25
73
111
175
281
282
287
297
491
647
648
81
114
116
341
537
640
641
642
643
644
645
103
181
356
386
387
388
389
434
636
637
638
34
62
331
545
628
629
630
631
632
633
634
22
121
267
386
436
622
623
624
625
626
64
152
435
614
615
616
617
618
619
620
19
29
284
485
564
605
609
610
611
612
59
248
310
314
584
599
600
601
602
603
12
31
61
82
92
122
594
595
596
597
223
253
284
484
587
588
589
590
591
592
57
305
307
312
317
581
582
583
584
585
40
63
437
444
445
528
576
577
578
579
210
534
565
568
569
570
571
572
573
574
175
222
322
328
558
559
560
561
562
563
142
171
278
424
552
553
554
555
556
83
217
337
416
481
544
548
549
550
286
327
529
537
538
539
540
541
542
163
195
519
520
521
522
523
524
525
485
510
511
512
513
514
515
516
517
264
443
502
503
504
505
506
507
508
110
166
185
196
214
498
499
500
130
490
491
492
493
494
495
496
56
129
154
363
485
486
487
488
165
290
329
342
480
481
482
483
219
288
455
474
475
476
477
478
53
67
256
265
461
466
469
471
154
291
449
450
451
452
453
454
96
436
439
440
443
445
446
447
103
188
358
427
428
429
430
431
18
76
78
380
401
424
425
225
417
418
419
420
421
422
212
392
411
412
413
414
415
46
404
405
406
407
408
409
65
390
397
399
400
401
402
120
190
316
383
384
385
386
220
373
377
378
379
380
381
216
365
366
368
369
370
371
28
79
81
357
360
362
363
74
350
351
352
353
354
355
39
177
296
318
347
348
146
173
339
343
344
345
84
144
176
205
336
337
22
25
40
222
316
334
174
181
329
330
331
332
25
99
160
179
218
220
80
320
323
324
325
326
33
35
205
312
319
320
69
142
143
283
296
299
81
141
214
272
282
285
24
99
261
263
264
265
47
48
242
257
258
259
21
23
24
31
227
228
165
219
222
223
224
225
53
179
209
215
216
217
28
59
201
203
204
205
32
177
184
190
191
192
18
19
166
167
168
73
155
161
162
163
92
144
148
149
150
28
138
139
140
141
67
121
132
135
136
13
104
107
108
109
61
98
99
100
101
24
85
91
95
96
17
41
76
81
82
32
71
72
73
74
5
44
67
68
69
8
33
40
42
14
25
26
27
11
21
22
23
3
17
18
19
4
13
15
2
5
6
1
3
1
1
2
3
2
2
1
3
2
4
5
1
5
2
1
1
2
3
6
16
17
3
5
13
1
3
10
6
8
6
3
10
1
12
4
6
4
2
1
1
2
1
1
2
3
1
2
5
1
2
1
2
3
2
1
1
5
6
7
9
10
1
2
4
7
3
5
7
8
5
4
5
1
4
8
1
3
4
1
1
3
4
1
1
7
1
2
3
6
1
2
1
1
2
9
2
1
2
4
10
3
1
4
4
1
1
1
1
2
3
4
1
2
8
4
3
4
1
2
1
2
4
1
2
4
1
1
2
16
2
6
13
15
22
16
1
12
1
8
17
20
2
4
8
8
10
1
4
3
11
12
6
6
3
1
1
1
4
13
1
2
13
2
3
7
11
2
4
6
6
2
1
1
1
10
6
8
9
1
2
4
6
4
2
1
1
1
4
11
12
14
1
2
8
1
2
4
1
5
2
3
1
1
2
1
1
1
2
1
1
2
2
1
1
1
1
2
3
4
5
6
8
3
1
1
2
1
2
3
2
3
1
2
1
1
2
3
6
1
1
1
2
3
1
2
1
1
1
3
1
4
5
8
1
4
5
1
2
3
1
2
1
1
1
1
1
1
1
1
3
2
1
1
2
1
2
3
1
1
2
1
1
1
1
2
3
3
1
2
1
2
3
4
6
8
9
1
3
4
5
6
9
10
5
1
1
1
2
3
1
1
2
1
2
1
1
1
2
3
1
2
1
2
1
1
1
2
1
1
1
