1
2
4
5
9
10
15
19
21
22
26
27
29
33
38
39
40
43
45
47
48
50
54
55
60
65
66
74
77
78
81
85
86
87
91
96
98
108
112
117
118
119
126
127
144
145
146
150
152
153
161
162
164
165
172
173
183
184
186
201
202
209
210
211
213
233
234
236
252
253
254
255
270
271
292
293
294
295
296
297
319
320
321
322
323
327
355
356
366
391
392
395
433
488
489
490
491
533
534
535
536
596
597
598
660
661
662
673
1030
1031
1032
1033
1034
1035
1036
1037
1051
1052
1053
1055
1056
1057
1067
1068
1069
1070
1071
1072
1075
1076
1081
1082
1083
1084
1085
1529
1530
1531
1532
1533
2373
2745
2746
2747
2748
2749
2750
2751
2752
2772
2773
2865
2945
2946
2947
3997
4140
4141
4142
4143
4920
4921
4922
4923
4924
5076
5672
5727
6544
7013
7014
7015
7016
7017
7018
7019
7020
7021
7022
7023
7024
7025
7026
7027
7028
7029
7030
7031
7032
7033
7034
7035
7246
7365
8165
9354
10649
10665
10669
10672
10674
10676
10677
10678
10679
3
4
5
8
9
10
17
18
20
21
25
26
28
38
42
45
46
49
53
56
64
72
84
86
89
90
95
112
117
118
125
134
151
152
153
162
164
172
173
183
200
210
232
234
251
253
254
290
291
293
295
317
318
321
323
353
356
357
392
393
430
432
434
483
485
488
489
532
534
589
595
654
655
656
661
694
702
717
718
719
826
1029
1030
1031
1032
1033
1034
1035
1036
1037
1038
1060
1066
1067
1068
1069
1088
1096
1107
1108
1109
1533
2744
2746
2749
2751
2772
2841
2842
2843
2844
2845
2846
2902
3776
3777
3778
5209
6543
6574
6575
6576
6577
6901
6902
7246
8164
8790
8799
8800
8801
8802
8803
9324
9833
9834
10629
10630
10631
10632
10633
10636
10642
10643
10644
10646
10648
10649
10650
10651
10652
10653
10654
10655
10656
10657
10658
10659
10660
10661
10662
10663
3
31
41
43
45
46
55
57
62
64
76
81
84
86
112
115
118
131
142
148
156
160
163
170
181
195
208
221
232
243
251
261
268
279
280
289
291
318
319
350
353
378
380
382
389
420
463
464
471
488
508
521
569
592
628
635
644
647
650
655
671
741
745
1286
1288
1294
1295
1297
1299
1304
1305
1322
1527
1554
1789
1790
1791
1792
1793
1794
1795
1803
2841
2842
2843
2846
3527
3528
3529
5042
5043
5328
7011
7012
7013
7014
7015
7016
7017
7018
7019
7020
7021
7022
7023
7024
7025
7026
7027
7028
7029
7030
7031
7032
7033
7034
7040
7763
7771
8756
10593
10619
10621
10625
10626
10627
21
45
70
74
155
245
477
1291
1292
1564
1565
1566
2432
3938
5737
7725
7971
8389
8980
8987
9047
9112
9291
9403
9774
9781
10333
10349
10361
10373
10383
10392
10401
10402
10408
10415
10422
10429
10435
10441
10449
10453
10458
10463
10468
10473
10477
10481
10485
10489
10493
10494
10497
10500
10503
10506
10509
10512
10515
10518
10522
10524
10526
10528
10530
10532
10534
10535
10536
10538
10540
10541
10542
10544
10546
10548
10550
10552
10554
10557
10559
10560
10561
10562
10563
10564
10565
10566
10567
10568
10569
10570
10571
10572
10573
10574
10575
10576
10577
10578
10579
10580
10581
10582
10583
10584
10585
10586
10587
10588
10589
10590
10591
1
2
5
6
7
10
11
16
25
36
38
39
45
46
51
56
61
70
77
87
93
94
114
122
123
149
159
160
161
169
180
181
182
195
197
207
208
209
231
232
250
251
267
292
319
320
321
323
389
390
391
430
431
487
530
531
591
592
593
594
658
735
1026
1047
1049
1051
1052
1053
1056
1058
1062
1063
1064
1065
1066
1067
1068
1069
1070
1071
1072
1073
1074
1075
1076
4136
4137
4787
4788
4789
4790
4791
4792
4793
7007
7008
7474
7475
7476
7477
9661
10317
10318
10319
10320
10321
10322
4
5
14
17
28
33
34
38
42
61
68
73
80
81
86
91
109
112
113
121
122
139
147
148
157
160
167
168
178
179
196
205
229
247
248
250
265
287
292
313
314
316
317
322
388
428
483
485
528
530
591
650
656
657
1025
1026
1027
1029
1032
1034
1062
1063
1064
1065
1076
1077
2741
2742
2744
2745
2746
2747
2865
2941
3989
4135
5722
7008
7009
7010
7011
7012
7013
7014
7015
7016
7017
7018
7019
7020
7021
7022
7023
7024
7026
7027
7028
7029
7030
7031
10315
5
12
14
16
22
26
28
31
36
40
43
53
56
63
64
74
78
89
91
101
108
109
119
128
129
135
145
153
157
176
192
193
200
206
224
244
262
282
283
284
310
383
423
424
428
521
582
650
689
697
708
710
711
713
714
1529
2943
3774
3775
4785
4786
4787
4788
4789
4790
4791
4793
4794
4795
4796
4797
4799
4801
4806
4807
4808
4809
4810
4811
4812
6175
7521
9134
9393
9513
10303
10304
10309
10310
10311
10312
10313
68
556
1367
7104
8117
8623
8922
9317
9928
9983
10011
10045
10095
10103
10116
10117
10130
10140
10148
10156
10157
10164
10165
10172
10180
10187
10193
10199
10204
10209
10214
10216
10219
10222
10225
10228
10231
10234
10237
10240
10243
10246
10247
10248
10250
10252
10254
10256
10258
10259
10260
10262
10263
10264
10265
10266
10267
10268
10269
10270
10271
10272
10273
10274
10275
10276
10277
10278
10279
10280
10281
10282
10283
10284
10285
10286
10287
10288
10289
10290
10291
10292
10293
10294
10295
10296
10297
10298
10299
10300
10301
5
8
15
44
60
81
94
95
96
106
115
124
125
162
187
188
216
217
218
258
259
277
278
303
304
305
410
414
470
512
513
574
575
637
638
1541
1546
1547
1548
1551
1562
1564
1577
1579
1581
1582
1583
1584
1585
1586
1587
1588
1589
1590
1591
1592
1593
1594
1595
1596
1597
1598
1599
1600
1601
1602
3149
3179
3180
3199
3200
4243
4579
4888
4890
5733
5734
7955
7960
8254
8697
10084
10085
10086
1
6
10
12
17
18
20
31
34
41
46
51
56
65
72
82
87
89
109
110
117
118
137
144
152
155
164
175
177
192
193
202
204
224
227
245
246
262
285
314
318
345
357
384
386
480
482
522
526
527
587
588
589
651
653
1021
1029
1042
1043
1044
1045
1046
1047
1048
1058
1059
1060
1061
1062
1063
1072
1073
1075
1079
1082
1083
2736
8156
10082
5
11
16
17
30
33
40
44
45
50
55
64
71
75
81
88
108
109
116
117
136
143
151
154
163
174
176
191
192
203
223
226
244
245
261
284
313
317
344
356
385
479
481
521
525
526
586
587
588
650
652
1041
1042
1043
1044
1045
1046
1047
1057
1058
1059
1060
1061
1062
1066
1071
1072
1081
1082
2735
2765
10075
10076
10077
10078
10079
10080
7
9
11
17
21
23
26
31
35
38
48
51
59
62
69
73
79
84
96
103
104
114
123
124
130
140
148
174
187
188
195
201
219
239
257
277
278
279
378
418
419
514
577
645
684
692
705
707
708
709
4781
4784
4789
4790
4791
4792
4796
4802
4803
4804
4814
4815
4816
4817
6170
6172
6175
6176
6177
8939
9129
9130
9482
9483
10072
820
1308
3798
4726
7113
8368
8610
8611
8612
8941
9199
9307
9896
9909
9910
9920
9931
9941
9951
9961
9969
9975
9981
9986
9991
9995
9999
10003
10006
10009
10010
10012
10015
10018
10020
10022
10024
10026
10028
10030
10032
10034
10036
10038
10040
10042
10044
10045
10046
10047
10048
10049
10050
10051
10052
10053
10054
10055
10056
10057
10058
10059
10060
10061
10062
10063
10064
10065
10066
10067
10068
10069
10070
3
10
39
48
55
76
89
90
91
101
110
119
157
183
210
211
212
213
252
253
254
298
299
464
465
506
508
566
567
568
569
633
1286
1536
1541
1546
1557
1572
1574
1576
1579
1580
1581
1584
1587
1588
1592
1596
1605
1606
1607
1608
1609
1610
1611
1612
1613
2697
3174
3194
3195
4248
4883
4884
5576
5594
7337
8249
9192
9891
9892
9893
9894
3
11
17
27
39
57
79
107
112
143
157
179
186
194
214
215
217
250
311
337
338
392
411
412
458
510
571
637
638
678
679
687
688
697
722
726
727
728
729
730
731
732
784
956
1059
1060
1106
1297
1528
1529
1530
1531
1532
1533
1534
2456
2808
2809
2936
3367
4848
4849
7648
7934
7940
8743
8744
8745
9885
9887
9888
9889
12
14
23
25
28
32
35
40
45
50
51
59
63
66
71
83
102
104
112
130
131
146
147
149
157
168
171
187
195
198
219
221
238
255
256
280
306
308
312
351
380
476
521
582
583
1036
1037
1038
1039
1040
1041
1042
1056
1057
1061
1069
6998
6999
7000
7001
7002
7003
7004
7005
7006
7007
7008
7009
7010
7011
7021
9
14
36
43
52
87
88
98
154
208
249
251
269
270
294
296
333
401
403
460
461
502
503
562
564
565
566
632
968
969
1284
1533
1541
1542
1560
1561
1567
1569
1571
1573
1574
1576
1577
1578
1602
1609
1616
1617
1618
1619
1620
1621
1622
1623
1624
1625
4881
5594
7941
9189
9873
9874
9876
9877
9878
9879
9880
9881
9882
2
8
14
22
24
36
37
54
62
76
109
140
174
183
191
241
264
270
280
301
308
329
389
408
409
441
445
568
575
634
642
723
724
781
786
1337
1526
1527
1528
1877
1992
1993
2453
2524
2525
2771
2772
2773
2774
2775
2776
2804
2805
2806
2807
2992
4847
5814
7284
7287
8740
9862
9863
9867
9868
9869
9870
9871
4
41
49
72
95
96
106
117
145
274
332
406
570
677
685
690
692
698
701
705
774
2933
2934
2935
2936
2937
2938
2939
2940
3398
3403
5623
5624
5625
6184
6185
6966
7982
9079
9083
9828
9829
9830
9831
9832
9833
9834
9835
9841
9843
9844
9845
9846
9847
9848
9849
9850
9851
9852
9853
9854
9855
9856
9857
9858
9859
9860
3
16
20
35
68
77
133
157
192
233
239
273
285
299
300
305
414
435
514
596
636
1011
1013
1015
1016
1017
1018
1020
1515
1557
1558
1902
2884
2996
2997
3542
3544
3545
3546
3547
3548
3549
4265
4268
4847
4849
4850
4851
4852
4854
4855
4856
4947
5360
5361
5362
5810
5812
5813
7302
7676
8725
8726
8727
9825
9826
8
12
14
17
22
26
29
42
50
60
64
75
77
87
95
105
114
121
131
139
162
165
178
179
186
192
210
230
248
269
409
410
414
700
4771
4772
4773
4774
4775
4776
4777
4778
4779
4780
4781
4782
4783
4785
4786
4787
4788
4791
4793
4794
4796
4801
8930
9378
9379
9380
9381
9499
9506
9816
9823
5
6
8
19
22
29
34
39
44
53
60
70
77
97
98
106
125
132
140
143
144
152
163
180
181
192
212
215
233
250
273
276
302
306
333
345
372
374
411
468
470
514
575
576
577
641
1031
1032
1033
1034
1036
1049
1050
1051
1060
1067
1068
1069
2725
4119
4120
4121
5382
6881
8136
7
17
28
32
35
43
51
65
68
74
91
97
104
113
130
132
141
143
152
213
269
274
296
300
302
335
372
411
413
634
635
673
681
696
697
698
1039
1067
1086
1087
2725
2727
2728
2729
2730
2820
2821
2822
2823
2824
2825
2826
2881
3755
6555
8778
8779
8780
8781
8782
9303
9812
9813
29
66
79
80
91
100
110
171
174
200
203
226
243
288
325
365
400
455
496
497
498
500
558
560
623
626
1269
1273
1274
1276
1279
1531
1533
1536
1547
1549
1574
1576
1596
1623
1633
1634
3164
3165
3166
3167
3184
3185
3893
5584
6223
7327
7623
7940
8682
9805
9806
9807
9808
9809
9810
109
622
7701
7702
7703
8179
8958
9672
9694
9702
9703
9704
9709
9715
9721
9726
9731
9735
9739
9743
9747
9750
9753
9756
9759
9762
9764
9766
9768
9770
9772
9774
9776
9777
9778
9779
9780
9781
9782
9783
9784
9785
9786
9787
9788
9789
9790
9791
9792
9793
9794
9795
9796
9797
9798
9799
9800
9801
9802
9803
5
6
16
28
46
68
84
91
101
117
132
156
168
175
183
244
262
272
292
321
350
400
401
447
499
560
567
634
665
715
717
720
721
773
1048
1254
1258
1282
1291
1518
1519
1520
1723
2763
2764
2765
2766
2767
2796
2797
2798
2799
2936
3356
3529
4178
4837
4839
5186
9506
24
29
31
34
39
65
66
93
109
128
138
148
160
163
226
300
307
331
332
368
409
564
1030
1032
1034
1035
1049
1053
1059
1080
1081
1288
2380
4700
4752
4753
4754
6876
6877
6881
6882
8317
9608
9609
9610
9611
9621
9639
9657
9659
9660
9661
9662
9663
9664
9665
9666
9667
9668
9669
13
16
23
28
33
38
47
54
58
64
71
91
92
100
119
126
134
137
146
157
159
174
175
186
206
209
227
244
267
296
300
327
339
366
368
405
462
464
504
508
509
569
570
635
1025
1026
1027
1028
1030
1040
1042
1043
1044
1045
1054
1061
1062
1063
1065
1066
4
6
9
14
52
56
67
69
79
87
97
106
113
123
131
154
170
178
202
222
240
260
261
325
399
400
401
494
497
498
1509
1513
1870
4767
4771
4780
4786
4793
4794
4795
4796
4797
4800
4801
4815
4819
4821
4822
4823
4824
4825
6153
6155
9599
9600
9601
9602
9604
9605
25
26
36
45
52
69
90
98
106
117
135
136
173
179
184
203
207
223
242
267
268
294
298
327
366
458
460
462
503
505
564
565
568
1022
1023
1024
1026
1028
1042
1046
1247
2717
2837
3352
3747
4087
4088
4089
4090
4091
4092
4093
4111
4112
4113
4114
6515
9596
9597
79
84
112
130
151
197
221
235
239
255
284
287
319
345
357
360
389
390
446
453
488
498
554
591
618
624
660
1249
1250
1251
1252
1253
1254
1346
1527
1543
1544
1545
1546
1547
1548
1549
1550
1551
1552
1553
3523
4173
4174
4870
4871
4872
7582
8461
9590
9592
9593
9594
22
40
43
48
62
90
126
140
161
162
169
197
198
215
228
233
256
320
350
395
438
439
441
554
604
605
620
662
663
676
680
709
714
742
768
784
798
799
828
924
1042
1089
1099
1323
1338
3271
3272
3273
3274
3275
3277
4831
4833
5668
5670
6665
9588
2
5
10
14
17
30
38
48
52
63
75
83
93
102
109
119
127
150
153
167
174
180
198
236
257
284
396
397
398
402
494
495
680
696
4759
4763
4768
4769
4770
4771
4773
4774
4775
4779
4780
4781
4782
4790
4791
4792
4813
4814
4815
9366
9487
9586
5
14
45
53
111
129
132
139
150
177
201
220
230
288
359
455
4887
4888
4889
4890
4891
5043
5045
5046
5047
5048
5049
5050
5051
5052
5053
5054
6980
6981
6982
6983
6984
6985
6986
6987
6988
6989
6990
6991
6992
6993
6994
6995
6996
6997
6999
7000
7002
7453
9583
9584
3
8
15
28
36
46
50
61
73
81
91
100
107
117
125
148
151
164
165
172
196
234
255
355
394
395
491
492
619
1501
1503
1505
1507
1864
4761
4764
4765
4768
4771
4773
4774
4777
4778
4780
4787
4788
4789
4790
4791
4792
4794
4795
6154
8709
59
86
283
415
422
544
1602
1618
1619
1695
1697
1698
1730
1798
1835
1837
1839
1862
1863
1864
1865
1878
1880
1881
1882
4173
4179
4183
4270
5337
8369
8370
9548
9549
9554
9558
9559
9561
9564
9567
9568
9569
9570
9571
9572
9573
9574
9575
9576
9577
9578
9579
9580
9
20
28
75
76
95
102
132
185
186
211
247
267
309
348
378
435
477
536
1652
1746
1747
1748
1749
1750
1751
1752
1753
6260
6261
6262
6263
6264
6265
6266
6267
6268
6271
6272
6613
6614
6615
6616
6617
6618
6619
6620
6621
6622
6623
6624
6625
9296
5
9
12
25
33
43
47
58
60
70
78
88
97
104
114
122
145
161
169
193
213
231
251
252
253
352
392
488
4758
4762
4770
4771
4775
4777
4784
4785
4786
4787
4788
4789
4791
4792
6144
6145
6146
6147
6148
6149
6150
6151
8645
8646
9
28
40
48
70
79
106
107
124
134
145
172
196
215
232
257
283
2065
5703
6975
6976
6977
6978
6979
6980
6981
6982
6983
6984
6985
6986
6987
6988
6998
9460
9524
9530
9531
9532
9533
9534
9535
9536
9537
9538
9539
9540
9541
9542
9543
9544
15
57
82
87
113
116
126
137
172
219
265
279
283
415
579
622
997
999
2708
2710
2712
2713
2714
3637
4823
4826
4827
4828
4829
4830
4831
4832
4833
5789
5790
5792
5793
5870
7275
7276
9501
9506
9511
9514
9515
9516
9517
9519
9520
9521
9522
10
15
20
25
34
41
51
58
79
87
103
106
121
124
146
162
167
173
191
196
231
283
287
355
451
557
558
1011
1012
1013
1014
1015
1017
1026
1031
1032
1044
7857
7858
7859
7860
7861
7862
7863
7864
7865
7866
7867
7868
9314
9499
46
64
83
96
111
200
284
305
346
384
577
720
722
1503
1707
1863
1865
1970
1971
1973
1974
1975
1976
2882
3616
3617
3618
3619
3636
3637
5332
5335
5336
5344
5345
5346
8410
8411
8428
9486
9488
9490
9491
9492
9493
9494
9495
9496
9497
7
20
28
38
42
53
55
65
73
83
92
99
109
117
140
143
156
157
164
170
188
208
226
247
274
347
387
388
392
4749
4754
4755
4757
4758
4759
4761
4763
4764
4765
4766
4769
4772
4779
9356
9358
9359
9477
9484
5
7
11
12
17
22
31
38
42
48
55
75
76
84
103
110
118
130
141
158
159
170
193
212
228
251
280
284
311
350
352
448
492
493
553
619
1009
1010
1011
1012
1013
1014
1024
1025
1026
1027
1028
1039
33
39
50
57
76
106
114
135
219
234
263
295
419
421
461
523
580
1506
1523
1686
1706
1747
1761
1776
1777
1778
1779
1780
1781
1782
1783
1784
1785
1786
1787
1788
3488
8703
8704
8705
8706
8707
8708
9471
9472
9473
9474
11
19
43
67
129
202
237
248
258
275
286
337
346
465
526
527
562
566
592
605
628
632
1741
1747
1748
1749
1750
1751
1752
1857
2421
2422
2900
2979
3000
4271
7178
7179
7496
9453
9458
9463
9466
9467
9468
9469
16
24
51
95
153
184
204
222
244
279
343
383
481
667
668
681
682
683
685
686
1494
4767
4776
4791
6135
6136
6137
6138
6139
6140
6141
6142
8758
8904
9094
9095
9401
9427
9428
9441
9445
9447
9448
9449
9450
9451
4
19
31
39
61
70
97
98
115
125
136
163
187
206
223
248
274
318
443
2700
2704
5299
6782
6966
6967
6968
6969
6970
6971
6973
6974
6975
6976
6977
6978
6979
6981
6982
6983
6985
6986
6987
6989
9334
9398
9399
21
46
64
66
102
119
155
190
197
245
247
272
293
343
418
442
625
1481
1515
1781
1854
1953
2489
2901
3801
4996
4997
7425
7694
9359
9374
9375
9376
9377
9379
9384
9387
9389
9390
9391
9392
9393
9394
9395
9396
13
21
31
35
46
48
58
66
76
85
92
102
110
133
136
149
150
157
163
181
219
240
340
380
381
385
4742
4743
4744
4745
4746
4747
4748
4751
4752
4753
4754
4756
4757
4758
4762
9349
9354
9355
9356
5
10
24
31
41
48
69
77
96
104
111
114
136
139
152
163
186
221
273
276
277
307
345
441
486
487
547
548
608
1001
1002
1003
1004
1005
1006
1007
1008
1011
1013
1014
1015
1021
1022
1034
9347
314
5279
5280
5281
5282
5283
5284
5285
5286
5287
5288
5289
6776
6777
6778
6779
6780
6781
6782
6783
6784
6785
6786
9325
9326
9327
9328
9329
9330
9331
9332
9333
9334
9335
9336
9337
9338
9339
9340
9341
9342
9343
9344
9345
7
37
64
81
90
145
174
213
214
259
260
296
336
366
371
431
467
469
537
569
594
597
1229
1235
1237
1238
1244
1245
1250
1251
1252
1253
1254
1261
1518
1544
1549
1556
1591
1594
3135
7916
9322
9323
18
26
40
68
73
104
118
147
155
175
206
234
244
272
293
298
353
372
373
481
559
580
606
639
640
649
652
658
687
689
692
693
901
903
1067
1490
1491
1492
1958
2737
2769
4811
7641
9316
42
93
122
130
157
237
242
352
430
446
477
606
976
982
2722
2733
3598
4086
4088
4095
4714
5752
6522
6524
6955
8876
9279
9280
9281
9282
9283
9284
9285
9290
9291
9298
9300
9301
9302
9303
9304
9305
9306
9307
5
10
19
26
36
38
43
64
72
91
106
109
110
131
147
156
158
181
216
242
268
272
340
377
434
436
481
542
543
975
996
997
998
999
1000
1001
1002
1016
1017
1020
1021
1028
1029
1030
8
55
75
82
165
191
227
247
289
328
358
457
516
1717
1726
1729
1730
1731
1874
6240
6241
6242
6243
6244
6245
6246
6247
6251
6593
6595
6596
6597
6598
6599
6600
6601
6602
6603
6604
6605
6607
6608
9276
8
33
78
97
117
178
234
267
269
300
301
337
374
599
600
1001
1049
1477
2785
2786
2787
2788
2789
2790
2791
2839
2840
2841
2842
2843
2844
2845
2847
2848
2849
2850
2863
3855
9268
9271
9273
9274
358
3196
8894
8912
8971
8972
9010
9152
9153
9173
9185
9194
9201
9208
9216
9220
9221
9224
9228
9234
9236
9237
9238
9241
9242
9244
9245
9246
9248
9250
9252
9254
9256
9257
9258
9260
9261
9262
9263
9264
9265
9266
9
31
44
57
74
76
104
122
138
190
329
364
464
529
590
591
636
644
653
657
660
661
664
1218
1228
1229
1230
1231
1232
1233
1242
1490
1491
1492
1493
1494
4967
9146
9147
9148
9149
5
14
21
31
38
59
67
86
101
104
126
142
153
176
211
263
267
335
476
537
538
957
991
992
993
994
995
996
997
1011
1012
1024
1034
1035
2806
2807
2808
2809
9137
9143
9144
88
144
183
201
204
219
248
283
352
403
413
516
1561
1564
1592
1606
1668
4200
5587
5588
5589
5590
5591
5592
5593
5594
5595
5596
5597
5598
9085
9086
9127
9129
9130
9131
9132
9133
9134
9135
8
18
22
45
53
63
72
79
89
97
120
136
144
168
206
226
227
241
367
463
4733
4737
4745
4746
4749
4750
4752
4759
4760
4761
4763
4764
4766
9069
9074
9078
9079
9081
9082
9083
29
36
94
148
224
270
409
435
523
747
748
749
750
967
985
3499
3506
3507
3508
3509
3510
3512
5075
5076
5077
5078
5080
5081
9055
9058
9059
9060
9061
9062
9063
9064
9065
9066
9067
24
48
104
130
158
183
218
239
318
319
320
407
449
507
508
509
573
1235
1709
1710
1711
1712
1718
1719
1720
1722
1723
1724
1725
1726
1727
1728
1729
1730
1731
1732
1733
1734
1735
9
16
26
33
54
62
70
81
99
121
136
137
148
171
258
262
301
329
330
426
532
533
986
987
988
989
990
991
993
1006
1007
1010
1011
1018
1019
1020
1021
1022
2707
12
20
42
48
78
96
106
109
117
144
187
204
255
414
541
6947
6948
6950
6951
6952
6953
6956
6957
6958
6959
6970
9038
9039
9040
9041
9042
9044
9045
9046
9047
9049
9050
9051
46
113
153
353
400
439
562
565
1236
1250
1260
1261
1262
1263
1264
1265
1266
1414
1449
2902
2905
2906
2907
3276
3317
3398
5753
7933
7934
8177
8596
9024
9030
9032
9034
9035
9036
35
64
128
192
199
244
245
449
451
509
513
557
1233
1481
1521
1522
1523
1524
1525
1526
1543
1550
1574
1576
1577
1581
1582
1583
1584
1585
7905
9015
9016
9017
9019
9021
9022
179
3871
8883
8899
8900
8901
8921
8927
8936
8943
8949
8955
8960
8961
8965
8969
8973
8977
8981
8985
8988
8991
8994
8997
8998
8999
9001
9004
9005
9006
9007
9008
9009
9010
9011
9012
9013
10
14
25
37
45
55
64
81
89
112
115
128
129
136
142
160
198
218
219
359
360
455
4729
4730
4731
4733
4737
4738
4741
4742
4744
4751
4753
4755
4756
4758
8880
22
55
100
129
137
160
226
281
355
401
453
463
514
521
588
640
1002
1003
1471
1475
1476
1477
1818
1942
2750
2751
2752
2753
4791
4793
6679
6886
7233
7838
7877
8860
8874
58
148
305
390
2935
2950
3653
5681
5682
5686
5687
5688
5847
5850
5852
5853
5854
5855
5856
8828
8834
8835
8839
8840
8843
8845
8847
8848
8849
8850
8851
8852
8853
8854
8855
8856
10
33
41
47
77
90
146
219
307
390
432
577
583
600
645
646
647
707
2461
2462
2558
2559
2560
2561
2562
2563
2564
2571
2797
5018
5678
8818
8821
8823
8825
8826
7
24
45
53
72
87
90
112
128
139
162
197
249
253
292
307
321
417
460
462
523
524
561
977
979
980
982
983
997
998
1010
2602
3226
3231
6383
8816
1299
8781
8782
8783
8784
8785
8786
8787
8788
8789
8790
8791
8792
8793
8794
8795
8796
8797
8798
8799
8800
8801
8802
8803
8804
8805
8806
8807
8808
8809
8810
8811
8812
8813
8814
101
140
201
276
300
333
380
426
483
484
546
3535
3536
3537
3538
3539
3542
3544
3545
3546
3547
3548
3549
3550
3551
3552
3553
4977
5134
5136
8327
8776
8777
8778
8779
17
43
73
102
132
221
262
376
386
389
1473
1490
1635
1747
1748
1752
1906
2937
5276
6935
6960
6962
7303
7304
7305
7306
7307
7308
7309
7310
7311
7312
7313
7314
7315
8
30
39
66
84
94
105
132
156
175
192
243
314
410
4842
4843
4844
4845
4846
4998
6935
6936
6937
6938
6939
6940
6941
6942
6943
6944
6945
6946
6947
6948
8773
77
92
113
121
167
208
220
287
302
347
389
391
455
491
556
557
994
1051
2601
3223
3224
3225
3226
3227
3228
3293
4251
4252
4253
4254
5615
5616
5620
7685
4
15
27
35
45
54
61
71
79
102
118
126
150
188
208
209
349
445
4715
4719
4727
4728
4731
4732
4734
4741
4742
4743
4744
4745
4746
4747
4748
4749
17
38
46
65
83
84
93
105
121
132
155
190
216
246
277
314
410
455
516
517
970
971
972
973
974
975
976
2666
2815
4643
4644
4645
4646
4647
132
155
286
296
365
414
466
781
4450
4451
4510
4511
4512
4513
4514
4515
4516
4517
4518
4523
4524
4525
4526
4527
4528
7799
7800
7990
8764
8765
8766
8767
8768
11
67
75
96
224
280
382
484
492
594
1467
1667
1722
1739
1740
1741
1744
1745
1748
1749
1900
1942
2291
3449
4844
5657
6356
6588
8758
8759
8760
8761
8762
11
23
31
41
50
57
67
75
98
114
122
146
184
204
205
345
441
4711
4715
4723
4724
4727
4728
4730
4737
4738
4739
4740
4741
4742
4743
4744
4745
6
33
41
68
88
99
160
170
209
288
308
367
404
450
511
532
577
982
983
984
997
2660
2787
2788
2789
2790
2791
2792
2793
2795
2797
3739
3740
31
58
59
76
86
97
124
148
167
184
209
235
6927
6928
6929
6930
6931
6932
6933
6934
6935
6936
6937
6938
6939
6940
6950
8749
8750
8751
8752
8753
8754
41
78
89
104
300
346
444
529
1816
1817
1818
1819
1820
2660
2664
6070
6071
6072
6073
8190
8722
8723
8724
8725
8736
8739
8741
8742
8743
8744
8745
8746
8747
32
70
131
194
294
296
375
422
461
483
549
1703
1704
1705
1706
1707
1708
1709
2455
2457
3442
3445
3446
3447
3448
3451
3452
3453
3454
3455
8719
8720
13
25
34
106
136
137
177
196
222
329
333
431
494
557
1465
1466
1467
1470
1481
1506
1507
1514
1519
1530
1557
1598
3098
3119
3127
4142
4143
8717
23
45
62
73
145
234
341
498
567
605
613
629
633
999
1018
2752
2753
2754
2755
2757
3687
3688
3689
5716
6527
8701
8710
8711
8712
8713
8714
8715
27
62
73
82
93
95
110
122
142
145
161
163
164
203
232
263
304
398
444
505
507
571
960
962
964
976
979
980
981
984
985
1028
119
195
241
380
494
498
589
602
718
719
720
721
999
1015
1044
1045
1046
1047
1056
1057
3470
3477
3478
3479
3481
3483
3484
7112
7113
8695
8696
28
107
135
136
232
259
333
379
431
492
540
558
599
600
614
647
650
652
653
877
980
1027
2730
4769
4771
6864
7203
7207
7861
8665
8693
20
26
56
85
145
245
369
473
530
1456
1473
1656
1697
1730
1731
1732
1735
1737
1888
1889
4951
5526
5527
5528
5529
8653
8656
8657
8658
8660
8662
12
20
30
39
46
56
64
87
103
111
135
173
193
194
334
430
4700
4704
4712
4713
4717
4719
4726
4727
4728
4729
4730
4731
4732
4733
4734
59
80
162
208
247
328
358
520
1825
2879
2891
2919
3602
3603
3604
3605
4766
4770
4772
4773
4774
4775
4777
4778
4779
4870
5283
5285
8648
8649
8650
88
102
115
153
292
331
333
337
556
1439
1440
1441
1442
4694
4695
4696
4697
4699
4700
4703
4705
4707
4708
4709
6085
6086
6087
6088
6089
6090
8646
21
29
48
66
88
104
115
138
173
225
229
268
297
393
438
499
500
953
954
955
956
957
958
959
973
974
977
978
985
986
987
158
209
278
279
363
399
515
2890
2913
2918
2919
3625
5039
5040
5041
5042
5663
5689
7205
7598
8634
8635
8636
8637
8638
8639
8640
8641
8642
8643
120
359
455
464
526
2851
2853
2878
2887
2888
2892
2899
2900
2901
2902
2903
2904
2905
2906
2922
3404
4352
4357
4358
7886
8625
8629
8630
8631
8632
474
512
582
583
596
908
910
1552
1629
1863
1864
1865
2284
3069
3070
3688
4160
7075
8607
8608
8612
8615
8616
8617
8618
8619
8620
8621
8622
8623
31
48
93
121
123
124
209
211
320
376
418
419
481
540
544
1454
1457
1468
1470
1493
1496
1501
1554
1587
3086
3106
4485
7861
8603
8605
20
29
67
93
121
164
207
208
209
374
375
416
477
478
1446
1484
1486
1487
1489
1490
1498
1522
1534
1535
1536
1537
1562
1568
3087
8159
18
28
35
182
313
474
1447
1483
1489
1526
1529
1554
1555
1556
1557
1558
1559
1560
1561
1562
1835
4155
6145
8440
8441
8442
8443
8598
8599
8600
19
191
224
231
335
5268
5271
5280
5281
5282
5283
5284
5285
5286
5287
6002
6003
6004
6005
6006
6008
7130
8585
8589
8591
8592
8593
8594
8595
8596
69
167
255
2026
3054
3055
3670
3674
3758
3759
3771
4257
4258
4836
4837
4838
5112
5113
5434
6505
6753
6754
6755
6756
6757
6758
8579
8581
8582
8583
8
18
27
34
44
52
75
91
99
123
161
181
182
322
418
4688
4692
4700
4701
4705
4707
4714
4715
4716
4717
4718
4719
4721
4722
8575
9
54
57
75
102
126
127
145
162
213
216
1298
6905
6906
6907
6908
6909
6910
6911
6912
6913
6914
6915
6916
6917
6918
6928
8571
8572
8573
33
51
142
208
266
281
367
419
512
545
589
1172
1176
1379
4094
4095
4112
4113
4791
5502
5509
5515
7523
8556
8564
8565
8567
8568
8569
19
46
70
230
231
357
518
522
578
670
1207
1208
1209
1210
1217
1225
1403
2859
2860
2861
3354
3366
5602
6646
7670
8545
8552
8553
8554
20
27
110
172
234
6185
6186
6187
6188
6189
6190
6191
6192
6538
6539
6540
6541
6542
6543
6544
6545
6546
6547
6548
6549
6550
6552
6553
8543
38
67
82
110
135
136
181
191
271
279
378
401
460
1417
1451
1670
1671
1673
1674
1678
1790
1818
7616
7618
7619
7620
7621
7622
7623
35
105
354
514
595
680
1216
1220
3665
3666
3679
3680
5708
7905
8464
8465
8466
8467
8495
8502
8509
8510
8511
8525
8530
8534
8535
8537
8540
109
152
235
305
362
404
532
533
534
542
581
605
606
1440
1441
1442
1443
1444
1445
1462
1481
1485
1505
3073
4930
7424
8459
8461
8462
10
19
26
36
44
67
83
91
115
153
173
174
314
410
4680
4684
4692
4693
4696
4697
4699
4706
4707
4708
4709
4710
4711
4713
4714
17
26
81
133
135
201
232
259
272
307
357
407
505
533
1163
1165
1167
1171
1172
1173
1174
1180
1181
1186
1189
1190
1260
1445
8456
27
28
45
55
66
93
117
136
153
178
204
210
1881
2829
6896
6897
6898
6899
6900
6901
6902
6903
6904
6905
6906
6907
6908
6909
6919
8
35
55
66
83
115
136
137
176
236
275
371
417
478
542
544
949
950
951
952
963
964
2627
6829
6830
6831
6832
6833
6834
8
27
35
45
67
83
94
117
152
204
208
247
276
313
372
417
478
479
933
934
935
936
937
938
939
952
953
969
8452
30
38
59
219
343
429
447
504
1430
1442
1447
1671
1702
1706
1709
1711
1862
3409
3410
3411
3412
3413
3414
3415
3416
4469
8434
8450
36
72
108
143
194
204
231
305
512
530
623
624
677
708
736
1179
1203
1228
1231
1233
2415
2416
2672
5707
5708
7833
8431
8432
17
295
355
456
1536
1537
1538
1539
1541
1542
1544
1545
1548
1620
1642
1817
1819
1820
1821
4135
4136
4137
6127
8425
8426
8427
8428
8429
72
102
103
188
189
299
397
398
1433
1436
1468
1474
1478
1479
1480
1522
1523
1575
3034
3064
3066
3067
3068
3069
7857
8417
8418
8420
23
172
212
334
2652
3297
3306
3307
3533
5196
5249
5250
5251
5252
5253
7363
7785
8400
8405
8407
8408
8409
8410
8411
8412
8413
8414
8415
9
16
26
34
57
73
105
143
163
164
304
400
4670
4674
4682
4683
4686
4687
4689
4696
4697
4698
4699
4700
4701
4702
4703
4704
27
39
47
58
75
129
171
267
409
466
470
533
535
536
941
942
943
944
2619
2621
2623
2695
2696
2697
4158
8390
8396
8397
19
34
37
38
59
75
86
109
144
170
196
200
268
364
409
470
471
924
925
926
927
928
929
930
944
945
2620
2621
38
8149
8150
8151
8152
8153
8154
8155
8156
8157
8158
8159
8160
8161
8162
8163
8164
8165
8166
8167
8168
8169
8170
8380
8381
8386
8387
211
278
338
364
375
522
1188
1191
1202
3013
3014
3015
3016
3017
5126
5137
5138
5139
5166
5170
5172
5173
5174
5175
6253
8377
8378
18
127
247
248
294
332
2341
2824
2848
2859
4403
5623
5624
5625
5626
5627
5650
5651
5657
5794
8369
8370
8371
8372
8373
8374
8375
7
90
152
214
6165
6166
6167
6168
6169
6170
6171
6172
6518
6519
6520
6521
6522
6523
6524
6525
6526
6527
6528
6529
6530
6532
6533
38
63
92
135
258
345
387
449
1417
1455
1457
1461
1493
1507
1509
3034
3059
4352
4353
4354
6480
8130
8359
8362
8363
8364
8365
17
64
90
116
215
255
289
290
340
390
516
1155
1157
1158
1163
1164
1165
1168
1169
1172
1437
1438
1439
1468
4148
4454
8357
7
17
25
48
64
72
96
134
154
155
295
391
4661
4665
4673
4674
4677
4678
4680
4687
4688
4689
4690
4691
4692
4694
4695
19
28
222
259
300
397
453
458
459
560
568
577
584
585
588
923
971
1141
1158
1425
1426
1427
1428
3988
6794
8208
8354
483
3449
3517
3518
3519
8320
8324
8333
8335
8336
8337
8338
8339
8340
8341
8342
8343
8344
8345
8346
8347
8348
8349
8350
8351
8352
15
104
481
905
3446
3520
3521
3522
3900
4367
5003
7667
7668
7672
7673
7675
7678
7679
7680
7682
7683
8314
8315
8316
8317
8318
83
145
207
6158
6159
6160
6161
6162
6163
6164
6165
6511
6512
6513
6514
6515
6516
6517
6518
6519
6520
6521
6522
6523
6525
6526
278
338
439
1519
1520
1521
1522
1524
1525
1529
1530
1531
1603
1803
1804
3269
4117
4118
4121
4375
6110
8288
8304
8305
8310
8311
55
174
195
250
335
336
1442
1472
1551
1591
1666
1725
5470
5472
5473
5474
5478
5496
5497
5498
5499
8262
8278
8284
8285
8286
10
18
41
57
65
89
127
147
148
288
384
571
572
588
4654
4658
4666
4667
4670
4671
4680
4682
4684
4685
4687
8260
18
85
109
127
175
192
233
248
341
386
447
479
512
548
1137
1138
1139
1140
1141
1142
1161
1162
1214
1224
1234
8258
33
64
88
6491
7754
7755
7756
7757
7758
7759
7760
7761
7762
7763
7764
7765
7769
7770
7771
7772
7773
7776
7778
8250
8254
8256
28
39
65
66
90
109
177
211
1386
1388
1389
6869
6870
6871
6872
6873
6874
6878
6879
6880
6882
6890
7221
7222
7223
7224
17
27
38
65
89
108
125
150
176
6868
6869
6870
6871
6872
6873
6874
6875
6876
6877
6878
6879
6880
6881
6891
8244
8247
15
18
40
56
67
125
177
181
220
249
286
345
390
451
452
906
907
908
909
910
911
925
926
942
944
8233
299
858
866
2323
2369
2404
2629
2630
2631
3633
3848
5226
5240
5871
5872
5873
5874
5875
5900
7340
8227
8228
8229
8230
8231
72
237
417
705
1704
2807
2809
2839
2840
3671
4298
4299
4300
4301
4302
8213
8217
8218
8219
8220
8221
8222
8223
8224
8225
56
95
113
131
160
195
264
315
325
1660
4065
5500
5501
5503
5509
5511
5512
5513
5514
5515
8207
8208
8209
8210
8211
29
69
170
241
313
340
355
417
474
1400
1417
1448
1641
1672
1674
1675
1676
1679
1681
1832
1833
2384
2385
2393
8205
8
31
47
55
79
117
137
138
278
374
4644
4648
4656
4657
4660
4661
4663
4670
4671
4672
4673
4674
4675
4677
4678
13
83
89
170
172
197
281
463
466
666
1382
2598
2599
3409
3410
3411
3412
3413
3414
3415
3505
3506
3507
3546
8202
20
31
48
80
101
102
141
201
240
336
382
443
509
914
915
916
917
928
2592
5194
8012
8191
8192
8199
8200
35
203
281
383
442
504
904
905
906
907
908
909
910
911
952
3943
3944
8181
8183
8184
8185
8186
8187
8188
8189
245
461
663
3544
3547
3548
5305
5306
5307
5308
5309
5310
5311
5312
5313
5323
6380
7159
7162
7163
8176
8177
8178
8179
15
36
90
314
378
414
3145
3146
3185
3186
3187
3188
3189
3190
3191
3192
3193
3194
3620
8170
8171
8172
8173
8174
71
102
130
194
315
367
428
429
476
536
537
549
550
554
579
585
586
588
589
657
797
963
8166
8168
105
149
307
347
391
414
519
1647
1663
2216
3371
3372
3374
3375
3376
3377
3378
3379
3380
3688
4431
7853
8162
8164
23
39
47
71
109
129
130
270
366
4633
4636
4640
4648
4649
4652
4653
4655
4662
4663
4665
4667
4668
4669
4670
67
91
109
157
192
230
323
368
494
530
1119
1120
1124
1164
1189
1192
1206
3876
8151
8152
8154
8157
8158
8159
25
41
75
110
162
205
234
271
330
375
437
891
892
893
894
895
896
910
911
927
929
930
8147
8149
10
21
48
72
91
108
133
159
6851
6852
6853
6854
6855
6856
6857
6858
6859
6860
6861
6862
6863
6864
6872
6874
72
161
231
269
272
425
432
493
532
540
549
555
560
899
903
915
3936
3938
3939
3942
3943
8141
8143
8144
22
38
49
72
107
130
159
163
190
231
327
372
433
434
887
888
889
890
891
892
893
907
920
8003
36
131
132
157
162
191
268
369
2581
2582
2583
2585
2586
2587
2781
3975
3977
6862
6863
6864
6866
6867
6868
6870
470
8111
8112
8113
8114
8115
8116
8117
8118
8119
8120
8121
8122
8123
8124
8125
8126
8127
8128
8129
8130
8131
8132
136
153
158
286
313
457
483
512
1362
1599
1913
4503
4760
4763
5373
5409
5410
7265
8104
8106
8107
8108
8109
26
54
79
135
215
216
303
345
404
405
1605
1606
1607
1608
1609
1614
1615
1616
1618
1619
1621
1622
6494
143
178
217
411
475
1429
1435
1448
1478
1510
1536
1548
1549
1550
1551
1552
1553
1554
1555
6473
8095
8100
8101
26
53
54
97
142
349
412
474
475
1379
1417
1421
1423
1431
1435
1439
1441
1445
1448
1475
3046
4081
8092
21
29
88
154
180
210
255
299
353
363
462
531
568
601
657
658
659
660
902
959
1050
3168
8090
11
38
62
81
98
123
149
435
6841
6842
6843
6844
6845
6846
6847
6848
6849
6850
6851
6852
6853
6854
6864
11
28
60
81
82
121
181
220
316
362
423
489
894
895
896
897
908
909
2572
6774
6775
6778
6779
184
312
437
901
923
924
2722
2723
2724
2725
2726
2727
2771
2774
2775
2850
2871
6370
6728
6729
6730
6732
7073
81
98
186
1614
2417
4754
5962
6688
6689
6690
6691
6692
6693
6694
6695
6696
6697
6698
6699
6700
8077
8084
82
128
278
355
4686
4689
4693
4697
4698
6456
7722
7724
7729
7736
7737
7738
7739
7740
7741
8073
8074
8075
39
199
232
279
382
445
1147
1172
3436
3438
3439
3441
3442
3443
3446
3447
3448
3449
3450
3451
3453
8071
39
64
6192
7603
7604
7605
7606
7607
7608
7609
7610
7611
7612
7613
7614
7615
7616
7617
7618
7619
7625
8069
69
160
284
388
497
1371
1612
1643
1645
1646
1648
1650
1652
1803
1804
1847
7549
7551
7552
7554
7555
8067
160
161
287
448
449
452
508
1137
1138
1140
1147
1148
1150
1151
1154
1333
2789
2794
3163
3204
3285
8064
97
276
280
294
322
440
1461
1510
1524
1550
1652
1653
1684
3326
3329
3330
3344
3345
3346
5463
5688
8062
16
24
48
86
106
107
343
4613
4617
4625
4626
4629
4630
4632
4639
4640
4641
4642
4643
4644
4646
4647
27
51
70
87
112
138
6830
6831
6832
6833
6834
6835
6836
6837
6838
6839
6840
6841
6842
6843
6851
6859
49
70
71
110
170
209
305
351
412
476
478
883
884
885
886
897
2561
2592
3956
3960
7981
8058
27
65
131
204
245
249
1350
4606
4607
4608
4609
4610
4611
4612
4614
4615
4616
4617
4618
4620
4622
4631
16
27
50
85
137
141
180
209
305
411
412
865
866
867
868
869
871
885
886
890
898
7971
85
180
254
416
482
742
747
748
2503
2504
3558
6630
6631
7454
8046
8049
8050
8051
8052
8053
8054
179
424
731
732
733
734
3555
3570
3571
3669
6627
8034
8036
8037
8038
8039
8040
8041
8042
8043
8044
168
469
869
870
872
874
875
876
4538
4540
4546
6731
6732
6733
6734
6735
6736
6737
6738
8031
8032
3034
7784
7786
7787
8010
8013
8014
8015
8016
8018
8019
8020
8021
8022
8023
8024
8025
8026
8027
8028
8029
38
115
128
364
421
582
1352
1712
3563
3564
3565
3566
3571
3572
5867
7995
7997
7999
8000
8001
8002
54
277
278
378
442
444
3110
3112
3113
3114
3115
3149
3155
3156
3157
3158
5507
7572
7991
7992
7993
35
36
331
392
498
500
547
551
552
556
616
636
662
663
1107
1293
2816
7986
7987
7988
7989
28
53
109
117
189
224
319
322
378
389
1187
1589
1593
1596
1736
3724
4037
4042
4046
4731
7984
118
227
280
325
450
1396
1402
1403
1408
1409
1461
1495
1496
1497
1498
2962
7978
7979
7980
7981
7982
64
73
82
307
429
448
1089
1391
1394
1404
1419
1420
1422
1441
1444
1455
1458
1459
3314
7974
7976
52
151
191
226
276
326
452
1090
1091
1092
1093
1094
1095
1099
1100
1105
1108
1109
6845
6847
6848
8
32
90
91
231
327
4597
4601
4609
4610
4613
4614
4616
4623
4624
4625
4626
4627
4628
4630
4631
13
51
117
190
231
235
3581
4592
4593
4594
4595
4596
4597
4598
4600
4601
4602
4603
4604
5982
7328
8
28
59
97
226
297
324
385
392
459
493
505
507
545
546
630
873
930
2622
2623
7967
32
53
54
96
153
192
288
334
395
461
829
869
880
2544
2572
3939
3941
5171
7956
7964
7965
11
34
69
121
125
164
193
230
289
334
395
396
850
851
852
853
854
855
869
870
886
1139
7136
7886
7898
7914
7922
7929
7934
7938
7940
7942
7944
7945
7946
7948
7949
7950
7951
7952
7953
168
199
5068
5070
5071
5072
5073
5074
5075
5076
5080
5085
5086
5087
7879
7880
7881
7882
7883
7884
39
57
75
104
139
208
259
5443
5444
5445
5446
5447
5448
5449
5450
5451
5452
5453
5454
5460
24
62
82
83
223
319
4589
4593
4601
4602
4605
4606
4608
4615
4617
4618
4619
4620
4622
4623
24
7690
7691
7692
7694
7695
7696
7697
7698
7699
7700
7701
7705
7711
7712
7717
7718
7719
7874
7875
89
218
384
451
865
866
964
1337
2613
2614
2615
2616
2658
2660
3955
3957
3958
5519
6801
7872
89
146
1322
1323
1324
1909
6736
7171
7172
7173
7174
7175
7176
7177
7180
7181
7182
7183
7184
7867
24
43
60
85
111
6803
6804
6805
6806
6807
6808
6809
6810
6811
6812
6813
6814
6815
6816
6826
41
76
85
145
261
323
375
483
599
600
601
602
603
819
825
827
3931
7332
7863
7864
38
104
177
4579
4580
4581
4582
4583
4584
4585
4588
4589
4590
4591
4593
4594
4602
4607
4608
7861
23
58
110
114
182
278
323
384
385
838
839
840
841
842
843
844
858
859
863
871
23
154
233
282
334
4378
4379
4380
4381
4383
4384
4385
4386
4391
4392
4397
4398
4399
7858
162
234
5705
5730
5731
5733
5736
5737
7808
7809
7810
7811
7814
7815
7816
7817
7818
7819
7840
61
89
160
193
240
344
406
3395
3396
3397
3398
3399
3400
3401
3402
3403
3404
3405
3417
25
6140
6153
7564
7565
7566
7567
7568
7569
7570
7571
7572
7573
7574
7575
7576
7579
7804
7805
119
405
409
490
574
575
3270
3271
3272
3273
3274
3275
3281
3282
5576
5577
6950
7800
7801
44
161
286
2315
2316
2324
2325
2326
2327
2328
2330
4993
4996
4997
4998
7792
7793
7794
7798
41
95
130
165
406
488
1114
2733
2753
4313
5596
7140
7144
7766
7767
7768
7782
7789
7790
62
124
6075
6076
6077
6078
6079
6080
6081
6082
6428
6430
6431
6434
6435
6436
6437
6438
6439
25
81
161
258
291
350
428
1560
1561
1562
1563
1564
1565
1567
1568
1578
5318
7760
7761
43
62
195
296
298
352
358
360
422
423
1333
1347
1374
1466
1513
2964
7752
7757
7758
43
86
88
357
358
1325
1369
1376
1385
1401
1409
1413
1414
1415
1416
1451
4027
4673
7749
41
193
295
1329
1330
1370
1372
1374
1377
1394
1455
1456
2932
2983
4362
7739
7743
7745
7747
86
87
192
196
294
355
1329
1330
1372
1377
1416
1417
7120
7121
7122
7124
7309
7735
7737
24
42
148
163
248
256
301
427
463
1052
1053
1055
1057
1058
1261
1263
1265
7730
7733
123
227
286
357
463
465
483
508
513
514
518
892
4634
4748
4750
4751
5663
6522
7728
123
295
404
422
463
515
516
544
741
1120
1125
1141
1178
1665
5700
7721
7723
7725
7726
38
58
59
199
4562
4565
4569
4577
4578
4581
4582
4583
4591
4592
4593
4595
4596
4597
4598
1311
1315
1316
1317
1658
7666
7667
7668
7669
7670
7671
7672
7673
7674
7676
7677
7687
7688
7717
255
262
3884
3885
3886
3887
3889
3899
3900
3906
4999
5122
7651
7658
7660
7661
7662
7663
7664
21
61
121
160
256
302
363
429
834
836
837
848
849
856
859
860
3140
6716
6717
19
36
61
87
6779
6780
6781
6782
6783
6784
6785
6786
6787
6788
6789
6790
6791
6792
6802
56
89
159
200
247
360
422
827
831
843
1119
2607
2608
2609
2610
2611
2612
2613
2668
35
87
91
159
255
300
361
362
815
816
817
818
819
820
821
835
836
840
848
131
259
311
4355
4356
4357
4358
4359
4360
4361
4362
4363
4364
4365
4366
4367
7644
7645
4687
4688
7617
7618
7628
7630
7631
7632
7633
7634
7635
7636
7637
7638
7639
7640
7641
7642
132
1660
2428
5376
5382
5383
5384
5389
5390
5391
5392
6533
7591
7610
7612
7613
7614
7615
211
259
4883
4884
4885
4886
4887
4888
4890
7581
7582
7583
7584
7585
7586
7587
7588
7589
377
3342
3416
3417
3418
4262
4263
4899
7563
7564
7568
7569
7571
7574
7575
7576
7578
7579
3575
7539
7540
7541
7542
7543
7544
7545
7546
7547
7548
7549
7550
7551
7552
7553
7554
7561
265
418
1576
2424
2518
2519
2520
2521
2522
2523
2524
2525
4044
7532
7533
7534
7535
7536
18
36
65
100
169
220
5404
5405
5406
5407
5409
5410
5411
5412
5413
5414
5415
5421
75
128
135
208
245
1284
2197
2628
2630
2632
2633
3579
5096
7520
7524
7526
7528
7529
222
223
324
390
3056
3057
3058
3059
3060
3061
3093
3095
3097
3101
3102
3108
3109
7518
56
136
137
224
325
326
1526
1527
1528
1529
1530
1535
1536
1537
1539
1540
1543
1553
3694
3695
4677
7480
7482
7483
7484
7485
7486
7487
7494
7509
7510
7511
7512
7513
7514
7515
139
174
224
274
400
1038
1039
1040
1041
1042
1043
1047
1048
1053
1056
1057
1352
7474
40
66
103
139
184
276
4550
4556
4593
4594
5931
5932
5933
5934
5935
5936
5937
5938
18
66
124
139
232
277
278
338
403
1028
1029
1030
1031
1053
1062
1105
1115
1125
44
67
281
778
780
781
782
785
787
790
1656
7463
7465
7466
7467
7468
7469
7470
17
42
68
6760
6761
6762
6763
6764
6765
6766
6767
6768
6769
6770
6771
6772
6773
6783
40
43
100
139
281
342
408
813
815
816
827
829
835
839
2492
3942
7459
7460
111
138
279
280
341
407
775
812
813
814
815
826
859
2490
3084
3085
4510
7457
17
105
2337
2338
2349
2353
6609
6611
6612
6613
6614
6615
6616
6617
6618
6620
7455
120
192
5501
5662
5663
5664
5667
5687
7046
7440
7444
7447
7449
7450
7451
7452
7453
46
196
483
4604
4607
4608
4609
4610
4611
4612
4613
4614
4615
4616
4617
7437
7438
92
213
360
374
433
434
446
447
477
483
513
514
570
695
699
2859
7435
18
151
201
243
365
380
1395
1557
3246
3249
3250
5529
7419
7429
7431
7432
7433
54
567
570
597
607
1051
7043
7080
7082
7408
7410
7412
7413
7414
7415
7416
7417
18
47
82
151
202
5386
5387
5388
5389
5390
5391
5392
5393
5394
5395
5396
5397
225
242
1300
1557
1558
2280
4053
4054
4055
4056
4813
4829
7401
7402
7403
7404
7405
51
121
260
310
481
1036
1047
1061
1062
1095
4046
4047
4048
5114
7396
7398
7399
154
253
312
383
1293
1311
1360
1474
1475
2446
3989
3996
7388
7391
7392
7393
7394
19
45
255
317
380
1293
1304
1340
1353
1423
2942
3965
3966
4321
7380
7385
7386
210
252
315
378
1282
1303
1308
1322
1325
1326
1333
1334
1358
1372
1373
3984
7378
21
161
257
4527
4531
4539
4540
4543
4544
4546
4554
4555
4556
4557
4558
4560
4561
48
106
121
259
352
385
1010
1011
1012
1013
1014
1015
1035
1097
1107
2661
7375
25
51
6743
6744
6745
6746
6747
6748
6749
6750
6751
6752
6753
6754
6755
6756
6766
52
56
124
220
265
326
327
780
781
782
783
784
785
786
800
801
813
97
432
529
533
534
2420
6508
6509
6510
6512
6513
6514
6515
6516
7369
7371
88
4087
4092
6592
6593
6594
6595
6596
6597
6598
6599
6600
6601
7365
7366
7367
128
6166
6167
6168
6169
6170
6171
6172
6194
6197
6199
7359
7360
7361
7362
7363
423
724
725
726
728
3930
3934
3935
3936
3947
7345
7346
7347
7352
7355
7357
159
254
823
824
826
864
865
7326
7328
7329
7330
7331
7332
7333
7334
7335
28
99
132
179
225
283
3334
3336
3337
3338
3339
3340
3341
3342
3343
3344
183
225
1333
1364
3228
3229
3230
3231
3232
3233
3234
3247
5511
7295
7318
7319
63
228
229
309
410
420
554
558
559
560
704
705
1229
1232
1235
4007
29
64
133
184
5368
5369
5370
5371
5372
5373
5374
5375
5376
5377
5378
5379
223
370
428
480
481
499
502
503
504
507
1073
2290
4813
7263
7289
7291
100
102
228
289
355
1509
1510
1511
1512
1513
1514
1515
7257
7258
7259
7260
62
6366
6367
6368
6369
6370
6371
6372
6373
6374
6375
6376
6377
6378
6380
6381
54
135
177
234
252
356
416
695
696
697
774
3921
3922
3923
3924
5961
133
134
191
233
361
363
1269
1270
1271
1272
1273
1274
1291
1314
1334
7253
131
191
1344
1372
1373
1374
1375
1376
1381
1382
1383
1384
1653
3973
5323
5963
59
185
299
305
372
407
450
455
523
524
525
526
667
2503
2505
4575
141
237
4507
4520
4523
4526
4533
4534
4535
4536
4537
4538
4540
4541
7247
7249
140
236
4506
4510
4519
4522
4523
4525
4532
4533
4534
4535
4536
4537
4539
4540
26
99
5891
5892
5893
5894
5895
5896
5897
5898
7238
7239
7241
7242
7243
7244
33
140
366
2551
2552
2553
2554
2555
2557
7223
7228
7231
7232
7233
7234
7235
86
363
743
748
2631
2632
2633
3434
3435
4847
4850
5159
7214
7219
7220
7221
27
197
313
380
1236
1270
1609
1780
5217
5447
7207
7208
7209
7210
7211
7212
60
195
241
302
368
773
775
776
787
788
794
795
798
799
2482
7204
26
6718
6719
6720
6721
6722
6723
6724
6725
6726
6727
6728
6729
6730
6731
6741
110
185
193
204
238
734
990
2089
3844
3845
3846
5077
5377
7191
7199
7200
30
295
296
362
365
2449
2477
2524
2525
2568
2569
6730
7182
7186
7187
7188
218
4660
4661
4662
7082
7083
7084
7086
7087
7088
7089
7090
7091
7092
7093
67
82
1182
4031
4032
4033
4034
4035
4036
4037
4039
5764
5769
5770
5773
120
5609
5611
5612
5613
5614
5678
5679
5680
5681
5682
5783
5784
5785
7177
109
3491
3542
3543
3547
3548
6057
7158
7167
7168
7170
7172
7173
7174
7175
179
702
2337
7131
7139
7143
7148
7149
7150
7151
7152
7153
7154
7155
7156
80
210
269
347
1479
1480
1481
1482
1483
1487
1690
7124
7126
7128
7129
141
150
3903
4558
4561
4562
4564
4565
4566
4567
4568
4570
5752
5755
7122
71
151
197
255
317
3306
3307
3308
3309
3310
3312
3313
3314
3315
3316
1542
6183
7094
7104
7107
7110
7111
7112
7113
7114
7115
7116
7117
7118
7119
198
260
370
1513
1514
1765
3225
4620
4623
4625
4784
7059
7077
7087
7092
70
1074
2162
2166
2167
2681
3123
4283
4830
4831
4841
5070
7045
7054
7056
35
104
155
5339
5340
5341
5342
5343
5344
5345
5346
5347
5348
5349
5350
167
271
272
1239
1279
1282
1283
1290
1291
1315
1323
1327
1337
1446
7042
107
272
1245
1259
1346
2876
2878
2879
2880
2881
5278
5279
5296
7039
7040
207
270
1275
1280
1287
1288
1289
1306
1313
1320
1325
1327
1333
2398
7037
34
109
207
331
1278
1284
1290
1302
1331
1332
1333
2875
7033
7034
7035
162
270
1259
1260
1261
1264
1265
1266
1267
3889
5322
5323
5324
5325
7031
35
247
259
388
513
516
539
540
2692
3453
7017
7023
7026
7028
7029
73
111
112
118
4484
4488
4490
4529
4531
4532
4533
5869
5870
7011
7012
73
166
211
304
337
962
963
964
965
966
967
968
7007
7008
7009
298
2653
2697
2698
3380
3381
3382
3383
3384
5061
5062
6986
6998
7003
7004
214
336
711
712
713
714
715
720
6977
6978
6979
6980
6981
6982
6983
71
170
353
1209
1230
1243
1477
1582
1681
2294
5190
5191
5352
6962
6975
6692
6693
6694
6695
6696
6697
6698
6699
6700
6701
6702
6703
6704
6705
6713
111
339
2425
2427
2428
2429
2430
6950
6951
6952
6953
6954
6956
6958
6959
72
168
213
275
728
729
730
731
732
733
734
748
749
753
761
70
111
158
271
333
738
1030
1210
2518
2519
2520
2521
2522
2524
2579
199
202
299
326
411
474
1755
2463
4785
6935
6938
6941
6943
6945
6946
31
109
211
332
732
733
734
736
737
738
739
6921
6928
6931
6933
68
164
209
270
271
724
725
726
727
728
729
744
2420
2421
6919
87
5932
5933
5934
5935
5936
5937
5938
5941
5942
5948
6915
6916
6917
5047
6581
6901
6902
6904
6905
6906
6907
6908
6909
6910
6911
6912
6913
33
6117
6119
6120
6121
6122
6123
6124
6125
6126
6127
6128
6132
6135
1764
1765
1766
2221
6881
6886
6887
6888
6890
6892
6893
6894
6895
6896
121
134
223
2691
2692
2694
2695
2696
4201
6874
6876
6877
6878
6879
257
348
774
803
805
806
3236
3240
3241
3242
3243
6863
6871
6872
74
195
255
287
797
798
831
944
947
979
1031
6044
6860
6861
1240
5275
5277
5278
5279
5283
5284
6852
6853
6854
6855
6856
6857
6858
150
761
858
2049
2050
2056
5040
5051
6841
6845
6847
6848
6849
6850
290
3151
3152
3153
3154
3155
3162
3163
6827
6831
6834
6836
6837
6838
302
362
536
641
642
643
644
6818
6819
6821
6822
6823
6824
6825
124
155
228
1211
1411
1452
1485
1486
1487
1490
1492
1643
1644
1767
67
164
311
990
1014
1043
1044
1071
2802
2803
2804
2805
2806
4928
64
6746
6760
6761
6771
6777
6784
6789
6793
6794
6795
6796
6797
6798
70
357
5969
5970
5971
5972
5973
5974
5975
5976
5977
5978
6007
6008
165
348
968
982
983
2386
3212
3213
3214
6700
6740
6741
6742
6743
69
120
5304
5305
5306
5307
5308
5309
5310
5311
5312
5313
5314
5315
6304
6305
6306
6307
6308
6309
6310
6311
6312
6313
6314
6315
6318
6319
80
246
313
1557
1558
1665
1666
2124
2442
2443
2444
2445
2446
6663
296
297
1238
1251
1264
1265
1266
1267
1268
1269
1270
6656
6660
6661
40
75
175
301
940
942
948
949
954
957
6649
6650
6652
6654
51
267
298
299
469
1209
1408
1409
1410
2193
3350
4353
6646
6647
60
504
825
2522
2630
2638
2646
4184
6634
6635
6636
6641
6643
6644
157
173
183
268
282
342
351
385
391
395
603
3934
4511
6608
207
281
299
997
1001
1002
3270
3272
3274
3275
6380
6603
6605
6606
74
169
1401
1496
3896
4490
4491
4496
4497
4498
4499
4500
4502
6600
39
135
181
242
308
713
715
716
727
734
735
739
6595
6596
93
297
392
1176
1178
1195
1603
1604
1761
1762
6579
6588
6589
6590
38
178
179
237
674
3784
3785
3786
6188
6250
6253
6573
6574
6577
180
301
701
702
704
706
707
2545
6550
6563
6564
6565
6566
6571
128
717
739
740
2538
2539
2540
2541
2542
2543
6544
6545
6546
6548
4746
6529
6530
6531
6532
6533
6534
6535
6536
6537
6540
6541
6542
137
202
470
501
525
526
1540
3408
4109
4114
6525
6526
6527
3999
6498
6504
6505
6506
6507
6508
6509
6510
6511
6512
6513
6522
1710
1742
2083
2084
2085
2086
2087
2088
6491
6492
6494
6495
6496
6076
6084
6085
6086
6087
6088
6089
6090
6091
6092
6093
6488
6489
1402
1786
3634
3639
3644
3645
3646
5124
5176
5765
6476
6484
6486
4966
6462
6464
6465
6466
6467
6468
6469
6470
6471
6472
6473
6474
231
232
686
706
718
748
755
2973
3964
3965
3966
3967
6460
566
2331
3375
3376
6445
6448
6450
6452
6454
6455
6456
6457
6458
79
128
180
4224
4225
4226
4229
4231
4232
4237
4238
4243
4250
6147
6411
6412
6413
6414
6415
6416
6418
6419
6436
6437
6439
6442
308
332
553
554
555
2146
2150
2152
2159
6405
6406
6408
6409
1320
1370
1528
2339
5244
5249
5257
5261
6387
6398
6401
6402
6403
4899
4900
4901
4902
4903
4904
4905
4906
4907
4908
4909
4910
4911
79
236
244
2500
2501
2502
2504
2509
3451
3452
3474
6379
6380
64
81
5498
5499
5500
5502
5503
5504
5505
5506
5507
6376
6377
108
153
246
279
904
905
906
907
908
909
2556
2557
6373
33
80
126
184
3235
3237
3238
3239
3240
3241
3243
3244
3245
72
5376
5377
5381
5382
5542
5543
5544
5545
5571
5572
5573
6370
84
187
402
2645
3346
4154
4760
5835
6363
6365
6366
6367
6368
127
4667
4668
4669
4670
4671
4672
4673
6353
6354
6358
6360
6361
270
293
3936
6320
6334
6340
6344
6346
6347
6348
6349
6350
6351
89
153
254
467
749
2921
2926
2958
3950
6315
6316
6317
6318
128
189
255
1409
1410
1411
1412
1413
1414
1415
6290
6291
6292
97
130
192
1399
1400
1401
1402
1403
1404
1407
1547
1611
6287
87
187
189
253
1389
1390
1391
1392
1393
1404
1413
1414
6278
39
189
246
469
915
926
940
941
2569
2593
2602
6260
6262
194
1218
1293
1331
1332
1333
1336
1337
1375
1458
6256
6257
6258
46
1064
1627
1635
5770
5771
5772
5773
6233
6243
6244
6253
6254
35
85
135
261
899
900
901
902
909
914
917
918
1213
45
4402
4407
4408
4409
5792
5793
5794
5795
5796
5797
5798
5799
93
264
300
889
890
892
894
976
986
6222
6225
6227
6228
282
1138
1172
1413
1511
1646
1647
1648
1744
1745
1746
1747
4951
96
4528
4529
4530
4531
4532
4539
4540
4543
4544
4545
4548
6218
96
142
194
203
674
675
676
677
688
689
2352
3803
3804
88
197
201
664
668
672
689
692
712
6150
6211
6212
6215
96
141
202
203
656
657
658
659
660
661
662
676
689
3470
3471
3472
3473
3486
3487
3495
3806
6197
6206
6207
6208
2403
2404
2408
2413
2415
2416
2417
2418
2419
2420
6191
6195
1990
1996
6148
6176
6180
6182
6184
6185
6186
6187
6188
6189
1781
1783
1785
1786
1790
1803
2658
6140
6141
6142
6143
6144
216
3298
3299
3302
3303
3304
4147
6099
6135
6136
6137
6138
149
3392
3438
3457
4184
6075
6079
6082
6083
6084
6085
6086
93
2976
4805
6038
6039
6040
6041
6042
6043
6044
6066
6069
4869
4881
4882
4883
4884
4885
4886
4887
4888
6031
6032
6033
1346
1347
6014
6020
6021
6022
6024
6025
6026
6027
6028
6029
3387
3426
3427
3428
3429
3430
3431
3432
6009
6010
6011
6012
330
564
565
3743
5996
6001
6002
6003
6004
6005
6006
6007
97
244
2735
2736
2737
2738
2739
5976
5983
5991
5993
5994
723
724
756
760
761
762
5968
5969
5970
5971
5972
5973
47
93
151
3202
3204
3205
3206
3208
3209
3210
3211
3212
765
3378
3430
3431
3432
5947
5957
5960
5962
5963
5964
5965
92
3095
3096
3097
3098
3099
3101
3102
3103
3106
3107
5945
3012
3013
3014
5899
5900
5901
5903
5904
5937
5938
5939
5943
51
5235
5236
5237
5238
5239
5240
5241
5242
5243
5244
5246
1274
1374
5882
5886
5887
5888
5889
5890
5893
5894
5895
5896
56
5845
5846
5847
5848
5849
5850
5851
5854
5861
5867
5874
142
193
2870
3498
5836
5837
5838
5839
5840
5841
5842
5843
60
1134
1213
1216
1224
1241
1243
1245
1642
3842
5832
5834
103
165
1177
1178
1179
1201
1225
2769
2789
3813
3814
5828
99
221
281
1157
1158
4496
5821
5822
5823
5824
5825
5826
1154
5489
5490
5491
5492
5493
5494
5558
5559
5560
5561
5819
1163
5167
5796
5808
5809
5811
5812
5813
5814
5815
5816
5817
98
223
224
1175
1182
1185
1221
1224
1234
1267
1314
2794
100
226
864
865
866
869
873
878
879
882
883
1178
356
2549
2551
2552
2553
2563
2591
5779
5780
5781
5789
5792
1118
1120
1478
1479
1481
1587
1589
1590
1591
1593
1594
1595
166
233
314
647
1475
1585
3789
4436
5772
5773
5774
5775
95
1327
1422
3822
4416
4421
4422
4423
4424
4425
4426
4428
225
1108
1109
1110
1111
4415
4417
4420
4422
4426
4432
5769
96
4363
4366
4370
4378
4379
4382
4392
4396
4397
4398
4399
4361
4369
4370
4371
4372
4373
4375
4376
5751
5763
5765
5766
226
2411
2412
2413
2414
2416
2417
5739
5740
5746
5747
5748
163
620
622
653
655
656
658
3669
3670
3710
3711
5737
1109
2317
2318
2319
5724
5725
5726
5727
5728
5729
5730
5731
4357
4358
4359
4360
4362
4363
4366
4368
4370
4371
4372
4380
95
102
160
625
626
627
631
664
665
666
667
2467
2061
2072
5712
5713
5714
5715
5716
5717
5718
5719
5720
2187
5100
5102
5701
5704
5705
5706
5707
5708
5709
5710
5434
5436
5437
5440
5441
5442
5447
5449
5450
5697
5698
3549
5071
5072
5676
5677
5686
5690
5692
5693
5694
5695
4945
4946
4949
4951
4980
5667
5668
5670
5672
5673
5674
162
488
491
493
497
498
499
3588
3592
3594
5665
706
786
5651
5652
5653
5654
5658
5660
5661
5662
5663
266
1461
2331
2338
4930
4944
5631
5641
5646
5648
5649
1037
3890
3891
3895
3897
3898
3899
5619
5624
5625
5628
256
291
528
3762
5607
5611
5613
5614
5615
5616
5617
4261
4262
4264
5574
5575
5600
5601
5602
5603
5604
5605
49
4146
4147
4158
4159
4164
4165
4166
4171
5569
5570
237
1082
1102
1510
1511
1512
1668
1669
5565
5566
5567
5313
5496
5497
5498
5499
5500
5501
5502
5503
5562
5563
129
1447
1463
1464
1465
1466
1467
1468
5454
5457
5458
48
4673
4674
4675
4676
4677
4678
4679
4681
5449
5452
157
1620
1628
1983
1986
1987
1988
2017
2421
2423
2425
164
226
1076
1535
2420
2422
2424
2425
5087
5442
5446
4408
4411
4412
4413
4414
4415
4416
4417
4418
4419
4420
59
4521
4522
4523
4524
4527
5417
5418
5436
5438
5439
46
166
3155
3157
3158
3159
3161
3162
3163
3164
3165
1155
1180
1197
1376
1377
1411
1415
1417
4020
5412
5414
4419
5306
5366
5373
5374
5384
5386
5388
5399
5400
5410
167
2492
2494
2542
5352
5353
5355
5357
5358
5359
5360
163
332
335
3031
3032
3033
3039
5334
5335
5347
5350
42
179
390
518
519
520
521
3065
3066
5328
5332
2527
4680
5293
5295
5312
5319
5320
5322
5323
5325
5326
1087
1359
1366
2080
2169
2171
2172
2175
2181
5288
5289
5184
5185
5186
5187
5188
5190
5191
5192
5193
5194
5195
102
1340
1358
1360
1363
1365
1367
1560
1569
5276
5285
2530
2563
2575
5248
5262
5264
5267
5268
5270
5272
5273
850
851
862
867
872
877
878
879
1049
5245
5246
102
689
2835
2836
2837
2838
2839
2844
5241
5242
5243
167
2834
2835
2836
2837
2842
2843
5233
5234
5238
5239
100
660
2832
2871
2878
2879
5224
5225
5226
5229
5231
102
1296
1298
1302
1303
1304
1305
1306
5215
5218
5221
114
222
234
338
339
340
341
342
5211
5212
5213
814
815
816
817
818
824
826
828
829
834
5201
103
1179
1255
5175
5184
5187
5188
5189
5190
5195
5197
1013
1015
1017
1019
1107
1216
1256
1390
1492
5169
5171
172
1100
1159
5134
5135
5142
5148
5160
5161
5162
5163
105
1110
1116
1123
1156
1164
1181
1265
1582
1584
5132
1121
2709
2710
5111
5113
5114
5115
5116
5127
5129
5130
105
3750
5100
5101
5102
5103
5104
5105
5107
5108
5109
170
1286
1513
2670
2673
2680
5060
5090
5096
5097
5098
2134
2135
2137
3883
5016
5029
5031
5044
5052
5056
5058
584
596
612
613
678
679
680
2385
2386
2387
2397
45
46
106
796
797
799
801
820
830
879
882
554
4968
4969
4970
4971
4972
4973
4974
4975
5002
5003
3729
4883
4884
4885
4886
4957
4958
4962
4963
4964
4965
589
611
612
647
648
649
4866
4878
4879
4880
4881
59
3629
3630
3631
3632
3634
3643
3644
3645
3646
3651
4432
4433
4434
4435
4436
4588
4593
4598
4861
4862
4863
46
107
173
578
580
581
592
600
604
2256
4858
183
1039
1073
1412
2257
2261
2455
2524
4840
4851
4856
45
106
107
560
562
563
565
566
580
581
593
1360
1620
1749
3235
4828
4833
4834
4835
4836
4837
1977
4773
4774
4775
4802
4806
4807
4808
4809
4810
521
3385
4724
4725
4738
4739
4751
4752
4753
4754
115
680
681
682
683
684
4711
4712
4713
4714
4096
4097
4098
4101
4104
4109
4110
4115
4116
4122
364
388
389
391
4685
4704
4705
4706
4707
4708
265
3551
4640
4641
4642
4643
4646
4664
4679
4680
4171
4624
4626
4627
4628
4629
4630
4631
4637
4638
155
3164
4610
4612
4614
4615
4616
4617
4618
4619
103
1041
1917
1918
1919
1920
1921
4603
4604
4608
58
120
3109
3111
3112
3113
3114
3115
3119
4601
3003
3004
3006
3007
3008
3010
3011
4597
4598
4599
147
2638
2639
2640
2641
2642
4590
4593
4594
4595
1315
1316
1318
2038
2041
2043
4572
4586
4587
4588
274
2980
4540
4555
4564
4565
4566
4567
4568
4569
182
192
332
333
1007
1008
1009
1010
1011
1012
181
191
325
2220
3777
4519
4520
4533
4534
4535
2336
2342
2343
2344
2350
4510
4513
4514
4515
4516
61
97
101
127
167
1282
1284
1285
1956
1957
2337
2343
2344
2345
2347
4501
4502
4503
4504
4505
57
122
2798
2831
2833
2834
2840
2841
2842
4499
1269
1272
1273
1277
1417
4412
4471
4472
4496
4497
177
344
786
4450
4462
4463
4464
4467
4468
4469
785
1027
1368
1369
1370
1371
1372
4449
4458
4460
67
3401
3405
3406
3409
4409
4442
4443
4446
4447
108
1125
1132
1133
1134
3008
4399
4400
4401
4402
122
182
540
1039
1117
2726
2727
4385
4394
4397
62
63
1030
1068
1081
1082
1114
4378
4379
4380
125
1071
1076
1083
1084
1087
1118
1123
1136
1172
125
1038
1098
2666
3744
3745
3746
3747
3748
4374
4321
4323
4327
4328
4329
4330
4331
4334
4371
4372
126
764
765
767
773
774
778
779
782
783
61
183
216
218
219
222
4338
4366
4367
4368
4286
4287
4297
4298
4299
4300
4301
4302
4303
4304
1009
1011
1013
1015
1372
4317
4318
4319
4320
4324
186
204
4280
4289
4310
4311
4312
4313
4314
4315
126
751
752
754
756
757
838
848
4261
4262
60
92
752
775
778
784
827
4251
4258
4259
569
570
572
610
611
613
614
4244
4246
4247
539
551
561
661
662
674
4237
4239
4241
4242
62
1028
1029
1030
1031
3576
3577
3580
3581
3583
122
497
498
499
500
501
502
506
842
4233
99
168
538
1008
2766
2767
2771
2807
2808
4231
61
127
495
532
533
534
535
546
548
2210
61
517
518
520
521
522
535
548
560
4215
521
522
523
524
525
526
527
528
4187
4188
125
1337
1465
1466
1806
1807
1808
1809
4185
3915
3916
4168
4169
4179
4180
4181
4182
4183
994
1859
1860
1862
1865
4162
4164
4165
4166
77
1347
1639
1641
1642
1648
4158
4159
4160
531
4136
4137
4138
4139
4140
4154
4155
4156
1462
1579
1582
2124
4109
4122
4124
4125
4126
143
539
652
653
654
655
677
4104
4107
3458
3488
3814
4090
4091
4092
4100
4101
4102
3570
3571
3572
3573
3584
3586
3587
3592
4084
3072
3084
3085
4075
4076
4077
4078
4079
4080
3987
3988
4044
4048
4049
4051
4052
4056
4073
2980
2981
2983
2984
2985
2987
2989
4040
4041
3289
3308
4024
4025
4026
4028
4034
4035
4036
69
2900
2901
2902
2903
2904
3092
3093
3094
150
363
405
417
4015
4017
4018
4019
4020
1131
3996
4000
4001
4002
4006
4007
4011
4013
104
2275
2276
2277
2278
2279
2280
2281
2282
2468
2469
2470
3959
3962
3964
3978
3986
3987
3229
3928
3932
3939
3942
3945
3947
3952
3957
3228
3929
3930
3937
3938
3939
3940
3944
3945
102
535
642
643
3921
3922
3923
3924
3925
3063
3064
3065
3066
3067
3068
3070
3071
3919
62
3052
3053
3054
3055
3056
3057
3060
3061
1093
1306
1307
1308
1314
1315
1316
1317
3915
299
323
326
3746
3750
3907
3908
3909
3913
2925
2928
3898
3899
3901
3902
3903
3904
3905
2389
2438
2439
2442
2534
3888
3893
3895
3896
3253
3877
3880
3881
3882
3883
3884
3885
3886
2689
2690
2691
3870
3871
3872
3873
3874
3875
983
1238
1256
1257
1258
1260
1261
2962
2967
2656
3429
3430
3791
3856
3860
3864
3865
3866
2774
2776
2784
3760
3783
3786
3787
3788
3789
2732
2733
2735
2737
2738
2771
2775
2776
2778
66
1220
1221
1222
1223
1224
1225
1226
3745
78
1210
1211
1212
1214
1215
1358
1426
3743
113
1200
1201
1202
1203
1215
1225
1226
3741
726
737
751
752
910
3734
3736
3737
3738
1251
1323
1410
1424
3713
3721
3730
3731
3732
994
1022
1109
3690
3697
3701
3705
3706
3707
1043
1044
1074
1076
1078
1160
3684
3686
3687
1080
1090
1164
1186
1364
1365
3678
3681
3682
1153
1154
1155
1318
1334
1335
1336
1338
3675
969
1007
1009
1020
1067
1137
3671
3672
3673
1006
1010
1034
1036
1062
1063
1149
3668
3669
967
1005
1038
1051
1358
2640
3662
3664
3666
1036
1105
3334
3335
3648
3653
3657
3658
3660
989
990
3619
3620
3621
3622
3623
3645
3646
108
122
155
160
214
218
535
731
786
108
120
224
225
226
228
2976
2984
2985
3279
3280
3281
3282
3602
3609
3610
3611
3615
107
115
128
131
135
395
396
976
977
688
689
692
724
3590
3591
3592
3594
3599
91
501
517
546
547
548
549
558
559
467
478
490
495
3581
3582
3583
3584
3585
67
953
2196
2197
2198
2199
2200
2230
2231
493
700
2153
2273
2788
3526
3528
3549
3574
966
967
968
969
3514
3518
3519
3520
3521
467
471
483
3504
3506
3508
3510
3511
3512
434
471
472
473
474
485
486
2149
3501
454
455
456
457
458
459
460
475
487
453
454
455
456
457
459
473
474
486
3431
3432
3492
3493
3494
3495
3496
3497
66
1630
2123
2124
3479
3487
3489
3490
103
199
200
204
3462
3463
3465
3468
2199
3436
3437
3439
3440
3457
3459
3460
316
326
329
336
338
3426
3430
3432
1806
1814
1815
1816
1818
3422
3423
3424
74
1475
1836
1839
1849
3416
3418
3420
1467
3357
3370
3371
3386
3397
3412
3414
70
1859
1860
1940
3329
3330
3331
3332
944
1028
3318
3319
3323
3325
3326
3327
2263
2266
2269
2271
2273
3215
3303
3305
566
567
568
571
3158
3159
3160
3165
2334
2337
2413
2434
3153
3154
3155
3156
1291
3130
3143
3144
3145
3146
3150
3151
71
84
307
393
396
398
402
3128
2375
2408
3110
3117
3118
3119
3124
3126
2946
2947
2948
2949
2950
2951
2952
3108
1288
1289
1290
1400
1511
3082
3083
3106
2256
2257
2258
2265
3068
3073
3079
3080
1571
1573
3039
3040
3041
3058
3059
3065
117
2390
3030
3033
3034
3035
3036
3037
657
658
3023
3024
3025
3026
3027
3028
69
656
657
658
660
692
3020
3021
702
727
2989
2990
2991
2992
3017
3018
85
120
169
170
171
172
2935
2978
1203
1207
1278
1403
1404
2908
2909
2928
965
1017
1024
1025
2888
2900
2901
2903
2327
2361
2374
2375
2376
2382
2878
2879
166
2861
2862
2864
2865
2866
2872
2873
60
689
699
888
894
2849
2855
2857
712
887
2793
2822
2836
2845
2846
2847
922
1072
1518
2779
2786
2788
2789
2790
680
691
2770
2771
2772
2773
2774
2776
2337
2338
2753
2760
2761
2766
2767
2768
109
321
322
440
2739
2748
2749
2750
2679
2680
2681
2705
2707
2714
2715
2727
2672
2693
2694
2695
2696
2697
2701
2703
2040
2665
2667
2668
2669
2671
2690
2691
1157
1158
1159
1160
2623
2650
2651
2652
967
994
1115
1116
1117
1211
1415
1417
661
1244
1245
1246
1247
1248
1249
2614
60
339
340
341
342
2605
2609
2612
971
979
980
1364
1365
1534
1535
2580
912
913
914
977
1014
1047
1357
2601
962
972
973
1001
1029
2548
2579
2580
947
954
968
972
974
1000
1001
2577
958
959
1001
1011
2512
2565
2571
2575
910
913
924
2541
2559
2561
2562
2563
1164
1602
2525
2526
2536
2537
2538
2539
909
910
928
929
2518
2519
2520
2521
638
641
642
643
648
649
652
653
67
2503
2507
2510
2512
2513
2514
2515
669
703
2491
2492
2493
2494
2495
2497
95
2357
2466
2479
2480
2484
2487
2489
883
884
885
886
2283
2287
2290
2291
625
626
628
629
630
2277
2278
2279
375
377
379
380
382
2269
2273
2274
56
63
64
2214
2215
2248
2249
2264
1147
1477
2185
2186
2187
2188
2191
2193
401
403
405
406
407
2175
2182
2183
886
2129
2130
2131
2132
2133
2163
2164
407
410
422
433
540
541
2116
2127
1344
2086
2088
2089
2090
2103
2104
2106
405
406
407
408
419
420
2083
2084
1212
1340
1341
1681
1682
1683
1684
1955
1957
1958
2075
2078
2079
2080
181
224
2066
2070
2071
2072
2073
1563
2051
2057
2058
2059
2060
2061
1298
1547
1548
1549
1585
1642
2045
1491
1527
1531
1579
1949
2040
2041
267
268
2021
2024
2034
2037
2038
1331
2014
2015
2016
2017
2018
2019
535
2000
2005
2006
2007
2010
2012
1870
1885
1991
1992
1995
1996
1998
856
890
1229
1958
1987
1988
1989
1735
1743
1747
1953
1954
1955
1956
482
501
509
510
511
512
1951
1411
1468
1481
1915
1940
1941
1947
947
1144
1789
1790
1870
1911
1913
24
1792
1819
1838
1839
1851
1852
1401
1762
1763
1764
1765
1788
1790
1293
1294
1295
1296
1748
1753
1754
455
467
468
469
1725
1726
1746
1049
1181
1359
1538
1539
1718
1722
332
333
1702
1711
1712
1713
1714
325
329
1525
1526
1701
1708
1709
865
1274
1275
1431
1432
1688
1698
1087
1102
1112
1683
1684
1685
1686
396
509
510
511
512
1236
1679
629
630
639
643
646
650
834
10
159
188
295
819
822
823
588
591
594
672
687
799
814
164
165
609
792
794
795
796
81
107
577
578
579
580
582
14
43
48
49
136
137
427
116
117
118
119
336
354
356
8
24
25
329
332
333
334
266
322
323
324
326
327
223
309
314
316
317
318
148
301
302
303
304
305
134
136
138
140
141
285
151
274
279
280
281
282
41
98
269
270
271
272
40
214
254
262
265
267
9
16
17
20
125
208
94
96
97
101
102
37
67
112
113
114
30
66
67
108
109
33
36
38
92
102
40
85
86
88
89
52
74
79
81
82
6
66
67
68
69
25
31
35
53
61
5
6
15
19
16
21
24
25
6
13
14
17
3
10
11
3
7
8
3
5
1
3
1
1
1
1
1
1
1
1
2
1
3
5
6
12
13
1
4
5
1
6
3
6
8
9
1
8
5
5
5
1
2
1
2
3
3
4
2
3
4
1
2
1
1
2
3
4
2
3
4
1
1
1
2
3
2
3
4
5
4
1
5
7
5
6
1
1
1
2
1
1
2
1
1
1
1
1
2
3
4
1
2
3
1
2
1
21
20
27
3
4
48
1
30
1
29
45
1
45
56
20
1
2
3
4
5
2
3
7
7
6
7
7
8
9
1
10
38
32
4
30
31
32
33
34
34
35
39
40
41
4
45
48
1
11
16
1
3
50
33
1
3
3
4
45
13
24
25
27
25
1
1
2
2
3
4
37
1
2
3
1
2
1
17
15
16
2
16
17
13
14
1
9
16
16
1
2
1
17
18
17
4
3
10
3
4
8
1
2
1
1
2
3
2
7
10
13
14
15
22
23
32
13
1
11
1
29
1
28
25
1
1
2
3
4
2
4
5
10
5
18
1
2
1
7
7
8
5
6
8
1
2
1
4
5
6
3
8
1
3
5
1
1
2
1
1
1
2
1
1
2
1
2
3
2
1
1
2
6
7
8
9
1
1
2
3
2
1
2
2
1
1
1
2
3
4
1
3
2
2
1
2
1
1
2
1
1
1
1
1
2
1
1
1
1
2
4
5
8
3
6
8
2
7
9
1
5
7
8
9
10
2
10
3
7
1
2
4
6
20
25
33
89
2
3
20
36
1
3
4
18
19
31
1
2
3
17
34
17
29
1
15
14
27
3
5
6
7
45
48
1
2
3
4
5
170
1
2
15
41
44
45
2
3
4
4
16
1
12
45
46
47
92
1
2
3
14
15
1
2
47
48
49
1
12
49
11
12
1
13
12
49
1
4
49
50
51
52
99
48
98
8
10
12
22
44
3
9
27
45
49
16
17
49
6
11
49
50
24
37
10
110
111
113
114
115
116
138
2
5
43
44
20
22
115
116
2
3
4
19
20
21
16
47
139
1
101
107
108
1
66
67
68
137
138
66
67
136
137
7
137
138
139
140
141
147
1
36
37
38
35
142
1
3
41
42
44
2
40
45
45
101
130
22
137
138
31
32
7
1
93
94
95
96
142
90
93
94
72
75
50
1
91
1
34
35
36
37
38
39
44
60
13
15
16
17
18
12
1
10
2
2
5
72
1
1
2
80
6
7
1
2
1
18
19
27
28
29
30
1
1
1
2
2
2
3
60
1
1
2
3
1
2
3
4
1
2
4
1
4
2
4
8
9
10
10
79
77
58
1
13
20
19
20
50
51
25
27
1
2
1
39
51
1
40
41
50
51
53
58
1
26
1
2
1
1
2
3
6
49
1
2
3
3
2
24
13
1
5
1
1
2
1
1
2
3
4
1
4
3
1
3
1
2
1
2
132
1
4
36
90
3
100
1
2
3
4
5
6
2
4
5
86
32
84
2
109
110
111
112
93
91
25
59
75
1
2
3
15
18
19
1
18
1
13
16
17
1
2
7
12
16
1
7
14
16
6
13
1
115
116
1
110
111
112
122
123
1
2
5
6
5
8
9
10
11
129
11
12
13
14
15
4
1
35
36
37
53
52
58
59
62
86
1
55
74
91
92
162
120
12
14
15
43
44
44
1
45
38
55
1
10
26
16
67
8
10
11
63
64
1
1
26
27
28
1
33
21
7
8
9
51
4
13
128
1
4
3
53
14
15
6
9
44
45
141
62
63
64
2
5
7
35
49
3
136
1
2
37
1
3
4
5
6
70
71
20
21
77
78
16
53
77
78
6
7
8
10
105
112
27
102
103
10
38
65
66
67
68
50
51
52
12
13
14
44
20
21
95
8
28
30
31
31
79
80
85
1
9
51
52
1
2
1
39
40
41
41
18
19
20
1
1
66
1
51
52
51
1
2
3
1
54
35
56
3
7
14
1
5
6
7
8
1
2
3
1
3
4
17
1
1
2
1
1
2
1
1
1
2
1
2
3
4
10
2
4
4
5
1
7
8
9
2
3
1
1
2
1
1
2
3
9
2
3
4
5
6
4
8
9
10
11
5
5
8
7
34
268
459
472
545
1
3
428
429
430
1
2
587
571
586
272
273
274
2
4
6
363
1
3
1
2
4
1
28
2
190
310
311
357
5
6
347
348
379
2
472
473
475
477
1
1
2
343
603
1
342
466
341
44
52
60
69
128
129
274
275
407
408
409
410
1
2
82
85
397
398
399
1
210
409
410
408
410
1
5
16
4
15
39
80
101
143
146
147
1
413
18
1
2
3
546
1
1
557
558
339
476
510
1
557
100
556
557
260
262
261
503
654
129
130
131
674
675
710
47
136
137
1
2
1
4
6
7
8
26
288
289
1
7
59
173
172
173
174
175
1
3
4
1
149
283
39
297
298
494
1
2
3
41
42
3
13
14
42
43
43
11
50
58
59
247
24
25
53
81
82
83
1
21
41
48
7
46
82
83
85
24
87
88
7
12
13
87
88
89
20
48
44
95
96
1
96
96
1
42
39
52
100
101
102
103
4
7
21
27
67
148
30
104
105
105
106
107
392
38
63
105
106
538
4
5
33
113
114
115
433
1
14
115
1
108
1
7
113
62
70
116
42
51
117
118
41
120
1
107
117
106
116
120
397
119
120
121
122
563
35
12
40
121
122
123
5
8
25
426
126
183
346
125
126
127
2
128
235
1
1
8
42
43
172
1
95
111
172
173
190
191
192
657
1
279
2
4
3
2
88
158
159
160
213
214
216
217
218
219
220
33
275
3
5
6
281
286
1
2
1
155
2
5
8
286
3
279
148
1
1
273
282
299
1
365
40
44
82
163
164
5
309
308
309
614
632
309
378
1
616
242
312
1
2
366
367
2
40
115
245
332
333
1
350
349
201
3
36
575
575
140
603
316
492
493
494
616
640
611
1
2
123
124
3
43
124
3
4
42
124
1
125
124
125
126
38
458
85
168
134
236
1
139
183
185
249
1
100
178
182
268
269
69
216
602
225
22
200
201
209
544
219
512
562
563
156
264
266
273
557
2
75
222
1
2
96
300
302
95
198
299
301
61
1
142
242
1
474
475
541
107
227
309
324
325
1
2
3
4
5
1
4
10
11
12
1
2
3
12
1
11
1
1
2
3
12
15
25
1
2
3
1
12
22
23
18
21
22
1
3
4
7
8
2
3
7
212
213
214
2
6
200
303
304
1
3
5
145
144
143
10
15
300
343
509
140
2
3
38
40
191
245
1
2
3
4
1
2
3
64
1
2
3
1
2
1
5
299
300
301
196
233
272
337
18
23
27
302
1
273
438
364
443
444
445
392
393
18
136
137
208
276
8
281
7
280
283
284
2
3
4
161
207
208
5
159
207
208
209
1
157
200
209
5
157
2
4
3
155
2
153
206
199
152
38
168
1
468
125
446
316
412
413
204
206
1
388
1
1
1
2
3
4
5
6
1
411
177
178
357
358
214
1
1
2
1
4
10
11
453
2
4
3
29
2
2
128
129
470
471
1
1
445
442
444
7
18
475
8
9
10
1
2
7
8
9
1
6
7
8
5
6
7
3
4
5
6
2
7
8
82
124
357
9
216
295
18
21
86
87
276
86
87
110
173
174
175
4
106
209
210
211
212
2
107
111
112
1
2
110
221
222
223
223
20
1
1
1
398
1
2
3
4
1
3
2
2
1
1
2
3
4
5
1
2
5
2
5
5
1
2
3
1
2
3
2
1
2
1
1
2
4
5
1
353
354
249
1
375
266
267
268
269
1
2
158
159
1
157
158
157
2
1
247
248
249
303
304
247
249
250
251
251
252
253
392
1
1
329
1
2
3
3
4
5
1
5
9
120
121
319
97
98
103
104
195
164
165
1
341
342
343
344
341
342
1
120
121
170
171
1
101
4
122
2
188
2
1
313
187
241
1
9
118
119
120
121
45
77
138
196
1
104
294
180
1
1
2
1
2
2
1
2
1
2
3
2
1
1
2
3
1
1
1
1
2
3
4
5
6
8
32
59
50
51
77
170
91
92
159
161
1
2
3
4
5
1
2
3
4
1
7
73
78
80
1
105
133
1
132
131
2
93
60
129
59
247
1
51
52
53
153
112
212
43
1
2
3
4
3
4
2
2
1
2
3
1
2
197
56
100
171
86
49
48
107
1
1
1
2
68
1
1
1
2
3
4
36
136
71
184
1
2
1
70
90
91
120
1
103
1
2
2
3
1
2
6
7
1
5
6
1
4
5
1
1
2
2
11
1
2
3
151
1
147
148
129
1
6
30
45
57
56
57
37
38
39
40
142
1
6
7
67
68
5
1
16
128
1
2
3
1
1
66
46
1
1
1
3
1
71
58
103
1
1
1
2
1
2
2
74
75
1
1
1
1
1
2
3
1
47
1
2
27
28
1
2
1
2
1
1
1
1
1
2
1
1
1
30
6
1
1
2
3
1
2
1
12
1
1
3
2
1
1
10
2
7
8
10
1
2
3
4
2
3
1
1
3
6
7
1
1
2
1
2
1
1
2
3
4
5
6
4
2
4
1
3
2
1
14
1
1
2
3
3
11
1
3
4
5
1
3
1
9
9
1
2
3
4
5
6
1
2
1
2
3
2
2
1
2
2
3
4
12
22
3
18
1
2
3
1
2
12
1
12
10
12
1
1
3
4
1
2
3
4
14
2
15
1
3
4
12
4
5
1
1
1
1
2
1
2
5
6
7
8
1
2
22
23
1
3
7
8
1
2
3
17
14
1
1
2
2
3
8
3
5
1
2
3
1
1
2
4
5
11
1
1
12
1
2
3
1
3
2
2
3
8
2
1
2
3
1
4
13
1
2
3
4
3
4
5
6
1
4
5
2
1
1
1
1
9
14
16
1
2
3
5
3
18
1
12
13
14
20
14
15
16
17
1
2
3
4
5
6
1
31
31
32
33
5
22
9
10
11
15
1
19
20
7
17
19
9
1
1
2
3
4
16
4
5
4
1
2
1
1
2
3
4
5
5
3
2
1
1
4
5
6
7
13
21
12
17
18
19
11
15
1
2
1
2
3
3
4
5
5
3
1
5
3
1
2
3
4
5
2
3
1
1
6
8
9
10
11
12
1
4
15
16
17
18
26
4
11
14
20
1
17
1
1
1
2
6
7
1
11
6
8
10
1
2
1
1
1
2
1
1
2
1
3
1
1
1
1
2
2
1
2
3
4
2
7
3
1
1
1
2
3
1
2
1
2
1
2
4
1
1
1
2
1
2
2
1
1
2
1
1
1
2
1
1
2
1
2
3
1
2
4
9
1
2
1
2
3
4
5
3
4
5
1
5
6
7
8
1
3
1
2
4
12
3
3
7
8
9
10
1
4
11
3
1
3
6
7
1
2
4
13
1
2
3
15
1
2
1
11
1
11
1
1
2
1
2
3
2
21
5
4
5
6
7
8
5
6
12
2
3
4
5
9
1
2
3
5
1
1
2
4
6
7
1
2
4
1
1
1
2
3
4
5
6
1
2
3
1
2
1
3
1
1
1
2
3
4
6
8
1
5
1
3
4
6
7
8
2
1
6
7
8
9
10
11
12
1
2
3
4
1
3
1
2
3
1
2
1
1
5
21
22
2
1
2
12
24
25
26
1
11
20
24
25
1
3
13
14
15
18
19
3
4
8
9
10
2
4
5
1
1
2
4
5
1
4
1
2
1
8
1
4
1
2
3
4
12
1
2
12
13
1
3
8
1
12
1
2
3
4
1
1
2
4
12
1
11
9
3
4
6
7
9
8
5
1
2
1
1
3
1
2
3
1
2
4
1
1
1
2
3
1
2
3
14
79
100
120
1
100
101
99
100
101
102
119
97
10
11
140
61
102
41
42
70
2
21
40
42
43
20
34
35
44
45
143
1
19
10
11
12
13
125
161
1
15
90
99
1
2
3
1
139
147
138
1
5
14
99
104
1
113
3
13
15
6
7
8
9
10
110
1
10
11
12
12
41
78
79
88
122
10
10
32
51
2
64
136
3
13
28
1
3
112
23
28
30
31
72
118
119
30
100
40
106
107
45
59
1
37
2
3
5
37
1
3
37
38
3
37
95
15
90
2
3
4
41
47
48
47
48
49
11
15
36
37
26
45
44
11
12
1
3
4
6
7
4
7
7
30
14
26
65
68
69
43
44
1
18
7
48
46
47
48
1
1
1
1
1
2
3
3
1
1
1
2
3
1
2
4
1
4
5
2
5
6
29
3
1
2
1
1
1
1
4
3
1
1
1
2
3
7
8
9
10
10
1
2
2
3
1
2
1
1
2
1
2
3
1
2
1
1
2
3
1
2
3
1
2
1
1
1
2
3
3
4
2
3
1
2
1
1
2
3
4
5
6
9
4
6
7
11
1
1
5
1
1
2
3
4
5
2
5
9
2
3
5
4
5
1
2
1
2
3
1
2
1
1
1
1
1
2
3
1
1
2
3
1
2
3
4
9
19
4
5
1
1
1
1
2
1
2
3
4
1
2
4
2
2
1
2
2
3
1
2
4
5
16
20
28
1
4
14
15
20
1
1
2
3
4
7
2
3
1
1
2
1
2
1
2
3
4
5
2
3
3
1
1
3
2
3
4
5
9
1
5
6
7
10
9
7
4
5
14
20
2
4
8
1
3
4
5
6
1
2
3
1
3
8
3
1
5
13
5
6
7
10
12
1
2
1
10
1
1
1
1
2
3
4
5
1
2
3
4
1
3
2
3
2
1
1
8
10
11
25
24
8
18
2
15
18
1
2
3
8
9
10
12
13
1
7
8
6
7
12
1
2
3
8
1
2
13
4
12
13
11
1
2
10
8
9
1
2
5
6
1
2
4
6
1
1
2
3
3
2
1
2
4
7
10
11
12
1
2
3
4
5
6
1
2
5
1
4
1
2
3
4
1
2
3
1
2
1
1
1
2
2
3
1
1
2
2
1
1
4
9
17
3
24
25
26
27
28
1
1
2
3
1
3
20
2
2
6
1
8
8
1
2
3
1
2
2
5
1
1
2
5
6
7
8
9
12
1
2
3
3
5
1
4
5
6
7
1
2
6
3
3
3
1
2
3
4
4
1
1
9
1
2
3
4
5
6
1
2
3
1
2
3
1
2
1
1
2
3
2
1
2
2
2
1
2
3
4
8
9
2
10
11
1
2
4
8
5
1
8
9
7
8
10
2
1
1
1
3
4
5
1
2
3
4
5
6
5
3
1
3
4
5
5
6
7
3
1
10
3
4
5
6
7
6
1
5
6
7
4
3
27
30
1
4
45
46
1
2
31
32
33
34
38
1
33
34
35
1
2
23
22
1
2
3
4
5
8
9
13
14
2
3
19
2
18
1
2
17
18
1
15
24
4
5
6
8
9
1
5
6
3
7
1
2
3
1
3
15
2
9
1
2
3
8
1
2
1
5
6
1
1
2
4
7
7
1
1
2
4
4
5
6
7
8
22
3
1
2
3
5
6
7
1
3
4
7
1
2
6
1
5
4
1
2
16
13
8
2
5
8
1
2
3
4
6
7
8
2
3
5
6
7
1
2
4
1
3
4
3
4
2
1
5
7
1
1
2
1
1
2
4
5
6
12
1
1
8
9
7
8
4
10
13
1
2
3
1
1
1
1
1
2
3
4
3
1
2
3
1
3
1
1
2
3
4
1
1
2
6
7
8
2
3
4
5
8
6
8
9
1
1
4
8
9
9
10
11
12
13
10
5
6
7
8
2
3
4
2
3
4
3
2
3
4
1
1
2
1
1
2
3
3
4
5
6
7
7
1
2
1
3
2
1
1
2
3
1
2
3
4
5
1
7
11
12
13
14
15
2
49
50
76
78
1
45
126
13
14
1
2
3
4
5
6
90
82
83
89
95
89
90
90
29
52
53
54
57
61
97
29
104
1
18
24
40
56
65
1
1
2
3
3
4
4
4
5
6
7
8
9
10
4
2
27
28
46
84
2
27
1
105
1
2
3
23
1
1
1
2
94
1
1
2
3
4
61
3
77
78
1
23
27
29
1
2
3
4
1
2
3
4
1
2
1
1
1
19
23
24
1
2
5
6
8
6
3
9
1
1
1
2
3
1
2
1
15
1
2
3
17
1
1
14
17
31
1
2
26
37
1
2
16
43
24
25
12
14
22
37
1
11
1
1
9
1
2
2
3
4
6
7
13
14
4
4
5
1
1
1
14
1
4
8
9
10
8
1
1
1
2
3
1
2
1
2
1
1
4
12
15
1
4
8
9
10
11
12
13
14
15
16
17
18
19
10
1
2
3
4
1
2
3
1
2
1
13
14
15
16
37
15
16
17
18
19
3
18
18
19
20
1
2
1
14
29
26
28
1
2
1
1
1
2
3
4
1
2
3
3
2
1
2
2
3
4
2
2
2
1
2
1
3
6
1
2
3
4
5
6
7
5
5
15
8
9
5
6
11
5
7
1
1
1
1
1
1
1
1
1
2
1
2
3
4
1
3
4
2
3
4
1
4
5
3
4
1
2
1
2
1
2
1
5
7
10
11
1
1
2
2
3
2
3
2
2
1
1
2
1
1
2
1
1
2
3
1
2
3
1
3
4
4
5
4
1
3
4
3
4
1
1
1
1
1
1
1
1
2
1
1
1
1
2
5
14
15
16
22
1
2
4
13
15
16
21
1
12
14
15
20
12
13
19
19
10
1
12
13
14
15
17
1
2
3
4
5
6
1
1
8
2
1
5
6
1
2
4
5
6
7
8
1
2
11
12
15
4
5
8
9
9
10
13
2
5
10
9
1
4
3
1
2
2
3
2
3
4
8
2
3
5
6
7
1
1
1
2
1
2
3
4
1
3
4
1
4
5
6
1
3
3
5
2
2
1
2
3
3
1
1
1
2
3
5
2
5
4
1
4
5
6
17
1
2
1
5
6
10
13
1
2
13
1
12
11
15
16
1
2
3
4
5
6
10
13
1
5
1
1
2
3
4
1
1
2
1
2
1
1
1
1
1
2
1
1
2
5
7
1
2
4
1
3
3
1
1
2
3
1
1
1
1
2
5
6
8
3
1
4
5
1
1
2
7
1
2
2
1
2
4
1
1
1
1
2
3
4
1
2
5
1
3
2
4
1
1
2
3
2
12
1
2
3
1
2
3
4
5
6
7
1
5
6
7
8
9
5
9
10
1
4
1
2
3
1
2
5
6
1
4
3
4
5
1
2
1
2
3
10
5
13
14
15
16
28
33
46
1
17
4
14
17
18
19
1
1
45
1
1
2
6
6
7
4
6
28
4
1
12
1
2
1
2
3
4
5
5
6
7
1
1
1
7
1
1
1
2
1
2
3
1
1
2
3
1
1
4
4
1
2
1
1
1
2
3
4
5
3
1
3
4
2
4
1
1
2
1
1
2
1
1
1
2
3
1
2
1
2
1
1
1
1
2
2
1
1
1
1
2
3
1
2
3
4
6
1
1
1
2
1
1
2
2
3
3
4
2
1
2
3
4
5
7
1
2
5
6
1
2
3
1
1
2
3
4
4
3
4
5
6
1
4
5
6
7
11
1
6
7
8
1
4
5
1
4
5
1
3
1
2
3
3
4
2
2
1
1
1
3
3
4
1
1
1
2
1
2
1
1
1
2
1
2
3
4
5
4
7
2
3
1
1
2
5
1
2
13
17
1
12
18
25
11
3
17
19
20
8
14
20
2
3
7
9
19
1
3
5
2
4
9
1
2
2
5
1
6
13
14
5
12
13
1
7
8
6
5
1
2
1
1
1
1
1
2
3
4
1
1
2
1
2
3
4
3
1
1
2
3
1
2
4
1
2
1
1
2
3
3
4
1
2
1
2
3
1
2
1
2
3
4
5
6
2
7
8
1
1
2
3
1
4
5
6
7
6
6
6
12
13
1
3
2
3
4
5
6
1
1
1
1
2
1
1
3
12
11
1
1
2
3
4
5
6
7
1
1
1
2
3
1
1
2
1
4
1
2
4
5
6
5
5
6
7
11
13
21
6
14
15
7
3
1
1
2
1
2
3
1
2
1
2
1
2
4
1
2
3
4
5
6
7
2
6
1
6
7
8
9
4
8
1
1
1
1
4
1
3
4
5
6
7
1
1
1
3
5
6
9
11
13
14
15
1
2
3
4
5
15
16
17
18
1
3
4
2
3
12
16
18
35
1
1
12
16
28
1
2
3
5
6
31
1
2
1
3
4
1
2
32
1
8
9
11
3
13
3
11
12
13
14
16
2
10
11
12
13
14
16
17
4
5
6
8
9
10
13
15
6
1
6
1
2
3
4
6
7
1
2
3
5
6
1
2
4
5
1
2
3
4
2
3
1
1
2
2
1
6
7
8
9
10
11
13
2
13
1
3
9
11
13
14
15
13
2
6
1
2
3
4
1
2
2
3
1
2
1
2
6
2
3
8
10
14
19
20
22
12
4
5
8
1
2
3
8
4
7
8
1
2
3
6
2
3
5
9
1
2
4
3
8
9
10
1
4
11
12
13
10
1
1
1
3
4
2
1
1
2
8
1
8
9
10
1
2
3
4
5
2
3
4
1
2
1
1
1
1
2
3
14
1
2
3
1
2
11
1
14
1
2
3
4
3
3
4
5
6
27
2
6
9
10
21
3
4
5
13
1
2
11
18
1
8
5
10
11
1
1
2
5
6
7
5
7
5
7
6
1
1
1
1
2
1
1
6
1
2
3
2
3
4
1
3
2
3
1
1
2
3
4
5
22
5
10
5
6
7
8
1
15
4
1
2
1
2
3
1
2
3
4
5
1
1
2
3
3
1
6
2
3
4
7
2
3
9
1
7
1
2
3
4
1
3
9
11
13
1
2
3
4
5
6
1
2
1
1
4
1
2
2
3
1
2
1
2
3
4
5
6
1
3
4
5
6
2
3
4
5
7
8
9
10
12
8
1
2
1
4
5
9
1
2
1
1
4
1
2
1
1
2
3
4
1
1
1
2
3
1
2
3
4
5
6
7
1
2
1
2
4
1
3
4
5
6
1
3
1
2
1
1
2
1
2
1
2
3
4
1
4
5
6
7
8
14
15
1
4
8
17
14
7
8
9
10
5
1
2
1
5
8
1
6
1
1
8
9
10
11
14
1
2
3
1
2
1
2
3
1
2
1
2
4
1
1
2
1
2
3
4
2
3
4
4
5
5
5
6
7
8
12
14
15
7
8
7
1
1
1
1
1
1
2
3
1
3
4
7
8
9
10
1
2
1
2
8
9
1
9
10
8
9
9
3
8
1
1
2
2
3
12
3
4
6
10
1
2
2
3
4
2
1
2
3
4
5
4
5
6
7
8
9
10
11
12
8
9
10
11
12
13
1
2
1
9
10
40
1
2
34
35
38
1
10
28
31
27
34
1
1
2
1
9
10
11
12
13
14
15
16
1
2
3
4
5
6
18
2
3
5
1
2
3
8
17
18
2
3
18
1
2
1
12
12
16
1
2
1
1
2
9
10
1
2
3
12
2
5
10
1
25
1
2
1
1
4
8
2
4
5
7
1
2
5
6
1
1
1
2
3
4
3
4
5
6
7
1
2
3
4
5
1
1
3
9
10
1
2
3
2
3
4
5
1
1
2
2
3
1
1
1
2
1
2
3
4
5
6
7
8
9
9
4
60
67
1
3
60
1
6
9
10
11
12
31
2
3
4
25
14
5
18
19
20
21
22
1
12
13
16
45
11
22
56
1
2
30
31
32
33
34
35
38
14
29
35
35
42
43
44
50
44
4
5
33
34
35
36
36
37
44
11
13
14
2
33
41
33
1
1
2
3
4
5
2
25
2
1
6
1
2
3
4
3
1
2
1
1
2
1
1
23
32
1
6
7
17
18
26
1
2
3
4
16
17
18
20
1
2
3
17
19
1
2
16
18
1
15
17
18
14
16
2
8
18
19
1
2
3
4
18
20
2
4
22
17
1
10
2
1
1
2
2
3
10
1
9
1
1
2
3
3
18
5
4
1
2
2
2
3
4
5
6
6
6
8
1
1
1
3
4
6
11
8
1
1
2
2
3
1
1
1
2
1
2
3
4
5
6
2
4
2
1
1
2
3
1
1
2
3
10
17
18
19
20
22
16
1
2
3
4
5
5
6
7
1
2
3
4
5
1
2
1
2
2
1
2
1
2
4
1
1
1
1
2
3
4
5
6
1
2
3
4
1
2
1
2
1
2
3
4
5
3
1
2
3
4
1
4
5
6
7
5
6
7
1
1
1
1
2
3
4
5
6
7
8
14
7
13
1
2
6
7
1
5
6
4
5
5
7
13
14
15
17
2
6
1
8
11
12
1
7
10
12
6
5
11
1
2
3
4
1
3
1
2
3
1
2
2
3
2
2
2
3
4
5
6
7
8
9
10
11
1
3
9
12
13
14
15
16
17
1
2
3
5
6
7
8
9
1
2
3
4
5
6
8
16
1
3
4
5
6
7
1
2
3
4
6
12
1
2
3
5
1
2
4
1
3
2
3
4
5
6
2
1
2
3
1
2
1
4
1
1
2
3
4
4
5
1
1
2
3
1
2
3
1
2
1
1
1
2
1
1
3
4
1
2
3
2
1
1
2
3
4
3
7
8
1
2
3
4
5
4
5
6
7
1
6
6
1
5
4
1
2
1
2
1
1
1
1
1
2
3
4
5
1
3
1
1
5
6
7
9
1
5
7
12
13
1
2
15
16
14
16
1
2
3
1
2
2
2
3
2
5
1
1
2
3
5
1
1
2
2
2
1
1
2
1
1
2
3
4
5
9
6
7
1
1
1
1
2
3
1
1
1
2
3
4
6
7
4
5
6
1
2
30
1
29
31
28
25
1
25
26
1
2
19
2
4
4
11
12
13
14
15
19
27
1
2
2
3
4
5
6
1
2
1
2
1
7
13
1
1
3
2
3
4
1
1
1
2
1
1
2
3
4
3
1
2
3
4
5
6
3
1
6
13
14
1
2
3
4
5
12
13
1
8
9
2
12
1
2
3
9
1
2
6
8
9
7
1
1
2
3
1
2
4
1
1
2
3
1
1
1
1
1
25
71
72
75
76
1
3
77
2
3
69
68
69
1
67
66
67
72
1
2
1
2
1
2
1
2
3
4
1
2
25
26
27
33
1
7
33
34
36
20
34
35
36
37
1
2
50
51
34
50
43
44
7
20
59
1
2
3
1
2
3
4
1
2
3
4
1
2
4
5
6
7
1
4
3
4
6
7
47
67
12
13
1
2
1
6
15
1
2
4
15
16
17
56
16
47
59
1
12
16
11
15
16
37
15
15
16
31
47
1
41
1
1
17
18
17
1
2
3
1
2
1
3
1
1
1
2
3
4
5
4
5
2
6
1
2
5
9
10
1
5
16
1
1
4
5
1
1
1
2
2
3
4
4
5
6
1
2
3
1
2
1
1
1
2
3
3
4
1
2
3
1
1
2
3
1
1
3
1
2
1
1
2
3
4
5
6
7
8
1
1
2
1
2
1
1
1
1
2
1
3
1
3
4
1
1
1
2
3
4
1
1
2
2
3
4
1
2
1
1
2
2
1
1
1
1
2
1
1
2
1
2
1
1
2
3
4
5
6
7
1
2
10
1
1
2
3
1
2
3
4
5
1
1
2
5
2
1
1
1
2
1
2
2
5
6
7
1
2
3
4
1
2
3
4
5
1
2
3
1
2
4
5
1
2
3
4
1
2
2
1
1
2
3
4
2
3
4
2
1
1
2
3
4
5
6
1
1
4
8
9
10
1
2
3
4
1
1
3
4
1
2
2
1
1
2
1
1
3
4
5
6
16
1
2
3
4
5
8
15
1
3
14
2
12
11
1
1
2
3
4
5
1
5
4
5
1
2
3
2
2
2
4
1
2
1
2
3
1
2
3
4
5
6
1
2
3
1
2
3
4
5
6
1
2
3
4
5
1
2
3
4
1
1
1
1
2
3
4
5
6
38
39
40
1
2
3
37
38
39
2
3
4
6
7
36
37
38
1
2
3
35
36
37
1
34
35
36
1
2
3
4
8
9
11
13
32
1
33
2
9
30
1
1
2
3
4
5
6
7
1
7
11
12
1
2
6
7
1
3
2
6
2
6
7
8
14
15
1
8
2
3
4
5
7
5
15
1
2
1
2
5
10
1
2
1
1
2
1
2
1
1
2
3
4
5
6
5
1
1
2
1
1
2
3
4
5
8
7
10
12
1
2
1
9
8
1
2
3
1
2
1
1
3
1
1
2
1
3
1
1
2
3
4
3
1
1
2
2
4
1
1
2
18
20
1
2
3
4
28
31
1
2
3
27
30
1
2
26
29
1
25
28
24
27
23
28
29
30
22
1
2
3
4
5
6
7
8
9
10
11
2
4
7
8
1
2
4
5
7
8
9
11
12
13
1
2
3
4
5
6
8
12
1
2
3
6
7
11
2
3
4
6
10
11
12
1
3
4
12
2
3
4
8
11
1
9
1
4
8
9
10
4
10
7
8
1
3
4
2
1
1
2
3
1
2
1
1
2
2
3
4
5
6
7
8
9
9
10
11
12
13
14
12
13
14
39
39
9
10
1
9
1
2
8
9
24
7
9
10
26
2
3
1
1
1
2
3
3
4
5
6
7
10
12
7
13
6
1
1
2
1
1
1
2
3
4
6
3
3
1
1
2
3
4
3
4
1
1
2
1
2
3
4
5
6
5
6
7
3
7
6
7
2
1
2
4
2
1
1
2
3
1
2
3
4
5
1
1
2
2
1
2
3
1
1
2
1
1
1
1
2
3
3
4
1
4
4
2
3
1
4
7
8
9
6
7
2
1
1
2
1
1
1
1
2
3
6
7
8
9
10
11
3
4
11
13
14
18
4
5
6
7
8
9
3
4
5
6
7
8
1
8
10
11
7
9
10
1
2
3
4
5
1
2
3
4
1
2
3
5
8
1
2
1
7
8
2
3
3
7
1
1
1
1
2
3
4
5
7
8
3
4
21
1
2
4
3
1
1
2
6
1
2
3
4
1
2
3
4
5
6
1
2
4
1
2
3
1
2
4
5
3
4
1
1
2
3
4
5
6
7
8
9
1
10
1
8
1
2
7
8
1
5
1
2
2
2
2
1
2
1
1
1
2
2
3
1
1
1
1
1
2
3
4
5
6
1
4
9
1
3
5
6
7
9
1
2
3
2
3
1
5
5
1
2
1
2
1
2
3
4
5
7
8
13
14
2
4
6
1
2
3
5
6
13
1
2
4
5
1
3
4
2
3
1
2
1
2
3
4
3
4
1
1
2
3
4
5
6
7
8
1
2
3
1
2
1
1
2
1
2
1
2
1
1
1
1
1
3
1
1
2
1
2
1
1
2
1
6
7
6
2
1
1
3
14
15
16
17
2
4
10
1
2
3
4
5
6
7
8
9
11
2
3
8
11
1
2
3
4
5
6
7
9
1
2
3
4
5
6
1
2
3
4
5
1
2
3
4
6
1
2
3
1
2
4
1
2
2
3
4
1
1
1
2
3
1
3
6
7
6
1
2
1
2
3
4
5
2
3
5
1
1
1
1
1
7
1
6
7
8
1
2
3
4
8
9
1
1
1
2
3
4
5
6
1
2
3
4
5
6
1
2
3
4
1
2
3
1
2
1
1
2
3
1
1
1
2
2
3
2
3
1
1
1
4
5
2
3
4
1
2
1
1
1
1
2
17
10
16
1
2
3
1
2
3
3
4
4
5
1
2
3
4
5
6
1
2
8
1
1
2
3
4
1
1
2
2
1
2
2
1
1
1
1
1
2
1
1
1
25
26
27
28
29
1
2
3
4
5
6
8
9
12
23
24
33
34
35
1
2
3
4
5
6
7
8
9
10
11
12
22
1
2
3
4
5
6
7
8
9
10
11
21
1
2
3
4
5
6
7
8
9
10
18
1
2
3
4
5
6
7
8
9
19
1
2
3
4
5
6
7
8
1
2
3
4
5
6
7
17
1
2
4
5
16
2
3
4
5
15
1
2
3
4
14
1
2
3
1
2
12
11
8
10
1
2
3
4
5
6
1
2
4
5
7
1
3
4
6
1
2
3
13
19
20
21
22
1
2
1
3
21
22
8
7
1
2
3
4
22
40
20
42
2
18
19
20
1
9
10
11
12
20
1
1
31
10
11
11
11
13
10
11
17
1
15
10
11
1
2
3
4
5
2
1
9
10
1
2
3
4
5
6
7
8
9
1
2
4
5
6
7
8
1
3
4
5
6
7
2
3
4
5
6
7
8
5
8
1
2
3
4
1
2
3
1
2
1
1
2
2
3
4
5
6
5
2
1
2
3
1
2
1
1
2
3
1
2
1
2
3
4
5
4
1
1
2
3
3
2
1
1
2
3
2
1
2
3
1
1
1
1
1
2
3
4
5
6
7
8
9
8
7
4
6
5
4
3
1
1
2
1
1
2
1
1
1
2
3
1
1
1
1
2
3
2
2
2
1
1
1
2
3
1
1
2
3
1
1
1
1
2
3
1
1
2
1
2
3
4
5
6
1
2
3
4
5
1
2
3
4
1
2
3
1
2
1
1
2
1
1
1
1
2
1
1
1
2
1
2
3
1
1
2
1
1
2
3
4
5
5
6
5
1
3
4
3
1
1
1
1
1
2
3
4
5
6
7
5
6
1
3
4
5
1
2
4
1
1
1
1
2
3
1
1
1
1
2
1
2
3
1
1
1
1
1
1
2
1
1
2
3
1
3
2
2
2
1
1
1
2
3
4
5
6
7
8
10
1
7
8
3
1
7
7
8
9
1
2
3
4
6
7
8
9
10
11
12
13
1
2
3
5
8
9
10
11
12
1
2
3
4
5
6
7
8
9
10
11
1
3
6
7
8
9
10
1
2
3
5
6
7
8
5
6
7
8
1
4
5
6
7
3
2
1
2
3
4
1
2
3
1
2
1
1
1
2
3
1
1
2
3
4
5
6
7
6
7
1
2
3
1
2
3
1
1
2
1
1
1
1
1
2
1
1
2
3
1
1
2
2
1
1
2
3
1
1
1
2
3
4
5
6
3
5
6
1
2
1
1
3
4
1
1
1
1
2
1
2
1
2
3
5
6
1
1
1
2
1
1
1
1
2
3
4
1
1
2
3
4
1
2
1
1
1
1
1
2
3
8
3
4
5
6
7
8
9
10
6
8
9
10
11
12
3
11
11
12
13
1
2
13
14
15
16
17
9
1
2
1
1
1
1
1
2
3
4
1
3
4
2
4
5
6
7
8
9
6
10
7
1
1
10
10
3
1
2
3
1
2
3
4
1
2
3
1
1
1
2
3
4
5
6
7
2
9
10
1
1
2
3
4
5
10
9
1
2
3
2
3
1
2
3
1
1
1
1
1
2
3
4
1
1
1
1
1
1
1
1
2
3
4
5
6
3
2
2
3
1
2
1
1
1
2
3
1
2
1
1
1
1
2
4
1
3
2
1
2
3
4
6
7
6
1
3
4
2
3
1
3
1
2
3
4
5
1
1
2
1
1
1
2
2
3
4
5
6
6
10
1
5
1
1
1
1
1
2
1
1
1
2
2
1
1
16
18
19
1
2
3
4
5
6
7
8
9
10
11
12
1
2
3
4
5
6
7
8
9
10
11
12
13
1
2
3
4
5
6
7
8
9
10
12
1
2
3
4
5
6
7
8
9
1
2
3
4
5
6
7
8
9
10
12
1
2
3
4
5
6
7
8
9
1
2
3
4
5
6
9
1
2
3
4
5
8
1
2
3
4
5
6
8
1
2
3
5
1
2
3
4
1
4
1
2
1
1
2
3
4
1
3
2
1
2
3
4
1
2
1
1
2
1
1
1
1
2
1
1
2
3
5
11
18
1
2
3
1
1
2
3
4
5
1
2
3
4
1
2
3
1
2
3
4
1
2
1
1
1
5
1
1
2
1
1
1
2
3
1
1
2
3
4
5
6
5
1
2
3
1
1
1
1
2
3
4
5
6
7
8
9
10
11
21
23
31
1
2
3
4
5
6
7
8
9
10
20
21
24
1
2
3
4
5
6
7
8
9
19
20
22
1
2
3
4
5
6
7
8
12
13
14
15
17
19
2
3
4
5
6
7
18
1
2
3
4
5
6
7
16
17
21
1
2
3
4
5
16
1
2
3
15
2
3
13
14
1
2
12
21
1
11
12
11
1
2
34
35
30
1
2
3
4
5
12
13
14
17
18
19
22
1
19
1
1
17
1
2
22
1
8
9
18
1
1
2
3
1
1
1
1
1
1
1
1
2
1
1
1
2
1
1
1
2
1
1
1
1
1
1
1
3
1
3
4
5
6
7
2
7
8
10
10
1
1
2
3
4
5
3
4
2
1
1
2
3
4
1
2
6
7
9
10
11
6
7
1
4
5
6
8
3
4
5
7
1
2
3
4
1
2
3
1
3
4
5
6
7
8
9
10
1
2
3
4
8
2
7
9
1
2
1
4
5
8
9
10
9
10
11
12
1
1
2
3
1
2
1
1
1
2
3
4
5
5
6
7
8
4
5
6
8
9
10
11
2
3
5
7
1
2
3
5
6
7
8
5
1
2
6
4
6
1
4
1
2
3
1
1
2
1
1
2
3
2
3
4
1
3
3
4
5
6
6
1
2
3
5
6
1
3
4
2
3
1
1
1
2
3
4
1
1
2
3
1
2
3
4
5
6
1
2
1
2
3
5
1
2
3
5
1
2
1
3
1
2
3
4
1
3
4
1
1
1
2
1
2
3
1
2
1
1
1
1
1
1
1
2
3
4
5
6
6
1
2
1
1
1
1
2
3
4
5
1
3
4
1
4
5
1
2
1
2
1
2
3
3
1
1
1
2
1
1
1
2
3
4
1
2
1
1
2
1
1
1
2
3
3
1
5
12
1
2
3
4
5
6
7
8
9
10
12
13
14
15
16
17
18
19
20
1
2
3
4
5
6
7
8
9
11
12
13
14
15
16
17
18
19
1
2
3
4
5
6
7
8
10
11
12
13
14
15
16
17
18
1
2
3
4
5
6
7
9
10
11
12
13
14
15
16
17
1
2
3
4
5
6
7
8
9
10
11
12
13
14
15
16
1
2
3
4
5
7
8
9
10
11
12
13
14
15
1
2
3
4
6
7
8
9
10
11
12
13
14
1
2
3
5
6
7
8
9
10
11
12
13
1
2
4
5
6
7
8
9
10
11
12
1
3
4
5
6
7
8
9
10
11
2
3
4
5
6
7
8
9
10
11
12
1
2
3
4
5
6
7
8
1
2
3
4
5
6
7
1
2
3
4
5
6
1
2
3
4
5
1
2
3
4
1
2
3
1
2
1
1
1
2
3
1
1
1
2
2
1
1
1
1
1
1
2
3
4
6
4
1
2
5
1
4
3
1
3
1
1
2
1
1
2
2
3
5
3
5
3
1
1
2
1
5
6
7
13
2
1
1
1
3
4
5
6
7
8
3
4
5
8
1
2
1
1
1
1
2
2
1
9
1
1
2
3
4
5
6
7
8
9
3
1
2
2
1
2
2
2
1
1
2
3
4
5
1
2
3
4
5
6
7
4
5
1
2
1
2
3
4
1
1
1
2
1
1
1
1
1
2
3
1
2
3
4
5
1
2
1
2
1
1
2
1
2
3
1
2
1
1
2
5
14
1
2
1
2
1
2
1
2
3
4
5
1
5
2
1
1
1
4
5
6
7
8
9
10
11
12
13
1
2
3
6
13
14
15
16
16
17
1
12
3
11
15
16
8
9
8
9
1
1
1
1
2
3
3
4
5
6
7
8
9
10
11
12
13
14
6
7
9
10
11
13
1
5
4
1
1
2
3
4
5
6
7
8
9
11
12
13
14
1
14
8
5
1
2
3
1
1
2
3
1
1
3
1
1
1
1
2
1
2
3
4
4
4
1
2
3
1
2
3
4
5
1
2
3
4
1
2
3
1
2
3
1
2
1
1
2
1
1
1
1
1
2
3
1
1
1
1
2
3
4
1
2
1
1
1
2
1
1
1
1
3
2
2
1
2
1
2
1
1
2
4
1
22
22
1
1
2
3
4
5
6
7
8
9
10
11
12
13
14
1
5
14
15
20
2
4
7
10
12
14
15
16
19
20
1
1
1
1
1
2
1
2
3
4
5
6
7
8
1
2
1
1
2
1
3
4
1
4
1
2
3
4
1
2
1
2
3
3
1
1
2
1
1
1
2
1
1
1
2
3
1
1
2
1
2
3
2
3
1
2
1
2
1
1
1
3
8
1
3
4
5
5
9
6
1
2
1
1
1
2
3
1
3
1
2
1
1
1
8
9
10
11
2
3
6
1
1
2
3
1
3
4
5
6
1
1
1
9
4
5
7
9
1
2
3
4
9
9
10
3
5
2
4
1
2
2
3
4
8
13
5
7
9
10
4
1
2
3
4
5
2
3
4
5
2
1
2
3
4
1
1
1
1
2
1
2
2
3
4
5
1
2
3
5
6
3
1
1
2
3
4
5
2
5
1
1
2
1
2
1
2
3
1
2
1
1
2
4
3
1
1
2
3
1
2
3
1
2
1
1
2
3
1
1
2
2
1
2
1
1
1
2
1
1
2
1
1
1
1
1
3
1
1
1
2
3
4
5
1
1
1
2
3
4
1
2
3
1
2
1
2
1
1
1
1
2
2
1
2
2
1
2
1
2
3
4
5
25
39
40
5
6
24
25
1
2
3
23
1
2
22
1
11
21
25
26
35
20
1
19
20
18
19
1
2
3
1
2
3
4
1
2
4
5
6
7
8
9
10
11
2
7
9
10
1
7
1
14
15
1
2
1
2
3
4
5
6
8
14
1
1
1
1
1
2
3
4
5
1
2
3
4
1
2
3
1
1
2
3
4
5
6
1
2
3
4
5
6
7
1
2
3
4
5
6
7
8
1
2
3
1
2
1
1
2
3
4
5
6
7
9
11
5
1
1
1
2
3
4
5
6
7
8
9
10
11
1
6
1
2
3
3
6
3
4
1
1
1
2
3
1
3
4
1
2
4
1
2
3
6
4
1
2
3
1
1
2
1
2
1
1
2
1
2
1
2
3
1
2
1
1
2
3
2
1
3
1
1
1
1
2
1
1
1
1
2
1
1
1
1
1
1
1
1
2
1
1
1
2
3
4
5
6
1
2
3
4
5
6
1
2
3
4
1
2
3
1
2
1
1
1
1
1
7
2
1
1
2
3
1
1
2
3
4
5
6
7
5
2
3
3
1
2
1
1
1
2
3
4
2
3
4
5
6
3
6
7
8
9
6
7
8
1
2
1
2
1
1
2
3
1
2
3
1
1
2
1
1
12
4
13
1
2
1
2
2
3
4
5
5
1
5
4
13
14
11
1
2
1
2
3
4
5
1
2
5
6
1
1
2
1
4
1
2
1
2
3
4
1
4
5
6
7
7
4
1
2
2
1
1
2
3
3
1
2
2
1
1
2
1
1
2
2
4
1
1
1
1
1
2
3
1
2
3
4
1
2
1
1
1
2
1
2
1
1
1
2
2
2
2
1
1
1
2
4
3
1
1
2
1
1
1
1
1
2
1
1
1
1
2
1
1
1
2
7
13
15
18
19
21
24
1
2
4
6
7
8
9
10
12
17
11
16
24
1
1
6
10
1
9
8
1
2
2
3
4
5
6
7
8
9
13
7
5
5
6
1
1
8
1
1
2
3
4
5
6
1
3
6
11
12
13
5
1
2
5
5
1
1
2
1
1
2
3
4
5
6
7
6
1
3
4
6
7
8
9
10
11
12
13
14
15
16
17
18
19
1
2
3
4
5
6
1
5
4
1
4
3
1
2
3
4
5
6
1
2
3
4
1
2
3
1
2
1
1
3
4
4
1
1
1
2
3
4
5
2
2
1
2
3
4
1
1
2
3
4
3
1
2
3
1
1
2
3
1
2
3
1
2
1
1
1
2
1
2
1
1
2
1
2
2
1
1
1
1
1
1
1
1
2
1
1
2
3
4
5
6
1
2
3
8
1
2
1
2
3
4
5
7
8
1
4
6
7
5
6
8
1
2
1
3
3
2
1
1
1
2
3
1
2
3
1
1
1
1
2
4
10
3
2
3
1
1
2
3
2
3
4
5
1
2
1
1
2
3
4
3
4
1
1
2
3
1
2
1
2
3
4
1
1
2
3
6
1
2
1
1
2
1
2
3
4
5
6
7
8
9
1
2
3
4
5
6
7
8
1
2
3
4
5
6
7
4
5
6
1
2
1
1
2
1
1
2
3
4
5
6
7
8
1
1
1
9
8
1
1
2
3
4
1
2
3
4
1
2
3
4
5
1
1
1
1
2
3
3
1
2
5
1
1
1
2
3
2
1
1
2
3
1
2
3
2
1
2
3
1
2
1
1
2
1
1
1
1
2
1
1
2
1
1
2
1
2
1
1
1
1
1
1
1
1
1
1
1
1
1
1
1
2
2
1
1
1
2
3
5
4
1
2
2
3
3
4
3
1
2
1
2
3
4
5
2
5
6
8
9
3
5
7
1
1
2
2
3
3
5
10
2
1
2
1
2
3
4
5
1
1
1
2
3
1
3
3
4
5
6
3
6
1
4
2
1
2
3
4
4
5
6
1
1
2
5
1
1
2
3
3
1
1
2
3
4
5
6
1
2
3
4
5
1
2
3
4
5
2
1
2
1
1
2
3
4
5
6
1
2
3
1
2
3
1
7
1
2
1
2
3
4
1
2
3
4
5
6
2
3
4
5
1
2
3
1
1
2
3
2
1
2
3
1
2
1
2
1
1
1
2
3
1
2
3
1
1
1
2
1
1
1
2
1
2
1
2
1
2
1
1
2
1
1
2
1
1
1
1
1
1
2
1
1
1
1
1
1
1
1
1
1
2
3
4
1
2
3
2
1
1
1
1
2
2
3
4
5
7
21
1
1
2
3
4
5
6
7
8
9
10
8
7
7
4
1
2
3
4
9
10
6
8
9
7
8
6
5
6
1
1
1
4
1
3
6
7
8
9
10
1
1
2
4
1
5
1
1
5
1
1
2
3
2
2
3
1
2
3
4
5
1
2
4
6
7
1
4
5
4
2
1
2
1
6
8
1
2
3
4
5
6
1
4
1
1
1
3
4
4
1
1
1
1
2
3
4
3
3
1
1
4
6
1
2
1
1
1
2
3
4
5
1
1
2
3
4
5
1
2
3
1
2
3
1
2
3
2
3
1
2
3
1
3
4
1
2
3
4
2
4
1
1
1
2
4
1
3
1
1
1
1
2
3
1
1
2
1
1
2
3
1
2
1
2
1
2
3
2
1
1
2
2
1
2
1
1
1
2
1
1
1
1
2
1
1
1
1
2
2
1
1
1
1
1
1
1
1
1
1
1
1
1
1
1
1
1
1
1
1
1
1
2
3
2
3
4
4
5
6
7
8
9
10
11
12
13
14
15
16
17
17
1
2
7
8
9
4
2
1
2
3
3
1
1
2
3
4
5
3
5
1
2
1
2
3
4
5
1
1
1
1
1
2
1
1
2
1
1
