135
1187
11
15
63
74
23
229
233
78
88
91
97
80
81
82
310
229
243
245
246
247
4
9
169
59
68
81
85
1825
88
90
1828
37
110
111
112
114
115
125
31
154
15
16
17
18
19
79
1157
73
1254
6
1256
21
22
35
57
89
92
56
119
128
34
6
7
60
63
65
7
53
54
55
56
40
41
42
159
161
171
174
63
191
197
199
200
204
37
167
170
171
214
34
268
86
89
92
32
1494
139
26
29
30
38
48
104
105
106
107
133
20
23
24
159
166
110
111
112
285
141
142
154
156
274
103
104
107
108
109
110
112
12
265
84
109
71
28
140
141
101
102
103
47
48
49
51
758
28
29
744
740
31
126
933
100
101
929
930
157
199
27
28
31
7
17
22
23
24
55
56
184
182
140
141
18
35
36
74
68
11
12
31
63
67
69
154
2283
155
156
2195
6
4
2
32
211
588
226
228
168
262
17
28
70
71
116
81
87
90
92
93
128
2
193
197
232
233
249
251
252
88
89
80
81
191
193
194
195
198
83
85
95
3032
76
64
125
126
127
128
129
61
657
62
72
665
44
117
124
125
126
127
128
45
104
115
118
119
121
4
26
58
110
120
121
3
36
42
59
60
69
134
55
66
72
124
125
131
54
71
122
19
20
21
65
7
11
12
13
14
179
84
99
100
101
102
103
116
19
145
60
61
62
6
7
103
36
37
39
40
41
44
47
233
272
274
275
209
211
212
238
246
107
110
112
113
34
170
24
26
27
114
36
274
273
55
70
82
61
62
63
257
292
62
63
64
181
182
183
293
294
186
201
204
182
184
186
187
188
189
252
43
44
186
187
189
104
67
73
74
190
193
196
211
214
225
100
106
1568
108
13
1434
3
2
99
100
102
107
20
4
1468
30
28
27
17
16
36
26
25
22
21
13
1
110
23
9
5
1457
9
24
10
9
25
23
13
12
68
77
78
153
154
17
11
9
104
1466
1465
1464
2
1463
100
29
25
24
23
22
20
2
130
131
76
78
79
82
77
78
79
80
82
120
47
48
83
84
5
29
38
165
18
21
30
31
32
171
172
32
33
34
35
42
138
139
141
43
51
54
59
47
51
127
129
131
132
138
720
78
768
99
101
103
104
164
91
93
94
164
33
34
153
155
1228
160
161
218
19
110
135
28
124
125
126
139
141
142
171
169
107
108
109
18
21
23
24
113
28
29
31
35
36
55
58
61
62
64
31
34
35
111
112
114
51
52
54
66
68
70
107
108
111
71
116
16
138
9
117
9
11
92
98
99
156
159
160
162
549
1
469
81
99
100
101
102
468
78
99
102
107
102
113
105
21
37
22
20
19
18
17
2
69
89
92
93
94
95
123
124
1423
126
88
1421
14
13
50
1
121
124
126
127
128
123
31
55
362
59
61
63
360
47
52
54
90
91
5
121
123
135
2
1
1
44
4
135
138
40
38
36
90
92
129
27
21
65
66
67
134
40
78
82
139
38
40
41
1241
52
132
66
87
88
89
94
97
98
99
101
75
29
49
50
56
64
1
77
78
207
50
54
56
103
78
206
55
79
60
61
63
183
184
186
109
13
12
11
9
8
103
149
180
181
184
51
66
70
103
104
3
139
143
144
148
150
64
90
97
101
105
106
113
83
84
93
250
2409
81
2430
95
96
326
1
37
55
56
20
17
158
54
55
56
59
60
61
63
5
6
25
23
21
19
18
38
48
30
29
4
61
60
59
42
41
39
46
55
53
52
51
66
64
45
40
6
62
27
23
21
20
1
64
117
118
119
120
121
125
127
23
115
117
118
3
41
96
97
98
11
13
14
29
30
89
94
95
96
14
15
47
49
22
97
99
101
102
103
1858
35
36
37
47
1997
1999
110
112
113
114
115
120
1857
10
7
35
39
12
13
73
74
98
100
105
1
1
50
69
75
8
46
50
52
54
1
31
32
34
35
32
33
39
6
103
105
107
109
114
179
180
235
131
133
138
31
168
169
200
204
206
208
32
34
1508
159
209
210
1576
211
215
49
1869
1866
52
63
64
1739
132
136
138
140
152
153
155
58
41
42
44
57
281
282
283
39
19
11
8
189
4
11
155
886
156
167
19
25
23
21
14
19
33
200
202
4
10
51
52
57
122
10
20
24
26
28
32
33
31
30
14
13
12
11
6
8
31
39
40
1
46
90
92
93
45
196
89
123
124
22
133
7
284
275
25
26
27
346
56
16
17
305
200
917
2
85
73
78
80
82
87
83
71
79
43
161
188
190
94
98
17
19
21
22
82
86
109
25
1624
1625
24
89
108
20
44
47
66
67
30
114
115
116
117
15
16
49
51
168
172
20
92
94
102
115
74
75
76
77
80
94
71
14
12
72
73
75
33
34
144
147
148
219
220
104
105
156
157
158
30
104
105
107
30
34
145
147
153
156
1
36
163
165
166
167
161
162
166
169
170
171
172
1095
53
191
193
195
196
51
904
58
902
59
191
192
193
201
202
205
28
77
103
106
107
108
15
16
17
22
23
62
64
72
17
26
27
28
73
106
23
25
98
101
102
42
38
35
30
29
28
89
90
91
93
39
37
36
18
31
37
25
24
22
21
279
221
54
52
50
39
40
14
9
283
148
178
179
48
19
19
17
113
123
124
142
153
1
7
8
63
65
143
59
60
61
62
64
165
26
27
28
29
30
40
47
48
50
78
1
27
154
176
131
133
275
26
175
127
272
270
28
29
30
40
41
42
260
259
258
2
56
57
66
150
151
250
42
43
45
1
154
54
55
57
141
153
53
59
61
62
150
152
56
57
92
93
204
37
38
39
40
206
54
65
191
192
195
206
208
51
192
193
220
99
101
102
113
145
149
221
99
102
106
136
193
197
198
106
108
130
156
158
159
199
200
202
125
201
123
124
128
130
147
128
65
67
68
75
76
215
183
184
186
190
2964
6
2971
8
9
10
11
201
93
95
96
98
153
3475
17
2978
57
56
58
57
61
71
45
16
81
91
83
74
63
24
53
52
51
50
30
15
118
1
120
2
71
72
73
74
43
150
67
69
70
44
3288
3289
3290
132
136
10
211
113
115
131
133
135
205
218
220
90
119
124
248
49
51
53
56
172
247
56
57
58
103
2
72
73
74
99
253
254
74
97
71
96
97
98
3
284
152
191
198
261
262
139
140
281
192
193
195
177
201
212
213
214
215
280
281
200
201
202
2962
234
284
212
213
15
16
25
75
103
23
24
63
64
65
96
2741
19
20
26
2736
99
26
60
61
62
216
217
121
132
133
219
233
58
60
61
220
228
146
148
151
161
30
31
32
30
39
40
43
93
37
40
42
51
96
52
55
56
57
60
64
98
42
45
80
82
8
103
1
7
139
135
120
118
6
7
140
139
104
123
114
106
1
130
129
128
126
23
22
30
128
127
24
1462
4
1466
121
119
9
118
117
115
112
36
2
4
6
135
134
133
1326
110
4
135
134
133
150
146
111
110
1342
1462
4
125
114
1320
1322
140
139
141
137
136
2
135
131
130
128
116
133
132
129
126
102
1567
101
8
101
96
94
92
89
2
3
121
118
1318
1368
1370
97
95
9
1515
1352
1362
109
107
101
100
1
118
1316
122
121
120
119
18
125
124
123
45
1
15
55
54
51
95
93
55
52
100
97
96
51
100
97
96
95
110
101
100
118
116
93
91
90
1
85
84
1
31
1
85
84
83
30
86
85
75
27
87
80
79
78
76
79
78
76
74
20
1
73
72
1
75
74
73
78
77
76
75
72
70
69
74
72
71
70
67
66
60
58
142
68
66
64
143
70
67
63
62
1
158
57
56
54
60
59
58
49
1
3
1059
117
116
2
119
118
102
100
1
118
115
114
113
119
115
113
105
104
12
112
81
80
77
76
75
120
116
114
113
109
74
72
113
112
99
98
81
80
110
109
108
107
101
2
98
89
87
83
108
105
104
101
100
85
2
15
17
55
46
13
48
47
46
95
94
93
87
1
85
84
83
80
79
3
84
83
80
91
90
87
2
85
84
81
80
78
74
87
86
79
86
82
80
78
76
75
2
4
31
30
29
91
40
32
30
87
88
89
35
76
77
481
691
69
451
452
68
40
518
552
30
69
72
75
471
551
550
30
28
1
85
84
75
74
73
86
76
67
65
64
63
62
21
111
110
109
59
58
2
59
48
1
3
10
69
50
2
4
73
72
71
70
69
50
2
7
76
48
80
79
78
77
2
798
53
51
48
38
55
49
48
40
60
57
56
791
21
20
19
73
70
65
50
832
21
20
4
1
73
11
9
7
1073
74
14
12
4
3
1
134
132
128
11
1
138
135
129
139
130
129
80
144
139
137
136
4
6
6
5
2
46
1
1
3
5
6
309
1068
10
1077
1076
9
11
10
8
759
9
5
3
1
300
7
754
19
8
1
8
15
21
23
2
22
31
2
3
4
7
61
16
29
31
33
389
1351
25
26
51
53
2
4
5
6
1322
2
24
25
370
366
365
29
32
21
22
367
45
371
41
43
369
368
17
20
50
1
29
27
26
13
30
29
27
43
42
58
67
68
69
43
37
36
46
47
55
54
55
56
60
62
6
59
62
63
64
65
72
73
4
55
64
65
67
68
836
835
56
18
19
20
21
59
62
63
64
65
67
72
3
11
18
68
69
70
2
47
62
63
66
68
63
64
65
66
2
21
29
30
40
81
19
21
79
10
11
2971
2573
52
60
62
2
9
59
65
66
67
7
57
3
5
60
62
63
70
52
56
65
81
79
78
75
72
72
73
121
111
1
2
64
66
67
1
2
53
54
65
53
54
55
56
48
51
63
65
108
2
47
48
114
109
106
103
43
42
41
40
37
45
47
104
2438
2421
91
42
43
45
46
47
50
2631
2584
41
42
2583
43
1
6
124
121
2
4
11
3
2
3
5
122
2
1
3
5
7
1
2
17
15
11
19
6
132
134
133
132
121
119
118
109
108
107
105
104
103
2
105
103
69
68
66
123
105
1
105
88
71
69
29
106
104
102
90
89
95
94
92
91
90
86
9
80
78
1230
58
55
54
93
92
91
90
89
81
82
80
68
67
60
1
2
73
72
71
2
72
71
1195
69
135
133
78
77
76
75
74
5
97
96
95
94
90
88
1297
2
1370
98
97
73
254
45
28
1616
191
96
95
94
92
91
1
124
123
120
62
125
123
121
1
3
104
90
89
87
75
1
105
103
92
76
104
103
102
93
90
87
83
82
81
78
110
109
107
105
104
88
67
65
64
63
15
79
77
74
73
72
67
156
153
149
67
65
62
133
129
95
93
92
91
90
151
147
137
91
68
67
3
161
152
150
148
173
172
171
170
171
170
168
167
166
162
165
164
163
153
52
48
47
1
3
65
51
48
44
66
45
2
89
88
86
45
43
52
51
50
49
47
88
70
47
46
1
94
92
90
1376
1380
95
94
87
1377
1375
91
90
89
63
64
63
62
60
52
51
1282
60
54
53
50
49
34
48
47
46
44
43
1
46
42
35
34
67
51
50
48
47
43
41
49
47
46
36
33
49
48
47
46
45
48
45
42
40
38
25
24
19
1
30
33
34
38
39
37
38
39
41
42
43
47
32
27
26
24
26
22
23
24
25
26
23
1
23
153
43
127
1
2
153
149
7
6
5
40
41
150
11
10
8
10
8
7
2
3
121
120
117
55
121
120
119
59
57
124
123
13
11
10
135
134
133
132
142
141
134
7
5
1
4
132
141
142
143
15
19
48
49
50
51
12
21
45
47
48
7
14
21
22
3
17
28
39
40
148
25
46
51
53
55
75
29
31
45
71
73
75
77
33
37
37
49
53
64
79
32
34
75
78
79
80
51
50
2183
55
56
38
44
49
50
11
81
80
78
10
82
79
78
75
43
46
48
50
60
2159
7
57
59
2174
2175
76
15
21
1
16
24
25
26
98
97
96
95
13
15
18
19
24
1
12
1279
46
49
4
11
14
45
179
12
15
245
5
167
66
163
162
3
27
40
41
44
24
27
28
34
35
1
10
41
42
38
40
41
1
34
35
37
34
36
38
41
43
44
1
44
45
1272
1274
1276
26
32
40
42
43
44
1273
16
17
18
22
24
25
1
2
103
102
101
1
3
116
114
111
102
112
105
846
30
873
853
17
15
12
6
21
117
116
105
37
52
32
30
29
28
29
28
27
26
19
29
30
31
32
35
30
31
32
40
41
55
56
54
52
50
38
42
46
47
1241
6
48
49
50
52
53
65
58
64
60
57
6
1
3
7
9
8
6
9
4
38
39
914
917
2
3
6
11
36
4
12
30
33
913
914
3
8
9
6
29
4
5
8
25
27
1
876
27
28
26
13
15
17
27
61
18
902
904
2
23
26
2
66
888
856
19
40
21
18
33
35
38
26
30
32
34
35
38
187
188
189
2
35
41
183
39
43
181
183
1
38
42
45
47
50
55
57
62
65
68
78
162
164
1
53
55
58
7
6
4
40
50
52
57
3
63
73
74
75
89
72
73
74
75
76
86
20
9
2
4
6
82
96
98
199
80
91
94
2
93
94
95
88
89
90
91
137
139
48
50
52
53
54
101
128
129
130
131
132
134
3
95
96
97
102
180
99
102
177
2
112
113
119
120
121
122
6
7
118
119
101
109
111
112
34
42
43
44
59
1855
1
43
58
59
1
1854
1812
112
154
2
112
153
5
110
151
152
153
117
119
120
121
122
144
147
148
53
55
2005
2008
2009
56
118
140
141
142
144
134
1823
1820
137
141
4
1867
954
26
128
1822
136
1821
1586
1539
124
126
132
46
49
1
3
46
47
48
77
2
73
74
75
76
1
3
39
42
46
2
7
45
46
49
70
71
36
38
44
45
49
50
52
55
105
136
53
54
58
106
5
42
53
58
61
63
51
53
75
76
99
49
67
68
69
48
57
58
59
68
85
86
87
99
100
102
171
175
70
71
77
173
175
62
63
65
67
68
70
73
77
1
43
88
1
42
90
92
114
36
87
89
112
113
116
9
106
108
128
144
59
97
103
154
156
84
111
112
113
114
119
120
130
1933
116
117
118
1
8
9
117
7
113
115
116
1917
1918
1919
127
129
131
1
121
125
130
570
437
130
569
132
573
612
117
119
135
92
132
133
134
135
136
137
138
64
70
73
20
156
157
158
386
287
278
277
151
152
153
139
348
155
157
158
159
2
158
159
160
161
150
157
159
165
166
167
1461
1459
47
48
66
59
58
170
171
172
174
176
177
41
199
202
204
206
207
208
2
166
172
176
161
163
164
174
175
130
131
177
178
181
182
136
138
175
177
178
177
178
180
181
877
103
146
149
880
152
143
144
151
163
142
144
145
146
98
100
102
126
146
147
1
135
139
140
160
164
166
162
163
164
165
1
3
171
173
2
153
172
851
875
145
146
147
148
157
876
205
151
152
153
157
168
189
190
192
193
15
17
506
503
501
179
1
148
179
180
147
148
167
176
177
178
41
25
165
172
173
174
153
162
163
165
166
292
56
91
92
93
462
30
29
348
346
345
170
44
43
42
41
31
30
45
43
42
41
40
53
52
51
50
40
183
51
50
48
177
179
182
1
2
85
80
1
2
86
42
53
1
88
82
80
77
69
2396
2397
2164
2160
40
516
162
163
164
523
522
161
162
163
42
43
45
46
47
55
1
44
47
48
37
38
43
47
49
50
1
41
49
50
51
52
1
100
97
50
51
99
1
101
73
100
96
1
2
72
97
91
87
72
62
69
70
71
73
70
93
89
81
33
34
106
101
81
78
1
4
87
86
83
80
78
76
64
2
79
77
72
81
76
74
68
82
69
68
1
113
110
108
104
102
99
94
91
48
59
103
57
58
59
60
1
45
44
44
45
54
55
43
47
51
53
39
40
41
43
44
45
497
495
35
41
44
45
3532
1
166
204
206
208
164
165
203
728
210
207
165
166
167
154
155
158
160
167
30
23
22
3
304
4
1
30
29
5
35
34
31
29
4
69
64
61
42
30
1701
1635
93
1569
68
66
64
58
71
63
62
57
55
2
91
83
81
79
77
81
79
71
69
67
65
2
57
54
50
49
41
91
88
52
51
50
99
94
93
92
52
689
640
639
4
3
2
6
67
66
64
62
31
44
42
551
41
571
50
39
37
36
34
77
73
70
67
66
73
39
38
37
36
6
76
75
19
16
18
29
28
26
25
20
3
1
36
35
34
32
31
30
28
81
44
29
25
24
5
19
17
15
13
1
1731
68
1730
1728
66
128
94
90
23
84
83
1
20
4
3
1
7
4
2
1598
1
3
5
2
9
5
7
8
12
5
10
12
15
16
17
19
46
21
12
13
15
43
57
61
63
72
93
96
2
520
523
525
38
62
64
457
518
58
60
67
59
58
54
53
444
13
430
420
2
360
16
429
332
420
11
14
422
1
2
3
10
27
47
9
31
33
1
28
24
27
44
32
92
93
94
96
97
59
156
176
85
86
2
85
87
88
89
79
171
80
86
87
8
89
90
173
174
178
91
92
51
75
77
78
81
82
55
56
57
62
65
11
6
170
83
171
86
3
32
82
95
1
38
78
79
80
82
37
46
76
77
2
3
29
33
36
78
79
22
32
33
37
31
32
34
20
26
28
30
79
142
2
3
83
84
86
76
77
78
84
86
1
81
113
114
115
81
96
97
99
112
82
84
85
86
93
103
104
105
106
1122
98
100
101
102
103
104
105
106
107
109
111
114
115
74
75
108
109
110
111
110
111
115
126
114
115
116
176
186
20
151
159
169
170
117
118
119
145
148
149
151
117
119
120
121
122
133
134
3
133
138
139
140
142
144
120
124
127
128
129
130
131
133
135
348
93
382
92
90
82
76
79
214
2
34
134
135
138
6
133
134
135
136
39
249
250
38
134
143
41
138
139
140
143
128
129
134
135
148
149
150
151
49
133
135
980
136
137
139
136
138
143
47
48
896
50
894
79
80
81
1
42
51
52
53
54
44
47
48
49
50
53
55
17
18
70
71
72
73
94
98
1
54
58
59
60
76
49
56
57
891
75
1
148
151
155
156
1
3
978
893
48
55
147
155
156
157
1
2
49
54
2
47
48
50
53
981
980
44
47
1
8
45
46
1
32
42
45
988
31
45
1
11
56
57
2
54
55
56
57
42
51
52
53
55
52
55
56
85
42
43
48
49
50
37
41
42
2
11
17
56
68
77
78
9
54
1
7
76
77
78
80
1
6
80
2
1014
1001
33
46
79
80
93
1
2
3
80
82
91
92
78
79
80
81
91
1
87
89
79
80
81
82
85
86
70
74
79
81
59
58
57
56
53
70
65
64
63
2
71
66
61
53
52
57
55
54
51
1
55
54
53
52
51
53
54
52
61
58
331
330
328
48
46
1
331
51
50
49
52
50
49
47
2
50
48
322
54
53
323
322
314
68
67
52
324
1
2
3
171
168
156
169
168
158
157
1
159
158
157
156
1
56
179
175
174
157
155
8
7
156
154
12
9
16
15
14
13
10
6
17
149
145
133
1
2
160
158
156
154
153
147
156
155
148
147
162
155
154
153
189
176
175
173
170
128
127
125
190
188
83
178
176
174
11
155
135
132
29
30
31
36
124
30
139
130
129
126
125
82
81
80
18
112
111
110
106
138
130
112
109
108
107
1
2
4
147
81
80
148
92
86
83
82
2
82
81
3
83
82
81
80
71
159
153
151
83
81
42
162
156
154
152
23
90
88
86
83
81
427
397
97
84
83
1
84
82
76
75
74
79
77
76
74
61
60
59
58
57
73
72
71
68
2
408
107
407
406
145
109
40
42
43
3
15
16
22
4
106
103
101
8
10
12
26
72
63
52
3
105
67
66
64
63
3
4
6
15
81
78
77
46
94
88
79
78
77
75
109
107
106
2
46
44
42
48
45
42
40
38
48
47
45
44
1
43
37
34
38
37
36
35
401
400
107
93
108
107
106
105
93
58
56
97
96
95
92
78
67
65
64
63
60
2
12
79
78
69
67
66
10
80
78
75
73
2
79
78
75
1
78
77
40
79
45
3
18
22
126
125
123
102
101
16
19
108
106
105
85
82
81
72
163
156
155
154
143
1
170
167
162
2958
170
168
167
166
163
154
6
158
149
148
147
146
145
1
155
154
152
150
154
153
152
151
155
153
13
3
42
17
16
13
41
16
15
14
12
11
155
153
147
146
145
39
40
28
26
24
19
144
63
32
31
30
152
151
150
144
143
1
146
144
121
120
117
114
122
121
8
9
125
124
120
110
131
130
129
128
132
127
123
1
123
122
120
119
121
120
119
71
17
28
69
42
1
13
15
107
91
90
75
108
96
92
1
134
119
118
89
85
2978
82
136
135
133
98
84
82
80
5
3209
97
87
83
82
1
2
98
96
87
1
99
3298
1
89
102
3160
3158
119
90
87
86
85
84
81
1
85
84
82
77
72
2
75
73
77
71
69
1
101
82
77
49
1
103
102
50
48
53
51
49
46
45
44
4
108
107
51
48
32
4
36
35
34
33
32
30
52
51
36
35
36
26
42
40
37
35
33
31
30
28
27
2981
2978
33
32
219
3
21
17
352
351
2762
1
12
21
20
19
17
16
19
23
22
17
2946
2947
21
20
1
47
46
29
27
25
5
2
2978
28
2991
26
12
30
29
13
9
7
2981
1
5
2961
73
72
2980
20
18
14
13
8
7
73
6
9
8
72
71
1
3590
3580
103
3579
1
88
3378
3391
83
79
86
3390
85
84
82
62
58
1
2
82
73
72
65
62
1
71
70
66
74
71
1
19
17
77
74
31
20
19
32
73
72
47
46
44
37
72
58
57
56
55
74
73
55
54
334
341
53
50
49
48
1
3
103
102
100
99
108
104
102
101
21
22
505
503
109
108
107
157
157
159
167
156
154
1
105
102
28
27
106
31
28
27
26
25
1
2
341
54
26
99
1
55
46
45
28
1
221
218
1
222
221
219
215
211
388
637
633
599
222
220
175
246
245
244
238
217
47
46
45
30
374
42
38
36
372
371
241
240
235
234
233
232
243
213
211
210
209
113
111
109
107
105
220
203
212
211
210
201
168
115
112
108
103
210
205
204
203
166
216
214
213
212
210
201
7
212
210
209
207
201
1
2
18
16
15
1
2
210
209
17
1
60
22
21
20
212
208
63
62
61
205
201
199
192
191
189
196
193
77
75
66
1
214
210
209
208
203
186
208
206
204
187
186
2
3
13
192
191
1
226
191
190
186
183
1
193
192
184
181
178
10
179
154
182
181
179
180
174
173
158
157
1
4
147
172
171
148
660
161
174
173
162
161
160
1
7
147
144
143
169
168
165
145
144
731
175
664
174
173
1
206
169
168
158
157
92
207
170
162
161
160
222
207
206
205
164
162
15
160
156
154
152
161
154
153
150
1
2
139
123
121
1
156
155
123
157
155
142
141
153
152
151
150
146
145
140
138
136
135
134
133
132
1
143
133
132
144
133
132
131
2
132
130
129
128
126
785
266
140
135
134
123
119
135
134
133
128
127
126
1
169
167
112
110
116
115
114
113
111
130
129
128
127
126
124
115
171
170
169
133
2
114
113
109
177
176
113
112
116
111
109
107
106
98
97
96
93
91
90
1
128
126
125
124
107
129
128
90
86
83
82
80
93
91
90
89
89
88
86
85
78
77
1
83
82
80
1
83
82
2679
2680
2681
4
2754
77
76
75
73
71
84
83
81
2846
2837
87
86
85
76
18
3185
3171
73
71
70
32
2758
2837
77
83
2679
79
73
71
70
78
77
76
75
62
1
2
80
77
70
69
78
72
71
2
175
381
120
118
100
82
81
71
68
67
62
67
569
65
64
63
62
562
94
92
90
88
1
120
118
104
102
105
103
101
1
11
87
86
85
84
96
94
88
1
84
81
75
74
3
85
75
74
368
369
80
79
78
14
158
3115
3116
80
1
10
91
90
88
77
70
69
9
11
72
70
5
70
69
60
59
1
94
71
69
61
1
95
70
69
96
70
60
55
52
66
65
64
81
80
65
64
63
3111
65
64
63
53
83
82
81
80
58
57
55
3110
3112
62
57
56
42
48
46
45
32
31
13
70
69
68
63
62
88
86
83
81
3100
173
88
3103
76
73
37
39
37
32
31
79
38
29
25
24
23
21
20
1
18
17
16
15
14
18
16
61
59
58
57
55
54
18
1
2
9
10
12
1
2
4
1492
1
2
7
1
2
1
4
5
3
4
5
7
8
1
5
17
1
4
1
2
1
3
2
116
285
1
2
12
1
4
114
1
2
3
10
1
4
9
1
106
109
110
1
2
102
1
1
10
9
2
1
2
11
1
2
9
10
1
10
1
7
9
1
6
8
80
81
2
3
26
28
76
78
1
3
1
2
1
2
50
51
2
7
12
13
1
11
49
5
10
1436
1
2
1438
1
1
1437
1
1438
1452
1
3
7
6
1
2
6
9
10
11
1
2
4
1
5
7
1
2
4
1
3
4
1
16
15
32
34
1
3
1
2
1
2
132
1
2
4
8
10
1
2
1
4
116
118
4
1
2
6
15
1
14
113
112
1
2
1
4
1
3
6
9
5
9
1452
3
6
4
86
97
99
4
84
2
1471
1443
1445
9
10
28
2
6
25
4
22
23
1
1468
1472
5
12
10
11
1
1
2
3
4
2
1
2
1467
2
2
49
50
1
3
4
8
9
10
1
2
1
2
43
45
1
3
4
21
20
21
38
1
3
1476
8
1478
11
18
1
2
16
17
18
1
1
2
3
1473
1
1451
3
5
7
17
1454
1468
1470
1
2
1
2
4
10
43
4
6
14
35
36
37
38
2
4
6
11
36
2
34
7
8
2
5
2
3
1
3
4
5
3
6
9
10
14
1
2
4
1469
1467
1
1
23
1
1472
14
18
22
1473
2
62
1486
2
3
118
61
2
1
116
8
11
1
112
111
113
1
2
5
1
3
1
2
7
17
1
2
1
2
5
1
2
102
103
102
96
98
100
9
10
1
94
2
91
93
2
3
4
36
36
1128
1127
41
89
1
2
3
2
14
15
30
32
1
1
1
3
8
1
2
4
7
2
3
1
1
3
10
1
2
1
2
1
2
7
1
5
15
1
11
13
14
1
2
1
1
2
1
2
3
1
1
1
1176
3
1113
401
2
1178
1179
4
5
1
3
1176
1175
1173
1
1
2
1
1179
1181
1
1180
1182
1
19
1163
2
3
1
4
1
3
2
1
2
3
2
1
6
8
5
3
35
36
39
1
2
31
32
34
1
2
3
14
1
32
1
2
1
9
1
1
2
1
2
1169
6
1167
1
3
4
1211
1
44
46
48
45
47
2
3
7
1
9
136
5
8
135
1208
1
1
19
3
1
8
9
1
2
1
121
1
2
55
56
66
122
1
2
121
52
63
64
117
119
1
46
47
48
49
2
45
1
16
17
43
44
1
4
43
1
2
3
1
3
1
1
2
3
4
1
2
1
2
1
1
11
8
10
1
3
7
2
4
28
1
26
1
2
7
520
531
12
1
24
10
1
2
3
4
2
3
4
1
4
519
666
712
3
1
513
512
1
511
10
11
128
515
639
642
126
127
128
2
7
11
112
1
2
1
2
519
9
1
521
519
2
3
4
528
2
3
7
11
1
1
1
524
4
523
3
3
4
102
103
105
1
1
2
1
100
28
4
1
4
5
8
9
2
3
19
20
1
1
3
1
2
1
1
1
1
11
1
2
8
11
1
60
66
1
2
59
1
4
20
1
3
57
1
2
811
1
16
17
38
808
810
16
1
2
3
15
1
3
14
1
1
8
9
11
2
7
1
2
67
1
3
1
2
65
1
64
871
63
1
8
9
1
2
7
1
2
1
3
5
22
1
3
4
5
18
20
2
19
3
783
786
12
14
1
1
779
780
9
13
1
119
7
6
1
116
118
7
76
1
2
3
115
1
2
1
113
98
100
2
7
97
98
2
4
2
4
2
770
2
1
2
5
1
1
3
16
2
13
14
15
1
2
3
13
83
12
1
6
7
11
1
2
6
1
42
77
2
4
5
1
22
40
3
12
20
21
22
1
2
3
4
5
1
1
9
1
3
4
8
1
2
1
773
11
8
2
1068
1067
4
5
1073
2
10
8
293
1
2
3
5
12
11
13
1
2
7
2
2
1
2
1
2
1
2
4
57
306
1
2
2
5
1
3
2
1
14
16
18
3
7
13
2
307
4
1
299
63
61
63
62
61
2
2
2
2
4
2
35
33
1735
1733
1
2
3
4
1740
442
30
2
2
1735
1644
1642
1644
2
3
2
92
91
1326
1333
2
4
5
105
102
1328
1
2
113
105
1
2
107
106
1
3
4
1
25
24
1
7
10
12
397
395
4
5
7
53
126
126
3
130
2
46
47
48
2
44
409
42
1
2
451
1
3
61
2
1
58
57
58
1
4
5
412
3
2
412
1
2
3
1
1
1
8
10
1
2
1
2
1
8
9
1
2
41
1
4
36
35
39
1
16
19
35
1
2
3
15
34
2
32
33
1
2
3
13
1
1
1
1
1
2
1
2
5
1
3
1
10
11
526
1
2
6
7
1
1
2
10
12
14
13
16
8
1
1
4
3
539
538
537
1
2
17
18
155
570
539
1
2
3038
15
3039
16
17
1
541
1
2
13
1
2
3
2
398
3033
11
1
2
9
8
396
1
3
7
1
2
3
6
1
2
4
1
2
1
387
388
1
1
1
3
2626
179
178
2
136
2804
2
3
156
151
1
2
3
1
1
2
1
2
1
3022
3023
1
3022
1
3
7
1
3023
173
2885
2
141
138
1
2
3
11
1
4
10
143
1
2
3
1
4
6
8
2
3
1
2
189
176
173
1
2
1
2
4
5
191
1
2
183
2
199
194
185
174
1
201
202
199
196
195
193
3
5
4
143
144
147
3
6
8
13
2
5
139
3
3
5
8
5
8
3
3
2331
2327
2334
2
4
17
1
2
15
1
13
14
233
1
2
3
11
1
233
1
2
1
6
7
8
5
226
227
2
4
13
16
215
217
225
2
11
13
14
1
1
221
1
6
7
1
1
2330
2329
1
339
2
3
2668
340
338
337
1
1
3
2
2
5
8
1
338
1
1
322
3
1
10
17
1
2
5
9
1
3
1
2
3
1
2
3
1
3
4
1
2
63
1
5
2
2
3
330
12
18
56
1
55
54
1
327
1
326
325
1
3
1
317
318
197
3
4
5
147
1
6
1
1
2
6
8
142
1
4
1
2
3
1
2
1
2
1
2
127
1
2
12
122
121
124
125
2
10
120
121
1
2
3
117
118
1
8
117
119
1
4
5
7
4
114
64
65
107
110
1
3
55
62
1
3
6
7
8
52
1
3
4
19
1
11
12
14
15
1
14
15
17
20
16
1
6
8
1
2
5
1
40
44
2
3
31
37
39
1
28
29
1
2
1
2
1
2
20
22
2
10
11
13
1
12
6
8
11
1
2
4
5
2
3
1
1
2
1
2
3
1266
1272
1
1264
3
6
5
1
1
1267
4
7
1266
1294
2
3
10
13
15
1
2
28
1
27
1
1
1
1
2
1
4
1425
1424
1
1
2
1
1425
2
1423
1
3
1424
2
3
4
5
1
2
1
1
2
3
4
1
2
2
3
1
3
4
22
1
21
24
23
1
16
17
19
2
14
16
1
3
4
1
2
1
2
1285
1284
1282
1
1292
1287
1
3
4
5
3
1
2
3
1
2
1
2
1
6
5
1
2
1
2
1
2
46
2
3
44
58
59
1286
1
18
1
17
20
4
6
14
15
19
1
2
5
1
3
4
2
3
8
10
1
2
1
2
5
1
1
3
11
1
2
1
2
1
2
5
8
1
3
4
2
3
24
1
14
23
1
3
13
22
2
6
10
2
4
2
4
6
4
2
5
3
1
2
1
11
1233
1119
1
2
9
10
1
2
5
6
7
8
1
1
2
4
2
14
1
2
6
7
12
1
4
1
3
2
4
1244
2
3
7
1
2
1
1248
17
35
114
1
2
3
1
1249
1250
2
1248
12
13
1
1235
1
2
3
1342
1248
1
1
1345
3
6
8
9
10
12
16
1
2
6
1
3
5
2
4
4
3
4
87
5
6
7
6
7
1
2
82
1
83
82
77
3
84
2
3
8
1
1
5
1
2
1
2
139
43
1
80
137
1
2
3
20
1
1
5
2
3
4
14
17
1
6
8
13
1
5
12
1
2
4
1
1
2
1
1
2
1
2
3
18
2
5
1
2
16
1
3
1
2
3
10
1
3
1
2
35
36
2
3
4
21
35
32
33
2
15
19
21
1
2
1
2
12
13
15
1
2
3
2
12
13
1
2
3
1
3
5
10
1
2
1
2
79
1
2
1
77
78
1
5
77
4
73
74
76
1
3
4
63
71
73
1
3
62
7
8
61
1
70
7
9
10
15
1
2
1
4
5
1
51
53
54
55
50
1
195
196
2
4
194
46
1
2
1
2
3
4
5
1
140
5
7
10
1
4
1
3
4
228
130
1
3
1
3
4
1
1
2
1
2
4
3
96
2
98
3
229
226
232
2
2
3
6
1
1
2
3
45
1
44
1
39
40
41
43
231
230
9
40
1
2
3
5
240
1
1
2
1
2
3
1
9
235
1
2
4
233
8
1
2
229
375
376
6
1
2
13
149
2
12
148
11
13
136
147
225
1
8
10
146
226
5
7
31
2
21
29
30
2
4
17
19
28
2
26
2
4
5
11
13
2
1
123
2
4
6
2
119
121
2
38
117
2
9
36
2
6
7
9
7
2
5
8
11
14
1
3
12
11
23
24
1
3
4
1
1
2
3
1
1
170
3
173
1
2
6
7
9
10
14
1
2
155
153
1
2
5
53
1
71
157
1
51
70
50
69
3
7
8
15
17
2
48
14
1
4
1
3
2
1
1
1
79
46
78
1
2
3
12
2
40
41
42
43
1
10
12
42
41
1
2
4
1
3
7
29
2
28
4
6
12
2143
13
20
24
2
2
4
2
4
5
2
11
1
2041
2132
4
9
2127
91
89
88
1
2131
2036
2130
1
95
94
2131
5
7
2126
105
95
4
6
12
14
12
2128
2021
2023
2
4
2
4
6
2
2
2116
1
2
3
6
2
109
108
105
1
114
115
112
111
1
2
2338
1070
1061
3
5
1
2
6
2340
2335
1
1268
5
1267
3
4
1
1230
9
11
1
2
5
18
32
34
1
2
3
4
1
32
1
1
10
11
13
1
2
10
1
3
7
9
1
4
5
4
1
2
3
9
8
1
1
2
1
3
4
1
10
11
13
14
15
8
9
14
6
1
2
1
3
1
2
3
4
6
1247
1176
1
1
1
2
1
3
10
2
4
2
2
3
1232
1
2
5
1241
1231
7
9
10
1
2
1
2
3
1
1
1232
1234
1236
1
2
4
1
2
3
28
1
28
29
43
26
27
2
8
24
25
1
2
4
1075
1076
5
2
3
2
1066
1074
2
3
4
1
2
4
7
9
1
8
1
2
2
3
123
3
1067
1062
137
126
1
2
128
127
125
1
2
1
1070
129
3
4
5
1
2
9
10
11
17
1
16
1
7
1
2
3
4
6
1
2
925
1
1
2
923
1
2
51
50
51
50
49
921
1
53
2
19
54
5
6
1
2
17
2
3
7
9
9
14
15
1
3
4
5
1
2
1
1
1
1
2
3
4
14
1
2
1
1
5
1
2
3
4
10
1
7
9
1
4
5
6
1
3
73
1
75
74
1
104
103
101
79
76
1
4
5
106
105
2
3
2
3
4
1
1
1
3
111
1
2
1
118
119
116
114
1
2
4
20
565
3
2
18
2
4
13
17
2
1
2
1
3
2
18
19
20
24
2
4
2
8
11
12
37
4
9
4
5
32
585
2
3
29
30
1
28
25
1
23
1
6
9
10
11
10
14
15
17
1
3
2
1
1
2
3
1
1
1
1
3
5
969
970
4
870
3
11
1
873
2
872
1
2
966
2
8
89
90
92
94
1
6
58
85
86
87
3
5
57
2
46
48
2
1
9
1
2
8
1
2
3
2
3
6
1
2
1
1
875
3
9
11
17
39
1
3
2
34
2
4
6
21
32
35
2
4
8
28
2
7
8
10
15
2
5
3
154
2
7
148
146
149
2
3
9
4
7
6
14
1
4
7
138
141
3
140
8
17
19
22
131
3
2
27
2
23
25
3
5
2
3
98
99
108
109
1
2
3
10
11
1
10
94
1
4
90
91
92
93
2
3
6
7
1
3
40
41
39
86
1
2
18
37
36
38
1
16
1
2
1
1
1
1
2
10
2
5
6
7
8
1
1
2
5
6
7
1
6
7
1
4
1
3
18
19
1
2
11
16
15
1
9
1
3
3
1
1
1
2
1
1
2
10
2
6
8
9
2
4
1
2
1
2
3
11
45
47
2
1
3
7
8
9
1
3
90
91
1
2
86
88
89
1
85
1
87
1
5
4
34
2
4
5
16
17
18
32
1
2
31
33
1
2
30
1
30
31
1
2
1
2
4
12
1
75
1
2
72
2057
74
1
2
3
6
71
5
6
8
1
3
4
2
1350
1349
1786
1347
68
1
8
1
2
7
1
1
2
5
1
2
3
4
1
10
13
14
1
2
3
6
2
1
3
1920
4
1
2
1
17
18
105
106
1923
1815
1
1924
1925
108
1924
15
1
1
15
43
1
2
3
14
5
7
13
1
1
1
2
1
1
5
6
1
3
4
2
1
6
10
1
3
2
28
1
2
4
23
24
22
26
2
3
4
16
17
2
6
15
15
20
1
2
4
13
1
2
3
9
1
1
3
4
2
1
2
3
6
1
5
6
2
3
7
1
5
1
2
3
1
7
10
1957
1958
1
1
32
33
34
235
1
31
1
1
3
3
2
3
5
6
7
6
19
1950
2
4
3
1
1
1
87
1
2
1
2
13
1
3
2
10
11
1
51
53
8
50
2
5
20
1
3
2
48
2
3
1
2
3
7
9
11
1
1
1
2
4
1
2
1
2
3
11
12
202
2
1
2
9
1
2
6
7
1
15
22
25
2
26
1
2
24
1
1
1
2
3
105
107
190
2
4
6
8
1
3
2
4
2
5
6
96
97
4
7
1
89
90
1
3
2
5
15
3
7
8
10
29
30
31
1
4
22
72
2
2
4
18
65
67
68
1
2
16
1
3
14
15
2
57
61
9
11
2
7
42
43
13
54
52
2
17
22
24
1
2
4
7
8
16
18
1
15
36
2
35
1
4
1
3
1
2
11
1
3
9
1
2
1
2
1
3
6
1
1
3
2
7
10
15
16
17
18
2
4
2
3
5
3
5
2
2
1
3
51
439
440
1
2
3
43
1
2
3
9
11
1
10
440
441
1
1
5
6
1
1
56
1
62
57
1
2
63
1
2
1
74
70
65
1
11
23
13
12
1
3
7
9
10
43
1
2
1
1
40
1
2
3
7
16
1
15
17
18
32
34
2
32
33
36
1
2
3
4
32
1
34
1
2
39
37
35
1
41
1
2
6
55
1
3
4
5
1
2
53
1
46
50
52
53
1
49
1
3
6
7
9
48
49
2
1
3
4
3
1
2
14
15
1
1
2
6
1
3
29
30
31
29
40
1
2
4
25
26
1
3
26
24
25
1
2
4
1
21
2
10
11
17
19
20
1
2
3
4
6
7
9
1
8
1
1
2
1
4
1
2
3
1
1
6
1365
1363
2129
1
2
1
2
1
774
766
3
1
2
1
2
28
32
49
2
4
8
46
2
4
24
2
4
2135
4
2133
2135
20
2131
2131
2133
6
8
14
16
2
1
2
1
1
5
2
4
18
4
6
16
14
15
2
10
12
2
6
8
4
11
12
13
16
17
1
2
4
1
2
4
31
1
2
1
2
1
1
1
2
3
20
1
7
2
3
6
1
1
2
1
1
728
1
729
730
1
731
11
12
2
59
1
7
8
10
11
5
6
1
2
3
4
1
34
36
1
32
33
1
19
1
4
1
2
3
5
1
4
1
2
11
1
2
9
10
1
5
7
4
2
3
3
9
1
2
1
2
1
6
4
5
2
1
2
8
9
10
1
9
1
6
1
5
1
2
366
4
1
370
369
368
1
1
369
370
1
1
2
1
1
8
1
5
7
1
2
4
17
1
2
1
15
17
1
2
3
13
2
4
5
10
12
1
1
2
4
1
2
6
1
2
4
2200
1
2201
1
11
12
1
2200
2
3
2199
685
2208
9
1
2
1
2
3
4
2
2
3
4
678
1
2
1
1
671
2
3
674
1
2
3
9
11
1
1
1
2
1523
1
2
4
7
8
1
7
1513
1519
1521
1
2
1
2
1
1
2
1402
1403
1407
104
1
1506
6
1
114
12
135
1
8
11
1
3
7
10
1
2
1
2
1
1
1
2
3
1
1
149
147
150
5
22
28
2
169
1
2
56
57
55
57
159
160
3
5
35
38
51
2
4
5
29
35
3
1
23
25
6
3
7
13
1
5
2
3
5
8
1
86
1511
1
2
85
1
2
3
114
1
1516
84
3
1649
1
3
10
1652
2
6
7
3
8
16
2
5
6
7
8
1
4
5
1662
2
3
1
2
108
112
1
35
34
105
106
1
1637
1
1
2
5
18
1
2
4
5
8
10
12
102
1
16
12
13
15
100
1
2
1
2
3
1
1
2
1
2
1
2
102
1
2
1
100
89
90
1
3
7
9
10
11
1
2
10
81
83
88
1
2
2
4
2
12
13
1
2
3
7
8
1
2
11
13
6
12
1
4
1
2
3
1
689
71
447
690
689
688
1
1
195
242
1
2
192
194
1
6
689
1
38
190
36
37
188
189
2
7
34
1
2
3
4
6
5
32
683
2
1
681
682
6
1
2
3
4
1006
5
8
14
1694
1
1001
688
2
1004
1002
318
1
320
25
2
5
47
48
50
686
2
3
684
686
1
3
2
1
3
41
2
2
34
37
16
23
1677
1680
6
10
1
3
1671
2
4
2
4
8
2
2
3
11
1
67
8
1
1
35
34
37
2
3
16
1
14
16
17
19
32
14
15
31
1
2
5
1
3
2
3
4
6
7
9
1
1
2
1
2
598
638
596
1
8
29
38
40
10
11
1
2
6
8
1
2
5
1
1
2
9
11
15
16
1
6
7
8
5
2
3
593
18
19
20
1
182
184
179
181
182
1
1
288
289
1
2
172
1
2
1
2
1
5
7
8
1
4
2
3
1
1
1
2
1
2
3
14
15
17
1
1
77
78
158
14
76
1
2
6
1
2
3
4
1
4
1
1
62
61
390
1
4
7
66
1
3
58
1
3
5
59
60
62
1
3
14
16
15
19
2
4
11
2
3
9
1
4
6
4
6
14
18
2
2
4
8
2
4
6
34
2
6
28
30
4
2
3
12
14
21
24
1
22
2
1600
1597
2
2
5
2
3
1
3
2
1
3
13
14
2
10
2
3
1
4
2
3
3
1
2
2
1
4
6
30
26
3
6
14
18
24
3
5
2
8
69
67
3
39
62
64
36
61
2
4
6
2
9
2
24
1
2
443
1
2
1
2
3
445
433
83
1
80
81
82
448
445
3
5
10
2
97
27
2
5
25
3
23
20
22
20
94
213
516
2
8
10
6
119
120
119
121
52
53
114
1
2
4
2
39
42
2
37
92
8
9
91
1
83
4
35
92
1
5
6
91
1
2
4
1
1
2
1
3
4
87
1
2
1
4
1
3
83
1
31
3
4
28
29
30
31
1
2
26
27
28
1
2
8
25
1
26
1
6
7
1
85
4
6
1
2
1
2
1
2
1
84
83
1
10
11
47
1
2
5
1
2
1
17
2
3
6
7
8
1
2
3
12
14
1
6
9
11
1
2
1
1
4
6
32
35
1
2
3
1
3
1
2
1
2
4
2
3
9
2
23
26
2
7
6
8
9
1
3
1
3
1
2
1
1
10
1
2
63
1
2
6
1
58
59
61
1
4
52
57
3
37
53
2
3
34
2
13
14
16
1
2
11
1
3
1
2
1
2
4
7
3
1
2
3
5
1
2
11
14
13
1
2
6
9
1
2
3
5
7
1
1
2
1
3
4
2
3
4
9
1
8
9
13
7
1
2
3
1
5
4
1
1034
1
1019
1033
1
1
1016
2
4
1026
10
1
10
85
1
2
1024
1
2
1
1
2
1
2
3
1
16
1
3
1
2
76
75
72
74
2
1
2
61
62
1
6
1
4
5
60
1
3
35
52
55
56
57
59
2
31
32
34
1
2
17
19
20
29
1
1
4
5
12
13
1
2
3
4
9
1
8
1
7
1
2
1
4
1
2
10
303
1
1
1
3
1
11
1
2
10
1
2
1
293
295
2
1
2
3
1
2
1
293
1
2
2
8
11
2
6
9
1
3
1
7
8
18
17
1
3
4
3
2
4
6
131
129
844
1
130
128
127
845
717
841
2
131
1
2
9
11
843
842
4
15
841
1
2
7
8
843
846
7
1
2
3
1
2
3
137
138
137
1
10
11
1
8
9
152
151
140
7
153
1
2
4
6
1
155
2
227
1
2
235
229
227
230
229
6
239
237
233
232
1
856
100
1
955
1
7
956
99
3
6
2
101
102
1
99
100
248
246
237
99
238
1
3
35
37
38
61
347
1
2
1
2
3
1
32
1
2
1
2
3
8
9
10
1
2
13
14
15
961
1
1
2
5
1
2
3
2
3
1
1
1
2
3
1
2
3
10
1
1
1
4
946
2
3
1
2
3
7
972
973
1
971
974
1
1
3
944
4
1
2
3
941
7
940
3
5
10
13
2
3
4
6
7
1
5
1
966
1
10
11
1
2
9
1
1
2
6
7
2
4
2
33
30
31
1
29
1
28
2
3
1
7
11
12
1
6
1
5
1
2
4
1
3
2
1
1
99
1
100
99
1
100
101
1
4
7
1
107
109
108
1
3
4
2
3
135
132
1
2
16
19
141
136
1
137
1
4
14
3
13
14
1
3
4
2
11
1
3
4
5
2
12
1
1
2
1
3
4
1
3
4
160
159
1
2
160
1
1
2
1
3
166
164
1
2
1
167
169
168
1
2
1
3
4
1
3
2
5
1
2
17
18
21
235
63
245
2716
1
3
1
2
15
1
4
14
3
3
1
5
6
19
5
2
4
5
1
1
2
1
1
3
1
2
8
7
1
256
1
15
14
15
2
3
1
4
275
3
1
1
286
279
287
1
1
288
2
7
1
4
6
1
286
2
3
1
2
3
4
1
2
9
2
1
5
6
7
4
2
4
8
2
3
2
6
9
281
282
1
1
2
3
5
2
3
67
3
1
2
3
2
16
64
1
272
271
1
5
261
1
2
1
2
1
2
4
1
2
4
8
1
2
1
2
1
3
4
1
1
2
10
1
6
7
8
9
2
2
3
16
17
42
43
44
1
43
1
42
1
3
14
1
2
1
2
11
1
2
1
2
9
1
2
1
2
143
142
1
2
130
1
9
10
13
129
131
1
5
6
1
3
4
26
1
16
23
24
1
15
23
1
14
1
13
4
6
12
3
116
121
2
4
6
116
117
2
113
114
2
2
62
2
5
9
10
11
13
1
3
9
17
16
17
57
1
2
5
1
1
3
1
2
7
8
1
3
5
1
2
1
2
10
11
1
2
1
6
7
8
1
2
5
1
2
3
39
40
1
3
15
16
17
1
2
16
35
37
1
1
4
13
1
3
2
1
7
9
6
1
5
1
1
9
1
5
8
23
1
2
22
1
2
21
19
1
2
16
17
18
1
9
10
11
15
7
8
2
2
4
5
2
35
345
1
1
2
1
3
4
27
28
1
4
9
10
1
9
21
22
24
25
1
24
1
1
5
2
2
3
1
1
13
1
12
2
1
2
3
36
35
36
39
1
3
5
6
1
2
33
1
30
343
32
2
27
28
29
1
2
5
15
17
27
1
26
1
2
3
1
8
9
10
1
2
7
1
5
310
1
309
307
1
2
3
310
2
3
8
9
309
308
1
1
2
5
1
2
1
2
3
1
10
1
7
9
1
4
6
1
1
1
301
1
2
2
299
127
130
301
1
2
3
303
1
300
2
3
6
123
124
301
123
124
128
130
1
2
1
2
300
1
1
3
1
2
3
14
1
2
3
118
117
1
2
11
1
2
1
2
9
1
38
2
34
36
37
1
2
14
15
31
1
2
30
32
1
13
14
1
298
10
13
2
312
311
302
1
2
3
8
10
1
1
2
3
1
5
1
1
2
3
10
1
2
2
2
3
1
1
1
2
302
308
1
5
6
9
301
1
2
4
3
5
1
3
1
2
1
1
1
308
292
3
6
1
10
11
14
2
3
10
1
3
1
2
1
4
5
7
3
1
3
16
17
1
2
1
1
2
4
13
1
3
4
10
1
2
9
1
3
3109
2961
2
35
37
37
3128
3112
1
2
3
17
1
16
32
3
4
13
14
2
1
2
3
10
2
1
2
3
8
1
1
3
4
5
1
2
66
1
65
67
1
1
7
1
4
6
1
13
1
2
1
2
1
5
1
4
1
2
13
14
34
35
1
34
3158
1
10
3159
1
10
49
3168
3158
1
2
3159
2
3
8
9
1
2
7
3157
1
1
3
4
2
1
2
1
3165
3164
1
2
1
3
4
1
10
12
1
5
7
9
40
1
39
1
38
37
38
39
1
2
15
17
18
19
35
1
2
34
35
1
2
15
1
12
13
1
2
11
1
2
8
10
1
4
144
148
1
3
6
4
5
1
2
141
140
140
141
1
2
2
3
5
6
1
2
1
9
10
14
15
16
1
1
6
1
3
5
1
2
119
127
1
2
3
116
117
118
2
1
2
32
81
114
1
1
2
4
1
2
3
4
9
11
1
2
22
9
21
1
1
3
5
1
2
1
1
2
3119
1
3118
1
3119
2
3117
20
3118
3
12
3137
3115
3114
3113
17
18
19
1
5
9
1
1
3129
3130
1
3128
3112
3127
1
2
5
7
4
5
1
2
3
10
12
1
3
2
5
9
49
3
48
50
51
1
2
3
7
1
6
9
12
1
4
1
3
2
3
30
1
2
3
11
1
10
26
1
3
25
27
2
6
8
16
12
14
2
90
7
12
2
10
4
5
16
2
10
114
113
112
1
5
8
2
4
9
11
2
7
14
3
18
122
125
124
2
4
7
2
3060
3058
2
2
4
2
141
140
143
2
85
87
3199
1
2
5
84
4
8
9
83
1
2
82
1
57
75
78
80
1
4
1
2
3
19
1
5
15
16
18
1
2
4
1
2
3
7
9
11
12
1
11
1
10
1
1
3
2
4
7
1
3
5
1
3
24
31
2
28
2
12
2
4
7
10
2
3
2
2
3
1
1
6
3
22
2
4
19
2
7
3
5
12
15
2
9
3
1
1
14
16
1
3
13
2
3
1
2
1
2
1
2
6
7
1
47
1
3
4
46
1
2
42
1
16
17
1
1
2
1
3
4
2
10
1
2
3
4
2
2
1
2
184
185
3286
3285
1
186
1
2
1
7
2956
1
2
1
17
19
21
16
22
2965
5
1
2
1
1
1
66
64
68
67
2
530
4
6
524
2
4
5
9
2
2
525
526
2
518
1
2
3
2
1
5
1
4
1
3
4
1
2
1
4
3577
3
4
3578
1
2
3
5
8
132
1
2
137
134
132
1
2
1
3
1
3
170
1
2
173
10
12
15
19
8
11
3
4
9
3
5
3461
11
26
3466
3472
9
10
3487
4
6
13
2
9
3
3058
415
3061
3
3476
28
29
31
3
4
23
24
1
2
4
1
3
4
5
7
8
1
7
6
9
20
1
1
1
2
1
1
2
1
2
3
1
1
1
1
3
2
3
43
1
3
4
5
1
2
1
36
37
40
1
26
1
16
17
19
1
3
4
15
3
14
1
4
1
3
1
2
11
1
2
3
6
8
10
1
1
2
1
2
3
1
2
1
2
1
2
394
1
2
2
392
1
2
390
1
389
1
6
7
1
3
5
1
2
1
2
83
1
2
1
394
395
242
74
2
3
1
7
8
9
1
7
1
6
1
2
3
4
5
1
2
7
8
7
1
2
5
1
2
3
16
2
3
7
8
9
1
3
4
462
1
2
1
2
3
4
34
1
32
34
1
7
31
2
5
1
328
332
3
1
2
4
15
1
1
2
3
2
3
1
1
2
1
2
1
6
7
3114
14
1
1
5
3
4
1
13
15
18
24
1
2
3
12
1
1
7
8
9
3100
1
2
1
1
1
2
1
2
3
1
11
17
1
2
10
1
4
6
3
8
2
3
5
1
2
2
4
6
9
2
5
7
2
3
97
99
97
1
94
367
370
379
87
93
369
3
11
12
6
47
48
1
2
4
42
1
2
3
1
36
40
13
35
36
37
1
1
2
292
1
2
11
206
293
9
10
1
203
204
2
193
194
202
1
4
5
4
192
1
2
12
14
1
13
144
1
10
7
9
1
23
2
4
16
17
15
16
20
2
2
121
131
132
3
119
1
2
3
2
114
115
118
1
47
113
114
1
45
46
1
1
4
1
3
2
1
1
2
1
2
3
1
1
114
1
3
1
2
117
1
2
1
3
1
2
25
25
1
2
3
7
1
6
1
2
5
124
1
125
316
3
2
3
4
7
10
1
1
3
1
2
3
1
3
323
319
1
2
1
2
3
4
1
2
16
1
14
1
3
6
10
1
808
1
2
1
29
32
34
1
2
3
28
1
25
27
29
1
24
1
3
4
1
2
11
1
10
11
22
21
1
1
1
2
1
2
1
1
1
2
4
8
11
65
1
60
63
1
2
3
59
2
58
59
1
37
55
2
34
36
37
1
2
3
32
1
5
12
13
4
2
3
2
3
6
6
7
1
2
1
1
2
1
1
2
1
1
2
6
16
1
2
9
10
1
2
4
14
1
2
7
1
2
3
2
4
5
1
1
1
1
1
9
11
2
6
7
2
1
3
1
17
18
1
16
1
15
2
1
4
5
4
1
2
10
11
1
2
3
6
7
9
1
1
39
46
1
3
38
37
38
2
3
8
17
19
1
1
2
1
5
1
1
1
2
3
1
9
1
4
1
11
1
2
9
1
2
1
4
7
2
3
2
3
6
7
9
1
8
15
7
1
3
1
1
1
2
1
2
3
35
38
1
1
3
1
3
11
15
17
1
2
16
1
3
15
2
6
7
8
1
3
5
4
1
2
1
2
1
1
1
2
3
4
3
6
11
1
9
2828
8
1
2
1
2
4
3
1
2
3
5
1
11
12
2
1
2761
1
9
11
1
2
3
5
7
8
1
3
67
1
2
1
2
3
2
62
64
1
2
8
10
58
59
60
1
6
1
2
5
6
1
2
3
2
5
6
1
2
1
3
41
50
2
3
84
85
3
39
83
85
91
78
81
1
2762
3196
1
2
3
1
16
1
1
2
6
1
13
434
3
4
1
1
1
3
1
2
8
9
1
6
1
4
5
3
4
1
447
504
7
29
31
34
54
55
1
449
1
1
500
501
20
22
2
4
6
2
13
14
2
4
9
11
2
2
4
2
1
2
2
3
5
19
20
23
3
15
17
2
2
12
2
6
4
3
32
1
27
29
1
21
23
24
1
2
1
2
1
2
3
4
1
2
3
1
3
6
1
2
1
2
3
1
2
3
1
1
1
8
1
3192
2
7
3191
6
3190
1
34
3191
3192
3
1
8
10
31
33
3191
1
3189
7
3192
1
2
17
1
3175
15
3
1
10
1
2
4
8
1
2
1
2
1
4
1
2
3
9
8
1
3176
3164
6
1
8
10
1
4
4
1
1
3169
3170
3223
2
3165
3170
2
5
1
13
54
5
6
7
8
2
3
4
1
18
21
1
17
14
15
16
1
5
1
4
1
2
9
11
1
2
4
8
3
41
42
5
6
3
40
39
1
2
35
36
1
35
1
1
2
5
14
1
2
4
2
3
11
2
3
8
10
9
1
2
8
1
1
1
2
7
8
9
1
2
4
19
1
18
19
1
2
4
6
7
11
15
16
1
15
1
2
1
1
2
1
2
1
2
4
1
2
4
1
2
1
2
4
1
2
11
1
2
5
9
10
1
1
3
1
2
1
4
1
1
2
1
1
