1
11
29
197
246
399
28
542
577
63
1690
2146
589
366
530
1102
1770
1162
24
128
173
2166
432
568
434
2084
475
947
1370
1405
27
1393
745
453
819
1024
16
131
1186
161
2
205
110
284
160
98
16
93
1598
408
28
425
106
175
212
310
578
102
1370
221
10
119
707
1200
720
721
190
194
1728
55
95
96
125
114
181
4
16
35
1701
481
103
456
182
130
143
605
50
62
73
302
187
189
10
5
5
59
133
338
372
140
193
453
368
500
1125
869
1395
17
427
735
1014
49
1048
121
308
151
680
262
131
415
33
535
147
1473
961
209
350
412
9
126
14
23
169
114
1235
1434
291
236
329
582
334
427
925
375
1255
282
531
66
405
575
337
1410
1018
586
136
551
475
301
600
99
18
513
352
16
284
264
64
233
174
218
542
220
77
330
317
465
156
328
230
583
8
630
328
39
424
416
540
323
554
312
535
355
562
113
594
1
171
556
199
256
521
1398
285
108
296
564
121
59
1319
599
602
534
1484
340
300
719
487
911
61
1117
544
104
283
256
270
350
882
63
1275
734
950
1250
194
2
213
1047
808
868
307
120
322
1175
131
361
670
11
19
31
36
42
62
67
70
74
122
1086
102
143
166
171
178
189
1
37
95
671
75
126
71
10
107
493
90
157
22
33
118
678
193
701
69
3
49
144
1046
139
190
195
151
607
45
84
54
60
98
1302
94
120
499
203
183
188
192
205
50
6
14
32
131
140
92
185
59
173
725
108
15
25
123
136
137
6
154
159
35
174
184
655
1163
152
200
3
5
7
198
27
149
184
445
99
43
51
884
96
5
58
204
443
129
65
16
1076
77
600
163
2
304
87
490
428
17
170
100
864
106
79
117
746
673
124
127
128
1011
105
64
132
134
706
833
197
206
208
209
770
210
680
180
160
212
158
213
104
214
215
78
216
217
46
218
147
28
61
405
155
40
829
219
182
220
661
815
1342
221
1260
222
247
693
586
45
753
324
722
259
424
41
1
81
1434
60
323
105
82
18
43
491
56
28
7
825
168
1
7
4
8
5
3
270
933
959
743
724
1499
6
680
1589
99
863
580
1549
775
5
671
1
2
3
6
11
17
130
22
21
25
18
20
304
24
26
1292
112
63
257
9
16
13
7
1645
414
1514
1710
1703
1423
1588
1577
1347
1732
210
2021
112
289
454
392
112
85
1
218
187
291
723
1383
1377
46
1365
19
996
1367
103
114
133
24
12
412
15
379
355
102
50
175
118
1638
120
187
59
129
185
194
1106
51
56
82
125
134
174
1628
20
144
19
58
164
165
166
59
274
19
100
949
544
319
4
606
64
33
1
8
10
13
15
4
17
20
21
7
11
6
3
9
30
5
24
23
5
6
1408
4
1
1020
5
1236
1162
1776
19
1757
1102
1240
13
48
67
72
79
19
39
162
120
13
44
51
116
128
143
14
36
37
8
63
170
55
119
182
908
148
1325
31
52
73
81
180
166
86
160
2
172
84
28
129
61
8
1283
12
126
815
38
476
433
22
1
76
90
96
1109
110
124
178
147
157
164
323
174
181
27
22
747
6
377
1186
24
29
1103
3
1
2
7
19
6
11
18
22
8
5
9
28
23
10
25
21
3
856
3
1212
20
724
183
16
667
1199
1021
18
1163
1156
949
1035
218
666
367
187
56
1188
1144
1032
1230
1224
1220
371
1229
886
1218
320
1271
262
437
286
484
188
349
191
120
665
363
491
434
528
194
493
750
541
320
608
531
140
857
197
1063
739
1439
1074
490
223
456
348
560
149
203
211
213
610
215
219
222
225
566
424
469
233
323
1274
1268
882
65
119
1364
1065
214
578
956
223
21
863
76
401
100
45
431
929
31
145
1431
206
489
64
513
422
116
1356
321
336
388
81
529
15
182
523
1328
244
1239
52
1114
569
386
585
196
142
68
258
324
1094
466
1419
11
375
66
346
1343
1103
227
573
1395
30
488
110
120
964
684
39
502
107
255
318
210
313
310
310
340
420
360
155
1070
278
334
209
245
301
260
73
1106
616
243
68
4
71
402
1460
370
297
60
73
77
79
347
417
84
486
117
86
88
294
102
89
1375
1342
90
201
369
357
1064
1155
220
92
648
70
426
322
71
1138
55
94
99
69
923
103
289
228
50
106
109
220
114
118
328
435
318
122
58
229
436
269
601
126
128
131
1176
10
484
572
1052
136
196
240
133
82
260
264
290
135
137
236
141
122
247
147
16
1035
112
38
162
2
201
151
315
1123
342
1001
20
154
157
231
159
163
440
123
1190
56
879
1214
1240
146
75
533
338
928
401
168
551
543
5
167
362
422
171
58
252
212
516
1197
195
583
717
381
25
558
23
341
478
1259
1255
1258
1238
1242
1243
1246
173
302
178
180
479
641
1394
483
185
576
72
1
753
1600
40
51
336
1901
37
5
18
1293
1239
44
83
91
107
125
156
766
15
5
53
62
464
95
96
799
128
138
172
6
1209
1160
33
440
826
121
780
146
163
22
416
1266
28
740
37
864
41
304
830
130
133
27
14
302
6
13
358
31
844
58
106
1065
129
1037
37
21
17
462
7
393
873
21
81
29
899
1094
45
1191
50
357
831
111
118
123
593
1040
132
806
159
161
31
416
26
23
5
1
3
4
1203
802
126
127
48
1104
2
668
3
859
676
4
16
78
57
637
117
16
1
698
1023
2
747
723
16
960
926
1243
951
1
3
9
2
8
5
6
1230
972
1135
1053
186
990
956
706
297
1285
2
493
163
45
56
69
4
678
1150
140
170
1092
4
3
8
19
16
5
25
2
6
18
15
1188
1853
736
20
958
1629
1215
1884
1532
1263
1
728
1804
23
859
7
630
1581
982
1922
9
137
1335
680
1202
1
1024
961
1166
1106
913
952
973
908
43
893
1114
343
280
869
265
335
1599
82
361
375
387
601
205
35
86
2082
300
980
743
680
349
348
353
88
1539
67
333
1573
590
212
305
159
17
45
616
289
773
225
336
25
594
151
885
386
952
12
142
1546
32
116
61
283
1598
1519
308
93
38
224
231
343
44
33
1192
62
577
63
217
989
512
101
837
1872
115
118
1767
2051
18
419
100
154
160
1701
165
170
1732
193
195
1786
1527
129
232
253
18
15
1112
1
1061
398
511
88
84
391
1191
722
1065
138
350
299
1056
335
213
202
1392
59
396
220
411
415
531
49
107
1035
1157
163
46
240
265
1072
1067
431
1122
848
488
300
926
1180
538
459
475
1032
451
1158
1154
656
1099
1059
1182
28
308
460
819
21
8
971
295
309
207
367
27
1188
1106
285
1186
280
109
168
472
15
328
495
72
31
107
963
1046
332
224
251
528
331
452
17
318
185
192
1192
258
1025
717
1283
416
288
34
199
33
180
336
1337
74
675
264
43
263
40
360
611
474
55
1304
337
239
319
95
333
37
287
296
32
727
835
26
22
1005
19
16
409
11
74
36
202
841
376
597
10
174
14
1209
13
61
244
953
7
1150
230
66
490
206
418
5
172
1416
2
2
1027
524
1060
85
300
334
510
410
397
89
282
477
35
355
1
43
318
848
10
112
140
83
207
314
260
203
560
318
1343
10
71
3
4
14
7
246
2
15
18
5
17
10
19
189
14
418
1664
491
118
1635
123
139
1178
116
85
132
101
89
157
42
92
1463
197
1546
1541
288
144
24
36
121
1295
1673
962
13
66
156
1553
373
25
22
31
40
51
143
57
1648
62
940
433
31
33
40
1332
151
563
1561
2
96
63
450
1027
673
1764
74
1692
1688
1846
681
2
30
40
209
77
13
1963
326
86
36
724
22
79
201
36
43
47
294
22
103
108
399
156
1144
219
14
236
74
935
358
175
85
24
1191
14
178
82
175
16
184
59
177
95
142
174
38
92
778
62
102
39
152
29
9
30
60
119
161
36
112
278
113
420
635
115
116
32
118
121
3
3
7
3
1
17
1041
28
46
2
13
195
905
86
55
16
170
182
1275
162
57
172
37
18
89
46
293
376
60
53
34
181
96
15
144
4
780
40
22
176
4
13
36
140
1358
83
117
131
33
41
1581
1226
365
264
350
144
251
354
356
199
261
154
335
475
31
36
361
363
954
203
465
74
2
831
830
845
775
174
415
1357
141
357
1373
136
330
625
659
297
92
797
813
228
719
301
140
867
166
882
340
47
499
307
657
454
509
63
522
809
168
394
272
289
2
479
459
495
160
204
124
387
314
1282
223
789
260
1269
958
500
130
671
115
95
229
215
202
294
64
157
502
15
43
1268
854
100
103
696
38
299
1064
121
1140
296
395
188
8
439
1191
97
89
331
79
380
416
274
137
24
127
297
400
182
187
689
743
102
292
1386
1325
341
134
1
55
696
14
1138
681
295
190
193
196
198
282
18
195
206
209
1030
57
211
8
107
323
222
373
63
116
393
213
108
575
507
217
241
242
641
428
1188
46
49
1116
110
805
101
7
264
475
69
496
1040
1173
49
1168
219
221
405
409
144
124
398
26
224
956
1027
301
1029
580
246
212
114
172
370
437
419
605
66
783
226
167
629
184
382
129
137
231
429
234
238
1200
808
1290
53
149
786
942
576
128
440
203
251
405
28
122
472
40
35
98
15
36
58
390
197
144
80
74
21
1420
7
26
173
108
147
56
273
16
14
13
279
28
1546
325
112
1374
53
5
184
19
26
30
49
2
1110
337
324
101
253
12
71
47
288
2
66
2049
310
547
41
222
335
161
2020
60
364
343
1486
10
424
17
1572
87
251
64
1839
370
1149
73
377
888
116
169
3
219
181
269
70
630
1044
322
508
182
16
2033
160
41
1388
287
2028
103
504
155
24
308
11
181
43
17
10
53
50
91
15
349
55
595
24
38
70
441
59
55
114
1128
376
19
32
37
22
46
133
66
57
99
6
97
804
141
123
130
8
150
111
50
37
30
137
353
1215
391
27
885
14
1111
10
275
1268
697
265
89
326
236
940
1335
654
347
733
253
1074
1161
42
250
144
1232
569
700
633
947
487
392
356
425
207
708
321
83
277
314
769
831
320
268
91
1151
220
297
304
769
142
182
401
1309
164
436
94
441
197
1124
552
5
9
872
5
12
1
1037
3
92
953
435
228
1
31
65
52
229
255
260
299
31
49
155
296
13
180
228
1734
185
196
214
35
136
462
418
102
292
796
159
323
31
1994
273
282
101
221
134
130
81
64
546
94
1482
360
1908
8
5
32
145
51
73
294
79
39
98
1821
46
186
195
90
329
1224
102
209
1696
281
288
508
30
822
114
107
93
208
74
67
56
87
90
112
25
330
2013
11
193
661
96
19
22
71
2080
55
40
309
1677
92
135
70
167
54
154
75
157
2066
278
99
106
111
2009
120
124
126
134
133
3
235
238
3
1924
13
406
103
976
316
13
113
288
105
41
159
45
108
41
325
61
208
77
1119
1
50
1620
113
417
102
76
24
111
2
112
416
2
267
134
160
201
248
1124
285
156
41
51
197
91
221
214
237
298
1983
302
1547
1213
36
612
79
293
1459
9
93
23
22
785
74
50
675
265
55
307
149
151
1505
2002
108
100
69
526
317
14
1638
275
395
497
1510
1136
1639
137
1
130
101
99
124
82
1475
1531
172
113
34
28
268
31
34
210
280
144
43
451
83
146
1451
522
163
168
142
79
116
847
20
102
1530
71
139
44
1575
26
234
567
105
136
167
413
193
281
309
61
135
880
85
59
152
156
174
735
189
228
1137
4
3
2
5
4
1
1
142
163
47
1965
1350
32
1845
1984
399
223
129
1967
161
84
1114
1000
707
1032
7
960
686
1388
89
159
163
11
90
64
35
1649
66
1390
71
1781
1293
15
236
317
21
1357
456
1568
42
1384
28
36
205
1153
22
160
1719
545
78
210
137
45
229
1171
3
139
184
49
388
63
407
363
19
288
822
510
854
134
54
774
791
65
58
1074
570
16
2
57
1532
7
35
68
60
8
65
1278
123
1353
85
110
111
63
47
35
873
3
12
414
1133
1623
25
115
15
118
1528
1666
68
527
173
968
919
51
65
1
64
56
68
51
331
119
34
1422
209
80
346
1232
1657
27
16
83
84
1524
33
86
1646
87
120
51
735
772
142
702
1247
33
1046
81
26
435
411
366
830
879
345
933
163
132
960
92
252
915
1191
48
112
494
802
666
137
135
800
166
171
746
175
179
172
970
1088
181
20
42
184
188
192
267
279
124
150
222
700
500
621
2
52
1632
26
12
34
38
53
37
320
311
521
5
1022
49
24
1194
1638
830
748
1247
1
668
439
968
2
1
7
5
1217
6
7
402
1058
1140
77
63
53
35
1
912
787
60
92
136
650
1126
308
830
208
524
785
200
1010
351
347
322
705
38
168
187
754
942
58
677
137
75
1173
167
247
76
381
35
272
233
1154
172
273
1258
1016
79
95
679
264
257
996
295
184
230
43
140
302
655
895
272
296
66
304
152
81
370
536
1020
191
82
340
371
275
799
154
264
254
251
284
805
231
16
218
486
1249
319
941
1192
161
624
894
254
144
141
138
119
30
4
156
102
136
743
1189
145
672
862
83
904
863
87
54
116
192
42
1012
810
177
21
19
27
150
260
861
882
954
45
919
50
55
564
684
92
28
113
875
62
361
680
147
197
313
114
120
178
188
934
99
405
406
198
407
409
410
411
412
925
413
414
394
449
321
166
986
807
346
281
392
128
1237
403
753
115
760
32
688
357
1236
1024
262
654
237
324
787
225
1241
33
25
267
56
1203
159
187
351
206
850
329
425
364
49
232
367
186
843
850
245
892
157
1523
21
33
52
101
28
47
26
104
68
760
706
237
333
1
15
415
17
55
16
37
1217
32
38
1123
562
959
31
29
24
21
8
170
56
1522
36
35
767
1215
238
205
740
439
10
198
284
74
204
1179
73
100
485
154
150
297
42
441
507
337
33
313
171
239
105
118
353
206
252
263
50
343
95
282
159
526
632
358
47
774
587
160
104
713
801
297
317
58
34
477
294
360
1010
102
20
898
310
109
816
60
70
26
121
529
172
349
144
1006
153
53
181
29
860
912
832
182
40
184
433
186
190
1244
193
196
199
157
948
1103
181
679
201
270
99
44
56
1159
1126
203
277
141
231
666
501
707
4
205
829
208
286
210
287
922
211
286
711
645
848
212
214
707
900
157
333
266
398
111
217
219
221
46
721
224
227
229
976
226
232
235
39
245
237
290
356
24
134
44
480
231
239
348
367
31
142
357
12
242
245
787
861
39
799
1235
214
247
786
655
126
785
196
15
249
96
93
974
272
664
251
255
122
712
828
257
81
146
259
638
261
367
165
191
125
262
1042
1044
86
250
258
267
307
41
2
450
775
151
464
116
35
885
52
1008
982
443
311
878
104
965
152
46
653
268
30
269
512
186
579
275
218
312
845
883
277
1164
824
747
76
641
209
847
279
927
955
911
920
28
280
858
37
240
283
132
166
365
354
285
6
287
350
292
321
253
279
107
299
13
118
265
298
301
2
794
175
699
1092
1111
1067
227
685
992
547
3
1549
118
1011
31
74
139
433
72
143
64
64
50
16
1369
23
73
579
1334
1225
13
38
99
139
61
338
261
1720
40
42
28
1794
12
60
102
968
58
19
24
46
89
829
7
69
83
1
84
33
28
522
5
959
711
22
46
292
48
67
227
630
278
1149
139
551
331
501
498
319
260
564
227
188
51
246
789
286
692
184
4
89
42
218
65
249
43
48
1401
1601
81
204
254
222
91
60
1612
187
339
134
168
171
115
202
159
1388
104
1920
38
188
166
41
153
362
1878
95
849
1
49
54
1395
1403
418
1121
1
4
841
1937
9
1185
23
1426
976
814
22
17
1
2
1663
1723
18
2128
15
1497
3
519
12
10
213
37
54
5
28
529
772
2
30
97
96
199
123
22
333
32
1377
309
239
1392
218
313
468
1952
116
206
526
180
367
40
703
9
16
717
1406
1728
518
26
230
839
37
1750
132
107
124
120
127
137
46
68
83
1023
1778
453
203
177
231
232
233
6
5
42
2
17
1684
2
172
205
218
1005
203
51
171
234
71
48
1542
146
167
1982
72
17
686
977
23
308
897
250
263
390
197
403
17
112
32
317
712
78
37
63
231
335
738
116
315
600
172
104
256
111
274
113
18
83
27
345
304
254
234
302
963
117
751
951
862
941
815
41
706
648
155
735
163
784
916
209
35
795
502
229
190
50
49
214
673
258
181
210
786
120
713
677
310
215
924
152
432
137
1049
158
958
935
347
354
68
725
399
39
862
325
249
1116
109
650
277
461
433
143
947
37
42
169
269
249
99
70
319
22
497
872
87
103
613
20
104
1063
96
480
340
994
785
349
385
859
360
105
901
213
10
963
170
540
509
656
499
897
49
156
491
916
365
651
108
247
157
218
24
297
15
2
14
773
17
45
82
87
1611
1041
56
85
445
1509
66
92
417
74
482
250
731
384
281
7
155
293
273
871
915
1297
11
1435
236
617
501
274
3
184
850
785
54
172
896
789
317
372
339
332
118
25
201
590
237
193
359
232
138
27
194
189
275
251
225
319
267
342
74
705
153
287
230
190
77
325
246
82
292
214
18
24
801
352
68
20
552
79
291
757
5
50
32
854
224
61
609
86
51
739
793
842
474
58
839
126
87
608
4
212
279
471
643
99
159
175
831
898
279
147
68
303
302
256
508
85
73
907
585
2
82
684
209
119
62
247
192
200
902
334
284
679
896
75
57
319
668
5
39
1321
19
15
34
15
63
131
32
61
2
13
668
4
6
1
29
33
22
2
1639
28
707
948
22
7
1495
129
21
1185
182
4
13
13
36
31
22
64
72
84
110
11
230
26
25
16
7
97
114
62
86
356
314
113
69
848
1280
53
409
34
1294
8
108
86
1536
99
304
101
91
54
170
447
15
631
4
139
1018
201
169
13
237
88
302
150
562
707
90
24
936
270
220
21
845
39
754
3
395
156
266
97
755
169
259
271
25
50
1001
4
71
22
56
60
39
29
524
279
1534
1
22
11
3
80
18
6
38
34
22
7
191
31
29
43
1699
26
3
103
160
72
78
60
120
168
41
11
53
1360
32
105
22
55
44
1392
762
163
86
34
95
73
72
1399
39
2
150
2
25
45
54
30
51
375
154
89
249
126
193
25
94
47
11
7
16
62
1555
1362
83
40
42
60
88
19
75
131
121
117
107
57
106
70
101
97
95
27
85
77
76
1246
30
10
847
12
43
568
1004
126
2
43
63
164
60
284
196
163
1870
259
131
119
1059
24
6
111
163
10
256
175
297
295
71
283
1841
148
134
1521
126
18
50
267
266
115
262
396
5
1168
290
82
136
970
343
277
182
48
153
150
204
110
1854
239
2
2
56
18
127
364
159
263
167
266
192
93
227
469
208
130
126
135
123
390
14
1293
104
237
287
233
30
15
159
214
135
1413
1579
1055
83
358
276
1218
230
5
291
25
129
74
21
160
174
172
968
410
673
502
587
167
70
861
125
134
43
327
134
183
186
110
33
193
608
839
674
949
56
314
109
235
204
349
120
95
149
89
507
4
38
12
2
135
57
139
801
61
606
416
30
864
56
1063
1194
65
399
141
59
959
171
424
634
15
523
693
472
459
122
499
350
105
91
21
213
143
10
61
131
86
102
151
948
109
219
1628
137
288
529
175
177
39
128
82
41
1819
1869
181
10
91
9
270
5
11
1
12
2
1
4
3
10
10
12
1
1484
11
2
1836
1747
13
12
1651
2
15
6
689
1184
7
132
673
1378
23
12
15
16
876
114
330
280
323
6
33
1608
83
2
254
243
83
97
1738
134
302
148
64
415
5
27
183
87
375
458
95
10
72
504
439
245
999
662
86
579
116
331
124
82
201
63
72
23
74
125
1026
1073
181
60
438
31
604
359
456
107
128
781
406
28
329
790
139
269
736
211
144
354
312
377
464
223
785
204
99
94
266
97
824
322
92
135
142
665
437
66
498
610
511
15
666
420
6
88
942
492
1005
489
318
889
474
416
159
33
820
765
179
301
169
482
624
14
3
2
35
134
87
9
38
147
26
849
41
883
5
22
646
24
1
5
13
488
10
535
23
161
1072
1241
67
360
150
139
1308
1415
1167
125
216
1676
1668
177
10
65
63
186
1723
1687
445
1658
1507
310
87
418
272
338
202
9
264
243
114
210
1358
327
4
271
146
1620
253
284
282
20
261
1249
1301
300
39
28
48
60
249
123
2
26
10
355
813
493
201
73
509
68
910
566
430
280
268
734
160
573
646
303
268
77
629
393
629
47
64
35
377
53
1
3
45
218
623
54
62
944
840
547
616
324
581
49
584
265
471
240
400
10
741
12
180
491
143
412
135
829
285
450
502
731
964
486
37
496
1161
5
864
527
1
6
2
3
4
1326
62
88
51
50
1284
1937
484
60
877
400
350
2
92
31
5
346
95
250
14
12
33
178
177
23
41
7
137
21
72
524
1726
262
11
1231
135
413
117
265
39
273
261
280
294
303
79
1272
74
14
362
1301
1621
458
768
1269
886
407
470
414
90
375
113
9
12
1
173
120
21
160
35
10
4
100
163
44
43
119
8
15
401
11
415
227
222
14
8
1
75
101
1
8
66
53
65
39
3
593
1455
1049
1219
639
357
277
1664
435
426
384
401
224
771
99
28
1584
413
3
188
229
1346
237
266
272
161
92
373
132
1760
348
358
1943
156
385
4
411
1950
149
419
349
10
276
51
95
104
107
83
142
160
303
395
263
194
681
168
202
1597
577
214
30
440
345
1301
97
1052
783
315
416
1257
294
310
724
321
341
360
1612
371
77
9
427
434
6
398
259
262
558
264
516
143
531
180
366
1
29
57
690
28
101
566
28
86
1
2
179
572
27
1280
1212
192
87
1241
1235
1193
158
69
1135
1
16
103
167
214
125
130
203
765
204
202
1393
33
1127
58
77
135
99
101
89
174
68
60
147
1110
37
85
79
52
53
454
14
671
1300
826
1148
26
41
1023
921
29
366
96
6
42
9
15
598
746
1116
30
714
73
400
280
98
92
1542
1553
59
155
491
583
101
549
2
515
653
361
179
109
652
99
1
177
458
1
40
68
942
90
477
1
1558
359
105
1110
167
767
44
1
1557
191
1249
271
145
455
28
1
4
97
404
254
37
101
207
227
1943
376
2030
323
937
29
1207
173
99
2091
1004
275
49
122
1296
1780
245
200
385
400
128
1219
459
224
773
39
240
674
5
348
721
733
868
534
317
104
67
11
368
13
179
154
159
230
189
190
337
42
213
324
233
14
279
144
294
1138
326
272
330
63
363
355
382
386
27
612
28
1833
2069
1251
18
42
23
43
333
336
1775
340
2106
3
343
347
421
1355
349
528
2
71
95
1061
170
63
25
31
73
368
1442
72
118
149
951
898
1036
1
25
18
11
25
13
11
11
1
8
1106
19
408
651
690
416
28
1
2
14
9
203
496
89
169
49
282
243
517
2
79
223
52
24
380
59
1108
194
1
1
22
38
652
494
398
762
597
3
508
229
61
501
143
1066
45
482
185
660
497
23
527
101
453
313
1355
100
306
250
272
281
73
1267
782
1171
295
1036
4
225
350
101
429
488
373
495
29
341
117
22
1020
292
381
300
405
17
195
289
15
77
351
776
149
1141
1143
38
139
503
416
67
730
39
265
1376
156
201
98
748
2
9
27
44
17
1612
980
60
1519
29
17
8
3
47
48
6
10
1
34
6
17
52
135
1527
230
56
113
204
1112
450
4
418
32
1
12
17
4
16
30
49
36
50
30
1398
20
1295
1
3
126
454
455
112
313
406
3
456
87
457
192
22
777
779
172
48
459
460
132
67
461
462
868
208
114
199
182
1041
108
463
190
464
41
184
32
163
228
556
465
103
61
78
980
466
447
200
810
1113
157
370
1260
389
254
313
84
119
467
98
896
950
1007
1086
431
1095
960
851
70
128
18
596
127
124
322
47
283
469
440
1306
147
470
335
95
96
98
144
13
723
737
97
719
142
215
305
357
280
905
80
1261
717
194
644
392
190
197
356
170
939
967
359
394
239
795
316
330
207
1222
1054
109
875
320
468
969
151
247
1056
202
62
1092
822
352
29
27
11
111
399
104
816
82
36
449
1209
233
580
517
582
212
106
909
335
435
84
616
363
110
224
201
288
43
395
289
329
8
354
117
71
433
75
291
942
167
434
384
232
295
236
539
75
437
252
468
213
206
413
38
429
441
443
1208
873
241
444
285
677
195
445
419
222
135
446
447
290
204
690
293
191
68
963
818
315
94
1323
511
25
354
24
448
838
253
450
363
403
451
8
59
6
124
120
452
151
453
122
118
339
356
158
1271
52
1739
911
249
35
215
256
361
266
78
723
183
435
428
211
34
184
89
128
216
218
1194
225
14
461
93
98
1733
300
290
270
296
206
160
20
1987
1080
3
1221
1237
90
761
41
523
39
221
911
728
145
766
7
9
1025
72
1341
2
1550
8
8
9
1266
370
3
2
7
2
5
832
2
90
1482
156
423
4
5
107
65
603
64
326
245
44
256
138
246
328
638
227
182
198
133
9
249
72
16
121
321
12
118
10
199
631
815
313
221
234
228
265
86
264
54
670
119
108
335
102
743
110
999
582
262
77
30
141
1094
196
140
7
18
288
8
47
7
998
1
1
28
1035
911
10
244
47
543
533
541
2
14
9
1
12
9
8
10
11
2006
13
956
2042
1577
3
1422
11
2
2
22
9
1645
61
79
1
1
2
696
247
35
62
36
552
236
166
63
1305
725
577
1299
719
711
83
105
1335
1380
84
1378
1163
339
711
1033
266
929
167
270
42
185
185
193
187
197
709
701
387
95
389
23
221
369
933
3
76
81
141
261
80
68
4
46
225
269
264
696
946
87
120
74
45
38
49
72
194
79
1377
1375
48
70
40
66
6
43
1148
37
22
1085
920
47
1034
1220
129
127
13
105
1803
882
40
29
148
892
53
98
1063
834
83
64
1118
72
1
1145
85
5
245
97
27
9
6
664
4
646
662
14
86
10
7
2
152
62
143
25
274
24
149
20
935
79
1034
19
18
196
458
261
45
84
711
15
835
130
59
840
25
819
139
2
608
17
2011
110
53
17
52
35
6
281
2
1157
161
315
315
1146
1468
110
66
225
182
113
151
421
7
76
43
40
12
1335
1292
1267
167
39
50
48
53
12
1332
75
1896
913
33
458
75
484
411
410
4
86
86
937
228
340
10
461
551
435
368
1034
811
920
815
1066
508
460
416
403
457
1074
13
641
10
1
39
99
190
61
60
58
128
805
1414
1048
1087
707
813
933
1211
41
1
665
399
1936
609
539
220
558
839
443
661
336
530
107
309
766
330
335
65
1256
31
531
39
815
332
323
199
1186
605
611
265
281
851
472
878
450
437
450
14
371
67
128
85
78
1393
46
621
523
1380
605
164
237
125
1147
100
163
66
1419
55
174
179
178
35
411
94
22
393
623
573
1145
453
361
78
782
396
42
641
347
63
796
535
146
291
207
155
687
284
602
329
870
445
48
34
713
100
886
883
395
265
223
298
283
115
186
3
42
483
630
325
268
6
540
328
44
556
252
626
352
552
538
52
559
394
971
504
896
472
405
677
460
73
823
327
620
320
482
593
582
200
309
773
706
177
506
661
224
527
1020
640
526
1254
526
458
301
403
659
648
524
341
246
2
149
55
216
1505
167
142
1493
587
295
21
1
2
1
72
44
85
165
33
352
594
505
1299
540
343
434
56
14
1923
160
169
190
674
652
618
1
94
1534
1597
164
124
48
1
1
352
1724
45
286
1549
210
266
1675
1672
392
213
316
8
179
506
345
101
27
75
6
28
446
375
418
1697
121
667
1
3
1
127
445
329
390
158
69
304
1
65
447
130
2
93
512
2
43
358
632
385
390
268
22
16
2
296
211
57
1489
171
165
14
78
60
80
245
380
311
142
592
361
661
293
570
256
430
18
3
261
1776
100
1805
91
15
67
27
6
222
83
569
271
149
495
20
3
3
22
66
82
526
1
17
57
16
177
85
1601
808
1438
56
78
90
752
901
174
176
19
320
550
560
489
541
551
436
583
169
218
160
1
15
1
373
346
128
1741
13
98
232
1
457
1
129
768
10
403
162
63
91
671
515
87
69
219
559
794
472
259
337
838
264
156
59
663
507
79
2
17
21
19
20
173
581
679
35
48
1265
1244
132
45
1150
4
151
112
1110
667
1120
356
4
214
352
202
362
62
934
334
161
296
152
312
392
455
230
235
331
1
1283
1597
23
58
532
819
1003
8
10
7
517
1133
17
108
6
15
292
302
1080
11
16
457
13
17
142
51
133
543
1
1
459
124
7
489
69
1109
1
49
33
212
74
6
18
117
39
41
105
4
204
464
573
1108
438
142
1
5
1
15
220
22
44
43
29
116
587
477
1817
2135
21
1
537
813
4
91
111
148
596
970
95
393
116
1138
150
450
352
176
151
104
92
200
112
25
347
181
255
239
192
156
152
201
81
61
80
237
44
125
118
116
161
1
3
452
199
121
419
413
334
776
69
60
235
68
378
86
125
33
2
10
4
1
21
22
20
4
68
5
475
160
30
183
222
75
1
159
91
238
26
36
2
4
16
92
656
1
61
58
303
444
324
172
594
580
249
288
14
1007
627
622
72
1141
1
20
585
1
167
64
170
120
533
1399
56
147
14
322
57
285
374
1434
473
1196
612
136
34
190
560
81
188
2120
86
31
1726
207
143
168
38
974
2
258
3
53
275
236
2028
1
9
4
506
90
685
2
14
11
241
322
82
43
307
134
242
304
5
429
2
70
25
260
35
29
78
196
82
192
48
87
187
69
93
119
181
10
3
53
27
8
953
24
1413
1307
96
58
160
13
240
34
80
1056
926
174
281
660
286
395
445
582
86
93
91
569
1003
562
572
4
339
58
64
43
77
313
151
13
302
527
537
7
39
20
48
716
755
481
222
496
206
282
268
185
46
87
1068
111
70
174
344
95
330
90
325
16
9
64
10
9
30
182
2
217
374
64
58
274
72
272
215
206
14
129
79
50
154
194
39
1
2
955
168
5
3
29
715
538
320
547
267
314
238
512
221
325
591
782
14
131
3
183
281
284
13
255
129
259
349
149
271
27
28
263
267
270
32
242
60
273
85
73
276
242
8
1
249
130
1
52
4
4
75
896
390
542
602
599
596
134
590
589
588
586
584
618
91
582
580
576
276
71
573
321
571
569
1
2
3
3
