212
145
45
1
3
147
108
222
290
2
166
168
133
10
49
13
189
3
9
162
20
26
4
71
88
30
15
15
28
24
23
36
4
102
6
11
108
111
115
74
38
45
73
21
7
21
48
14
78
149
55
152
201
3
159
116
177
249
41
33
176
93
181
12
258
263
13
10
105
80
15
210
6
25
66
212
215
188
17
220
46
44
10
8
50
43
163
3
90
2
127
28
73
180
47
68
66
129
43
7
135
141
113
109
21
6
99
96
12
137
55
179
37
64
93
49
4
69
4
231
72
25
99
7
103
165
17
34
111
112
29
34
4
61
74
16
1
42
169
12
45
173
29
5
26
61
39
29
62
63
8
4
18
89
6
26
25
93
161
121
17
8
48
40
22
7
47
3
39
3
37
47
4
129
55
10
87
197
183
6
271
272
188
78
227
40
2
33
1
238
27
8
256
45
100
222
37
238
56
320
7
108
85
325
8
150
173
141
7
235
54
161
29
139
4
138
1
76
244
160
5
238
107
9
87
83
69
177
33
196
46
151
6
77
134
206
204
19
315
151
310
8
87
49
232
7
70
72
67
1
79
280
271
37
250
108
3
2
253
260
261
213
130
285
76
58
141
148
44
224
18
227
113
209
174
171
168
3
41
140
186
247
29
194
1
155
26
250
38
27
29
1
25
31
49
16
218
32
4
2
1
2
122
129
315
139
64
149
105
152
48
199
10
6
137
143
209
4
254
184
241
67
72
138
13
47
61
208
10
218
219
109
18
94
139
178
42
176
4
46
158
157
156
2
55
63
119
116
3
7
101
157
57
65
69
139
255
4
114
160
101
107
239
15
240
260
235
63
1
107
126
41
19
4
108
137
139
4
143
150
134
22
134
131
157
8
132
2
31
160
158
244
241
6
271
260
1
139
175
183
36
188
11
180
173
125
5
194
14
219
222
225
229
167
9
13
25
151
175
10
149
246
172
6
12
249
37
3
92
22
240
1
142
69
139
7
210
30
34
1
205
140
73
11
66
224
20
131
54
134
8
75
29
13
92
34
2
142
1
60
70
31
128
24
63
6
108
198
4
71
233
9
49
10
201
197
118
113
11
134
5
35
110
81
1
74
83
84
81
20
62
135
35
88
92
29
95
112
17
111
34
36
41
25
48
16
53
59
60
65
51
11
58
6
107
9
97
98
39
65
77
26
7
136
91
29
5
6
48
6
1
1
16
3
25
23
22
17
45
3
23
50
73
1
2
3
50
42
96
8
24
6
85
9
81
17
10
36
24
4
54
1
9
11
14
4
12
43
44
2
18
21
9
3
66
2
54
5
56
38
28
71
39
10
72
32
28
17
26
2
43
32
37
5
41
34
29
1
51
58
36
54
9
5
40
42
45
31
17
7
20
7
30
17
23
15
22
106
5
75
10
87
3
58
12
191
164
3
144
105
14
18
253
104
87
191
49
125
114
11
199
102
256
21
17
112
7
13
103
4
129
172
26
3
223
162
7
133
131
123
120
7
102
5
84
190
39
77
14
52
143
95
142
27
120
32
66
104
242
5
85
167
160
40
155
94
17
10
44
99
45
215
212
6
1
139
209
13
144
120
14
32
138
138
141
238
235
106
172
160
1
6
223
261
220
60
209
69
76
5
150
165
172
98
223
6
148
13
9
239
315
4
296
318
238
241
62
231
75
5
327
104
232
278
16
107
189
126
14
313
98
314
18
35
254
142
211
18
93
185
23
184
1
59
180
124
46
91
22
251
85
335
240
110
339
342
5
235
44
201
136
155
4
7
4
4
229
207
227
323
13
9
273
6
10
211
231
4
24
117
10
318
218
282
24
223
12
27
124
129
16
10
277
307
49
233
231
209
14
54
198
134
29
126
11
70
193
255
215
214
2
125
250
33
88
167
260
249
99
79
145
328
20
141
266
298
235
294
127
376
1
205
267
27
349
40
343
145
27
129
7
90
150
122
117
127
243
50
1
36
9
34
143
95
277
5
70
62
273
297
352
186
9
354
355
6
223
170
227
106
133
58
122
100
59
7
113
84
6
29
34
16
42
46
4
47
30
269
103
14
9
131
44
57
43
37
104
123
126
9
34
80
110
75
16
139
96
54
260
1
68
255
169
170
152
251
145
135
141
40
342
339
223
3
27
6
286
261
14
290
280
176
267
312
17
56
197
104
361
35
242
224
221
45
8
142
139
126
143
67
210
8
247
252
254
337
27
218
37
12
3
98
8
5
262
40
187
28
263
102
305
296
3
230
221
115
2
225
227
4
25
73
184
11
262
121
17
258
216
267
261
204
11
191
43
18
197
5
195
193
208
49
26
214
44
118
160
164
15
156
10
172
224
107
279
7
16
26
64
169
166
10
185
46
5
30
332
325
10
7
230
253
236
162
74
5
121
224
221
13
102
47
61
5
50
97
30
17
8
13
18
2
11
16
4
3
1
37
4
15
1
30
25
22
326
44
225
5
162
241
84
61
2
78
93
224
104
1
7
60
6
173
51
145
227
330
241
17
12
16
107
117
83
3
233
92
4
245
182
230
140
220
170
241
130
243
4
5
161
156
125
83
8
120
3
1
255
251
252
22
38
22
87
64
201
104
203
5
232
24
11
6
19
4
77
81
51
136
138
53
1
1
20
3
22
12
87
84
285
4
374
291
32
278
16
8
282
10
93
231
294
4
148
223
6
221
38
153
64
48
12
127
7
178
7
348
124
7
103
7
36
275
107
240
376
2
341
131
130
34
378
35
167
1
141
11
5
371
217
311
315
272
6
318
63
131
114
119
274
10
183
166
121
197
5
209
64
157
350
15
265
92
51
357
106
171
45
161
362
144
163
146
85
61
182
355
256
134
214
208
31
6
380
102
181
374
381
177
211
3
123
134
59
1
183
153
152
4
181
193
69
165
4
44
5
67
203
117
109
30
83
23
4
107
77
159
81
104
110
28
63
6
4
89
15
75
111
92
2
175
245
157
1
6
176
209
210
152
94
20
114
13
69
68
208
212
192
16
104
4
150
167
62
151
185
196
144
39
20
201
193
16
214
158
118
164
143
156
3
18
8
153
21
6
146
58
63
145
169
102
179
13
164
5
171
125
32
10
67
5
66
52
174
137
4
163
10
190
72
105
122
115
22
215
84
62
2
191
176
39
244
149
238
177
4
88
63
152
15
8
95
110
71
2
108
17
203
8
33
244
192
134
186
22
145
57
128
85
39
149
108
265
10
80
252
21
202
183
102
3
2
282
193
207
35
220
51
128
316
26
317
6
150
314
34
2
212
321
99
5
106
111
116
6
57
253
134
130
1
242
50
135
154
149
23
66
209
126
199
126
90
83
94
62
4
240
1
71
190
6
155
76
54
43
162
216
5
125
29
161
72
12
112
45
21
17
84
89
128
150
101
28
107
6
257
4
188
122
107
45
26
270
4
152
57
186
89
25
149
16
191
180
269
6
135
96
6
62
143
8
130
201
199
54
68
72
82
3
209
89
126
4
188
184
20
118
231
235
108
120
65
95
87
99
103
137
141
143
76
7
11
125
150
4
41
166
120
115
205
37
86
4
129
219
83
33
2
44
38
156
4
103
71
123
146
8
154
15
96
34
109
73
92
156
4
144
148
108
20
26
101
31
45
98
24
60
74
58
91
74
134
2
14
19
3
136
135
7
117
22
155
48
85
57
5
151
34
59
11
146
39
14
106
70
87
99
104
107
109
113
49
46
165
154
170
171
97
232
7
59
82
12
8
3
242
203
54
8
264
37
161
64
195
5
137
64
186
10
119
73
9
147
83
78
182
1
141
2
142
183
184
57
37
156
4
38
94
11
19
208
211
213
203
5
149
167
214
215
81
22
57
4
85
7
77
125
6
73
63
51
39
14
129
49
111
105
36
75
12
100
96
144
141
2
49
48
145
7
38
35
176
98
207
4
45
102
47
14
224
79
43
50
228
65
62
22
5
136
47
11
99
150
156
36
129
115
52
104
234
232
238
233
159
4
139
117
48
196
49
42
44
185
88
37
143
79
133
91
7
99
105
112
10
96
116
122
113
52
42
16
80
74
8
14
150
62
67
185
82
187
4
129
20
105
104
9
6
73
73
82
74
56
5
40
3
10
105
71
34
67
2
93
37
82
142
143
144
69
145
108
119
101
118
12
154
88
1
60
5
75
19
108
116
68
14
17
59
73
26
32
29
37
68
34
3
61
54
6
103
12
26
34
8
79
4
6
130
83
65
75
35
85
3
4
60
10
73
63
70
6
64
70
123
58
129
38
68
137
7
25
42
3
7
70
34
67
10
72
101
127
12
94
27
25
67
68
69
37
41
28
60
52
58
11
21
51
10
52
63
5
44
28
4
40
6
43
42
15
6
39
11
8
1
70
76
36
5
50
9
10
34
11
22
6
4
41
49
14
17
3
6
12
15
7
6
4
13
11
3
9
6
7
4
12
3
6
13
8
20
6
6
26
43
26
12
6
37
58
14
48
5
72
73
29
5
21
18
8
9
10
63
2
16
30
47
107
59
58
15
35
30
57
70
46
78
4
42
34
7
68
8
107
108
99
109
12
107
112
104
29
10
61
92
60
67
31
39
43
5
60
50
2
57
58
29
62
61
53
5
3
21
11
7
11
2
30
6
102
40
14
46
6
108
77
71
78
20
1
99
108
7
91
39
75
83
78
24
135
24
79
85
90
96
5
109
6
100
66
38
98
34
114
95
35
96
80
57
2
87
69
7
56
8
87
133
59
12
84
45
60
6
71
90
94
47
36
65
107
12
30
7
83
8
99
77
35
50
96
92
66
11
45
6
22
6
46
50
3
56
40
27
4
25
4
21
64
22
16
12
13
65
25
8
9
28
1
33
19
23
18
2
4
5
54
3
1
7
84
15
5
153
3
28
32
26
39
67
8
82
26
1
134
125
6
75
15
78
93
3
15
60
81
87
89
3
172
178
12
18
104
106
131
10
101
7
92
18
103
133
80
76
47
131
6
35
29
22
82
1
5
85
26
113
115
4
110
46
59
113
3
72
79
80
67
59
28
7
31
37
66
24
63
68
36
34
78
79
73
42
31
6
20
35
79
66
108
18
27
48
58
4
106
24
109
62
23
82
27
97
13
99
102
107
16
108
14
54
47
11
54
14
38
61
10
128
131
16
111
113
30
26
47
18
42
94
23
117
3
153
114
14
205
207
210
97
71
240
242
92
50
14
8
38
45
147
14
29
57
65
184
35
61
161
78
78
80
67
6
145
143
162
2
109
247
144
150
153
157
5
174
141
147
2
65
119
1
114
4
29
194
190
37
171
198
175
115
191
79
39
121
4
121
8
104
69
200
154
147
6
67
119
5
88
95
37
116
124
128
17
82
6
39
23
141
28
187
4
168
29
229
217
4
219
59
98
157
211
128
11
166
159
24
168
140
58
4
117
112
3
10
272
158
82
144
9
31
88
145
1
132
129
14
43
219
186
20
51
135
3
164
91
4
183
52
203
230
222
10
14
62
66
70
141
7
8
120
122
81
9
129
134
25
5
157
68
113
136
210
4
1
254
176
134
33
182
139
166
21
195
140
100
5
10
161
32
166
12
162
139
72
97
188
95
5
112
106
44
39
144
169
116
122
49
24
75
10
66
13
164
8
4
70
94
9
103
16
88
99
15
222
65
168
8
103
80
260
90
92
97
2
135
129
115
31
208
200
22
156
4
8
230
142
67
104
3
114
95
215
205
163
50
171
54
54
107
19
83
95
2
132
145
130
135
148
38
5
25
22
125
11
80
143
13
34
3
204
3
198
71
130
71
145
171
4
83
45
11
67
41
145
35
195
10
147
70
29
2
74
316
304
23
1
28
96
113
116
187
103
12
249
31
317
5
70
29
129
124
2
65
65
134
41
1
177
93
241
40
52
66
238
78
133
4
7
89
108
2
104
158
156
85
67
136
74
71
51
11
1
2
161
136
162
135
155
160
32
54
109
11
16
66
99
110
144
9
112
117
120
125
10
148
66
142
216
7
219
62
183
19
3
198
121
4
188
92
85
260
206
202
94
217
254
255
256
37
216
4
262
96
63
256
183
185
4
252
259
179
99
30
227
223
114
122
126
11
174
6
3
160
12
148
141
186
69
65
178
171
6
48
8
206
146
8
131
136
140
144
148
9
8
21
60
129
29
121
8
28
229
4
26
221
230
18
77
13
164
35
96
101
137
283
136
356
357
198
66
280
5
233
121
126
62
193
187
76
250
5
3
123
348
194
345
122
339
368
197
253
1
76
71
183
355
4
80
1
230
1
63
88
172
272
273
276
8
21
143
196
193
183
136
223
7
157
3
137
205
127
202
237
130
102
1
59
239
218
376
229
68
95
122
118
150
3
149
9
76
17
180
43
26
221
4
2
88
93
33
6
185
176
108
200
173
194
208
215
121
183
179
1
23
241
361
6
28
247
226
150
213
10
6
355
194
135
190
207
81
253
161
225
223
5
229
10
225
320
198
25
4
106
23
367
197
5
13
45
160
164
209
159
13
214
173
353
203
15
182
122
6
197
259
9
51
306
274
4
57
28
134
252
2
211
133
270
177
36
22
62
137
44
188
137
3
310
75
68
313
72
198
10
199
64
128
194
220
214
130
58
5
313
283
274
4
245
20
6
197
264
281
162
5
191
109
173
102
105
231
87
113
123
127
130
2
225
11
98
25
25
99
84
42
200
5
221
194
42
227
9
5
278
207
172
49
137
56
35
298
263
276
307
311
269
123
4
311
279
69
63
14
38
141
307
24
20
244
212
24
9
123
211
375
13
134
212
288
282
5
255
382
172
2
147
190
37
5
110
182
303
99
99
100
102
241
3
145
22
265
260
5
355
356
162
46
148
21
301
303
62
92
318
56
30
62
5
74
242
19
6
128
18
84
174
88
252
198
9
239
62
245
173
37
17
11
88
86
153
201
1
358
3
204
207
209
17
162
224
231
179
31
216
214
144
177
5
180
85
56
41
213
182
45
38
1
49
3
55
60
122
3
24
165
127
105
100
132
134
5
335
147
19
210
28
69
10
74
64
3
162
192
195
105
53
101
48
201
178
7
11
225
1
39
45
97
269
49
44
270
55
45
52
139
6
5
96
11
191
195
17
67
65
3
191
214
158
184
12
15
44
186
192
4
157
17
212
226
6
161
208
231
166
108
36
5
264
8
59
5
123
268
4
28
25
206
239
155
156
97
22
5
176
31
106
73
161
180
3
7
82
177
4
181
184
130
10
209
1
132
137
7
201
217
170
8
147
8
16
14
51
217
2
123
201
201
255
260
27
4
143
265
7
112
125
2
67
131
37
153
12
33
31
121
7
59
22
125
129
1
128
164
1
129
131
53
1
166
163
153
149
152
98
44
4
170
5
176
10
53
79
5
131
134
137
10
4
146
84
144
6
89
82
104
80
4
44
98
85
83
1
50
81
28
3
48
155
30
157
41
14
68
56
3
39
4
92
98
10
96
83
94
38
96
13
97
102
67
67
110
109
122
5
117
121
4
174
56
8
66
7
170
122
173
94
102
130
2
29
4
141
4
106
67
158
23
145
74
2
36
3
38
191
186
178
52
42
152
206
181
49
114
185
194
24
72
190
154
6
209
5
28
141
60
39
172
183
55
214
29
22
147
10
103
95
9
46
4
250
169
209
212
38
270
24
215
90
218
74
46
259
192
28
1
266
69
6
103
9
6
11
48
44
189
90
229
232
238
241
65
96
43
59
51
40
20
170
175
3
179
46
77
23
68
234
26
22
49
41
127
27
250
81
91
98
52
105
39
155
4
19
261
5
27
135
15
265
7
156
5
146
26
90
73
104
2
152
142
44
169
309
38
180
40
265
127
160
165
129
8
138
20
100
49
3
99
192
261
254
193
57
250
7
135
82
140
14
97
99
1
273
2
6
127
131
134
237
132
239
182
235
77
146
96
127
17
8
90
254
30
366
104
6
108
5
285
23
317
161
242
196
7
206
329
211
116
115
276
65
201
3
78
86
7
81
112
17
160
100
98
181
75
1
181
71
69
302
31
185
97
288
4
142
150
270
265
146
171
39
318
319
3
150
5
324
218
39
282
10
142
243
146
160
65
274
251
224
59
12
4
148
124
227
100
5
250
57
125
159
265
3
25
4
198
228
100
152
224
246
250
178
10
102
5
211
143
231
134
2
133
26
141
117
31
33
34
48
7
185
4
84
104
89
206
13
207
211
210
94
4
224
163
10
51
198
229
233
225
61
317
5
318
225
65
234
5
141
228
232
73
126
63
167
203
2
138
246
41
12
6
185
189
187
168
134
193
246
57
4
65
21
69
6
279
268
241
24
320
276
119
82
144
4
221
25
101
237
21
95
12
272
220
4
70
367
208
211
202
2
380
6
117
126
230
221
219
4
152
155
9
150
155
8
28
305
13
373
220
216
254
255
177
211
246
13
9
157
6
138
259
43
124
255
30
36
1
42
53
60
77
53
336
82
53
12
266
23
289
35
294
6
35
293
264
6
36
98
95
5
58
175
141
4
258
228
32
216
92
104
117
10
66
290
200
1
2
164
1
222
186
178
43
1
3
27
166
2
34
42
68
355
4
165
161
67
151
35
327
117
7
121
127
272
55
240
152
91
7
68
58
43
24
58
3
7
28
77
95
7
11
85
86
47
241
243
211
16
155
4
230
79
90
3
177
48
83
70
184
165
126
69
219
11
12
2
82
215
221
226
229
26
185
2
196
233
141
11
18
147
153
132
6
134
137
12
147
118
72
135
7
148
40
6
36
3
29
2
5
36
41
6
31
4
1
15
19
14
21
51
53
7
11
5
3
82
83
49
84
48
62
56
21
66
18
3
22
12
4
7
76
71
78
63
70
2
134
65
139
28
346
334
140
203
184
222
110
201
368
187
27
287
74
146
3
60
38
53
3
103
6
226
10
276
280
20
98
43
41
3
354
232
343
14
201
6
11
249
368
236
51
356
111
23
9
207
212
63
65
10
235
223
2
222
48
166
58
3
358
58
10
45
301
115
182
108
7
110
300
57
39
149
26
297
315
5
79
198
11
282
213
206
3
68
168
6
244
7
281
66
6
313
318
321
85
167
72
3
168
234
1
164
169
170
171
172
77
179
185
5
17
52
73
3
82
87
94
4
6
230
127
168
139
330
186
337
224
312
69
52
377
5
218
242
2
246
108
84
6
92
275
9
201
198
28
301
26
65
246
2
122
247
26
84
3
87
18
206
209
134
31
148
5
151
7
5
9
6
103
102
8
94
17
123
98
8
229
254
249
256
257
251
6
156
243
3
237
241
91
1
257
3
102
104
11
55
21
13
258
111
103
118
3
259
253
4
244
260
261
262
249
3
3
123
129
10
127
1
110
117
256
36
1
17
72
28
76
1
307
299
6
80
89
97
48
4
21
122
308
88
101
174
97
61
58
2
112
183
145
186
214
5
122
223
59
115
35
19
5
17
10
76
11
6
2
16
2
1
86
11
25
2
52
2
34
5
3
16
135
204
34
130
199
310
2
7
60
73
76
87
3
83
81
12
40
80
13
63
8
86
2
57
66
3
91
8
44
3
21
81
15
73
6
46
5
67
7
113
159
70
104
142
154
5
214
216
106
20
102
41
107
5
193
65
1
309
3
337
333
328
39
136
193
5
172
83
232
27
236
241
5
56
7
89
113
380
329
4
171
3
73
106
235
6
194
232
173
213
208
210
1
232
233
234
58
179
152
9
197
375
1
162
2
151
70
1
175
356
178
183
92
115
3
21
5
123
116
39
11
175
152
169
26
37
3
137
40
229
9
143
49
2
254
103
12
139
4
260
100
12
247
252
206
322
12
128
376
212
377
249
14
196
12
201
343
65
67
27
1
86
84
80
2
66
87
192
41
99
97
37
101
122
5
200
348
127
4
62
208
61
220
1
126
6
2
50
1
306
1
68
194
10
153
11
3
194
196
381
1
259
112
4
11
8
193
263
266
46
270
195
107
4
181
194
117
201
66
11
166
204
164
213
122
153
5
224
126
9
57
45
202
4
189
160
220
12
261
262
303
10
288
10
204
114
124
247
233
237
240
89
144
21
83
311
10
263
14
7
1
232
225
196
288
12
145
214
1
283
51
18
169
4
325
330
200
10
188
124
158
237
190
307
63
97
34
250
232
32
135
65
282
2
270
3
273
8
67
198
174
65
80
78
208
2
6
147
173
85
151
179
261
256
228
224
13
258
326
52
199
4
176
290
119
24
59
125
130
40
114
79
13
216
154
39
181
17
102
266
67
105
132
295
293
7
167
35
38
6
352
124
349
102
294
177
22
300
199
1
214
179
185
190
2
93
68
120
6
86
226
3
154
158
155
265
261
5
82
78
89
92
225
83
2
147
151
156
2
142
87
23
230
225
81
10
151
85
54
90
62
64
171
127
145
176
267
242
7
103
91
202
6
256
12
279
90
19
3
137
171
173
175
9
174
93
85
274
13
39
97
238
173
176
179
1
2
181
58
231
239
6
240
114
6
21
146
127
159
179
6
19
184
26
60
173
5
15
172
237
239
6
66
35
155
78
141
138
6
116
30
110
104
103
42
2
118
10
121
142
15
112
113
114
2
12
150
213
5
128
216
7
164
63
6
91
143
3
28
138
141
143
173
1
20
3
45
118
67
142
128
123
8
214
5
152
135
97
131
117
116
9
48
156
142
30
127
131
136
1
67
135
129
53
23
38
136
2
52
55
50
5
109
111
69
66
105
70
23
61
7
108
59
62
90
39
7
3
5
66
67
66
75
181
124
146
4
36
115
57
74
177
182
88
290
12
225
36
278
88
65
82
5
80
11
89
97
52
101
160
105
153
155
1
4
125
120
10
86
194
183
208
76
214
29
1
272
267
114
122
7
244
149
24
36
236
15
134
136
6
96
121
117
217
17
221
224
21
126
185
180
3
121
108
1
91
294
266
216
263
23
6
83
271
79
80
83
8
2
46
34
26
49
104
12
230
237
171
3
242
3
48
55
60
7
156
243
244
245
68
149
153
3
140
69
1
160
14
51
93
42
263
5
272
273
122
171
161
2
80
213
162
30
183
170
12
138
182
16
3
139
128
238
213
108
185
56
175
207
13
6
145
107
30
120
46
78
121
6
139
48
56
81
5
61
76
17
72
84
53
24
172
155
60
153
119
2
8
12
154
6
58
68
89
5
39
150
123
207
1
203
14
7
134
137
208
4
13
88
209
174
54
175
182
158
154
184
111
7
134
51
80
34
140
145
180
176
102
108
115
4
249
75
118
253
244
71
74
199
68
79
195
104
113
1
233
162
159
155
182
95
3
70
61
163
73
166
165
3
87
83
14
184
7
3
96
14
84
239
240
134
19
172
4
97
90
101
28
7
171
96
175
166
12
3
220
168
173
175
46
209
204
88
195
150
191
18
50
86
11
16
167
55
64
21
52
61
5
44
17
154
156
20
27
15
93
160
91
3
243
139
135
126
116
246
7
15
11
293
1
10
178
83
176
7
145
278
140
4
135
38
95
7
19
6
257
114
115
3
211
237
90
44
170
216
2
96
10
209
6
91
211
8
58
61
72
81
3
225
244
93
204
4
43
46
58
6
142
46
104
93
111
96
94
1
235
143
65
15
5
144
56
145
140
41
167
160
147
204
5
122
79
154
139
192
145
67
198
69
117
120
125
131
15
178
59
71
102
157
10
114
226
59
210
7
96
107
6
275
273
131
3
242
13
70
15
144
6
16
100
115
112
185
10
118
31
117
259
1
116
166
19
200
229
71
64
35
128
282
27
175
216
286
212
93
53
89
247
189
65
62
44
333
14
265
9
80
100
220
251
94
231
31
11
10
42
230
7
233
144
181
9
147
4
153
84
8
149
203
197
186
14
182
158
297
4
222
152
2
96
148
36
133
8
121
183
91
137
84
189
92
190
186
27
369
359
36
194
40
180
126
94
11
43
236
11
225
248
245
95
136
168
77
27
75
12
178
5
108
179
184
84
105
174
89
163
144
1
137
132
4
81
85
93
92
3
234
8
264
266
84
256
269
1
13
2
11
275
270
206
117
4
7
115
5
194
10
89
199
113
237
124
119
5
70
21
122
5
204
127
4
75
222
26
123
199
196
114
23
149
112
5
79
221
3
210
218
239
3
236
73
140
100
133
40
107
235
7
147
146
238
128
1
4
110
239
62
111
223
228
5
159
90
156
90
5
5
85
242
11
160
158
124
5
121
79
263
266
169
129
3
184
251
189
5
95
62
100
71
29
243
102
189
186
84
2
23
174
35
156
84
25
28
3
3
273
58
11
31
270
42
209
18
140
131
9
63
36
72
154
3
226
229
4
73
233
69
176
163
117
164
245
138
129
6
235
13
107
3
185
16
104
123
31
135
162
46
208
169
6
93
95
169
89
61
7
2
76
150
11
35
154
149
106
2
69
187
189
6
26
118
34
114
128
148
102
94
166
77
196
184
122
88
44
25
86
111
113
119
27
2
8
12
4
164
131
3
160
130
13
10
116
4
132
30
162
107
119
169
36
121
3
118
154
132
32
97
115
120
12
5
11
86
124
18
12
11
3
106
120
128
134
5
8
163
32
6
197
143
195
20
129
20
26
46
203
7
54
27
56
95
39
12
142
1
9
6
45
47
94
59
39
65
139
134
149
141
115
8
121
7
54
50
1
32
97
98
100
123
128
71
55
16
5
61
38
4
122
159
50
99
126
39
105
37
6
82
79
3
59
76
85
132
120
33
21
12
17
1
15
3
22
12
33
34
65
164
1
129
133
124
107
9
107
8
24
33
105
10
115
93
99
36
28
28
90
64
175
12
179
3
46
35
49
160
62
163
4
158
5
58
88
8
176
3
6
235
4
230
11
239
173
5
50
184
134
49
171
154
245
122
123
1
122
92
17
30
109
80
97
166
8
85
259
3
256
11
4
7
40
107
33
67
84
100
213
2
91
158
128
113
44
53
15
75
176
67
75
93
3
184
187
101
52
142
86
90
138
87
3
142
140
9
10
2
1
1
140
127
58
198
69
103
94
172
192
19
170
65
103
24
189
4
197
127
3
36
26
124
173
39
9
48
140
119
79
5
84
109
125
10
16
113
5
119
97
7
81
75
98
82
91
108
6
36
111
16
121
144
95
10
102
141
61
64
134
87
45
53
67
63
4
3
29
37
49
86
39
1
8
26
28
34
81
76
7
54
8
130
89
32
106
115
122
141
223
13
100
134
78
80
7
105
80
158
185
8
78
3
42
105
43
147
1
148
1
147
149
144
79
5
183
178
14
5
52
108
210
113
110
8
145
185
62
10
118
56
2
177
74
179
6
2
171
4
105
104
110
115
89
1
167
40
127
5
132
5
123
137
6
5
79
70
73
77
91
119
112
10
165
2
163
35
174
203
128
209
52
157
26
108
29
86
4
87
84
183
82
3
79
91
76
94
122
7
71
112
129
89
7
136
129
10
106
3
1
97
100
104
47
1
96
95
39
3
79
4
34
75
41
57
138
45
115
37
42
55
10
5
110
87
73
109
105
36
55
49
95
19
4
23
76
38
53
28
59
27
4
61
6
4
60
65
109
56
6
113
5
3
70
69
107
89
73
53
45
50
98
8
3
90
5
93
2
2
95
42
99
56
1
68
57
69
38
31
2
11
55
1
10
53
22
7
56
9
57
36
40
22
44
1
43
75
76
4
8
15
82
32
72
5
72
4
50
87
91
6
10
62
68
4
68
72
58
43
34
21
8
25
20
43
7
50
1
49
31
65
37
29
29
8
31
58
26
27
6
16
57
16
21
15
27
23
11
6
29
33
6
13
5
39
18
20
26
31
34
40
17
12
52
9
60
59
29
14
4
10
54
13
23
6
44
51
67
4
47
7
10
63
51
68
39
82
47
95
1
3
3
92
30
31
1
42
6
32
38
44
22
16
1
6
6
22
26
115
106
105
1
15
16
77
6
76
5
5
83
47
38
3
42
45
43
41
4
40
47
44
2
7
10
3
78
37
110
112
92
34
70
27
23
37
44
43
1
6
7
12
53
9
58
28
62
19
3
12
41
45
5
52
7
55
37
53
4
76
47
24
5
5
2
26
30
33
31
35
5
50
56
40
3
35
21
43
26
20
6
11
17
6
29
35
38
33
3
19
21
13
40
4
49
6
23
34
20
16
19
3
14
5
11
7
30
16
37
2
6
39
1
4
3
24
1
2
6
3
1
16
15
2
1
3
3
4
10
17
18
45
9
54
1
53
40
43
61
51
4
10
18
5
5
47
21
62
3
56
40
6
26
83
35
14
23
5
32
29
48
77
3
77
1
43
50
54
4
78
116
74
38
5
46
32
50
48
39
8
90
87
33
90
2
15
35
2
59
88
82
78
55
133
85
1
18
131
127
1
2
64
67
7
4
94
4
83
98
132
133
98
134
9
57
11
48
17
44
4
60
63
68
27
20
72
45
64
70
57
52
15
13
12
18
28
3
52
28
55
27
55
19
36
4
6
81
59
36
7
75
33
52
21
74
88
107
95
10
39
85
49
31
79
5
84
5
79
102
35
109
136
111
1
74
62
77
27
107
3
63
89
23
11
26
25
74
80
112
60
1
172
3
70
12
72
169
97
102
31
6
129
5
73
68
102
106
30
71
34
82
2
4
100
104
84
90
76
96
172
118
101
8
4
54
4
126
124
22
25
105
5
30
25
12
88
2
100
134
5
130
4
43
135
11
33
1
22
6
34
112
3
28
118
25
2
121
117
107
134
5
78
27
2
129
54
75
6
125
83
69
6
65
2
35
38
4
149
151
40
100
47
6
7
84
131
75
42
72
67
119
18
15
3
87
82
12
23
85
5
9
3
75
43
29
14
10
28
6
6
78
35
5
18
40
32
8
1
49
41
19
40
8
22
16
30
22
14
38
3
35
31
59
52
66
7
28
62
69
55
1
10
5
119
42
20
7
13
15
11
54
4
58
142
42
13
2
15
51
78
47
109
126
150
114
31
156
4
137
160
17
6
133
65
74
139
65
23
53
6
59
70
74
11
157
2
125
114
119
4
34
155
32
126
119
115
36
181
6
4
189
125
92
151
3
153
193
2
145
29
183
83
6
6
184
10
73
150
196
94
6
141
194
86
86
2
81
4
74
5
1
87
123
91
38
128
82
5
100
3
137
135
27
97
108
29
53
62
124
56
16
79
62
67
6
118
140
22
91
69
6
9
36
6
24
22
41
86
51
9
30
35
25
90
107
120
133
132
1
13
39
2
63
3
13
1
4
54
77
12
16
60
77
23
79
81
54
14
18
2
3
61
115
3
65
68
68
65
24
6
29
90
48
42
39
44
104
126
60
2
58
22
22
44
24
30
68
6
64
109
112
75
5
70
3
138
8
149
130
11
133
118
86
154
3
157
8
71
91
83
151
126
14
3
20
122
165
95
10
129
90
85
5
134
11
96
99
139
4
145
16
36
14
141
2
5
45
110
50
105
73
3
70
40
110
4
83
79
191
112
7
187
40
2
180
209
95
132
38
7
3
45
49
106
139
78
82
46
155
43
168
112
123
13
33
29
13
184
136
140
4
36
42
156
125
120
46
188
5
193
171
22
18
151
166
4
169
36
209
4
214
141
4
136
205
15
145
5
119
237
130
229
118
111
4
218
107
222
5
227
113
17
173
151
275
2
135
131
14
22
4
216
98
142
143
149
220
61
125
74
199
29
240
45
42
167
170
6
3
8
9
17
221
124
135
140
113
209
204
5
97
269
276
277
8
102
11
191
5
105
19
186
213
18
110
204
113
118
4
223
124
5
114
227
134
130
23
180
48
239
8
3
88
160
91
4
157
95
82
216
59
113
30
154
5
172
56
63
54
197
124
78
5
144
13
204
73
126
199
200
149
177
157
7
183
212
68
51
54
144
191
119
189
116
7
88
73
123
1
101
6
122
111
81
1
273
2
11
95
274
10
128
140
179
12
195
39
156
262
275
13
108
112
7
99
9
4
119
101
115
90
57
229
31
144
33
30
198
63
2
135
96
186
196
18
63
1
65
100
2
114
111
10
132
142
96
63
98
67
46
167
2
44
6
163
169
2
133
167
166
2
50
135
1
136
138
1
2
168
166
137
11
2
48
155
46
94
93
157
111
42
115
12
186
5
161
4
99
190
7
62
157
47
185
95
85
44
87
3
90
47
187
183
178
137
128
17
5
140
222
255
90
43
82
132
10
133
143
2
68
4
129
145
166
150
127
3
70
5
171
22
165
106
163
172
6
64
75
84
133
159
23
136
266
6
130
3
272
269
77
66
11
106
73
178
4
117
187
197
2
121
55
195
142
123
73
11
120
53
52
33
161
3
85
12
163
196
109
73
175
33
158
28
5
130
4
87
23
138
114
78
134
115
24
192
150
3
85
6
9
104
79
43
98
85
95
36
119
88
56
139
140
141
42
83
25
1
164
170
6
104
27
4
20
23
176
143
24
139
1
58
32
35
43
59
90
155
82
255
3
173
8
127
252
10
181
8
170
262
153
159
162
167
14
126
118
5
215
55
3
8
181
178
204
182
84
123
126
131
3
243
210
240
33
78
160
238
280
283
6
284
164
11
158
3
130
133
5
127
144
1
150
17
189
3
166
6
172
160
6
158
12
164
166
168
120
149
10
152
169
22
17
5
176
95
23
191
3
214
134
265
149
260
283
284
5
285
286
116
5
102
113
3
229
2
233
227
4
38
28
231
255
64
130
146
148
152
2
181
107
194
12
182
178
47
4
97
225
226
100
36
101
73
6
275
41
31
2
79
4
97
77
103
93
72
150
165
33
6
22
92
201
4
52
8
198
152
70
183
113
8
109
117
205
60
77
115
53
72
130
135
140
144
62
208
270
179
5
190
90
4
154
85
196
198
280
6
68
94
15
117
158
79
41
130
38
56
153
69
48
110
113
4
117
13
106
3
171
178
106
168
7
7
172
15
3
121
34
128
169
162
108
131
135
45
161
68
23
9
120
27
189
198
93
8
4
12
106
212
1
158
2
137
140
129
158
157
130
54
4
191
187
63
148
149
151
152
153
154
155
2
1
160
1
159
138
108
8
85
20
93
5
216
119
100
92
16
97
203
200
8
219
128
91
5
8
86
5
99
105
108
1
165
44
166
2
43
26
168
169
170
128
24
1
6
155
159
17
208
120
3
259
260
150
3
211
117
283
140
2
84
62
53
29
34
3
196
82
143
22
5
39
37
85
189
298
20
199
6
2
192
204
3
124
194
193
1
109
195
3
317
318
136
76
204
8
12
132
212
4
314
128
1
164
171
143
186
163
170
179
7
28
92
9
120
329
280
9
129
8
12
83
196
49
133
7
245
132
144
163
15
126
12
168
42
12
129
6
141
180
8
31
30
12
188
176
23
1
49
54
61
24
42
5
12
7
37
135
4
204
207
172
66
200
7
70
3
40
158
193
35
37
108
135
139
143
198
4
189
193
195
71
35
108
4
3
202
77
73
9
113
13
4
104
100
65
7
4
35
31
139
170
2
72
171
76
1
84
90
172
75
8
30
39
1
225
70
208
9
199
189
4
63
175
181
6
7
36
43
5
41
165
19
226
2
227
228
229
6
47
46
14
45
1
2
146
6
188
7
49
97
101
109
102
164
168
174
129
124
253
4
262
9
146
271
137
4
8
346
70
64
95
62
1
134
22
110
135
219
25
109
276
282
300
156
308
4
161
257
143
144
81
95
102
8
30
1
62
217
219
375
29
167
33
4
86
134
90
6
102
192
159
220
96
255
351
59
64
177
176
179
4
183
346
351
5
56
62
59
184
15
55
92
3
122
172
4
53
318
193
1
199
3
265
319
26
192
6
10
202
87
273
63
4
35
269
67
77
6
298
159
19
129
304
135
10
35
41
45
140
147
5
176
163
65
171
223
217
6
4
63
127
82
185
146
229
320
9
293
375
147
1
91
179
169
66
207
376
224
88
325
329
136
4
227
223
363
10
235
310
50
226
9
227
4
3
92
106
14
7
94
304
165
4
96
273
4
98
169
159
58
335
242
5
238
277
296
4
102
330
267
228
221
276
247
4
223
254
7
300
227
201
80
91
3
303
174
169
5
126
46
27
242
10
179
153
4
232
55
236
4
10
185
307
371
373
189
195
74
75
40
297
26
167
63
126
3
61
193
145
43
58
196
115
104
257
4
253
64
203
15
120
208
5
215
220
186
338
169
1
152
218
17
66
317
339
105
106
1
135
5
125
134
201
2
140
212
194
67
138
144
1
154
214
16
137
120
145
4
10
149
10
48
88
97
213
172
32
6
127
204
121
186
17
77
203
7
157
109
150
347
349
5
266
214
4
218
270
210
148
65
4
61
62
1
77
19
219
210
213
206
250
61
106
7
144
213
167
128
8
303
29
131
2
136
201
14
107
129
344
22
2
235
141
146
93
169
327
5
158
64
309
19
53
36
17
295
211
196
3
217
244
6
278
193
9
328
228
188
7
92
230
5
247
319
52
99
237
267
151
115
138
230
150
63
191
87
252
2
24
247
254
5
73
245
271
11
40
252
113
119
186
6
283
287
82
4
78
95
101
24
108
128
195
6
216
32
31
4
308
250
253
259
126
375
366
30
258
287
84
270
58
6
238
133
49
182
132
9
50
52
102
3
141
44
223
236
99
179
78
88
257
193
10
183
32
308
164
144
185
51
313
300
80
42
236
4
269
262
273
7
84
93
97
104
2
152
13
4
214
11
210
380
11
203
1
52
69
213
194
89
6
208
283
214
102
123
127
133
140
9
154
10
326
287
328
6
322
316
2
41
277
156
5
244
115
121
121
68
179
204
6
198
54
201
144
252
253
255
103
170
166
1
215
79
142
2
59
46
136
71
38
73
37
105
195
68
308
304
158
240
111
117
370
4
309
6
259
7
136
5
314
164
141
286
75
186
182
192
234
236
209
2
4
23
261
374
265
146
44
77
142
2
65
232
4
175
167
9
179
188
185
3
3
8
2
200
11
211
216
359
5
189
194
162
211
31
242
143
238
4
137
95
141
58
87
100
9
83
92
6
237
125
225
6
190
35
192
231
33
61
5
184
5
230
225
32
139
143
330
310
4
5
155
20
160
157
3
166
9
175
52
2
137
5
57
154
156
240
22
50
3
66
2
64
10
153
182
185
189
5
4
3
186
156
114
19
235
218
229
232
243
214
186
200
194
47
28
139
6
136
131
158
247
172
5
167
39
215
102
206
202
216
48
68
4
63
72
141
5
5
2
14
77
264
267
174
7
75
63
72
3
97
72
190
93
42
220
5
175
262
167
82
174
2
70
113
198
109
200
3
186
161
25
4
107
25
211
183
54
208
23
273
195
250
21
78
72
77
81
77
271
213
190
20
193
242
201
63
23
150
170
213
216
3
14
41
264
259
5
272
4
8
218
18
3
226
229
181
48
1
236
150
33
198
165
158
7
62
167
177
244
235
134
67
140
3
73
9
118
141
45
93
137
127
234
147
58
56
69
4
48
102
87
189
69
65
2
4
127
7
13
129
131
130
6
123
122
73
4
117
69
97
155
150
37
105
279
1
97
1
143
131
218
43
3
46
12
58
5
137
183
187
130
46
33
79
119
79
75
40
180
140
7
181
194
188
6
111
117
122
5
116
85
147
142
132
261
78
60
5
4
111
109
18
115
111
25
2
127
4
127
78
65
64
2
129
210
206
127
208
174
4
168
178
23
165
6
139
6
188
133
119
140
5
72
21
195
174
194
20
77
58
57
166
65
2
108
156
11
63
54
1
110
11
111
114
39
115
100
153
82
79
76
3
3
127
15
142
167
2
165
3
111
165
2
114
131
132
163
1
1
136
135
131
1
2
116
57
164
59
3
95
85
162
59
141
43
122
98
45
82
64
72
37
4
136
139
135
58
160
73
3
35
81
70
166
27
97
116
77
39
103
93
132
132
29
129
204
170
39
139
100
75
105
4
139
34
89
54
172
8
203
143
118
48
29
139
216
74
136
143
1
142
217
218
4
168
6
210
204
195
9
3
145
52
56
119
122
142
1
214
8
107
98
49
120
229
14
132
102
109
134
31
30
1
172
173
102
34
39
47
5
8
143
147
65
55
227
241
4
17
78
99
52
4
103
106
20
139
269
3
271
272
12
266
10
260
108
3
6
250
6
118
14
246
180
97
4
67
267
1
128
68
268
95
3
21
127
173
232
59
23
5
106
6
194
60
113
94
18
78
173
112
105
60
1
111
259
162
46
6
52
50
165
168
110
95
43
3
36
81
9
64
117
83
34
122
90
40
257
2
266
44
98
110
310
228
168
31
36
5
179
21
82
66
21
144
148
249
137
274
137
185
5
48
190
3
187
31
156
33
126
189
184
5
93
4
158
162
13
194
187
74
80
165
175
82
87
233
228
10
4
175
181
6
69
123
152
19
159
154
9
171
7
117
176
10
5
113
5
154
5
118
159
132
169
6
27
158
161
113
185
4
138
3
124
61
189
121
109
48
44
108
63
61
64
108
107
134
125
4
287
158
92
148
296
9
138
157
10
163
167
4
15
240
3
204
64
205
40
121
243
194
243
245
11
61
69
2
77
140
16
271
336
290
156
245
249
87
67
46
249
8
113
81
32
340
336
138
4
3
369
372
14
116
64
49
71
4
54
113
7
59
75
53
259
5
69
215
214
6
1
268
220
161
8
279
271
14
136
110
127
183
95
100
1
174
381
9
283
198
140
110
107
30
3
4
93
286
287
292
246
89
193
4
189
1
165
15
164
5
238
5
155
150
318
323
241
46
320
326
287
5
79
292
171
175
156
177
380
164
4
7
53
15
3
8
3
79
96
115
119
3
34
1
34
37
1
46
68
63
5
8
21
142
13
255
268
260
8
161
160
159
2
169
83
171
216
88
385
1
386
387
375
96
95
120
1
12
10
60
183
255
2
290
178
220
112
6
173
169
106
42
179
4
282
286
93
292
145
71
223
132
147
101
1
216
316
152
256
257
23
5
109
106
129
8
3
9
114
6
206
117
212
55
89
136
139
8
136
3
24
121
131
145
110
107
100
3
141
139
10
144
256
4
35
97
257
258
252
2
72
188
92
97
216
60
132
156
288
1
289
135
46
86
148
89
132
148
1
147
3
149
150
173
1
15
41
62
157
191
122
35
182
119
219
1
313
301
306
5
100
136
131
77
4
303
41
81
36
4
316
312
312
1
4
214
104
167
4
63
1
62
8
205
163
234
239
70
123
231
297
368
36
332
84
159
248
201
102
153
243
146
90
299
302
159
62
294
234
5
303
5
283
298
13
299
60
32
7
70
1
254
243
135
378
383
7
143
5
260
58
218
52
173
42
101
138
121
27
8
224
148
217
136
6
216
160
109
51
137
134
143
35
188
153
244
3
91
9
204
37
1
378
11
19
167
212
4
83
347
93
101
79
300
255
351
379
18
207
45
8
111
4
12
215
239
265
26
179
153
149
4
141
145
146
147
149
227
159
182
5
240
203
37
96
174
23
157
2
175
22
129
163
153
162
151
1
19
131
34
32
2
159
161
162
2
228
173
185
2
12
18
183
6
189
1
193
112
4
190
192
4
160
9
78
186
200
205
8
223
148
19
137
132
5
63
1
117
223
258
106
36
316
70
93
333
35
3
352
159
163
355
92
212
7
131
320
3
198
9
94
138
199
201
3
164
162
161
1
2
229
163
230
1
231
164
161
232
163
164
1
233
202
3
218
1
205
2
214
16
168
207
212
85
127
51
46
152
217
3
172
5
319
98
224
324
220
30
163
190
175
15
164
165
36
221
1
8
221
44
316
322
11
55
287
219
266
351
6
305
345
161
184
124
4
6
223
228
217
120
5
272
84
267
131
47
33
136
23
75
2
51
85
77
17
75
8
94
83
1
83
29
17
22
25
30
8
84
8
9
30
88
2
11
90
55
93
86
195
198
4
204
207
139
235
5
19
35
194
6
240
200
14
298
312
234
149
92
5
229
57
3
234
66
23
20
35
10
3
45
80
67
234
144
107
174
174
198
66
90
24
37
129
131
122
52
19
13
36
141
1
38
5
53
55
51
46
42
33
7
32
2
19
12
4
92
62
55
39
18
14
7
76
14
17
94
2
60
21
31
2
76
24
6
8
78
6
8
3
3
52
81
48
7
49
55
1
17
53
2
8
16
40
30
15
1
24
3
35
70
16
12
65
5
64
70
60
9
69
65
5
2
88
69
81
74
4
80
6
86
137
86
25
2
3
8
12
11
19
1
11
10
8
68
21
1
5
5
42
24
6
1
47
6
37
25
5
36
34
95
29
22
12
34
33
2
1
20
35
1
34
3
5
2
29
26
14
16
7
51
71
36
2
9
14
7
5
10
7
32
5
27
3
5
22
3
34
59
15
101
25
44
20
56
35
97
36
21
82
18
8
3
151
61
18
8
100
2
167
163
10
38
169
245
4
260
173
243
84
223
5
159
119
332
146
141
271
18
213
143
167
158
9
5
315
9
320
74
189
150
324
103
339
291
94
206
197
174
110
167
64
306
308
12
225
231
100
2
237
213
235
12
142
22
154
10
41
2
5
61
68
56
10
131
58
189
96
90
287
241
224
75
17
93
88
290
5
197
169
48
74
128
172
57
43
100
202
174
3
253
44
256
47
191
238
230
63
8
65
1
85
92
121
84
78
7
29
325
144
115
7
219
2
216
152
233
108
221
14
113
214
357
143
138
7
64
125
5
130
136
145
6
139
57
196
62
200
385
4
381
57
138
240
243
245
247
249
250
2
299
102
324
220
222
3
2
123
217
121
10
80
192
114
310
34
8
236
3
86
230
228
2
239
2
223
237
226
3
240
2
239
240
1
129
39
220
156
63
208
244
58
90
143
145
53
99
50
46
112
2
62
10
48
46
66
30
52
87
5
2
53
82
85
5
58
55
18
143
80
37
197
51
7
128
3
146
204
5
108
2
125
78
12
1
211
77
66
23
199
11
212
208
219
99
89
4
113
117
1
4
101
140
12
128
25
245
247
248
2
156
19
162
154
1
153
137
16
99
143
44
279
282
34
3
173
143
143
313
56
1
285
4
279
140
102
64
30
33
286
63
170
163
6
8
7
115
35
169
150
1
149
8
134
157
120
37
305
31
6
118
74
99
44
74
106
110
19
112
13
140
8
275
143
127
144
42
45
2
41
16
3
1
132
13
101
145
36
67
44
4
39
6
47
16
36
4
7
31
35
51
52
41
71
6
6
1
84
10
13
23
12
4
15
8
87
77
43
81
78
38
38
3
85
3
22
19
14
2
25
38
12
26
34
60
35
60
27
33
56
75
26
3
92
89
95
42
3
40
10
18
8
21
20
17
45
26
1
135
2
19
49
35
28
25
84
96
3
127
7
130
19
132
4
111
160
308
5
49
309
133
134
1
1
4
132
136
107
2
121
306
304
105
16
7
99
14
281
89
5
241
6
310
247
250
255
304
23
83
106
111
113
8
259
211
96
41
1
72
212
101
203
203
175
2
103
185
2
137
137
4
52
50
84
9
55
93
60
63
122
121
2
61
12
96
1
303
3
61
1
304
123
305
296
72
122
306
208
4
9
200
258
116
101
63
102
58
302
102
308
304
4
199
297
15
28
239
203
267
36
5
188
183
218
66
35
177
185
243
145
8
326
119
220
98
312
8
137
304
38
342
6
145
336
39
151
14
297
334
42
165
4
3
5
63
367
220
154
157
24
20
192
147
123
194
196
342
339
4
187
193
195
5
3
347
14
174
153
71
283
212
217
2
183
191
6
122
185
154
211
307
32
33
305
2
1
154
57
153
129
24
106
97
82
1
46
129
8
83
29
5
307
304
59
24
23
88
83
1
309
305
112
114
129
306
34
121
50
115
71
2
67
34
6
73
65
81
84
16
33
3
68
131
50
208
63
118
40
7
164
134
171
89
23
222
15
112
13
220
372
133
126
17
125
1
257
227
139
207
258
51
252
151
248
239
35
207
88
1
95
256
264
235
7
5
242
29
237
266
89
214
228
177
3
296
286
248
4
299
303
108
14
107
10
94
1
257
355
258
1
117
259
175
12
301
84
150
56
194
201
187
8
168
26
59
160
67
11
141
8
83
85
5
133
111
4
58
137
107
32
31
169
75
1
55
44
138
5
126
207
121
212
210
11
94
75
2
4
19
26
53
6
153
147
15
132
128
60
4
44
151
183
187
35
167
195
123
252
163
21
89
259
213
4
231
348
204
2
144
23
108
101
46
206
210
329
121
4
213
7
331
206
4
334
338
7
208
201
70
131
137
4
381
3
149
68
193
197
378
86
133
18
147
151
4
203
209
249
184
122
173
61
59
101
65
4
148
107
61
59
11
2
197
70
11
152
380
163
10
376
369
173
175
2
289
370
2
366
9
4
31
117
204
173
48
47
13
7
51
183
188
194
2
5
7
211
8
140
9
160
6
90
231
238
3
141
93
241
195
91
148
265
4
19
91
102
144
269
276
5
62
284
7
219
127
132
50
1
55
94
89
147
49
5
124
148
75
149
151
207
5
255
56
199
6
212
235
206
29
4
33
58
91
152
247
180
73
61
67
3
279
274
26
186
64
117
253
282
79
339
5
271
260
143
11
5
305
125
172
146
133
284
297
198
190
192
13
282
147
232
6
67
85
280
7
135
276
4
216
10
280
286
7
77
212
238
28
26
2
279
201
5
110
20
156
105
161
8
130
84
97
78
46
138
136
134
4
180
119
132
54
123
2
4
40
121
169
102
47
198
115
114
161
18
55
4
179
218
48
183
214
251
37
162
147
110
245
170
5
37
175
4
199
203
172
213
8
187
15
195
66
2
167
142
23
8
200
87
223
228
229
64
79
81
95
160
7
147
19
14
114
5
372
38
109
375
334
150
217
142
3
147
146
184
1
342
2
32
257
20
55
5
292
344
287
300
160
3
225
12
226
75
214
192
283
5
75
86
278
91
7
51
213
215
170
58
2
45
188
38
228
190
333
167
4
274
21
142
278
163
11
1
152
263
136
151
264
3
110
4
211
202
31
127
215
96
106
1
150
151
250
99
254
135
10
155
134
120
3
119
21
3
123
8
120
141
3
116
145
9
5
128
9
144
91
137
5
165
164
28
169
1
2
137
138
25
4
235
139
261
44
305
28
197
18
156
138
152
135
121
125
180
234
2
42
2
40
39
62
72
63
7
79
10
7
157
174
167
201
208
216
7
17
256
258
34
32
163
224
146
217
7
71
5
8
209
176
53
91
154
123
214
166
116
48
138
98
7
179
215
219
222
10
186
208
4
189
35
123
4
119
3
8
109
61
11
117
48
136
32
163
88
137
6
131
75
36
185
39
51
19
57
40
70
79
146
6
36
30
120
6
84
104
15
3
130
115
127
130
25
60
2
64
110
105
107
1
111
106
4
71
145
137
12
62
118
56
123
169
67
74
78
8
86
125
9
134
137
67
3
70
88
156
25
131
130
19
85
123
124
149
1
208
209
147
148
149
1
19
25
92
126
68
28
171
165
67
193
95
5
14
6
19
26
25
98
1
104
105
61
69
124
105
1
85
84
67
44
111
114
3
130
127
144
2
17
55
4
142
1
58
146
57
147
42
40
14
135
132
2
67
3
70
76
4
6
134
30
112
142
31
51
168
157
34
99
6
103
11
40
4
51
5
132
136
140
47
4
8
105
210
206
93
4
97
5
115
93
34
50
221
4
104
214
2
167
100
149
171
165
6
73
54
217
147
67
220
8
271
115
93
218
5
110
127
11
223
22
83
138
76
105
1
55
136
135
1
81
134
2
134
132
244
154
1
23
165
2
185
90
274
275
8
73
140
143
22
115
114
41
65
1
155
164
171
24
142
21
14
7
147
202
67
135
84
3
1
253
4
81
1
254
82
8
165
74
255
173
185
181
200
4
215
256
257
3
41
13
212
1
54
46
79
78
109
8
80
293
77
20
117
203
213
283
3
6
108
132
74
6
77
138
68
50
3
118
123
144
133
5
32
19
286
28
17
97
11
1
77
199
125
89
88
3
206
198
91
228
77
203
66
149
202
268
168
49
3
163
142
46
191
7
53
166
117
113
1
101
163
81
1
8
155
29
160
4
21
3
198
82
161
13
1
2
141
142
47
3
159
143
1
145
136
121
208
87
126
77
189
136
112
24
51
24
20
4
204
110
208
94
88
127
119
56
8
1
64
57
121
32
77
89
57
151
1
24
21
167
25
168
3
146
143
2
149
151
82
3
93
61
72
70
9
32
1
2
9
75
79
4
10
68
76
5
6
144
101
145
8
43
1
72
137
71
145
168
169
11
1
93
27
23
50
152
156
6
138
143
1
102
5
75
36
84
142
70
110
148
158
189
38
210
151
21
148
77
74
148
17
145
1
71
4
75
121
43
100
104
60
225
3
57
11
31
102
4
177
46
75
148
5
173
104
271
185
8
136
189
174
9
121
193
130
121
102
173
9
120
4
127
94
36
192
223
33
150
183
212
5
217
31
102
71
145
4
139
210
227
87
96
9
140
5
143
206
135
232
183
97
148
74
7
257
155
4
87
102
1
168
144
106
97
4
125
7
177
181
53
219
167
191
166
129
25
250
5
14
110
115
112
107
21
238
5
119
11
119
128
133
124
130
133
26
239
108
3
236
22
13
3
158
1
255
9
10
5
15
161
217
52
153
2
42
151
159
44
112
9
79
8
140
42
132
137
5
222
98
254
217
8
12
150
151
221
37
176
4
213
208
138
116
1
1
70
69
76
64
82
45
7
12
108
233
6
128
13
238
24
227
5
251
2
19
253
186
3
134
69
94
2
67
258
261
3
96
93
183
137
193
5
141
282
1
240
198
203
208
5
292
225
67
9
18
85
26
27
1
241
1
60
253
242
173
89
3
257
23
11
214
281
298
300
254
203
118
75
67
85
152
17
2
154
3
193
15
2
162
166
24
108
151
46
160
214
234
77
11
164
106
84
80
9
167
190
4
186
89
50
73
105
104
80
7
54
247
112
54
116
264
24
158
202
7
53
146
88
93
159
234
92
4
208
88
208
209
3
212
15
215
5
78
151
2
138
25
153
136
3
17
129
14
132
142
1
5
179
46
260
261
262
263
6
258
163
8
119
127
32
133
285
217
97
68
149
151
120
5
182
217
125
176
141
35
2
101
171
1
174
177
180
2
3
62
6
173
55
59
147
159
306
145
73
128
265
218
255
4
256
259
273
202
71
56
127
124
116
118
3
6
178
2
185
15
184
183
1
167
170
282
285
288
3
3
87
4
5
215
10
175
220
170
225
7
124
218
41
323
259
262
170
34
131
278
281
282
3
3
172
4
177
98
174
156
255
3
109
325
51
99
20
274
47
321
48
110
119
193
3
229
93
286
226
76
113
163
157
220
6
193
156
291
1
293
5
295
177
226
70
50
154
20
290
3
182
244
132
131
13
92
46
41
46
108
204
5
154
3
15
159
1
319
144
320
45
109
150
113
64
19
26
105
38
185
180
148
86
131
80
218
1
129
76
240
128
241
62
251
263
92
46
12
162
159
3
96
135
107
5
163
68
138
102
97
39
5
110
41
236
5
116
32
3
231
196
185
228
188
7
95
98
2
173
169
113
92
106
3
11
25
96
121
84
175
4
196
200
3
56
203
206
208
3
53
50
2
205
83
87
89
4
170
215
218
6
166
14
45
195
31
164
3
5
21
233
21
212
