1
278
79
49
78
56
6
1418
661
697
68
93
342
348
136
47
53
135
50
49
48
373
310
1448
388
532
377
2
84
78
12
69
64
75
72
116
121
71
69
407
413
557
310
226
632
633
634
219
140
607
397
155
161
166
175
179
185
189
106
195
1198
609
1446
1211
311
72
30
223
34
231
20
1044
90
1277
1045
98
54
215
170
315
314
93
652
655
554
563
570
573
1048
591
436
1187
1117
116
115
91
1089
94
366
365
1056
48
79
92
1454
1065
1251
3
67
66
65
64
63
331
179
62
59
1278
55
60
66
72
82
56
55
53
1055
1455
1456
1210
1281
64
604
299
1106
552
363
40
446
442
438
433
909
906
137
468
81
1448
536
87
5
9
13
354
12
611
384
390
392
397
402
406
2
546
379
410
412
414
417
420
108
601
82
365
83
84
46
600
51
85
52
53
86
429
433
438
325
327
198
443
448
390
440
444
449
452
454
56
57
456
439
435
429
460
462
464
434
467
471
477
479
341
481
484
488
166
492
494
495
122
498
500
503
36
506
510
49
515
487
521
525
530
65
535
517
460
522
273
551
510
539
122
210
473
552
490
398
394
390
391
30
35
347
346
19
13
448
449
76
11
6
1
3
74
45
354
863
24
7
9
321
768
320
319
357
318
351
350
317
601
40
283
37
41
46
49
51
53
842
838
832
59
61
31
64
68
722
569
89
91
525
100
103
107
84
118
132
114
119
136
613
694
528
657
4
97
102
473
1006
204
462
440
38
1079
383
376
168
846
699
112
393
313
872
1080
1081
83
575
1082
618
11
622
478
297
532
653
8
93
98
469
1002
208
458
444
387
380
164
842
695
116
397
317
868
1076
1077
87
571
1078
614
15
618
482
301
536
649
12
89
94
465
998
212
454
448
1071
391
384
160
838
691
120
401
1075
321
864
1072
1073
91
567
1074
610
19
614
486
305
541
644
17
84
89
460
993
217
449
453
396
389
155
833
125
406
326
1073
859
1068
96
562
564
1069
605
24
609
491
310
676
555
280
558
560
21
40
595
9
36
410
399
511
159
8
333
396
13
85
60
59
433
3
86
44
48
92
925
928
591
667
438
164
172
51
158
342
866
937
941
946
1447
1448
1449
1450
402
39
365
117
1426
38
184
35
1023
412
32
1123
1127
1129
1040
1132
607
1451
1081
1218
588
7
21
5
1085
890
153
70
68
6
1452
270
541
456
548
552
556
1104
555
927
933
935
940
945
949
15
544
311
214
352
408
64
83
41
45
454
922
1377
5
199
14
280
953
955
957
960
963
435
110
328
625
178
626
627
589
57
594
628
595
596
629
564
976
981
345
1453
986
663
991
458
113
983
987
992
995
997
599
600
873
471
366
1047
1163
480
16
1071
785
138
99
104
108
114
1003
1048
1005
1007
977
1010
1014
1020
219
1022
1069
1027
797
1031
170
211
534
882
377
1035
1037
1038
1140
1247
445
421
1041
1043
1046
579
1049
1053
592
733
1030
1064
1068
1073
608
213
1454
217
1034
610
1078
220
1215
6
4
1065
8
17
33
1082
665
465
19
18
333
1016
452
1348
386
1350
1346
1337
1331
506
1299
757
1294
511
641
3
1219
78
253
256
41
189
260
3
83
280
77
175
215
287
293
82
301
37
68
46
74
73
312
311
86
71
249
318
326
93
329
335
320
152
338
356
361
1305
364
371
376
1245
63
84
383
236
389
395
387
75
399
369
257
375
407
181
411
1449
1399
198
413
1050
351
426
429
431
37
1364
40
433
437
440
443
447
451
453
382
455
457
384
323
142
1462
227
573
356
287
115
1463
1464
952
1465
987
1087
57
290
348
247
253
193
272
214
237
209
208
353
352
38
76
231
225
284
327
326
212
957
567
404
184
125
629
207
460
301
629
464
459
718
797
452
436
80
477
740
741
483
742
104
7
163
120
149
4
5
395
743
744
182
403
157
162
630
745
746
220
212
747
748
350
438
749
750
189
751
752
753
130
134
754
140
153
161
250
126
132
697
472
93
755
756
757
204
211
685
31
572
97
758
759
760
488
270
561
671
564
125
306
479
659
761
497
762
763
764
765
766
767
768
769
770
771
726
772
503
310
773
774
316
567
570
302
366
775
532
702
703
704
618
379
654
460
461
329
210
334
1089
1037
152
462
463
425
115
440
181
224
220
172
298
142
148
465
466
459
419
467
469
364
470
471
472
455
456
324
215
339
1084
1032
147
457
458
420
110
435
176
229
225
177
303
137
143
460
461
454
414
462
464
359
465
466
467
713
714
715
583
44
80
1343
1291
406
716
717
679
369
694
435
579
30
34
82
44
396
402
719
78
720
673
721
723
618
724
725
726
1369
25
48
22
17
349
13
612
613
355
32
476
92
614
35
15
8
267
146
615
54
275
29
34
648
502
617
618
258
92
84
619
244
222
310
621
622
61
623
649
2
6
419
51
626
60
1227
2
4
569
292
513
627
628
650
557
97
444
31
651
652
630
631
632
261
360
142
433
543
436
248
254
3
178
653
351
531
633
369
654
634
635
636
637
638
639
640
641
642
643
598
644
655
656
657
658
659
660
661
662
663
664
375
182
645
646
188
439
442
14
174
11
238
647
251
102
665
577
102
79
105
110
476
114
739
740
482
159
35
741
8
164
1
346
162
119
394
273
742
181
402
156
161
775
629
744
745
385
219
211
746
371
349
437
748
749
188
750
776
129
133
546
82
178
753
189
191
199
125
131
696
140
145
151
157
92
754
755
217
777
684
30
232
571
238
243
252
256
262
266
272
96
778
779
757
758
759
388
284
487
269
670
124
439
442
305
780
478
658
760
649
496
781
761
762
763
764
765
766
767
768
769
770
725
771
782
783
149
784
785
786
787
788
789
790
791
502
309
772
773
315
566
569
301
365
774
278
378
229
792
704
32
55
29
24
342
20
605
606
348
25
99
607
28
15
260
139
608
47
268
22
27
1452
71
641
495
137
142
593
497
950
610
611
251
85
77
86
612
298
215
303
119
614
615
54
616
642
5
183
1
185
189
192
1247
196
502
412
124
127
44
619
55
57
65
9
3
562
42
620
621
33
643
105
550
289
104
437
508
1453
180
420
38
623
624
625
254
353
135
536
1454
197
10
171
646
344
524
626
431
362
647
627
760
628
629
630
631
632
249
633
634
635
636
591
637
648
649
1118
764
650
651
652
653
654
655
656
657
368
175
638
639
181
432
435
167
231
769
640
284
244
95
658
570
5
5
622
392
238
655
656
62
943
398
69
75
49
259
657
207
78
58
35
63
80
310
658
97
318
946
72
948
77
76
736
545
74
642
643
547
1000
400
406
878
660
661
122
161
750
1143
1148
301
135
169
550
127
136
662
287
265
353
69
664
665
763
104
765
692
45
49
551
552
462
94
669
105
767
107
115
1451
1312
554
41
47
612
82
205
93
98
108
83
693
55
600
54
487
178
12
367
786
673
675
1452
304
403
185
586
40
859
478
313
221
696
394
574
1453
875
676
88
481
1454
382
412
697
677
810
678
679
680
681
682
299
683
684
685
686
641
687
698
1168
814
156
526
699
700
701
702
703
704
705
706
707
33
418
225
688
689
231
482
485
217
281
690
732
145
708
419
157
27
620
792
793
794
795
796
94
773
514
109
113
161
9
35
475
481
798
799
662
434
752
800
801
758
802
644
123
564
697
803
804
448
805
447
448
449
450
451
251
428
169
236
232
184
310
148
130
136
453
24
338
289
1077
1025
140
614
185
454
317
89
127
161
407
455
456
413
77
457
299
222
219
352
458
459
103
460
1046
105
337
261
332
24
829
850
656
658
594
493
481
645
483
5
313
487
582
389
418
181
86
195
24
547
543
563
13
778
779
214
207
197
65
510
514
517
474
519
523
528
530
533
535
539
541
543
544
546
547
549
551
552
143
784
21
22
541
349
438
732
569
405
407
71
237
411
465
494
257
162
271
52
639
417
421
424
1
428
63
290
283
121
11
434
438
441
443
447
452
454
457
459
463
465
467
468
470
471
473
475
476
219
55
54
617
273
514
631
52
36
83
626
567
103
734
140
48
379
536
650
29
788
549
789
478
726
310
518
476
546
16
790
230
791
323
360
344
391
318
875
411
426
168
260
687
844
732
480
241
481
418
210
168
238
292
482
78
483
101
632
633
749
3
647
648
404
407
459
461
83
169
59
20
43
126
15
14
159
158
132
434
544
545
546
436
118
26
160
71
39
27
468
767
273
258
517
49
233
209
264
146
52
802
1466
1467
1468
33
29
40
46
519
290
80
257
313
1469
425
803
558
286
1470
122
299
398
401
213
219
809
814
189
1471
1472
1144
819
287
45
122
116
64
791
230
56
61
67
566
36
143
582
341
656
106
148
487
105
150
1147
133
84
52
52
23
6
137
586
264
788
606
610
867
106
16
112
783
66
242
96
89
88
812
258
303
769
100
563
5
874
408
84
475
478
50
408
1464
1199
705
668
51
55
382
385
391
231
89
27
234
474
134
865
682
478
842
475
469
461
457
498
434
300
301
929
877
8
18
31
438
453
600
12
387
383
376
318
329
324
320
314
399
911
843
422
401
397
388
382
216
59
69
96
77
9
101
10
105
109
116
121
133
140
117
145
146
1
2
156
159
10
167
171
177
183
13
186
189
197
202
211
220
142
228
234
240
248
253
258
261
267
272
277
281
205
284
292
70
68
40
81
299
305
311
420
5
17
24
1
29
857
201
202
540
174
185
617
669
152
56
467
391
534
620
55
399
118
326
651
46
30
26
17
11
31
353
359
676
157
394
1039
1458
936
1459
1460
1136
464
486
488
34
43
341
347
664
145
382
1027
1446
924
1448
1124
452
314
639
106
84
40
37
32
28
570
548
460
769
11
17
654
461
107
483
207
603
149
723
25
113
106
149
112
12
180
68
48
130
269
770
95
695
126
72
822
13
9
60
974
66
611
42
322
17
11
498
24
105
9
725
309
58
216
463
239
163
782
65
324
506
752
266
307
167
1424
1425
1426
98
89
257
76
81
87
74
361
768
107
17
14
9
5
571
483
792
34
40
677
484
84
506
230
626
126
746
48
90
83
172
89
11
203
30
45
45
109
71
107
292
52
793
118
970
718
103
95
845
10
14
83
997
89
333
59
634
65
345
6
12
47
128
21
26
32
38
1458
748
332
81
1459
239
486
262
186
805
88
347
529
775
645
289
968
330
190
1447
1448
1449
75
66
280
99
104
110
97
384
791
79
45
42
37
33
543
455
6
12
649
456
112
478
202
598
154
44
144
1228
1
144
143
17
2
247
43
264
765
90
690
67
18
14
55
969
61
305
606
317
22
16
20
1430
718
720
304
211
234
777
319
501
747
261
1419
1420
1421
34
31
103
94
71
76
82
69
356
763
774
1054
222
177
322
321
1055
501
1027
626
992
988
945
923
956
949
495
496
497
934
929
925
919
498
499
500
502
503
504
505
23
221
906
215
216
217
218
219
220
222
223
224
225
257
24
110
109
105
19
188
60
291
299
240
91
66
118
302
68
226
308
98
293
125
575
122
329
246
334
284
1010
136
337
344
349
75
36
57
167
172
356
209
362
79
325
78
368
144
360
48
114
64
74
359
73
41
129
135
372
140
149
153
159
163
169
342
72
366
348
148
380
154
322
285
229
384
260
266
64
255
274
248
386
298
324
10
6
3
9
46
197
399
233
402
404
406
59
410
413
416
420
799
424
800
426
355
58
428
315
51
430
357
296
115
354
150
181
184
113
188
195
201
69
155
103
143
215
118
221
154
530
229
109
4
26
1
240
239
152
140
91
246
254
8
136
21
73
257
263
53
248
80
904
71
77
284
289
91
292
299
304
30
66
9
12
122
127
311
164
317
124
280
323
123
99
315
3
19
119
314
327
297
117
303
335
109
277
339
959
210
341
253
31
354
357
359
361
365
104
368
371
375
379
381
310
103
383
96
385
756
312
251
70
93
309
99
102
107
111
5
326
329
32
333
340
346
76
10
248
11
288
360
27
127
134
366
9
675
374
36
141
119
146
240
249
259
385
384
297
391
399
9
166
218
402
408
198
393
225
337
411
341
417
222
423
429
434
236
437
444
449
175
79
136
157
267
272
456
303
462
21
425
468
22
244
460
148
25
164
26
459
472
442
28
477
448
480
254
422
484
355
486
490
495
398
90
94
103
109
114
499
502
504
506
510
41
513
516
520
524
526
455
42
528
49
530
457
396
215
238
454
6
325
328
31
332
339
345
75
11
247
12
287
359
365
10
674
373
35
140
118
145
384
383
4
53
390
398
8
165
217
401
407
197
392
224
543
215
416
221
548
422
428
433
313
315
319
322
326
235
436
443
174
448
135
156
266
271
455
308
461
20
424
467
21
243
553
459
147
163
25
458
471
441
27
465
447
479
253
421
256
483
354
295
558
485
561
563
566
397
89
93
102
108
498
501
503
109
112
505
509
40
512
515
519
523
525
454
41
527
48
529
456
395
214
453
688
981
157
612
475
477
478
479
480
28
31
52
36
42
49
9
177
25
114
108
215
189
45
214
8
99
94
88
82
147
72
210
223
209
95
7
1
4
13
23
56
75
82
963
176
127
183
896
772
838
171
846
920
767
47
21
569
301
735
30
736
520
317
142
829
737
3
89
71
42
77
141
147
641
159
169
714
715
367
165
6
384
576
183
521
53
46
209
1311
1131
88
40
67
306
73
719
559
369
366
343
1202
796
304
376
822
622
269
107
644
401
727
416
193
682
684
822
52
707
696
277
640
218
716
498
9
719
626
436
238
232
223
642
216
718
500
7
721
628
438
240
234
221
643
215
719
501
6
722
629
439
241
235
220
157
154
644
214
720
502
5
723
630
440
242
236
219
645
213
721
503
4
724
631
441
243
237
218
159
156
1239
66
19
51
222
6
242
177
24
1031
655
112
167
174
179
569
1189
1236
639
45
573
547
69
5
11
18
22
54
146
6
225
575
3
245
174
21
1028
605
608
116
610
145
870
652
794
625
152
109
114
921
164
171
176
34
356
86
162
177
491
685
82
247
327
107
74
69
653
91
62
224
228
150
144
230
2
280
187
549
108
246
33
129
270
82
186
269
92
587
663
122
667
91
671
220
321
113
80
75
647
97
18
68
218
222
156
150
236
8
286
193
543
114
252
251
151
144
19
27
135
276
88
192
275
581
657
116
661
85
665
314
120
87
82
640
104
1
620
748
48
163
157
243
15
293
200
364
536
121
259
139
12
280
231
20
142
283
95
199
282
75
574
650
109
654
78
658
211
215
897
174
236
27
47
42
95
41
168
16
8
203
921
224
180
147
187
157
25
54
223
108
103
97
81
219
214
93
65
35
909
912
918
996
73
149
41
118
186
658
659
193
198
186
143
230
295
729
248
215
19
210
730
419
422
733
423
424
191
429
736
202
316
221
212
288
125
740
203
741
118
744
747
222
750
437
127
753
385
756
762
763
765
95
449
450
19
724
467
769
209
50
176
772
32
775
371
193
18
200
25
30
778
493
192
338
9
78
143
881
96
63
171
58
882
571
574
885
575
576
39
581
888
50
164
373
79
364
136
27
892
240
164
51
893
34
896
899
70
902
589
239
25
905
537
908
198
914
915
917
57
601
602
133
876
619
921
57
102
24
924
120
927
219
41
170
48
177
182
930
645
40
668
28
269
453
118
805
113
787
709
94
1459
712
111
110
651
27
90
218
621
500
339
132
734
116
280
122
15
340
42
96
794
166
271
257
95
471
131
3
559
263
117
68
21
120
68
36
119
97
516
94
326
233
635
47
82
523
325
377
81
691
274
91
378
662
22
447
124
799
781
703
88
1453
706
117
116
645
21
333
788
96
615
494
138
728
110
116
36
102
160
265
251
101
465
137
9
553
257
123
74
15
126
62
42
125
103
510
100
320
227
629
41
76
517
319
371
87
685
268
85
372
135
44
49
166
171
144
177
182
187
196
201
207
190
209
105
109
178
184
222
230
235
244
249
170
38
78
81
86
90
254
260
32
68
143
5
267
6
189
265
269
273
278
287
292
296
300
307
311
317
326
329
337
342
346
349
352
216
355
360
21
202
194
199
205
269
359
238
35
30
233
398
260
227
301
222
217
208
203
197
214
195
299
111
295
109
105
102
226
220
174
169
94
160
155
234
49
366
326
323
318
314
150
144
261
399
137
215
398
298
291
284
279
642
338
139
426
19
131
126
117
112
108
104
93
87
78
74
75
67
62
58
55
52
188
358
1
49
44
383
202
476
210
205
199
71
75
3
79
26
7
846
885
1156
511
169
184
580
27
165
377
268
288
62
72
78
23
38
44
49
58
68
660
565
149
710
134
151
248
165
368
373
170
143
176
181
195
200
206
189
208
104
108
177
183
229
234
145
149
188
155
37
47
33
142
4
65
264
266
231
241
247
192
207
213
218
227
237
82
86
243
384
272
277
291
295
299
390
310
328
336
341
345
348
351
397
402
215
45
404
354
359
20
201
193
198
204
409
416
421
94
88
147
26
178
683
837
578
580
46
665
41
185
599
33
600
14
118
114
45
39
13
65
217
672
34
42
96
252
90
152
208
608
155
405
576
577
80
218
715
384
215
217
349
459
310
461
117
110
966
253
431
103
98
9
19
25
30
15
9
4
5
15
53
239
242
392
1028
241
219
615
1160
216
620
80
47
906
1161
675
971
401
647
404
651
7
543
132
195
21
657
152
732
29
24
18
659
660
248
252
256
210
145
19
52
69
790
66
128
61
695
330
705
74
636
11
7
62
68
897
203
718
485
865
565
45
512
27
111
104
146
9
248
247
15
51
134
112
174
44
157
60
739
582
1344
1345
1346
1347
782
195
1449
1078
745
1450
1151
1237
1451
1155
96
4
95
87
86
78
83
89
76
84
150
14
57
64
785
71
133
23
56
690
325
250
700
631
892
198
713
480
860
560
50
507
22
116
109
115
151
243
242
10
56
139
38
117
169
152
55
734
577
1342
777
190
1444
1073
740
1445
1146
1232
1446
1150
101
9
100
92
73
71
79
156
876
8
63
879
58
779
77
139
676
881
17
50
684
319
694
136
63
625
22
18
51
57
886
192
707
474
854
554
56
501
16
122
115
317
121
157
92
101
111
237
123
236
4
62
145
32
163
1473
716
146
49
224
230
728
571
1336
771
1474
184
1438
1067
734
1439
1140
1226
257
1440
1144
107
15
106
98
75
67
72
78
65
73
162
2
69
52
773
145
670
11
44
678
619
481
129
186
701
468
848
548
62
10
128
569
570
474
121
127
163
231
230
2
68
151
26
157
140
43
722
565
1330
765
178
1061
728
1134
1220
625
1138
113
21
104
61
59
67
647
32
61
1246
83
602
98
1450
313
1451
1128
343
425
1355
1452
1453
1362
967
1454
1166
1242
839
244
654
529
531
11
548
773
63
7
464
467
370
436
130
21
440
614
616
98
586
52
382
57
15
1311
1043
1455
1456
1457
1458
564
61
484
138
9
34
1245
578
1459
1460
239
1328
1461
1462
50
34
9
639
643
644
645
682
126
411
818
59
171
545
107
650
651
435
652
14
8
106
98
411
42
23
463
54
656
657
658
659
660
465
34
661
662
663
664
268
666
39
668
670
671
672
673
675
53
58
676
385
677
678
679
47
680
66
681
682
38
34
35
468
41
683
469
514
22
24
17
32
470
67
145
297
298
46
686
788
137
122
688
472
139
690
132
176
691
458
538
67
46
461
560
693
131
295
124
229
215
540
802
541
431
37
30
173
511
113
23
18
133
159
808
110
136
141
21
162
26
161
16
3
634
695
474
136
147
698
699
700
69
703
704
705
276
706
258
33
707
708
709
191
711
219
712
713
714
715
716
718
720
721
318
324
40
723
724
234
481
725
726
727
728
484
203
216
282
74
729
70
730
61
55
73
522
50
733
734
123
31
122
115
737
161
232
51
56
62
267
739
740
328
49
274
279
332
336
742
743
74
288
485
290
57
197
73
516
76
81
85
33
31
788
789
573
790
124
130
244
157
127
549
180
183
791
792
793
20
19
161
192
794
795
796
797
798
603
172
799
800
801
802
406
803
804
177
805
806
807
190
808
809
810
811
812
224
813
391
191
196
814
397
815
816
817
720
185
818
204
819
820
100
104
173
606
179
821
607
155
608
205
823
435
436
184
824
275
260
825
826
827
610
1
828
6
314
780
781
829
596
320
716
36
676
71
92
599
830
37
698
831
7
433
262
588
367
439
353
1
677
678
679
569
101
772
108
35
649
389
120
271
21
28
274
279
117
24
164
23
135
832
833
612
834
835
2
285
836
837
838
839
840
422
691
841
298
842
843
844
253
396
171
845
846
847
531
329
346
848
849
352
357
850
270
851
852
533
276
853
854
855
856
536
857
858
859
456
462
178
860
861
862
437
372
619
863
864
865
866
622
341
379
420
867
868
869
211
660
280
870
286
871
872
15
873
107
874
16
502
672
673
674
23
875
299
876
370
189
194
200
405
877
878
187
879
412
417
470
474
880
881
212
426
428
195
236
303
189
272
267
294
886
261
85
256
379
242
237
231
248
229
333
329
260
254
284
273
271
263
249
173
621
50
63
406
421
400
171
194
432
247
248
249
863
165
178
142
138
127
108
109
101
96
89
92
86
530
222
392
83
78
417
184
442
244
239
233
444
445
37
41
196
352
35
31
693
881
789
123
766
767
58
364
243
39
372
44
20
160
205
18
191
793
794
795
381
602
171
366
882
714
883
884
885
809
513
341
815
402
717
407
15
184
721
99
103
886
887
178
888
109
122
219
434
889
435
183
666
147
609
2
747
5
716
595
319
91
38
261
566
676
678
568
784
100
107
36
347
92
358
22
125
890
66
837
421
418
395
729
457
891
848
401
94
750
892
628
893
730
142
894
895
177
436
618
621
340
866
867
210
761
472
896
349
479
14
106
744
15
786
369
188
193
404
414
473
880
622
427
82
148
84
338
250
1194
134
132
25
788
291
609
997
108
147
119
5
37
33
376
719
720
1129
1132
1135
1136
1139
1141
1142
1328
1478
614
730
125
167
1031
20
146
28
215
1365
348
352
72
7
8
99
91
74
72
6
237
250
564
565
144
110
41
76
90
158
173
31
203
233
1238
1239
197
196
59
49
1136
89
527
217
212
12
243
244
558
559
150
116
35
82
84
164
167
37
197
227
1232
1233
203
202
53
55
1130
83
521
31
211
206
17
248
239
553
554
155
121
30
87
79
169
162
42
192
152
222
1227
1228
208
250
207
48
237
60
1125
78
623
516
36
206
198
201
26
257
230
544
545
164
130
21
96
70
178
153
51
183
143
213
1218
1219
217
259
216
39
246
69
1116
69
614
507
45
197
207
192
36
267
220
109
534
535
174
140
11
106
60
188
143
61
173
133
203
593
1208
1209
227
269
226
29
256
79
1106
59
604
497
55
509
187
217
182
28
94
199
43
188
1067
37
30
24
95
90
114
22
962
15
26
399
176
109
7
38
222
642
643
650
202
1073
31
19
25
281
1079
736
973
797
974
30
106
672
499
456
73
147
108
89
1092
131
138
684
242
17
165
1099
970
1101
693
175
696
1104
697
214
1108
704
705
308
24
200
1112
266
1068
506
126
132
139
591
138
130
145
216
35
40
46
258
1120
316
125
806
726
58
272
41
75
170
169
5
76
158
45
766
154
152
663
4
37
671
541
612
223
694
545
546
841
136
1
69
1460
133
36
224
715
558
1323
1054
721
1127
1213
1131
15
120
28
128
111
52
461
291
60
461
563
641
688
235
141
208
98
162
165
167
169
171
174
267
356
196
224
650
710
694
436
464
118
272
124
35
29
150
38
801
222
65
718
599
215
98
102
108
121
129
135
141
146
151
161
128
171
177
183
187
192
195
198
203
189
125
218
39
260
99
106
249
874
590
161
2
427
148
147
146
145
241
589
677
51
90
523
1471
982
79
310
1005
11
22
27
37
134
701
127
301
114
150
17
1030
1291
341
228
62
58
49
743
43
85
38
376
546
547
548
462
103
223
244
751
752
61
98
302
10
96
623
489
109
120
493
82
744
117
99
1216
145
200
174
216
151
220
226
1214
219
1
1
49
26
31
35
67
80
74
114
73
71
17
140
600
135
109
50
54
601
123
129
603
605
606
607
408
184
1047
609
70
38
45
9
542
544
147
139
144
150
355
22
23
107
112
117
121
128
135
1
145
153
160
166
183
188
193
163
12
200
205
13
216
15
222
226
685
686
221
195
136
140
687
209
215
688
172
177
181
187
303
689
690
691
692
693
694
494
342
383
695
79
100
104
113
119
247
156
114
696
118
41
233
225
230
236
441
451
315
248
64
109
1
671
666
70
71
387
348
667
646
642
633
627
129
590
632
628
481
511
623
730
505
141
731
11
733
734
735
736
737
738
739
6
38
404
740
441
444
564
684
11
717
519
522
217
107
727
261
33
554
597
663
591
33
520
513
271
574
279
283
276
285
290
293
295
297
299
302
305
308
310
312
413
615
608
603
234
653
507
686
545
701
551
676
506
505
504
738
590
158
895
36
753
168
119
120
69
67
231
696
541
531
784
148
9
421
573
291
380
377
372
368
30
43
426
441
14
64
226
216
210
265
125
102
111
266
858
63
694
161
227
198
107
101
863
151
358
4
1
167
116
18
22
74
389
385
376
370
365
291
33
420
421
204
422
441
454
15
30
236
682
1188
189
13
12
28
268
56
16
331
158
161
337
706
81
712
263
61
21
326
153
156
332
701
76
707
749
650
185
193
595
680
676
607
601
642
782
546
221
479
298
249
602
199
189
531
583
431
591
586
580
750
651
649
192
625
596
681
677
608
602
641
783
545
222
553
478
299
541
250
603
344
559
186
200
190
532
584
432
143
592
587
581
68
448
83
25
364
14
155
60
1028
790
506
913
961
956
952
946
897
44
57
246
547
128
55
112
950
551
120
352
611
69
132
1054
1020
327
977
1019
1015
123
933
911
944
937
508
135
922
917
913
907
514
515
516
517
35
466
510
1015
980
976
967
60
333
1148
156
1138
1140
982
1447
988
445
1017
1450
969
972
977
981
986
991
996
1002
136
49
1033
46
997
1036
1038
1042
1046
1045
1049
1001
995
1003
567
610
1005
1030
45
1149
1151
1162
406
1167
1055
311
257
450
378
544
271
551
1022
10
36
1059
30
702
24
1010
151
81
128
1279
651
820
1132
1463
1243
120
982
65
1464
882
1260
192
1465
684
708
1466
709
1130
1152
631
1019
388
114
1087
5
1090
429
772
129
56
59
40
130
123
147
85
124
1275
647
816
1128
1459
1239
116
978
69
1460
878
1256
188
1461
680
704
1462
705
1126
1148
627
1015
384
110
1083
1
1086
425
768
52
63
44
126
119
296
138
94
115
1266
638
623
807
1119
1450
1230
107
969
78
1451
869
1247
179
1452
671
695
1453
696
1117
1139
618
1006
375
101
1074
8
1077
416
759
43
72
53
117
110
290
132
100
109
1260
632
801
1113
1444
1224
101
963
84
964
857
1445
863
1241
173
1446
665
689
1447
1463
690
1111
1133
612
1000
369
95
1068
14
1071
410
753
78
59
111
104
457
383
375
20
440
549
551
555
310
341
560
554
569
233
330
155
788
648
116
454
1244
1274
1222
337
245
1189
95
140
139
1372
86
131
514
481
20
256
1241
19
52
88
136
1445
1446
1464
1073
1447
195
484
1232
520
157
316
64
859
491
1474
1322
281
490
121
1184
1174
1449
1451
1450
1452
1453
715
184
427
1110
716
268
1226
302
108
608
609
338
114
25
248
631
650
332
656
317
343
1466
1467
1468
1469
1227
502
234
620
300
12
51
114
597
476
472
474
113
1139
151
92
3
44
32
624
105
309
625
97
95
311
250
74
80
350
761
92
555
95
298
1103
1105
1412
953
410
982
1415
934
937
942
946
951
956
961
967
101
84
998
81
962
1001
1003
1007
1011
1010
1014
966
960
968
532
575
970
995
80
1114
1116
1127
371
1132
1020
276
343
222
415
509
236
516
987
45
71
99
1024
65
63
667
975
928
99
294
1099
1101
943
1408
949
406
978
1411
930
933
938
942
947
952
957
963
97
88
994
85
958
997
999
1003
1007
1006
1010
962
956
964
528
571
966
991
84
1110
1112
1123
367
1128
1016
272
339
218
411
505
232
512
983
49
75
103
1020
69
67
663
281
971
121
285
320
96
579
366
42
112
89
44
332
657
1094
81
359
123
392
396
65
64
2
1
2
1
39
36
354
2
339
9
12
16
20
25
29
34
290
44
47
49
52
56
59
62
74
76
78
79
80
81
82
83
85
87
89
88
99
30
103
107
54
57
109
111
431
476
413
105
282
279
555
570
86
569
513
572
25
31
36
42
137
581
548
143
104
63
385
213
62
210
44
486
501
82
504
84
85
179
173
503
13
16
17
444
641
574
534
9
578
538
5
2
3
4
5
13
14
15
16
17
18
19
20
21
22
23
24
25
26
27
28
29
30
31
34
35
36
40
41
43
44
45
46
47
48
49
50
51
52
53
54
55
56
57
58
59
60
61
1
62
63
64
65
228
229
254
180
17
15
262
731
6
3
510
525
55
57
58
203
197
527
89
41
33
59
225
226
251
1044
177
20
18
265
728
1045
1046
1047
1048
1049
513
528
52
54
55
206
200
530
44
36
56
547
1
548
432
435
438
445
447
456
460
117
465
467
469
473
132
476
480
483
487
491
494
496
500
502
503
505
508
510
512
181
515
518
520
523
527
530
532
533
539
542
545
547
549
550
551
552
553
554
556
558
560
559
67
74
407
79
85
91
563
564
565
567
580
582
40
5
583
250
585
586
322
328
2
58
572
260
324
576
531
534
536
538
540
543
400
516
511
507
356
633
99
108
436
89
468
347
125
237
384
637
449
481
594
465
490
644
645
646
647
648
649
650
520
652
655
658
659
662
45
664
665
41
668
671
589
673
676
38
30
157
158
495
489
337
679
680
37
140
683
13
129
1
3
376
5
538
343
96
243
565
4
519
518
513
509
358
101
454
434
91
123
235
382
635
479
596
463
488
642
643
644
645
646
647
648
518
650
653
656
657
660
47
662
663
43
666
669
591
671
674
40
32
155
156
497
491
339
35
142
131
3
1
3
540
345
98
245
567
2
521
16
41
57
875
876
878
778
794
882
886
889
892
164
1444
773
202
860
876
1198
139
834
835
837
737
753
851
841
845
1026
848
1034
426
43
74
123
70
73
1101
66
1463
78
402
209
1098
63
1460
81
399
206
92
1
258
69
76
496
697
109
296
500
122
125
178
222
758
760
761
91
287
155
772
900
151
152
160
167
33
176
183
192
161
200
208
186
30
213
216
253
259
244
265
269
276
282
237
293
300
303
313
322
330
336
341
254
346
352
260
356
321
363
338
195
264
270
368
298
378
390
360
399
404
410
9
246
423
429
255
263
439
445
389
450
396
401
454
458
196
163
1447
1448
1449
1450
984
1435
323
331
64
63
62
61
60
59
1451
58
1024
55
996
54
355
49
1038
1452
1453
44
444
25
286
25
33
125
176
28
26
321
328
94
336
344
170
349
354
183
359
364
335
368
376
19
18
17
16
15
14
10
383
181
220
230
236
400
4
60
407
412
246
417
420
425
233
431
339
436
345
88
442
445
449
455
456
460
464
468
101
479
1
484
489
20
21
261
158
389
279
176
47
100
272
70
260
464
1
196
37
470
435
463
13
474
418
421
54
57
62
66
217
10
1
351
428
229
460
908
513
382
199
193
289
168
164
540
518
190
5
63
109
57
688
690
262
145
524
183
696
182
500
501
700
704
705
282
285
327
525
600
103
108
709
712
330
617
447
171
719
240
190
104
90
156
54
1
2
52
49
37
367
19
11
352
8
4
1
3
7
10
12
16
19
21
28
303
31
34
36
39
43
46
49
55
61
63
65
66
67
68
69
70
72
74
76
75
417
410
405
399
393
6
176
177
178
92
57
7
174
182
122
166
264
266
270
273
277
280
249
284
289
246
294
298
301
306
154
309
312
18
296
160
318
113
119
124
129
139
38
188
103
43
325
212
329
334
45
4
339
346
128
1047
1044
1042
1040
1038
1035
741
32
209
203
533
39
151
738
29
212
206
536
42
154
736
27
214
208
538
44
156
734
25
216
210
540
46
158
732
23
218
212
542
48
160
729
20
221
215
545
51
163
21
27
30
12
783
256
3
367
274
271
260
253
247
244
668
239
785
370
6
9
349
352
363
376
379
45
384
442
2
438
347
444
1105
219
552
285
1012
535
463
249
245
176
170
1092
596
282
587
292
47
254
593
598
280
603
383
137
152
278
193
168
4
300
56
21
160
155
149
77
823
233
45
800
237
137
138
868
1079
1072
1065
1060
1054
1048
49
879
815
406
374
950
265
593
67
100
503
98
391
446
377
10
253
521
88
454
6
460
455
647
767
384
200
316
974
526
23
19
13
496
537
356
405
646
647
648
73
414
650
69
379
65
64
345
371
365
329
107
56
651
653
512
514
516
84
85
519
358
467
71
677
664
656
788
596
565
41
559
350
567
220
2
686
679
390
396
399
403
196
408
202
411
414
561
537
58
179
65
506
74
687
682
676
89
427
433
20
89
97
298
62
587
326
593
597
123
146
82
80
76
73
69
604
28
350
231
270
266
260
247
239
233
227
222
217
207
240
197
191
185
181
176
173
170
165
195
384
159
179
150
108
93
97
269
262
119
103
391
342
96
91
121
778
147
309
766
230
476
826
351
674
840
483
187
32
17
614
1118
531
532
99
101
105
108
112
28
5
122
157
163
81
87
11
774
91
97
166
190
447
448
536
537
540
247
385
422
178
224
460
2
239
37
22
609
1113
526
527
107
10
127
152
158
76
82
16
769
86
92
171
195
531
532
535
242
380
417
173
229
455
7
166
234
28
603
1107
520
521
101
17
83
16
133
146
152
70
210
213
76
22
1262
763
80
86
177
201
525
526
529
236
374
411
167
235
449
228
3
2
4
1
1
6
1
2
3
1
4
5
259
1315
868
1127
282
214
368
1033
203
267
676
433
603
604
605
519
1028
1029
34
36
39
44
703
624
14
660
522
726
727
287
928
939
932
917
912
908
902
906
12
595
89
83
81
76
67
116
823
729
43
68
829
21
830
472
473
61
218
474
602
10
823
818
24
705
681
36
579
312
685
13
442
411
690
692
665
451
510
228
701
23
706
682
358
37
580
311
686
12
443
412
691
693
452
511
229
107
294
70
385
288
282
279
1122
10
1240
1242
302
465
32
1243
3
1093
1082
989
705
1095
83
74
9
460
1096
433
73
414
50
44
39
34
24
57
24
25
206
247
47
20
387
424
75
166
64
671
702
72
604
619
507
226
603
668
523
443
90
405
217
799
190
56
732
635
354
731
571
533
852
854
53
31
342
339
334
330
153
178
172
227
136
3
2
816
722
50
26
75
19
822
28
385
417
420
423
430
432
441
445
102
450
452
454
458
117
461
465
468
472
476
479
481
485
487
488
490
493
495
497
166
500
503
505
508
512
515
517
518
520
524
527
530
532
534
535
536
537
538
539
541
543
544
52
59
392
64
70
76
548
549
550
552
557
561
568
235
570
571
307
313
17
811
717
55
80
817
33
57
541
315
560
377
154
149
169
81
6
301
826
230
217
42
803
234
703
43
717
52
882
818
409
111
154
109
196
695
691
886
305
394
678
393
1062
848
289
314
308
165
158
307
361
42
81
115
622
104
758
698
594
262
142
118
68
14
8
91
156
254
210
355
190
184
194
595
493
1093
307
316
266
284
272
343
178
477
138
806
808
122
72
18
12
809
95
160
258
214
379
591
373
366
495
446
497
314
985
118
296
85
90
97
516
517
519
140
235
991
994
95
546
374
331
101
557
559
565
764
566
770
613
571
3
1000
177
183
101
634
343
987
141
7
121
256
320
162
303
115
110
302
602
287
156
316
162
39
310
76
68
489
396
263
269
270
272
187
397
483
477
515
243
454
617
195
454
208
406
205
199
680
530
719
343
254
269
1
334
384
568
401
841
395
561
165
258
87
86
780
773
552
103
578
36
534
166
581
843
70
228
1252
592
674
179
185
226
427
395
17
20
1064
5
1113
830
75
536
618
444
73
1256
1257
107
1167
64
539
54
324
1258
1259
653
142
530
1011
657
546
68
74
565
1260
60
124
189
206
182
1162
232
274
24
273
235
558
81
388
147
243
249
463
819
883
477
378
380
60
850
701
778
98
30
215
150
467
763
72
146
140
106
822
141
251
252
253
143
155
447
398
29
35
1
596
578
462
173
175
215
286
355
552
171
172
213
644
595
52
539
541
325
545
96
208
265
572
574
575
111
188
576
43
168
260
262
266
269
273
578
580
581
156
109
120
125
135
582
584
585
586
587
588
589
115
510
513
590
592
309
591
594
183
458
279
550
555
465
557
559
561
563
565
43
571
51
427
433
64
67
81
82
247
480
602
599
594
590
322
710
382
75
155
120
328
324
318
305
297
298
255
249
243
231
223
442
217
237
74
244
245
246
208
166
160
154
708
655
1260
1261
1262
1263
545
634
781
414
22
209
214
60
235
713
102
485
486
487
526
20
694
92
333
647
1014
580
74
699
770
657
701
779
105
623
1464
1465
1466
1467
894
704
523
17
691
95
330
644
1011
577
77
696
767
654
698
776
102
620
1461
1462
1463
1464
891
701
518
174
12
686
100
325
639
1006
572
82
691
762
649
693
771
97
615
1456
1457
1458
1459
886
696
514
170
8
682
104
321
635
1002
568
86
569
687
758
645
689
767
93
611
1452
1453
1454
1455
882
692
33
105
374
65
63
59
56
52
82
537
146
182
98
83
232
297
383
306
309
165
697
698
699
661
700
667
668
701
226
443
21
220
135
139
208
214
145
158
166
240
255
252
702
172
183
188
198
689
703
311
178
704
705
706
246
315
321
519
537
707
708
709
623
459
66
326
262
56
50
105
314
35
58
116
103
307
33
533
1046
147
226
643
221
214
207
202
196
190
895
1060
117
120
649
654
659
1061
447
449
127
82
927
1062
1064
132
1067
1070
584
152
621
418
739
740
741
1250
64
341
348
642
1075
1228
410
1099
14
50
54
59
25
78
85
120
127
158
165
168
174
190
162
197
332
153
178
31
215
633
634
368
346
514
379
372
100
441
207
1072
535
1073
1074
303
357
352
348
342
716
1035
743
1075
654
1076
1077
1078
1079
1080
1081
427
418
883
79
1082
600
137
477
52
180
175
142
3
1
291
123
1089
1090
1044
1048
1092
112
328
110
154
152
144
281
37
89
84
130
54
107
46
1095
44
12
219
8
11
23
103
43
36
41
294
300
242
247
208
3
50
328
332
199
221
285
319
340
343
348
356
362
323
329
338
371
367
1256
243
33
38
1
159
63
10
12
1176
76
1258
21
1259
1260
1261
81
90
131
134
114
133
158
343
149
139
133
188
651
152
185
172
654
93
151
146
315
451
108
74
70
55
51
659
22
26
474
78
42
2
4
617
534
44
583
475
41
1
3
43
87
121
128
136
143
154
156
164
168
175
182
221
231
237
242
247
252
257
264
270
274
280
1
625
121
283
198
431
66
67
69
120
456
450
28
1084
637
896
51
1088
17
155
149
140
151
137
802
125
445
731
647
89
1258
447
213
219
209
33
1464
1465
1466
37
64
81
63
106
112
118
130
339
1247
188
882
825
1403
1467
44
631
77
307
23
510
629
54
10
352
859
1059
1053
280
862
472
309
279
30
94
7
240
703
82
80
590
613
218
88
39
1251
13
246
697
745
708
463
212
224
346
383
1056
918
1248
714
719
724
1287
1280
1273
1268
610
609
1262
1256
812
1216
1217
81
1284
112
1114
1388
1463
1233
830
1330
279
179
1464
200
264
286
805
1209
88
1277
105
1107
1381
1456
1226
823
1323
272
157
172
99
193
257
279
798
1202
1203
95
1270
98
1100
1374
1449
1219
816
1316
265
150
165
92
186
250
274
793
1197
1198
100
1265
93
1095
1369
1444
1214
811
1311
260
145
160
87
181
245
133
186
524
519
23
519
494
615
575
282
617
21
19
200
329
132
185
525
520
24
518
495
614
576
283
616
22
20
199
330
268
787
254
1191
1192
106
1259
87
1089
1363
1438
1305
1208
805
139
154
81
175
239
262
781
248
1185
112
1253
81
1083
1357
1432
1299
1202
799
133
349
148
75
169
233
72
566
114
113
1
2
531
369
255
690
424
482
635
374
689
425
636
599
544
629
625
556
550
575
187
212
532
402
379
388
11
581
438
143
144
244
291
341
503
504
493
487
542
384
378
586
428
635
281
393
351
14
337
280
275
272
270
268
266
263
260
257
255
253
45
955
734
355
215
426
227
388
139
252
39
119
555
373
394
403
128
4
5
694
424
822
300
698
301
699
534
512
196
11
69
682
268
151
518
189
690
436
184
96
162
276
279
321
519
594
97
102
703
706
611
86
441
165
598
25
1081
634
893
48
1085
137
148
134
799
122
442
1106
847
821
817
793
1044
335
337
341
344
348
352
67
63
182
191
173
176
179
181
185
186
189
167
191
194
506
509
511
18
17
16
515
516
519
497
521
524
401
187
106
112
376
30
145
36
209
389
530
1238
90
1239
1240
214
74
162
75
365
661
178
174
339
776
671
246
242
216
173
167
161
149
399
121
665
257
252
248
222
179
173
167
155
97
393
115
870
308
288
768
577
580
426
460
25
769
727
167
265
484
637
774
775
776
777
779
780
80
93
380
86
87
170
166
140
91
73
136
304
297
914
293
922
103
111
1266
287
1456
276
793
89
332
116
96
354
37
672
325
115
650
45
352
675
582
583
584
474
156
681
1183
564
565
72
124
277
439
608
538
443
444
121
332
955
120
156
300
176
172
146
103
97
91
79
277
160
353
91
191
175
168
5
98
585
96
458
65
460
463
420
384
691
185
121
747
78
530
535
538
540
542
544
547
550
553
555
557
565
743
629
22
142
98
317
616
523
528
533
296
537
321
119
829
210
596
649
86
174
287
479
580
449
202
36
87
162
788
568
311
638
572
629
630
631
564
136
442
573
566
423
419
614
338
372
315
268
276
330
522
307
303
279
577
284
345
181
180
457
18
17
294
239
47
144
294
42
35
164
120
472
254
246
909
18
36
913
274
15
211
147
1039
130
110
112
116
119
123
233
240
225
187
29
1209
107
86
102
108
78
74
48
5
1
7
19
51
930
696
70
211
180
328
329
905
20
276
295
790
510
519
101
104
3
901
9
331
746
923
130
926
115
789
17
282
897
5
335
869
675
484
260
293
286
28
919
922
498
119
785
187
181
13
278
873
19
359
293
285
895
143
898
357
254
102
128
1007
1255
432
434
435
436
437
438
439
440
441
442
443
444
445
446
190
4
262
511
726
693
266
487
168
167
263
498
594
2
3
357
358
205
655
591
188
408
467
12
432
643
177
42
999
878
17
160
245
12
344
248
869
515
306
786
542
863
859
833
790
784
778
766
872
110
106
144
875
876
877
879
91
881
884
481
435
345
346
237
243
54
12
36
42
64
66
193
183
177
232
681
465
257
677
265
24
274
1448
298
612
76
109
240
129
659
592
495
660
593
496
354
361
363
567
116
122
172
171
267
1254
1255
1256
244
180
87
910
28
5
594
906
21
29
931
740
212
291
461
462
463
225
31
36
51
377
156
356
466
467
468
358
438
232
94
235
47
234
188
302
331
132
613
94
55
614
378
547
11
872
97
101
66
9
294
9
15
248
297
195
380
374
128
273
435
604
534
439
440
125
328
951
116
152
296
92
454
61
456
459
416
180
176
150
107
101
95
83
281
156
87
687
134
267
429
598
528
433
434
137
131
322
945
110
146
290
575
86
448
55
450
453
410
186
182
156
113
107
101
89
287
150
81
681
736
620
719
460
721
409
406
723
54
725
727
728
40
729
244
290
730
261
731
253
213
512
732
206
500
244
563
1078
281
282
288
280
158
80
135
296
46
39
507
734
869
871
61
259
874
877
629
118
599
612
263
602
605
240
401
609
615
618
515
621
623
603
625
104
627
446
2
343
90
4
94
774
957
951
123
402
751
546
125
120
116
328
56
294
117
34
627
356
349
345
341
351
678
347
153
89
277
278
279
280
281
282
283
448
449
889
320
77
247
248
249
757
163
36
612
913
122
627
914
826
645
168
213
377
548
849
186
563
850
762
581
232
149
313
262
263
264
265
266
267
268
214
221
223
227
231
439
433
744
774
770
213
690
220
222
226
230
440
434
1026
1024
1020
1017
1013
874
593
547
539
417
598
228
448
394
403
26
566
453
519
571
209
353
125
408
602
366
1
305
306
330
514
325
677
433
443
342
680
62
504
500
344
495
507
263
273
172
510
232
674
501
343
496
506
262
272
171
509
233
675
502
342
497
505
261
271
170
508
234
676
434
458
435
742
594
416
428
411
591
347
590
357
148
256
259
183
403
289
285
695
698
205
45
51
705
707
711
715
155
272
56
8
38
52
77
81
87
100
108
114
125
130
140
107
150
156
162
174
182
168
197
239
244
251
377
414
170
452
9
725
25
606
1110
523
524
91
93
97
100
104
20
13
1262
133
198
528
529
239
1
150
728
491
729
729
730
634
63
52
86
432
63
436
139
60
239
42
143
117
664
427
615
665
618
45
903
850
310
127
387
391
424
419
397
408
388
599
598
327
23
388
688
334
328
472
594
262
447
441
711
585
354
223
113
112
111
221
335
329
594
182
161
68
71
136
1317
1318
158
65
145
53
906
821
767
452
772
131
616
595
596
306
444
481
237
519
42
673
1177
590
591
171
54
178
459
540
530
524
579
541
531
525
580
7
508
618
619
620
510
168
178
184
129
621
622
623
553
634
194
257
254
689
96
46
253
591
25
30
262
32
57
75
595
209
594
389
474
470
401
395
138
575
317
116
202
167
86
79
105
85
387
80
276
345
33
30
102
100
92
57
567
1105
174
714
2
266
263
74
132
23
911
1213
100
481
122
18
456
385
380
377
375
373
371
368
365
362
360
358
617
507
506
505
615
836
776
517
213
515
700
659
134
144
150
95
1457
89
1246
1247
1248
564
181
451
246
264
325
167
159
169
567
90
248
95
99
714
306
372
5
6
5
706
30
1133
1134
1
1198
1199
7
274
916
177
210
606
395
610
609
399
489
599
614
632
590
107
435
403
636
480
464
489
643
644
645
646
647
648
649
692
693
100
110
116
61
314
57
731
80
360
3
5
8
13
18
22
735
261
76
680
2
7
12
16
729
255
678
70
674
727
253
676
371
68
672
722
248
671
366
63
667
88
717
243
666
361
58
662
713
239
662
357
54
658
604
393
397
574
578
580
389
1
861
944
570
202
197
352
139
517
514
461
350
16
319
320
224
392
229
149
146
93
665
671
674
685
588
590
61
608
92
2
476
482
1
272
622
623
122
624
160
237
625
6
626
217
627
628
250
253
629
630
205
632
158
169
174
184
631
415
633
634
306
638
639
358
640
642
605
516
634
637
16
1478
1471
345
539
926
946
934
951
959
81
116
120
962
117
965
967
338
532
919
939
927
944
952
88
123
127
955
124
958
960
447
808
231
140
1010
485
235
710
813
75
27
32
277
280
284
288
448
449
411
450
417
418
451
707
233
17
9
561
235
233
231
228
225
183
174
599
560
593
592
559
418
189
211
433
135
158
646
647
648
651
271
652
653
226
654
621
4
655
210
656
657
658
120
659
660
251
662
663
664
665
666
667
780
213
212
211
268
465
295
680
675
198
8
717
502
338
759
594
436
260
683
33
649
601
686
672
688
589
431
265
678
28
644
596
681
667
683
216
224
269
274
279
284
436
403
727
58
53
981
1262
1263
817
428
395
719
66
45
973
1254
1255
1240
1257
759
17
765
770
774
780
237
449
185
787
790
795
183
402
797
803
808
816
727
252
142
52
447
165
415
420
424
430
113
437
445
466
485
669
664
53
36
695
121
134
358
102
103
104
105
133
131
21
20
19
129
357
101
102
103
104
229
35
75
76
77
33
453
197
198
199
200
413
210
395
212
218
328
350
231
856
375
538
539
540
430
869
130
753
192
197
12
10
2
72
68
1
7
13
433
1186
1190
208
120
214
939
165
221
228
183
990
318
84
93
383
176
182
267
263
194
188
257
244
236
162
147
301
102
134
102
133
132
131
366
223
702
305
179
169
163
218
229
108
703
699
630
624
618
508
120
650
645
85
728
201
109
967
959
1466
351
553
264
357
382
388
47
393
367
398
10
181
14
23
1007
1009
1011
1010
1012
1013
1008
1000
1001
1002
1004
1003
1005
1006
996
997
998
1000
999
1001
1002
440
397
449
451
446
442
436
503
18
506
19
20
21
22
23
391
935
913
508
133
924
919
915
909
512
513
514
515
33
3
842
392
393
394
395
396
25
156
147
113
200
98
22
159
787
992
1033
554
556
570
342
1034
794
861
863
843
865
344
1039
1041
1042
1044
1045
747
867
686
621
350
190
192
172
194
327
636
196
15
271
610
4
617
76
82
30
22
30
915
339
270
1
275
346
3
280
282
174
353
4
5
286
11
186
188
168
190
331
632
192
11
13
67
619
616
613
45
361
309
576
609
340
342
619
621
513
179
181
161
183
338
344
625
629
626
621
617
612
607
602
596
73
77
79
82
876
871
867
861
865
634
638
641
643
645
647
648
879
874
870
864
868
631
635
638
640
642
644
645
884
879
875
869
873
626
630
633
635
637
639
640
888
883
879
873
877
622
626
629
631
633
635
636
893
888
884
878
882
617
621
624
626
628
630
631
51
898
893
889
883
887
612
616
619
621
623
625
626
903
898
894
888
892
607
611
614
616
618
620
621
909
904
900
894
898
601
605
608
610
612
614
615
68
72
74
77
64
68
70
73
61
65
67
70
59
63
65
68
57
61
63
66
55
59
61
64
54
58
60
63
259
209
195
423
326
49
425
253
285
308
491
793
215
195
690
616
201
621
207
210
927
947
953
954
956
497
191
2
417
512
122
320
100
232
219
211
122
55
376
380
381
70
419
274
299
413
75
398
310
1
2
488
904
38
115
516
153
34
298
285
277
188
241
314
315
277
609
596
588
499
3
4
278
620
616
610
597
589
547
541
535
500
619
2
3
448
454
172
184
500
494
667
764
75
498
496
183
5
182
492
276
93
1149
372
375
580
537
206
389
543
372
138
77
475
488
548
395
404
1035
1033
1029
1026
1022
476
1037
474
1035
470
1031
467
1028
463
1024
201
197
128
122
116
197
87
86
85
195
131
219
601
334
250
363
321
39
407
405
397
132
307
39
396
199
329
711
224
140
473
211
71
517
515
507
242
417
149
506
309
177
330
712
223
139
474
210
72
243
418
150
507
310
176
331
229
713
222
138
475
209
73
519
517
509
244
419
151
508
311
175
221
603
332
248
365
319
37
134
309
41
398
201
285
605
408
404
401
621
619
155
817
623
850
843
122
119
108
106
103
101
97
95
93
92
536
713
717
719
907
710
100
261
271
277
222
714
715
716
718
720
646
725
565
726
567
727
654
674
5
184
251
730
252
253
329
21
19
18
17
86
201
277
31
834
830
432
33
34
35
430
426
423
419
34
684
608
916
51
55
453
918
919
920
455
459
462
466
851
679
334
312
921
922
923
991
1009
528
915
923
940
948
92
127
131
951
128
954
956
998
901
918
926
114
149
153
929
893
150
932
934
938
942
941
945
897
891
899
506
1469
1253
1016
148
149
17
7
1
56
583
48
376
93
524
662
684
437
745
662
786
333
92
272
974
31
841
1068
295
573
385
380
572
193
204
577
2
201
284
469
580
258
5
16
389
186
13
192
96
70
192
11
36
203
576
1
200
283
257
602
783
370
77
205
25
6
33
622
92
189
1210
39
628
940
1021
1026
629
179
1203
8
44
59
402
156
171
545
449
85
180
188
187
183
857
486
491
567
5
198
601
197
420
48
482
474
413
456
473
290
79
534
185
732
88
234
381
74
108
70
696
421
237
418
529
446
447
415
414
205
1207
1203
1134
1128
1122
15
301
375
458
464
549
545
476
470
539
526
518
444
429
134
135
18
38
353
355
357
121
19
20
165
208
745
380
748
144
2
298
244
396
250
254
259
125
1250
271
296
5
609
72
511
789
790
792
533
444
510
788
791
532
443
421
371
146
404
2
6
406
410
413
417
671
672
470
473
1073
1074
1069
1070
669
665
662
658
670
666
663
659
930
139
910
311
639
245
7
192
657
75
202
907
117
109
127
162
42
34
319
498
502
71
68
90
91
19
22
577
4
5
6
480
329
215
271
1122
503
1
2
3
4
5
2
1
2
3
4
219
128
210
57
884
182
179
280
271
264
261
799
791
181
184
186
612
381
362
356
209
134
41
44
13
281
231
410
416
424
427
404
1103
377
186
540
541
251
426
1104
536
1238
1
405
378
621
617
548
542
204
101
625
626
336
511
60
62
70
183
84
113
105
621
622
332
507
623
70
77
861
179
80
174
552
553
263
438
110
11
1057
180
1195
546
547
257
432
5
94
311
208
209
227
234
35
28
937
198
457
17
136
139
142
143
146
9
161
368
163
366
171
358
111
326
124
313
132
305
539
540
588
206
231
250
746
216
324
221
253
162
941
275
945
1454
1449
1441
1453
25
342
350
45
44
43
42
41
40
39
103
108
112
118
1043
36
1015
1040
35
374
1455
30
745
746
1454
30
337
345
50
49
48
47
46
45
44
1038
41
1010
40
369
35
38
337
58
57
54
53
52
1030
49
1002
48
69
50
68
67
66
65
64
61
55
74
763
21
73
72
227
142
57
271
272
420
593
577
85
130
24
26
3
785
369
99
465
468
815
479
428
423
5
182
186
188
159
501
502
503
504
324
320
318
325
321
319
326
322
320
327
323
321
21
17
14
18
22
24
142
147
151
157
517
904
912
929
937
138
940
139
943
945
949
953
952
956
908
902
910
512
899
907
924
932
143
935
144
938
940
944
948
947
951
903
897
905
968
508
895
903
920
928
147
931
148
934
936
940
944
943
947
899
893
901
927
1030
1032
502
889
897
914
922
153
925
154
928
930
934
938
937
941
893
887
895
1041
1043
1046
1051
1054
1059
947
68
781
782
1014
296
295
294
910
126
43
20
527
528
292
293
528
529
194
15
195
31
40
278
315
316
535
536
642
643
644
25
579
583
634
366
17
999
245
138
234
149
229
154
219
164
277
279
267
279
276
275
281
278
277
436
269
265
218
500
377
1
147
93
21
92
91
148
1021
1017
139
114
55
54
113
112
366
169
253
56
55
254
57
56
1278
571
1052
1007
1279
572
1053
1008
1056
1015
1062
1064
1068
770
890
709
51
608
4
329
151
286
57
109
213
211
197
61
113
217
215
201
64
116
220
218
204
4
9
601
505
490
491
492
612
613
327
48
108
106
92
627
43
113
111
97
622
549
705
703
689
2
90
30
219
400
453
609
607
593
94
6
126
123
304
438
972
969
967
964
594
592
578
439
973
970
968
965
595
593
579
440
974
971
969
966
596
594
580
1
560
716
714
700
561
717
715
701
275
900
431
429
385
415
761
49
763
777
401
402
281
247
1455
102
363
151
496
357
145
490
670
218
104
784
325
103
785
326
176
307
280
62
284
793
787
286
291
758
473
840
426
800
887
92
323
170
769
178
184
333
330
91
324
169
768
177
183
334
331
90
325
168
767
176
182
335
332
158
932
159
161
162
163
164
976
973
971
968
455
692
897
875
855
72
237
420
719
517
188
283
956
282
92
551
1161
1139
191
706
784
749
133
515
180
583
489
108
175
248
1218
857
1223
742
795
800
803
805
807
809
812
815
818
820
822
1228
1231
1232
29
30
31
32
33
27
152
28
136
127
20
286
175
225
69
612
280
153
239
130
388
1341
634
488
268
172
299
1214
1204
1198
1253
1215
1205
1199
1254
972
901
816
808
6
99
523
822
836
839
115
791
99
270
269
22
165
166
167
168
169
535
1185
1100
1092
655
787
286
87
183
184
452
379
1005
174
998
167
617
250
22
289
1151
104
645
646
1365
956
1366
957
120
89
449
187
188
189
190
191
185
6
186
31
993
286
171
13
421
578
907
656
975
758
759
977
978
972
974
975
970
972
973
967
443
446
969
970
315
555
173
1
1112
65
1102
55
1096
211
783
1
784
562
145
1344
637
423
483
761
99
1040
62
825
1
713
709
710
407
59
725
728
726
410
62
722
731
723
266
957
621
618
209
159
158
81
80
119
118
120
1
1
1
529
100
1
1
1
2
3
440
797
802
806
809
811
864
204
885
199
165
1014
508
1009
10
442
11
45
13
10
9
43
725
46
47
580
681
365
574
686
691
370
780
165
210
409
141
1
1
359
375
2
341
343
545
1
1109
153
89
270
336
284
290
291
293
166
342
11
1
1
339
281
287
288
290
476
169
469
281
108
555
984
674
713
671
129
310
120
204
26
199
301
366
367
23
155
18
175
177
157
179
372
342
638
1
124
34
415
231
217
108
113
1
90
539
593
787
3
611
3
617
257
650
59
523
829
497
1
1
2
3
1
272
3
462
454
1
1
2
229
72
480
857
859
860
506
556
558
559
240
408
668
403
442
8
7
90
89
308
2
127
309
1
128
221
765
511
766
148
419
100
1
46
47
547
48
657
193
195
175
197
324
198
200
180
202
319
916
917
143
82
827
830
832
5
185
1107
1
1
1
532
285
286
65
312
1
213
394
388
14
718
307
725
248
251
150
159
300
770
718
761
923
402
396
1
1
1
379
382
384
1
2
289
11
547
16
402
404
406
26
25
409
414
416
418
14
13
421
5
812
14
821
583
292
223
220
218
626
713
629
716
631
718
831
308
1
1256
596
149
432
529
403
541
289
139
78
289
288
1421
1423
1
987
49
195
3
200
239
157
310
719
196
758
208
1029
552
78
1
2
2
1
780
780
754
215
758
214
759
85
328
202
208
209
211
291
199
300
297
205
306
298
206
307
300
208
309
1
648
10
779
85
88
28
25
1030
82
268
350
156
697
357
245
330
826
138
140
442
439
335
943
218
320
333
726
377
729
1
574
619
