157
91
165
254
255
256
257
258
100
107
59
111
56
74
86
107
113
89
93
104
110
185
186
39
65
185
186
187
20
125
254
344
292
374
370
297
372
590
258
262
339
342
555
303
562
564
203
254
223
269
272
279
50
32
440
443
233
655
603
393
681
440
357
220
210
363
611
616
1
1
2
1
304
309
316
209
321
325
331
336
33
130
451
148
215
222
228
254
246
115
11
89
194
92
9
97
168
248
111
114
144
185
103
214
181
250
234
241
575
385
495
580
197
584
382
479
316
14
200
207
213
306
215
59
123
271
552
593
416
423
432
436
441
448
451
454
311
388
1
318
487
277
283
13
12
381
229
369
405
408
258
295
292
265
385
273
403
3
301
207
295
562
214
439
212
150
47
109
253
43
103
159
375
39
170
415
382
146
383
620
460
231
155
461
355
462
278
532
208
81
163
2
383
82
186
344
68
276
233
381
472
349
355
99
252
104
257
288
146
250
16
3
154
152
253
259
262
267
91
186
88
124
54
6
140
147
180
50
194
42
234
154
384
434
192
187
389
623
313
373
376
385
389
169
248
178
119
374
383
405
4
290
299
555
561
6
230
262
389
93
597
134
349
3
601
604
607
310
611
66
51
118
389
384
274
223
279
226
360
236
278
286
296
300
303
308
362
367
369
371
374
360
474
229
233
236
241
313
319
243
247
254
259
263
280
284
285
58
289
293
296
298
300
302
303
39
46
55
60
242
83
434
622
624
625
624
53
489
493
384
518
24
524
353
265
266
19
46
386
362
367
371
372
387
103
453
315
444
500
504
508
323
324
325
164
91
271
403
306
412
418
427
435
239
445
454
458
466
473
478
483
489
110
482
179
199
8
203
379
204
344
3
4
3
380
7
13
347
297
292
175
152
156
326
195
200
53
277
188
281
387
389
394
483
331
268
299
441
447
452
386
387
220
338
343
349
355
357
362
365
369
373
401
509
198
285
290
298
296
209
321
327
245
68
139
10
177
67
345
149
151
183
377
407
144
551
249
266
257
290
49
115
79
130
209
242
247
291
251
296
166
107
280
157
335
162
83
117
50
301
307
310
314
321
307
196
205
287
107
111
374
377
297
304
451
89
530
249
587
590
592
594
349
355
358
51
423
545
546
265
266
266
451
452
453
317
152
326
336
340
451
145
379
88
513
352
246
169
399
404
490
410
418
325
8
250
106
251
55
58
61
67
73
112
88
3
215
220
224
310
51
203
253
254
255
75
299
333
336
6
304
89
165
171
179
95
169
361
142
365
369
339
341
9
58
370
376
49
386
413
311
193
312
313
3
232
237
217
216
222
246
267
272
255
157
224
258
261
265
4
509
510
511
228
215
231
234
236
238
251
207
213
220
229
237
213
220
225
228
230
306
308
309
194
310
304
62
307
245
227
127
213
226
369
73
80
366
1
173
364
89
367
368
370
178
365
366
367
530
85
332
177
179
175
41
336
194
180
164
116
54
4
172
248
368
365
582
280
376
529
241
367
3
322
12
319
15
101
334
116
114
115
2
1
1
73
9
386
4
198
202
417
419
423
197
131
241
377
378
282
281
127
185
190
194
104
526
159
5
285
297
71
386
387
1
518
115
519
63
393
233
226
90
152
437
652
2
80
656
82
670
100
532
154
161
243
98
108
113
124
132
142
131
149
233
406
233
337
312
313
314
116
137
143
103
9
122
255
158
162
84
131
133
127
6
117
114
239
396
151
158
530
44
2
47
76
77
48
51
48
77
48
48
89
90
91
44
7
150
27
148
144
291
51
157
34
284
206
196
310
311
312
104
21
241
1
127
152
158
125
296
98
301
306
261
7
64
319
322
327
330
207
213
216
220
23
222
104
133
141
139
152
157
212
219
70
127
77
253
264
241
460
58
72
2
368
309
426
317
52
70
126
243
381
102
41
45
74
38
53
61
65
72
77
81
84
32
75
47
121
126
76
80
160
185
187
71
188
188
80
72
306
430
307
308
229
450
4
47
50
104
4
110
224
233
238
244
305
231
387
32
191
399
365
36
121
247
41
117
124
113
423
426
223
224
258
263
315
316
271
178
6
2
231
236
243
249
256
261
33
3
47
221
5
314
321
166
171
324
329
150
161
166
25
27
12
44
53
56
61
68
72
75
81
29
87
1
101
74
181
190
194
209
228
129
47
326
97
123
160
244
249
253
112
309
38
130
131
106
135
518
140
174
68
126
141
129
252
74
242
132
255
244
262
157
268
273
279
290
240
311
314
317
259
255
90
51
25
5
117
122
289
230
182
367
363
368
370
377
179
180
179
38
171
305
308
159
105
47
92
94
69
28
97
59
63
101
165
162
299
265
3
302
5
68
71
54
62
70
76
81
181
72
163
116
4
5
10
32
33
86
114
115
117
118
119
120
121
72
122
90
95
98
100
117
45
118
119
120
157
161
205
166
173
181
3
186
189
196
200
202
455
25
28
35
460
464
470
475
481
484
487
498
501
208
215
4
329
221
193
538
543
545
550
555
560
564
576
580
588
593
596
602
703
213
706
313
345
373
67
489
492
293
495
345
446
453
457
467
475
557
564
4
567
575
10
580
587
593
6
229
6
26
598
599
427
593
371
617
619
356
132
375
625
276
280
289
294
211
227
232
267
333
336
286
438
330
256
412
2
209
440
445
224
231
236
239
243
249
255
262
281
283
284
324
9
156
332
2
161
166
171
277
279
281
333
334
335
336
17
197
199
12
11
330
179
181
183
331
332
287
132
139
157
162
444
342
289
15
178
187
192
178
109
104
134
136
77
9
14
68
150
63
186
179
180
188
336
334
191
192
194
177
134
108
109
46
21
174
180
182
183
174
180
181
39
210
211
74
69
19
22
178
179
34
42
417
418
420
394
314
322
325
210
212
254
280
331
342
348
178
184
358
118
125
127
247
132
413
153
256
269
357
299
184
319
168
324
169
173
525
391
325
268
326
75
194
196
202
210
126
213
217
222
226
228
233
239
9
158
87
173
176
126
67
110
65
115
86
443
601
445
102
446
447
448
98
15
452
453
451
2
452
127
6
12
18
128
56
132
129
130
25
34
38
41
46
51
56
57
178
44
49
52
136
182
183
96
159
10
58
27
28
59
59
60
82
22
26
87
107
94
97
14
36
50
48
113
45
120
29
16
8
17
85
67
94
157
73
80
87
93
34
16
159
161
44
34
67
76
32
49
37
53
127
58
61
63
94
128
18
50
129
130
33
15
22
4
61
65
32
129
130
131
70
78
82
87
88
163
97
101
23
8
129
4
63
69
76
72
98
77
100
61
54
72
14
215
168
170
173
38
78
40
2
70
78
79
63
5
3
105
46
52
53
57
61
66
20
13
29
64
67
71
75
76
5
22
72
26
22
82
16
83
64
27
33
7
71
18
22
76
49
37
116
122
99
141
18
51
53
40
40
19
29
97
35
100
110
47
40
46
58
33
36
30
65
27
10
1
12
7
9
8
8
9
6
2
67
250
257
261
83
5
155
95
276
99
105
107
112
116
56
88
99
1
108
121
329
164
168
175
94
13
22
17
12
2
15
17
5
34
13
18
20
10
20
24
28
17
14
17
18
2
20
11
16
22
2
25
25
14
15
11
6
9
10
9
13
16
17
7
3
1
10
25
30
24
33
24
1
18
30
11
22
37
1
7
6
8
30
1
14
9
11
1
12
9
33
12
10
9
1
15
16
17
18
19
14
36
37
23
49
11
17
22
17
20
3
10
3
2
4
3
5
6
7
16
6
40
43
44
45
29
39
37
40
34
6
14
19
7
2
24
26
7
24
9
1
16
12
25
8
7
21
25
30
4
3
25
31
25
33
15
56
35
12
1
2
1
1
14
17
18
22
3
4
9
24
72
3
43
27
25
59
8
5
15
18
21
27
28
26
14
18
18
43
39
9
22
438
199
16
296
327
332
365
369
374
4
380
384
287
388
366
116
164
1
39
290
287
198
514
208
401
316
313
129
55
212
127
219
22
157
358
9
361
8
138
150
51
66
90
62
56
143
149
30
56
379
174
175
176
541
179
132
195
43
319
46
30
331
337
99
26
30
179
205
167
531
156
336
303
298
322
342
530
343
355
359
5
268
8
273
224
262
227
380
382
283
189
122
195
200
174
175
176
177
178
279
116
530
309
310
191
196
261
267
277
281
314
304
108
111
128
129
131
132
319
275
317
233
243
283
287
242
248
253
255
261
266
269
274
29
4
281
375
379
199
343
386
5
390
392
489
6
247
302
226
230
700
5
507
303
87
79
377
372
483
493
253
301
537
309
165
205
247
346
354
358
415
352
435
476
486
95
473
483
92
473
161
511
469
475
507
85
321
410
548
289
308
261
65
375
318
6
381
485
370
251
406
361
399
326
409
413
418
420
424
84
418
251
326
238
109
227
59
111
241
88
178
370
112
98
184
4
86
74
70
74
358
188
47
244
160
228
90
98
363
302
339
378
308
6
294
161
589
378
452
312
70
197
176
531
200
503
510
515
65
63
274
388
392
193
195
328
102
257
210
124
140
382
142
218
354
125
126
128
129
130
106
70
144
35
43
49
53
65
76
62
113
46
34
40
44
43
46
49
50
163
111
164
98
157
6
9
50
1
33
22
27
30
34
39
45
29
36
4
26
35
39
42
45
46
47
25
48
83
72
45
76
187
77
30
82
78
20
89
251
243
303
318
326
33
248
541
542
146
141
86
333
312
337
356
301
237
392
56
163
156
202
149
207
199
308
94
222
288
332
236
152
174
341
348
5
354
361
363
75
131
7
345
132
177
178
81
139
147
144
255
157
10
140
151
157
159
228
340
339
342
348
206
344
351
228
232
236
258
33
144
112
53
54
133
131
187
285
289
353
253
288
319
229
36
189
324
77
310
313
72
321
327
334
81
255
306
217
223
230
149
255
140
291
296
288
301
331
350
356
360
364
368
371
375
379
24
126
116
200
264
267
308
315
335
360
106
378
284
249
253
257
263
267
272
277
291
391
258
372
373
374
375
59
377
121
147
152
162
192
179
424
157
67
7
148
109
129
134
77
138
187
178
149
106
69
1
97
70
71
73
74
17
37
107
108
109
110
215
164
110
3
111
112
113
114
14
18
29
35
100
55
102
104
107
21
108
109
111
113
82
88
131
15
15
129
274
2
100
377
378
322
156
379
210
186
380
381
382
383
111
181
186
189
159
188
150
129
194
199
201
195
74
82
31
48
226
227
169
186
104
149
156
29
37
114
189
100
192
323
118
256
42
58
43
47
50
54
58
60
80
88
81
37
94
97
101
151
213
218
316
532
204
99
377
378
105
13
155
230
305
231
144
306
289
363
307
162
194
305
231
232
233
303
132
140
2
302
30
364
181
112
231
163
170
22
175
180
184
333
205
161
199
225
270
11
29
53
56
60
34
36
41
24
23
77
67
84
93
27
49
98
62
65
22
100
11
32
73
14
31
182
100
19
65
33
16
19
48
26
8
73
74
80
82
52
69
49
6
30
25
258
1
133
138
229
172
264
267
270
74
31
35
117
121
28
56
38
38
84
87
88
43
69
15
20
23
29
13
19
238
303
305
2
304
153
305
238
175
177
14
162
173
272
207
185
187
89
26
137
51
40
47
52
58
47
93
91
96
102
148
212
430
262
10
152
167
159
108
166
113
158
49
178
223
48
157
120
174
100
178
181
184
187
190
206
94
192
312
142
59
45
296
144
33
41
129
119
341
142
379
109
372
375
56
13
55
105
208
74
4
282
160
337
339
340
57
86
83
151
17
67
199
388
260
53
392
334
374
269
275
26
342
339
59
72
87
317
320
270
363
364
376
380
381
382
278
282
287
30
267
35
40
45
119
388
389
186
105
104
389
274
169
84
149
263
193
280
291
297
306
200
282
36
37
40
47
55
148
305
160
213
217
221
225
192
232
235
240
242
345
84
110
50
171
180
125
124
189
77
80
94
120
173
92
210
243
122
381
395
52
5
349
194
361
362
363
364
305
306
305
305
238
235
369
370
126
178
298
3
225
227
228
229
284
390
350
357
49
114
408
412
418
403
416
419
302
308
125
50
168
175
179
293
222
253
300
146
167
86
201
203
218
301
301
306
292
374
195
192
133
102
188
41
127
89
491
133
94
521
94
213
88
89
78
203
80
200
422
96
256
245
115
122
338
102
375
376
377
106
378
105
140
146
252
50
106
106
190
199
205
210
215
276
68
2
269
1
1
72
102
1
111
120
122
325
332
259
506
105
262
178
190
198
205
306
189
194
143
358
187
238
7
190
245
337
51
45
66
94
20
96
253
342
281
287
243
248
307
308
268
274
283
338
306
232
130
362
307
139
203
236
243
163
363
364
337
6
210
385
7
132
118
232
236
225
65
239
314
148
327
369
377
162
22
24
50
37
39
43
49
53
18
50
270
63
60
307
308
89
307
308
234
240
246
58
250
253
6
145
190
193
133
245
74
108
113
360
371
372
196
199
203
206
207
210
142
426
5
310
54
235
194
230
231
91
196
231
227
284
289
294
5
299
305
341
345
264
349
177
246
150
98
102
110
115
107
60
130
34
135
138
140
23
251
423
181
367
308
170
172
57
107
54
2
78
79
84
207
213
250
251
252
253
339
327
48
54
49
50
50
54
1
32
56
42
346
180
57
297
276
347
351
67
217
228
229
230
137
35
1
83
107
190
219
228
141
139
230
468
233
241
5
247
252
6
375
75
45
38
78
129
152
39
5
48
135
43
175
74
437
286
291
7
294
301
162
219
367
165
175
344
520
175
298
352
306
312
321
158
7
129
253
497
271
528
532
93
162
108
193
196
200
351
370
385
131
243
248
313
102
104
102
143
148
151
78
83
89
98
184
194
370
172
256
226
8
341
328
280
65
55
152
56
119
36
353
235
52
116
124
187
205
265
313
247
354
56
251
214
162
96
119
131
137
319
368
106
158
165
172
61
307
9
181
188
52
229
257
446
456
460
465
467
483
238
242
309
4
314
134
272
321
224
147
185
252
317
200
1
239
205
76
336
341
272
229
38
266
356
5
6
427
202
206
46
230
330
378
176
307
311
177
237
28
7
204
286
203
388
390
392
393
391
183
195
364
365
366
40
218
221
237
240
254
178
183
189
193
57
10
377
113
109
145
227
258
288
312
264
378
388
387
389
391
207
212
217
188
230
246
259
297
290
204
339
208
115
213
96
139
304
509
361
48
219
322
331
333
368
192
195
207
215
217
225
231
114
118
531
6
68
116
127
10
200
151
154
3
194
263
167
159
169
174
164
40
140
70
157
74
364
182
365
229
230
238
193
4
222
115
137
141
285
137
215
341
110
116
8
4
194
227
36
244
392
466
251
468
474
405
520
86
42
341
405
124
107
90
100
104
117
123
149
2
217
231
231
155
6
37
351
125
344
114
109
201
217
226
75
278
57
34
39
25
77
186
78
4
31
212
307
189
118
332
334
157
162
169
5
6
351
87
7
107
111
306
229
259
513
33
514
269
249
273
353
469
473
225
285
325
47
229
220
248
290
408
295
93
404
250
253
257
261
264
267
258
18
511
299
42
123
530
121
351
328
302
64
325
519
515
209
271
367
445
151
354
298
390
1
129
391
144
282
211
217
75
316
207
234
294
219
60
18
124
53
435
256
139
182
185
158
122
376
219
148
214
173
249
307
183
270
272
76
348
88
229
283
300
304
20
145
141
186
192
195
237
25
234
455
206
338
149
163
160
165
413
183
7
443
168
28
357
259
264
5
276
288
319
305
203
341
295
114
8
112
6
229
129
188
63
58
263
270
272
275
278
282
286
289
291
298
302
307
398
401
270
268
272
3
316
327
83
238
245
348
357
122
313
8
243
251
11
185
262
139
156
104
201
259
162
264
270
277
282
25
58
161
95
96
370
300
82
86
304
285
284
85
88
350
94
300
223
325
291
104
290
312
332
104
344
334
28
109
121
1
262
116
80
126
64
26
138
145
152
151
25
346
168
288
343
382
196
365
366
352
102
341
198
210
12
152
145
207
280
273
280
314
346
7
151
158
162
3
187
192
361
397
400
216
245
249
319
272
337
436
395
351
149
122
58
47
61
48
86
91
100
105
108
164
147
151
155
8
138
188
189
188
189
190
185
284
286
293
241
301
304
3
245
252
342
343
112
351
353
428
293
2
99
103
335
107
32
58
314
134
202
14
79
277
332
89
214
219
300
384
307
44
244
349
350
4
351
256
231
83
213
215
92
102
108
352
271
139
262
220
3
82
360
365
352
375
6
378
85
353
343
6
238
86
406
409
23
317
320
324
331
290
292
294
328
331
334
336
339
225
234
255
225
231
27
79
331
39
164
169
124
5
280
287
292
24
372
376
4
312
519
162
31
274
225
177
153
111
224
413
416
421
249
172
202
207
214
312
322
341
257
59
68
105
111
117
120
130
133
1
137
33
40
79
112
245
82
86
92
236
72
372
406
455
364
312
208
199
214
55
226
235
226
15
318
329
339
354
358
269
363
367
371
376
379
385
389
398
232
421
466
351
356
266
272
304
305
56
37
354
485
469
486
487
488
371
210
450
451
295
365
7
521
152
113
236
130
161
302
18
56
190
541
173
262
310
308
352
263
72
125
131
353
309
307
232
6
304
314
310
97
114
120
148
126
316
322
325
431
333
337
343
348
432
437
529
212
215
218
366
371
378
383
444
447
108
245
161
165
177
182
209
179
436
439
443
259
449
454
459
287
328
291
290
293
296
298
302
304
152
307
311
5
314
318
323
325
98
453
361
308
205
89
403
406
411
249
457
5
17
13
460
461
462
463
464
334
111
147
521
523
524
18
114
527
529
531
531
378
385
375
441
370
505
575
379
380
221
350
42
47
1
54
63
72
77
85
94
98
106
116
279
514
247
254
256
261
6
30
7
115
263
267
272
5
80
309
314
36
145
150
157
161
165
457
181
485
488
428
548
425
555
330
324
177
38
557
562
566
269
276
6
407
109
617
269
30
120
530
126
531
215
207
287
221
224
5
230
239
244
248
254
594
287
333
363
370
142
536
521
495
14
505
512
520
413
299
420
430
131
437
450
114
86
461
463
419
10
434
130
134
137
319
317
146
485
486
12
305
292
296
301
305
310
314
318
225
234
249
4
284
9
14
18
254
59
15
50
265
4
338
273
329
336
342
257
415
265
107
15
8
263
264
265
437
308
313
34
307
82
498
7
7
387
390
4
27
195
378
379
214
65
63
4
381
382
383
384
269
339
490
481
149
482
481
482
511
483
484
485
379
386
448
36
172
520
430
329
58
334
341
355
491
332
1
250
218
333
120
228
234
242
250
254
261
266
277
461
1
2
21
284
532
291
298
306
329
482
166
286
165
460
462
465
217
461
427
430
530
221
224
226
188
8
531
532
512
423
480
483
387
388
389
298
20
304
243
4
258
249
247
5
263
553
557
193
356
4
132
166
264
535
122
34
170
536
537
538
539
531
199
90
139
141
149
177
185
196
205
526
408
410
413
401
441
2
387
1
244
276
252
258
398
70
422
427
79
4
576
282
577
578
102
99
579
580
581
582
6
372
395
406
411
419
453
158
24
26
367
23
373
177
7
517
12
139
8
525
513
5
574
578
147
159
164
171
8
22
175
182
4
587
591
595
602
681
391
424
218
199
194
11
432
541
547
552
557
203
289
210
217
224
231
239
294
250
256
462
463
465
467
274
275
279
285
294
299
305
391
232
392
393
270
394
41
1
30
34
313
195
45
39
314
125
447
450
453
457
456
289
388
332
337
342
346
3
6
3
519
424
428
431
523
7
460
461
434
462
456
463
432
80
88
1
26
2
27
1
228
3
390
435
110
86
411
417
428
436
439
2
467
470
473
476
477
286
259
263
288
293
302
303
134
138
260
266
405
8
386
388
260
268
300
277
308
40
433
313
316
8
15
327
332
339
7
237
241
245
276
252
259
265
271
114
620
327
328
401
339
355
534
526
132
535
530
535
540
545
550
3
337
343
213
40
332
395
401
405
410
418
419
226
216
365
221
226
393
4
397
389
446
17
442
201
207
211
225
15
452
455
459
229
464
5
10
264
169
269
274
133
418
110
460
465
425
429
436
516
364
372
7
295
303
369
381
4
479
486
475
431
567
523
527
8
498
519
4
393
397
297
307
108
430
10
435
5
331
532
256
430
3
11
193
200
342
326
567
570
535
462
463
505
274
234
141
398
291
19
240
372
36
294
14
451
454
456
459
239
232
8
435
250
439
42
442
487
352
5
352
354
10
355
357
362
351
332
5
16
5
352
303
349
352
337
428
245
18
296
299
291
355
534
300
564
702
705
706
321
358
359
204
210
131
212
229
192
337
143
150
166
173
8
135
1
145
220
270
321
485
239
484
237
484
236
345
189
621
208
622
623
624
625
192
444
350
6
13
6
14
8
3
184
181
383
335
2
1
332
482
213
400
483
308
310
395
186
251
432
437
4
233
232
450
457
460
465
472
479
483
420
427
534
246
12
15
19
25
31
7
602
603
604
605
606
337
359
1
5
11
20
333
4
317
322
326
5
313
339
277
279
332
2
56
347
56
71
337
3
8
331
333
403
411
416
15
549
5
7
18
4
134
140
151
164
173
179
98
105
530
336
484
482
132
352
77
490
79
512
516
263
268
270
90
1
105
3
421
25
300
304
222
319
25
150
325
295
260
298
325
326
327
2
328
4
7
233
240
247
155
485
486
328
327
388
342
173
448
470
475
480
301
296
339
345
516
196
191
30
510
516
522
6
597
6
350
344
5
398
86
21
23
159
480
321
7
14
7
511
518
525
395
400
333
337
4
13
9
8
384
255
526
530
535
15
538
115
120
343
347
349
355
360
448
6
294
220
291
223
103
205
209
266
265
536
537
317
538
669
674
678
3
6
437
438
6
463
461
387
125
406
26
412
4
267
271
5
424
431
434
389
390
391
14
3
6
5
9
4
462
463
353
363
5
314
319
324
283
376
5
390
175
180
194
336
337
531
367
251
325
326
554
174
183
335
185
251
265
348
326
552
185
336
529
529
6
472
476
282
4
288
292
531
534
322
1
10
176
151
515
518
253
408
412
415
418
420
425
441
173
372
377
382
385
392
424
356
425
193
445
170
180
202
20
190
196
201
209
214
342
295
298
300
350
89
154
157
176
299
300
301
366
95
317
160
528
531
206
215
222
229
235
128
367
368
369
370
371
358
361
94
386
387
393
264
397
6
391
197
594
597
184
546
440
444
203
421
427
430
434
439
198
461
205
210
9
328
458
371
375
235
238
244
237
233
240
378
386
461
467
501
504
507
377
336
147
624
326
228
303
196
271
393
427
399
266
435
353
97
360
171
77
479
166
536
126
376
335
266
568
270
191
573
138
201
211
215
222
202
4
192
168
172
353
357
360
209
248
247
367
372
380
384
391
395
398
402
221
706
707
708
709
530
531
455
462
467
186
195
54
331
327
179
156
163
47
528
529
272
532
167
233
243
162
106
253
322
279
344
7
147
328
331
311
437
144
388
421
279
530
441
560
463
284
287
144
408
490
585
610
616
650
34
219
629
10
633
533
531
532
533
243
417
16
266
276
287
182
188
195
304
299
303
306
312
317
322
326
356
366
185
451
222
227
515
167
518
164
165
335
338
341
347
305
306
106
384
116
113
30
270
307
10
315
318
154
510
162
384
190
389
400
195
200
204
208
211
213
218
220
281
481
402
406
410
508
510
565
573
587
588
538
540
544
547
346
549
161
166
169
172
418
460
461
462
187
487
153
366
374
267
281
191
530
380
317
320
178
65
209
65
244
239
279
291
154
333
337
342
346
2
243
370
226
365
222
234
145
378
387
395
401
149
158
358
261
267
50
150
447
161
363
229
233
264
387
487
488
16
10
219
222
171
541
213
544
511
177
175
188
217
254
259
244
537
11
341
362
349
232
94
201
204
391
212
443
198
391
318
321
419
326
380
389
231
183
193
206
103
576
581
457
223
136
4
660
387
206
63
224
264
269
267
205
207
386
387
275
356
200
319
235
616
280
284
291
295
118
125
223
314
388
532
429
365
163
1
171
376
471
5
179
185
131
176
214
220
227
287
343
362
370
359
313
317
355
216
136
324
328
276
286
294
110
62
310
323
328
332
590
586
166
171
375
241
377
147
151
315
487
389
9
488
489
490
386
387
323
325
103
111
120
351
309
206
312
319
37
308
312
320
353
361
546
308
231
175
178
496
415
124
416
517
295
128
395
50
459
56
360
66
73
246
43
492
494
496
502
509
256
107
332
549
71
555
1
525
16
242
251
254
259
265
272
275
284
99
506
529
558
497
485
498
3
294
262
263
352
245
249
258
262
272
42
259
278
283
245
211
214
224
535
228
259
189
134
298
307
315
319
176
553
140
189
235
150
186
112
101
574
463
462
136
464
350
364
385
389
390
141
121
266
247
150
345
211
168
173
141
400
471
461
353
386
362
386
58
62
183
131
140
275
366
370
374
91
61
52
29
97
48
98
100
14
91
169
55
59
14
92
19
161
134
162
139
191
183
96
75
135
136
137
138
139
140
141
56
308
98
194
199
203
206
210
217
127
23
78
75
95
215
8
218
221
137
223
225
161
25
215
120
61
220
13
231
123
125
128
131
134
75
125
126
46
31
86
79
139
143
147
153
157
164
76
79
77
27
84
32
12
90
21
104
9
60
58
107
105
25
38
44
11
57
6
13
104
24
50
61
102
107
108
112
117
119
123
126
129
133
136
239
48
58
69
77
328
91
31
330
331
274
284
332
333
334
146
103
182
269
272
124
100
151
135
138
122
142
168
14
15
13
20
31
12
40
90
171
210
211
212
11
23
101
11
174
217
212
211
83
111
76
76
106
67
105
107
108
110
111
86
113
85
1
48
67
104
41
42
209
59
125
89
104
107
109
103
52
40
29
72
76
24
210
211
212
103
103
35
5
6
10
177
114
120
14
124
129
3
6
82
42
161
4
88
7
68
134
35
2
23
31
100
108
38
47
40
40
101
102
40
46
31
60
6
27
109
61
19
10
46
30
6
5
55
75
29
38
120
60
47
130
30
129
105
277
186
375
195
291
491
91
7
378
496
571
247
568
382
389
391
398
280
539
573
579
582
83
587
591
228
347
352
314
564
384
295
262
314
272
504
204
190
243
136
212
141
371
217
225
234
239
581
582
8
43
51
498
252
60
535
128
318
323
327
332
274
530
536
170
369
202
1
370
372
302
242
245
241
67
197
552
301
350
354
635
349
205
640
644
210
506
460
564
179
67
99
373
378
384
186
207
84
134
162
283
450
172
333
595
277
620
130
144
155
168
128
194
376
596
253
341
599
346
626
378
322
326
385
387
479
355
262
268
273
281
282
447
111
285
10
219
319
92
392
29
175
174
278
112
45
44
134
135
136
175
363
176
177
178
179
187
197
200
101
112
109
221
224
3
327
172
235
241
247
272
277
282
230
302
325
452
458
463
290
2
424
218
223
228
231
236
248
252
60
64
285
330
195
196
290
1
292
293
293
295
295
296
297
298
299
329
330
191
196
203
188
194
161
168
330
176
360
366
182
189
196
19
242
202
340
80
234
137
249
257
381
384
389
392
245
250
276
281
127
133
144
365
367
368
136
136
3
147
200
153
156
203
155
158
181
182
183
2
180
180
181
3
299
300
250
172
177
181
219
259
264
273
284
294
260
49
358
364
369
240
327
331
336
348
351
354
356
358
360
63
70
79
264
278
280
269
11
296
301
398
255
332
330
331
330
331
332
105
112
118
122
232
238
345
348
353
357
301
306
42
48
461
30
464
322
4
431
426
415
296
113
99
54
301
348
530
326
10
106
17
104
100
335
511
515
31
353
529
11
530
531
17
23
519
520
528
514
529
530
531
532
364
6
20
518
14
486
165
8
45
202
547
4
502
331
35
360
110
20
370
376
380
384
354
18
22
116
7
14
412
123
130
134
138
145
7
347
11
15
429
582
360
229
47
353
233
236
249
256
265
271
403
13
16
412
16
531
65
326
269
702
242
31
355
242
530
16
20
24
325
4
4
352
418
8
414
4
308
8
66
319
341
329
4
345
356
21
261
198
267
349
250
330
340
187
351
362
370
376
1
2
164
175
486
63
153
1
10
11
13
174
486
9
162
486
487
173
485
80
470
90
451
441
336
380
597
358
314
365
512
516
269
44
7
520
525
4
338
247
509
4
313
51
513
568
337
485
331
281
124
339
412
118
297
93
261
297
322
149
381
494
309
209
213
306
216
125
131
134
138
144
71
149
339
348
329
100
6
393
403
407
422
395
400
258
435
417
111
340
3
70
218
37
339
220
222
307
299
315
217
541
310
266
390
531
625
356
97
265
266
540
364
365
366
367
62
67
69
75
79
85
88
426
29
355
274
291
297
5
294
326
112
118
126
131
141
375
376
172
106
387
393
398
404
95
38
103
46
52
365
371
184
383
385
55
142
145
61
227
244
231
106
132
62
119
86
194
193
87
459
375
119
380
384
124
401
403
389
215
407
411
76
565
170
369
166
365
74
66
112
3
342
498
325
362
230
221
159
305
346
339
218
499
348
352
456
116
500
506
77
327
332
336
461
121
26
46
236
355
9
322
325
307
344
231
512
516
303
393
400
278
83
56
133
531
325
534
535
537
539
608
287
406
330
331
412
609
610
611
197
72
342
262
269
272
284
265
302
164
80
90
91
104
111
367
342
276
167
259
284
416
608
236
366
370
449
116
120
124
134
258
314
394
156
236
296
90
340
269
277
294
303
309
315
264
220
314
10
312
312
313
314
422
349
375
181
286
89
351
108
514
195
130
121
62
343
19
112
238
27
207
10
240
310
243
244
306
215
285
232
193
135
142
166
508
509
183
184
309
284
287
178
412
387
388
618
44
162
278
283
512
538
16
525
13
