1582
1
2718
4019
4020
2
3363
3365
3369
2
1
3
1
1
3
2
7
5
2
2
2
9
4
1
3
2
1
1
2
12
4007
1
1
2
1
3
4004
4005
2
6
1
2
2284
2314
2701
4
2312
4
1
1
2
2
1
1
3
4
5
6
8
6
4
3
2
3
4
3
2300
2301
1
1
2
1
4
7
2299
4
2
1
1
3
2
1
2
3
5
2627
1
1
2
2
4
8
9
2616
3
2117
4
2
1
4
2
5
2114
8
7
6
4
3
2
1
3
1
1
4
8
2607
2609
2109
2110
1
1
3
1
2
1
5
46
2112
2116
3
2
1
4
5
4
5
2601
5
3
2
1
4
3
1
1
3
2
3
2592
2595
2596
2597
2598
2
4
3
1
2
2595
2
1
5
4
3
2
1
2
5
2
1
3
5
3754
8
6
4
3
2
1
2
5
2
1
2
3
5
3749
3750
3
1
3
1701
1702
10
7
2
1
2
12
1
3312
24
21
3
4
3
2
1
4
27
4
6
7
2
1684
1685
1686
2
1
2
3
8
6
5
4
3
2
1
1
2
35
34
1
4
1
2
3766
10
6
5
4
3
2
1
3
1
5
4
1
41
3
2
3
2
1683
1687
5
4
3
1
2
2068
4
1
2
5
1692
2069
2
1
1
3
1
5
6
5
1687
5
2072
1
4
1
1
4
5
1
4
3
4
1
2
4
1689
1
1688
3747
7
2
5
1
2
1
1
2
3
3
4
1
1679
1681
1684
4
3
2
1
1
1
3
4
4
6
1680
1681
1684
3
2
1
1
2
3
1
1
2
1
2
4
2381
2
5
1678
4
82
87
1
2378
2399
7
5
3
1
1
3
1674
3702
1
4
1670
8
2
3
2394
4
1
2
5
1
2389
2391
6
3
9
8
5
4
2
3
1
2
1
4
2381
2
3380
3381
1
1574
3380
6
4
2
1
1
1
4
3
3375
3377
8
7
6
3
2
1
4
3
3031
1
3035
6
3
2
1
1
2
3
3
1
3
4
4
5
2
1
2
3
2358
1
3
1
2
3
2
2
2
3
5
3211
2
2
3
1
1
2
1
3
3200
3202
1
2
4
3
2
1
3
3195
3196
3197
5
3
2
1
1
2
2
3706
3708
1
2286
2288
3790
2
3
2
2294
3788
3789
2
1
2
2293
1
48
6
4
3
2
1
4
4
3
2
41
3341
2
1
1
2
3
2
35
3225
2
1
1
1
5
3181
5
6
7
5
4
3
2
1
19
4
3
1
20
18
15
11
4
78
4
2305
2306
2307
2
1
3
2
1
1
2
3
1
2
4
5
6
1
5
10
8
5
4
2
2
1
2
1
3179
3180
1
4
5
2
1
3
4
1
3
1
2
1
3177
7
9
11
3178
3179
3
3193
3194
3195
1
3
2
2
5
2
2
3
5
4
3190
5
1
2
3
6
5
1
39
4
1
2
3
2
4
2
1
2
1
5
3
3
3163
1
2
3
1
2
4
2
2
5
5
3
11
15
16
2
3
3162
3167
3168
7
5
3
1
3731
3156
3157
4
3
1
2
1960
3699
2
1962
3698
3700
2
1
1
3
1
16
9
2
1
5
4
3
1
2
1
4
1
1
13
2
3718
9
4
1953
5
4
1
2
6
1
4
3
1
2
4
5
9
6
5
4
3
2
1
4
1
3
2214
2218
2219
5
2
1
8
3
4
2216
1
3
1
1
2
12
3
1
1
2
1
2
15
3
1
4
7
4
3
1
1
2
1
9
5
2209
22
20
5
5
4
3
1
2
3
5
5
1
1
3
2
1
2
4
2058
2059
3
2
1
5
3
2
1
5
3
2
1
2
3
4
1
1
2
5
4
1
1
5
2
2
2
1
1
2
5
1
1
5
6
3
8
6
4
3
2
1
5
4
3589
1
4
1
1
1
3
2
3584
5
4
3
2
1
1670
3582
4
1
1
2
1
2
1
1
2007
4
2
1
6
4
4
7
8
10
3
5
4
1
2002
2003
3184
3185
3
2
1
2
3
9
8
7
5
4
3
2
1
2
533
534
1
2
3
4
2
548
550
16
4
546
18
2
1
1
2
3
1
1
3
2
1
1
2
2
3
2
419
3
419
420
422
424
1
419
4
1
1
5
1
1
3
4
3
8
13
5
4
3
2
1
1633
1
1
2
3
1
1
4
1629
1633
3
2
5
4
1
2
4
3
2
2
1723
5
4
3
2
1
5
1
1
5
6
5
4
4
1722
1
2
3
4
1
1
3
4
5
1726
1718
2
9
8
1
4
2
1
1
1690
1721
3
2
1
2
3
4
1
1
1
2
3
4
5
2
5
4
370
1
2
2
1
4
3
2
1
4
2
1
1
4
2
1
5
1
4
1668
1
4
5
4
2
1
5
1664
4
2175
2
3
2
1
2170
2172
2174
9
8
7
5
4
3
2
1
6
9
1658
4
1
2165
2865
1
7
4
3
1
1
2
2
1
2
1
1
2
2
3
2
1
3
6
5
4
2
1
2
1
4
3
4
4
2
1
1
3
18
1
15
2
2
3
2
1
1
1
5
1630
5
3
6
1
1
2
6
5
3
2
1
3
4
1
3
4
11
5
1
4
1603
1
1
2
3
3
1
1
1
2
6
4
2754
2739
4
3
1
3
4
3
1
5
4
1
4
1
1
2993
2994
2
4
3
1
2
1
1
2
1
2
1
2
14
13
9
5
4
3
3
4
3
2
1
1
2
17
1
2721
2722
3
1
2
3
3002
3003
1
3000
1
2
3
4
6
5
4
3
2
1
4
1947
1959
1960
2
1
7
3
3
1956
1
3
8
5
4
3
2
1
4
2
1956
4
2
1
1
2
3
4
2
4
4
3
2
1
1
2
3
2
4
5
4
1
2323
3068
2
1
2
3
2
3
1
1
5
1950
3
4
1
1
2
3
2331
3
1
1
2
2396
2401
5
1
2400
2401
3
4
5
1
2
6
5
4
2
1
2389
4
2
1
1
4
2409
2414
3541
8
5
3
2
1
4
3
1
4
1
2
6
5
3
2
1
3
1
2
1
2
1
2
1
2
3
2
3
3
1
1
3
2399
1900
4
1
5
2396
1
2
4
3
1
1
2
1
3
4
5
4
512
514
3
1
1
5
1888
1891
3
5
4
2
1
1
3
2
2
3
4
3
1
1
6
2
1
2
4
1
4
4
3066
3
1
1
2
3
4
5
4
1
2744
2745
2744
4
5
2
2
2
1
1
2
4
2743
1
1
2
1
486
488
1
4
487
5
2726
2737
2738
2
2
2
1
1
2
3
5
4
1
2
3
10
9
7
6
5
4
3
1
3
7
2715
2717
2719
2
3
2422
2424
1
2
4
5
7
2417
2418
2421
1
7
5
4
3
2
1
1
2
4
5
6
5
3
1
2
1
2
8
3
2
2410
1
4
2
1
3413
1976
3
1
3
3
4
6
5
4
3
2
1
2
1
2
3
3
4
2
1
1
2
1
1
334
3
3
2
1
5
332
5
3000
3001
3
1
3
1
2
320
322
327
3
3
1
2021
6
4
3
2
1
3
2
2856
3
1
1
2
3
5
1
3
313
314
315
7
6
5
4
3
6
79
4
5
2
2
4
2
1
1
2
2
3
4
1
2
2
69
1
5
299
3
2
1
1
2
3
3
1
2
1
1
278
9
27
277
7
4
3
2
1
4
1
3
5
1
2
3
7
5
4
3
2
1
1
2
3
4
1
2
2
2
3
1
2
1
1
4
32
33
4
3
2
1
4
5
2
1
2
2683
4
3
2
2
5
4
2
1
1
4
6
1
2
2
4
2
8
2
1
3
1219
2425
12
7
6
4
2
3
3
1
1
4
2493
2496
1
3
1
1
2485
2489
4
3
1
2
2495
2496
4
3
2481
2482
3
2492
2493
7
4
3
5
5
2464
2465
2466
2
1
1
3
9
8
6
5
4
3
2
47
42
4
5
1
1
27
28
2
21
22
3
2
18
20
2
3
4
1
7
6
5
4
3
2
1
5
4
67
2
3
1
71
7
4
3
2
1
1
2
2
3
4
3
1
1
1
2
1
1
2
3
1
16
1
21
6
5
4
3
2
1
11
7
5
4
22
21
18
1
26
8
5
1
2
3
2
1
1
2
1
13
5
1902
1903
33
5
3
2
3
2
1
1894
1895
1900
5
1894
1
3
4
4
1
2
3
2
1
2518
2519
41
8
3
6
4
2
2867
5
3
2
1
1
2
1
46
5
3
2
4
2
1
1
5
2
3
2
1
2
1
2
2
2
8
2766
5
4
2
2
6
6
5
4
2
1
1
1
2
1
2758
2
1
3
1
2490
2494
2
1
2
3
4
1
36
3
1
2
5
4
1
1
5
7
9
13
3
1
2
5
1
2476
2481
4
1
1
2
3
2
4
2460
2
2
1
1
2
3
4
1
3
1
1
2
3
4
17
16
4
5
380
375
5
4
382
381
379
377
376
2
1
3
1
2
21
22
1
1
5
14
1
4
1
1
3
2
4
3
5
427
425
6
2
4
2
1
4
2
1
2
1
1
9
10
6
5
3
2
1
38
4
3
2
47
1
1
4
1
8
4
3
2
1
51
49
46
43
5
5
4
5
4
1
3
2
2702
2703
2704
8
4
3
2
1
4
2699
4
1
2
3
4
5
4
3
2
1
3
2693
2695
8
2
1
1
15
11
10
5
3
3
7
4
2
1
2
4
2
1
2
3
2142
2143
2147
2
3
1
2
2139
2149
1
8
16
7
5
4
1
2777
5
3
2
1
4
1
3
1
3
5
7
4
3
2
1
4
5
8
4
2
1
153
148
26
2667
5
4
2
2
1
3
1
3
4
3
33
28
7
5
4
161
9
8
10
1
6
2
5
1
1
2
3
1
3
1508
1512
1513
11
2
2121
2
3
1
3
7
5
4
2
1
2413
2416
2417
4
1
1
3
3
2414
4
3
2
1
7
4
3
4
2411
5
4
3
2
1
1
2
1
3
1
2
2406
4
3
1
4
2094
3198
4
2
1
3
1
3
3
1
2090
3
5
2088
2089
1
4
2
1
1
2
3
4
2
2083
1
6
2
1
1
2
4
2089
4
1
5
5
4
3
70
6
5
4
1
1
2
3
4
14
1
77
76
74
4
2
1
1
3
79
3
2
1
6
5
2
1
1
2
3
105
103
95
106
1
9
5
535
2
5
541
1
542
3
1
2
7
5
4
3
2
1
540
121
116
112
554
552
21
2
22
18
17
3
1
106
13
12
11
117
116
11
9
4
108
15
2
110
109
95
16
1
1
2
3
4
5
6
247
1
3
6
8
1
5
2
250
280
2
1
2
3
259
255
5
4
4
310
4
1
8
5
3
2
1
288
8
314
1
5
6
296
291
3
1
317
7
3
9
8
6
5
4
3
2
1
4
1
2
301
2
1
3
2
1
312
308
3
2
316
5
3
2
310
306
5
335
1
1
1
1
2
3
5
2
2
2
3
2165
1
2063
2
8
6
5
3
1
2
1
9
4
3
2
1
1
2
1
2148
11
9
5
4
5
1
1
2
3
2
2142
2146
9
2092
2093
2
5
4
2
1
3
2
5
1
2
3
4
3
1
1
1
1
2083
2
4
3
1
1
2
3
4
2
5
929
931
2075
3104
2
5
2
3102
5
3
1
2641
2642
3
1
2
3
7
2
3
2082
3
7
1
2
2079
2080
930
935
2
1
5
2
3
4
5
4
2
7
5
4
3
2
1
2135
10
1
5
7
3
2
1
1
2
3
3
2
2
1
4
3
2
1
2
1
2
3
5
3
2614
2617
2
1
1
1
1
3
4
3
5
4
3
2
1
2131
1
1
2
2064
2
3
4
3
1
3
4
436
6
4
3
2
1
1
5
4
3
2
3
1
4
3
1
1
1967
1
2
3
4
3
2
1
1
2
4
3
3042
1
3
3
9
3039
2
1
1
2
1
2
3
1
1
426
427
2
1
1
3
4
1
2
3
3
1
2
4
1945
1948
1949
4
1
9
3
1
1
4
8
6
3
24
25
27
29
4
1
1
2
2
2
5
1949
1950
1953
4
1
1
2
3
485
1
3
2
483
478
1944
490
2
11
10
4
1
2
2
1
4
5
3
5
3
6
5
4
3
2
1
1
3
4
3
526
524
522
521
5
2
1
523
1
1872
1873
1874
1
8
1873
1
33
29
1
4
1
4
5
6
8
3
6
5
4
3
2
32
28
17
15
10
2
1
1862
1863
1865
45
36
7
1
2
1
3
1
1
2
2
4
383
2
1
1
2
1
2
3
3
1846
4
378
379
2
1
1832
1834
1835
2
1
3
5
2974
7
5
4
2
1
2
3
4
3
2
1
5
4
2
1
2
5
370
373
375
3
1
7
2
1
6
4
3
1
370
3
2
2
4
3
2
1
6
3
4
3
2
6
7
8
5
4
3
2
1
1
5
4
3
2
1
6
3
2
4
1
1
2
11
2
5
2707
1
2
5
4
3
2
1
2
4
3
2702
9
2
3
358
360
2700
2701
5
2
1
1
357
363
3
3
1
5
4
3
2
1
1
5
2
1
3
1
2
4
3
2
7
1
4
3
2
1
3
1
1
2
2509
2520
3
8
2515
19
10
5
1
1
20
22
2
1
5
4
3
2
1
24
3
2
1
5
2
1
3
4
1
4
2
1
2
3
1
1
7
92
2507
2
1
2
2
1
3
5
1
82
87
2557
1
2
3
5
4
5
73
4
2
2
2
1
2
3
4
1
5
68
2
6
5
4
3
1
2
2
2
2
2
1
1
2
4
1
2
4
1
1
7
3
2
1
1
2
3
3
1
1
2
3
12
10
2
2925
2923
2924
4
2
5
2
1
4
11
5
3
1
1
4
5
1
3
5
2497
2498
2500
2495
2496
5
1
2491
2492
2493
2494
1
2
3
6
4
5
1
2
5
2495
2
1
2
3
1
2490
2492
5
4
3
2
1
2
1
2
4
2121
2122
1
1
407
408
5
1
2489
2491
3
2
1
2
3
6
5
4
2
2116
4
2
1
393
3
2
1
4
4
5
2
1
2
4
2495
5
4
3
2
1
1
1
2
2488
2491
3
2
1
1
1
1
4
47
6
1
2091
2092
2093
2096
7
5
4
3
2
1
3
1
2
3
4
2528
63
2
1
1
2
3
4
5
64
3
2095
2096
3
2525
1
1
1
1
2
4
3
1
1
2
1
3
1
2
4
2475
1
4
3
64
65
69
2515
2474
2
1
62
2474
2475
5
4
2415
6
5
3
1
6
4
1
5
4
2469
1
1
5
1
5
46
2468
2
1
2
3
4
5
6
4
3
2393
2395
2398
2399
4
1
2391
2393
2394
2846
4
41
1
2
3
4
5
3
1
1
5
2843
2
4
5
2
1
25
27
4
3
1
1
2
3
7
2460
261
1
4
2
2
4
1
1
3
5
2
2453
263
265
266
4
2
1
1
3
2
1
2
4
2448
4
1
1
1
4
3
4
3
2
1
1
2
3
2
4
2
1
2
71
2478
25
22
21
3
2
2438
2439
2
27
1
28
7
4
3
2
1
4
32
30
1
2
1
7
3
1
2
65
3
1
1
2
3
4
5
3
2422
3
65
1
1
2
2
3
2415
4
3
2
1
1
2
3
4
1
1
2
3
1
2
3
5
3
4
2
2
3
7
2394
1
1
1
1
5
4
3
2
1
4
4
3
1
251
252
4
247
250
1
2
3
10
6
5
3
2
1
4
2405
1
1
1
2442
2444
23
2401
2
2442
25
2
30
33
1
2
8
7
6
5
4
3
2
1
217
220
2494
2
1
20
21
23
24
7
2
218
2431
2435
8
6
5
4
3
2
1
4
1
2
6
2
1
1
1
3
4
2
1
4
1
2
2
6
5
4
3
2
1
70
69
70
3
1
8
5
1
1
2
69
66
1
1
4
5
3
1
2
1
3
1
1
61
2407
24
18
3
29
28
26
3
1
1
66
6
5
3
2
1
3
2
68
3
1
66
65
61
60
35
2
1
87
83
17
16
15
14
1
2
4
561
596
597
615
1
8
10
13
4
3
2
1
1
4
3
4
4
1
3
4
7
5
4
3
2
1
5
1
2
1
1
2
3
1
2
3
1
2
1
2
3
14
3
1
15
1
600
5
4
2
6
3
2
1
1
40
1
40
585
2489
7
5
4
3
2
1
4
3
1
2
13
8
1
19
14
1
1787
2
4
2
1
1782
2398
2400
5
4
1
1778
1781
1782
3
2
1
2
3
4
14
18
19
5
1
2391
2393
2
1
3
1
5
9
4
1
4
3
1
2
4
5
6
1
2
5
6
7
8
7
4
3
2
5
1
1
1
41
42
34
40
1
5
4
1
2
23
1
5
3
4
9
5
4
1
10
30
2
3
28
1
1
37
34
1
3
1
2
4
5
2
4
545
547
4
3
2
1
1
3
1
1
5
4
2348
2349
2
1
1
3
2348
4
3
1
3
10
13
2345
2
1
2
1
2
3
4
1
3
432
1
1
2
3
4
6
3
4
438
435
1
2
1
35
3
2
1
40
2328
2330
2332
437
436
429
3
2
423
4
431
430
427
424
5
1
425
6
2
1
1
1
4
2359
3
2
1
1
2
373
374
3
1
1
385
2355
4
3
1
2
3
2
57
55
2324
1
61
57
3
58
4
3
2
1
2
1
2
3
2
2321
1
1
67
2319
374
4
2
2347
69
3
2
1
1
2
71
1
4
2
2343
5
4
3
1
5
4
2312
2313
1
2
2312
2313
7
5
4
3
2
1
6
2311
2312
1
6
1
7
5
4
3
2
1
363
4
3
2
3
4
4
3
1
1
1
2
3
4
367
3
2
2
1
1
3
1
1682
4
3
2139
4
3
2
5
3
2
1
1
2
5
1675
1676
1679
5
2134
4
3
2
7
5
4
2
2
1678
1683
4
4
2132
2
2
4
2
1
1
2
1
3
2127
2128
6
1677
5
1
1
1
2
2
1
9
4
2280
4
2
3
2
1
1
2
2
5
2276
255
8
1
5
4
3
262
257
5
3
2
1
3
7
4
2
1
5
2
260
167
20
19
1
3
7
1654
1661
20
10
5
1
2266
6
5
4
3
2
1
4
5
1
2
1
12
7
2
1
267
263
197
193
174
172
1
2
389
203
1
204
200
199
2
1
206
3
5
4
2
2
1
3
1
2260
5
2258
2259
2260
2
4
1
1
1
2
2
8
6
5
4
3
1
4
2
1
2
3
1
5
2
1
1
2
15
2246
1
1549
6
4
3
2
1
2
33
1
1
3
2
243
2
1
1
244
243
6
5
4
3
2
3
1
1
8
6
3
2
1
3
2
1
256
4
2
1
1
2
1
2
3
4
15
2
13
2
1
2
2
3
265
1
4
370
371
1
6
5
4
2
269
2
1
6
4
2
1
3
28
11
1
5
1
1
3
31
3
8
5
4
3
2
1
9
4
10
9
4
1
389
5
1
1
390
11
2
2
3
1588
7
6
2
13
12
2
1
1
397
395
2
1
22
16
4
2
1
396
395
393
23
1
400
397
3
2
1
1596
399
10
8
1597
400
1
1
1598
2
1
409
2
1
12
2079
2080
2
1
1
2
8
10
2
1
2
1
4
2
1
1607
9
7
5
1
1759
1763
6
4
1
2
5
4
3
2
1
1
2
2067
1
1
2
4
1
1
2
4
1
1
1749
1750
1751
8
2
1
1748
8
7
5
4
3
1
2
1
1
1
1
1
9
1
2
4
5
1742
10
7
6
5
4
3
2
1
4
3
1
1147
1149
2
1
1
2
3
3
1740
1
2
4
1145
1737
1739
5
2
2
3
1636
2
1
1
3
1737
1
5
2
1
4
1
1
2
2
3
1
12
1
4
1133
5
4
3
1049
2176
4
1
4
2
3
4
5
6
1
1125
1126
3
1122
1123
1124
1
2165
2
1
1
3
4
5
3
1
2
1
2161
1583
1
3
6
1
1586
2
116
3
1
1
4
3
2
93
97
2
1
1
93
94
2
1
2
5
4
2
92
4
1
1116
1117
1115
1
2
4
5
6
7
2
1
3
2
1117
1120
8
3
2
79
85
5
1
2149
3
1
1
1
1
1
3
6
1
3
4
5
7
2143
7
6
5
4
3
2
1
4
1
1
1
2
3
2
2
5
54
1
4
5
6
5
4
2
1
3
4
4
13
9
38
43
7
4
3
4
1
11
10
7
6
3
2
1
2
1
1222
1
2126
5
4
7
4
3
2
6
2
1243
1236
1232
1228
1
9
4
1
21
23
3
1246
3
2
1
1
2
3
1250
1
2
5
1251
1250
4
1
4
5
6
5
6
9
13
8
5
1
12
3
1
1
1
2
1
3
4
3
1
4
1580
1
1582
1581
1577
1576
1
1578
8
6
5
4
3
2
1
20
5
1
1
2
2
3
3
1
1
2
5
1
2
5
4
3
2
1
3
52
50
3
1
2
4
4
2
1
1
4
2
2
1
1
3
2
2
1
2
3
4
5
36
64
69
4
1
75
2
14
28
77
2
26
2
1
5
9
10
6
5
3
2
1
6
4
5
4
1
98
5
2
8
12
14
15
5
2
3
4
5
6
1
2
1
1
1688
4
2
1
1696
1693
1689
1
1702
1699
1697
4
3
2
1
1
3
2
1
2
4
1
1
114
2
1
115
113
1697
1696
12
1
2
2
3
4
14
3
2
27
4
1
33
1
2
3
4
1
1
5
1
38
37
32
5
2052
1696
4
3
1685
4
1682
1681
1699
1696
1700
1688
7
4
3
1
1689
1684
8
4
3
1686
1681
4
1
3
2066
3
11
6
2
1
2
1
2
2
2
5
1685
1663
5
4
3
2
1
7
1668
1667
1664
3
1
1
3
1671
8
5
4
3
2
1
1673
2
9
2
70
1
1
11
26
1
1
3
18
17
2
70
28
2
3
30
29
19
76
72
6
5
4
2
74
73
4
1
5
1
77
3
2
1
78
76
75
74
73
72
71
2
1
27
24
22
28
23
12
11
10
1
1
2
3
4
5
6
7
8
9
12
1
2
1512
1513
1516
3
1519
1521
1
9
1517
1520
1521
1
1
4
9
3
5
6
2
1
1
2
3
1
3
5
6
8
4
1
2
5
4
1
2
3
3
1
1291
3
2
5
3
2
1
1
1500
1501
1502
4
1
1
7
5
1
2
4
3
2
1
1288
1292
3
1
1
2
1
3
1285
1286
1289
2
2
1471
1483
2
1
1
3
2
7
5
4
3
2
4
2
1
2
5
1463
1
4
1462
3
1
5
1283
1284
3
4
3
1
1
2
1458
1
1
2
4
4
6
9
12
3
5
4
2
2205
2
3
1
2
4
2
1
1
2
3
1200
3
2
3
1
1
2
3
4
2
3
926
2
2
1
1
15
3
943
940
11
9
8
6
5
17
2
932
931
5
933
928
2
1
1
2
3
2
3
4
923
1
1
1
1
4
3
2
1
1
3
2
1
4
5
1
1
2
1
7
5
4
3
2
1
1
3
4
5
1
1
3
2
4
86
85
82
77
76
3
1
9
8
5
4
2
1
2
1
2
3
11
7
3
2
1
1
5
18
17
1803
1804
2
1
2
1796
1800
20
16
15
5
4
2
2
1794
1795
1797
2
2
1
9
7
5
4
3
2
1
2
5
3
1
5
16
1939
3
1
1
2
4
4
3
1
2
3
1
2
2
2
1169
1173
4
1
5
2
1171
4
2
3
1
1
3
4
6
7
5
4
1
3
7
13
12
3
3
1
4
35
34
31
1922
3
1
1
4
3
4
1
1
2
1
2
2
13
5
1162
7
6
5
3
2
16
3
1
2
543
1157
548
8
7
6
5
4
3
1
589
5
4
3
15
4
1
3
10
3
596
592
591
6
3
2
18
18
19
1
21
20
1
22
7
6
3
2
1
605
602
8
6
5
23
18
5
607
606
604
2
1
2
3
4
5
6
7
6
1926
1
1
1
4
2
1
2
3
1677
1675
475
480
5
4
3
5
5
1
1
2
3
1
1643
1632
1
4
1
3
4
1646
8
4
3
1912
1
5
4
2
3
2
4
2
4
5
1634
2
1
2
466
1975
1
86
4
3
2
2
1
1
2
3
3
463
1967
1968
5
3
1
5
3
2
1
1
4
1
5
2
2
1
2
3
4
5
6
4
3
1
4
2
2
1
2
2
1
5
3
1
1852
1851
1848
3
2
1
1853
1184
1
9
5
4
3
2
1
2
1
1
16
5
3
2
18
17
14
6
5
4
3
2
4
2
1
4
2
1
2
1
4
3
1
2
1
4
5
6
4
1
1160
8
5
3
2
1
2
1
30
7
4
2
1864
2
27
1614
3
1
2
1861
6
5
4
3
2
1
11
5
10
22
4
2
1621
1620
1616
6
5
3
1
1
1617
15
14
1627
1622
9
8
6
4
5
1
1
4
5
1635
1
1
1636
1635
1637
3
2
1
2
3
1
1
2
1640
1847
1848
1659
1
1675
1674
4
2
1849
1675
1670
5
4
2
1
1682
1
3
1689
1
2
4
1690
1687
1685
10
2
2
11
7
5
4
3
1
12
5
1695
7
5
7
2
1
1
37
35
5
3
2
1
4
1
4
6
5
3
2
1
4
4
5
1
1
3
84
79
78
4
2
7
5
4
3
2
1
1725
91
8
5
4
3
63
59
55
54
13
9
99
96
95
94
90
4
3
1727
9
4
57
56
52
16
15
3
87
86
82
67
66
13
9
4
1
87
86
84
83
82
1722
20
17
16
13
4
1726
1724
1723
22
21
1
1
2
30
23
1
31
1
2
3
12
140
1838
1841
1
2
3
4
5
6
7
5
9
2
1
1
1
4
27
30
1822
1
4
5
1821
7
5
4
5
69
1840
128
129
1815
1816
2
1
3
8
4
3
2
1
2
1
2
3
2
1
2
2
5
8
1
2
5
4
3
2
1
3
2
5
5
2
1
6
4
3
2
1
137
191
192
2
5
4
2
1799
1800
2
5
2
1
11
9
6
5
4
3
2
1
3
4
3
1
2
1
3
2
1
3
2
1
2
23
12
10
4
5
4
2
1
1
165
4
2
1
2115
4
3
2
1
1
2116
2115
2114
2
1
2
3
1
1
11
7
6
3
2
1
12
2113
2112
2109
1
3
2114
14
4
3
2
1
3
4
1
2
4
19
18
2
2
2064
1
2
4
20
3
2070
2066
6
5
4
3
2
2066
24
1
2068
2
1
1
59
2
1
60
4
3
1
3
2
1
67
66
62
3
2
1
1
65
4
71
70
66
1
2077
8
5
3
72
5
4
3
2
2075
2070
2065
6
5
3
1
2
2
2064
3
1
1
3
2
1
4
2063
2060
5
2
1
82
2
83
79
1
1752
1
4
1750
1751
2064
1208
2065
6
5
4
3
2
1
3
2
1
1976
1975
1971
4
1204
1973
2
1
3
1975
1974
8
7
5
4
3
2
5
3
4
1744
6
3
1
1
2
1
2
3
1
1740
1741
1
2
1
1
2
1
7
10
7
8
5
4
3
1
4
2
1
6
2
1
2
1
4
2
1
3
1739
1740
1741
3
1
6
5
2
1
2216
2
1
3
4
5
6
2
1
3
57
58
59
60
30
1
3
4
1
1
4
4
1
5
3
1
7
6
5
4
3
2
4
2
1
8
4
5
5
3
2
1
2
2
3
4
3
2
1
3
4
5
6
1698
4
2
1
10
13
124
122
1
3
1
1
2
2
1
127
124
119
5
4
2
3
12
13
15
4
3
1
1
2
2
3
34
30
29
3
2
1
1
1
33
7
6
5
3
1
34
8
2
34
29
24
16
4
3
36
10
2
24
36
32
31
2
21
1
2
1
2
2
3
2
3
55
5
3
2
1
1
2
2
3
4
1
1
44
1
2
3
10
4
8
11
2
1
2
3
22
26
1
2
1
3
2
16
18
20
3
2
5
5
4
3
2
1
1
22
1
23
21
3
2
1
2281
1
4
2
3
3
2
1
2286
1
2288
2287
2285
2288
72
68
11
6
4
3
2
2287
2285
7
6
3
2286
2284
2278
1
4
6
2
1
1
2
15
10
21
3
1
18
4
3
2
1
3
4
5
3
2
1
33
4
2
1
1
2
3
2
3
4
5
6
2290
6
1
2
24
25
36
3
8
1
4
15
16
3
1
163
2
1
2
3
2287
12
14
166
163
2
3
5
6
5
3
1
5
9
48
47
3
2
6
3
1
1
8
2
1
52
4
3
2
1
2301
2
2299
1
1
2303
2302
2301
2298
2297
10
1
1
2
2292
177
1
178
15
12
2313
2309
23
8
1
1
2
3
4
5
6
8
1
2
1183
1483
2
1
2
1486
3
1
3
2
1
4
2
1
1
1
3
2
10
12
4
3
2
1
10
9
7
6
5
4
2082
2060
2059
129
2055
1
2056
1
2
7
1
1
3
2059
2058
1518
10
9
8
5
4
3
2
2061
2
1
2062
2
1
2060
1
1
2061
2058
4
2
1
2049
2057
2056
2055
2050
2
1
2062
2058
2059
6
5
4
2
1
2053
4
8
6
5
1
31
2
1
1
2055
2049
4
22
11
3
7
34
33
29
28
23
1
35
5
4
2
1
2053
2054
2050
2049
2045
1
2047
2046
40
38
7
6
2
1
2063
2062
10
8
7
29
19
18
1
2
3
5
6
7
1
2
3
1067
3
5
1964
1063
4
910
1
3
4
1
1055
1057
1058
1
904
2
2
1053
8
5
4
3
2
1
1
1
1
4
6
7
4
5
7
1
8
7
5
4
3
2
1
1854
1850
3
1
2
3
3
2
3
4
1857
1
6
3
4
13
51
1864
1861
1860
5
4
3
2
1
2
3
2
4
4
4
9
1
1
1952
2
2
3
4
1957
1955
1953
2
1
1
3
4
1
2
1956
1954
1953
1
4
1
3
1
37
38
1957
1955
1951
1051
3
2
1
4
9
33
34
1
7
6
3
2
1
1883
3
4
1
1902
1901
1896
1892
2
1
8
5
4
3
2
1
9
8
5
1912
1910
1908
1905
1906
7
6
2
1
1918
1914
2
13
5
1
2
1
2
1
2
1930
1926
1925
1
4
4
1
2
1
1937
1933
1934
7
5
3
1
1
1945
1940
4
3
5
2
1
1964
1960
3
1
1961
4
3
1
1962
1957
1954
4
1969
1967
14
13
10
9
6
4
3
1937
22
21
20
19
18
17
16
15
13
12
35
1
2
30
1
2
1
1915
32
1916
1915
56
52
51
1
1
2
3
4
5
6
1
2
24
37
47
50
2154
5
7
22
2
4
3
1
2
461
3
2
5
6
463
2161
2156
2
2157
5
3
1
9
11
2
1
4
2
1
2
1
1
461
457
2
1
3
8
2
1
2
3
2
10
1
1
20
2
3
2
1
1
2
1
3
2
1
1
2
2291
3
3
1
1
2
3
4
5
2294
2
3
2248
3
1
2249
2244
2239
1
13
11
10
1
2253
2252
5
4
3
2218
3
2
1
2219
2218
2
1
1
1
5
4
5
2213
2208
1
4
2214
5
4
3
2
1
5
4
2207
2202
1
2212
2209
2208
8
3
2205
2204
51
50
8
4
3
52
15
12
10
2
2234
26
24
23
21
20
16
1
2
3
4
5
6
2377
1
19
21
2383
2378
2
2
17
1
1
2384
2381
3
2
4
5
4
2
1
2316
2312
2310
3
2
4
3
1
2
3
4
5
1
2
4
2
2356
2
1
2354
2352
4
859
2365
2362
2360
2357
2355
1
2361
6
5
4
2
1
8
4
5
1
2
1
2390
2389
2383
2
1
2402
2401
2
22
18
17
13
5
2386
2382
2378
10
5
2379
2376
2373
2369
11
1
1
2
3
4
5
6
7
1
27
29
30
31
33
34
3
7
2
1
32
42
1454
1456
2
4
2
4
1
2
3
2
1
2
1
2
3
4
1960
1957
1956
2
1
1961
3
1963
2
1
2
1
5
4
2
1
1979
3
4
3
1
1432
1433
3
2
8
5
3
1
1
4
2
2
4
5
1438
3
711
5
2
1
2
29
1
2164
4
3
1
4
699
2
2
3
4
1
2173
2169
2168
1420
2179
2176
1
4
2182
1
2
1
3
2184
3
2
1
2
1
4
1414
5
3
2
1
4
1
1
628
4
3
2
1
3
42
43
4
3
4
2
1
1
2
3
4
5
4
40
41
45
1
4
5
635
639
1
3
1
1
1884
634
4
3
2
5
1891
1886
6
5
3
2
1
3
1
1
8
3
33
1896
6
5
4
3
2
5
4
2
1
6
2
1
4
3
2
1
2
1
5
2
5
31
1923
1922
1920
1907
4
2
2
2
3
1925
5
4
3
2
1
1
2
1
1
2
1930
1
3
1
5
2
4
2
1
2
3
8
7
4
3
2
1
1
5
4
1
12
22
2
83
2
1
8
9
84
1367
1368
1
1
27
5
43
28
2
1
2
9
8
7
6
5
4
3
2
1
41
30
10
2
2044
2043
1
1
2044
2041
17
1
2042
2041
20
18
2047
97
95
94
93
91
12
3
36
26
17
16
14
27
22
18
1
1
2
3
4
5
20
22
23
24
1
2
5
10
1
5
1
3
4
3
1
1
2
2592
2593
1
2621
9
5
1
2
2
11
1
3
2
4
2
5
2
1
2
2
3
4
1
1
3
3
1
2
20
9
7
2
1
19
2
4
4
1
2
6
4
3
2
1
23
1
3
4
2
1
2
3
1
2616
2
2
2
3
2618
4
3
2
1
2616
3
1
2621
2620
2618
4
3
2
1
2619
1
1
1133
1135
8
6
3
2
2621
2
1133
2624
5
4
3
1
4
1
5
6
1127
1129
1
13
8
7
6
3
2
1
1
4
3
1
2
1322
1
1121
1127
4
1
1
1
1
5
5
2702
4
3
2
1
2703
1067
1063
3
2
2
5
4
4
1065
4
1
1066
1064
14
5
9
2711
2710
2709
40
39
36
35
33
7
2
15
14
9
4
35
18
4
2
1
36
34
26
20
19
1071
1067
18
7
3
2715
45
5
1
2
3
46
3
8
12
2693
1
2687
5
6
7
2692
2688
1
1
3
2697
2698
7
6
5
3
2
1
2699
2695
2
1
1
2
2694
66
64
61
57
1
58
4
5
4
2
1
2698
71
69
5
4
3
2714
2710
2707
14
13
2715
2711
2709
1
1
2
3
4
5
6
7
1
66
2
926
2
4
1
1
1
4
7
921
922
6
3
5
4
3
1
4
3
1
1
1
923
927
1
918
919
8
7
6
5
4
3
2
1
5
53
5
3
1
1
4
3
2
1
3
3
3
6
5
4
3
2
1
1
3
2
1
2
5
5
1
4
5
1144
1142
5
3
3
6
5
2
1
1
3
2
1
1145
1144
1143
1
1144
5
7
6
1
1110
1106
1117
2
1
1118
1112
3
2
1149
1148
1120
11
6
5
3
1
1
1127
1
2
1153
1149
1148
1127
5
3
2
1
1129
25
23
22
18
11
1117
26
12
11
1
1
1118
1115
30
27
1
3
1
2
1
2
5
33
3
4
5
1
1
3
1121
4
1235
1
2
2
1
2
3
5
1
4
1229
1118
1113
61
3
1
2
5
6
7
1117
1116
4
5
8
18
3
1
4
5
6
4
4
68
62
59
54
1
1
1
9
3
3
4
1
1
2
3
3
1
1
2329
1112
1107
1105
1117
1114
1113
4
1
2
6
5
3
2
1
1116
6
1
2
3
1134
1133
1130
10
14
13
11
9
8
1132
1131
1128
1123
1119
2
13
4
3
2
2337
2334
2333
10
9
8
25
17
16
14
26
22
1
1
2
3
4
1
4
1
3
26
1
2
1
21
18
2333
3
2
1
2334
5
2
1
1
3
2
1
2
1
2
2
4
3
2
1
3
61
65
5
3
2
1
2
1
3
5
814
817
818
819
820
2
1
2
7
6
5
4
2
1
5
812
5
1
1
2
3
4
3
47
48
1
3
4
1
4
5
4
10
1
4
3
1
4
1
1
2
17
15
1
791
794
1175
1173
1
1
1
1732
1731
1729
11
7
6
4
3
2
2
3
5
7
2
1
5
4
3
2
1
4
7
4
3
1
2
2
1778
2
6
7
12
31
1779
5
4
3
2
1
1771
1747
3
2
4
2
1
1781
1777
1776
1775
1773
1786
1783
1782
4
3
2
1
10
8
1
28
17
15
12
2
1
2
1
2
29
28
4
1
1
32
6
5
4
3
3
8
2384
5
18
20
2
1
1
2
3
4
1
1
1
2
44
1
2
3
1
1
2
2
5
1
1
2406
66
14
11
10
9
7
6
5
4
68
4
2
19
18
1815
1809
19
1
1823
1816
2
1
1
2404
2
1
3
2
1
2
1842
18
5
3
5
4
3
4
1
1843
8
2
1
2417
2413
2410
2409
9
5
1858
5
3
1
4
9
5
4
2
1
5
1
3
1
1
2396
2
2403
2398
7
4
3
2
1867
1866
1863
1861
1862
1860
1
20
19
16
11
2
1
2423
18
17
15
14
13
1
2
3
4
5
6
7
2124
2123
2119
2116
1
2
25
4
14
24
2118
2119
2100
1
1
4
21
2099
2092
2
1
2106
2104
2102
2101
3
3
3
2095
2094
2090
1
1108
2098
2096
6
5
4
2
1
6
1
4
1
6
3
2
1
10
3
1
2
4
2088
5
2084
5
2091
2090
2
1
3
2149
2
3
9
6
5
4
3
2
2094
2090
2088
2085
4
2155
2152
2085
2140
2135
2132
10
1
2
4
608
610
611
2
1
1
3
4
2
3
1
1
3
4
58
63
4
3
1
3
2
3
2
9
7
5
4
2
5
3
2
4
1
1948
1945
1946
1
2
3
10
7
5
1
1
5
2
3
1
1
18
15
4
1
3
583
2
1
1
2
2
1
1956
1
3
4
2
10
9
8
6
5
3
2
1959
1955
1961
1960
15
12
4
2
16
14
13
12
23
19
18
17
16
1
2
3
4
5
6
2412
2411
2062
1
2
1061
2064
2
2414
578
2066
2
573
574
2
1
1
2069
2067
2065
3
2
1
1
2057
5
4
2
1
2069
2064
2059
4
3
2
7
2
5
2062
5
1
3
2
2
3
4
5
35
7
6
4
3
2
1
12
561
1
1
3
4
1
4
1
554
3
4
2
2
1
1
14
18
21
22
2
1
5
3
1
3
2
1
2
1
5
2
9
3
2
1
1
2
1
26
42
4
1
5
3
18
39
1
1
2078
2
1
1
2
1
2082
4
1
1
2
4
3
1
1
2
1
2096
2094
33
32
3
3
2
1
35
36
4
3
2
1
37
30
26
24
2
2088
15
14
13
2089
1
1
2
1
19
3
1
3
2
1
3
2
1
1
25
24
5
1
2
5
4
2
1
91
92
29
1
8
5
6
5
1
2059
1
91
1
2
2070
2068
2066
2065
4
3
2059
2058
93
91
94
10
8
5
4
3
2064
2061
5
4
2
2069
2065
7
6
4
102
99
97
11
3
21
19
17
16
1
2
3
4
5
6
1
2
6
10
12
15
3
5
6
13
1
2428
2424
2421
2429
2
1
1
2
3
1206
1197
2426
5
3
2
1
1
2
3
2
2
1
2140
2138
3
1
5
3
2
1
2150
4
2
1
2151
3
1
2
3
2445
2444
18
17
1
2446
2189
2187
1
2
2154
2153
1
2163
2154
2196
1
1
2197
2195
2192
2199
2198
2194
5
3
2
2167
4
3
2
2452
25
23
8
2196
2193
2192
2169
4
1
2504
2194
2175
2174
2172
2170
2505
2178
2177
2176
1
1
2
3
4
5
6
2118
1
2119
2118
17
19
2120
2
1
1
1170
1168
1
4
2
4
3
6
11
3
1
4
1
1168
1161
1159
1173
1169
3
2
1
4
2
1
1692
1688
1687
6
5
5
6
4
2
1
1694
1161
2
1
1
1700
1695
1167
1166
1165
1163
7
3
2
1
2137
2136
2135
2132
2
1
2133
1695
1692
8
3
2
1
2134
2133
2132
2130
1693
1692
2152
2149
2148
2144
2143
2141
21
17
1
2
3
4
5
1284
1277
1
2
2
3
6
2
1
3
1
1
2
1
1
1293
9
8
3
2
1300
2
1301
1299
1295
4
3
1
2473
10
7
2474
1
1
1
3
2
1
2
4
2484
4
3
2
1291
5
3
1290
4
1
1
2498
1279
3
2
1
1297
1296
1294
8
5
4
1295
1292
1290
1287
5
4
2503
2502
2500
2499
4
3
2489
15
12
1
1
2495
14
2
2495
3
2
1
2
3
4
1678
1
2
4
4
1680
1
2
2
3
1810
1806
2
10
3
1
3
5
1681
5
3
2
1
2
1
2
1821
1
1
2
5
1824
1820
8
3
2
1826
1825
5
3
1826
4
2
1
1681
9
7
4
1692
1690
1688
13
10
1
2
3
4
1467
1462
1
2720
2718
1468
1
1
2
1465
3
1
1
1
3
5
1469
1468
4
3
1
3032
3031
1
6
5
4
3
2
1
3033
2746
2
2
2747
7
6
1
3026
2748
2
3036
3035
3034
3031
1
3028
2761
2758
1
1
2
2
2764
2763
1161
1
2757
2754
6
4
3
3033
3030
1163
5
3
3031
1169
1165
1164
1
1
2
1180
1175
1171
1170
3033
1181
1
3034
1183
1182
1
1
3037
3035
1
2
3
4
2457
3
4
5
629
1
1
3
630
4
5
2456
1
3
632
628
627
1
2459
1
2
635
2824
1
1
2825
2822
2821
638
637
2
2831
2827
2826
2
2834
2832
2464
5
3
1
635
7
2
2474
2472
1
637
1
2477
1
4
5
2478
5
4
3
2
1
3
642
638
5
5
2
2
3
4
2486
4
1
1
1
2500
2
2
2523
2522
2520
3
1
2509
2507
2502
2517
3
2
1
2504
2499
5
4
1
2506
2505
2504
2502
2501
2500
2525
2523
2522
2520
5
3
1
2523
2521
2519
2522
2520
2518
2517
2515
6
5
20
19
16
15
654
652
17
16
1
1
2
3
4
5
908
899
1
2
5
2
4
911
910
2
1
2
904
3
2402
4
4
3
1
3
2419
907
8
6
5
4
2
1
1
2423
2421
2418
5
4
3
2413
2409
3
2
2411
2410
2409
923
12
8
1
2
3
4
5
1
2
5
12
13
22
26
699
697
698
695
694
1
695
3
1
2
3
4
886
4
21
24
2854
887
5
1
1
3
4
1
700
2
1
2860
2858
894
891
2867
2866
2864
2862
2861
2859
5
2
709
10
2
714
1
1
3
1
4
2
1
5
1
2
1
2721
4
3
2
1
9
4
2
3
1
2740
5
4
1
1
4
2
1
2
4
3
3
1
906
4
3
2
11
1
2747
12
7
2749
909
903
902
901
899
5
734
730
20
19
738
735
734
733
731
1
1
2
2
1
4
2138
4
3
2
1
1
2099
2132
2121
2110
2106
5
3
2150
2146
2144
2143
2097
2093
2108
2103
5
4
2
2125
8
4
3
2114
4
1
2159
2158
2097
2094
4
1
2
2159
1
2162
2157
7
3
2149
2146
2142
15
1
2143
16
15
11
2153
2152
2151
17
15
2
1
2
3
4
2675
2663
2660
2659
2656
2
2647
2677
2678
2649
2
1
2660
2655
2650
5
4
3
2682
2651
2
2685
2681
3
2684
4
2
1
2689
2685
2659
2656
2654
3
1
2
5
6
1434
2
4
5
4
3
2
1
4
10
12
1472
1467
4
1
1434
7
1
1
3
1
2
1
1511
1425
3
1440
6
5
4
3
1430
1427
5
4
2
1515
14
7
4
1443
1436
1435
1432
6
3
2
1517
1485
2
1
2
1495
1486
13
1
1
2
1497
2
2
1518
1
1499
3
1
1
1522
1521
1512
1
1517
1504
2
2
1518
1514
3
2
1
1519
1513
1506
1
1510
1507
1516
1515
1514
1513
1511
2
1
1499
1509
1505
14
1
1507
1506
1504
1503
1501
2
1
3360
1
2
3
5
1755
1754
1752
1751
4
1
1
1
2
3
4
1756
1
1737
4
1
1760
9
8
7
6
4
3371
2
3372
1741
9
8
4
1
3373
3376
3374
1769
1768
1766
5
3231
3225
1
2
3234
3232
3231
3229
3227
3228
3227
1
3176
3
5
3193
3177
3174
1
2
1
2
1
2
3176
864
2
1
1
867
865
863
861
3210
3205
862
3
1
1
863
3337
3336
3335
3332
3331
3328
3322
3321
3320
3319
3318
3332
3329
3324
3311
1
3335
3333
3332
3330
3302
3298
3297
3295
1
3339
3304
3303
3298
3265
3264
3263
3261
3260
3223
3221
3220
3219
3218
3217
3210
3209
3208
3207
3206
3205
3205
3203
3202
3201
3200
3199
3271
3272
1
3273
3272
3268
3181
2
3188
3186
3185
3184
3186
3184
3182
3181
3180
3175
3159
3156
3154
3
3176
1
3178
3156
2
1
3162
1
3168
3166
3181
3159
3157
3154
3
1
3182
3155
1
3183
1
4
1211
1204
1202
2
1
1
3159
1203
2
5
3192
3189
3187
3193
3192
1
3193
1220
1219
1
1220
1217
1216
7
5
3
2
1
1208
1207
1206
1203
2
1
1
3164
1205
1204
3170
3166
3165
2
1
3196
1
3214
3208
3207
3197
1
3223
3220
3219
3215
3173
3170
3168
3165
3164
3139
3138
3135
3134
3133
3059
3050
1
2
3
3047
1
2
3
3061
3053
3049
3050
2
3077
3064
3
1
3082
3078
3077
3052
2672
2669
2667
2666
2665
2664
2663
2
1
2994
1
2
3
4
5
6
2993
2982
1
2
6
11
2
4
1049
1048
3004
3003
3000
2999
2
2
3000
1051
2
2
3002
2999
3020
3002
3021
1
1
3027
3023
3022
1065
1064
1060
2
1
10
1
2
1
12
2997
2996
1044
1040
2
14
12
2
2
1046
4
3
2
1
1062
14
1058
1052
1048
3
2
1064
1063
1059
4
2
1
2847
2768
1
2
2853
2851
2848
2
2771
2770
2768
1
1
2855
2769
839
1
2859
840
839
838
3131
3124
3123
3122
3098
3096
3093
3092
3091
3042
3041
3040
3038
3037
3036
3035
3006
3004
3003
3001
2996
2995
2992
2997
2993
1
1
2
3
2994
1053
1050
1047
1046
1
1
3002
3000
2999
2998
2981
2980
2978
2883
1
2
3
2891
2887
1
920
916
915
4
2886
2883
921
920
1
2890
2887
4
3
2897
2895
2894
918
4
3
924
920
2897
2894
2893
2892
2891
2891
2890
2888
2887
2886
2885
2884
2883
2875
2874
2871
2870
2869
2862
2860
2856
2855
2808
1
2809
2867
2864
2
1
2811
2808
2
2869
2809
2804
2802
3
2
1
2812
2766
2664
1
2
3
2767
2765
2762
2758
1
3
4
2691
2
2695
2693
2692
1
1
2762
2
3
2
1
2765
3
1
2707
2705
2703
6
4
3
2761
2760
2714
2709
2
2875
2871
2870
2868
2866
2856
2854
2853
2852
2851
2850
2869
2867
2866
2864
2865
2864
2832
1
2871
2833
2829
2
1
2895
2889
2821
2818
2817
2816
2803
2802
2801
2800
2764
2763
2762
2764
2763
2759
1
2764
2760
1
2749
2748
2747
2744
2743
2715
2713
2711
2710
2711
2708
2707
2706
2705
2704
2703
2700
2699
2697
2696
2695
2694
2691
2686
2685
2682
2680
2679
3178
3177
2649
2643
3179
2655
2654
2650
1
1
3185
3180
2659
2656
1
2664
2661
2660
1181
2655
2652
2651
2650
3519
3518
3516
3515
3514
3517
3516
3514
3513
3512
3512
3511
3510
3509
3511
3510
3508
3507
3506
3505
3507
3506
3504
3503
3484
3483
3482
3481
3484
3482
3481
3480
3479
3478
3477
3476
3425
3424
3423
3422
3426
3424
3423
3422
3421
3424
3423
3421
3420
3419
3415
3413
3412
3411
3410
3408
3407
3406
3404
3403
3399
3397
3394
3393
3392
3391
3389
3379
3374
3373
1
1810
1806
1
2
1807
1806
3374
1812
344
343
3373
3372
3371
3369
3368
3367
3340
3336
3334
3330
3329
3312
3311
3310
3309
3308
3307
3306
3305
3304
3344
3300
3298
3296
3299
3298
3297
3296
3295
3294
3293
3285
3284
3283
3282
3281
3280
3279
3277
3276
3268
3265
3264
3263
3262
3256
3252
3251
3249
3248
1
3257
3254
3249
1195
1194
3239
3238
3237
3236
3235
3235
3232
3231
3230
3229
3203
3200
3198
2663
2662
3203
3202
3201
3200
3198
3197
3196
3184
3180
3179
3178
3177
3176
3144
3143
3142
3141
3120
3119
3117
3116
3115
3113
3111
3110
3109
3108
3107
3079
3077
3076
3075
3073
3067
3066
3065
3063
3060
1
2
3061
3058
731
727
726
1
745
727
749
735
734
733
728
2
3067
3066
3065
3063
3062
3060
3059
3039
3038
3037
3035
3034
3033
3032
3028
3027
3025
3024
3022
3024
3021
3020
3019
3017
3016
2987
2985
1
2
3
4
552
551
548
1
4
1
2990
601
580
2989
555
3
6
7
552
3
2
1
2
604
3
556
553
552
1
1
553
2
1
609
605
554
549
547
1
2996
576
2997
2994
577
1
1
2995
2992
3002
3001
3000
2999
2954
2945
2942
2937
2933
2927
2925
2941
2940
2939
2937
2936
2940
2939
2936
2935
2934
2933
2925
2924
2923
2922
2921
2920
2919
2899
2895
2893
2882
2881
2903
2887
2883
2882
2878
2876
2875
2874
2873
2872
2871
2877
2873
2869
2854
2852
2851
2849
2848
2856
2855
2854
2853
2852
2851
2842
2841
2839
2838
2837
2767
2765
2762
2761
2757
2788
2777
2776
2764
2761
2760
1
2789
2787
2786
2782
2737
2736
2735
2734
2733
2732
2731
2730
2729
3000
2999
2995
2986
2673
1
2
2995
2992
2987
1
2982
2980
2978
2977
2672
2979
2684
2683
2680
2612
1
2
3
4
5
2608
2603
1
2605
553
550
549
541
2
1
3
3
2625
2620
1
2
3
2
1
2643
2642
1
2643
2640
2630
1
2631
2630
5
2
1
2646
2644
2641
5
2642
562
9
6
1
3079
3076
3070
3062
3057
2567
2656
2654
2653
2651
2649
2648
2647
2578
2577
2576
2575
2574
3082
2568
2566
2564
2561
2563
2559
2558
2555
1
2564
2561
2560
2514
2512
2511
2509
2507
2513
2511
2509
2506
2502
2501
2507
2506
2504
2501
1
2
3
2507
2140
2138
2134
1
1
2
3
2504
2502
2499
2
2121
1
2
3
2122
2121
2119
2124
1
1
2136
2
2142
8
7
5
3
2124
2507
2506
2125
8
6
1
2507
2126
2
1
1
2
1
2
5
11
2392
2
2398
2
2131
2123
451
2132
6
5
3
1
1
2
5
6
2507
1
2
1
2510
2522
2521
2518
3
2522
1
2513
2512
6
5
4
3
2411
5
2
2515
2508
6
5
1
2413
2408
9
7
2412
2408
17
16
14
2494
1
2
3
4
5
7
8
443
2500
2497
2496
2495
1
2501
1
1
3
1
2
807
2
4
5
1
3
1
4
7
8
435
436
811
432
3
1
3
914
2
4
825
1
1
2495
7
429
2
1
2497
2495
920
3
2
1
921
2
2497
2
1
916
1
4
909
1
1
908
2
928
923
920
2054
910
914
911
5
4
3
2056
2
1
2
3
2065
2058
2057
2
1
2069
2068
5
4
3
2
2501
2497
2496
6
5
2
1
2502
2499
7
2494
2493
2085
2084
4
2534
2532
2530
2529
2528
2527
2526
2500
2498
2497
2496
2495
2494
2492
2490
2488
2485
2483
2482
2481
1
2
3
5
2482
2481
1
3
6
2387
1
2478
2396
2
50
2389
2
2397
4
3
2
2487
2483
2481
3
2392
2123
3
2403
2401
2400
5
3
2498
2497
2130
2129
2127
2125
2
2479
2478
2474
1
2558
2554
2481
2
1
2465
1
3
2412
2476
2
1
2419
2417
2
2482
2480
2479
2478
2477
2474
2453
2451
2448
2447
1
2456
2454
2449
2195
2183
2447
2443
2442
2440
2437
1
2452
1
2470
2466
2434
2433
2430
2429
2423
2418
2415
2424
1
2417
2408
2407
2406
2
1
2391
2390
2389
2381
2380
2377
2376
2373
2387
2386
2383
2382
2776
2774
2773
2771
2770
2769
2745
2744
1
2
3
2746
4
1
2747
1784
615
614
612
1
2
1
2750
1801
2
1799
1797
1792
1789
1787
3
2
2752
2758
2756
2753
1823
1821
1
2709
2708
2704
2700
2695
2691
2689
2685
3176
3175
2693
2691
2688
2722
2721
2720
2719
2718
2717
2719
2716
2715
2713
2712
2711
2710
2707
2706
2704
2703
2701
2705
2704
2703
2701
2700
2699
2698
2656
2655
2654
2652
2651
2650
2606
2605
2603
2602
2601
2600
2599
2598
2597
2595
2594
2507
2598
2597
2596
2594
2593
2597
2595
2594
2592
2591
2590
2570
2569
2567
2566
2565
2564
2524
2523
2519
2518
2514
1
2446
2515
2513
2512
2510
2509
2511
2510
2509
2508
2507
2506
2495
2494
2493
2491
2490
2478
2477
2476
2475
2482
2481
2480
2479
2478
2477
2500
2475
2471
2470
2476
2470
2469
2468
2457
2456
2455
2453
2452
2451
2440
2439
1
2
3
4
2213
1
2
4
5
7
2444
2
2
2215
2209
2
5
3
2222
2221
2220
2217
2449
2208
2206
5
2213
2212
3
1
2213
2210
7
4
2
2215
11
10
6
5
2
2445
2441
2439
2394
2392
2391
2387
2386
2356
2353
2352
2348
1
2
3
4
2368
2367
1
2
2352
1
1
2
2372
2367
2365
2362
6
5
4
2350
2349
2347
2346
2345
2342
2341
2770
2767
2766
2765
2763
2334
2331
1
2
3
2332
2329
2325
2323
1
2381
2380
2375
1
2376
2334
2386
2385
2324
2392
2390
2387
2316
2392
1
1
1
2306
2303
2300
2301
2300
618
2
1
2675
2673
2672
2312
2310
2309
2291
2289
2286
2285
2284
2283
2280
2279
2278
2276
2275
2487
2224
1
3
2225
2223
2221
2220
2490
2489
2486
2221
2
1
2490
2486
2230
2229
2227
2261
2
2247
1
2265
2263
2262
2254
2
2256
2255
2251
2250
2249
3
1
2230
2225
2223
2220
2219
2417
2415
2414
2413
2412
2413
2412
2411
2409
2408
2407
2422
2419
2418
2417
2389
2388
2383
2382
2381
2380
2379
2378
2803
2799
2367
2365
2362
2400
2395
2394
2377
2367
2365
2364
2787
2786
2359
2358
1
2788
2786
2741
2740
2731
2729
2728
2726
2724
2358
2355
2354
2718
2721
2719
1
2321
2319
2318
2317
2316
2315
2314
2313
2313
2312
2309
2308
2307
2305
2304
2492
2488
2487
2281
2279
2275
2283
2282
2280
2279
2278
2277
2276
2274
2264
2263
2256
2255
2254
2252
2251
2249
2163
2158
1
2
3
2164
2163
2160
2159
1
2
1
2163
2
1
2
1
1
2165
2
2171
6
3754
3752
3749
2167
2166
2
2181
2178
2177
2173
2
2216
2215
2214
2213
2212
2211
2148
2081
2080
2079
2075
1
2136
2082
2151
2150
2077
2076
2
2153
2150
2149
2148
3349
3345
2128
2122
2121
3348
3346
2129
2127
1
2126
2124
2123
2122
2121
2120
2119
3692
3685
2106
2105
2101
2099
2096
1
2
3697
3693
3694
3693
3690
3689
3687
3699
2099
2096
3
2
1
3701
3700
2097
1
2098
2028
2090
2086
2084
2083
2082
2081
2078
2077
2076
2075
3769
3768
2072
2070
2069
2653
2649
2647
2247
2245
2183
2182
2187
2186
2184
2183
1
2156
2152
2151
2147
2153
2149
2148
2111
2110
1
2150
2137
2115
2114
2112
2218
2216
2214
2213
2212
2216
2213
2211
2210
2209
2208
2205
2204
2207
2206
2205
2203
2202
2201
2200
2193
2192
2190
2189
2188
2187
2186
2187
2186
2185
2184
2183
2186
2185
2183
2182
2181
2180
2178
2141
2140
2139
2137
2136
2135
3772
3769
3758
2077
2076
2075
1
3770
3764
3759
3765
3760
2073
2069
3751
3750
3747
3745
2064
2062
2060
2058
2063
2059
1
3725
3722
2052
2051
2913
2912
2908
2907
1978
1973
1999
1997
1996
1995
1994
2490
2450
2449
2448
1979
1977
1975
1974
1973
2038
2029
1955
1953
1952
1955
1952
1951
1950
1
1956
1951
1949
1951
1949
1948
1
2
1949
1944
1953
1945
1
1946
1944
1923
1
1945
1944
1942
1940
1939
1934
1931
1930
1929
1941
1937
1933
1932
1929
2031
2030
2029
2028
2027
2026
2006
2004
2003
2002
2000
2914
2907
1986
1984
1986
1982
1981
1
2
2912
2911
2909
1982
2910
1988
1987
1
1978
1976
1975
1974
1973
1963
1962
1961
1960
1959
1928
1925
1923
1919
1918
3538
3529
1897
1
2
3539
3534
3533
3530
3542
3540
1899
3567
3566
3548
3547
3544
3543
1897
3710
3705
3704
1
2
1875
1873
1
2
1875
1873
2
1880
1879
4
3
1
1881
1425
1424
1422
1
3711
3709
1423
3
2
1
3721
3718
1878
8
7
5
3724
3722
1879
1876
1
1
3725
1877
1855
1850
1828
3470
3468
3465
1849
1919
1916
1915
1911
1920
3585
1927
1926
1925
1
3596
3595
3590
1926
1925
1921
1
3546
3543
1913
1911
1909
1898
1897
1896
1893
1870
1868
1859
3491
3487
3495
3492
1
3507
3498
3496
1849
1
3530
3529
3528
3525
3523
3529
3524
1847
1
3487
3486
1860
1859
1858
1857
1856
3537
3536
1848
1841
1
3539
3538
3537
1937
1932
1927
1923
1918
1
2
1938
1934
1919
1460
1459
2
1927
1925
1923
1921
1920
1921
1462
1458
1921
1920
1919
1918
1917
1879
1877
1854
1850
1849
1885
1874
1871
1870
1817
1813
1790
1786
1814
1787
1785
1754
1
1
1786
1783
1759
1755
1814
1812
1811
1809
1807
1802
1797
1795
1
1796
1797
1792
1
1804
1785
1784
1783
1
2
1798
1786
1806
1785
1620
1
1809
1807
1804
1621
1613
1799
1796
1795
1793
1789
1833
1
2
4
5
1701
1696
1
2
1711
2
5
6
1746
1741
3
1838
1831
1
1839
6
5
3
1722
1717
1
1718
1717
1713
1709
8
7
1743
1741
1739
1724
2
1
1740
1730
1729
1727
1726
1725
1727
1726
1725
1721
4
1806
1804
1792
1789
1787
3844
3843
3839
1769
1845
1846
1841
1772
1770
1766
1764
1
3837
3834
1773
1772
1770
3835
3832
3831
3830
1771
1769
1767
3697
1
1
2
1744
1739
1738
1740
1738
1
1753
1752
1748
1747
1746
1745
1730
1729
1728
1727
1726
1726
1723
1722
1721
1718
1849
1847
1844
1842
1722
1720
1718
1720
1717
1715
1712
1710
1700
1698
1696
1695
1692
1690
1835
1718
1716
1715
1700
1698
1694
1692
1691
1689
1688
1674
1673
1672
1699
1697
1695
1692
1666
1664
1627
1624
1622
1599
1572
1569
1568
1566
3496
3495
3492
1540
1538
1536
1566
1562
1558
1557
1973
1970
1
2
1505
1509
1507
1506
1
1515
1510
1509
1506
1505
1503
1501
1971
1966
1508
1506
1505
1502
1499
1
1500
1498
1495
3787
3786
3738
1493
1490
3728
1492
1489
1
2
3
3711
3707
1493
1
3713
3712
1
3720
3714
1504
1503
1502
1501
1500
1499
1498
3822
3821
3817
1457
1470
1469
1468
1466
3410
1428
1
2
3
4
3411
3410
1434
1430
1429
1
3412
3421
3420
3417
1
3421
1
3427
3422
3432
3431
3429
3428
1434
1432
718
716
715
1
3593
3589
1422
1416
1412
1
1423
1419
1417
1455
1
1456
1452
2
1416
1412
1411
1369
2
1458
1454
1454
1452
1449
1447
1446
1
1462
1455
1447
1442
1433
1441
1439
1437
1436
3608
1432
1431
1429
1427
1426
1420
1418
1417
1416
1415
3318
3317
1393
1392
1391
1389
1388
3946
1359
1358
1354
1330
1
1359
1336
1333
1331
1362
1361
1358
3979
3978
3976
1355
1354
1352
1319
1318
1314
1313
1312
1
1321
1320
1313
1308
1304
1354
1353
1352
1351
1350
3950
3948
1327
1326
1322
1318
1317
1313
1308
1325
1320
1316
1315
1312
4001
1300
1
2
1302
1
1277
1276
1272
1271
1270
1
2
1273
1224
1220
1272
1234
1225
1
1
1273
1272
1239
1236
1234
1231
2
1269
1266
1264
1263
1261
2355
2352
1240
1237
1235
2361
1246
1245
1244
1242
1241
1240
2354
1238
1237
1236
1234
1233
1232
1230
1229
3535
3534
3533
1194
1128
1
3534
1200
1197
1195
2896
2895
2893
2891
1170
1
2
2892
2887
2883
1171
382
2
2898
1172
1171
1170
1169
384
383
1176
1174
384
1
1196
1195
1193
1191
1190
1195
1194
1190
1189
1187
1184
1188
1187
1184
1183
1156
1151
2910
2906
1175
1173
1170
1163
1197
1187
1183
1182
1181
1180
1167
1160
1158
1156
1155
1158
1157
1154
1153
1152
1
2971
1158
1154
1139
1136
3545
3543
3541
3539
1151
1150
1149
1193
1189
1161
1157
1149
1208
1204
1202
1199
1198
1197
1149
1147
2975
2969
2964
1141
2979
1138
1137
1136
1133
3537
3535
3533
3531
3528
1129
1128
1127
1109
1104
1103
3046
3030
3027
1079
3032
3031
3030
3028
3026
1079
1078
3126
3121
1059
1
2
3469
3465
3130
3129
3128
3127
3472
3470
1
1050
1049
1047
1045
1044
1041
1040
1039
1034
1033
1032
1029
1028
1026
1025
1028
1027
1025
1024
3107
1029
1032
1017
1016
1013
1011
1010
1008
1007
1006
1005
2191
2187
2185
2182
985
3128
3127
3126
3123
3122
976
2184
995
989
987
985
984
3120
2185
2177
985
984
983
982
995
982
981
978
977
2228
2226
2225
2224
929
2215
2214
2212
923
2219
2218
2216
942
940
930
929
928
904
903
901
900
899
3627
888
886
1
3628
3626
3625
887
886
879
3909
3907
3905
879
878
3325
3323
866
861
854
853
3338
3337
3332
851
847
846
1
3339
3337
3336
3333
3666
1701
1700
1698
806
1
3667
3663
3662
1699
2210
2207
2190
2187
2185
752
751
750
2186
2185
2182
2181
752
748
3641
3640
3636
3632
3631
3630
648
3359
3357
3355
597
3100
3098
3095
3094
487
486
2833
2829
2574
2838
2834
452
1
1354
1352
1256
1255
1253
1251
426
1
1355
1354
1288
1262
1257
1244
1243
1245
1230
436
433
1
2937
1
1341
1338
1333
425
424
