1104
1
326
330
3
2
1
1
2
3
4
1111
39
327
5
4
1
1
2
788
792
9
310
315
316
317
2
1
1
2
1
1107
5
2
1
1
4
3
1
2
3
168
145
5
3
1
1
1
2
3
4
5
24
27
28
1
4
30
10
280
25
156
1094
4
3
1
2
3
4
5
20
163
1074
1076
1077
5
158
159
160
3
6
1
2
3
1101
1
1
2
3
5
5
15
5
1
4
3
4
3
1055
1058
447
4
1
5
6
5
1
2
5
6
22
5
5
5
5
1063
1064
1064
5
1
2
3
4
5
6
7
8
483
591
593
1079
586
5
5
5
505
5
6
580
5
1
2
1038
5
20
24
5
21
29
1
3
4
3
2
1
1
32
9
320
323
980
911
912
4
1
1
322
326
327
328
6
3
3
2
1
2
1
1
2
11
3
1
3
2
1
2
4
22
4
3
1
2
2
1
20
20
56
4
1
1
2
3
11
14
5
1
1
1
5
5
1
2
64
70
3
2
1
2
4
40
3
1
1
3
3
4
5
6
7
8
3
10
1
8
11
5
284
284
285
5
5
4
1
4
2
3
4
5
6
985
986
1
310
314
315
1
929
2
272
6
5
1
1
2
3
4
309
313
322
21
1
94
5
4
5
6
2
2
147
3
2
1
971
28
5
5
1
3
158
3
3
308
309
3
3
1
309
5
1
2
3
959
2
3
6
154
150
1
148
8
2
1
2
1
5
27
11
3
2
187
1
1
1
1
2
3
4
306
1
3
4
4
5
5
5
6
615
2
5
6
7
1
1
2
5
750
4
5
6
15
932
5
1
3
3
4
3
1
3
1
1
1
1
1
2
3
2
2
3
2
1
1
1
1
2
3
5
6
906
4
1
5
6
5
5
5
5
5
1
1
5
1
5
5
2
1
1
1
1
1
2
3
3
4
467
5
5
5
5
1
5
5
5
5
5
4
8
9
845
452
5
1
1
2
3
413
4
1
2
3
4
5
860
5
1
5
26
2
1
1
7
3
1
2
3
1
2
3
3
1
1
2
2
1
1
1
303
1
1
1
2
2
2
2
2
1
1
203
199
1
2
2
3
4
256
148
482
477
308
3
5
2
1
1
1
1
1
2
757
3
4
1
1
2
3
2
2
2
3
4
5
7
3
2
5
5
5
5
5
6
5
5
5
4
5
5
4
785
5
720
722
723
724
5
1
2
780
4
1
1
2
15
2
3
4
4
5
5
5
6
686
689
5
1
441
767
2
4
3
2
1
2
642
7
9
10
7
6
5
1
5
1
1
2
5
1
2
722
634
5
4
1
3
3
1
1
5
5
326
4
1
2
3
257
661
1
1
1
3
1
1
637
655
1
1
2
5
3
4
3
1
733
8
732
3
2
4
1
5
6
7
8
16
31
709
3
2
1
1
2
725
727
4
10
11
726
619
5
1
1
2
3
4
5
59
638
642
612
2
2
5
1
2
4
5
6
7
1
1
4
479
480
1
3
3
2
707
5
3
5
2
1
2
703
5
6
3
1
1
2
5
5
53
4
1
1
2
3
4
5
6
5
690
1
2
5
4
1
3
322
2
1
1
1
1
1
1
1
1
2
3
4
5
25
1
671
4
6
8
5
3
1
1
2
6
1
3
1
470
3
1
2
4
3
1
5
6
5
4
1
2
13
20
5
5
6
5
1
3
1
65
4
3
1
4
1
2
5
5
5
5
1
637
638
4
22
4
4
1
19
2
1
1
1
1
2
2
3
3
4
3
4
4
4
4
4
4
4
3
1
4
1
5
1
2
3
4
4
3
4
4
4
4
4
4
4
4
4
1
313
314
5
4
1
4
1
1
3
1
4
5
3
1
499
4
4
4
5
5
4
4
4
189
37
4
4
4
196
4
1
3
3
4
5
4
569
1
3
4
5
5
5
6
398
5
4
3
4
5
1
2
1
2
5
1
1
379
380
381
382
4
1
1
3
1
1
5
3
3
1
2
5
7
5
7
5
5
1
4
4
4
5
3
4
1
461
463
458
461
3
1
4
3
1
1
2
5
3
3
1
2
4
19
5
1
4
5
1
2
77
4
5
10
5
2
1
1
49
1
29
1
1
1
1
1
1
1
3
2
1
1
2
1
1
1
1
1
1
1
1
1
2
2
1
1
1
2
2
2
2
1
1
2
3
1
1
1
1
1
1
2
3
3
3
2
2
2
3
3
4
4
3
164
3
1
5
5
5
1
2
4
4
4
3
3
3
5
672
2
1
2
3
656
4
5
6
681
341
661
4
1
2
4
5
6
421
5
5
5
5
4
29
4
4
3
3
4
4
4
4
5
6
6
1
2
3
4
5
3
2
1
3
1
2
2
34
1
1
1
1
540
1
1
1
2
783
2
2
780
1
1
2
3
4
768
475
3
2
3
3
2
2
791
1
2
768
2
2
3
612
1
1
1
1
1
2
4
5
6
270
3
1
1
4
3
3
3
3
3
3
2
2
1
1
563
1
1
1
1
1
1
1
2
2
1
1
1
1
570
1
1
1
1
1
1
1
1
1
2
1
1
1
1
1
1
1
1
1
1
1
1
1
1
1
1
1
1
1
1
1
1
1
489
1
1
1
1
1
1
1
1
1
1
1
1
1
1
1
1
2
1
1
2
3
256
3
8
4
1
2
553
550
3
1
3
3
1
6
3
2
1
5
3
1
473
2
1
2
2
1
1
1
1
1
1
1
1
1
1
1
1
1
1
2
2
3
2
1
5
5
3
1
2
4
5
5
1
1
1
1
1
1
1
1
1
1
1
1
1
1
1
1
1
706
1
866
1
616
1
1
1
1
178
2
367
3
2
2
1
1
863
2
1
583
1
1
1
2
2
5
3
3
1
1
3
4
674
1
1
1
2
6
7
8
627
3
1
647
3
3
1
2
2
2
2
2
2
2
2
688
674
1
2
657
653
3
1
2
1
669
4
1
1
2
5
4
4
1
107
675
669
5
5
5
1
2
652
4
5
667
4
4
4
4
3
1
2
2
470
5
4
1
1
1
704
623
148
3
2
1
700
2
1
162
2
1
1
625
1
2
2
4
4
2
2
1
1
1
1
2
3
1
1082
1
897
2
1
3
619
1
1116
1115
1091
1089
1
1
2
2
1
1
997
1
633
1095
1
1130
993
1
1019
983
938
1
1
932
939
1
932
899
785
744
721
1
1
724
720
2
3
744
2
1
1
712
1
651
658
1
567
