1
1136
1
2
3
4
5
6
1
1128
1
2
3
4
5
6
7
8
9
1
1117
1
2
3
4
5
6
7
8
9
1
1106
1
2
3
4
5
6
7
8
9
1
1103
1
2
3
4
5
6
7
8
9
1
1092
1
2
3
4
5
1
408
1
246
3
4
1
402
1
240
1
407
1
1073
1
754
1
959
5
6
1
1019
1
449
1
951
1
228
1
16
9
18
1
222
1
233
1
230
1
400
1
208
1
429
1
210
1
399
1
1037
1
1
394
1
385
1
211
1
397
1
217
1
393
1
375
1
373
1
387
44
21
1
383
9
1
387
27
1
171
1
169
1
158
1
574
1
169
93
1
590
1
608
98
7
1
830
102
84
1
600
1
444
1
1278
50
1
424
53
1
614
1
1
612
64
1
851
1
78
1
657
1
76
1
634
109
39
132
114
115
80
1
955
1
2
3
4
5
6
7
8
9
1
944
1
2
3
4
5
6
7
8
9
1
933
1
2
3
4
5
6
7
8
9
1
922
1
2
3
4
5
6
7
8
9
1
911
1
2
3
4
5
6
7
8
9
1
900
1
2
3
4
5
6
7
8
9
1
890
1
2
3
4
5
6
7
8
1
880
1
2
3
4
5
6
7
8
9
1
869
1
2
3
4
5
6
7
8
9
1
858
1
2
3
4
5
6
7
8
9
1
847
1
2
3
4
5
6
7
8
825
1
2
3
4
5
819
1
833
1
831
5
6
7
8
5
10
11
807
828
2
3
4
5
6
7
8
9
797
1
2
3
4
5
6
7
8
9
1
800
1
2
3
4
5
6
7
8
9
1
789
1
2
3
4
5
6
7
8
9
1
777
1
2
3
4
5
6
7
8
9
1
753
1
2
3
4
5
6
7
8
9
1
755
1
2
3
4
5
6
7
8
9
1
731
1
2
3
4
5
6
7
8
9
1
733
1
2
3
4
5
6
7
8
9
1
723
1
2
3
4
5
6
7
8
9
1
712
1
2
3
4
5
6
7
8
9
1
701
1
2
3
4
5
6
7
8
9
1
690
1
2
3
4
5
6
7
8
9
1
679
1
2
3
4
5
6
7
1
670
1
2
3
4
5
6
7
8
1
661
1
2
3
4
5
6
7
8
9
1
648
1
2
3
4
5
1
642
1
2
3
4
5
6
7
1
632
1
2
3
4
5
1
626
1
2
3
4
5
6
7
8
1
618
1
2
3
4
5
6
7
1
608
1
2
3
4
5
6
7
8
9
1
599
1
2
3
4
5
6
7
8
9
1
587
1
1
1
6
7
1
10
11
12
13
14
15
1
570
1
2
3
4
5
6
7
8
1
563
1
561
1
556
1
2
3
18
9
6
7
8
9
1
551
1
13
1
543
1
2
18
8
5
6
7
8
9
10
11
1
530
1
2
3
4
5
6
7
8
9
1
517
1
2
3
4
5
6
7
8
9
1
506
1
2
3
4
5
6
7
8
9
337
338
339
340
341
342
1
477
345
346
347
346
347
348
349
350
351
352
353
1
476
1
2
3
4
5
6
7
8
9
1
465
1
2
3
4
5
6
7
8
9
1
457
1
2
3
4
5
6
7
8
9
1
446
1
2
3
4
5
6
7
8
9
1
435
1
2
3
4
5
6
7
8
1
425
1
2
3
4
5
6
7
8
9
1
414
1
2
3
4
5
6
7
8
1
404
1
2
3
4
5
6
7
8
9
394
1
2
3
4
5
6
7
8
178
179
180
181
182
183
169
170
184
185
188
187
188
189
190
370
2
1
1
7
8
9
10
11
12
191
1
448
16
1
353
1
2
21
200
5
6
7
8
9
10
11
1
340
17
1
430
4
5
6
7
8
6
10
11
12
13
1
325
1
184
3
4
5
6
1
300
10
23
12
13
14
1
309
1
2
3
4
5
6
7
8
9
1
298
1
2
3
4
5
6
7
8
9
781
1
286
1
136
1
5
6
7
8
9
10
11
12
13
1
271
67
68
3
4
5
72
7
8
9
10
233
78
79
1
1
392
18
1
28
1
1
248
1
316
317
1
29
7
8
323
10
1
425
13
103
1
326
17
24
1
27
21
6
23
24
223
1
2
3
4
5
6
7
8
9
1
212
1
2
3
4
25
26
7
28
9
1
202
12
13
14
4
5
6
7
8
1
192
1
2
3
4
5
6
7
8
9
1
181
1
2
3
4
5
6
7
8
9
1
170
1
2
3
4
5
6
7
8
1
160
1
2
3
4
5
6
7
8
9
1
149
1
2
3
4
5
6
7
8
140
1
2
3
4
5
6
7
8
9
1
129
1
2
3
4
5
6
7
8
1
119
1
2
3
4
5
6
7
1
110
1
2
3
4
5
6
7
8
9
1
100
1
2
3
4
5
6
7
8
9
1
89
1
2
117
118
119
1
1
155
156
12
13
14
160
16
1
5
19
2
1
261
1
1
1
29
545
437
1
56
1
1
5
6
7
8
9
10
11
1
43
1
2
3
4
5
6
7
8
9
795
796
797
798
799
800
801
802
803
210
1
115
1
2
1
18
534
218
536
8
5
6
7
10
9
102
102
6
4
3
2
1
1
1
8
1
24
1
41
1
62
244
101
1
118
1
134
1
151
256
1
185
1
202
1
1
1
1
1
1
1
1
190
1
189
1
210
1
227
1
243
261
1
1
1
1
1
1
1
1
1
1
1
1
1
1
1
1
1
1
1
1
1
1
1
1
1
1
1
1
1
1
1
1
1
1
1
1
1
1
1
1
1
1
1
1
1
1
1
1
1
1
1
1
1
1
1
1
1
1
1
1
1
1
1
1
1
1
1
1
1
1
1
1
1
1
1
22
1
1
1
1
15
1
1
1
1
1
1
1
1
1
1
1
1
1
1
1
1
1
1
1
1
1
1
1
1
1
1
1
1
1
1
1
1
1
1
1
1
1
1
1
1
