1
21
24
28
29
30
31
109
110
1
2
3
867
73
74
53
54
55
56
922
1
956
96
1
2
3
4
5
6
7
8
9
10
11
265
424
425
426
364
145
432
433
434
435
436
437
264
423
424
425
144
777
778
639
640
431
432
885
886
900
433
434
435
436
891
508
323
125
230
263
144
353
431
811
257
229
262
143
352
430
810
256
228
261
142
351
429
809
255
227
260
141
350
428
808
254
6
419
260
139
140
17
42
318
114
144
575
78
948
905
107
487
800
4
43
44
45
327
1
120
121
122
92
355
389
258
417
418
419
709
138
425
426
427
428
429
430
150
118
1055
473
378
899
30
119
120
121
327
9
8
7
6
5
4
3
2
1
932
500
112
113
114
115
2
575
77
934
117
265
299
262
352
92
93
3
6
275
398
302
303
248
1052
304
76
401
27
116
293
556
1
350
854
812
481
246
35
322
1
3
4
5
10
11
866
32
124
568
569
464
304
4
570
571
572
386
387
284
325
361
340
238
239
14
141
565
95
308
567
568
463
303
3
569
570
571
385
386
283
324
360
339
237
238
13
140
564
94
307
566
567
462
302
2
568
569
570
384
385
282
323
359
338
10
236
237
12
139
563
93
306
12
18
252
862
251
861
119
72
250
860
249
243
10
859
385
3
917
354
333
231
232
7
116
134
558
88
301
4
916
353
332
230
231
6
133
11
557
87
300
18
234
422
224
11
1
2
20
3
4
5
6
576
892
440
656
21
2
3
893
93
379
252
554
894
779
606
100
101
575
891
655
22
1
2
892
378
251
553
893
778
605
367
117
926
927
52
885
380
296
547
451
366
116
925
926
51
884
379
295
546
450
85
86
110
111
114
115
71
72
15
11
10
9
8
17
11
12
127
13
21
18
19
20
54
543
544
545
546
547
449
531
228
39
240
71
323
126
376
270
415
217
575
67
61
1
2
31
30
29
28
3
4
107
108
110
202
545
546
7
6
369
267
3
8
124
547
548
78
225
3
704
10
906
130
77
97
132
193
108
703
76
91
92
44
173
65
66
11
103
90
91
1
4
2
3
3
4
5
2
6
1
65
66
67
68
69
70
71
72
73
74
5
12
225
205
302
338
11
10
444
9
81
82
83
84
41
542
72
285
440
3
104
105
443
10
40
541
71
284
439
4
230
201
514
460
61
29
22
19
923
40
41
116
366
43
751
217
5
229
200
513
459
60
30
27
23
22
21
20
922
39
40
115
365
42
750
216
6
83
50
228
199
512
458
59
31
21
4
364
938
34
5
6
7
749
7
82
12
11
1
2
3
35
4
5
6
882
74
535
81
82
881
534
360
287
226
260
223
313
217
507
53
54
36
33
236
359
263
36
264
209
584
1013
265
37
362
12
77
254
517
301
398
200
225
259
222
312
216
506
52
53
37
34
235
90
358
262
35
743
293
263
208
583
1012
264
36
361
13
76
39
40
41
253
516
300
224
258
221
311
215
505
51
52
38
35
28
234
89
357
261
262
207
582
1011
263
35
360
14
75
19
252
515
396
198
1
2
3
4
5
6
7
8
9
10
11
12
13
14
15
16
17
18
19
20
21
22
23
24
25
26
27
28
4
29
30
31
32
3
2
1
33
34
35
36
37
38
39
40
41
44
45
46
218
340
284
285
341
334
343
344
144
198
345
346
48
49
347
267
348
147
148
54
191
33
231
349
350
288
22
351
277
270
23
352
57
353
29
104
354
355
5
4
47
356
204
357
72
249
44
444
275
286
266
32
28
27
445
269
429
27
28
270
48
31
43
50
168
52
527
349
109
526
56
528
49
167
51
526
348
108
525
55
527
48
166
50
525
347
107
524
54
526
47
165
49
524
346
106
523
53
525
46
164
48
33
32
523
345
105
522
52
524
535
431
6
163
95
537
14
166
347
534
180
488
489
333
430
2
3
4
5
162
6
7
94
492
536
13
165
14
346
13
12
11
205
586
43
535
12
200
570
763
172
173
6
7
92
534
519
341
16
207
18
19
15
14
13
174
328
542
543
35
545
28
255
762
171
172
5
6
91
533
518
340
206
17
18
20
728
278
285
173
327
541
542
34
544
789
159
160
283
4
5
90
532
517
339
182
205
16
17
60
284
381
183
172
326
540
541
33
543
199
788
1
2
282
89
793
5
6
585
433
202
531
7
8
10
11
12
15
16
17
31
25
287
774
71
340
197
286
773
72
339
78
202
196
482
173
33
57
54
50
832
175
49
48
47
199
6
7
754
28
27
12
13
338
423
26
187
15
504
188
341
833
233
377
179
322
536
537
29
539
79
201
481
172
32
58
55
51
831
174
50
49
48
5
29
28
11
12
337
422
27
186
14
503
187
340
832
232
376
178
321
535
536
28
538
3
840
526
2
622
24
66
181
182
183
184
93
236
68
9
10
11
336
23
22
21
13
192
4
839
525
1
91
621
25
67
180
181
182
183
92
235
9
10
335
24
23
22
12
720
270
13
53
584
6
5
1
189
304
8
9
857
10
38
859
860
861
810
13
14
15
16
17
6
619
27
69
45
65
7
8
333
26
25
24
858
859
860
809
12
13
14
15
16
52
53
190
507
4
865
170
28
70
5
34
33
172
194
195
6
7
419
412
8
27
26
25
9
498
499
501
717
267
334
182
557
10
50
44
857
858
859
808
11
12
13
14
15
274
371
530
866
533
189
627
166
657
581
56
864
80
34
171
5
6
81
181
49
226
489
21
22
532
188
626
165
656
580
57
863
81
35
170
4
5
80
7
180
225
488
20
21
531
14
187
625
164
655
579
58
862
31
82
37
36
169
3
4
79
826
69
30
29
28
6
179
10
11
12
224
487
19
20
530
13
186
624
163
654
578
59
861
83
37
2
3
406
407
408
78
5
178
48
223
486
18
19
529
12
281
471
64
65
65
60
59
76
762
884
2
69
833
834
3
431
830
32
432
494
496
177
552
5
825
45
46
190
184
622
161
576
600
341
273
60
59
34
85
405
884
76
2
326
411
38
175
33
32
31
494
495
496
711
261
176
551
398
4
44
268
365
167
610
156
310
524
525
527
10
11
91
189
183
33
34
621
160
473
419
20
575
599
340
272
70
61
60
35
57
86
404
883
75
1
325
301
410
822
174
34
33
32
2
492
493
494
495
710
260
175
550
302
43
51
267
364
166
609
155
309
523
524
526
10
49
84
145
60
15
610
36
324
35
34
33
1
723
724
725
93
187
467
158
471
338
72
69
65
64
63
62
37
55
88
323
489
490
492
493
515
708
258
173
977
326
218
362
13
73
38
72
322
1281
49
40
41
42
248
94
185
66
39
71
321
5
95
184
67
40
70
320
4
96
183
14
68
41
69
319
520
3
97
182
13
69
42
68
318
519
2
98
181
12
70
68
43
67
317
518
1
99
96
66
316
242
41
1
2
77
78
79
80
81
82
85
87
731
305
388
13
89
10
540
180
462
385
700
576
577
590
591
592
648
231
649
650
651
305
578
579
573
103
104
292
105
593
27
26
553
330
21
594
49
91
43
16
15
14
311
48
47
46
696
246
383
29
595
1
105
404
102
6
106
3
4
76
7
6
1
740
86
82
81
80
79
54
579
320
739
55
37
106
112
1
10
11
12
13
14
88
84
83
15
82
81
98
16
17
18
19
20
23
21
22
23
24
24
89
85
84
83
82
106
704
131
581
402
79
78
361
262
263
264
265
266
267
268
104
58
103
102
101
34
52
96
57
56
55
99
74
766
1
476
65
25
500
8
782
3
376
186
187
770
771
772
23
773
18
76
840
16
269
270
271
272
839
274
154
5
6
34
35
69
68
67
695
147
15
21
56
117
32
96
92
91
90
89
793
273
26
80
821
822
823
772
25
24
23
22
21
20
55
116
31
47
106
76
248
153
274
84
275
88
42
155
264
12
247
152
273
83
274
87
43
154
263
11
510
168
509
92
244
118
241
16
709
608
609
610
611
84
99
711
652
712
347
620
713
117
475
651
317
260
239
391
714
2
5
207
108
8
9
10
26
789
1
76
8
9
155
145
394
146
26
17
619
574
38
84
113
34
83
67
89
111
144
18
73
844
39
85
9
790
71
70
5
23
66
88
110
143
19
74
843
40
86
10
72
71
4
24
65
87
109
142
20
75
842
41
87
11
73
72
3
25
64
86
108
141
21
76
841
42
88
12
74
73
26
133
9
8
591
104
19
102
937
355
133
84
146
126
426
117
19
20
24
23
113
105
78
129
32
176
224
123
266
481
33
134
148
138
387
139
19
24
612
567
31
320
135
147
137
386
138
18
25
611
566
30
319
27
273
73
744
106
474
213
249
254
18
98
47
29
453
17
80
79
129
3
31
1
1
1
4
5
6
8
9
12
13
24
25
95
10
1
33
32
5
14
13
12
11
289
34
691
592
538
28
63
61
110
130
52
129
99
92
7
489
516
517
518
175
176
177
519
520
6
19
488
5
18
487
132
18
813
513
174
88
3
4
5
125
121
120
119
118
485
171
172
173
87
2
3
4
126
122
121
120
119
484
170
171
172
1
112
3
1
2
13
4
14
482
264
510
511
168
169
170
43
481
509
44
480
508
1
141
27
2
7
66
3
110
20
19
148
762
142
67
763
35
141
4
3
68
762
36
142
112
17
18
150
79
6
639
761
37
143
1
2
11
120
132
125
124
205
108
142
101
107
119
133
204
109
143
102
106
84
83
1
2
77
76
75
74
106
14
112
111
72
71
110
105
104
103
69
28
27
26
62
61
1
749
78
77
76
75
73
72
253
70
69
62
110
88
87
748
84
83
344
113
82
81
71
186
79
78
77
90
108
16
74
73
2
72
252
749
107
106
105
71
70
750
124
67
66
65
194
82
64
638
639
796
795
176
65
19
1
112
902
123
1
21
1
154
110
103
169
787
160
159
158
157
42
91
92
93
94
22
244
491
155
1
1
2
23
23
777
1
144
398
49
48
20
19
144
134
129
81
53
488
740
92
397
246
1
26
2
27
34
31
27
26
23
22
11
10
103
387
658
384
40
576
159
577
578
579
499
76
258
94
92
91
90
89
18
29
237
48
47
46
45
127
126
125
88
83
137
397
278
80
77
76
30
1
2
3
4
5
6
138
28
139
140
141
142
137
29
138
139
140
141
136
30
137
138
139
140
135
31
136
137
138
139
134
32
135
136
137
138
133
33
134
135
136
137
6
5
4
3
2
1
37
36
130
168
129
128
127
7
6
5
4
3
2
1
2
3
1
683
684
287
685
1
682
683
681
682
285
683
42
56
1
2
1
1
71
70
42
41
495
171
167
166
165
744
490
70
446
72
89
54
1
2
136
146
147
148
149
150
151
54
117
116
37
152
114
96
108
107
106
78
141
153
112
80
774
109
108
99
1
2
144
182
143
142
141
66
363
309
494
495
496
180
680
123
122
457
170
92
682
93
138
498
108
381
407
600
150
181
91
667
92
137
755
54
78
1
189
164
163
27
631
165
68
100
1
2
3
4
5
114
198
67
439
370
371
372
373
374
102
29
18
355
361
186
284
475
476
489
490
491
547
130
548
549
550
204
477
478
472
2
3
191
4
492
602
470
151
197
128
127
452
122
36
493
150
87
11
156
155
116
115
210
188
149
148
147
134
135
191
113
595
145
282
72
166
551
249
51
494
100
40
136
106
628
360
38
202
156
123
488
123
134
84
83
98
97
673
128
127
440
441
676
677
100
125
124
123
122
121
120
624
152
13
169
119
207
643
158
157
118
117
116
293
156
190
151
150
149
115
58
433
114
108
85
84
99
98
133
132
672
129
128
675
676
99
126
125
124
122
623
14
170
80
79
78
77
206
642
159
158
119
118
117
292
157
116
57
432
75
109
86
85
100
99
671
182
181
180
179
130
129
674
675
98
127
126
125
123
622
200
199
198
197
15
171
205
641
160
159
120
119
118
291
158
56
431
76
110
4
183
182
181
180
1
2
1
224
1
76
73
1
174
184
183
1
2
3
213
105
637
364
189
188
217
376
522
552
215
216
217
218
220
97
210
90
89
3
1
158
157
156
2
3
117
4
116
152
5
151
150
6
7
63
144
8
137
136
134
47
597
595
2
154
3
449
24
225
145
25
139
138
137
272
412
123
46
596
594
1
155
2
448
226
146
24
140
139
138
271
411
124
159
604
1
67
147
141
631
156
258
155
521
104
522
523
524
178
24
23
125
116
154
153
21
197
228
196
39
147
146
145
144
637
218
260
103
102
101
100
55
183
619
182
181
142
141
184
180
33
256
138
126
131
641
97
124
70
398
599
142
640
96
71
598
124
26
27
28
29
181
142
195
707
708
657
140
139
138
137
136
11
8
167
166
1
84
161
160
159
72
153
1
146
145
136
84
83
72
89
71
397
179
425
426
83
84
85
10
169
168
1
163
162
161
74
155
3
148
147
36
418
30
118
419
420
421
174
98
95
1
2
3
4
165
164
5
1
8
9
10
11
12
135
142
102
10
114
115
30
381
170
619
620
116
117
86
80
163
503
201
160
154
153
152
110
373
144
29
380
171
618
12
11
84
167
166
81
214
164
502
202
161
156
195
194
155
154
153
193
152
556
106
210
12
372
245
135
117
154
368
369
370
139
371
146
5
4
3
6
148
7
422
423
171
247
174
173
424
4
160
159
150
102
101
98
97
383
165
150
312
258
163
202
201
4
26
27
162
161
200
159
549
99
118
212
6
27
2
142
89
659
638
222
222
220
112
204
161
163
162
527
337
80
196
195
14
15
119
213
58
153
549
550
254
310
704
59
164
163
328
329
330
331
332
104
201
3
154
548
549
153
231
1
2
434
22
23
717
166
163
199
1
256
113
147
249
192
16
175
265
176
110
177
6
147
146
433
106
226
109
91
151
360
545
546
60
196
1
2
230
5
229
228
227
3
4
5
6
2
7
8
9
10
124
218
55
239
422
423
436
437
438
151
424
425
419
51
50
138
49
439
417
98
399
175
128
129
130
131
440
203
169
168
157
133
202
201
200
166
441
153
452
9
482
553
184
183
545
416
11
243
175
174
173
172
87
56
170
169
554
332
159
555
556
557
160
159
108
107
151
150
102
233
232
231
211
210
170
141
209
203
158
109
108
152
151
101
234
233
232
212
211
171
142
210
204
157
222
110
109
153
152
100
235
234
233
90
53
213
212
172
143
211
205
156
111
110
154
153
99
236
235
234
91
52
214
213
173
144
212
206
155
299
726
172
190
8
165
210
118
150
804
132
92
434
160
20
165
236
101
1194
674
675
676
625
172
171
170
169
168
188
10
244
240
239
238
237
1193
187
11
205
204
203
202
201
30
194
1
2
184
183
182
219
218
13
176
174
173
172
171
170
169
604
429
271
9
240
142
678
10
9
8
7
123
220
180
105
178
530
80
177
137
165
170
1
2
3
4
157
192
191
5
189
183
222
221
16
6
7
182
181
180
220
179
26
172
161
99
120
119
218
142
69
445
446
200
447
448
197
383
111
200
190
189
188
187
427
219
261
147
127
146
145
144
143
225
224
76
218
217
216
182
181
230
140
139
29
174
548
201
446
447
382
112
426
220
262
103
40
147
146
145
144
186
185
219
218
217
183
176
425
221
263
149
188
259
220
219
218
143
237
664
665
666
615
182
181
180
179
178
142
141
31
177
286
232
695
188
187
185
285
694
189
188
186
33
224
63
1
197
25
3
2
191
190
188
35
181
218
76
384
375
81
201
378
192
191
182
141
138
227
1
200
197
196
28
6
5
194
193
38
183
537
175
15
372
75
76
45
396
397
412
469
125
398
399
393
77
76
112
75
261
257
256
255
254
223
200
100
112
31
90
119
192
18
202
199
1
236
235
30
8
7
196
195
234
193
40
186
13
273
686
197
22
272
242
216
215
214
32
15
14
13
209
208
12
206
204
203
202
201
33
197
188
1
1
2
3
292
26
230
42
43
91
44
214
213
261
90
236
45
242
241
201
240
274
235
234
233
199
158
237
50
169
663
238
43
121
557
276
237
236
235
160
1
2
3
4
5
6
7
8
100
562
233
207
192
29
121
101
60
145
561
181
232
117
191
30
122
102
61
146
560
182
231
116
190
31
123
103
62
147
559
183
230
115
189
32
147
146
272
271
127
16
117
587
41
148
147
273
272
128
15
116
586
40
126
106
65
150
149
148
112
213
186
35
127
107
66
151
150
149
111
34
185
36
4
3
1
2
281
277
276
275
274
3
4
5
4
171
5
6
333
305
149
49
332
148
50
284
280
279
278
631
377
214
174
285
281
280
279
278
227
277
276
74
75
56
48
47
46
45
9
8
604
216
84
632
633
634
583
214
213
212
211
210
309
186
185
311
310
253
283
282
281
280
255
210
27
1
2
3
12
11
139
4
561
3
560
141
2
559
142
1
163
162
287
277
224
196
597
51
254
103
175
172
261
20
297
24
21
22
23
303
24
82
167
577
334
335
264
663
265
343
344
662
266
342
343
661
5
1
17
198
252
2
3
4
5
6
7
299
8
295
294
293
292
290
9
204
157
10
190
229
278
12
217
183
185
186
117
6
300
296
295
294
293
151
70
310
129
235
16
17
356
357
85
358
359
353
117
116
72
115
297
161
16
238
61
286
234
159
205
16
82
81
3
355
356
84
357
358
352
118
117
71
116
5
298
162
17
239
60
153
10
287
276
275
235
160
206
274
15
319
40
496
451
4
202
284
295
294
312
128
70
48
54
151
507
293
96
353
354
82
356
120
119
69
118
164
180
263
237
63
269
254
90
289
28
552
305
2
301
300
299
298
282
82
20
21
146
297
296
57
163
134
163
261
209
4
236
254
255
256
257
159
235
195
50
351
352
80
353
354
348
122
121
67
120
551
306
302
77
301
166
300
299
76
502
2
280
279
131
239
171
11
471
21
64
28
224
84
223
36
307
303
302
301
198
300
280
416
22
111
112
113
55
114
203
165
211
2
196
195
324
102
179
178
178
308
304
303
302
301
137
9
317
239
658
7
8
318
199
9
90
91
133
313
5
241
89
90
134
314
311
307
257
256
306
305
304
4
242
315
545
258
257
305
65
3
243
465
15
70
242
119
79
230
184
183
316
208
207
206
205
171
217
203
214
213
238
239
240
241
242
349
350
194
335
83
351
107
286
161
41
40
39
352
263
106
93
262
261
22
23
8
343
344
72
345
346
340
130
129
59
128
260
259
97
67
353
46
77
76
75
74
36
35
1
209
208
207
206
288
287
248
247
170
245
13
55
293
298
242
241
240
239
236
92
238
339
121
99
56
22
214
308
618
2
289
288
248
287
246
205
94
187
186
496
174
730
246
206
495
317
313
312
311
310
175
548
729
247
235
494
1
82
218
330
187
4
3
329
152
11
153
2
154
155
94
18
109
92
182
315
314
261
295
294
255
254
149
150
151
156
293
13
293
202
262
332
256
255
253
212
109
89
100
72
310
16
94
183
317
316
313
93
219
257
148
149
213
307
212
211
241
247
1
142
333
334
62
335
336
330
140
139
49
138
256
414
145
415
327
271
270
221
214
213
318
317
281
15
301
50
49
177
34
311
300
299
260
259
83
216
591
592
593
542
255
254
253
252
251
104
250
185
719
257
217
104
7
189
262
261
259
8
190
263
262
260
9
28
254
10
1
8
102
325
324
217
9
103
326
325
272
265
138
139
140
250
83
246
281
280
524
193
326
277
276
274
273
30
31
32
33
475
126
127
79
267
266
265
59
35
144
264
225
226
227
228
229
91
284
90
98
100
251
43
257
258
250
260
357
84
302
58
259
14
12
33
248
30
1
2
29
354
269
268
259
80
321
322
50
323
324
318
152
151
37
150
521
336
332
107
331
196
330
329
106
472
310
309
161
269
141
19
94
2
253
260
81
320
321
49
322
323
317
153
152
36
151
520
337
333
108
332
197
331
330
107
471
162
270
140
20
95
3
115
254
261
1
487
1
592
355
354
353
352
170
199
225
245
32
90
108
1
2
240
1
99
67
5
243
242
214
213
172
150
128
85
51
360
160
408
368
369
105
148
359
161
409
75
76
77
240
353
233
232
4
102
362
2
314
6
104
90
56
1
2
3
4
5
6
7
8
9
10
11
256
12
13
8
171
255
14
15
16
17
18
19
40
20
106
178
156
134
222
78
77
76
75
308
350
346
121
345
344
343
72
71
406
267
329
179
157
135
223
198
79
78
77
76
307
351
347
122
346
345
344
73
72
405
266
368
581
287
361
580
579
578
577
291
576
292
575
293
486
574
327
292
263
354
485
573
328
293
264
572
190
168
146
103
69
362
358
357
356
355
21
571
337
258
297
527
46
45
293
252
251
250
44
286
211
169
363
4
570
331
490
296
369
330
329
328
372
121
281
212
170
364
3
569
489
297
122
282
213
171
365
2
568
488
298
123
283
214
172
366
1
567
487
299
124
284
566
1
251
216
174
155
240
368
126
286
363
337
982
51
7
29
127
362
30
128
356
111
119
376
259
67
285
286
299
300
301
357
60
358
359
360
14
287
288
282
188
187
1
186
302
39
262
143
312
303
340
248
306
305
20
339
338
337
262
356
361
38
304
290
150
273
272
287
286
484
317
316
487
488
89
314
313
312
310
435
202
358
110
18
454
347
346
307
306
305
104
345
304
131
244
303
495
302
301
300
299
298
297
1
52
60
2
293
221
261
41
282
363
127
250
308
307
354
383
304
131
2
251
95
96
97
399
290
289
369
216
300
2
277
55
276
63
5
296
224
44
285
366
130
312
311
310
357
386
307
134
1
154
166
167
5
159
363
236
309
168
357
269
313
312
396
32
232
89
315
314
396
54
397
398
175
334
333
332
330
329
356
355
316
315
354
395
55
48
49
149
417
252
107
106
368
357
356
314
163
174
290
155
424
318
317
315
174
175
176
177
178
394
395
298
454
52
331
330
378
456
457
325
182
4
320
359
358
319
318
357
316
276
310
46
152
303
309
286
285
300
299
471
382
43
381
380
379
330
329
474
475
102
327
326
325
324
323
322
26
422
291
215
371
123
5
441
360
359
320
319
318
91
358
144
231
17
310
309
379
378
46
150
149
148
147
238
95
361
360
359
486
318
530
531
532
481
316
315
314
313
312
380
379
47
319
278
372
529
530
531
480
317
316
315
314
313
328
327
326
325
536
240
97
320
169
170
171
172
173
528
529
530
479
318
317
316
315
314
402
403
404
313
312
261
260
400
396
399
280
41
157
394
387
365
364
558
524
270
363
226
281
104
40
73
573
77
76
175
283
75
652
150
139
363
1042
522
523
524
473
324
323
322
321
320
1
414
124
123
122
400
397
393
343
392
258
391
390
141
337
365
119
118
6
430
369
403
364
363
362
406
328
380
70
327
287
1
267
265
400
396
395
394
393
85
140
140
136
141
142
224
401
1
322
316
67
66
97
403
399
398
397
396
317
352
351
220
219
7
337
1
1
2
2
1
355
354
419
60
61
62
155
324
411
407
406
405
404
344
378
506
507
508
457
340
339
338
337
336
406
318
1
2
3
4
5
495
1
2
3
4
494
493
492
491
490
7
8
373
372
371
348
77
1
445
412
94
446
1
2
199
289
288
422
36
3
453
425
200
424
459
423
201
458
40
41
42
454
85
51
447
6
182
23
67
22
88
21
204
345
344
235
92
424
307
289
349
162
347
348
280
219
304
1
183
206
308
307
426
366
347
285
142
1
435
434
433
428
427
1
442
443
1
454
452
1
2
193
408
241
371
339
60
409
281
412
410
456
236
455
454
453
411
194
407
242
370
340
59
408
280
413
409
457
235
456
455
454
410
222
461
1
460
454
203
462
41
44
45
3
46
461
177
5
300
21
176
47
22
305
341
340
339
338
13
14
48
49
50
51
455
336
463
1
462
456
205
464
2
1
463
457
206
39
320
273
426
33
32
31
30
29
28
141
466
4
1
465
1
459
208
71
467
42
470
471
143
438
327
138
386
60
384
460
13
341
20
369
468
6
3
467
466
465
464
463
387
461
210
469
7
4
468
2
462
211
470
8
5
469
3
463
212
471
9
6
470
464
213
108
1
11
84
2
3
171
25
144
453
490
101
454
489
100
1
2
15
192
315
191
337
71
2
1
3
16
3
65
309
4
157
100
121
5
472
6
149
153
353
2
144
17
24
2
66
310
3
158
12
101
122
4
473
5
150
154
394
354
1
94
353
145
118
84
887
354
33
310
311
158
14
457
456
294
156
355
120
86
384
385
15
342
453
451
400
475
357
356
35
198
197
466
77
8
7
338
199
436
319
78
427
474
435
434
433
398
447
358
413
412
410
401
463
480
465
464
479
87
88
89
90
91
455
466
465
478
86
87
88
89
90
138
41
239
244
467
466
413
3
2
1
141
335
149
408
407
405
43
241
225
427
426
425
423
422
158
136
419
418
417
416
228
413
412
411
407
84
85
86
87
141
44
242
253
398
226
271
270
269
293
428
427
426
425
424
423
192
193
194
181
182
90
183
184
178
292
291
103
290
420
419
418
417
416
415
414
413
412
113
112
111
110
444
410
409
408
108
443
442
441
407
150
366
405
404
403
402
401
399
445
85
488
483
444
443
442
408
199
395
412
411
8
1
7
6
472
471
414
413
10
1
9
8
415
414
11
2
10
9
416
415
12
3
11
10
147
146
177
483
479
478
477
476
175
378
377
376
375
414
401
432
431
476
475
183
143
247
246
245
244
469
419
418
417
293
157
414
433
434
435
384
413
412
411
410
409
404
303
302
172
173
99
174
175
169
301
300
112
299
177
418
403
315
486
482
481
480
479
503
502
454
496
1
2
164
261
39
366
13
380
320
231
243
82
363
383
507
85
435
480
316
384
385
385
501
28
509
244
83
364
363
502
377
342
281
366
303
378
343
282
367
302
504
379
344
283
368
301
380
345
284
369
368
367
300
150
357
251
1
397
2
470
469
390
375
391
373
390
398
475
391
390
2
160
1
200
400
1
2
141
194
393
332
310
288
245
211
161
201
250
197
518
517
516
399
398
397
396
333
311
289
246
212
162
389
220
143
164
227
226
363
409
132
196
262
1
2
58
1
7
6
230
402
2
1
3
2
262
4
481
480
401
5
6
224
396
1
2
3
4
5
6
7
8
194
195
196
197
61
412
405
404
193
194
195
196
60
413
406
405
534
192
193
194
195
533
59
414
527
407
406
535
191
192
193
194
534
58
415
528
408
407
536
418
190
191
192
193
535
57
416
529
409
408
537
198
30
189
190
191
192
536
56
417
530
410
409
188
189
190
191
55
418
411
410
187
188
189
190
54
419
412
411
8
7
6
5
4
3
2
1
9
8
7
6
5
4
3
2
10
9
8
7
6
5
4
3
11
10
9
8
7
6
5
4
12
11
10
9
8
7
6
5
13
12
11
10
9
8
7
6
14
13
12
11
10
9
8
7
555
1
2
305
3
4
152
5
304
6
302
7
516
464
497
496
116
13
446
228
445
5
517
14
115
282
11
281
200
533
529
528
527
526
477
476
518
141
289
138
114
329
328
150
117
115
137
555
482
481
288
118
116
478
477
475
502
468
467
466
501
500
499
103
301
113
199
198
229
469
468
411
410
407
406
536
532
531
530
529
74
301
134
135
136
533
532
530
252
175
138
229
522
395
441
468
486
485
477
476
475
472
471
377
123
469
1
2
2
3
4
362
539
470
523
261
540
536
535
534
533
508
297
428
364
130
131
132
541
537
536
535
534
134
509
547
508
507
506
472
147
299
76
296
206
205
236
129
130
131
542
538
537
536
535
257
180
133
446
295
207
206
237
114
115
128
129
130
157
116
117
111
359
358
170
357
543
539
538
537
536
132
306
305
304
303
476
234
216
256
91
395
252
529
420
518
517
2
255
90
182
181
180
179
269
268
530
519
518
177
460
459
546
542
541
540
539
805
525
381
341
170
44
45
463
47
6
10
5
4
370
547
478
531
7
11
6
5
371
548
545
495
494
544
543
542
488
487
486
485
262
1
472
573
10
518
473
1
2
3
4
5
246
399
368
179
546
495
191
311
517
319
245
400
369
180
547
496
192
312
518
320
244
401
370
181
548
497
193
313
519
321
243
402
371
182
549
498
194
314
520
322
242
403
101
102
170
103
104
98
372
371
183
370
550
195
315
521
323
556
555
554
5
4
3
2
1
503
502
328
549
548
1
2
3
4
5
164
488
127
325
552
165
487
166
486
544
167
485
7
168
484
131
329
331
195
196
197
339
551
550
1
448
413
352
437
449
414
353
438
566
562
561
560
559
75
506
505
504
503
358
443
498
9
8
7
6
5
350
351
352
301
496
495
494
493
492
224
225
226
491
490
783
458
444
443
64
243
561
560
254
554
549
445
444
63
244
562
561
255
555
550
129
63
57
152
339
562
551
461
128
64
58
151
338
563
257
552
57
58
462
127
360
445
65
59
150
337
554
564
258
553
56
57
463
422
1
361
446
392
132
131
2
3
588
265
2
70
3
327
274
375
237
473
74
275
147
546
276
102
277
328
79
490
314
474
75
274
146
547
518
275
101
276
557
586
461
426
365
450
557
1
1
530
529
578
577
576
524
523
522
433
290
516
515
514
513
335
336
337
286
511
510
509
508
507
506
375
353
518
1
513
473
193
257
462
297
1
357
504
188
528
2
101
338
525
519
443
516
1
154
509
496
473
409
586
582
581
580
579
554
479
478
592
553
552
551
517
191
259
486
587
583
582
581
580
316
578
445
278
271
270
190
260
566
300
269
511
484
124
476
535
534
523
522
213
1
2
3
506
4
613
504
503
466
2
614
505
504
1
615
505
509
1
516
616
507
506
469
516
507
1
533
532
531
530
528
527
218
4
3
2
511
1
518
517
262
1
260
259
290
514
220
6
5
513
3
520
242
264
458
457
113
271
530
455
205
337
1
544
543
474
516
222
8
7
515
5
522
349
276
275
393
1
551
550
295
2
3
214
549
2
172
548
4
391
547
546
390
5
6
459
7
592
543
542
115
540
273
8
539
236
235
234
233
345
533
532
457
531
207
231
356
265
517
223
9
8
516
6
211
4
238
268
462
461
594
267
170
368
519
116
5
237
269
548
547
595
5
535
236
551
550
270
597
262
598
261
554
553
290
545
544
543
542
376
540
539
529
81
603
602
601
600
318
465
231
16
531
1
479
459
349
361
360
1
286
577
84
626
625
624
623
618
578
363
362
1
288
579
503
1
80
2
385
76
545
3
269
235
631
190
366
207
117
206
272
205
388
312
529
528
462
394
276
303
282
615
611
561
560
610
609
608
9
10
164
606
274
225
548
473
582
580
372
11
41
42
230
43
44
38
432
431
243
430
511
510
509
508
635
530
585
225
429
283
59
535
3
1
2
3
508
187
385
393
85
84
14
350
448
552
551
175
174
481
614
368
554
7
568
567
498
191
389
557
556
292
38
640
282
173
633
641
281
174
634
649
376
619
195
475
1
414
499
2
3
333
56
55
637
512
477
416
501
331
332
638
513
478
417
502
3
2
1
4
3
2
420
505
221
217
222
370
564
411
384
252
628
627
578
577
381
575
174
568
567
566
157
392
17
261
224
574
573
572
229
260
310
574
406
621
494
563
562
561
322
2
3
321
320
319
318
184
565
542
1
340
634
334
622
339
337
502
1
1
672
112
421
111
419
110
633
581
614
613
162
652
510
643
111
589
617
655
616
615
614
658
580
598
597
246
430
441
23
591
157
585
584
93
92
91
90
89
127
128
402
205
598
597
222
423
512
646
645
589
528
260
583
410
283
409
631
102
81
481
381
380
379
378
1
375
374
678
554
553
568
567
602
601
203
598
597
206
207
370
595
594
593
591
154
639
263
173
628
627
588
587
586
177
626
585
412
37
578
483
383
381
380
1
377
1
2
270
3
4
2
472
471
283
470
656
652
651
650
5
557
556
571
570
200
657
653
652
651
650
601
600
203
204
373
598
206
597
596
594
297
151
486
642
266
170
631
630
591
590
589
180
629
588
415
40
288
558
557
572
571
199
658
654
653
652
651
602
601
202
203
374
599
598
597
595
298
150
672
671
670
669
190
509
366
487
643
267
169
632
631
592
591
590
181
630
204
205
206
589
416
41
207
289
559
558
573
572
198
603
602
201
202
375
600
599
598
596
149
488
644
268
168
633
632
593
592
591
182
631
417
42
583
560
559
574
573
197
207
604
603
200
201
376
601
600
599
597
148
556
489
645
269
167
634
633
594
593
592
183
632
591
418
43
549
548
584
544
509
448
533
657
656
655
654
670
8
148
571
99
652
651
631
669
630
629
628
147
572
100
653
652
632
670
631
630
629
409
146
328
661
660
659
658
418
633
638
597
632
631
630
614
613
160
359
654
261
262
263
264
265
358
676
585
412
418
11
189
663
662
661
602
600
276
110
109
107
413
419
12
188
664
663
662
603
601
277
111
110
108
648
414
420
13
187
665
664
663
604
602
278
112
111
109
649
186
671
137
639
194
677
638
637
636
602
429
54
185
672
618
617
136
195
603
88
430
55
184
673
135
641
196
679
640
639
638
431
56
134
183
68
614
134
608
607
282
197
432
57
592
82
591
104
675
133
260
198
606
433
58
388
125
699
1
2
3
536
428
259
258
257
3
2
540
539
4
3
2
541
540
535
5
4
3
542
559
541
6
5
4
543
560
703
1
542
252
8
7
545
562
705
1
544
415
414
413
412
9
8
546
563
409
408
706
2
545
559
558
78
296
611
11
10
9
548
565
708
4
547
391
12
11
10
549
566
709
5
548
392
684
681
680
421
420
419
418
1
2
545
680
679
415
414
200
1
561
228
227
446
371
662
586
525
503
438
114
40
39
38
511
444
637
603
665
631
703
664
662
448
152
642
641
445
639
422
421
449
151
643
642
446
640
423
422
381
625
1
712
278
5
713
138
1
714
2
715
3
716
4
717
50
51
52
144
697
696
267
266
133
1
2
3
4
132
31
30
29
605
568
585
728
24
411
598
597
461
212
623
140
509
103
607
208
141
13
680
142
32
143
690
719
727
462
213
624
139
510
102
726
608
209
140
12
681
652
141
33
142
691
720
453
728
463
214
625
138
511
101
727
609
210
139
11
682
653
140
34
141
692
721
454
729
464
215
626
137
512
100
728
610
211
702
138
10
683
654
139
35
723
140
693
722
272
271
138
4
3
2
1
137
36
35
34
610
573
603
602
273
272
139
5
4
3
2
138
37
36
35
611
574
591
734
30
573
604
603
274
273
140
6
5
4
3
139
612
605
604
275
274
141
7
6
5
4
140
613
606
605
589
588
108
326
641
9
8
7
6
3
142
4
615
410
728
608
607
10
9
8
7
143
616
609
608
11
10
9
8
229
144
617
610
609
738
737
493
156
154
157
130
155
229
731
30
304
188
14
13
12
11
147
620
613
612
741
15
14
13
12
740
148
621
734
614
613
16
15
14
13
260
149
622
417
262
615
614
17
16
15
14
261
150
623
622
621
620
619
418
263
616
615
671
475
669
128
500
722
703
702
487
298
496
647
127
723
661
488
299
497
648
126
724
489
300
498
649
125
725
490
301
499
650
756
646
624
1
2
164
163
162
227
221
3
228
222
174
229
223
173
172
467
466
465
464
461
460
674
468
467
466
465
94
462
461
675
1
681
675
674
498
666
665
489
160
609
352
675
660
1
2
3
4
5
6
64
633
288
1
4
5
435
1
2
161
3
680
290
160
2
3
437
291
159
1
2
438
292
177
176
498
538
623
580
558
536
493
459
409
3
449
2
445
467
390
411
610
656
115
443
509
336
335
334
333
332
158
249
31
336
335
334
392
333
768
767
766
765
649
648
647
646
445
583
561
539
496
462
452
250
639
604
543
628
563
541
498
464
608
465
139
746
138
747
137
748
777
1
2
3
4
5
6
7
3
2
1
8
9
10
778
135
771
779
134
270
772
133
132
700
131
625
132
133
272
134
270
135
269
130
626
131
132
133
271
134
270
129
627
130
131
274
132
272
133
271
1
128
127
126
677
37
462
454
788
209
78
640
267
10
9
8
7
6
5
4
14
13
12
3
2
1
638
1
656
621
560
645
122
752
790
211
642
269
12
11
10
9
8
7
6
16
15
14
5
4
3
640
1
470
604
462
665
792
471
6
7
47
464
46
45
44
791
744
750
749
748
782
743
742
741
785
707
1
449
635
269
667
346
801
771
802
772
3
453
123
597
408
595
129
76
552
725
539
75
165
74
166
73
793
763
1
653
718
651
697
1
781
396
183
782
725
358
556
758
231
796
757
756
755
814
73
149
714
815
74
150
715
816
75
151
1
656
178
794
569
294
746
745
193
740
774
773
734
733
772
559
731
242
241
240
239
238
254
250
724
2
200
748
747
195
742
561
733
726
1
3
751
750
823
573
727
4
3
5
1
473
242
795
794
712
2
497
489
423
156
586
598
597
133
474
36
1
490
731
29
28
127
776
818
417
19
742
741
416
814
775
774
773
664
739
344
698
60
737
736
735
734
733
132
726
744
635
588
835
561
539
538
537
536
23
761
760
603
24
759
758
698
506
154
153
425
152
151
157
627
626
438
625
177
755
754
400
752
751
25
451
825
824
823
822
533
532
706
705
704
703
548
745
744
743
742
484
442
790
185
701
380
578
589
735
493
829
236
90
60
397
396
395
394
393
392
709
822
702
701
91
61
398
397
396
395
394
393
566
472
65
66
67
68
69
63
61
64
37
62
322
507
1
499
406
687
686
751
6
751
7
726
511
425
708
802
532
8
727
512
426
533
9
728
513
427
534
10
729
514
428
535
11
730
515
429
536
12
731
516
430
537
13
732
517
431
538
14
733
518
432
539
830
823
801
122
88
166
210
717
540
396
17
736
521
435
211
542
18
737
522
436
212
543
19
738
523
437
213
544
20
21
22
556
555
706
15
778
371
89
661
838
806
844
805
804
803
589
787
786
630
699
832
783
782
780
779
585
773
772
771
447
281
280
279
278
277
596
505
757
463
249
248
756
246
763
207
10
783
782
665
773
618
670
76
77
78
27
770
769
768
767
766
732
75
76
77
26
771
770
769
768
767
177
4
175
174
173
207
783
451
808
285
284
283
282
281
226
792
791
52
88
813
532
851
812
811
810
381
476
866
865
737
24
25
85
764
763
511
358
273
746
613
612
611
610
386
739
738
628
774
55
173
172
171
747
710
387
740
739
442
723
722
174
748
741
740
753
752
724
723
175
174
173
749
712
729
485
742
741
4
41
704
643
728
7
626
881
803
802
223
797
796
795
794
793
182
867
620
619
618
617
733
752
751
750
749
466
30
791
790
465
823
713
788
273
80
530
747
181
775
780
771
1
618
616
793
792
56
198
860
856
855
854
55
199
861
857
856
855
585
584
54
200
862
545
184
607
863
546
183
608
864
547
182
181
26
802
891
612
863
836
726
476
12
1
2
147
55
54
93
891
890
5
6
7
8
9
3
1
4
23
2
382
884
892
466
747
746
886
885
467
748
747
154
629
468
749
748
469
750
749
470
751
750
28
471
752
751
29
472
753
752
30
473
754
753
31
474
755
754
32
901
40
894
421
657
819
910
801
800
887
883
882
881
880
882
496
457
77
572
913
300
386
313
643
862
861
910
132
131
130
129
128
127
126
136
135
134
125
124
123
760
121
778
743
682
767
874
837
828
913
781
746
685
770
101
782
747
686
771
102
783
748
687
772
103
784
749
688
773
104
59
60
560
890
889
838
912
775
774
834
788
753
692
777
657
450
810
1
840
2
401
395
1
801
663
802
1
798
763
702
787
915
911
910
909
908
884
926
901
922
883
882
881
940
661
912
885
775
841
941
662
913
886
776
942
663
914
887
777
843
677
676
525
3
2
1
52
849
848
847
846
845
2
1
856
3
2
1
2
39
916
915
88
931
176
175
775
632
819
818
817
816
676
237
698
207
202
776
633
905
379
848
949
850
950
841
840
799
798
858
800
799
859
801
800
860
802
801
861
803
802
862
674
640
664
901
565
624
898
564
690
722
807
258
257
795
794
821
786
725
810
726
810
809
874
829
811
810
870
812
811
871
790
729
814
813
812
814
813
815
814
816
815
267
266
804
821
964
260
803
817
816
822
821
818
817
671
670
735
820
819
818
409
463
897
896
883
882
921
839
727
834
799
738
823
835
800
852
851
739
824
613
836
801
740
825
1
837
802
741
826
825
824
461
838
803
742
827
839
804
743
828
840
805
744
829
841
806
745
830
15
14
845
810
749
834
846
811
750
835
847
812
836
749
706
672
844
931
856
711
976
901
717
97
904
987
648
745
858
823
762
847
984
955
375
1
851
727
910
725
726
658
645
844
898
734
845
967
664
200
1
530
529
890
564
565
741
826
656
752
601
857
991
1
714
706
772
1
1
74
1
1024
1022
382
381
1015
668
867
578
689
690
691
692
693
694
695
1
698
646
1014
897
869
860
882
810
1
360
999
463
395
962
888
337
966
967
1
818
321
75
74
469
1
818
817
386
969
567
700
866
788
984
983
1
970
771
20
21
971
22
986
985
983
987
986
984
975
988
987
985
976
332
1014
728
1
593
585
1054
764
687
953
1
750
718
800
515
799
643
1044
994
765
797
879
985
88
954
1
2
598
737
2
1
17
437
438
382
1
253
1012
1011
1010
1009
1008
1007
920
1053
502
501
500
499
498
950
726
984
887
791
890
1046
1
818
22
601
854
793
595
594
672
799
243
992
1
793
748
892
1048
820
20
842
614
615
517
466
637
835
1
675
758
91
759
760
1094
1
737
1005
582
1011
1
125
1070
27
26
1065
1066
1004
856
1067
870
955
617
1077
951
625
624
634
1
2
1
749
1105
627
1
959
957
1
1
796
770
942
722
788
1025
1112
1111
1105
1113
1106
1114
1107
1115
648
1108
140
139
1109
1079
1110
1111
1081
484
1112
834
933
1089
42
861
21
302
1
2
846
878
847
880
1
798
813
814
1043
420
1049
1
1137
466
1050
1049
529
530
531
532
280
1040
848
1
963
932
1
61
736
1052
802
1110
1109
956
1111
1110
1057
9
1
1147
476
1060
1059
270
697
927
1121
886
1109
416
280
453
417
281
454
1085
1084
1083
911
96
534
533
1
704
902
1100
933
924
922
886
813
660
1088
1087
1086
1085
1084
1083
996
1080
1079
851
554
1077
388
387
774
1068
1040
450
802
705
903
448
449
451
706
946
947
778
831
1030
1
2
638
635
631
798
637
389
636
639
636
632
799
638
390
1040
637
178
1087
1086
1084
1075
924
923
1004
859
1081
782
1118
1117
1077
1048
1116
1
844
843
840
256
339
925
1006
1
1007
303
1089
535
815
816
1174
817
1146
974
975
976
442
1068
926
794
847
15
14
308
927
1167
967
817
948
1033
1
593
360
915
246
950
1035
1180
715
1179
1173
1181
716
1180
1174
1182
653
717
1175
1183
654
718
1176
966
176
1185
656
720
1178
1186
957
1042
1180
854
853
1179
852
431
604
1
879
957
967
966
1118
1117
1112
1111
1110
1109
1108
1001
614
613
612
611
610
622
1095
1008
1
167
849
998
1109
1
503
948
1110
5
1194
727
1187
981
982
1
585
709
806
709
1128
1126
963
807
710
1129
1127
964
890
889
891
890
1047
977
1062
852
1154
842
841
1144
1143
1142
166
1170
1169
405
973
196
573
572
1132
1
634
1187
1186
747
575
576
575
952
1191
60
953
1192
61
954
728
955
729
956
957
400
986
1067
1151
1150
1148
1139
60
1142
1173
735
1143
1142
1
2
408
403
1203
587
1150
1144
1143
876
432
431
961
960
959
1155
1154
588
958
1152
1151
1145
1144
1143
653
652
651
650
649
1146
1145
1175
1206
1147
1146
429
1096
430
1097
431
1202
1
1206
1205
1
1197
899
1141
836
968
1196
282
1156
1232
1
500
1208
501
1209
502
503
504
1064
1062
1000
778
1
32
1
2
1148
1147
688
1126
1084
1023
1108
1047
1
979
663
1160
376
1
626
377
1238
1250
1134
464
463
462
1176
219
1049
963
886
1152
198
1217
1258
880
1
891
890
1013
1012
1011
1010
1224
1223
1222
881
1267
753
802
1266
1110
68
909
665
1261
948
1184
695
694
693
692
691
1247
1188
1187
696
695
694
693
692
823
1021
476
475
781
1189
1188
45
44
827
826
1027
1117
1250
1249
1190
1189
864
825
828
827
1028
1118
1117
1251
865
121
826
1219
591
1
1235
415
38
1
2
1
813
1154
836
835
1036
1126
1125
1259
873
834
1197
547
546
900
1060
1061
1062
1124
880
1184
574
1050
1063
1176
1256
1205
1
2
1240
1257
1245
1244
1278
1239
1238
1237
405
816
1272
1271
1270
1273
1269
1268
1267
1266
1265
1264
906
1247
1246
1176
1245
705
1203
406
952
1226
1225
1224
1066
938
937
968
1027
1248
1247
1208
1207
1229
1067
709
1253
1252
1017
1
663
1285
262
495
1293
1118
1116
1066
1060
1059
1058
1064
1057
1056
1055
1054
1053
1
1200
1065
900
633
1232
1231
948
947
978
678
1218
1217
853
1051
300
301
1207
1
775
669
525
524
1
2
1225
124
1226
123
528
527
1227
2
1
1044
1263
1262
1183
1045
1264
1263
1184
1046
1192
793
1265
1264
1185
1047
1193
794
1266
1265
1186
1048
1194
795
1267
1266
708
1251
1250
1249
1239
1233
1232
1
749
1262
1080
1079
1246
1245
733
911
1234
1233
869
1067
1241
1
653
905
1296
871
1069
1238
925
828
1247
1245
1082
923
1036
837
1238
1235
1
1195
687
1129
1128
1274
993
1312
1273
1272
1271
203
1
1
373
1202
1
767
1297
1
928
950
949
948
947
1164
1021
1142
945
1251
1237
807
1
2
3
4
174
173
5
810
806
973
811
802
315
174
811
807
974
812
803
314
175
812
808
975
605
813
804
1214
1213
1212
1211
1210
1207
1206
176
813
809
976
814
805
1214
1213
1212
1211
177
946
943
814
810
977
815
806
1215
1214
1213
1212
789
1251
1
1300
1210
1177
1291
1329
1290
1289
1288
1179
224
899
622
620
619
618
617
616
1334
759
900
623
621
620
619
618
617
1335
760
901
624
622
621
620
619
618
1336
761
1343
1342
1338
1337
1336
1290
950
1115
1200
1313
1186
1259
526
966
965
964
963
1263
1262
961
1107
1074
856
1103
1190
1263
1188
1
2
1293
1008
1124
995
994
1025
679
902
1101
1299
1265
1264
1298
1297
1296
1262
1255
788
787
949
529
1080
528
527
530
1085
725
1272
1271
1270
1269
1268
1306
1305
1266
1265
1091
774
773
772
771
770
180
181
182
1256
1255
1048
971
1237
1
1312
883
1237
1299
1190
1313
1290
1289
1127
1124
944
1353
1346
1311
909
1117
1325
538
1275
1274
1271
1119
996
1107
1160
1090
1189
1286
1285
1283
1
969
966
1359
885
1257
1256
561
560
1166
1343
1339
1358
1338
1337
1336
1311
952
516
1349
1310
1309
1308
1352
1274
1233
1162
867
1102
727
1031
1110
1163
1192
959
1011
1164
1118
1207
1271
1272
509
1289
47
1273
1312
1274
1265
1330
424
725
1241
464
975
761
760
1268
758
1286
1285
1276
994
993
984
1
1301
1300
1216
1215
1323
1329
1328
1289
1288
1327
1322
1321
1320
1279
1106
1345
214
1
1
1
1039
1119
1031
1040
1044
890
1104
1157
1296
229
1143
1067
57
1147
1160
96
95
959
471
960
472
1
1388
868
1270
1387
1267
1266
1265
1264
1381
256
265
1
1246
421
1247
422
1148
1317
75
658
657
1011
1187
1396
1395
1389
951
1
694
1155
664
1146
1321
1320
1319
1318
1316
1315
591
590
589
1160
1306
1305
1180
1171
1169
1243
1172
991
1308
1307
926
925
1
929
1379
1253
927
926
266
1099
1235
1138
1137
1139
1138
1140
1141
1142
603
602
601
1359
1183
1150
1349
919
1056
789
1336
269
1
2
1170
862
829
1007
1335
1334
1333
1332
427
1319
1351
921
1345
1344
1058
1416
1095
634
633
1333
108
107
647
1096
894
1097
895
1098
896
29
898
650
1099
897
1
786
755
1007
1312
1372
1410
1371
1370
1369
1371
1285
929
1372
1163
1012
947
1011
774
1179
1018
1158
1353
1352
1159
1354
1353
1157
1161
1159
1258
1354
1158
1343
1366
609
1159
1423
701
650
649
1310
1303
1302
1286
1113
1187
1410
1409
1408
1407
1054
1349
1381
1416
1415
1414
1409
1408
1023
1175
800
1244
1417
1416
1415
1410
1409
1418
1417
1416
954
1114
1411
1410
1309
1353
1018
1037
770
1010
1355
1354
1
2
630
629
628
1345
1202
1201
1096
1403
1356
1355
1280
1200
40
616
1203
1202
1097
1404
1357
1356
1281
1201
41
1347
1040
773
1087
1118
1358
1357
1
1206
1219
155
154
1437
1407
1
1116
1396
1198
1117
1397
1199
1108
1293
536
535
940
534
938
533
937
1294
537
536
941
535
939
534
938
1228
1431
854
869
1074
1340
2
1203
1433
1432
1431
1430
1384
1383
1378
1412
1411
1372
1371
1410
1369
1007
1205
74
75
76
1439
1435
1434
1433
1432
1268
1152
1440
1436
1435
1434
1433
1105
1104
1135
1441
1437
1436
1435
1434
1442
1438
1437
1436
1435
1415
1107
1106
1137
1443
1439
1438
1437
1436
1444
1440
1439
1438
1437
1445
1441
1440
1439
1438
1212
1110
1109
1140
1446
1442
1441
1440
1439
900
1
1211
1447
1443
1442
1441
1440
1204
1337
2
1448
1444
1443
1442
1441
825
589
910
1057
621
1215
1449
1445
1220
1444
1443
1442
1206
1374
1118
1446
1445
1444
1443
1386
1163
900
1447
1446
1445
1444
1448
1447
1446
1445
1219
1449
1448
1447
1446
1220
1450
1449
1448
1447
1451
1226
1450
1449
1448
1452
1451
1450
1449
1453
1452
1451
1450
1454
1453
1452
1451
1398
156
762
1455
1454
1453
1452
1390
1
1172
909
1179
920
1460
1456
1406
1405
1455
1454
1453
785
1428
1466
1427
1426
1425
1391
1461
1457
1456
1455
1454
1069
1462
1458
1457
1456
1455
1177
1100
1366
1352
412
1
2
1
1414
1413
1400
1231
1230
1229
1228
1442
1441
1440
1232
1231
1230
1229
1443
1442
1441
1233
1232
1231
1230
1444
1443
1442
1234
1233
1232
1231
1290
1136
1135
1166
1235
1234
1233
1232
1299
1472
1471
1470
1244
1465
1464
1236
1235
1234
1233
1405
1
2
3
4
5
6
1298
77
1299
76
1300
75
1301
1412
1411
74
1302
1413
1412
73
1303
72
521
520
1279
1270
1268
1254
1281
1272
1270
1344
1273
1092
1106
1009
1428
1426
1263
1333
1167
1359
1339
451
1218
1241
1446
1445
1240
1239
885
1435
1434
1238
1432
1431
1423
1422
700
699
698
1
94
2
1242
1446
1016
1440
1439
1153
1436
1435
1433
1511
1424
1447
1017
1441
1440
1154
1512
1281
1366
1
1417
1499
1039
1465
1503
1464
1463
1462
1466
1504
1465
1464
1463
1517
1507
578
1506
1505
1
1516
1515
1514
1513
1512
1511
1510
1509
1388
1469
1507
1468
1467
1466
1185
1184
1432
1328
1389
1470
1508
1469
1468
1467
1108
1260
885
1471
1509
1470
1469
1468
1028
1472
1510
1471
1470
1469
1473
1511
1472
1471
1470
1474
1512
1473
1472
1471
1475
1513
1474
1473
1472
1334
1470
1331
1330
1476
1514
1475
1474
1473
1398
1347
1241
962
724
1442
1213
1212
1211
1382
1
2
3
1435
861
1505
1449
295
862
1506
1450
294
863
1507
1451
293
1539
1247
1259
1288
1286
1246
1200
1488
1
1478
1416
1415
1424
929
1154
1246
1449
1265
1339
1428
1529
1504
1503
1480
1479
1478
1477
1476
1284
1527
1290
730
952
1450
248
1485
1433
1417
1456
1
1468
1467
1462
1496
1495
1494
1453
1435
1383
1491
1419
1529
1490
1489
1488
739
1059
1162
1161
1160
1159
1157
1061
1060
1417
1062
814
1423
1416
1415
1118
815
1424
630
1417
1416
1063
1425
1065
1417
1426
1539
1419
1418
1065
1427
1067
1420
1419
1380
1508
1319
1404
1066
1507
1428
1467
1068
1421
1420
1
1467
1500
1208
1207
1062
1316
1315
935
939
1327
1326
1396
1510
1509
1508
1426
1
2
1308
132
1314
1313
1319
1312
1311
1309
1399
1308
1472
1471
1455
269
1462
1290
1509
1508
1429
1
888
886
1191
1190
1269
1268
1267
1266
1205
1204
1235
1370
1263
1262
1436
1435
1434
1433
1472
1207
1339
1330
1328
1529
1
1521
851
1532
1441
1434
1433
626
1151
1228
607
1378
1334
1291
1257
1
1446
1445
1444
1443
767
1306
1483
1
1218
1421
1486
1419
1249
1216
982
835
833
983
836
834
2
1
1108
1245
1484
883
1
875
873
872
847
846
617
1427
1426
1213
1212
1428
1427
1214
1213
1573
1543
1429
1428
1553
1552
1501
22
751
1502
1
1503
1428
671
670
1075
669
1073
668
1072
1428
1547
1546
1
1419
1325
1464
1
1112
1111
1211
1210
1209
1208
1561
1560
1206
712
711
710
1117
1521
1520
1036
1522
1521
1550
1549
1510
1509
1548
1593
1581
1592
1586
1476
1582
1527
1526
1484
1513
1512
1528
1527
1535
1259
962
1529
1528
1515
1514
1512
531
1
1357
1047
1243
1364
1531
1530
977
1517
1516
1
2
1367
1365
1526
185
1366
1527
184
1528
96
2
1112
921
1180
1526
1525
1524
190
5
1537
1536
1535
1608
1512
1114
923
1182
1537
1536
1449
783
1539
1538
1537
1508
1388
1379
1377
1539
1538
1381
1243
1242
1321
1320
1319
1318
1315
1314
1132
1131
1322
1321
1320
1319
1604
1316
1315
1323
1322
1321
1320
1317
1316
1545
1544
1543
1
1546
921
1255
860
1547
1546
1533
1532
955
953
1
2
956
954
957
955
958
956
2
1
1207
1375
1492
1490
1507
1506
321
1496
1609
1605
1604
1603
1602
1465
1540
1215
1367
992
1
1272
1417
1431
1609
1598
1471
1517
1
2
1604
1603
1491
1490
1403
1488
1410
1492
1491
1404
1489
1290
1289
1185
1144
1493
1492
969
1221
1017
1021
1409
1408
1478
1159
1158
1552
1551
80
822
823
824
825
826
1432
1373
1
253
2
1137
1637
2
1453
1305
824
1547
1567
1523
1561
1560
1558
1517
1516
1515
1196
1394
1405
1551
1642
1641
1640
1639
1
1561
1165
1
1056
679
1052
1647
1529
877
1324
1182
1646
1640
313
312
490
489
311
1450
1540
1492
1649
1648
1525
1642
1145
1621
1526
1568
1386
1530
1529
1528
1527
1614
1531
1530
1529
1528
1570
1626
1625
1624
1623
1299
1533
1532
1531
1530
1178
1172
1506
1534
1533
1532
1531
1648
1535
1534
1533
1532
944
1637
1412
1636
1635
1634
1536
1535
1534
1533
1572
1604
1641
1640
1639
1590
1589
1634
1633
1405
1404
1403
1402
1537
1536
1535
1534
1576
1575
851
850
849
1565
1538
1537
1536
1535
1665
994
1
2
3
4
248
1419
1111
1593
1592
1311
114
519
1420
1112
1594
1593
113
520
1421
1113
1595
1594
112
521
1422
1114
1596
1595
111
522
1670
999
4
3
2
1
253
597
1595
1574
1569
1
1555
1554
1316
1312
943
902
1349
1552
1545
1544
515
514
1396
1377
1572
1571
1429
1
1045
1377
1376
1375
1549
1373
1379
1550
1
1677
1670
1248
1337
1594
970
1
2
41
40
973
972
1661
1329
1442
866
796
1
1241
1240
1441
1531
1530
1664
1609
1608
1607
1606
1604
1603
1278
1239
158
157
156
1594
1518
1677
1561
1385
1510
932
1666
1376
1375
1374
1386
13
45
1337
1336
1367
1635
1007
1648
1647
1
2
1
1456
1469
404
1362
1361
1
1360
1347
1655
1020
794
1654
1582
889
1569
85
1002
118
1296
1222
1221
1290
854
1612
1572
1646
1206
1631
1630
1629
1542
1397
1100
934
933
1320
1586
765
764
814
1611
1610
1609
1608
1607
98
97
632
1606
1325
1324
1315
1521
1519
1575
1702
1695
1635
1634
1621
1620
1614
1613
1612
1439
1035
1033
1556
1554
1557
1555
1331
1330
1556
1321
1352
1627
1671
1
471
1566
1669
1668
1678
1445
958
957
1123
1122
1121
1186
1674
959
958
1124
1123
1122
1187
1181
957
1069
1065
1064
1401
1124
1123
1070
1066
1065
1402
1125
1124
1071
1067
1066
1403
1126
1125
862
738
737
1707
1072
1068
1067
1404
1127
1126
1007
1430
1529
1685
1457
1
1134
1431
1409
1686
1634
1497
1496
1695
1636
1635
1498
1497
1563
1219
1643
1636
1638
1637
119
1671
1315
1
1661
1729
1369
1058
1471
1470
1469
1468
1249
1248
1642
1641
63
62
61
60
312
1723
1722
1721
1724
1723
1722
1721
1727
1462
1726
1725
1724
1723
1722
1645
1569
1720
1735
1729
1611
1001
1728
828
1727
1726
1725
1724
1722
1728
1727
1726
1725
1151
1704
1703
1152
1705
1704
1153
1706
1705
1154
1707
1706
1155
1708
1707
1156
1709
1708
1730
1157
1710
1709
1158
1711
1710
1098
1097
1712
1711
1713
1712
1714
1713
1518
1715
1714
1713
1712
1716
1715
1736
1583
1628
1627
1717
1716
1582
1737
1
1158
1157
1156
790
1664
1709
1183
1746
1321
1423
1422
1697
1739
1432
1431
1088
1426
1424
1144
1423
1589
1649
1323
1489
1397
1396
1427
1407
1718
1591
1688
1668
1667
1184
1305
1513
1574
1694
1692
1636
1635
1611
1736
1732
1169
1587
1444
1721
1669
1439
1190
1438
1575
1695
1693
1612
1737
1733
1588
1445
1722
1440
1191
1439
1525
1610
1353
1402
1401
1432
1647
1589
1446
1712
1711
1738
1737
1736
1731
1730
1502
1501
1500
1499
1590
1447
1702
1694
1591
1448
1674
1673
1671
1703
1695
1127
1601
1592
1449
1675
1674
950
949
948
1593
1450
1228
1219
1218
1217
1216
1215
1214
1213
1229
1220
1219
1218
1217
1216
1215
1214
1230
1221
1220
1219
1218
1217
1216
1215
1231
1222
1221
1220
1219
1218
1217
1216
995
1444
1242
1548
1
1549
1755
1
1245
1242
1241
1239
1238
1302
1243
1237
990
989
988
987
1116
1041
1650
1643
1642
1709
1548
1689
1688
1679
1507
1653
1254
1726
1725
1566
1668
1572
1106
1753
1515
1
1780
1420
1109
1522
1521
1520
1519
1693
1692
363
1670
1574
1108
1755
1517
1
2
1614
1613
1470
1493
1
1514
1674
1757
1197
919
911
1697
1729
543
1667
1666
948
1068
1761
1536
1760
1759
1758
1696
1139
1655
1
1700
1699
2
1773
1746
1784
1270
1319
1783
1627
1777
1550
1717
1716
1163
1703
1702
1210
1209
1208
1207
1617
1738
1755
1535
1710
1536
1711
1537
1712
1538
1713
1712
1711
1710
1697
1730
1729
1715
1714
1713
1712
1711
1545
1706
1526
1525
1524
1689
1720
1719
1523
1717
1715
1714
1713
1712
1708
1716
1715
1714
1573
1572
1718
1717
1716
1715
1714
1548
1
1701
1718
1717
1716
1715
1713
1712
1702
1719
1718
1717
1532
1289
1678
1279
1751
1750
1798
1786
1316
1333
1290
1797
1791
1318
1439
1279
1031
1028
1433
1432
1086
1070
1291
1278
1421
1679
1672
1671
1142
1732
1731
1702
1408
1774
1773
1334
1772
1771
846
1609
1230
1761
1760
1759
1718
1771
1727
1726
1725
1724
1712
1711
1
1793
1475
1578
1663
1662
1642
1
2
1210
1585
1782
1781
1342
1802
1151
1489
1487
1436
1435
1661
1426
1
1478
1734
837
1623
1817
1816
1815
1814
1813
1812
1811
1810
1129
1560
1130
1561
1169
1743
1742
1741
1740
1727
1170
1155
961
1199
950
1749
1748
1169
1746
1737
1171
1156
962
1200
951
1750
1749
1170
1747
1738
1633
1479
1478
1333
1206
1210
1598
1597
1471
1470
1501
1667
1775
1416
980
1741
1740
1774
1773
1772
1473
1508
1500
1726
1309
1306
1683
1310
1307
1684
1700
1311
1308
1685
1701
1312
1309
1686
1702
1313
1310
1687
1703
1071
1672
1718
1072
945
944
1673
1719
1073
1559
1751
1750
1560
1752
1751
1027
1026
1025
1773
1561
1670
1527
1753
1752
1562
1470
1469
1772
1771
1770
1563
1485
1484
1515
1765
1764
1762
1529
1755
1754
1753
1752
329
424
328
1603
1564
1735
1180
1766
1765
1763
1754
1031
1030
1029
1787
1611
1578
1777
1347
1484
1217
1764
426
1181
1738
1737
1519
1517
1451
1448
1643
1489
1488
1519
1825
1821
1820
1819
1818
1588
1587
1586
1585
1676
1533
1279
1746
1573
1767
1794
1832
1766
1765
1764
2
1
1227
1404
1849
1850
1771
1770
1769
1768
1851
1610
1756
1755
1854
1853
1852
