5
7
16
19
31
34
52
107
113
149
163
167
186
190
199
224
228
262
306
307
335
336
339
360
370
374
375
420
425
487
223
489
162
194
108
334
491
500
330
502
2
102
301
558
29
26
47
603
144
11
632
257
633
300
703
160
27
45
498
368
329
707
777
868
100
142
9
221
255
873
192
877
951
24
299
367
328
1015
1017
1029
3
156
129
30
77
78
362
81
74
78
94
263
942
403
417
577
706
611
769
957
133
1014
67
256
715
319
832
12
135
413
148
16
191
125
126
616
3
344
136
474
10
101
168
197
247
343
491
21
233
603
488
28
304
30
26
301
228
16
165
5
14
29
42
341
133
44
67
83
101
124
126
79
176
156
73
112
283
114
323
228
67
60
71
607
232
200
90
92
94
100
6
318
109
123
392
146
154
162
86
164
226
159
205
221
229
312
248
265
269
280
281
282
305
308
316
318
364
368
395
402
367
5
735
368
369
407
409
186
447
157
113
79
448
451
225
211
440
446
468
515
101
517
611
666
723
744
793
796
814
816
819
847
866
940
113
172
107
208
168
99
32
61
38
19
84
717
34
43
843
3
4
5
37
47
401
232
310
153
409
419
319
432
235
590
73
58
851
918
107
6
44
165
410
89
154
426
21
177
3
56
13
176
87
48
20
110
333
124
36
632
231
306
121
135
148
586
315
115
127
146
405
23
140
171
219
22
624
306
407
373
32
132
226
278
619
55
2
425
188
167
142
141
140
127
126
87
84
297
81
76
73
38
4
5
111
69
111
114
118
309
120
124
110
115
281
109
117
122
132
412
142
138
108
409
158
79
146
34
107
202
175
181
375
195
44
112
10
335
218
36
131
16
223
238
241
258
265
266
474
477
452
257
179
124
174
296
447
408
448
105
452
569
453
29
466
508
403
53
651
407
222
794
818
715
287
33
191
26
193
154
29
297
136
110
461
192
146
248
62
247
134
100
278
429
1
43
179
197
76
333
133
129
233
39
302
159
344
188
56
75
90
622
544
448
427
315
270
432
225
321
298
326
296
275
274
219
267
304
107
259
247
244
241
376
695
403
138
301
244
271
50
251
102
220
222
24
539
479
548
157
380
304
117
237
103
233
105
166
273
177
157
692
145
5
134
279
67
131
43
104
82
245
86
437
157
3
85
84
109
79
80
54
55
73
68
64
10
26
280
198
220
84
66
40
9
73
8
71
81
6
168
296
154
18
129
102
148
106
69
263
7
145
359
13
67
130
110
141
69
78
306
40
41
46
75
82
487
116
133
148
173
174
182
189
211
247
410
611
414
416
242
80
181
427
431
115
393
307
204
199
404
397
410
1
371
309
417
476
427
551
613
416
402
182
339
286
38
278
237
60
266
7
9
103
252
61
283
41
355
271
136
233
317
382
501
357
110
180
152
327
173
622
377
116
466
344
138
635
615
260
612
598
318
254
603
443
366
145
144
133
99
175
235
559
553
549
138
398
541
433
74
244
60
630
607
625
341
562
6
668
456
599
248
591
622
590
583
576
326
312
74
571
629
513
650
616
678
554
541
672
689
711
530
59
2
331
615
158
434
629
529
440
525
514
599
493
704
499
156
101
324
540
578
497
281
310
244
482
513
638
474
186
458
425
643
387
415
410
633
308
639
211
430
458
455
587
441
569
523
373
370
339
332
317
697
315
306
774
286
271
282
252
606
11
316
246
254
96
230
485
171
167
165
259
703
162
742
100
228
479
724
161
145
575
122
520
120
116
114
351
83
182
786
432
136
379
184
182
173
158
152
113
428
92
90
322
843
469
71
19
17
261
730
216
15
803
13
12
768
123
498
150
835
874
831
799
809
601
764
474
591
108
366
398
848
335
110
525
864
509
916
236
868
741
227
97
875
826
173
508
869
465
452
72
956
205
77
143
448
921
447
66
510
497
844
758
14
408
855
951
826
722
512
82
283
988
682
180
977
306
667
782
8
839
694
538
210
555
917
401
412
475
463
422
184
168
539
910
1025
871
197
400
505
948
640
909
476
174
27
420
122
743
32
426
494
65
763
825
159
199
251
492
660
1090
111
51
671
879
48
75
20
109
73
172
97
411
388
393
677
61
48
647
94
13
14
393
716
95
35
487
197
444
72
1063
481
102
510
134
169
179
849
214
83
132
250
23
268
1088
521
516
258
627
125
322
772
334
764
737
336
82
5
43
30
631
24
879
125
806
819
229
288
214
295
1015
299
468
330
10
331
332
71
258
172
117
204
78
466
255
281
112
360
217
28
444
950
366
23
46
764
377
106
16
77
518
394
35
38
410
166
536
393
133
738
109
430
401
27
56
73
343
4
454
537
460
461
462
469
492
20
1
7
359
758
493
632
695
127
496
499
512
521
944
555
367
561
754
16
628
691
11
603
339
355
5
123
510
12
92
444
611
879
697
730
674
403
737
738
35
751
327
113
787
181
612
675
621
27
21
323
339
738
925
803
862
864
63
885
332
29
303
340
606
611
98
627
192
631
623
160
289
640
216
68
647
233
176
119
396
254
544
401
415
298
352
117
540
143
492
493
503
384
138
504
43
111
95
308
704
363
633
376
639
126
133
38
403
16
538
471
408
609
76
83
591
580
374
77
44
331
232
418
601
702
54
696
336
63
62
594
362
867
884
445
182
149
652
262
877
582
5
419
68
5
1012
941
376
994
947
813
421
1002
239
169
754
248
617
366
765
484
860
428
1014
65
345
37
333
210
230
863
942
96
213
50
464
232
625
6
294
89
203
28
191
38
559
135
609
765
365
246
281
225
175
730
695
842
399
835
834
831
663
238
746
825
177
824
812
818
759
598
642
823
231
815
631
792
132
846
239
565
250
761
880
102
84
364
80
263
126
629
274
229
61
57
146
145
655
101
54
50
53
124
261
327
16
641
324
270
299
292
211
373
174
49
648
285
206
268
245
236
179
185
7
222
947
266
405
267
144
921
295
130
612
104
63
54
122
155
407
31
697
151
13
343
314
127
134
138
155
128
187
188
207
767
206
163
275
16
196
211
291
253
189
172
258
278
281
188
890
763
413
528
462
955
65
132
128
467
78
427
36
447
248
249
41
154
117
39
1
11
487
438
4
6
503
638
663
664
670
321
613
641
618
620
176
591
688
456
540
784
200
98
372
160
502
634
298
424
715
82
621
767
975
792
968
23
227
55
828
312
251
56
626
561
75
222
109
207
84
246
249
202
415
44
51
263
334
1
73
376
688
81
238
346
682
472
53
214
158
236
222
367
416
774
622
740
713
345
227
746
718
12
590
589
511
153
321
466
403
101
439
606
426
222
311
576
28
119
218
77
442
13
326
316
220
34
441
410
443
77
553
394
44
311
53
309
312
707
533
24
164
227
482
101
376
55
727
167
881
432
593
71
1080
1017
949
951
128
1068
28
599
431
871
472
373
84
157
162
144
456
926
495
446
156
169
114
475
623
629
324
576
47
76
12
39
509
438
51
46
672
8
112
37
22
20
19
352
23
58
12
62
315
68
66
82
11
75
180
79
381
74
175
521
893
83
409
322
451
440
127
117
677
31
77
155
854
59
71
290
150
42
68
76
14
400
577
103
43
416
442
97
48
527
506
353
276
54
317
23
84
23
45
641
24
855
922
380
868
492
303
446
132
49
674
19
903
104
108
117
707
837
458
664
323
243
102
189
364
300
442
301
82
616
32
621
36
140
409
138
284
72
73
84
5
85
91
34
93
102
311
165
289
145
94
71
11
139
113
95
101
106
859
81
417
186
78
427
268
71
629
7
244
178
759
791
127
156
151
191
212
250
515
666
254
86
258
355
396
102
308
49
313
369
376
384
442
312
216
459
476
520
93
27
274
611
148
824
399
607
61
171
44
102
122
147
123
579
25
162
825
14
33
575
320
206
626
42
118
501
194
43
762
2
343
279
676
335
4
144
54
499
140
116
44
520
88
43
76
225
627
7
480
12
172
434
628
165
629
106
220
140
612
84
182
98
297
135
139
219
51
471
39
156
284
30
155
121
147
216
388
73
283
227
181
99
282
148
15
13
285
111
197
47
60
45
21
257
101
157
180
224
32
22
57
153
247
320
23
69
39
138
456
24
151
120
56
122
92
645
19
13
256
212
210
383
202
159
445
163
219
149
644
212
314
160
211
161
150
57
211
164
201
315
382
111
302
181
509
496
325
281
179
265
190
314
10
233
341
191
225
19
15
280
279
168
77
462
260
267
195
339
216
277
30
187
84
309
433
238
404
336
164
185
186
410
127
116
25
24
277
422
133
260
358
227
354
154
213
16
247
249
80
125
100
409
287
143
82
279
310
238
65
75
438
423
294
337
147
457
92
311
42
325
40
245
473
58
331
381
591
502
393
157
392
16
318
67
81
600
314
242
22
69
417
529
299
160
387
31
26
170
38
429
18
392
295
291
2
551
170
347
27
492
490
415
343
554
29
372
267
183
251
53
316
54
458
341
410
428
27
95
418
385
48
4
227
411
401
91
370
97
11
355
341
160
48
333
515
61
465
141
321
320
307
398
389
24
345
35
549
317
172
480
359
248
244
353
2
351
350
101
595
470
134
409
20
547
69
161
73
363
250
3
410
139
341
488
363
212
17
436
477
154
161
57
437
112
302
441
157
139
304
283
298
347
69
368
277
315
430
567
464
71
289
316
362
373
429
282
317
8
361
118
360
471
220
350
346
107
143
114
491
589
366
384
47
255
351
2
636
304
413
386
326
8
229
278
299
208
394
242
183
395
597
360
23
415
227
56
206
395
394
521
393
358
129
383
63
324
351
380
371
356
314
108
386
87
642
355
473
429
307
427
425
640
560
629
40
75
476
57
471
650
76
338
515
302
787
148
614
153
686
395
21
844
91
152
572
522
70
194
73
766
333
150
393
449
96
75
405
827
70
539
171
416
179
531
865
659
290
897
465
822
709
657
26
780
710
595
759
468
645
121
18
23
809
5
935
486
224
947
897
219
307
322
226
606
803
782
629
681
662
762
224
618
491
605
597
668
717
594
393
621
620
220
607
606
603
923
16
602
6
723
818
580
905
987
578
143
240
208
153
235
260
867
808
470
520
855
523
662
245
325
755
978
1040
349
354
356
502
359
445
366
545
367
12
370
224
310
487
272
276
286
157
101
133
624
8
582
389
383
629
349
439
200
48
74
231
237
472
403
326
407
31
189
49
8
141
516
365
23
258
10
181
324
371
226
171
486
422
91
481
249
439
140
635
639
246
58
299
192
258
114
193
339
295
40
6
141
378
381
240
442
129
576
173
596
681
168
229
299
223
266
519
293
194
238
97
32
103
72
239
1
317
742
396
909
2
334
23
25
458
249
161
421
204
206
89
5
53
399
285
655
809
403
258
234
209
1
35
468
448
136
464
114
13
6
74
555
177
577
272
180
164
44
170
92
590
341
135
24
458
51
121
38
266
280
7
8
635
406
425
339
205
144
210
203
105
649
215
81
106
219
21
223
274
344
54
20
480
329
14
680
29
600
484
59
27
153
34
309
478
49
334
63
62
521
452
209
545
422
263
68
99
828
91
16
295
167
140
634
578
513
683
288
509
287
95
785
285
29
157
385
106
33
810
71
618
276
102
277
352
164
418
322
671
278
55
140
118
78
82
494
79
348
291
289
58
45
18
108
34
549
57
425
33
124
412
141
483
246
534
465
63
109
445
51
207
487
491
472
304
296
515
280
12
255
74
378
23
449
310
184
92
173
36
100
621
159
431
574
59
300
108
63
174
679
172
331
318
707
82
38
497
498
127
507
218
39
60
501
128
252
482
137
225
243
505
589
536
626
530
549
249
548
557
528
725
370
282
668
247
141
723
332
760
274
319
139
326
613
565
505
244
416
63
370
314
215
135
476
339
294
105
612
1003
888
150
603
478
176
1024
168
837
459
1006
999
543
27
640
428
369
248
242
441
211
521
197
1
62
59
61
58
811
55
504
15
111
522
147
974
69
151
253
756
999
104
799
408
604
755
210
65
255
15
110
233
523
265
60
90
504
440
146
14
136
150
57
880
503
137
851
102
972
56
577
136
264
754
438
793
580
67
60
54
426
410
51
62
59
132
866
780
367
508
240
50
740
488
218
787
119
558
83
80
198
555
838
7
877
370
446
382
698
521
4
524
46
823
154
537
5
195
544
76
820
463
209
437
77
465
733
458
81
342
467
729
461
200
539
179
190
72
3
815
408
30
76
20
458
339
700
31
8
465
475
315
363
31
11
597
345
93
42
707
870
895
137
400
151
1
118
9
68
124
354
74
373
128
467
743
115
516
27
345
111
109
10
294
293
115
65
364
106
35
406
175
273
490
778
51
14
320
305
345
183
239
5
251
179
5
173
187
83
349
28
625
597
152
269
15
268
307
10
220
74
163
308
119
265
181
308
123
4
249
192
230
125
29
279
65
303
305
155
228
75
548
296
540
289
260
621
622
284
62
246
249
449
381
269
325
87
202
203
193
323
240
117
169
72
328
167
7
98
195
293
32
296
42
282
301
286
185
507
386
43
19
396
335
273
314
159
98
161
251
162
104
163
479
164
326
29
509
12
165
186
362
297
254
339
18
283
152
244
470
74
122
105
364
453
216
287
150
195
129
20
26
463
146
320
376
368
130
382
3
429
484
23
131
143
134
390
529
446
390
184
477
135
35
137
275
169
123
255
258
337
22
120
349
90
70
89
161
268
303
72
197
235
574
46
386
352
206
151
337
5
584
537
114
200
84
703
209
229
207
94
221
81
118
99
141
248
84
83
404
91
280
246
82
599
541
202
708
315
460
80
311
287
731
468
42
499
352
695
192
32
541
221
584
821
593
689
444
487
443
1078
929
367
105
300
160
232
635
179
984
918
234
788
710
189
570
500
74
273
398
31
471
676
100
38
793
315
353
332
81
599
80
79
63
78
616
728
687
606
351
25
315
782
70
822
336
348
519
521
522
21
266
245
206
391
90
393
123
25
664
467
197
614
548
21
232
105
489
137
319
320
55
96
423
528
534
849
25
218
230
232
309
234
130
139
154
133
485
138
191
536
41
22
538
312
35
141
877
68
322
276
163
532
207
261
531
232
666
577
674
617
131
103
596
2
151
318
169
336
385
195
196
326
66
436
567
369
278
441
271
443
394
343
19
370
125
444
464
465
468
271
839
161
409
355
174
180
46
241
361
426
283
31
358
682
113
393
252
349
265
63
516
291
172
64
218
24
284
47
272
10
852
719
401
687
431
699
771
966
500
249
256
700
1062
823
112
632
700
643
604
680
126
283
681
682
683
645
683
336
805
330
141
809
153
23
146
463
68
832
83
173
522
1009
946
360
361
415
789
11
214
909
481
190
521
39
443
25
411
796
939
72
509
983
923
994
88
584
186
802
585
98
586
7
587
588
589
590
543
528
611
468
355
361
374
658
696
124
8
550
483
53
484
676
609
605
164
60
428
77
108
607
308
621
488
178
490
486
152
260
534
479
230
718
160
484
485
145
8
216
238
328
30
744
244
323
700
154
468
470
473
277
322
174
471
472
184
467
15
9
259
212
158
434
806
779
171
212
227
120
190
541
235
357
353
553
292
28
147
86
11
415
60
91
113
416
417
282
418
421
184
423
424
57
25
98
425
143
424
535
63
259
516
72
157
273
60
487
74
187
394
395
399
22
346
427
289
27
194
15
145
228
257
208
345
438
157
548
411
312
311
394
356
106
329
1
332
6
5
430
41
321
327
328
329
270
330
260
331
425
95
41
175
124
270
303
304
244
305
4
307
196
16
249
215
287
299
441
335
86
245
366
54
285
345
478
81
311
96
369
303
511
249
260
116
314
328
416
250
186
254
221
175
454
455
24
258
24
63
41
205
208
65
234
286
7
192
464
108
487
215
221
22
218
58
225
116
238
240
172
3
177
232
168
138
203
139
488
273
445
169
620
152
4
17
712
31
710
486
808
197
47
354
721
190
319
303
729
209
206
70
143
24
379
13
821
586
810
835
477
147
657
141
598
50
86
709
196
130
654
560
756
392
621
834
363
490
235
248
528
500
34
340
35
627
714
586
421
754
560
226
422
968
244
709
260
263
952
963
1030
1007
66
885
641
543
371
284
484
602
843
357
871
795
283
575
966
652
756
771
847
686
684
711
849
333
395
748
29
113
571
884
749
25
180
185
750
101
235
729
7
168
520
649
139
299
302
114
13
203
438
85
20
531
167
34
9
715
361
297
344
590
578
63
297
208
221
580
583
704
98
584
157
586
66
352
295
505
88
296
427
408
156
76
87
343
268
278
270
271
143
56
37
345
368
410
10
296
175
269
33
348
367
154
158
260
308
454
23
301
210
47
221
78
752
249
556
440
921
103
610
538
87
849
520
92
341
831
780
724
530
389
390
391
377
393
75
394
60
395
398
56
485
823
167
570
544
173
365
311
366
343
153
295
62
182
572
672
185
741
699
492
938
844
395
310
184
499
429
848
370
851
852
2
373
1021
851
630
507
669
45
825
142
791
581
449
683
442
158
1038
97
206
57
835
10
6
797
602
798
801
965
451
359
583
624
800
71
132
88
788
56
60
802
608
733
820
666
917
17
611
198
391
907
772
197
303
536
812
775
798
320
800
316
353
445
680
707
361
335
53
774
678
320
778
680
688
49
86
717
200
323
268
422
1
789
893
5
219
85
376
354
8
472
520
925
296
770
717
391
46
441
404
331
345
737
46
749
39
405
784
315
271
279
794
723
712
724
32
520
536
725
44
583
1
704
348
550
330
31
690
683
646
691
135
474
424
556
301
682
669
856
158
192
84
202
109
899
289
273
147
699
615
210
639
84
640
135
93
642
363
644
207
114
412
646
713
5
489
250
43
614
558
240
217
468
616
135
190
271
214
548
8
510
661
607
199
612
62
179
118
123
278
377
334
205
119
238
3
17
586
141
209
744
85
138
82
14
116
441
675
5
123
235
480
189
443
124
221
501
71
102
68
109
571
427
312
298
3
41
56
662
350
358
31
38
124
435
53
150
314
365
344
284
177
241
357
325
159
7
119
93
22
334
128
621
15
382
537
201
256
301
413
212
535
148
192
138
289
160
283
331
319
93
32
169
139
194
437
284
422
286
39
338
10
287
288
213
127
315
70
307
57
86
58
226
359
403
173
179
385
509
257
342
171
535
234
214
240
237
380
274
239
374
381
382
41
102
43
179
186
129
308
90
214
241
173
228
1
178
456
477
150
305
306
265
153
149
333
201
240
210
561
209
155
368
570
179
290
183
233
260
69
262
135
165
82
46
239
143
382
276
37
131
52
263
262
209
48
130
263
13
269
575
228
228
179
54
468
258
187
371
2
11
9
90
231
69
157
558
374
232
86
382
21
90
419
166
422
44
218
276
664
442
39
60
112
419
3
481
5
164
151
42
196
697
21
711
79
257
758
648
253
204
67
401
387
650
19
504
506
111
48
185
525
669
452
245
64
198
539
290
762
817
219
844
854
803
469
154
378
126
449
620
84
60
270
95
61
35
434
301
362
374
663
754
648
964
477
493
441
612
826
881
134
291
730
652
231
483
300
162
43
340
646
636
486
647
347
100
284
487
575
291
489
129
397
275
255
434
319
147
305
436
146
35
148
409
351
435
63
10
40
424
63
71
283
262
432
325
379
285
433
434
215
120
150
62
442
315
113
148
148
149
45
330
560
315
146
476
177
150
145
307
208
405
586
332
176
42
457
589
329
559
178
583
728
450
199
339
62
226
108
407
210
99
274
202
105
246
27
68
637
412
370
490
431
158
278
131
373
97
9
645
584
118
181
439
151
197
165
232
239
133
799
268
298
1047
495
986
827
910
538
16
648
80
405
342
900
156
901
317
902
753
278
401
535
910
527
166
551
293
523
68
549
848
66
27
66
856
83
97
859
780
1007
275
94
19
546
754
186
161
308
734
436
255
568
189
683
653
684
112
189
183
132
405
680
694
681
622
683
163
397
400
83
358
15
172
621
574
95
106
243
622
286
347
624
458
625
192
626
627
292
628
629
582
216
555
577
617
280
274
341
155
298
209
607
302
581
320
322
63
228
311
421
198
577
580
97
543
109
104
25
456
239
23
312
31
534
557
396
148
558
361
265
247
183
453
51
300
577
194
598
126
239
201
12
179
252
545
361
226
406
436
456
404
164
357
45
193
32
61
546
108
383
38
289
429
382
450
94
208
23
443
320
372
24
149
215
420
297
7
62
352
166
381
445
420
68
2
517
442
239
121
422
396
155
122
347
417
62
235
337
419
383
443
451
13
420
360
245
406
411
422
394
56
344
153
141
142
383
43
464
258
331
497
487
356
485
297
203
172
335
288
392
61
339
356
307
209
336
361
362
176
42
553
258
300
46
311
33
148
678
572
184
669
503
251
134
476
136
133
67
130
729
3
826
36
44
498
15
58
21
55
25
537
879
1001
60
1008
61
693
701
71
532
776
828
388
941
393
24
565
753
52
749
298
301
155
261
789
787
295
392
968
933
722
589
695
385
12
11
316
940
754
1056
765
149
231
1060
658
950
850
1
775
76
872
891
750
746
976
722
494
591
635
732
634
883
453
380
189
746
91
730
163
667
543
395
174
396
574
24
157
134
333
649
624
106
176
190
358
409
374
740
324
154
3
686
142
85
51
233
323
689
154
690
190
73
437
892
539
190
255
441
954
1019
843
1016
72
917
383
229
230
84
253
710
625
708
187
607
615
179
504
929
68
592
45
156
136
930
943
309
571
293
239
409
936
28
374
545
346
146
622
624
299
431
328
625
626
169
145
184
854
621
251
895
438
896
571
555
641
521
858
761
161
49
478
554
157
530
485
378
851
754
345
152
486
277
271
29
28
544
535
771
532
84
746
471
459
698
719
396
721
628
60
182
66
189
130
323
590
398
589
128
397
321
364
311
362
206
535
289
170
643
302
317
655
32
392
53
195
645
116
478
432
65
298
294
296
103
29
297
182
467
397
429
21
334
224
397
398
464
399
246
204
400
480
234
146
402
11
83
116
414
42
109
249
175
256
382
262
645
781
706
73
142
139
681
72
134
87
568
86
434
439
509
446
90
547
304
426
99
84
386
389
141
605
587
135
604
107
132
586
710
10
555
670
720
145
718
614
719
615
600
1016
489
254
124
734
241
1016
358
1017
865
148
123
147
369
742
248
196
376
10
75
794
38
618
191
860
189
842
162
182
671
28
253
222
234
72
31
577
479
694
709
163
545
210
33
877
224
862
774
126
876
255
270
673
504
564
674
749
7
59
111
112
33
136
113
114
115
503
521
791
394
352
15
939
615
120
90
269
96
603
165
566
750
648
573
726
892
153
757
16
41
40
59
53
1
12
279
272
278
290
619
222
243
270
243
59
640
769
361
122
134
129
59
142
70
423
211
461
248
115
28
384
615
616
466
617
209
7
20
528
374
129
312
135
500
143
546
351
336
519
444
492
435
268
59
662
214
356
178
215
54
811
754
374
542
334
424
364
478
366
631
253
770
75
577
611
859
930
671
342
142
179
360
337
317
660
207
502
329
297
234
626
346
575
870
1023
866
638
1022
945
937
939
372
620
853
568
778
512
865
862
950
570
92
558
190
188
541
833
598
365
851
688
625
400
550
99
575
106
569
123
639
806
598
570
120
578
1
24
325
284
39
23
629
476
478
153
285
479
480
25
630
642
612
416
115
596
535
595
594
581
617
605
309
488
216
505
19
470
469
15
14
469
13
172
18
450
5
456
1
455
4
445
653
323
1
211
323
325
132
326
327
102
571
546
191
649
538
544
264
545
372
362
542
111
182
613
548
56
601
5
353
130
385
533
564
344
122
377
240
140
220
97
141
19
6
206
280
198
214
207
191
193
194
195
468
470
361
511
480
50
461
202
210
474
81
454
73
366
351
43
44
358
235
57
18
58
54
13
275
218
384
217
61
366
336
78
76
437
372
236
1
116
421
418
38
264
419
421
1
67
225
384
307
296
301
307
382
293
292
303
294
380
112
23
389
24
99
21
22
385
164
219
70
292
198
197
175
373
1
368
2
367
257
1
368
260
365
332
352
2
3
4
1
2
1
10
75
2
344
145
25
8
141
175
143
1
135
35
142
140
134
142
34
65
41
334
4
254
262
12
230
4
148
149
256
258
4
133
145
255
253
146
296
265
250
248
227
306
106
108
261
124
165
102
217
285
118
285
54
109
82
231
1
9
1
27
7
12
123
54
55
165
208
41
235
174
170
6
8
205
136
204
2
149
95
94
22
12
78
176
1
54
186
187
80
184
108
1
110
151
107
109
150
110
176
78
3
75
143
102
26
57
67
11
5
88
3
6
83
77
96
101
44
3
2
43
12
41
1
10
40
70
1
4
64
57
1
48
21
