25
9
11
3
609
595
100
123
700
14
15
78
80
96
145
159
175
198
21
121
140
183
185
652
653
642
209
648
651
662
288
148
640
106
313
59
574
586
261
195
558
178
18
78
106
64
107
372
121
161
389
14
92
30
39
295
294
575
110
11
45
378
308
36
37
41
67
33
33
60
80
413
412
420
418
455
38
49
232
527
377
357
7
3
9
8
150
152
175
158
170
60
60
61
369
53
130
133
543
27
28
646
22
652
159
2
9
13
1
155
5
9
28
34
825
39
47
1070
1068
1105
105
1113
861
271
250
984
2
3
40
116
117
126
131
1013
246
77
979
56
18
707
9
2
8
10
91
93
95
97
931
95
7
2
1
3
279
278
72
121
222
254
218
365
18
615
482
377
617
89
134
232
236
323
311
83
271
28
2
273
191
271
5
259
1
2
3
19
276
277
18
636
4
24
29
29
20
30
611
594
60
661
679
744
55
5
3
7
2
15
18
23
25
12
14
5
45
625
642
640
94
46
6
14
15
3
5
6
14
23
18
3
782
22
24
28
35
47
772
777
291
124
125
139
756
769
294
127
745
494
3
2
113
77
13
3
1
2
29
12
22
26
5
17
26
53
61
218
2
17
29
16
18
15
492
495
487
157
361
485
23
143
6
98
100
109
17
657
652
662
304
500
16
6
8
28
1047
659
650
608
752
742
729
727
1134
1
4
24
573
2
22
2
1
74
191
248
250
252
482
545
549
615
621
648
650
339
365
23
607
442
18
143
78
79
81
82
550
536
512
554
80
342
340
634
633
630
625
175
563
573
569
822
239
233
737
235
718
744
679
376
90
1025
1021
9
10
9
44
72
73
92
975
131
277
247
246
875
11
13
3
161
30
153
12
14
15
4
10
5
29
50
32
21
289
2
6
24
44
94
30
36
11
12
43
9
734
29
14
2
3
20
34
339
411
409
476
25
4
63
66
29
199
106
112
565
628
630
629
631
165
347
60
23
27
29
665
13
323
317
688
6
9
65
125
128
131
164
686
730
727
3
838
837
347
800
295
757
808
39
55
57
624
18
887
167
15
23
977
975
988
725
544
375
8
41
440
175
396
2
3
640
30
229
200
264
64
431
129
142
15
24
65
570
119
123
1
46
685
126
608
618
388
779
16
23
48
754
7
82
35
12
3
6
6
50
1006
1007
3
6
5
12
22
3
39
107
9
274
284
290
196
225
111
155
195
65
63
101
128
117
240
268
265
333
269
248
657
33
1
10
18
38
39
20
47
29
43
52
53
384
58
61
10
174
221
292
80
82
11
28
8
21
519
18
22
4
11
15
23
27
16
8
13
111
119
40
469
350
11
15
19
7
463
445
523
10
350
352
1
17
2
4
7
8
49
68
79
82
85
78
382
372
383
19
18
32
49
32
249
22
2
67
172
2
3
555
22
2
25
26
34
10
166
310
30
111
43
44
87
306
95
212
119
121
378
169
21
22
173
14
242
9
159
157
174
784
520
522
77
815
36
10
24
35
27
639
22
793
17
1
3
3
7
11
848
849
850
384
1061
1073
844
1080
4
15
17
65
67
952
66
70
323
339
501
44
512
10
42
529
201
283
63
475
11
59
121
820
818
72
73
114
118
116
102
3
399
755
234
3
3
53
53
84
98
121
55
59
60
45
462
41
87
96
97
278
128
7
352
368
119
114
5
2
42
34
36
37
32
590
564
4
2
12
15
19
636
165
165
170
171
4
7
6
8
15
28
76
50
42
113
72
60
62
36
37
53
385
433
140
132
18
20
5
9
35
24
32
36
164
106
110
122
122
18
224
290
10
149
2
231
229
65
66
124
135
144
83
62
61
51
66
117
121
149
151
156
144
433
669
243
526
285
315
316
327
386
166
299
300
456
457
406
393
702
675
59
639
697
156
109
288
118
782
244
316
215
264
245
198
118
202
357
617
407
601
16
354
3
21
24
491
381
383
3
34
38
38
318
265
210
39
1
24
3
15
17
22
41
448
450
23
392
1
1
128
12
41
157
163
104
3
4
35
34
35
182
153
26
33
34
47
110
175
37
38
764
8
14
1
1
53
6
849
4
3
3
5
5
762
15
10
2
8
33
31
41
745
569
567
17
19
256
12
49
968
379
952
980
948
805
2
4
25
27
957
96
89
751
80
81
127
48
177
452
589
3
1
349
130
82
186
187
320
368
535
534
129
131
857
993
154
346
168
167
148
195
17
27
7
30
6
4
20
33
63
51
228
3
4
17
559
208
2
2
1
9
386
50
1
29
52
49
63
470
48
52
322
53
129
57
323
271
60
64
358
359
361
369
1
33
33
5
8
27
62
2
38
110
215
325
5
35
229
866
830
723
114
119
195
18
42
12
2
2
1
5
536
539
537
9
484
9
10
473
1104
142
1
10
60
91
99
20
10
7
30
32
34
35
23
751
11
818
927
2
80
670
666
181
11
207
759
762
335
498
3
4
14
23
914
9
9
307
22
684
2
5
9
5
4
521
1
20
87
6
2
24
4
13
14
7
8
5
192
2
203
204
160
162
168
1
4
22
34
87
98
84
125
126
175
159
49
74
79
32
35
8
11
26
23
107
24
59
256
36
47
25
35
352
64
66
154
4
136
11
3
1
9
846
853
842
68
168
256
271
31
32
302
3
659
666
165
173
510
512
27
87
89
53
65
127
151
125
27
64
13
4
3
914
466
467
466
33
54
434
25
598
6
3
1
3
9
17
17
529
534
535
3
7
9
10
493
29
426
422
423
2
4
77
6
46
3
2
1
1
2
2
3
3
4
8
3
422
535
3
2
3
4
1
3
2
1
6
9
5
5
3
1
1
2
290
4
11
1
2
3
1
4
4
1
5
10
4
248
1
2
445
5
1
2
279
2
1
4
3
1
51
55
195
198
2
8
2
1
1
1
2
3
400
5
6
1
2
1
2
1
193
1
3
8
13
14
204
1
1
2
5
1
1
2
3
2
2
2
1
1
5
1
4
175
4
18
3
6
8
2
1
1
6
1
1
1
2
169
1
1
1
1
1
2
1
178
1
8
9
228
231
232
2
232
1
3
2
3
1
4
3
2
5
1
1
9
6
1
5
1
2
4
1
1
6
1
8
8
1
2
2
2
1
1
1
1
5
1
1
3
5
2
1
1
3
2
2
1
1
2
2
1
1
2
1
1
2
1
2
1
13
1
1
1
4
5
2
6
1
2
1
1
1
1
1
2
2
