15
122
275
412
1059
900
272
82
952
337
971
674
1959
1963
1671
586
84
111
1032
2097
158
1570
1606
1465
1607
1560
85
1815
559
158
258
257
1475
307
2031
19
343
894
715
779
15
1099
1547
13
578
1448
739
1333
786
950
1192
1119
929
1675
25
880
1139
867
627
1187
1427
2055
179
80
428
435
1432
821
756
1586
948
64
469
1874
363
670
1465
2128
24
443
1793
689
1167
1967
949
1906
1257
1479
1968
73
1558
1559
1563
1564
2069
1547
1153
16
1312
464
163
1380
799
88
374
1708
362
1141
1300
452
1197
150
1924
787
1804
672
283
1012
15
224
469
1870
1385
373
1816
33
518
1362
1012
1876
50
52
597
1338
1813
1246
459
1301
1472
742
424
162
1068
22
1052
1597
549
591
39
1780
104
775
1609
682
143
833
60
1307
1298
748
1276
98
939
1657
103
220
128
1028
564
890
280
538
1185
1450
184
910
344
667
249
1034
126
838
1164
1371
268
361
684
1177
193
419
368
414
300
1083
313
880
1470
745
1749
1311
493
1178
612
305
505
828
122
662
973
134
1423
1471
1473
641
65
1046
993
785
180
1099
1350
405
1281
814
949
196
433
1281
1349
1122
268
386
132
464
250
612
483
1905
2051
939
1117
62
785
343
3
116
174
599
645
936
789
162
66
4
1451
1893
759
1452
216
252
425
740
1089
1824
513
182
700
1760
13
1337
1601
1895
466
262
755
900
1233
273
1102
1933
616
1574
794
872
1019
46
267
304
114
261
130
1975
95
118
26
1708
1086
122
2047
399
1477
1681
1694
2029
29
205
305
515
87
1015
487
586
142
639
1209
579
1056
758
769
1010
1037
1362
1641
1897
621
190
389
426
961
1100
766
1158
1176
1217
1313
1693
1092
100
1597
373
495
606
346
1379
60
705
821
522
49
797
168
1966
852
1662
411
846
8
918
114
844
1302
94
997
572
1033
92
1068
188
1810
1095
1104
1114
196
1680
1394
1143
1155
1396
59
735
2048
2049
2050
1048
2052
698
235
127
2054
1800
2055
1660
2056
2057
1816
2058
2059
1460
2060
1402
444
1331
841
542
738
91
2061
61
2063
73
37
102
2064
1030
2065
904
733
6
1570
335
182
146
605
398
392
12
119
417
1392
92
326
669
546
1464
926
448
999
163
950
698
273
363
14
1453
198
58
2024
5
440
1266
736
391
147
58
1276
158
1621
394
410
570
730
641
1069
7
57
343
972
30
1084
1234
13
196
494
61
262
533
127
24
226
1409
1702
163
480
1297
810
1012
1934
381
167
1822
506
1968
1034
702
23
647
197
1848
823
246
112
1848
406
3
787
437
1150
12
639
634
1555
1771
83
656
983
1917
519
651
1193
69
1320
505
44
614
1393
1473
297
1816
1800
35
744
1080
1621
3
161
160
435
28
1433
207
237
1133
197
200
618
1709
733
1792
1794
1795
1830
915
978
739
1621
1281
453
602
1399
164
11
754
1
983
1454
1566
1740
478
279
307
537
238
46
754
445
1389
1193
554
166
1446
686
554
52
200
187
753
248
306
1133
396
217
553
127
1225
776
904
460
198
281
328
574
751
604
401
1267
1152
347
181
231
71
31
1639
327
303
414
283
917
1631
1074
1844
572
67
1523
90
515
1194
1475
214
555
94
1292
573
119
1416
245
915
1790
871
845
436
907
938
1146
1862
1809
315
570
188
437
511
1708
816
1217
357
91
50
278
408
550
636
815
912
863
1117
766
244
277
1188
336
782
1365
106
367
1253
439
155
992
175
651
32
1245
353
446
511
1249
183
378
1013
862
73
392
933
148
94
854
235
106
353
359
5
962
1625
321
546
144
409
890
1495
470
169
118
209
395
910
123
234
1149
143
550
943
1231
87
98
331
1088
567
260
170
1416
83
436
487
492
13
149
503
374
95
132
481
549
400
506
373
582
877
1177
873
647
55
812
194
168
305
581
391
863
195
556
1559
46
710
730
641
693
166
723
1509
1196
1214
1417
517
545
635
356
544
267
135
540
1188
1406
1192
793
64
236
1262
1141
1195
1197
1198
412
815
1201
255
293
1202
1204
610
199
1206
316
548
1216
230
483
720
318
385
17
1217
535
40
829
379
133
1539
297
1223
1224
608
1128
1225
394
368
698
1226
1229
769
1230
1233
673
851
580
1238
264
440
310
319
1633
1239
1241
1243
475
116
243
860
1180
353
305
571
1245
388
302
934
96
1246
1248
516
1249
1186
551
1252
1007
88
277
228
409
474
571
1264
652
30
1157
573
1579
1265
1267
57
1268
1276
657
298
1333
622
621
116
336
372
539
1275
423
444
430
1278
164
403
314
1285
729
315
1282
107
555
8
242
110
1576
965
86
429
1232
175
565
382
917
384
89
1228
227
456
765
172
1286
187
1289
1291
283
529
484
919
1294
738
1376
521
1296
105
105
77
1456
520
984
929
104
521
1485
875
223
402
966
66
598
922
1299
719
1303
1332
337
512
939
1064
286
1305
944
111
268
1327
80
135
360
651
1306
43
406
390
336
833
1365
661
717
1309
1652
1310
1312
1313
1046
1315
1316
1319
1323
100
1317
705
1326
1314
282
261
250
480
296
1391
369
6
974
52
495
937
395
235
94
775
47
185
339
1513
39
142
837
283
1001
788
787
529
612
1139
638
494
243
184
721
117
385
524
1426
771
708
673
210
18
696
256
382
265
630
203
572
585
584
46
692
784
347
477
647
120
992
712
741
208
515
1088
1422
410
488
693
1156
670
407
66
749
645
265
141
408
1266
549
316
314
896
177
223
487
521
514
773
49
769
761
85
518
37
139
779
1017
1179
305
1169
574
240
67
68
547
186
660
667
1211
1214
362
334
183
778
1282
1283
317
309
610
20
29
109
10
986
832
677
425
329
928
246
75
664
429
276
183
171
361
210
425
76
303
114
2
663
843
141
744
537
543
72
353
426
428
387
488
30
1036
46
319
13
1079
403
666
513
223
900
277
167
1
580
39
383
501
200
892
177
326
259
835
429
1012
720
17
900
639
792
508
892
247
166
271
765
528
882
605
896
619
876
901
200
538
40
645
93
298
710
65
839
259
668
541
426
494
829
666
209
408
400
1247
711
904
386
455
476
920
55
532
551
472
59
85
20
627
358
677
370
1271
498
925
431
831
197
268
66
221
864
622
665
1272
305
899
301
388
25
199
240
432
513
1207
619
67
650
251
121
129
467
501
144
383
178
226
233
88
249
251
950
330
338
867
583
669
420
503
787
1000
697
209
796
427
378
580
674
312
1076
777
839
598
456
597
748
623
27
511
228
313
868
348
672
663
591
16
237
685
29
323
341
520
896
206
502
735
925
563
280
845
179
946
888
562
689
878
436
1111
458
896
330
198
355
196
788
839
802
1114
136
330
236
1110
65
798
680
500
548
484
770
821
493
803
911
1148
200
449
554
881
748
690
276
57
320
164
52
37
920
714
174
1009
452
939
609
1184
242
544
161
639
216
900
569
527
233
198
1254
139
591
19
475
858
458
208
363
120
405
895
394
418
926
1138
322
297
1031
415
689
363
383
59
116
15
562
756
260
757
413
575
499
45
173
25
145
345
706
377
758
85
1042
763
764
897
765
767
1256
775
777
617
778
98
99
589
246
843
561
780
383
205
259
857
940
843
793
783
480
826
105
661
192
286
785
421
889
787
788
6
775
119
692
253
325
547
861
13
452
701
307
155
525
341
22
791
384
170
289
463
172
478
1016
210
809
1025
428
708
384
637
635
700
447
812
906
229
217
920
708
692
970
728
644
192
447
43
788
120
768
552
786
928
776
598
508
1073
927
604
663
316
176
383
170
674
863
411
471
978
360
640
634
1059
139
360
233
775
1057
681
45
1119
1104
130
92
225
43
1043
7
619
414
501
548
694
901
254
161
470
924
109
867
318
930
45
72
819
1068
586
509
853
28
171
188
77
610
377
534
122
343
790
678
638
420
727
824
110
558
1
1355
1228
1022
234
1168
118
463
609
742
963
1230
888
3
396
695
656
184
1105
128
360
1320
289
133
751
905
129
829
739
1251
1038
369
778
1148
188
550
394
1067
628
333
1039
667
1090
668
876
669
671
674
207
675
681
128
1108
1108
288
700
1
795
682
535
108
240
396
777
1429
5
31
548
33
1428
269
577
397
21
886
468
733
813
1459
158
1146
1338
315
1429
985
951
1444
272
1359
1224
288
76
26
820
721
1013
178
473
736
648
685
420
432
17
1438
1167
90
876
626
76
70
446
386
1284
22
512
642
1110
65
59
105
448
245
450
451
453
327
454
1304
469
747
352
1158
332
173
1047
455
622
313
444
456
264
698
293
868
965
1084
618
417
425
295
406
391
1339
486
1230
1231
500
282
316
1372
963
459
462
1199
3
178
1470
542
671
463
476
1346
261
39
315
693
318
383
371
16
1428
28
781
556
265
465
378
1395
1419
255
394
396
467
48
471
478
1198
1166
475
749
421
236
23
1168
46
1083
1087
373
240
595
1034
446
875
1060
509
962
1389
1080
1403
449
86
312
1092
1103
7
516
922
641
1487
968
1384
997
43
487
877
1202
49
367
1037
1275
1486
411
1289
618
1312
479
359
999
1033
298
218
206
1466
682
736
263
501
334
540
573
294
1439
156
219
593
522
454
147
800
859
7
484
623
368
1360
490
483
160
639
1386
623
461
1032
680
211
50
1422
1311
59
1481
1003
173
142
863
83
199
865
168
345
164
1250
433
435
1025
666
1276
757
852
824
112
225
279
607
1308
288
381
605
1399
437
438
439
445
904
301
945
559
1518
912
627
1423
5
1423
967
436
801
1284
1418
296
69
1298
520
113
641
1372
1061
834
1539
611
424
706
329
60
944
1549
165
167
171
173
248
274
129
263
170
576
464
829
513
610
344
47
897
183
279
726
396
433
662
217
102
47
1463
197
557
194
293
1482
136
1148
39
1
203
1462
875
386
1629
228
740
484
349
761
1289
1549
810
709
1147
835
330
1689
1512
797
487
1226
1312
663
1600
326
195
1257
182
1634
1490
887
408
866
1037
773
32
1178
437
190
1082
496
1060
957
784
484
814
121
251
817
28
1563
1464
1107
122
322
226
1
1357
393
729
1586
402
1706
1569
1599
987
340
1294
1459
113
481
28
471
1667
1512
1691
1197
1162
727
517
818
833
732
612
1051
815
1632
1018
1326
1147
1175
133
375
880
356
348
1331
87
788
1433
1268
868
127
124
1458
878
1316
1829
170
1299
558
452
373
97
446
1727
931
1075
304
43
816
1728
667
1179
840
1721
522
1572
624
89
1028
1718
340
542
1375
399
1755
956
300
784
302
117
329
1489
1080
282
1947
371
1492
1240
440
57
987
90
346
1075
12
1196
85
1798
1678
1561
1424
983
1433
1193
2024
892
161
2021
1677
433
900
617
405
2039
1361
94
1167
2040
1093
1178
1670
1994
563
619
1201
222
819
935
185
1929
1456
1284
1323
1946
252
893
834
716
671
1426
50
8
1740
145
1662
1308
792
1005
336
461
261
1508
1797
426
665
1111
737
1423
1396
1436
517
1696
987
253
444
1817
11
1645
1498
1544
1980
1744
1547
1794
1380
1262
854
1124
492
1128
1127
1311
1548
1222
1062
638
1515
1510
530
972
152
1491
1742
949
985
4
1329
888
884
870
825
839
833
826
793
62
10
1695
133
10
711
1291
449
2004
2043
1707
1060
1652
1793
1238
1642
1847
868
2056
1672
1963
1064
1707
383
1953
1786
70
2107
1705
2031
453
1856
2023
1731
1507
1855
2162
1487
675
961
903
126
1023
384
1051
1579
524
1200
1680
1961
2057
428
960
1678
1127
2092
2024
912
1869
128
1239
15
1475
196
775
1942
1318
1291
1038
6
1944
790
1963
811
1798
1887
1652
784
765
742
1221
572
409
1889
2126
888
683
664
783
1980
1491
1324
768
1410
2014
1938
2100
686
1779
1774
1929
1526
1289
835
300
1286
1997
1693
1530
367
2078
1582
1548
343
273
2025
918
1659
1654
1651
1418
1457
1615
2062
1536
2186
1228
1454
1207
424
318
1081
1777
2170
1181
52
639
1131
785
49
1602
1816
1936
2173
1298
281
949
2004
2142
1723
120
126
522
1676
11
515
312
880
432
261
197
271
958
762
498
1156
1235
1261
1818
1782
640
771
842
1438
1513
682
1271
1259
1092
1226
1990
344
2126
1863
2105
482
2035
1566
1572
1231
1430
952
428
2040
1735
2131
823
2127
559
1877
2095
1025
1510
1165
553
284
723
221
1397
1278
1682
670
57
198
1828
637
289
953
70
1359
396
1310
1008
552
1223
1148
303
331
632
1600
1361
530
534
341
1404
861
1007
500
1
1913
1580
373
870
582
1426
797
39
156
1435
1836
338
1084
1118
1831
482
663
668
1398
1589
2015
83
11
52
1170
2016
375
202
1490
1276
647
1471
1105
2072
87
650
1354
1315
622
410
555
1363
1212
435
760
1752
22
1876
687
1597
1517
1939
1940
130
1142
1948
1446
1949
1747
237
185
297
621
1834
819
117
171
317
303
339
1526
494
942
306
1580
97
761
519
272
811
498
487
665
702
913
1079
802
1404
697
1003
214
1787
1788
23
1790
1791
1489
309
42
1794
960
362
1795
1796
1797
377
1428
1761
122
1678
45
717
1
1361
467
935
751
1457
206
1559
1004
1241
160
1646
1607
1498
1353
653
412
647
229
995
594
869
99
215
1208
678
1562
1813
1451
1815
497
352
101
561
140
117
192
1
1094
138
1756
88
1523
77
318
1258
1761
191
1636
1393
1187
1695
562
235
313
51
1387
1608
1313
251
245
320
701
1904
869
1432
27
1617
152
448
778
169
298
295
283
693
347
294
204
256
370
1042
823
1668
1192
1218
58
171
131
1340
466
1708
399
631
291
726
1549
1647
1747
1584
322
319
488
398
200
175
554
873
732
1057
568
231
191
1466
1217
1537
292
1142
486
307
385
316
1127
234
425
1434
384
549
96
1111
688
1642
293
1409
177
903
178
82
43
199
70
618
171
1112
287
267
801
84
374
630
796
825
264
829
896
897
3
915
1066
990
1259
70
734
579
154
736
251
63
137
913
359
371
377
453
1033
83
32
497
254
16
310
664
875
570
548
15
621
646
205
1811
368
659
136
172
1484
699
740
753
422
516
209
1881
248
803
184
807
814
1088
1737
862
1032
904
331
612
509
2
971
62
89
470
136
1016
1030
991
887
1878
1879
1658
1882
1884
1886
1888
1889
1344
1890
1892
706
306
583
1698
147
463
1750
1871
1099
1088
301
115
629
1636
168
929
842
408
1348
134
161
730
4
714
53
5
847
1282
446
881
55
90
1695
95
468
1443
1448
273
188
388
165
302
1694
1391
1704
1621
627
763
405
852
875
385
57
231
180
318
136
952
380
571
599
30
953
195
956
1115
958
961
229
964
967
969
597
320
988
250
1460
980
90
458
590
572
481
713
984
771
885
78
36
160
792
182
990
382
991
205
994
298
1704
996
1028
583
1217
805
1005
1011
1293
746
305
569
863
263
439
1014
1016
1022
212
1431
1027
1029
1034
371
890
1036
1037
721
979
1049
17
1025
406
223
467
1099
77
1050
95
535
716
119
1038
776
1051
1057
182
1074
598
204
647
639
1059
1288
769
1322
738
1744
222
1063
3
463
1498
787
44
1064
1065
258
279
1119
1069
338
894
1076
150
1080
1130
594
1397
547
1082
1393
27
22
297
169
1084
496
727
903
1541
253
686
1609
410
361
265
286
1149
183
1342
1372
260
388
176
290
1131
99
1087
710
1096
1097
220
347
1104
1229
121
1467
1494
1109
1018
85
300
525
816
1067
122
1117
927
241
1826
904
732
1121
171
607
826
1124
882
531
1817
254
1128
119
1129
65
1132
1133
870
216
1479
2
666
913
17
1135
1137
159
1139
164
1
635
218
714
113
1530
4
303
314
178
331
812
559
42
154
401
341
1108
338
1466
357
1560
28
1396
381
400
1314
1582
82
281
656
118
1167
413
84
739
565
895
296
508
1300
10
61
270
442
244
322
230
1440
563
459
1103
379
1088
1549
1724
681
1581
475
30
240
117
137
826
214
538
670
74
60
1552
225
272
1540
207
521
481
261
1508
55
17
355
262
255
894
376
305
114
1597
9
312
313
139
47
1458
19
514
1755
150
336
453
175
1114
248
419
420
421
1263
1486
1024
150
128
762
122
1637
751
309
231
457
1478
53
418
1342
289
400
425
211
167
1049
516
1713
507
668
204
324
186
221
353
1331
663
392
111
176
518
299
390
1148
13
1534
15
348
1569
553
8
758
1021
1271
583
112
410
549
406
68
417
169
199
376
505
298
98
351
639
100
924
822
303
297
69
1332
252
860
955
598
645
2
530
476
540
1451
1266
991
270
179
390
230
473
557
506
261
575
229
246
14
8
591
842
282
921
1
64
71
1082
286
596
594
130
1200
780
775
694
1523
699
40
448
1138
353
200
776
224
160
312
756
737
330
425
221
639
136
291
211
21
493
92
237
273
115
628
627
313
1245
288
1036
1198
701
1380
354
700
29
90
730
251
352
485
1030
254
521
684
379
30
422
194
1462
1464
1466
1
251
415
9
856
392
75
149
305
1000
360
468
246
773
393
602
595
113
507
774
318
1208
1098
16
761
518
479
140
896
807
862
723
834
229
1127
216
563
137
236
117
822
121
287
887
1128
156
286
530
987
526
943
649
667
162
394
220
239
630
897
730
900
791
1129
105
855
1216
594
240
112
878
395
729
566
458
378
55
477
232
671
1030
31
370
166
445
145
714
168
413
173
34
1131
15
387
555
839
574
479
392
322
753
416
289
451
186
204
77
455
997
906
296
381
280
312
885
744
139
237
393
575
354
905
455
529
219
621
1117
852
758
300
256
374
176
1118
300
278
1119
213
65
105
271
318
17
295
299
1204
608
1125
421
841
59
246
396
603
149
1151
434
1188
338
516
893
315
452
1309
1126
25
645
524
221
588
68
19
1026
978
340
738
319
771
723
366
818
476
494
627
609
1260
135
311
288
122
754
798
170
119
443
138
484
874
192
672
420
560
199
49
371
380
1029
1134
952
1100
542
373
477
123
73
1032
584
295
921
132
682
513
850
500
593
269
759
397
1110
237
1129
307
152
328
9
625
401
254
819
1034
250
198
570
842
350
650
341
638
58
932
102
433
164
878
121
71
19
109
739
960
156
146
610
152
476
764
1006
327
766
274
973
273
361
801
433
44
877
510
365
741
695
57
123
766
1176
440
313
260
573
140
772
887
1057
1260
240
599
492
632
793
705
701
289
1195
770
1084
764
248
801
723
650
1239
453
438
152
746
113
1080
663
10
1222
704
237
518
731
144
1183
13
1177
140
703
825
209
108
1288
1033
923
431
678
236
1293
308
1100
81
216
176
913
889
91
164
71
1118
926
853
232
1053
508
235
437
537
453
1520
1446
978
430
1468
206
1236
597
1461
1469
1477
1399
1162
991
918
213
57
1186
36
508
262
94
48
95
61
434
1276
772
498
14
698
479
1605
1480
240
180
907
217
1221
1643
454
1040
759
1725
580
1351
1731
1221
1287
744
76
26
720
1165
1944
1150
1718
1802
405
1845
1270
982
17
398
773
817
548
526
1912
538
1288
560
1585
25
1635
430
166
2004
50
512
314
2037
473
761
5
1715
1668
1319
1755
1725
2
81
1760
1070
1019
1517
1300
1665
1442
1353
1642
236
660
1097
1616
204
2109
302
2007
128
1999
1967
2057
1581
1580
603
1799
1773
1142
1362
1398
995
790
1026
92
8
696
553
52
1326
449
48
2058
1833
109
1103
828
1360
327
360
357
50
17
1252
1460
2066
1577
1429
918
944
716
516
2073
348
1817
1593
1535
1523
1775
1347
1312
1257
2064
1365
1607
12
1939
702
1528
1629
40
1929
777
1909
1853
1431
675
630
250
2058
1004
448
538
1625
741
1904
1963
2136
1865
1840
18
1642
605
1429
486
708
1545
1970
1743
1502
1127
2152
931
1208
1255
1269
1745
899
1990
775
2071
1257
1548
1831
1959
1154
762
663
1376
2132
2081
1927
272
1146
34
258
883
1246
76
171
1257
632
693
557
1621
900
511
467
477
374
682
600
249
434
574
157
458
255
105
33
1003
1926
1033
406
1743
1349
1139
1624
63
893
529
174
987
1513
1333
199
249
1158
1047
1017
152
275
144
493
111
1278
193
175
314
435
360
517
362
522
1352
1006
282
683
973
975
667
215
742
848
94
752
703
37
602
285
315
325
580
653
647
668
236
881
1107
273
605
751
1115
603
472
655
1137
816
1178
1493
1151
1323
468
1800
765
2190
1537
1189
439
1530
1492
1361
1294
1186
1244
516
469
705
1193
463
1170
914
882
84
577
2
126
521
268
411
747
472
195
1047
879
148
228
1327
176
1201
250
1050
928
412
132
7
821
55
438
1990
2125
34
996
915
794
53
1159
296
2
524
741
1279
168
1680
1135
117
67
279
51
1221
1
469
1560
1364
1056
2031
1418
1394
162
195
30
501
486
1029
1697
26
20
138
95
1578
1174
82
533
765
387
1147
102
220
1236
26
167
202
15
205
631
72
157
94
352
775
793
126
1178
1508
118
1896
107
193
632
270
128
182
60
138
201
186
941
603
730
1659
448
246
87
214
1718
218
316
386
1006
578
204
114
726
1855
1081
474
1572
610
426
264
1039
1685
1091
1458
713
1623
996
400
597
1576
1224
1266
34
1707
701
1382
134
341
1130
1602
1353
1152
1532
225
1383
1327
1386
599
180
529
1533
1519
33
416
675
1267
661
1347
1061
670
1162
123
40
732
1488
203
7
1136
395
639
750
39
1798
115
670
584
599
1
1627
211
1575
1054
272
279
1258
438
2
1279
108
55
40
272
282
887
889
713
991
1260
213
578
1623
234
196
363
1092
512
347
3
573
48
128
222
1396
1304
123
1138
1360
817
179
215
257
720
382
524
261
262
218
613
801
655
1352
1403
994
336
751
990
47
560
1240
2
292
1313
286
28
195
374
492
431
763
413
1046
404
93
610
1485
28
1044
43
1458
1646
18
335
1525
78
1663
1524
463
773
282
41
9
420
120
338
924
588
14
324
840
271
1358
1011
158
99
146
596
412
173
260
1251
336
296
1182
520
494
379
660
7
556
947
584
171
5
333
1529
859
1488
803
1074
927
140
934
936
946
154
727
1330
155
154
86
583
363
190
241
541
1209
51
1197
452
79
73
409
1184
1144
725
238
166
254
1432
448
341
645
779
619
531
472
118
31
62
487
37
304
926
122
1276
449
699
396
861
326
1149
295
1125
663
1126
694
978
92
567
464
717
426
223
305
750
436
93
140
124
244
1196
524
849
646
276
31
902
30
1092
133
711
881
134
451
960
258
644
494
409
1134
1
300
253
29
868
625
980
677
435
49
232
1085
277
531
229
1008
1236
1128
192
46
430
273
123
599
294
1158
553
843
531
67
535
362
679
1039
1027
520
271
1196
16
1174
64
13
217
613
301
529
597
800
160
922
905
931
954
523
155
44
26
476
242
500
212
413
725
1001
387
452
837
368
287
751
722
248
477
792
295
466
336
66
643
357
41
347
770
585
821
1040
343
918
939
484
411
313
109
1004
734
735
207
736
575
672
1138
1087
806
21
1005
220
768
573
703
1026
861
1026
7
457
1294
937
384
41
588
424
16
408
631
580
1155
871
1047
656
563
952
418
1413
658
592
902
697
36
18
593
1355
1420
1229
80
289
1408
1339
382
440
736
487
730
301
450
1323
443
772
175
637
411
678
1406
495
1273
1270
1185
208
1475
213
126
489
920
610
551
700
17
331
1438
1129
579
550
922
1344
274
12
438
102
417
1027
681
796
861
22
1354
873
85
1040
593
510
1163
124
678
1037
1373
685
21
703
1461
109
8
66
9
833
1319
1707
435
71
135
132
1032
1309
733
221
849
401
1671
659
1612
1427
1503
1853
1094
1839
1430
1904
1552
622
1495
1864
1156
699
1025
165
508
1849
207
369
962
976
306
1257
298
346
476
1731
1527
77
175
48
81
1596
1472
1438
1300
1672
1267
1004
1058
214
1412
1306
589
1126
772
1273
133
1493
1424
1583
1228
1222
336
397
1393
516
787
34
28
1669
209
1821
1584
1083
1531
410
1511
1292
1019
938
271
407
456
1421
1878
1460
1371
1618
1334
1202
188
189
24
190
356
213
191
194
1925
1176
195
1513
15
761
80
964
94
899
128
95
1116
94
1965
538
1860
1856
1445
1832
1546
1737
776
1703
86
957
645
705
1111
404
225
931
813
1063
430
330
251
813
577
1221
361
162
142
10
1212
623
802
1052
540
456
6
51
2188
30
923
216
1630
366
301
1330
17
1017
147
103
1262
467
81
537
3
1348
1310
1380
1306
1121
1934
438
1978
685
104
68
553
1720
23
97
167
130
1705
812
673
795
395
857
931
1034
211
1152
1790
2
198
232
670
590
293
429
1299
546
732
178
808
54
94
35
805
121
1124
838
612
130
1782
1766
1027
525
391
1360
672
393
61
1235
1373
841
208
3
643
1166
1594
706
1441
160
1533
157
9
197
971
1417
1168
6
1375
951
95
1632
771
805
879
618
4
1707
65
218
1229
811
1484
256
1692
1365
1444
82
1005
36
658
286
2
1207
525
1539
198
1187
1193
1116
1195
641
1120
899
8
341
621
1687
1688
1242
152
180
1338
1689
438
1691
762
367
1104
999
138
384
1692
1693
564
661
1697
1698
1213
1247
1669
1151
1175
1577
480
1699
712
1702
1412
1649
1092
263
819
225
1703
880
545
82
1506
1704
800
664
487
724
475
339
574
421
460
758
828
236
1705
871
530
1719
1641
1019
18
431
185
1303
215
1056
364
1490
992
413
751
1361
1742
1706
433
274
72
1707
795
591
870
1252
1304
9
15
694
147
397
552
1033
1210
1455
378
1522
84
737
129
1231
1298
400
479
141
923
581
267
340
1391
196
380
319
188
395
472
324
15
1322
301
143
1427
967
420
519
1423
239
582
1474
38
165
364
105
388
455
1365
145
685
260
838
1055
672
611
30
189
31
283
481
1721
320
7
456
1249
949
657
194
773
1000
523
1321
1599
1666
103
902
286
447
1663
427
158
496
725
1665
65
249
55
326
451
522
1670
526
125
502
783
1654
515
347
1671
1673
638
753
490
1675
909
555
696
1676
235
102
61
1677
1678
916
130
563
921
380
416
16
671
29
278
357
1576
1319
859
104
1679
54
1551
1680
350
229
1682
1329
489
1331
206
1087
1684
1460
1686
1230
1232
1037
594
1200
407
298
392
1177
325
1123
630
88
426
915
421
342
651
361
1012
970
98
341
538
479
509
196
206
595
423
456
757
585
592
439
243
586
659
393
1455
1139
1238
279
217
1
19
183
124
432
730
818
376
752
850
615
138
532
358
113
672
117
920
864
835
645
1104
674
481
432
54
75
67
30
473
228
5
125
745
646
654
3
432
805
561
993
540
253
490
270
775
860
192
257
819
499
1172
300
237
878
193
443
115
1149
749
364
507
1169
908
45
709
395
39
331
913
1061
751
208
853
981
357
306
299
294
1084
950
32
631
452
376
548
861
118
496
1216
128
90
352
1237
381
155
39
93
16
586
348
364
286
662
215
40
1277
621
876
698
695
203
1197
833
983
982
150
630
786
1309
941
1480
554
705
167
488
18
1159
94
897
420
735
2
5
138
972
1237
477
872
1816
1160
580
1625
1483
672
1909
1410
815
2052
1396
779
2186
2121
515
30
1671
1170
1737
2124
1776
717
12
708
693
1388
754
1131
739
1132
1307
1290
709
950
1316
615
316
5
1071
9
1
1784
105
611
154
120
1275
584
28
716
81
1885
453
1011
357
840
1384
911
295
30
415
348
121
1577
1701
52
1329
1733
2029
323
504
874
58
834
880
1180
290
277
440
1307
1382
575
147
608
51
1889
36
1523
103
326
1580
1671
618
787
284
301
856
1109
86
769
330
1047
843
370
1951
100
145
360
29
1212
1139
718
1161
1162
1174
537
1697
1063
1826
741
1830
973
1833
1715
259
2
1385
158
1066
958
618
334
37
1851
111
26
1925
197
117
471
32
149
1
851
348
846
650
161
944
1192
1545
417
1316
551
1656
64
791
427
1257
288
281
1498
659
1072
317
429
1534
116
500
973
1540
816
69
538
128
582
918
516
532
423
1349
359
278
642
462
127
457
421
622
104
109
549
696
1163
16
1163
701
52
412
802
56
340
235
130
270
883
596
369
25
239
384
277
559
1371
1266
52
1
544
540
576
1193
1194
1195
27
872
239
521
92
620
936
867
71
698
7
1142
776
311
403
297
466
44
204
224
344
987
284
236
924
357
32
643
176
347
242
826
1043
43
558
275
795
98
675
814
147
292
390
357
272
1023
232
651
430
51
392
852
1046
183
896
965
203
1010
118
299
568
500
256
667
1063
925
318
803
130
832
565
566
522
784
424
951
585
611
62
1149
857
121
88
158
714
675
281
592
197
428
570
1130
691
216
427
482
200
81
605
68
378
212
352
719
852
364
127
526
1161
610
48
758
129
441
36
1123
394
304
1382
1024
86
782
1407
527
160
722
215
99
741
936
992
288
1197
407
1343
913
89
424
203
1031
22
309
297
496
283
343
1402
923
601
216
255
53
52
431
1342
1210
327
966
797
328
256
952
560
233
448
1358
38
329
336
1429
5
1314
1352
247
1250
484
625
1346
1369
888
709
5
1294
764
1322
991
1820
138
250
1675
935
1494
8
1197
36
844
51
1365
1722
1078
876
39
1202
176
217
1784
177
452
1323
165
106
790
61
18
1495
1392
594
1514
340
268
365
14
1393
1121
1806
460
218
147
534
930
1077
409
1349
161
1867
135
1869
452
43
151
777
92
175
9
46
478
1158
283
1854
458
1048
2
834
307
220
1173
1690
193
420
18
37
216
607
997
494
609
164
44
316
824
1162
1389
331
220
497
713
94
102
87
860
699
688
179
421
7
550
815
197
366
410
403
509
685
502
250
944
1196
595
724
4
556
962
304
557
418
437
77
1290
1167
15
464
254
184
4
325
769
196
441
567
662
1059
726
330
654
449
45
367
687
690
181
292
218
574
757
367
293
968
527
584
787
766
6
1039
7
1215
1220
374
480
177
1376
1326
7
1065
7
1531
1430
1168
781
852
483
1175
1422
1100
370
233
1769
12
1726
1471
1376
324
1618
666
1459
1769
1447
564
73
2
1
248
1987
1991
83
116
469
968
1805
1562
640
367
928
1420
6
196
437
34
136
431
425
358
302
40
239
457
929
468
467
1338
406
220
165
316
1628
182
461
199
1
1417
363
689
1250
161
58
5
240
328
1334
1348
118
4
1336
843
781
120
46
315
6
469
645
736
647
1018
894
343
255
12
653
62
1123
561
815
238
326
11
1487
184
684
1077
1018
513
1488
365
1114
1533
451
738
425
1058
1561
497
47
21
689
13
1139
901
570
190
195
2166
2021
1088
1468
1688
575
1619
126
869
1401
674
757
724
36
1990
769
37
1664
245
893
19
235
74
138
349
636
646
1170
1984
1717
150
1432
1148
1700
186
1071
1507
747
978
1808
330
1828
629
140
1177
1713
1769
157
3
168
300
137
1477
896
51
1174
150
184
272
1119
261
39
162
1714
1746
73
13
10
1101
61
411
389
5
8
151
233
397
770
137
653
21
130
775
233
518
54
14
230
124
948
320
74
332
649
3
842
132
283
734
1327
1479
846
667
1154
805
885
102
432
2117
709
821
604
52
553
1406
281
1635
1051
574
774
520
1963
1010
386
640
109
1109
132
269
746
459
854
1433
203
21
220
993
1916
1638
1698
200
534
825
1148
82
22
449
650
726
93
56
142
341
2
514
272
378
11
1083
180
1391
827
11
622
727
1428
295
759
123
674
22
1612
369
443
790
568
82
97
159
20
956
323
144
554
352
637
173
641
4
552
56
1238
905
97
141
727
1878
685
1773
187
363
542
1075
220
193
1025
160
241
125
705
610
351
617
304
386
574
576
543
469
3
748
361
365
100
1011
1553
5
422
1788
1050
976
286
1060
631
605
2187
1554
1375
583
762
465
1119
1182
569
692
494
1203
888
661
187
482
1337
525
1346
534
135
586
1328
1137
2115
1482
1767
1
1840
238
1126
1329
1734
1112
1735
833
1831
938
1217
813
500
165
466
1306
17
1373
281
584
785
1067
1019
424
20
274
110
90
85
289
110
448
400
544
513
446
79
1178
1442
274
1329
558
1486
738
1487
529
780
171
575
141
1490
1491
1492
146
1089
640
1493
1233
1238
1494
33
689
161
562
1134
63
1513
1412
1894
135
221
169
1323
837
843
845
584
849
850
852
854
857
366
644
858
859
863
342
683
868
282
869
870
4
13
545
5
