2
12
13
17
22
23
24
25
26
28
29
30
31
34
35
39
40
64
65
67
68
69
70
73
74
79
80
81
82
83
87
88
89
92
180
197
199
200
205
215
264
383
404
411
463
464
549
553
677
682
906
908
981
985
1
2
6
11
12
16
21
22
23
24
25
27
28
29
30
33
34
38
63
64
66
67
68
69
72
73
78
80
81
82
85
86
87
179
196
198
199
343
382
403
548
552
905
907
984
20
21
27
32
33
34
35
36
62
63
72
75
76
77
78
79
83
85
86
87
90
91
93
198
203
551
978
979
982
19
36
68
635
4
3
2
1
2
7
9
13
19
20
21
22
24
25
26
63
65
70
74
75
76
79
80
82
83
84
115
192
197
202
203
204
205
206
207
208
209
210
211
230
339
395
401
403
901
905
2377
5
4
3
2
7
17
23
29
30
31
32
33
34
35
59
60
83
84
85
87
176
401
406
6
5
4
1
1
16
28
31
33
34
58
59
82
83
84
86
175
400
405
15
16
17
18
19
20
21
27
33
57
58
81
82
83
85
208
404
1637
8
7
6
5
3
2
3
4
9
15
16
17
18
19
21
28
31
56
58
59
69
85
86
188
189
190
191
192
193
198
199
200
256
9
8
4
1
1
2
3
8
19
20
27
30
55
57
58
68
84
85
187
188
189
190
191
192
10
9
8
7
5
2
1
2
7
19
26
29
54
56
57
67
83
84
186
187
188
189
190
191
11
10
9
8
6
1
6
18
25
28
53
55
56
66
82
83
185
186
187
188
189
204
894
895
896
1126
11
4
6
9
10
11
12
13
122
159
160
161
162
189
190
191
14
13
1
3
5
8
9
10
11
12
105
110
111
112
121
191
192
193
194
195
196
197
198
199
200
15
14
13
2
1
2
3
4
7
8
9
10
11
13
37
38
39
40
71
72
73
104
120
164
202
216
217
231
487
860
16
15
14
3
2
1
1
2
3
6
7
8
9
10
36
37
38
39
103
119
189
201
215
216
230
327
486
5
6
1121
15
5
4
1
5
6
7
8
9
10
101
106
107
108
117
188
189
190
191
192
193
194
195
196
197
325
386
2
3
161
181
535
1
2
160
180
534
21
20
19
18
13
12
11
8
7
6
5
4
3
2
1
1
2
3
4
5
18
27
62
65
184
185
186
187
194
195
196
230
243
378
383
526
527
633
2391
1116
1
1115
7
2
1
4
5
6
10
14
16
17
41
49
50
61
62
65
66
67
68
69
70
71
72
73
181
191
336
794
795
796
23
8
3
2
1
3
4
5
13
15
16
40
58
60
61
62
63
64
65
66
67
68
69
70
71
72
180
181
182
183
335
793
794
795
24
9
4
3
2
1
2
3
4
12
14
15
39
47
48
57
59
60
63
64
65
66
67
68
69
70
71
334
792
793
794
5
4
3
2
1
1
2
11
13
14
38
58
59
62
63
64
66
67
68
69
70
333
791
792
793
16
5
8
11
12
13
36
37
40
42
43
45
55
61
71
93
148
149
172
242
952
17
7
6
1
1
48
54
56
176
331
375
956
8
7
10
47
53
55
330
955
29
9
8
7
6
5
4
2
1
46
329
954
1586
32
31
30
10
9
8
7
6
5
4
3
2
1
45
87
174
175
176
177
178
179
312
328
433
434
565
953
2052
33
32
31
29
25
24
23
22
21
11
8
5
4
3
2
1
19
20
21
22
42
43
44
54
55
82
83
84
85
86
172
327
382
432
433
564
933
948
951
952
17
12
31
55
1847
1
30
1846
24
2
1
29
169
1845
3
2
1
28
1844
15
4
3
2
1
167
1843
27
97
362
17
160
165
509
513
514
18
7
6
5
4
3
1
513
8
7
6
5
4
3
3
44
130
131
132
133
164
165
166
167
168
169
170
171
172
173
222
640
41
38
37
36
20
19
18
17
16
9
8
7
6
5
4
3
2
35
36
37
38
39
133
134
138
190
301
420
421
773
774
42
41
16
10
9
8
7
6
5
2
1
2
5
52
53
54
55
56
80
81
82
220
288
299
354
356
357
712
17
6
75
353
355
356
2170
12
11
10
9
8
7
4
1
126
127
128
129
45
13
12
11
10
9
8
5
3
2
1
1
2
3
4
5
6
7
8
159
160
161
162
163
164
165
166
167
169
170
217
635
636
637
900
901
48
47
45
43
42
20
9
6
5
4
3
2
1
2
3
133
158
159
160
161
162
163
164
165
166
183
184
356
594
708
899
900
10
7
4
3
24
25
132
134
135
136
137
283
421
14
11
8
7
6
5
4
1
2
3
23
24
70
131
146
239
15
12
9
8
7
6
5
2
1
1
2
145
154
52
47
46
45
27
17
16
15
12
11
10
43
124
125
128
179
180
53
48
47
46
28
18
17
16
13
12
11
1
42
123
124
127
178
179
54
49
48
47
29
19
18
17
14
13
12
2
1
41
122
123
126
161
55
50
49
48
30
20
19
18
15
14
13
3
2
1
40
121
122
125
20
17
14
13
12
11
10
9
8
7
6
5
4
3
34
64
209
225
226
227
228
401
1086
1087
1091
1092
21
18
15
14
13
12
11
10
9
8
7
6
5
4
1
208
224
225
226
227
1085
1086
1090
1091
22
19
16
15
14
13
12
11
10
9
8
7
6
5
2
1
207
223
224
225
226
1084
1085
1089
1090
9
8
7
6
5
4
3
2
1
172
173
10
9
4
3
2
3
15
16
18
19
20
21
22
860
861
862
863
864
11
10
5
4
3
1
62
61
43
42
12
11
10
9
8
7
6
5
4
3
53
54
55
56
140
141
142
372
63
62
60
42
38
37
35
29
23
18
17
14
13
1
2
30
118
152
285
383
484
485
591
693
923
1039
1042
52
42
112
113
134
752
753
1545
43
42
1073
63
54
32
26
25
1
5
55
27
26
4
138
28
27
2
1
3
1032
29
28
3
2
1
2
136
1031
67
36
30
29
4
3
2
1
1
1030
31
30
38
37
36
35
34
32
31
6
5
4
3
2
1
39
34
33
32
9
6
2
4
40
48
105
106
107
132
218
286
287
470
471
472
473
474
475
476
40
35
34
33
10
7
3
1
3
39
47
104
105
106
131
217
285
286
469
470
471
472
473
474
475
75
74
73
71
70
69
68
53
46
44
41
40
39
38
37
35
12
11
10
9
8
7
6
5
3
2
1
3
14
18
20
308
905
906
908
76
75
74
72
71
70
69
67
59
58
54
47
45
44
42
41
40
39
38
36
13
12
11
10
9
8
7
6
4
3
2
1
2
13
17
19
307
904
905
907
74
6
334
561
5
4
1
2
3
4
6
7
2
5
6
161
46
1
1
2
4
5
8
7
3
4
3
1
2
3
133
66
61
60
16
12
1
902
62
316
64
63
58
47
3
4
38
39
315
1072
59
48
13
2
1
60
49
14
3
1
66
2
1049
67
50
49
19
9
34
35
115
68
1047
69
58
57
56
55
54
319
2143
81
70
59
58
57
56
22
1
1
888
82
71
23
2
72
30
111
112
113
114
115
116
117
118
119
892
73
1
380
1520
74
379
1519
2
1
378
1518
3
2
1
377
1517
4
3
2
1
376
62
59
57
56
54
52
5
4
3
2
1
12
80
341
342
464
1514
63
60
58
57
55
53
6
5
4
3
2
1
11
79
164
606
608
610
1513
7
6
5
4
3
2
1
10
12
13
14
15
81
82
83
163
605
607
3
2
1
181
1172
4
3
2
1
1
180
1171
5
4
3
2
179
1170
6
5
4
3
2
1
1
2
3
4
5
13
14
15
16
159
597
601
602
7
6
5
4
3
2
1
16
17
18
19
158
600
601
625
8
7
6
5
4
1
4
595
2212
9
6
5
3
4
5
6
7
8
661
662
10
7
6
2
1
2
3
4
5
6
7
11
8
7
3
2
1
1
2
3
4
5
6
12
13
14
15
63
64
65
350
351
432
173
2044
114
92
91
90
87
75
73
38
17
16
15
1
64
174
291
115
93
92
91
76
74
39
18
17
16
63
173
290
116
94
93
92
89
77
75
40
19
18
17
2
1
62
172
289
117
95
94
93
90
78
76
41
20
19
18
3
2
1
61
171
288
478
106
102
96
95
94
93
92
91
88
85
42
1
2
5
6
7
57
58
279
283
331
333
424
453
476
477
685
92
35
30
1
4
5
39
56
58
59
62
224
226
239
240
281
423
424
562
627
628
629
630
631
1017
2292
55
57
58
61
422
423
424
626
627
628
629
630
94
2
1
54
56
57
60
65
280
415
416
421
422
441
442
612
625
626
627
628
629
633
722
723
3
2
1
53
55
59
279
616
623
624
625
626
627
628
107
85
84
53
50
28
1
11
53
55
166
167
108
86
85
54
51
29
10
52
54
165
166
109
87
86
40
36
30
6
2
1
9
51
53
163
164
165
113
87
31
8
7
6
5
3
2
1
1
5
6
7
8
52
162
163
164
165
166
167
168
169
170
327
114
88
8
4
3
2
4
5
6
7
51
161
162
163
164
165
166
734
115
89
33
9
8
7
5
4
3
2
1
3
4
5
6
50
160
161
162
163
164
165
166
167
168
116
90
10
9
8
6
5
4
3
2
1
2
3
4
5
49
159
160
161
162
163
164
165
166
167
91
11
7
6
5
4
3
2
1
1
2
3
4
48
158
159
160
161
162
163
164
165
166
8
7
6
3
4
5
6
27
44
45
73
331
332
545
739
740
9
8
7
1
2
3
4
5
43
44
45
10
9
8
2
1
1
2
3
4
25
210
737
738
742
118
1
98
2
1
22
734
99
3
2
1
21
38
39
62
67
733
735
15
14
13
12
11
10
9
8
7
6
5
3
2
1
729
730
731
101
16
15
14
13
12
11
10
9
8
7
6
5
4
3
2
1
19
60
65
728
729
730
731
732
733
17
16
15
14
13
12
11
10
9
8
7
6
5
4
3
2
1
18
727
728
729
730
731
18
17
16
15
14
13
12
11
10
9
8
7
6
5
4
3
2
1
17
58
63
676
726
727
728
729
730
731
104
11
10
9
8
7
6
5
4
3
2
1
16
57
62
675
728
729
730
105
12
11
10
9
8
7
6
5
4
3
2
1
15
56
61
674
727
728
729
106
13
12
11
10
9
8
7
6
5
4
3
2
1
14
55
60
294
295
296
297
298
299
726
728
107
14
13
12
11
10
9
8
7
6
5
4
3
2
1
13
54
59
725
727
108
15
14
13
12
11
10
9
8
7
6
5
4
3
2
1
12
53
58
724
725
726
109
16
15
14
13
12
11
10
9
8
7
6
5
4
3
2
1
11
57
723
724
727
110
17
16
15
14
13
12
11
10
9
8
7
6
5
4
3
2
1
10
722
723
111
18
17
16
15
14
13
12
11
10
9
8
7
6
5
4
3
2
1
9
721
19
18
17
16
15
14
13
12
11
10
9
8
7
6
5
4
3
2
1
8
720
721
20
19
18
16
15
14
13
12
11
10
9
8
7
6
5
4
3
2
1
864
21
20
19
18
17
16
15
14
13
12
11
10
9
8
7
6
5
4
3
2
1
4
22
21
20
19
18
17
16
15
14
13
12
11
10
9
8
7
6
5
4
3
2
1
3
23
22
21
19
18
17
16
15
14
13
12
11
10
9
8
7
6
5
4
3
2
1
24
23
22
20
19
18
17
16
15
14
13
12
11
10
9
8
7
6
5
4
3
2
1
19
18
17
14
13
12
26
25
24
22
21
20
19
18
17
16
15
14
13
12
11
10
9
8
7
6
5
4
3
2
23
1
7
8
12
13
14
15
16
17
2
1
1
6
7
11
12
13
14
3
2
5
6
10
11
12
13
967
968
4
3
2
1
4
5
9
10
11
12
5
4
3
2
1
3
4
5
8
9
10
11
6
5
4
3
2
1
2
3
4
7
8
9
10
7
6
5
4
3
2
1
1
2
3
6
7
8
9
8
1
48
9
4
5
6
7
49
10
9
8
7
6
2
1
3
4
5
6
11
10
9
8
7
6
5
4
3
2
1
12
11
10
9
8
7
6
5
4
3
2
1
150
133
13
4
5
33
646
647
648
1437
1438
1439
151
134
14
1
3
4
32
645
646
647
1436
1437
1438
135
15
2
1
2
3
302
642
643
1442
136
16
3
2
1
1
2
301
641
642
1441
1444
1445
135
1
1433
1434
136
1432
1433
2
1
367
3
2
1
366
374
147
142
108
107
25
26
27
28
29
30
31
32
33
806
565
566
567
568
570
85
16
6
4
3
2
1
86
17
7
5
4
3
2
1
87
18
8
6
5
4
3
2
1
88
19
9
7
6
5
4
3
2
1
68
67
66
11
10
9
69
68
67
66
5
4
3
2
1
3
70
69
68
67
6
5
4
3
2
1
2
71
70
69
68
7
6
5
4
3
2
1
164
2
73
72
71
70
9
8
7
6
5
4
3
2
165
107
78
77
76
75
73
3
47
541
966
167
6
5
2
1
1
1
148
918
920
921
922
184
132
17
1
2
35
36
37
93
94
185
175
133
21
20
1
1412
186
176
22
21
1411
187
355
188
64
200
199
128
127
204
205
206
348
131
4
3
191
132
5
4
1
192
133
6
5
2
1
166
140
69
613
1410
203
184
183
172
170
167
166
141
139
135
204
185
184
171
168
167
142
140
136
1
205
186
185
172
169
168
143
141
137
2
1
206
187
186
173
170
144
138
3
2
1
207
188
187
174
171
145
139
4
3
2
1
189
188
175
172
146
140
5
4
3
2
1
209
189
176
173
147
141
6
5
4
3
2
1
190
177
174
148
142
7
6
5
4
3
2
1
211
191
178
175
149
143
8
7
6
5
4
3
2
1
203
193
176
175
150
149
147
144
142
141
35
55
216
215
197
196
177
174
173
172
171
170
168
167
166
165
164
163
162
161
130
129
128
10
9
8
7
6
5
4
3
2
127
243
217
216
204
203
198
197
175
173
18
11
10
9
8
7
6
5
4
3
165
256
184
183
182
181
180
176
174
171
1
177
178
179
748
749
750
751
752
216
200
199
198
177
175
172
13
12
11
10
9
8
6
5
2
1
26
27
28
30
274
659
660
667
668
207
206
205
204
203
201
200
199
178
176
173
147
146
137
3
2
1
25
26
27
29
32
33
34
211
212
213
658
659
666
667
682
1509
1510
193
187
186
185
184
183
179
177
174
4
3
2
1
272
180
178
175
132
5
4
3
2
1
2074
181
179
176
6
5
4
3
2
1
270
182
180
177
7
6
5
4
3
2
1
269
8
7
6
5
4
3
2
1
9
8
7
6
5
4
3
2
1
10
9
8
7
6
5
4
3
2
1
11
10
9
8
7
6
5
4
3
2
1
12
11
10
9
8
7
6
5
4
3
2
1
13
12
11
10
9
8
7
6
5
4
3
2
1
218
195
189
188
136
55
54
2
33
152
219
196
190
189
137
56
55
1
1
32
57
151
231
232
1383
199
198
197
196
195
193
192
167
166
165
164
163
161
143
925
926
232
231
226
225
224
223
222
156
155
154
153
152
38
35
32
31
30
29
28
27
26
25
24
23
22
21
20
1
233
232
227
226
225
224
223
157
156
155
154
153
39
33
32
31
29
28
27
26
25
24
23
22
21
4
3
194
190
4
2
1
1
2
3
4
217
218
237
236
232
231
230
229
228
227
226
225
218
217
215
174
162
161
160
151
122
121
120
119
118
1
77
107
108
110
140
141
142
143
144
145
146
148
151
154
179
180
214
216
217
228
229
401
236
210
23
109
204
205
394
1144
1145
1146
1147
1151
216
215
214
213
212
200
119
118
56
55
54
53
34
24
94
95
96
97
98
99
100
109
190
214
215
489
730
2158
212
918
199
195
9
7
6
5
4
3
2
1
200
196
10
8
7
6
5
4
3
2
1
201
197
11
9
8
7
6
5
4
3
2
1
202
198
12
10
9
8
7
6
5
4
3
2
1
245
244
242
237
236
235
232
231
230
229
228
227
226
225
224
168
29
28
1
171
172
255
259
246
245
244
243
242
233
232
227
226
211
210
209
40
39
38
37
36
35
34
33
32
29
15
14
247
246
245
243
239
238
237
236
235
234
233
232
231
230
228
227
224
223
222
221
219
41
40
39
38
37
30
2
1
138
139
140
141
142
143
144
145
146
147
184
185
186
386
387
388
429
430
431
432
433
910
1305
1804
1805
1806
1812
234
229
228
227
226
225
224
223
222
11
3
2
1
3
183
184
185
230
232
234
235
236
1511
249
248
247
246
245
241
240
239
238
237
236
235
234
233
230
229
226
225
224
223
174
173
163
43
42
41
40
39
32
13
8
7
6
5
4
3
2
1
1
12
94
182
183
184
185
528
1301
1303
236
229
228
13
5
4
3
2
1
1509
249
229
211
199
198
197
196
45
44
43
42
41
40
39
38
36
153
1630
252
251
249
238
233
232
231
80
79
7
4
2
1
1
3
253
252
239
234
233
232
8
5
3
2
2
1370
254
253
252
240
235
234
233
214
213
17
9
6
4
3
2
1
1
7
164
165
379
380
381
237
236
4
3
2
1
5
4
3
2
1
237
236
7
6
5
4
7
6
5
4
3
2
239
238
9
8
7
6
2
247
231
224
15
121
153
238
262
254
241
225
223
220
219
218
215
1
2
123
124
125
126
127
128
129
130
131
132
136
263
258
257
256
255
242
226
224
221
220
219
216
32
31
1
2
3
122
123
124
125
126
127
128
129
130
131
135
166
167
134
1380
263
237
232
231
230
229
228
227
226
223
221
220
219
218
217
215
214
186
185
184
183
179
1
79
82
83
151
195
205
878
232
231
230
229
228
227
224
222
221
219
165
153
142
141
140
24
194
481
482
483
484
239
27
131
133
134
1377
238
30
2
1
1
2
269
268
267
266
265
256
255
254
253
252
250
249
241
196
195
182
179
154
153
152
151
86
85
84
83
32
31
24
4
116
117
118
119
120
121
122
123
124
125
135
146
162
170
171
172
173
174
175
176
182
333
413
414
460
712
849
888
1498
199
193
194
241
33
5
4
3
2
1
242
34
6
5
4
3
2
1
35
7
6
5
4
3
2
1
36
8
7
6
5
4
3
2
1
37
9
8
7
6
5
4
3
2
1
38
10
9
8
7
6
5
4
3
2
1
39
11
10
9
8
7
6
5
4
3
2
1
40
12
11
10
9
8
7
6
5
4
3
2
1
41
13
12
11
10
9
8
7
6
5
4
3
2
1
252
65
42
14
13
12
11
10
9
8
7
6
5
4
3
2
1
253
236
231
230
16
15
67
84
189
1975
254
232
168
110
109
3
5
7
8
29
843
844
855
858
255
233
169
1
2
4
6
7
28
842
843
854
256
234
170
2
1
1
3
5
6
853
171
2
1873
172
4
3
2
1
1
174
6
5
4
3
2
1
247
165
164
117
116
115
114
1
457
462
463
254
168
167
166
7
8
160
288
169
168
167
117
1
5
289
170
169
168
118
4
175
174
171
170
169
167
113
5
452
453
454
455
456
458
176
175
172
171
170
168
114
6
1
451
452
454
455
457
294
257
256
245
244
243
242
173
172
171
169
117
47
107
431
119
6
1
2
1
153
272
121
273
122
9
3
2
1
975
274
123
10
9
8
4
3
2
1
2020
124
11
10
9
5
4
3
2
1
425
125
12
11
10
6
5
4
3
2
1
277
126
13
7
6
5
4
3
2
1
127
14
13
12
8
7
6
5
4
3
2
1
279
128
15
14
13
9
8
7
6
5
4
3
2
1
280
129
16
15
14
10
9
8
7
6
5
4
3
2
1
281
130
17
11
10
9
8
7
6
5
4
3
2
1
282
131
18
12
11
10
9
8
7
6
5
4
3
2
1
311
309
306
305
304
283
277
222
220
215
214
213
212
21
152
230
670
289
288
287
286
285
284
223
221
1
20
151
153
154
229
311
280
279
238
237
235
226
225
224
222
221
2
1
98
102
166
653
654
655
656
671
291
290
289
288
287
225
223
3
2
18
30
227
368
226
224
110
4
3
1
17
316
314
311
310
309
293
292
291
290
289
288
282
241
240
227
225
5
4
3
2
1
65
118
225
511
665
1536
1537
294
293
292
291
290
289
228
226
6
5
4
3
2
1
5
6
1
7
2
1
6
321
320
8
3
2
1
5
322
321
9
4
3
2
1
4
10
5
4
3
2
1
3
11
6
5
4
3
2
1
2
12
7
6
5
4
3
2
1
1
324
243
250
252
1300
14
9
8
7
6
5
4
3
2
15
10
9
8
7
6
5
4
3
1
16
11
10
9
8
7
6
5
4
2
1
17
12
11
10
9
8
7
6
5
3
2
1
13
12
11
10
9
8
7
6
4
3
2
1
309
308
287
241
236
235
151
345
350
1
10
2
1
9
3
2
1
8
4
3
2
1
5
4
3
2
1
6
5
4
3
2
1
219
218
7
6
5
4
3
2
1
4
7
6
5
4
3
2
1
3
8
7
6
5
4
3
2
1
9
8
7
6
5
4
3
2
1
343
330
315
314
313
308
307
305
264
263
257
219
184
183
182
178
177
167
166
17
63
122
229
252
253
637
2069
316
270
15
16
814
344
317
313
302
271
225
211
48
1
1
3
14
15
112
312
261
174
173
2
117
118
635
791
324
323
322
321
320
319
261
257
256
170
115
99
249
348
320
274
271
228
227
153
143
5
4
11
54
109
118
193
195
769
321
258
234
233
232
231
229
228
227
226
190
189
188
185
180
37
2
1
1
239
240
245
377
379
385
966
969
259
38
18
96
238
239
322
231
230
229
228
2
323
232
231
230
229
4
3
1
324
233
232
231
230
5
4
2
1
325
234
233
232
231
171
170
169
168
11
5
3
2
1
326
235
234
233
232
7
6
4
3
2
1
327
236
235
234
233
7
5
4
3
2
1
328
237
236
235
8
6
5
4
3
2
1
329
238
237
236
9
7
6
5
4
3
2
1
238
186
337
239
185
361
360
359
358
357
356
355
339
338
337
336
335
334
333
332
331
330
329
328
288
287
286
285
284
274
273
241
240
239
182
146
17
16
1
9
16
17
18
19
20
23
24
25
26
27
28
29
30
31
32
33
37
39
40
43
54
55
109
158
189
233
271
306
559
560
561
562
563
605
606
607
608
610
611
624
1190
1517
1639
1955
362
361
358
340
339
338
337
336
334
333
332
331
330
329
299
285
279
157
147
97
2
1
1
3
8
15
16
17
18
19
23
24
25
26
27
28
29
30
31
32
42
53
54
188
240
555
604
605
606
607
623
953
1618
1954
363
362
359
341
340
339
338
337
335
334
333
332
331
330
288
287
286
276
275
244
158
20
19
18
3
2
2
13
14
15
16
17
18
22
23
24
25
26
27
28
29
30
31
52
187
554
603
604
605
606
608
622
1404
1637
364
363
362
360
342
341
340
339
338
335
334
333
332
331
287
4
3
2
1
1
6
21
22
23
24
25
26
27
28
29
30
51
52
155
159
186
312
313
314
315
316
602
603
604
605
621
363
360
359
358
342
341
340
339
338
336
335
334
333
332
278
277
245
244
243
100
5
4
8
9
12
13
14
15
16
364
343
342
341
340
339
338
337
336
335
334
333
332
331
330
329
328
326
325
246
245
244
53
6
5
4
3
2
1
7
8
99
100
405
406
409
338
337
336
335
334
247
246
245
244
23
22
7
6
5
4
3
2
1
3
361
339
338
337
336
335
8
7
6
5
4
3
2
1
2
336
340
339
338
337
336
249
248
247
9
8
7
6
5
4
3
2
1
1
341
339
338
73
10
369
342
341
340
339
338
11
10
9
8
7
6
5
4
3
2
2
3
5
343
342
341
340
339
12
11
10
9
8
7
6
5
4
3
1
343
340
344
341
1
346
345
344
343
342
15
14
13
12
11
10
9
8
7
6
4
3
360
347
343
313
9
10
11
17
143
372
371
348
344
343
314
304
303
300
1
2
3
4
376
349
345
344
305
304
301
1
2
350
346
345
306
305
302
1
351
347
346
307
306
303
379
352
348
347
308
307
306
305
304
295
294
293
292
70
3
2
1
1
382
380
377
370
354
348
343
330
329
328
327
317
305
296
295
294
186
177
147
599
381
380
310
309
291
1832
381
379
378
377
376
375
374
373
372
321
319
311
310
298
292
290
269
268
267
266
179
169
115
7
6
5
4
3
2
1
62
86
135
218
588
1383
385
384
383
382
381
380
379
378
377
376
375
374
372
371
370
369
362
361
360
359
358
356
355
354
353
352
345
344
342
299
42
1
2
3
78
79
80
81
82
83
84
85
459
460
386
385
384
383
382
381
380
379
378
377
373
372
371
370
357
356
355
354
353
346
345
343
300
180
179
178
177
176
175
1
65
77
78
79
80
81
82
83
84
387
386
384
383
382
381
380
379
378
374
373
372
371
359
358
357
356
355
354
353
352
351
350
347
346
344
204
203
202
201
76
77
78
79
80
81
82
83
388
387
386
385
384
383
382
381
380
379
375
374
373
372
369
368
360
359
358
357
356
355
348
347
345
273
272
271
270
2
1
75
76
77
78
79
80
81
82
389
388
387
386
385
384
383
382
381
380
376
375
374
373
360
359
358
357
356
349
348
346
265
264
263
4
3
2
1
1
74
75
76
77
78
79
80
81
713
390
389
388
387
386
385
384
383
382
381
377
376
375
374
371
370
361
360
359
358
357
350
349
347
5
4
3
2
73
74
75
76
77
78
79
591
391
390
388
387
386
385
384
383
382
381
380
379
378
377
376
375
362
361
360
359
358
357
356
355
354
351
350
348
6
5
4
3
2
1
1
60
72
73
74
75
76
77
78
79
241
262
291
292
392
391
389
388
387
386
385
384
383
379
378
377
376
363
362
361
360
359
352
351
349
7
6
5
4
3
2
71
72
73
74
75
76
77
78
393
392
391
389
388
387
386
385
384
380
379
378
377
364
363
362
361
360
359
358
357
356
355
353
352
350
210
209
208
207
162
161
46
8
7
6
5
4
3
2
1
70
71
72
73
74
75
76
77
289
290
989
990
991
992
394
393
392
390
389
388
387
386
385
381
380
379
378
365
364
363
362
361
360
359
358
357
356
354
353
351
46
9
8
7
6
5
4
3
2
1
69
70
71
72
73
74
75
76
288
289
395
390
389
374
366
364
363
362
361
360
359
358
357
332
330
329
318
312
308
307
10
9
8
7
6
5
4
3
2
1
3
4
7
8
9
396
393
375
367
365
364
363
362
361
360
359
358
333
331
330
313
11
10
9
8
7
6
5
4
3
2
1
2
3
7
8
397
394
392
391
376
368
366
365
364
363
362
361
360
359
334
332
331
314
12
11
10
9
8
7
6
5
4
3
2
1
1
2
6
364
363
362
361
360
359
321
313
312
3
741
987
399
398
396
387
326
325
321
320
319
318
317
316
307
71
148
149
582
1320
372
361
315
314
224
223
222
2
1
739
737
738
400
368
367
366
365
364
325
282
281
226
225
224
4
9
68
403
402
400
1
2
3
401
364
338
337
336
335
334
333
224
696
405
404
403
313
1
1
406
405
399
387
386
378
314
2
5
407
406
405
315
2
1
4
408
407
406
403
402
401
380
321
320
316
207
193
65
4
3
2
1
3
409
408
407
406
405
404
403
402
401
208
5
4
3
2
1
42
410
409
406
402
399
398
209
6
5
4
3
2
1
507
377
376
375
374
373
1824
412
411
410
409
408
211
8
7
6
5
4
3
2
1223
411
408
407
405
404
403
402
401
400
399
398
397
396
395
392
390
389
388
387
337
327
323
298
297
296
295
294
289
288
287
278
208
168
65
10
9
1
2
366
543
544
545
414
413
412
411
401
400
399
398
397
396
393
391
390
389
388
299
298
297
296
295
279
183
182
169
1
222
542
543
415
414
402
401
400
399
398
397
386
385
384
383
381
380
568
416
415
414
412
403
402
401
400
399
397
396
395
394
387
386
385
384
383
382
376
350
349
348
347
346
343
342
339
338
337
336
335
334
235
9
172
173
260
261
262
263
264
417
416
414
413
404
403
402
401
400
398
397
396
395
383
351
350
349
348
347
340
339
338
337
336
335
334
236
10
1
1
418
386
121
23
2
1
2
224
387
122
24
1
420
419
418
412
411
410
409
408
399
398
334
234
421
400
399
382
373
205
5
4
1
401
388
349
348
345
339
6
5
2
1
423
422
421
350
349
3
512
1581
424
423
422
4
1
479
425
424
423
5
2
1
478
426
425
405
403
402
401
400
343
31
30
29
8
7
6
5
4
3
2
1
39
40
181
427
426
424
364
363
361
28
7
1
57
462
465
467
468
428
427
407
10
9
8
7
6
5
4
3
2
1
158
159
160
161
388
389
1860
429
428
427
425
424
423
422
416
414
412
408
395
362
356
355
354
353
342
341
164
139
86
12
11
10
7
2
711
430
429
427
426
417
415
413
409
402
363
140
35
34
33
13
8
1
1
710
1470
431
430
410
403
365
364
363
362
361
358
357
356
355
348
230
197
196
185
27
26
15
14
13
12
432
431
430
411
366
365
364
363
362
357
356
349
345
344
198
197
186
163
28
27
3
2
1
816
433
432
430
412
410
409
408
407
367
366
365
364
363
358
357
199
198
187
164
29
28
4
3
2
1
434
430
412
409
408
406
405
398
395
394
393
391
386
371
369
357
350
343
341
339
314
234
199
196
169
167
123
73
72
47
46
43
32
12
32
46
47
57
118
194
205
468
708
709
1118
1471
1481
435
434
362
361
360
359
201
200
6
5
4
3
2
1
5
4
3
1
2
1199
407
403
402
401
400
399
374
347
339
338
337
265
44
1
2
3
4
5
6
7
668
408
404
403
402
401
400
375
340
339
338
266
54
45
1
2
3
4
5
6
667
339
338
258
96
95
1
2
3
4
5
6
340
339
268
267
266
259
202
96
1
2
3
5
6
341
340
269
268
267
260
203
97
1
2
4
5
342
270
269
268
266
265
261
99
98
1
4
343
271
270
269
267
266
262
99
3
98
344
343
272
271
270
263
206
100
4
3
2
1
1
2
3
2
419
418
373
372
326
270
269
4
104
8
7
6
5
4
3
2
348
58
9
8
7
6
349
59
10
9
8
7
6
5
1
427
426
425
424
423
1427
450
434
361
331
68
45
529
280
279
278
277
364
365
423
334
7
3
2
1
3
4
5
6
7
8
9
424
335
330
329
328
106
8
4
3
2
1
2
3
4
5
6
7
8
3
2
1
1
2
3
411
374
290
279
189
113
112
97
307
308
412
375
291
280
190
114
113
98
1
306
307
345
338
115
2
1
414
382
339
57
2
306
307
308
309
310
457
426
425
424
423
422
421
415
410
373
372
370
367
62
60
59
2
3
375
285
284
303
304
305
306
307
308
290
289
288
287
10
14
15
372
1146
1
1145
459
437
435
428
391
376
372
59
7
8
461
460
459
438
436
429
392
377
373
60
1
6
7
439
432
431
430
429
381
3
5
6
433
432
431
430
1
2
4
5
479
480
434
433
432
431
2
1
1
3
4
440
435
434
433
432
393
294
293
289
87
7
6
2
3
79
436
435
434
433
86
85
84
83
82
81
80
79
78
77
4
3
2
1
1
438
437
436
435
352
300
299
298
297
4
439
438
437
436
435
301
300
299
298
11
1
3
4
439
7
6
5
4
3
440
8
7
6
5
4
1
304
303
305
304
303
302
5
1
478
477
476
470
469
468
459
458
6
5
479
478
7
6
1
480
479
2
1
1
498
481
480
394
393
250
249
3
2
66
67
482
481
87
86
85
4
3
2
1
496
483
482
470
469
468
467
464
463
460
459
458
457
410
409
5
4
3
2
1
24
25
36
68
69
103
104
151
152
495
1143
484
483
481
465
464
85
6
5
4
3
2
1
23
24
102
103
494
485
484
254
253
237
7
6
5
4
3
2
1
1150
486
485
483
238
8
7
6
5
4
3
2
1
147
487
486
466
285
284
283
256
255
239
53
9
8
7
6
5
4
3
2
1
447
488
487
486
257
256
240
54
10
9
8
7
6
5
4
3
2
1
489
488
395
241
11
10
9
8
7
6
5
4
3
2
1
490
489
488
471
470
242
12
11
10
9
8
7
6
5
4
3
2
1
1
2
3
4
491
490
489
487
463
418
417
372
87
444
670
312
10
403
423
477
476
475
458
451
446
150
80
23
11
60
411
749
756
757
494
481
403
24
12
11
10
5
1
376
2
1
3
2
1
4
3
2
1
497
327
326
202
95
48
7
1657
490
461
457
452
294
293
292
101
2
53
493
492
491
1
1266
489
488
490
489
488
487
3
2
1
1
2
3
4
485
484
2
505
504
497
496
495
494
493
486
485
106
3
4
488
487
5
489
488
485
484
483
482
1
1208
501
500
499
498
497
275
274
26
25
2
1
1118
491
490
27
26
3
2
1
3
4
492
491
28
27
4
3
2
1
2
3
493
492
29
28
5
4
3
2
1
1
2
513
512
6
5
4
1114
514
513
462
461
460
459
334
7
6
5
496
495
432
32
31
8
7
6
5
4
3
2
1
9
8
7
6
5
4
1
517
516
514
10
9
8
7
6
5
4
2
5
1
517
511
502
498
497
490
486
485
484
456
444
443
429
425
338
314
136
163
1797
484
339
281
133
6
1
4
3
522
521
520
519
501
499
498
497
496
127
126
125
123
88
3
111
131
380
480
398
254
139
488
343
285
137
10
5
4
502
501
500
499
498
482
406
483
407
311
63
3
1
484
408
312
74
73
71
70
2
1
1743
485
409
313
5
3
2
1
1
528
523
496
463
461
295
291
497
1
7
8
2
1
3
2
1
4
3
2
1
5
4
3
2
1
6
5
4
3
2
1
7
6
5
4
3
2
1
341
342
248
1
500
497
2
1
1
2
512
331
338
339
340
341
342
343
513
502
499
452
426
425
424
423
365
364
503
500
3
2
1
2
1
1
513
476
1
514
477
530
529
4
5
550
549
546
528
521
520
519
518
517
484
473
458
45
3
550
551
550
547
519
473
472
471
470
469
132
122
4
3
1
552
551
550
520
489
474
473
472
471
470
133
123
5
4
2
1
534
533
1
552
523
157
139
137
136
126
8
7
5
4
3
1
524
511
158
1
119
436
399
398
397
396
395
394
393
392
1
400
399
398
397
396
394
393
2
1
401
400
399
398
397
396
395
394
3
2
1
218
4
5
1
443
442
6
171
444
443
7
1
444
9
8
7
6
5
4
3
2
1
1
2
3
4
5
7
9
113
9
114
10
1
115
11
2
1
12
13
1
470
450
15
14
13
12
11
10
9
8
7
6
5
4
3
2
1
1
2
3
4
452
451
400
399
398
397
2
23
24
454
453
452
230
8
1
22
23
484
402
401
400
399
22
123
10
9
8
7
241
242
576
4
3
1701
5
4
1
578
6
5
2
1
7
6
3
2
1
8
7
4
3
2
1
5
4
3
2
1
5
3
1
1
582
556
540
539
535
465
319
303
240
239
238
237
236
235
234
200
183
43
2
98
142
541
540
536
466
320
304
241
240
239
238
236
235
201
184
44
1
1
584
582
579
563
562
561
560
559
558
552
551
550
549
548
510
500
499
498
497
466
317
166
146
145
144
143
142
121
120
108
585
583
564
563
562
561
560
552
498
467
318
167
109
1
553
506
182
554
507
183
1
556
497
2
1
1
2
3
501
471
415
414
248
4
5
322
243
206
4
3
183
956
542
541
540
539
529
474
468
415
411
410
409
408
389
283
262
148
1021
505
475
423
422
421
420
2
506
424
423
422
421
1
532
512
507
478
393
4
1
597
576
575
574
573
572
565
564
563
562
561
514
512
511
484
483
360
286
1
3
598
577
576
575
574
573
571
570
566
565
564
563
562
516
515
287
2
366
367
368
369
370
599
572
571
567
566
565
564
563
517
516
4
2
1
1
1699
601
577
576
574
573
569
568
563
561
560
559
558
556
554
525
215
211
142
30
79
580
579
578
577
576
518
9
6
4
3
2
1
6
547
581
580
579
578
577
575
574
520
519
5
4
3
2
1
3
603
582
581
580
579
578
520
207
205
6
5
4
3
2
1
577
576
556
555
550
549
548
522
521
7
6
5
3
2
1
607
606
603
594
592
581
565
559
520
390
356
337
295
199
173
116
171
177
179
295
296
606
523
9
8
7
5
4
3
2
560
559
554
553
552
550
549
1660
561
560
555
554
553
551
550
4
1
597
596
526
198
5
1
527
301
1
2
3
571
433
302
144
7
1
2
3
4
5
572
434
304
303
145
2
3
530
525
379
269
266
170
165
1
7
9
574
436
305
147
497
1793
446
445
1
576
438
307
149
4
3
2
1
4
5
1
6
2
532
418
311
279
274
273
177
39
38
35
34
29
509
508
507
506
504
274
33
1
625
597
539
534
278
2
3
563
211
180
40
3
604
603
602
601
600
538
536
316
315
314
313
312
311
310
133
86
1731
628
627
623
622
621
609
608
555
554
545
541
540
197
196
195
5
629
628
610
609
423
422
421
1
630
629
611
610
2
1
631
630
612
611
3
2
1
1
627
626
625
604
603
456
455
453
182
169
168
632
629
612
396
364
200
634
633
630
621
604
603
557
397
389
244
235
220
1
2
3
4
635
634
631
622
605
604
572
558
398
390
245
236
221
2
1
1
2
3
636
635
634
633
632
631
630
629
561
560
558
557
556
555
554
542
403
253
6
635
634
633
562
561
254
1
5
438
438
1667
637
634
633
596
138
3
308
309
635
634
597
139
4
1
36
37
38
39
40
307
308
636
635
598
436
410
409
408
140
5
2
1
639
608
607
606
605
603
574
572
446
445
7
6
8
1
645
644
642
641
640
639
637
636
635
634
633
567
566
565
564
563
263
262
231
9
8
6
5
4
3
2
1
1
2
3
4
643
627
626
247
10
9
8
639
613
221
96
1
2
640
614
222
97
1
641
615
223
98
3
2
1
651
650
648
643
642
641
640
630
629
616
588
577
231
4
3
2
1
2
3
4
631
630
617
589
578
232
1
2
3
618
617
616
590
1
328
632
619
580
592
1
250
251
252
635
634
621
593
582
236
5
4
3
2
1
636
635
622
594
583
437
237
6
5
4
3
2
1
658
657
636
624
623
595
584
238
7
6
5
4
3
2
1
255
4
256
5
1
6
2
1
15
14
13
12
1
664
643
625
600
599
241
142
19
1
544
370
1
7
8
214
213
212
1
2
1
2
1
3
2
1
4
3
2
1
342
328
1
343
1
2
3
4
5
676
653
652
651
650
649
647
638
599
577
556
544
502
344
1
2
3
4
5
648
639
600
578
505
504
503
502
678
649
640
601
579
546
504
346
1
3
679
650
641
602
580
547
505
347
2
1
2
680
651
642
603
581
548
506
348
3
2
1
1
349
4
659
647
612
281
476
683
660
648
641
369
351
1
684
661
642
370
352
2
1
113
3
2
1
114
4
3
2
1
5
4
3
2
1
6
5
4
3
2
1
4
3
2
1
5
4
3
2
1
686
685
684
639
638
637
636
9
8
7
669
572
10
1
569
568
567
566
565
564
563
562
12
1
570
569
568
567
566
565
564
563
13
34
14
2
1
15
3
2
16
4
3
2
17
5
4
2
654
571
527
526
525
513
338
164
169
170
171
410
6
1
411
7
2
1
118
117
2
1
1
2
30
677
676
663
660
659
655
605
591
589
583
582
581
580
579
578
577
576
575
574
573
435
409
408
344
317
4
30
31
41
42
43
49
50
5
4
4
3
5
4
664
663
607
593
592
591
590
525
524
523
522
442
418
39
40
41
42
608
607
606
605
604
600
596
1612
660
659
637
636
609
597
590
589
444
250
2
1
610
616
615
614
613
612
611
2
1
612
611
3
2
1
613
4
3
2
1
3
614
5
4
3
2
1
615
614
6
5
4
3
2
1
614
602
601
600
599
597
596
595
13
1
1516
535
534
533
532
1
719
718
717
716
715
691
646
645
595
594
593
315
228
112
73
832
537
2
5
307
4
3
2
1
722
721
636
318
76
3
723
722
319
77
47
46
45
44
43
4
1
5
2
1
1
700
606
605
604
2
1
713
696
613
608
606
600
552
550
549
541
384
275
10
11
714
553
432
385
1
461
2
1
462
3
2
1
4
3
2
1
637
636
635
634
633
632
631
630
613
612
611
610
609
608
607
606
604
5
14
15
16
20
614
613
558
557
556
555
622
602
559
558
557
556
548
335
333
1
1
2
3
5
6
7
8
9
10
560
559
558
557
561
560
559
562
561
560
448
619
618
617
606
563
562
561
552
5
4
3
2
1
1
2
3
4
5
607
564
563
562
608
565
564
563
1
609
566
565
564
2
1
610
567
566
565
3
2
1
611
568
567
566
4
3
2
1
569
568
567
402
683
626
625
624
613
570
569
568
559
12
11
10
9
8
7
1
2
5
4
1
3
3
2
1
2
569
4
3
2
1
1
571
6
5
4
3
1
572
464
7
6
5
4
3
2
1
635
634
559
411
1
714
713
711
710
666
580
579
413
412
409
715
714
713
712
711
709
694
667
642
641
640
639
578
414
413
410
301
300
2
1
740
415
267
2
1
5
793
794
716
3
2
3
670
417
5
4
3
2
1
761
744
737
727
629
527
522
447
3
719
590
557
735
590
587
586
420
678
588
587
1
2
3
4
5
679
589
588
680
590
589
1
681
591
590
2
1
682
592
591
3
2
1
683
593
592
4
3
2
1
684
594
593
309
6
5
4
3
2
1
771
770
701
685
651
590
533
482
428
409
408
389
387
355
317
308
307
280
2
3
772
771
702
686
652
591
567
534
483
410
409
390
388
356
318
281
170
1
1
2
568
132
133
134
774
773
772
771
769
768
755
754
722
721
720
719
699
698
687
684
680
659
658
657
656
568
567
566
565
559
537
536
529
505
392
390
389
388
387
386
385
384
383
382
381
380
379
378
377
370
334
333
332
331
330
315
311
310
233
225
221
188
187
177
141
92
91
146
147
148
149
150
387
993
1224
1283
1456
1457
1
1
774
742
741
740
739
738
699
661
660
659
658
381
380
379
374
777
776
743
732
700
691
657
561
512
430
375
324
323
318
3
1
1
703
702
654
653
652
331
259
255
1426
762
754
751
1
755
753
597
596
595
594
1
764
756
753
368
3
2
1
765
757
369
4
3
2
1
5
771
423
399
398
397
396
395
394
393
392
391
390
6
7
2
667
666
388
386
195
82
1
18
19
2
1
3
2
1
4
3
2
1
5
4
3
2
1
6
5
4
3
2
1
7
6
5
4
3
2
1
8
7
6
5
4
3
2
1
9
8
7
6
5
4
3
2
1
9
8
7
6
5
4
3
2
1
10
9
8
7
6
5
4
3
2
1
11
10
9
8
7
6
5
4
3
2
1
12
11
10
9
8
7
6
5
4
3
2
1
13
12
11
10
9
8
7
6
5
4
3
2
1
14
13
12
11
10
9
8
7
6
5
4
3
2
1
15
14
13
12
11
10
9
8
7
6
5
4
3
2
1
16
15
14
13
12
11
10
9
8
7
6
5
4
3
2
1
632
631
630
629
686
1
1
687
354
260
5
688
1
689
2
1
690
3
2
1
691
4
3
2
1
359
358
357
356
245
244
243
236
5
6
693
360
266
7
6
5
4
3
2
1
694
361
267
8
7
6
5
4
3
2
1
695
362
268
9
8
7
6
5
4
3
2
1
696
376
375
374
373
372
371
231
230
29
11
10
782
781
780
779
778
644
643
640
639
2
3
4
793
783
782
781
780
779
645
644
641
640
1
1
2
3
792
795
794
795
796
796
1
793
794
795
797
2
1
792
649
3
2
1
6
7
650
4
3
2
1
5
6
651
5
4
3
2
1
4
5
652
6
5
4
3
2
1
3
4
653
7
6
5
4
3
2
1
2
3
654
8
7
6
5
4
3
2
1
1
2
738
707
516
515
429
427
426
53
656
655
297
298
818
801
1
2
1
813
816
888
804
627
484
3
2
1
485
4
3
2
1
4
13
12
11
10
9
8
5
4
3
2
1
14
13
12
11
10
9
6
5
4
3
2
1
2
808
7
6
5
4
3
2
1
8
7
5
9
8
7
6
5
4
3
2
10
9
8
7
6
5
4
3
1
8
7
3
1
2
63
722
721
653
2
3
495
11
10
3
724
723
496
1
32
725
724
497
31
393
392
391
2
1
504
102
1
7
505
4
3
2
1
2
669
3
2
1
502
397
396
395
5
4
3
2
3
4
1
511
109
1
1
2
1
1
771
689
688
687
686
761
1
762
735
2
1
165
3
1
693
692
691
690
2
3
1
744
743
742
741
740
739
738
737
736
735
734
733
689
685
684
683
682
578
576
575
574
573
572
571
2
745
744
743
742
741
740
739
738
737
736
735
734
690
686
685
684
683
579
577
576
575
574
573
572
1
1
746
745
744
743
742
741
740
739
738
737
736
735
691
580
578
577
576
575
574
573
735
736
737
750
749
748
747
746
745
744
743
6
5
4
679
644
643
642
58
834
697
1
332
682
1
1
683
835
4
3
2
1
836
5
4
3
2
1
837
5
4
3
2
1
1
540
7
6
5
3
2
4
3
2
5
4
3
1
669
2
3
670
1
1
2
4
888
887
869
868
809
808
807
806
383
1
806
473
471
14
890
889
871
870
817
816
495
494
493
385
339
338
4
3
2
1
872
871
487
462
461
2
1
2
889
829
828
826
493
484
408
3
463
4
1
891
2
3
833
832
830
497
488
469
412
7
6
5
4
3
2
1
894
250
249
248
3
898
897
503
502
347
346
4
1
896
5
2
1
6
3
2
1
901
900
882
881
396
15
14
13
12
11
901
899
881
874
868
867
839
825
778
777
776
722
687
503
489
403
402
3
4
903
902
899
898
897
896
872
869
868
840
839
820
723
656
483
480
248
1
1
2
3
4
11
12
904
900
870
869
841
827
2
1
2
3
1473
871
870
832
831
827
826
825
824
823
822
3
872
871
828
827
826
825
824
691
1
2
873
2
1
1
875
1
910
909
5
4
3
2
1
911
910
6
5
4
3
2
1
912
911
7
6
5
4
3
2
1
913
912
8
7
6
5
4
3
2
1
910
880
879
851
10
9
8
7
907
905
904
903
902
901
900
899
898
896
895
842
841
836
835
834
833
832
735
698
533
511
484
483
482
416
914
696
679
512
1
1
915
908
883
882
881
880
879
878
876
736
701
686
685
539
532
531
530
529
528
527
526
525
524
523
522
521
520
447
418
1
2
50
709
1506
586
882
856
1
896
885
847
537
536
535
534
533
532
531
530
529
528
527
526
2
1
906
897
886
848
538
537
536
535
3
2
1
907
898
887
849
539
538
537
536
4
3
2
1
908
899
888
850
540
539
538
537
5
4
3
2
1
909
900
889
851
541
540
539
538
6
5
4
3
2
1
5
4
3
2
1
1
2
1
11
10
9
12
11
10
1
1
903
2
3
14
13
12
3
2
817
816
815
814
732
547
546
545
544
543
542
541
540
539
538
931
850
818
817
816
815
538
537
536
496
495
494
493
492
491
490
489
485
484
463
932
904
871
456
451
2
1
935
911
909
901
900
899
898
897
896
895
894
886
885
871
862
861
860
859
822
814
757
756
755
754
644
587
576
575
554
551
519
506
489
392
391
390
389
225
91
90
222
863
862
1
864
863
862
861
732
2
1
910
2
1
6
7
899
898
876
3
2
1
5
6
4
3
2
1
866
865
166
5
4
3
2
1
350
6
5
4
3
2
1
880
7
6
5
4
3
2
1
916
674
477
10
8
1
2
917
911
910
909
908
907
898
852
675
478
9
1
2
3
873
872
486
11
911
910
771
770
716
715
680
549
437
912
911
772
771
717
716
681
550
1
436
773
772
133
132
2
1
3
2
1
2
1
3
2
1
4
3
2
1
5
4
3
2
1
6
5
4
3
2
1
942
941
940
939
938
659
9
8
943
942
941
940
939
660
10
9
1
957
954
940
935
934
932
931
862
859
858
689
571
566
565
564
283
957
931
925
924
923
922
896
198
1
195
196
197
198
958
926
925
924
923
897
845
844
843
842
2
1
959
927
926
925
924
868
867
3
2
1
1
960
939
938
937
936
935
928
927
926
925
924
887
886
870
869
868
17
4
929
928
927
926
900
4
3
2
941
940
939
938
937
871
870
2
942
941
940
939
938
872
871
3
1
964
937
936
935
934
928
873
872
1118
944
943
942
941
940
938
937
936
935
934
929
1
966
939
938
937
936
935
930
893
892
2
1
16
967
946
945
944
943
942
940
939
938
937
936
931
3
2
1
947
946
945
944
943
932
657
4
3
2
1
971
937
936
935
934
933
919
918
917
916
884
883
586
585
584
583
582
581
580
579
578
577
576
575
574
5
4
3
2
1
970
938
936
935
933
930
929
928
925
570
6
5
4
3
2
935
755
660
373
7
6
5
4
3
2
1
972
936
759
756
661
374
8
7
6
5
4
3
2
1
937
757
662
375
58
9
8
7
6
5
4
3
2
1
974
938
884
761
758
663
376
10
9
8
7
6
5
4
3
2
1
937
936
934
744
337
5
1
271
978
954
953
935
915
914
500
6
2
3
964
963
957
945
944
943
942
941
936
884
566
565
563
338
1
7
946
945
944
943
942
916
804
803
783
782
164
163
629
947
946
945
944
943
910
892
982
958
957
939
919
918
504
502
500
499
498
10
5
4
3
2
1
983
920
899
897
896
891
914
952
951
950
949
948
913
912
1
953
952
951
950
893
807
782
781
780
779
778
777
776
775
774
2
1
894
3
2
1
895
4
3
2
1
5
1
2
985
968
965
955
943
927
811
539
538
1
986
969
966
956
944
928
812
904
874
557
556
2
1
558
557
3
2
1
974
931
791
4
3
1
997
996
995
994
992
991
990
989
988
987
986
985
976
975
974
973
972
971
969
932
922
921
873
872
792
577
998
997
993
992
991
976
933
923
922
906
2
1
999
998
996
994
993
992
978
977
976
975
974
973
934
924
923
579
3
2
1
1
1
1
1
1
1
2
3
4
8
1
4
3
2
1
2
3
2
1
1
6
5
4
3
2
7
6
5
4
3
1
7
1004
239
5
5
1
1
1
932
711
707
1
1
1
1015
1014
1013
1
273
1
2
3
4
918
917
916
915
1
581
580
579
915
914
913
2
1
3
2
1
1
2
3
4
1
2
3
1
2
1
1
2
3
4
1
2
1
3
2
1
1
2
3
4
1
2
1
3
2
1
1
2
3
4
1
2
1
3
2
1
1
2
3
4
1
2
3
1
2
3
2
1
4
3
1
2
1
1
2
3
4
1066
1065
1032
993
992
988
987
986
985
984
519
518
1
2
1067
1066
1033
433
432
1
1068
1067
307
1069
1068
1035
635
3
2
1
1
2
5
7
4
1
1
2
1066
1065
1064
3
2
1
1075
1041
1000
999
877
659
658
654
433
992
5
4
3
2
1004
1003
6
2
1
1005
1004
858
656
3
1
2
3
4
1
2
3
618
617
1
2
1
1
2
3
4
1
2
3
1
2
2
1
1
1
2
3
4
1
2
3
1
2
1
1
2
3
5
6
1097
1096
1094
1089
1088
1087
1086
1085
1057
1031
1030
1029
1028
1027
1
3
6
1070
1025
1024
604
163
902
903
1099
1098
1033
1032
1031
1030
1029
1024
1023
2
1
1
1097
1060
1034
1033
1029
1074
1073
1066
3
1
759
2
1070
933
932
931
930
1
2
3
4
5
1
2
3
4
765
1
4
766
767
2
1
2
3
2
1
547
521
1
917
2
3
4
675
674
673
672
671
670
658
657
239
2
1
1065
1064
1000
999
998
997
922
919
884
883
360
237
236
1
2
3
920
921
922
924
923
6
4
1000
838
837
292
2
1
2
3
4
5
6
7
9
10
839
838
293
1
2
3
4
5
6
1
2
3
4
1
2
3
1004
842
841
296
1
2
1005
953
952
951
950
1
4
5
954
953
952
951
955
954
953
3
2
1
846
845
300
8
7
6
5
4
3
2
1
961
1
962
849
848
303
11
10
9
8
7
6
5
4
3
960
959
958
5
1009
1008
1007
961
960
959
790
789
788
377
376
6
1
1044
1014
5
4
1
1045
964
963
962
9
4
3
1
1
1098
1090
944
908
851
850
1136
1135
1134
1102
1099
1097
1096
1095
1094
1093
1051
925
852
385
384
1
1
2
4
9
1140
1114
1103
1100
1098
1097
1096
1095
1094
1093
1092
1091
936
935
934
933
932
931
930
929
928
927
926
1141
1138
1137
1136
1104
1101
1099
1098
1097
1096
1095
1094
1093
1092
1091
1090
1089
1088
937
936
935
934
933
932
931
930
929
927
912
911
1
500
1105
1102
1100
1099
1098
1097
1096
1054
961
960
959
958
928
855
4
3
2
1
1
1139
1106
1103
1102
1099
1098
1055
973
964
715
693
692
691
690
570
329
328
2
1107
1104
1102
1101
1100
1099
1098
930
5
4
3
2
1104
1099
1097
1096
858
836
648
331
330
1105
1100
1098
1097
859
837
649
332
331
1
1110
1107
1105
1104
1103
1102
1101
933
8
7
6
5
3
1143
1126
1108
912
911
621
555
518
476
475
2
3
769
525
514
3
1124
1118
1117
1116
1115
1114
1037
1036
1035
1034
1033
1028
1027
1026
859
809
806
689
688
448
171
1
2
3
1119
1118
1117
1116
1115
551
1138
1136
1126
1110
794
793
792
768
767
741
1139
1137
1127
1111
795
794
793
769
768
742
1
1155
887
1140
1123
1086
1083
1130
1117
1092
1091
1090
1089
1088
1087
1086
1068
1
1
1119
1118
1093
1092
1091
1090
1089
1088
1087
1120
1119
1094
1093
1092
1091
1090
1088
1045
1044
1043
1042
955
1
1
1148
1147
1146
1120
1071
1042
1041
1032
923
892
768
762
618
586
2
587
3
1
1
2
3
4
1
2
3
1
2
1
1
4
5
6
1046
1045
1044
1043
609
608
828
610
609
1
829
611
610
2
1
830
612
611
463
3
2
1
831
613
612
4
3
2
1
614
613
5
4
3
2
1
1
2
3
4
1
2
3
1144
1
1176
2
1
1
2
3
4
1
2
3
1
2
1
1
2
3
4
1
2
3
1
2
1
1
2
3
4
1
2
1191
1172
764
763
674
671
3
1
3
2
1
797
1
2
3
1
2
1
1
1081
1080
1079
1078
1042
910
1081
1080
1079
1043
911
2
1
1083
1082
1081
1080
2
1
4
1
2
3
1
2
1
1
2
3
1
2
1
1
2
3
1
2
1
1
2
3
1
2
1
1
2
3
1050
1049
1046
990
1
3
1047
991
3
1048
992
2
1
1136
914
2
1
2
1
3
2
1
4
3
2
1
5
4
3
2
1
7
1
2
3
1
2
1
1
2
3
1153
1
2
1
1207
1206
1205
1204
1203
1202
1196
1191
1164
1155
1151
1148
980
979
978
976
975
895
846
839
781
778
609
531
414
295
1
2
7
1208
1207
1206
1205
1204
1165
1123
899
894
847
844
843
842
840
831
772
466
817
818
1198
1193
1153
783
780
533
1
1205
979
978
1205
1204
980
979
2
1
981
980
3
2
1
1208
1170
982
981
845
787
6
5
4
3
2
1
1248
1231
1227
1224
1183
1181
1170
1164
1032
1014
1011
979
865
864
863
862
861
860
859
857
855
854
827
1077
1076
1075
1074
2
907
1
1079
1078
1077
1076
431
430
429
428
427
426
3
1
866
1
1163
1
2
1
2
3
1257
801
800
1
2
2
1
1
595
1
1
2
3
4
1
2
3
1
2
1
1
2
3
4
1
2
1
3
2
1
1
2
3
3
1
2
1
1162
1153
991
1157
1156
1155
1154
1
1174
1173
1172
1164
1155
993
5
2
1
1159
1158
1156
2
1160
1159
1157
3
1
1161
1160
1158
4
2
1
3
2
1
1
2
3
1
1
2
3
1269
1268
1
2
1
1
2
3
4
5
6
7
8
9
10
18
20
21
22
23
1
2
3
4
5
6
7
8
9
17
19
20
21
22
1
2
3
4
5
6
7
8
16
18
19
20
21
1174
1173
1172
1170
1169
1168
1167
1166
1165
1164
1163
1
2
21
22
1171
1170
1169
1168
1167
1166
1165
1164
1172
1171
1170
1169
1168
1167
1166
1165
1
1177
1176
1175
1173
1172
1171
1170
1169
1168
1167
1166
593
3
2
1
1178
1177
1176
1174
1173
1172
1171
1170
1169
1168
1167
4
3
2
1
1179
1178
1177
1175
1174
1173
1172
1171
1170
1169
1168
5
4
3
2
1
1176
1175
1174
1173
1172
1171
1170
1169
6
5
4
3
2
1
1177
1176
1175
1174
1173
1172
1171
1170
7
6
5
4
3
2
1
8
7
6
5
4
3
2
1
9
8
7
6
5
4
3
2
1
10
9
8
7
6
5
4
3
2
1
11
10
9
8
7
6
5
4
3
2
1
12
11
10
9
8
7
6
5
4
3
2
1
13
12
11
10
9
8
7
6
5
4
3
2
1
14
13
12
11
10
9
8
7
6
5
4
3
2
1
15
14
13
12
11
10
9
8
7
6
5
4
3
2
1
1
16
15
14
13
12
11
10
9
8
7
6
5
4
3
2
17
16
15
14
13
12
11
10
9
8
7
6
5
4
3
2
1
18
17
16
15
14
13
12
11
10
9
8
7
6
5
4
3
2
1
19
18
17
16
15
14
13
12
11
10
9
8
7
6
5
4
3
2
1
20
19
18
17
16
15
14
13
5
3
2
1
1046
569
1271
1196
1192
1191
1190
1189
1188
1187
1186
1185
1026
570
1204
2
1290
1287
1255
1113
970
928
1206
2
1
2
3
4
5
6
7
8
9
10
11
12
1
2
3
4
5
1
2
1
3
2
1
4
3
2
1
6
5
4
3
2
1
7
6
5
4
3
2
1
8
7
6
5
4
3
2
1
9
8
7
6
5
4
3
2
1
10
9
8
7
6
5
4
3
2
1
11
10
9
8
7
6
5
4
3
2
1
1
2
3
4
5
6
921
922
1
923
2
1
3
2
1
4
3
2
1
5
4
3
2
1
1
2
3
4
5
6
1
2
3
4
5
3
1
2
2
1
4
3
2
1
2
3
4
5
1
2
3
4
1225
1224
1223
1
2
1
3
2
1
1
2
3
4
5
5
1
2
1
3
2
1
4
3
2
1
1
2
1
3
2
1
2
3
4
5
1
2
1
3
2
1
4
3
2
1
1
2
3
4
5
6
8
1024
1
9
2
1
4
1027
3
2
1
3
4
3
2
1
2
5
4
3
2
1
3
5
7
6
5
4
3
2
923
922
795
794
703
702
701
700
699
3
4
5
4
3
1344
1297
984
1
2
3
1345
1318
1298
985
2
1346
1319
1299
986
1
1
1300
4
3
2
1
5
4
3
2
1
6
5
4
3
2
1
1
2
3
4
5
6
1
2
1221
1220
1219
1218
1
3
2
1
4
3
2
1
5
4
3
2
1
1225
1224
1223
1222
4
1226
1225
1224
1223
5
1
1
2
3
4
5
6
7
1
2
3
4
5
6
1
2
1
3
2
1
4
3
2
1
5
4
3
2
1
1
1405
1389
1388
1387
1380
1374
1330
1329
1328
1327
1326
1325
1163
977
976
975
853
1
1316
1
1
1
1
1
1334
1154
1036
1034
642
179
1
1
1
1
3
1
2
1
1
1
1
1
1
1
1
1
1
1032
1
1420
1
1271
1168
1167
1166
1165
1164
1162
1161
1
1
1
1
1
1
1
2
1
1
1437
797
798
1
2
1
1
1467
1159
1
1
1
1
1388
1358
1
1
1
1
786
785
1
1
1
363
362
1
1322
1321
1320
1318
1317
1
1
1
1
1493
1492
1491
1490
1489
1488
1487
1486
1485
1484
1483
1300
1088
1087
1
1413
1
1
1
1
1
1
1
1
1
1
1
1505
1
1
1
1
1
1
1512
1511
1510
1509
1508
1297
949
948
437
1
1
1086
1085
1084
1
1
1
1
1
715
1
2
1484
1473
1187
1551
1465
1431
1282
1204
1
1552
1551
1550
1549
1548
1547
1546
1545
1518
1512
1479
1478
1477
1476
1475
1346
1318
1317
1306
1209
1206
1136
1135
1
2
1347
1346
1345
1344
1343
1342
1341
1340
1339
1319
1318
1083
1
1526
1348
1347
1346
1345
1344
1343
1342
1341
1340
1320
1319
1324
1323
1321
1320
1085
879
878
877
876
875
3
2
1
1551
1550
1384
1383
1325
1324
1322
1321
1161
1160
1159
1027
4
3
2
1
1555
1323
1322
1211
1092
1091
969
968
5
4
3
2
1
1556
1324
1323
6
5
4
3
2
1
1559
1558
1557
1555
1554
1553
1552
1486
1485
1484
1483
1313
1312
1310
912
911
910
7
1558
1556
1555
1554
1553
1485
1484
1314
1313
1311
8
1
1525
1519
1517
1488
1327
1324
1315
2
1436
1313
1219
410
2
1
1
1
1
1
1452
1451
1450
1
1
1
912
1
1
1
1401
1400
1399
1398
1
1
1
1
1136
1135
1
1
1
1500
1471
1472
1
1
1
1
1
1
3
1
2
3
4
1
1
2
1
3
1444
1443
798
797
796
7
6
5
4
3
2
1
1592
1521
1520
1519
1
1593
1587
2
1
1460
1447
10
1
1461
1448
11
6
1
1388
1235
1210
1208
1207
1124
1123
1122
1620
1616
1615
1614
1613
1612
1549
1548
1546
1545
1544
1543
1542
1540
1530
1527
1154
990
989
1
1623
1622
1620
1619
1617
1616
1615
1424
1419
1418
1417
1416
1415
1389
1384
1383
1382
1381
1380
1243
2
1
1329
660
1613
1447
1380
1379
1378
1375
1122
2
1
1609
1608
1448
1428
1381
1380
1
1610
1609
1449
1429
1382
1381
1617
1616
1615
1614
1613
1611
1610
1450
1430
1383
1382
2
1
1629
1627
1618
1617
1616
1615
1614
1613
1429
1428
1427
1383
1381
1218
1217
1126
3
2
1
1
1630
1628
1624
1623
1622
1621
1384
1382
1233
1633
1632
1631
1620
1619
1618
1617
1402
1238
1237
1236
5
4
3
1
2
1621
1620
1619
1618
1594
1435
1432
1431
1430
745
1
1635
1634
1632
1620
1455
1436
1388
1274
1136
1135
1636
1
2
1
1638
1637
1436
1435
1434
3
1639
1638
753
1
1640
1639
2
1
1627
1461
1394
1393
1392
1389
1136
1132
1128
16
14
13
1
1
1616
1581
999
994
2
1584
2
1643
1642
1641
1627
1620
1230
1229
1228
1227
1226
1225
1224
1223
1222
1221
1220
1219
1218
1
1
1
1
1
1
1
1652
1
1
1
1494
1493
515
1
1
2
1
1
2
1
1
2
1674
1598
1597
1596
1595
1594
1411
1
1415
1414
1413
1412
1678
1673
1672
1671
1670
1657
1636
1634
1631
1416
1415
1414
1249
1248
1
1
2
1
1
2
1
1
2
1
1
2
464
1
1
2
1
1
2
1
1
2
1
1
2
1
1
2
1
1
2
3
1
2
1
1
2
1
1
2
3
1514
1206
1076
1
2
1515
1207
1077
1
1516
1078
1
2
3
1546
1545
1544
1319
887
1
1321
889
2
1
1
2
3
1673
1609
1541
1018
989
1
2
1674
1542
1675
1543
1
1
2
3
1718
1717
1716
1
2
1526
1296
1295
1294
1720
1719
1718
1
1721
1720
1719
1237
1180
1176
814
3
1513
1511
843
1
2
3
1
2
1
1
2
3
1
2
1
1
2
3
1
2
1393
1288
1287
1285
1284
978
970
1
1
2
3
1
2
1
1
2
1
1
2
1
1
2
1
1
2
2
1
1
1
2
1761
1760
1758
1559
1558
1557
1210
1209
2
3
5
6
1
1763
1762
1760
1724
1715
1359
1334
1333
1208
623
2
1764
1763
1725
1716
1360
1335
1334
624
1
1
1765
1764
1762
1757
1756
1755
1754
1753
1701
1568
1567
1563
1562
1561
1361
140
1732
1731
1730
1729
1728
1726
1403
1371
1370
1369
1
2
1767
1741
1733
1732
1731
1730
1729
1727
1702
1561
1560
1559
1558
1557
1556
1555
1554
1553
1768
1749
1748
1728
1383
1380
1
1706
852
3
2
1217
2
1218
3
1
3
1
856
1
2
1
1
1
1
1
1
1
1
1
1
2
1
1
1763
1762
1761
1760
1759
1402
1401
1400
1
1679
1675
1674
1673
1
1
1350
1349
1
1
1
1
2
1
1
1
1
1
1
710
708
1
1
1284
1
2
1703
1702
1701
1700
1801
1477
1244
1
2
1786
1592
1518
1396
1370
1367
1366
1
1519
1070
1827
1769
1768
1767
1741
1521
1516
851
2
1
2
1
1836
1835
1832
1823
1822
1821
1820
1819
1817
1816
1815
1814
1802
1797
1788
1770
1769
1768
1767
1766
1759
1753
1655
1620
1599
1591
1429
1420
1419
1418
1415
1414
1405
1404
1403
1331
1202
1194
1160
1159
1158
1157
1156
1052
934
761
588
284
43
44
162
273
403
405
1
2
1
1
2
1
1
2
1748
1747
1746
1745
1613
1612
1
1
2
1
1
2
1
1817
1816
1815
1814
1813
1540
1850
1818
1817
1816
1815
1814
1777
1776
1763
1541
1539
877
1
1851
1764
1542
1540
878
2
1
1
2
1650
1
1
2
1
1
2
1471
1
1
2
1
1
2
1804
1
1834
1
2
1
1
2
1
1
2
1
1672
1845
1788
1758
1845
1
2
1846
1
1882
1
1883
1820
1333
259
1884
1
1885
1009
1886
1
1887
1886
1884
1847
1687
1624
1622
1492
1491
1490
985
984
1885
1625
985
1
1528
2
1890
1891
1891
1868
1890
1872
1830
1891
1891
1
2
3
4
1861
1823
1822
1310
1309
1893
1863
1862
1861
1860
1
1894
1835
2
1
1896
1895
3
2
1
1
1900
1885
1683
1603
1497
1496
1401
1896
1
1897
1868
1867
1866
1865
1864
1894
1
2
3
4
1896
1895
1894
1893
1892
1
1905
1904
1902
1897
1896
1895
1894
1893
1886
1885
1841
1810
1712
1708
1707
1703
1702
1701
1674
1673
1665
1529
1523
1455
1386
28
1897
2
1
1898
3
2
1
1880
1879
1874
1873
1872
1871
1856
1855
1854
1853
1845
1727
1707
1693
1641
1544
1525
1474
1301
922
3
1881
1875
1874
1873
1872
1871
1728
1642
4
1
1
1876
1875
1874
1873
1872
1847
1729
1704
2
1877
1876
1875
1874
3
1878
1877
1876
1875
1874
1679
1517
1516
1515
4
3
1646
5
4
1880
1879
1878
1877
6
3
1913
1876
1872
1825
1682
1276
1275
1274
943
938
1914
1877
1873
1744
1743
1482
1
1
1686
1685
1905
1894
1906
1904
1904
1674
1
1905
1675
1906
1903
1744
1
1904
1745
1905
1
1906
1710
1708
1423
1915
1914
1913
1912
1911
1907
1499
1373
1
1908
1500
1374
2
1
1908
1681
1
1931
1930
1879
1878
1877
1876
1751
1670
1424
1423
1422
1421
1420
1419
1417
1416
1343
1342
1910
1898
1
1922
1899
1860
1859
1428
1912
1910
1909
1846
1903
1
2
1904
1903
1902
1901
1905
1
1902
1867
1739
1902
1
2
1941
1903
1822
1821
1820
1763
1759
1758
1757
1756
1
1904
1905
1
2
1906
1907
1
1908
1908
1885
1748
1
1949
1948
1749
314
1907
1
2
1908
1909
1
1910
1911
1906
1774
1907
1896
1
1897
1896
1897
1896
1897
1894
1893
1891
1889
1
1948
1947
1890
1768
1882
1879
1
1880
1881
1851
1882
1853
1854
1854
1
1950
1856
1855
1710
1574
1433
1848
1
1858
1857
1856
1849
1795
1794
1793
1792
1274
1223
1977
1974
1973
1972
1919
1904
1903
1764
1966
1965
1962
1865
1861
1860
1859
1881
1880
1879
1878
1877
1876
1875
1874
1
2
1882
1881
1880
1879
1878
1877
1876
1875
1874
1873
1872
1871
1698
1274
4
5
1883
1882
1881
1880
1879
1878
1877
1876
1
1884
1883
1882
1881
1880
1879
1878
1877
3
2
1
1885
1884
1883
1882
1881
1880
1879
1878
4
3
2
1
1886
1883
1882
1880
1878
1877
1876
1875
1874
1873
1887
1884
1883
1881
1879
1878
1877
1876
1875
1874
1
1976
1975
1974
1973
1
1977
1976
1975
1974
1978
1977
1976
1975
2
1
1979
1978
1977
1976
3
2
1
1873
1872
1
2
1874
1873
1
1875
1874
1876
1875
3
2
1
1877
1876
4
3
2
1
1729
2000
1982
1979
1966
1
2
1
2002
2001
1579
1
2
3
4
2003
2002
1999
1990
1989
1988
1987
1986
1985
1925
1924
1923
1922
1921
1590
1589
1
2004
2003
1532
1531
2005
2004
2001
1971
1922
1458
1457
1450
1368
2
1
2006
2005
1583
3
2
1
1973
1972
1971
1970
1969
1545
1542
1541
1535
1534
1531
1530
1529
1528
3
2003
2001
1
7
2004
2003
2002
1772
1580
2
2005
2003
1987
1986
1985
1984
1983
1967
1
2006
2005
2004
1977
1976
1975
1974
1973
1961
1960
1955
1954
1953
1925
1771
1419
1416
1330
5
2007
2006
2005
1775
1583
3
2
1
2008
2007
2006
1776
1584
4
3
2
1
2013
2009
2008
2007
1974
1971
1777
1585
1382
1056
5
4
3
2
1
6
1988
1624
1566
1421
1261
1260
1259
1255
1112
1619
1617
1616
1
2010
2006
2005
2004
1772
1615
1539
1
2
3
2006
2005
1773
1616
1540
1
2
2007
2006
1774
1617
1541
1
2008
2007
1775
1618
1542
2008
2007
1610
2005
2004
1779
1520
1
1780
1040
2007
2006
1949
1781
1471
2008
2007
2001
2000
1758
1644
2000
1996
1989
1977
1990
1989
1797
1982
1981
1850
1973
1970
1
2
1983
1982
1981
1980
1979
1978
1977
1976
1975
1974
1971
1970
1426
1975
1972
1971
1686
1
1948
1947
1916
1915
1688
1
1917
1916
1689
1904
1903
1898
1
1905
1904
1899
2037
2032
2031
2030
2029
2028
1840
1636
2038
2033
2032
2031
2030
2029
2019
2018
2017
2016
2015
1
2020
2019
2018
2017
2016
2021
2020
2019
2018
2017
1797
2022
2021
2020
2019
2018
2023
2022
2021
2020
2019
2013
2012
2011
2010
2009
1954
1577
2026
2014
2013
2012
2011
2010
2015
2014
2013
2012
2011
2046
2028
2026
2020
1972
1971
1970
1969
1968
1633
1550
1501
1
2
3
2050
2038
2034
2029
2018
2017
2016
2015
1986
1973
1972
1971
1961
1657
1
2051
2039
2035
2030
2019
2018
2017
2016
1987
1974
1973
1972
1962
1658
2052
2040
2036
2031
2020
2019
2018
2017
1988
1975
1974
1973
1659
2
1
1958
1957
1956
1955
1954
1
2011
1959
1958
1957
1956
1955
1954
1953
1952
1931
1930
1929
1928
1618
1617
1343
1327
1322
1097
1932
1931
1930
1929
1928
1927
1926
1925
2052
2044
2034
2033
2032
2031
2023
2022
2021
2020
1992
1788
1675
1661
2024
2023
2022
2021
1
2055
1879
1790
1664
1661
1630
1090
1088
507
2060
1983
1699
1697
1675
1674
1673
1672
1671
1670
1669
1668
1667
1666
1658
1089
1
2061
1700
1698
1676
1674
1673
1090
2
1
1091
2
1
2029
2028
2027
2026
2030
2029
2028
2027
2031
2030
2029
2028
2061
2060
2059
2014
2013
2012
2011
1
2062
2061
2060
2015
2014
2013
2012
2063
2062
2061
2016
2015
2014
2013
2017
2016
2015
2014
1974
1973
1972
1970
1
1956
1955
1954
1953
1957
1956
1955
1954
1892
1
1893
1959
1958
1957
1956
1895
1956
1955
1954
1953
1892
1956
1955
1954
1953
1953
1952
1951
1950
1912
1900
1
2
1955
1954
1953
1952
1913
1901
1914
1902
1
1914
1
1915
1898
1897
1896
1911
1
1912
1911
1909
1
2
3
1914
1913
1912
1911
1910
1909
1
1911
1912
2
1
1917
1916
1915
1914
3
1910
1
2
3
4
5
6
1911
1
2
3
1912
1
2
1913
1
1914
1915
4
3
2
1
1916
5
4
3
2
1
1916
1554
1917
1915
1928
1926
1925
1942
1941
1940
1939
1938
1937
1936
1935
1934
1933
1932
1931
1930
1
1943
1942
1941
1940
1939
1938
1937
1936
1935
1934
1933
1932
1931
1944
1943
1942
1941
1940
1939
1938
1937
1936
1935
1934
1933
1932
2
1
1945
1944
1943
1942
1941
1940
1939
1938
1937
1936
1935
1934
1933
3
2
1
1933
1932
1931
1930
1934
1933
1932
1931
1
1935
1934
1933
1932
2
1
1908
1
2
1909
1693
1692
1910
1
1911
1907
1
1908
1729
1912
1911
1910
1943
1942
1
1746
567
1945
1944
1
1946
1945
1947
1946
1944
1943
1
1945
1944
1946
1945
1939
1937
1
1941
1940
1939
1938
1256
1255
1942
1941
1940
1939
1
1943
1942
1941
1940
1535
1893
1
1894
1892
1683
1535
1893
1
1894
1895
1884
1894
1883
1898
1887
1885
1884
2108
2086
2085
2080
2079
2078
1871
1855
1872
1869
1869
1
2
3
1870
1871
1
1872
2
1
2100
1853
1
2101
1854
1855
1
1856
1856
1
2
3
4
5
2103
2033
2032
2031
2030
2024
2023
2022
2021
2020
2019
2018
2017
1857
1804
1803
2104
2025
2024
2023
2022
2021
2020
2019
2018
1858
1805
1804
1
2030
2029
2028
2026
2025
2024
2023
2022
2021
2020
2019
1859
2
1
1860
3
2
1
1861
4
3
2
1
1861
1854
1701
1
2131
2130
2129
2128
2127
1862
1855
1702
1579
1343
1338
1337
1009
2041
2039
1870
1868
1859
2043
1875
1874
1873
1872
1871
1869
1
1871
2045
1877
1876
1875
1874
1873
1871
1
2051
2047
1451
2
2052
2048
1452
1
2138
2089
1851
1
2139
2090
1852
2162
1844
1843
1842
1841
1840
1839
1838
1822
1820
1819
1
2140
1820
1821
1826
1825
1824
2046
2045
1827
1826
1
2
2048
2047
2046
1828
1827
1
2048
2047
1829
1841
1840
1839
1838
1837
1836
1835
1834
1833
1832
2146
2145
2144
1814
2155
1938
1815
1807
1
1808
1809
2166
2165
2164
1820
1819
1816
1814
1796
1766
2168
2166
2164
2163
1797
1767
2159
2139
1798
1799
1
2
1800
1801
1
1800
1784
1580
1784
1
2
1785
1758
1757
1756
1
1786
1787
1741
2100
1781
2178
2177
2175
1780
1780
1
2
3
1781
1
2
1782
1783
1
2198
1783
1783
1
2
2163
1784
1219
1785
1
2199
1768
1764
1756
1
1861
1765
1764
1763
1762
1761
1760
1757
2205
2204
2200
2199
1968
1823
1810
1809
1808
1774
1773
1772
1714
1
2172
2171
2170
2169
2168
2204
2141
2140
2139
2138
2137
2130
1812
1811
1810
1786
1
2205
2142
2141
2140
2139
2138
2133
2132
2131
2003
1787
1291
2157
2156
2155
2154
1848
1814
1813
1812
1
2176
2175
2174
2173
2172
2158
2157
2156
2155
1979
1978
1977
1849
1815
1814
1813
1439
1438
2177
2176
2175
2174
2173
1816
1815
1814
2173
2169
2164
1817
1816
1815
1712
1818
1817
1816
1795
1794
2095
2094
2093
2042
2041
1816
1814
1813
2150
2095
1766
2200
2108
1763
1
2
2201
2109
1764
2202
2110
1765
1
1764
1
1768
1765
1764
1107
1071
1879
1766
1765
1
1753
1785
1784
1783
1782
1781
1780
1789
1788
1787
1786
1785
1784
1783
1782
1781
1795
1794
1793
1792
1790
1789
1788
1
1774
1773
1772
1
1775
1774
1773
1776
1775
1774
2207
2206
2205
2204
2203
1992
1961
1777
1776
1775
1
2208
2207
2206
2205
2204
1993
1962
1778
1777
1776
1779
1778
1780
1779
1777
1776
1
1831
1830
2228
2227
2226
2225
2223
2222
2221
2220
2219
2218
2196
1823
1822
1824
1823
1
1825
1824
2239
2238
2236
2235
2058
2033
1823
1822
1
2240
2222
2163
1994
1794
1649
2222
2221
1825
1824
1813
1812
1
1953
1814
1813
2244
2243
2242
2241
2239
2238
2237
2231
2230
2229
2228
2227
2226
2065
2043
1901
1840
1839
1838
1837
1836
1835
1834
1832
1831
1830
1715
2245
2244
2241
2151
1814
1813
1812
1810
2126
2009
1898
1793
1792
1
2219
2161
2010
1904
1848
1263
1795
1794
1
1796
1795
2130
1797
1796
1795
1794
1796
1795
2140
2133
1795
1793
2074
1791
1790
1
2083
2082
2081
2080
2075
1792
1791
2228
1991
1786
1715
2222
1790
1789
1788
1787
1786
1783
1782
2021
1805
1804
1802
1801
2259
2258
2256
1781
1780
1779
1778
1777
1776
1775
1774
1773
1772
1771
1770
1769
1754
1
2
3
4
1755
1756
1
1757
2
1
1758
3
2
1
1751
2258
2257
2256
2255
2254
1765
1764
1763
1
2254
2253
2252
2251
1767
1766
1765
1764
1763
1762
1761
1760
1749
1762
1761
1760
1759
1758
1757
1754
1753
1731
1729
1729
1728
1699
1
2
3
1700
1
1702
2
1
2120
2119
2118
2117
2116
2115
2114
2113
1721
1720
1719
1
2
2121
2120
2119
2118
2117
2116
2115
2114
1722
1721
1720
1
2122
2121
2120
2119
2118
2117
2116
2115
1723
1722
1721
2161
1726
1725
1724
1723
1722
1721
1720
1719
1718
1717
1716
1715
1714
1713
1712
1711
1
2182
2162
1727
1726
1725
1724
1723
1722
1721
1720
1719
1718
1717
1716
1715
1714
1713
1712
1711
1710
1709
1708
1171
1727
1723
1722
1721
1720
1719
1713
2
1
2163
1748
1747
2246
1737
1733
1
2247
2056
2055
1738
1734
2288
2271
2254
2224
1472
1471
1
2110
1841
1840
1717
1716
1704
1
1705
2258
1704
1703
1702
1701
1690
1684
1712
1711
2205
2176
2171
2170
2169
2090
1952
1723
1722
1704
1700
1699
2272
2206
1948
1701
1699
2177
1844
1843
1834
1833
1703
1699
1
2065
2016
2015
2014
2009
1955
1535
2094
1702
1701
2278
2277
2276
2275
2274
2273
2212
2210
1990
1989
1988
1987
1986
1985
1984
1867
1694
1674
1670
1667
1658
1
1668
1659
2303
2287
2286
2061
1668
1
2304
2288
2287
2062
1670
2291
2061
1663
1
2276
2275
2274
2273
2272
1665
2308
2304
2303
2302
2301
2300
1913
1678
1677
1
2313
2312
2305
2304
2303
2302
2301
2314
2310
2293
2098
1680
1679
2283
2270
1917
1899
1862
1861
1860
1760
1759
1640
2276
2245
1973
1972
1641
1640
1639
1638
1637
1616
1580
2291
2275
2274
2210
1610
1
2
2276
2275
2211
1611
1
2293
2277
2276
2220
2218
2208
2028
2027
1611
1
2294
1506
2295
2021
1507
2
1
2296
2022
1508
3
2
1
2297
2023
1509
4
3
2
1
2298
2024
1510
5
4
3
2
1
2025
1511
6
5
4
3
2
1
2328
2304
2294
2293
2284
2278
2277
2265
1618
2228
2227
2226
1619
1613
2330
2215
1874
1606
1598
1
1599
2215
1881
1880
1879
1576
2216
1844
1577
1580
1579
1
1955
1953
1582
1581
1583
1582
1979
1976
1956
1949
1566
1882
1564
1
2
1883
1565
1586
1585
1
1566
1
1567
1560
1
2
3
4
1561
1562
1
1563
2
1
1564
3
2
1
2232
1565
1547
1546
1536
1517
2353
2316
2315
2310
2122
2121
2120
2119
2117
2111
1890
1889
1536
1535
1534
1
2
2317
2316
2311
2123
2122
2121
2118
2112
1537
1536
1535
1
2332
2331
2330
2329
2328
1539
1538
1537
1536
1535
1534
1533
1532
1531
1530
1529
2321
2086
1909
1637
1538
1537
1536
1412
1
1539
1538
1537
2
2358
2042
1782
1540
1539
1538
1384
3
2187
2186
1725
1543
1542
1
2188
2187
1544
1543
1543
1542
1
1544
1543
1521
1520
1523
1521
1520
2018
1534
1533
1526
1523
1523
1522
2355
2024
1504
1497
1496
2166
2139
1777
1496
2141
2140
1497
1497
1479
2194
1473
2365
2342
2341
2340
2339
2283
2282
1472
1
2369
2368
2367
2366
2365
2343
2342
2341
2340
2302
2301
2284
2283
2344
2343
2315
1476
1475
1474
1474
1473
1472
1478
1476
2378
2310
2363
2362
2361
1833
1829
1467
1468
2340
2339
2335
2288
2287
2203
2069
2052
2051
2050
2049
2048
2047
2046
2045
1947
1946
1710
1709
1708
1707
1706
1705
1704
1703
1702
1701
1700
1466
1452
2349
2347
2344
2343
2025
1446
1
1934
1933
2157
2156
1471
1441
1440
1
2
3
2158
2157
2092
2159
2158
2093
1
2160
2094
2
1
1953
1952
1951
1950
1949
1948
1445
1444
1435
1
1436
2366
1428
1
2367
1429
2312
1421
1868
1418
2399
2398
2397
2396
2385
2361
2326
2313
2312
2184
2037
2018
1992
1940
1814
1801
1416
1948
1947
1946
1416
1417
1417
1412
2309
1416
1396
1292
1
2
3
1
2
1
2410
2367
2179
2176
2098
1282
1281
2343
2341
2412
2298
2297
2296
2295
1272
2393
2391
2390
2389
2388
2387
2288
1262
1190
2339
2014
1174
2302
2301
2300
2299
868
1830
1829
1828
869
2376
1935
870
2406
2402
2397
2393
869
2378
1781
866
2188
1975
798
2251
2250
2247
2246
1769
659
2339
2232
2189
2185
2184
2183
2182
2181
2026
1975
520
415
