83
455
47
89
142
658
262
223
630
556
614
81
687
306
312
298
101
111
571
58
721
34
33
146
60
132
224
236
117
460
35
1
342
449
627
412
646
65
105
91
389
621
297
494
480
530
173
23
468
306
432
238
572
1017
626
341
390
17
580
415
26
14
369
599
263
560
119
63
648
62
73
229
359
866
472
302
108
115
450
40
365
489
701
703
471
153
600
88
106
636
112
206
246
500
578
810
313
302
251
310
231
16
906
219
534
397
660
947
1167
51
770
786
157
628
516
80
45
141
436
138
306
51
620
426
42
272
217
312
399
348
272
63
315
865
511
207
338
31
520
508
347
709
345
19
230
5
457
347
1054
125
461
606
741
177
175
489
119
846
585
91
630
471
15
558
617
919
441
38
63
37
139
486
454
521
329
305
84
101
99
166
362
307
117
112
801
296
1132
368
617
409
280
234
777
109
1028
678
144
372
276
823
335
585
72
219
167
123
106
184
358
268
44
109
155
53
254
784
574
132
53
751
344
748
598
96
745
789
626
293
661
428
23
775
1034
3
99
409
523
225
226
696
910
354
76
758
5
322
589
311
536
395
238
69
176
680
1033
156
1042
16
1044
752
121
239
81
487
599
33
998
838
184
1127
2
354
192
96
196
218
411
166
520
421
792
921
237
611
296
605
800
125
69
375
1145
26
718
493
1040
404
871
123
244
654
100
17
693
240
899
79
79
724
44
445
696
30
189
285
42
437
204
203
281
41
457
165
269
540
506
715
757
20
14
568
36
157
98
65
67
580
275
288
180
69
407
326
15
236
116
474
524
66
197
503
152
384
585
364
397
350
464
801
82
26
519
309
693
615
63
314
8
155
560
361
519
862
756
164
152
322
877
400
865
528
513
342
245
15
712
245
387
732
28
403
254
662
814
247
22
27
94
931
352
36
579
51
91
120
978
692
263
734
323
53
904
360
250
680
791
217
391
259
78
882
39
794
56
594
525
155
364
485
299
939
592
221
685
45
719
402
907
8
914
89
403
82
377
189
187
378
92
153
308
361
88
327
88
103
380
742
213
513
576
263
289
190
263
277
343
285
844
544
434
335
156
112
495
66
696
492
336
491
396
940
20
611
446
268
170
329
499
160
356
214
252
298
46
1008
1092
416
660
174
379
320
738
563
850
82
1057
54
793
905
20
155
552
721
241
549
224
44
581
396
99
605
344
529
818
116
37
1016
85
692
545
411
282
588
571
644
228
509
7
87
809
76
732
640
765
327
245
460
428
401
24
451
533
734
816
1160
1048
7
466
271
649
206
362
351
270
533
447
975
429
125
546
878
384
474
526
314
1028
102
572
48
789
1111
97
1082
55
665
132
797
126
553
691
739
138
475
400
314
232
262
358
527
636
187
578
717
517
57
259
256
58
259
175
268
271
187
320
358
1122
163
391
906
904
311
465
341
147
518
856
30
695
154
743
1028
609
568
583
12
27
466
942
120
1080
760
155
536
51
568
525
916
841
272
623
556
496
2
306
999
103
506
1089
668
25
836
706
808
243
504
458
630
750
148
568
24
842
551
617
223
547
223
766
269
748
835
877
375
239
497
506
56
647
141
527
310
701
726
403
644
40
656
657
391
236
869
437
725
405
53
763
674
581
453
427
181
1125
942
988
88
1108
467
428
19
406
270
700
288
49
310
504
232
26
49
369
93
426
286
394
360
239
277
534
54
208
575
558
185
94
239
740
22
465
500
1160
326
130
314
79
406
238
534
220
1067
948
154
145
234
11
73
122
245
50
27
852
67
476
277
849
29
90
39
157
231
886
213
470
46
22
136
47
298
191
158
468
300
276
646
202
359
405
823
755
604
530
634
439
184
414
750
351
436
881
140
15
75
21
293
280
351
181
19
434
628
512
901
142
104
390
877
361
832
286
310
153
50
560
363
507
261
7
96
73
499
123
299
112
215
504
702
445
276
134
131
596
10
662
146
356
230
577
24
606
260
322
192
95
530
892
491
379
367
195
865
381
395
101
410
322
222
14
218
65
45
397
884
877
107
779
806
777
31
820
346
578
379
132
124
138
725
279
186
92
275
57
22
765
331
719
189
541
128
35
53
155
478
162
571
458
5
284
143
109
68
578
60
142
164
585
530
630
153
391
268
85
508
417
235
213
463
17
358
365
1015
199
542
46
553
330
159
284
455
216
380
109
223
320
621
102
398
154
189
17
443
207
861
506
593
492
244
542
120
849
490
308
362
314
377
622
36
567
40
867
105
47
122
480
85
748
395
559
172
955
179
321
193
281
318
527
190
595
241
84
360
866
897
605
563
80
18
286
204
142
543
20
350
274
408
311
601
300
386
388
21
814
459
858
366
262
440
74
395
94
14
441
302
567
377
593
529
499
430
308
335
747
23
913
799
644
524
458
347
59
118
367
329
141
517
5
202
354
497
28
133
410
103
907
256
40
147
505
708
475
208
35
763
412
54
751
579
36
96
183
822
787
810
274
786
726
844
129
453
140
257
403
145
728
272
548
658
724
70
277
629
202
179
211
478
81
499
782
851
219
484
579
491
170
218
238
678
162
313
239
499
560
455
431
300
642
172
14
639
145
793
726
228
47
906
94
280
1048
43
1065
68
681
496
799
497
340
302
214
535
402
594
247
316
710
27
235
83
574
629
1026
26
1057
405
69
319
529
527
38
669
21
71
560
89
250
437
459
78
117
769
247
42
313
160
322
277
354
34
319
323
242
406
166
676
642
192
128
85
8
224
580
503
758
169
560
538
514
361
208
219
302
744
567
147
694
545
394
681
126
772
128
623
669
630
710
809
597
21
339
148
758
786
348
155
198
217
295
454
820
110
929
542
472
575
704
347
286
307
492
2
20
728
319
149
115
140
110
214
613
75
177
92
420
1
503
902
922
588
278
101
548
606
150
181
375
814
70
126
439
504
424
71
861
598
345
321
262
410
155
125
161
348
30
506
479
113
106
989
135
432
360
541
1071
577
142
947
1068
409
783
1067
252
103
867
305
72
25
360
69
248
817
20
818
842
162
136
265
462
25
493
800
479
299
434
149
229
30
84
67
44
1014
798
872
366
472
299
654
166
386
351
177
377
296
803
414
51
77
82
520
1072
226
158
170
439
58
757
704
11
257
35
141
522
20
120
220
166
204
572
666
585
51
826
687
833
531
693
146
124
558
18
380
497
159
613
264
15
558
256
88
1
376
677
877
590
17
181
675
223
338
605
749
586
462
654
444
201
342
290
235
7
176
866
