287
486
1328
216
623
908
1114
1132
1233
671
229
110
1395
910
356
1140
59
804
390
551
1385
702
25
360
233
626
1432
723
250
554
126
134
390
541
1
1403
255
1143
427
407
827
1320
1277
1800
1380
665
1508
940
471
1443
768
1609
1518
203
1666
211
1545
567
483
620
1962
1714
681
598
1725
1364
200
1822
905
725
1185
83
150
1435
189
66
1952
876
1264
409
1154
1185
1144
968
557
678
760
1528
385
622
471
892
1366
244
278
769
794
204
741
858
99
427
28
431
305
1548
247
752
236
593
436
693
1184
1345
1164
1348
96
217
832
252
299
596
103
411
937
1465
487
479
113
11
294
352
478
1165
465
582
189
915
46
1295
772
1088
432
737
428
1218
1435
23
373
583
639
198
1257
45
1496
1236
456
486
235
1473
1278
548
799
71
454
1253
834
1207
610
177
1072
436
677
556
221
1035
864
1011
58
1202
753
118
483
476
484
514
462
232
147
1498
54
895
53
997
287
311
1143
1029
1871
786
323
1021
401
1736
223
1174
627
1860
883
1120
451
1890
225
158
835
1348
789
1836
1660
1008
1693
1873
756
769
983
109
683
294
228
817
92
856
1071
1518
785
935
968
21
35
982
1611
253
318
70
806
248
93
954
891
793
569
990
69
478
1705
1035
1721
210
156
860
83
1404
1680
9
803
1636
1855
1157
55
16
1679
1204
845
591
260
1737
1125
1412
165
1751
63
380
1269
1678
846
1684
194
486
519
412
535
1424
1294
1115
1529
815
1499
213
1280
50
264
1861
1391
88
26
114
117
1533
212
1314
266
628
733
1317
650
1552
752
1531
1355
1867
938
1288
440
564
580
82
262
1602
1063
1913
1551
1802
65
487
1714
1276
1915
417
264
220
49
1196
1620
1810
901
1263
22
781
1702
38
1136
1647
1476
958
729
1882
164
1843
1247
964
321
440
939
370
602
242
376
210
441
578
890
1169
42
419
1320
754
808
50
667
775
362
1049
73
446
321
85
417
264
650
862
104
1093
173
481
1178
837
257
830
1036
228
560
621
604
1032
1182
1152
910
135
129
1600
1401
214
491
249
115
931
493
319
682
1116
972
2097
477
1854
361
1385
2039
732
1068
2052
1430
1762
781
1969
173
1426
645
2060
1058
340
769
754
1955
1698
442
1220
451
237
59
1294
309
822
495
248
503
207
322
1192
60
787
1008
873
455
554
157
822
219
720
1663
1559
119
597
696
2004
2028
1927
1316
882
574
154
861
932
19
834
1561
735
1664
1526
948
1668
409
924
1432
1940
1464
1682
173
1305
1300
1965
1090
496
1624
1708
199
369
1182
20
1696
37
753
38
448
1000
936
911
228
1489
749
709
33
59
1107
1394
432
454
1755
184
1652
1026
732
1799
423
1041
517
126
196
1600
745
1977
143
51
98
213
1237
45
558
243
509
759
53
1004
844
128
742
423
519
1048
828
607
5
623
725
148
1032
630
1239
1357
824
1005
986
335
146
738
112
336
595
848
878
135
704
32
791
627
674
834
103
37
237
465
411
657
384
64
1254
1157
851
42
1178
827
280
648
530
398
494
159
285
570
1227
1233
770
304
584
1047
366
1026
927
248
1153
107
749
669
858
942
226
1260
664
18
666
213
270
123
15
1350
1307
730
1054
960
1
664
494
1193
209
412
1257
437
98
287
770
419
858
36
1028
707
1239
688
684
1017
838
914
723
1121
191
751
526
730
1311
1058
258
1064
404
448
233
223
331
542
137
1189
1048
243
621
724
22
310
766
160
602
540
631
286
747
285
63
27
386
246
125
24
442
749
515
104
1162
779
78
1212
551
234
944
188
636
1095
746
1231
162
514
13
279
14
136
1171
687
909
973
1133
53
823
41
254
563
289
614
443
332
728
849
619
86
774
363
210
483
151
1004
1253
810
783
430
290
1338
572
894
411
931
69
67
741
390
759
390
1289
2
141
513
71
1232
348
1130
119
733
544
357
760
1
379
436
403
1140
368
1136
401
959
490
666
626
151
660
853
747
1014
1007
50
610
1240
131
216
512
739
848
398
786
96
1090
792
688
489
29
186
937
317
227
843
492
644
356
512
1313
1106
573
743
607
1203
537
511
273
1304
1003
148
25
1213
1323
985
81
682
648
1100
106
706
579
1042
284
615
1297
325
163
277
1078
315
415
575
843
263
403
642
22
447
485
490
361
1245
709
1181
710
1116
130
822
1092
61
511
472
373
750
200
20
567
42
389
814
237
724
1261
479
1399
203
912
261
1624
264
932
1147
1451
1309
1466
560
1051
1650
164
194
1904
371
1192
841
215
805
543
641
1758
873
46
26
75
1943
819
1687
842
1380
541
1625
1529
646
329
1056
1515
125
1616
160
227
828
683
1274
1284
32
522
24
183
121
1706
180
970
537
75
1561
983
226
16
1484
1298
96
52
669
925
1510
1748
1526
977
1701
1565
86
1686
1450
741
365
1914
78
299
1024
1969
91
1970
72
403
1102
254
71
1111
1329
1980
1599
816
207
957
1728
317
1138
431
1168
219
1923
172
1371
279
787
1326
1261
340
1168
397
1609
1123
1143
315
1959
1902
1512
346
1330
755
840
1926
1729
40
218
1242
5
553
514
764
1009
248
839
418
133
737
612
48
1180
120
350
514
365
146
153
746
702
851
515
832
1281
1100
628
1053
711
362
1229
877
455
11
109
1277
205
528
453
57
852
1345
278
520
131
1458
1129
785
441
864
91
497
186
1362
249
3
260
1009
1302
176
202
1656
120
1437
1328
1423
503
843
456
465
524
399
520
1621
1195
698
1105
144
1249
434
688
104
406
1447
235
1640
1274
386
973
54
816
1039
224
372
1138
1408
1256
1623
1506
1588
44
1641
752
200
1007
685
440
244
622
7
1358
17
925
1216
665
356
1486
1593
1538
1477
1414
1320
227
517
48
1184
238
554
614
295
1136
101
895
128
402
325
234
212
806
742
1111
293
273
632
598
138
759
886
2
40
871
1007
994
431
993
663
1059
71
1090
303
20
280
643
266
493
891
181
323
862
517
241
968
132
1045
182
230
750
443
1029
765
586
589
720
64
933
601
1050
154
185
243
460
706
939
303
813
972
1009
290
476
976
494
103
412
919
1024
368
631
551
1179
68
216
338
1163
707
78
423
941
920
147
853
445
26
919
842
545
713
898
810
16
527
654
672
925
678
739
1173
54
433
737
85
1175
689
883
707
848
584
127
1165
217
1121
916
47
394
1177
168
458
984
82
16
105
769
704
492
59
49
343
521
121
538
27
837
710
190
1194
708
79
699
833
582
587
235
1192
983
247
966
1145
1091
767
143
730
60
1449
188
261
582
552
849
655
44
777
463
1183
826
1513
1611
350
134
201
1098
281
1851
555
297
1068
1354
563
249
253
1
267
494
1252
97
515
503
727
60
1029
658
24
1052
186
610
1099
508
1676
889
1312
478
1038
575
230
456
693
1358
1880
7
1797
1927
990
1096
366
1257
251
1129
37
1862
434
2064
258
28
1915
1976
727
79
1104
1198
317
1885
545
346
1413
463
44
440
869
371
1195
41
1097
467
187
906
1492
99
134
212
1086
803
264
1321
829
840
455
631
1120
985
152
397
216
965
633
419
759
714
958
1252
1271
295
686
685
281
385
490
149
433
931
548
441
389
1173
1052
123
33
1124
1281
1258
1031
59
312
959
78
168
1020
458
129
677
214
1773
58
179
1177
891
1676
228
77
1354
200
8
284
85
1681
1010
1313
1214
885
681
1741
329
783
779
1883
795
1344
1462
78
1624
1814
1533
817
136
1193
1141
1470
1571
869
993
180
1147
629
282
840
742
108
248
154
1171
157
349
597
358
539
580
691
417
419
534
590
502
678
420
837
80
588
316
725
533
490
582
30
626
911
804
367
737
751
384
54
613
259
207
666
531
276
306
866
601
239
349
711
1121
1017
492
404
623
989
895
170
1057
11
960
240
143
275
312
1138
122
678
484
132
897
1133
499
88
422
290
1153
974
75
137
791
763
144
556
989
248
665
1215
340
127
158
696
92
868
960
423
113
934
451
213
7
308
881
215
681
406
587
985
226
853
268
659
740
912
1063
1085
51
609
736
174
380
545
818
729
1
296
916
982
463
817
466
160
537
931
695
1124
1076
891
14
673
1013
565
1145
623
650
1051
83
535
894
557
310
153
221
449
850
160
307
1166
965
551
85
946
746
822
156
961
800
877
526
1130
254
138
602
342
1096
994
221
515
512
915
15
133
5
579
779
954
353
322
521
1097
654
8
783
975
885
29
1059
401
867
111
418
149
546
443
461
299
141
192
297
1020
1091
778
354
497
39
920
664
27
237
336
94
628
1125
129
785
1439
964
242
254
283
361
70
475
59
638
516
210
1688
1192
1678
1226
599
161
708
416
591
150
1582
186
1179
1335
1937
498
129
1119
525
568
510
911
347
165
57
847
87
276
558
37
525
276
642
270
1123
130
332
422
195
15
1366
98
466
322
154
310
1372
311
1007
592
386
1128
582
1560
48
214
1246
438
908
1104
1413
1427
808
813
1029
36
379
130
1625
872
1266
389
467
1003
1233
204
62
641
931
690
1302
483
166
334
1055
730
677
552
754
554
452
1417
578
400
42
440
1000
905
5
87
1393
343
346
122
240
1293
656
329
285
422
1283
1428
1168
653
1430
778
342
1367
826
265
326
673
515
539
220
707
1418
1237
565
184
1259
703
672
434
137
1220
771
1559
1506
1496
1487
978
541
65
1473
186
206
1668
1585
222
1189
845
811
160
344
1577
928
1011
1456
336
1039
806
152
532
1092
213
153
765
1425
613
170
531
259
456
238
208
376
338
519
423
146
713
91
10
163
964
126
98
293
413
1346
1249
70
440
918
631
1537
705
292
393
1002
1914
1428
2047
1856
159
36
2000
410
1552
1736
1551
866
1603
1560
646
78
1752
877
1619
1262
170
539
1431
301
761
1436
412
1070
2049
1557
1218
726
1951
1424
621
1280
1907
1721
704
398
1979
669
1987
1068
90
994
95
1597
872
1345
975
1332
895
369
642
1827
275
1696
1419
1842
34
1497
460
45
129
38
1655
627
23
1160
624
1873
921
263
953
1798
1429
1271
939
1061
740
1857
64
1860
2067
105
505
1572
633
764
1275
1025
555
1372
602
1458
392
92
1926
1366
1776
947
2015
760
87
148
1632
1153
201
1214
850
1069
1266
616
1793
1732
1652
1069
195
549
1152
1446
1315
291
1323
57
655
1544
599
1451
1370
1176
608
1966
927
223
532
1244
841
67
142
891
263
682
898
397
870
646
653
417
100
117
181
1037
79
243
942
470
393
422
216
614
781
976
993
959
613
374
141
44
356
1177
266
302
972
572
588
1065
108
342
849
1270
256
364
792
894
809
417
466
679
14
380
934
916
166
1259
787
210
859
1022
263
107
300
513
443
887
457
924
540
906
1106
711
747
413
389
1051
1235
72
883
312
561
772
506
162
94
637
780
736
946
623
788
888
815
655
966
597
723
83
1171
1102
320
82
770
153
635
138
348
93
842
106
360
1084
1108
1741
33
1383
1395
1712
1102
50
1524
1325
1148
1267
1014
1340
1677
278
290
1700
415
283
537
721
1108
746
372
629
432
1114
721
860
1236
787
850
746
926
631
773
503
406
712
722
484
548
767
644
784
1227
228
595
1070
968
647
515
765
357
30
1158
1414
188
1320
757
258
1749
726
511
101
975
633
1501
43
1435
181
561
281
1807
677
66
1219
333
1289
1030
1488
1683
256
8
404
974
152
1259
517
187
1511
964
287
1006
118
846
822
326
894
681
260
692
778
662
386
165
618
363
723
926
1116
529
112
614
442
29
12
1149
103
982
399
1164
1155
349
1038
1309
1805
81
303
1738
1058
318
325
871
746
226
280
957
1609
1075
1527
1001
158
100
256
1124
1485
334
387
343
1191
467
897
274
426
1758
1351
604
1094
1048
1533
164
146
614
441
1806
1767
52
346
1577
51
1607
1081
725
1694
1508
73
265
763
1221
326
795
21
50
1270
804
1258
1253
726
56
652
52
762
840
203
678
398
630
1245
763
653
502
1090
1148
701
620
621
695
255
391
956
321
137
165
267
1124
87
619
425
481
382
169
1068
600
100
506
925
35
348
33
633
568
1119
663
558
873
635
442
312
1188
572
901
545
981
170
1157
1129
1248
837
1054
738
459
775
643
615
254
692
226
724
951
882
924
870
941
143
621
541
720
287
123
623
434
945
236
309
593
863
263
492
206
839
528
914
1100
546
855
432
179
201
850
75
3
295
704
5
327
455
174
1267
390
24
344
1195
70
692
239
133
122
944
767
1077
796
522
393
703
1214
389
84
955
76
161
289
17
126
338
862
312
585
605
482
228
745
300
270
610
1205
542
238
129
687
824
181
110
423
1072
724
464
755
492
22
829
1247
176
1230
1186
1194
48
568
454
302
449
1075
841
212
789
735
952
272
1037
683
643
504
345
385
913
97
266
107
303
1110
254
826
779
50
490
37
204
184
515
569
1136
1215
655
483
213
249
973
500
395
1091
82
1151
80
595
812
543
30
1558
1602
1720
188
483
1477
1643
31
198
1360
813
967
1020
239
449
126
539
240
1046
357
953
756
546
1063
1152
503
664
187
329
527
993
775
695
1052
928
1073
9
1546
1242
919
208
60
15
213
153
765
90
568
859
737
663
320
1029
1290
643
1122
216
1422
795
214
72
471
462
933
658
232
1452
335
474
1461
1285
911
525
394
20
171
1249
482
73
161
465
768
648
168
141
689
432
124
1188
24
206
440
19
403
1545
419
843
43
318
161
1291
1198
411
1068
34
535
707
270
68
282
176
1243
49
1098
293
387
445
231
201
324
1204
451
879
952
1212
176
754
350
1469
4
139
337
340
1014
925
1253
453
101
1528
136
347
74
646
48
579
217
240
1191
217
279
1417
332
35
407
826
91
419
75
1178
976
714
651
132
191
861
243
600
637
259
1026
200
1407
1222
256
300
100
461
1479
306
1172
418
902
210
459
367
1493
59
1168
248
1018
236
641
1020
1101
503
654
169
1181
864
400
521
25
540
921
566
913
636
44
1278
624
748
625
95
1533
606
889
469
546
195
954
1135
882
356
193
1427
153
84
557
730
194
1453
184
1567
295
821
346
942
1209
957
805
198
321
203
499
92
684
1449
385
9
771
1132
615
512
247
985
263
1306
46
404
1508
373
554
514
575
732
854
163
312
468
1499
343
749
624
182
1137
877
453
1295
301
1442
316
774
103
1492
130
32
472
488
510
769
1554
610
571
94
656
1330
1038
1161
447
255
173
228
680
872
462
1502
589
627
350
1350
256
1027
277
1124
151
239
460
1039
558
1009
42
903
1731
1776
1003
132
1257
1895
920
1655
115
11
1477
1345
933
336
287
105
23
257
1236
374
940
984
1185
1633
590
1253
970
1617
1628
34
594
1933
1068
665
62
287
432
1043
548
824
188
310
515
50
324
484
1003
904
903
812
1027
264
498
734
784
405
806
303
1034
696
846
1122
872
988
399
944
319
399
210
413
723
1207
1225
189
764
1346
1495
1504
313
389
337
1213
182
945
1170
1008
1474
1373
464
95
324
519
754
1199
443
429
1416
195
443
141
1424
686
1434
266
756
450
521
71
946
583
33
72
131
1096
1127
1393
318
43
7
1579
893
1630
130
266
791
8
563
53
296
1057
505
130
925
812
689
182
170
299
15
310
882
834
225
726
1052
92
622
697
325
443
602
413
520
616
383
1016
1224
68
192
611
994
31
96
510
36
77
114
1
623
402
543
274
119
116
474
260
188
647
656
674
317
164
146
614
779
885
874
1136
267
591
608
250
654
441
868
1162
85
591
746
559
366
94
1212
720
421
738
175
1428
15
1995
1617
664
103
1840
1866
64
906
564
1839
184
1524
367
1148
1300
274
759
565
1968
1798
407
536
23
405
1243
304
791
589
1416
26
1720
88
158
561
1644
605
1023
1533
146
158
413
105
105
189
1989
1596
1467
922
1282
1067
1129
1805
1449
258
1600
129
852
1025
1181
1655
1568
12
844
1743
1486
687
1900
895
103
1987
1673
1497
58
680
126
284
1752
1291
1970
1417
1542
232
138
204
1006
465
792
1532
851
1564
830
1235
40
1053
81
624
203
464
50
1890
1283
495
1877
1031
1116
1307
867
1118
1788
332
1592
1078
110
438
1303
1574
1980
1341
30
127
249
701
1766
372
15
625
135
741
1133
1008
1597
532
1012
774
415
596
1132
9
1346
1621
980
1758
1984
885
1173
1000
555
133
1778
1643
442
25
1901
594
1001
1163
1119
31
95
297
816
112
1357
1982
288
1534
1098
1070
1919
1477
643
1151
1481
367
1087
236
1520
1166
160
322
139
1201
1429
915
38
1424
572
216
1200
569
483
1699
1688
666
541
119
484
241
1127
180
889
582
1491
214
82
1148
573
873
1326
593
892
86
581
1397
139
587
407
937
430
570
71
45
272
1546
151
675
697
543
1531
983
354
1443
1183
845
365
645
429
660
121
546
1328
281
156
568
677
66
717
403
1370
1059
336
248
406
139
615
1353
1170
936
1423
614
167
81
70
689
207
905
903
906
1526
580
100
1202
496
940
1335
1030
450
10
860
710
985
1544
932
477
842
495
1263
314
1175
192
1189
1322
599
555
792
627
789
1336
1242
385
150
1143
373
411
777
695
1034
174
1253
934
249
622
198
355
16
91
1015
292
308
1476
1670
343
950
218
245
1593
612
930
176
1103
937
684
118
910
240
53
262
620
300
629
968
760
432
155
820
862
1086
1703
1413
969
1171
64
92
2033
370
506
986
1183
1469
2030
515
837
1645
845
350
266
1750
519
605
1605
643
621
1144
1177
18
1649
1762
377
2175
215
2004
1240
2104
1817
945
90
35
1559
9
573
106
1221
1158
273
304
2
246
642
526
138
139
1213
166
284
88
1669
237
1224
770
1744
1186
1230
1724
1708
769
779
552
762
699
129
1461
360
430
34
84
40
30
1167
353
398
948
309
535
1660
715
625
444
1260
166
926
433
321
1534
64
21
274
374
731
269
1437
186
1142
641
367
1554
102
441
1110
1310
447
94
647
1218
17
1019
245
1639
933
383
1483
364
1069
1657
575
314
29
1098
1468
423
1497
375
141
268
340
107
989
130
1273
766
17
448
437
492
631
170
1171
1535
159
278
349
152
135
1289
264
529
305
57
913
654
367
1113
507
498
965
623
142
978
770
34
490
983
558
300
712
541
927
455
120
52
217
293
188
275
402
298
499
889
168
513
763
1143
333
628
1060
240
366
466
1154
196
602
275
746
1058
188
308
911
483
591
848
302
503
950
25
573
1466
378
942
238
685
149
1370
106
632
1192
921
984
1162
1288
1240
808
807
707
367
574
1319
504
533
648
531
117
680
803
629
58
316
1227
1340
1508
495
882
919
1397
1361
754
404
239
93
1315
297
746
14
53
194
160
416
831
280
387
1137
799
475
787
657
1429
1603
423
1382
596
1198
1018
1459
1003
891
943
448
412
186
402
1227
775
981
1394
485
1221
187
287
344
649
1009
148
1121
8
438
415
1606
119
1517
1134
595
625
552
102
59
230
287
639
184
1158
765
325
199
518
1109
733
393
435
966
1279
1589
1675
57
212
1593
149
926
969
603
1322
1856
918
1993
1726
676
1049
1086
452
1654
138
2019
1083
1968
1536
922
381
574
2038
1845
917
1641
506
2032
1986
1715
2053
1839
1582
1554
124
1666
1870
679
1826
15
167
1082
282
45
432
808
1391
2073
110
209
1911
424
62
1974
443
1850
729
1550
1653
1356
573
375
511
4
1455
472
782
37
730
942
1300
1860
1883
360
1877
1596
271
1671
1992
1552
199
1117
1142
1446
1249
1882
49
1845
1609
676
1007
1880
93
604
768
684
260
1821
225
529
156
1450
1111
1158
1971
533
116
230
437
25
154
1053
1149
157
1981
838
1190
552
447
133
1481
1862
257
837
1546
463
21
1223
1404
903
1835
34
153
1841
159
55
118
1563
711
774
256
336
1572
1856
896
460
1332
1654
234
999
1166
826
92
1134
302
55
1260
1003
1515
672
1523
636
11
1495
493
1608
1561
1053
2087
1647
307
465
2164
1927
1357
2181
889
345
1082
471
209
63
277
679
18
72
984
125
176
594
87
512
1048
1
567
836
25
758
742
412
648
636
369
545
84
929
54
446
628
40
942
78
838
839
961
351
197
622
418
884
513
438
896
110
146
1040
1057
1011
931
921
501
1242
440
1042
531
38
769
1220
194
1211
504
484
861
978
212
269
178
1195
1144
711
957
544
987
889
1076
171
234
1369
14
588
1227
1282
1270
1498
860
1130
119
998
86
1616
635
2
835
52
333
1251
1143
1003
1361
223
1099
113
865
371
279
416
313
83
891
465
676
1192
437
1316
1205
1207
1355
1603
991
812
33
77
143
155
1422
1701
292
314
463
1018
769
530
279
59
378
681
395
470
966
1174
805
41
687
887
973
472
31
374
971
613
161
614
329
1131
1175
1017
1402
1305
1550
1665
1182
2096
2044
2072
2054
87
300
1410
672
1668
1790
1937
500
739
1348
142
1660
464
130
823
1525
1726
332
580
617
462
1075
630
843
571
1112
823
370
588
580
179
84
452
396
885
578
1136
891
354
70
1477
485
944
578
703
1152
108
475
1220
121
871
870
255
6
1226
268
597
237
1134
242
891
731
1212
1066
225
1099
1277
131
317
597
214
1412
708
474
380
653
789
16
298
480
715
1247
668
762
35
561
1429
858
702
614
449
24
478
1369
623
672
949
111
722
1445
125
872
599
548
1147
328
460
303
1181
849
440
684
666
306
667
265
264
861
541
429
75
67
1229
183
666
962
694
1227
535
1045
52
1093
193
215
1037
3
430
343
644
223
282
1386
719
886
413
1381
580
980
1031
879
939
285
60
782
1382
515
312
880
712
12
404
814
321
1361
1584
307
1719
1232
532
1277
1642
1460
1433
232
314
1128
853
185
282
620
978
1382
78
1634
997
108
1632
600
1311
29
729
679
294
20
190
619
981
105
318
397
856
888
830
499
175
1700
1741
812
1071
1745
1778
330
1288
1125
233
182
124
342
214
928
1310
794
54
551
793
91
877
838
48
1095
219
1033
1117
1192
1243
385
884
1273
99
882
1207
1141
1384
804
1397
1128
772
961
440
627
433
225
236
859
422
1082
409
158
702
810
854
699
718
672
346
268
511
629
679
690
285
1039
386
1014
857
683
943
373
1106
513
735
181
658
996
897
407
1085
441
1012
290
228
223
478
829
191
1110
507
169
324
941
412
904
913
887
136
1069
341
1011
99
93
890
1002
60
848
500
1084
1100
410
209
506
831
653
881
110
611
329
480
468
1164
326
630
676
1111
700
193
2
784
532
1112
599
654
530
222
208
545
600
287
902
906
389
469
227
77
361
393
554
1117
1081
351
344
490
488
552
71
775
979
1
788
453
614
685
1215
1548
668
1394
676
291
1117
441
1465
75
704
526
417
254
475
556
152
999
1509
104
1722
591
271
189
88
334
23
83
881
295
231
221
1096
1349
1644
1230
901
28
1585
13
536
513
58
1414
150
59
1033
373
933
193
256
135
684
332
303
761
878
309
38
21
485
380
54
26
1328
920
235
1424
1261
198
515
776
1208
194
206
1246
688
1077
1389
430
451
427
153
720
131
1463
717
172
229
250
552
613
543
514
98
409
319
217
1180
917
89
710
60
527
494
169
122
45
272
378
569
1126
850
88
577
649
98
1063
129
294
624
1009
624
549
766
1181
684
831
871
6
1284
1001
933
723
749
1039
193
1989
595
1800
683
519
347
527
669
271
202
586
16
1491
583
1483
1260
1074
908
266
1938
362
357
1815
1232
240
1436
248
817
186
308
31
480
974
1032
1416
311
1016
171
333
1183
153
800
1572
929
1789
1284
1474
342
973
1875
50
94
454
63
1470
510
921
1678
356
22
249
957
864
1821
982
1151
138
205
98
1036
1570
73
763
972
865
140
1328
107
1723
707
109
1610
1047
1082
1749
980
1931
1106
1788
1754
1819
1841
1737
113
121
77
1365
1306
1012
68
155
1517
1667
888
793
922
1842
636
824
611
1918
1756
194
538
475
1612
1928
682
844
554
1079
1562
1174
1084
1560
736
1622
901
1446
609
1349
617
629
587
1515
1680
1324
1716
126
1072
943
1240
931
1366
856
1860
153
955
290
414
741
1104
156
1639
779
1595
1184
180
859
37
1839
338
1268
444
15
1826
243
151
1005
1242
801
1782
1897
107
1134
907
281
204
1239
23
358
1027
257
1588
1634
755
634
697
791
208
1854
626
1452
1443
130
354
1290
1251
139
1439
1231
76
1614
1825
651
650
258
710
1758
1781
207
89
321
730
1546
270
364
545
1081
1459
578
1549
1234
712
432
6
1810
1784
1295
54
769
29
1933
1432
318
1130
1921
160
1077
949
392
174
1545
149
1266
504
1120
1410
1519
1727
188
391
26
1343
337
1850
950
1062
1112
1587
569
807
743
1185
1763
147
1722
268
595
964
1348
189
122
1870
1019
1426
592
1280
1506
668
1669
601
1472
626
391
796
904
639
337
316
1112
199
21
379
2
54
1422
1108
695
100
1103
1727
334
342
164
362
488
1474
884
1415
1662
934
499
378
520
305
1011
123
608
87
877
348
583
384
293
129
1218
63
635
42
1357
514
1868
1965
360
111
1859
934
330
556
12
128
988
586
31
312
749
1433
1035
1563
1435
654
538
146
910
742
25
1243
1765
354
329
1112
1269
1432
538
1131
1681
605
1042
66
1267
1553
25
1328
949
1732
951
895
820
875
566
197
1843
122
1762
329
107
714
126
415
342
15
646
925
479
1556
741
188
130
275
917
628
37
1683
40
938
1767
172
1478
911
490
1321
227
1166
317
803
1017
371
10
1411
159
834
1289
14
233
67
572
582
142
60
174
838
1011
259
1210
88
618
391
666
1213
44
107
1101
549
1531
1489
756
782
733
797
116
151
408
55
99
302
1019
251
649
890
486
968
346
506
1011
1414
1417
487
609
728
1069
237
25
1771
136
159
61
680
1776
217
1507
1096
242
11
1180
369
22
287
888
74
1886
894
81
1907
1684
554
1297
1316
176
1221
1173
751
1058
1679
183
1465
1217
886
422
32
67
553
1061
974
1407
413
1291
1134
848
362
1357
1795
1640
332
611
948
1002
1800
1943
1744
1921
1455
284
1862
30
564
218
1766
930
184
914
17
285
1514
1356
1262
59
1631
1236
546
221
347
472
48
602
1932
1764
235
1368
752
1889
150
1638
283
272
1754
376
879
478
436
425
445
41
911
398
1487
1025
766
1370
430
293
1156
1439
1061
98
1109
929
1004
850
1168
201
1228
523
358
750
316
836
43
417
1213
349
549
1329
1097
1414
489
543
1539
765
363
364
16
201
479
69
945
1306
1002
1015
1151
338
654
30
141
657
1120
8
639
219
447
539
84
1299
1506
1357
199
188
900
630
393
732
361
500
626
596
734
699
74
1570
145
281
614
22
1504
737
143
948
860
1179
186
733
1505
53
865
1103
1303
814
1469
615
110
1208
924
739
518
217
281
541
61
898
103
379
1283
216
1404
730
556
734
72
1489
1192
94
939
238
776
55
801
243
1557
1236
92
142
944
250
1191
1354
1253
1306
233
806
759
71
601
1053
429
485
64
103
231
20
636
968
164
932
585
46
1302
1029
1260
237
1101
378
99
1134
443
626
1151
108
174
1681
1703
263
884
182
139
1615
990
270
710
507
433
1676
700
50
1121
300
481
1756
1544
90
1572
583
510
1186
1680
1165
308
1504
638
1147
1193
1424
809
438
139
422
316
1048
156
1039
79
491
96
363
506
415
212
466
135
71
78
524
1116
662
477
21
480
668
1411
230
535
726
1666
1369
1205
519
313
163
655
1360
467
504
998
317
925
603
1268
867
419
748
219
1009
779
1151
138
425
1382
410
192
433
929
707
1003
411
424
342
683
46
19
662
105
528
1233
1195
819
228
717
2
1074
1293
516
402
483
599
378
603
396
331
558
487
1050
520
729
431
457
406
497
921
80
1109
1261
640
1384
1360
804
418
1369
162
141
726
285
622
388
904
339
667
779
631
862
943
334
691
817
1297
135
200
894
22
1291
476
709
212
672
165
1080
877
234
631
512
834
239
387
215
615
1535
1386
1931
699
902
554
407
1019
194
90
1354
1388
1610
23
1236
657
462
158
316
1288
1187
976
1109
1448
336
786
265
446
679
937
335
19
1218
1360
1476
998
665
408
34
878
1446
577
595
597
471
595
114
127
319
192
1013
121
1022
1315
784
579
1188
22
1636
1163
1276
1573
517
1299
1616
1094
1471
1845
483
1997
576
1528
294
2014
86
1942
1947
578
163
247
335
407
1234
24
47
1283
1122
705
184
1279
210
527
719
38
1412
1426
300
980
960
1034
56
878
147
31
295
298
1026
362
570
690
204
703
310
1037
418
594
755
631
615
163
164
706
1085
86
495
484
325
70
157
263
996
1143
745
270
1164
1561
464
1272
427
1475
1184
1465
940
1243
1150
1278
1511
1777
1022
437
910
1404
1478
419
1834
1690
227
349
206
607
824
683
10
333
475
338
1109
448
82
1364
670
274
99
1569
88
1734
980
1314
1745
740
260
2227
99
219
1998
1441
758
331
550
14
1109
1327
303
353
439
509
1191
712
429
284
1435
1233
1305
202
1584
627
261
484
356
1725
1257
530
990
493
282
103
171
76
1180
1449
370
966
1137
523
117
1701
579
229
1122
361
1015
235
564
868
52
645
579
717
601
373
1134
574
432
268
654
1032
154
888
474
191
428
996
633
830
856
282
145
958
504
220
594
475
695
9
403
486
581
1046
310
332
376
402
508
683
594
87
938
971
669
398
897
923
128
923
759
58
457
1259
989
194
857
510
1213
268
281
828
124
11
1044
63
990
659
413
262
716
518
69
1024
1530
87
1528
412
79
825
1099
1170
210
1322
787
204
959
1191
868
60
1333
454
661
119
897
1217
597
288
333
497
664
183
14
1546
104
13
37
444
980
579
1494
156
188
1235
71
2022
887
40
526
349
940
1066
2049
1895
162
437
352
1513
45
1716
763
1603
259
89
856
1062
1026
777
601
160
1267
90
416
119
1031
867
1318
1296
281
841
48
62
365
961
337
535
1617
973
624
182
217
479
42
1292
1064
1014
1847
1076
2059
1287
253
549
202
1124
393
1528
573
102
1076
1140
701
356
326
393
1467
1223
373
1112
1299
553
854
1445
1324
1563
72
129
1607
2036
1907
31
1008
2079
945
239
985
687
938
1462
1180
1687
109
472
790
1140
840
286
525
765
1335
1671
25
1726
747
1115
1412
1616
1558
982
1536
793
1707
229
284
1256
692
550
292
919
912
530
921
317
502
1144
342
625
996
1648
692
300
181
1654
288
122
433
548
72
220
470
603
149
465
505
1084
608
980
690
1645
1085
1020
466
792
970
1222
1125
1862
775
1275
984
1212
1033
536
849
887
778
166
161
580
215
517
133
197
117
1897
1692
132
262
359
1043
1748
1997
1948
496
2124
1053
470
831
1313
879
1952
429
1054
148
276
1038
149
250
322
577
651
454
657
843
1091
1778
68
795
89
507
978
1072
310
968
1093
653
26
43
1490
871
655
168
1553
1330
137
1026
1164
1295
1556
1341
597
566
1061
401
680
1397
1338
768
1058
866
980
697
766
483
544
52
1134
1524
1337
125
451
901
324
410
1436
412
929
890
1586
659
241
775
107
57
481
680
92
585
65
524
539
323
1633
2146
271
355
502
275
624
486
2021
1605
1390
485
696
1646
428
894
1498
1457
321
952
1906
1898
1439
525
851
2114
87
85
1449
321
1735
1260
24
1007
1629
785
819
1391
1230
416
1165
31
976
1875
407
1134
2101
533
1745
1594
812
1423
672
1290
336
1664
236
1415
627
933
1703
1210
255
1589
918
259
2073
381
710
1390
873
26
1265
1793
118
166
1967
1753
637
501
1305
96
2012
726
1295
2092
1157
1588
986
567
1905
1285
1081
773
82
1083
499
1051
1245
387
1616
823
299
41
1366
80
1333
331
584
716
1067
303
65
282
1412
178
1039
718
397
1031
761
741
1216
489
837
1440
799
37
380
668
47
55
638
458
394
485
176
574
144
100
1011
281
1098
75
1585
1107
382
133
435
1261
1331
258
314
525
429
1571
1191
104
370
113
88
1491
1002
226
743
129
170
112
415
589
1602
749
874
396
1185
1229
506
1407
708
413
574
987
500
417
102
1312
243
582
389
603
160
547
519
605
1413
1241
465
1237
379
1321
1087
305
159
430
772
694
675
634
1023
425
995
84
245
193
205
366
912
440
337
890
1315
88
1026
1504
776
134
952
78
224
684
1497
175
130
585
1007
371
801
282
565
1267
233
384
78
697
1507
297
1311
973
1222
285
1353
1365
1396
156
540
766
