1062
108
1645
123
8
229
2040
33
1077
496
2045
1900
1768
1653
1416
395
1308
292
1367
1716
115
352
2163
460
1601
237
2048
345
286
1687
1364
1811
108
447
1966
2148
1703
1101
1110
446
550
1218
1103
866
945
842
1067
560
664
1952
293
1007
662
844
396
334
1506
5
1402
95
51
24
1755
1518
448
510
319
62
592
687
1407
101
1344
1001
1054
512
1306
63
406
353
90
1497
1134
998
145
106
465
419
1851
1938
469
917
2027
2120
367
1624
75
1073
1779
1542
503
634
293
1234
1630
1669
1878
1820
518
290
2107
637
1236
23
1825
146
1885
1314
1360
72
159
1310
862
248
341
1412
155
1704
45
706
237
1276
1145
1905
946
1486
545
149
110
99
41
1261
1489
328
568
14
928
1142
543
1802
1648
1077
1123
309
396
1073
625
485
578
1175
1570
82
1467
192
469
1039
1249
308
88
127
336
278
1024
1252
565
301
905
306
283
1688
113
403
1729
1521
1679
1906
1869
1260
993
935
40
1156
1326
1118
1276
1503
1466
857
590
532
363
753
84
1807
1188
233
670
1175
674
815
819
1255
193
417
303
1617
158
1346
391
512
1333
973
1768
894
1113
701
977
1413
154
700
383
351
575
145
1775
227
1137
570
523
1752
385
1560
1200
87
1866
750
587
1536
124
45
1603
609
876
934
1230
1442
22
927
733
654
994
267
325
621
833
289
660
1000
921
727
58
354
566
347
602
1058
979
669
296
508
1481
2151
56
666
1953
2022
1919
1069
505
38
232
569
391
1600
65
11
198
118
1994
215
452
1468
1116
113
576
853
1079
973
383
365
823
132
1035
810
679
450
454
890
172
52
668
1252
399
841
791
1148
87
826
588
1229
540
263
1316
1514
1103
966
48
465
1528
489
435
1431
1071
1718
2218
1647
1693
261
1195
85
8
1745
488
2037
1039
2112
333
570
1609
1819
878
443
234
292
1594
1822
5
1475
876
13
514
373
1660
441
1344
501
360
1647
1287
411
551
1512
436
626
402
1122
798
1126
1062
838
1558
362
1562
224
496
1424
500
720
1200
724
1920
4
1924
1610
874
551
1245
736
323
243
371
955
412
122
1200
590
543
534
788
178
469
854
1702
848
225
1165
401
140
1288
979
209
196
164
1451
614
412
763
403
884
348
558
1210
1095
858
953
1140
399
47
291
10
1157
976
1688
1594
1016
286
779
2066
1190
80
13
87
2032
1087
420
692
2130
2253
294
1293
1774
876
1838
225
858
287
444
494
1243
118
504
1635
80
1266
268
392
474
92
141
125
396
186
756
218
1753
1863
865
1718
1595
212
811
449
1448
538
819
128
198
416
611
331
1199
71
348
60
44
1443
122
2106
1177
1562
103
1078
134
150
1415
1437
316
1912
471
487
513
653
1575
1
192
1350
352
1425
354
117
791
378
1167
553
293
309
475
1753
1502
1518
1684
544
1665
104
163
147
19
2209
1105
1181
1769
132
1908
910
2099
129
1983
204
441
1349
749
353
1795
1068
1721
771
316
1796
17
254
744
159
1609
1494
1257
554
1161
434
1143
1294
389
1668
468
1524
283
740
520
1377
609
748
199
269
277
407
191
1247
560
463
797
1100
886
471
476
546
684
35
338
167
355
1338
664
1776
748
74
21
335
1975
1084
305
162
2041
187
65
1632
1989
1594
525
175
765
825
81
201
992
716
410
1403
1022
898
1428
660
841
627
1737
215
1444
1128
851
924
1974
202
251
82
573
1233
1395
1457
2
1981
1570
1498
224
603
346
672
1280
918
501
562
469
347
550
365
961
424
187
752
440
580
694
315
1264
1590
362
417
1480
1387
571
1468
1283
1342
1105
1670
478
997
277
102
847
1173
779
1063
970
154
1051
866
925
688
1253
61
2060
786
1165
216
110
1842
93
909
12
197
138
375
1002
1247
2153
300
1745
133
747
619
1530
287
402
679
374
510
543
567
1675
353
20
646
309
1677
571
1302
1352
181
731
781
390
344
654
199
1549
1404
853
428
210
1375
469
218
1585
845
782
259
617
1159
500
161
396
435
873
1257
1046
319
536
901
1803
740
803
1844
99
443
177
821
697
615
997
948
964
693
1275
333
1375
313
168
1498
1383
1146
665
562
599
304
286
767
1161
903
1927
2024
2204
1144
2156
1407
1114
4
1911
865
1032
542
1945
1322
767
2145
5
613
890
1333
1471
880
643
896
1023
249
1038
37
1192
102
1012
1141
971
808
571
17
337
263
659
1055
1136
544
495
511
240
822
120
783
56
415
150
1888
1571
342
107
1146
176
1738
1421
192
43
996
26
317
1546
1781
988
1848
477
650
358
1906
1363
1762
742
1712
1557
1219
52
1626
1346
1229
1464
582
70
1539
1482
536
1251
345
740
286
1094
268
716
425
1395
44
1626
220
1598
1173
203
161
236
322
235
647
1159
310
253
1765
22
884
489
943
135
1497
513
804
166
1273
397
1009
369
56
1432
1068
1465
1551
882
1394
75
18
2000
213
1119
724
1178
370
1732
748
1039
69
1508
162
1551
1244
134
291
1667
1303
1700
1786
858
270
961
970
844
469
1201
205
1173
748
675
628
264
661
747
1931
1814
1439
231
1175
203
222
1598
1816
1234
1631
1717
789
1518
1736
235
1315
47
122
355
144
860
511
338
630
70
1107
219
327
970
698
317
251
729
959
1371
1198
1490
930
1967
1079
1187
1830
1558
543
1111
1589
99
173
119
441
596
292
184
459
187
828
260
218
1470
292
268
769
119
11
632
360
655
87
391
1297
560
477
721
20
972
360
638
944
411
1570
303
590
340
947
379
99
1589
2117
524
2043
1196
1926
2132
2225
472
2240
543
922
144
2125
1888
77
93
369
880
1076
871
379
1113
2268
1178
2088
161
1169
739
349
1339
623
110
742
1930
41
1918
1585
919
1874
112
1574
19
653
1383
1589
1682
71
1697
379
399
1582
1345
466
174
328
164
570
1725
635
1545
382
626
196
194
796
80
653
199
1387
584
1375
1042
376
1331
655
380
1782
1988
1081
1621
1278
67
229
50
181
298
7
969
2124
34
1284
1767
39
1740
1568
1039
2068
1202
598
521
1218
1257
338
1505
69
211
736
1425
1581
390
610
1167
407
127
398
1087
1574
1294
769
80
508
280
805
1494
221
525
1214
1370
601
512
555
577
659
134
157
813
670
591
1003
1067
1089
147
646
355
1325
1182
1103
491
430
1364
57
1706
323
1114
144
2120
1861
2162
937
1079
365
1649
2133
2018
1781
30
1158
1196
1750
766
266
1057
87
1526
1400
2063
1685
1321
1718
1804
632
580
1747
173
453
2024
1818
2105
34
906
511
1602
1395
437
26
144
1672
1874
940
395
696
489
469
880
1050
907
766
580
1065
968
545
1334
894
1091
884
74
485
502
655
512
1161
185
670
1363
808
554
975
430
139
1109
330
1340
1112
489
66
1312
690
752
432
924
489
125
522
1142
749
608
564
141
17
65
317
268
284
13
595
347
1362
167
378
669
301
1138
532
1297
933
1330
1416
244
1717
851
949
825
743
1125
1076
1092
821
1403
461
1385
383
268
31
1780
1529
945
984
693
1663
356
1123
224
1894
1666
1043
488
1866
242
1451
65
429
32
796
54
1118
961
413
537
619
237
286
270
541
41
901
291
679
463
760
910
431
742
467
260
322
457
2
494
240
1395
919
555
952
1038
839
1339
571
447
365
747
698
714
443
1025
83
70
208
1671
397
776
1634
1063
1161
607
492
255
1556
1670
625
1191
39
254
159
205
192
572
278
69
1002
894
579
110
387
666
968
1045
307
916
1183
1241
2207
1829
1465
1862
1948
1749
1967
4
64
1223
347
763
1144
871
756
519
1378
756
818
498
990
899
456
1208
515
746
1442
155
1031
2141
234
2249
2134
1897
622
560
880
388
2277
1834
170
1893
632
810
31
36
14
1017
270
606
1716
56
1824
1709
1472
339
236
455
37
1376
255
1801
311
1468
1231
323
67
271
1438
136
144
1715
389
1296
75
507
1354
573
589
755
1473
956
812
697
460
1351
364
397
483
176
192
358
1870
1353
415
300
63
1748
33
764
86
929
100
479
381
505
587
205
254
238
509
73
869
119
174
347
1280
928
301
388
310
1530
1127
88
793
211
894
557
235
178
455
9
7
173
2055
1235
185
487
764
875
26
564
1312
116
124
1079
1147
1982
55
137
638
4
908
202
865
1705
1853
91
138
1971
910
2042
568
529
1096
1997
1407
659
2087
1847
892
824
11
1916
1834
1333
1967
1063
2173
1106
266
118
1880
1833
1061
71
1403
1442
1044
224
644
147
393
622
199
928
1061
131
806
480
617
846
837
93
497
432
854
460
340
1266
843
284
1478
761
696
919
1034
309
1068
902
690
413
65
357
157
769
346
781
981
1193
1416
537
188
571
405
1690
229
1454
347
1765
14
223
817
403
1039
334
1338
233
1684
1362
1305
1582
291
822
786
1121
446
168
174
584
1387
427
528
908
1282
1537
1252
672
357
473
818
793
975
860
623
1188
422
1071
527
646
299
634
1286
327
870
523
1034
600
188
11
1138
200
704
993
245
425
561
1825
657
1303
1466
1081
1514
952
1895
610
1758
1839
1557
647
143
503
851
1286
1088
3
280
738
190
153
878
2165
1428
287
2424
50
1141
1418
386
1296
9
1764
2080
846
2075
1793
178
2129
1282
2015
1199
1255
1069
481
859
875
159
1041
1187
941
846
221
397
1555
557
39
1653
1442
715
595
155
1442
299
624
550
737
1141
996
1378
287
10
1042
69
691
454
1741
1415
238
1
505
1849
42
381
174
1105
58
357
877
1388
277
1021
1200
1607
548
152
38
1730
325
364
1219
1235
1401
827
600
1047
68
830
643
228
1099
84
718
214
1843
669
1602
2174
21
66
779
758
22
1731
497
981
306
20
1788
1673
1436
375
1532
156
54
1531
1753
475
1003
284
42
1810
1695
1458
353
1554
178
32
1553
347
1055
297
189
1261
1354
1369
794
492
1058
242
1397
921
307
710
132
892
841
476
145
1547
195
303
1753
1846
93
1861
1746
1509
302
1550
734
1889
1413
799
218
360
400
1333
16
1833
59
363
1765
413
521
1971
2064
84
19
1017
229
2056
56
1723
1486
182
234
2051
1185
1378
215
457
1187
165
833
1486
267
1501
1386
1149
662
559
1100
386
439
390
52
459
179
14
760
199
600
1035
116
3
1191
281
995
2105
445
2213
2098
1861
50
1279
368
1538
137
1891
1558
892
1847
139
465
294
1073
136
103
1213
633
955
1031
819
852
258
1797
1986
1209
1436
121
834
556
252
1110
419
126
400
886
477
132
399
457
1045
1263
681
1078
1164
352
374
713
1287
677
131
1231
298
247
279
1007
184
245
247
1166
1384
802
1199
465
1285
231
539
517
42
724
1067
1159
920
1417
1390
1944
503
958
1879
1954
1515
1912
1799
482
204
1203
545
836
134
845
1305
365
137
486
1041
337
88
1559
785
1940
1464
1100
1497
1583
349
610
1597
1116
992
910
1292
1243
1259
988
1570
628
428
153
1661
266
1663
1478
37
52
777
79
517
401
89
837
825
1164
839
647
107
1769
1040
1070
280
237
1364
1471
406
1497
453
1371
954
109
26
485
88
2
218
1518
991
296
1065
26
1445
986
1383
1469
1689
47
1478
191
1427
1884
1837
2029
1223
34
194
653
443
2028
1406
706
30
228
515
4
655
846
393
588
979
138
290
268
476
1631
893
1575
749
28
528
550
494
177
256
675
887
239
258
615
604
523
795
1242
45
831
1941
34
2049
1934
1697
623
1178
200
680
188
2077
1634
30
1693
432
619
668
208
1318
589
1426
1311
1074
555
823
57
435
1454
1011
653
1070
191
532
613
166
820
467
1512
62
197
1397
917
1212
871
448
556
586
10
882
405
1574
135
979
1274
510
618
524
72
1662
389
920
681
1264
348
124
206
176
127
143
128
454
488
779
265
796
805
1140
472
82
300
251
267
4
578
364
183
714
887
1058
554
382
333
349
78
660
282
573
565
1096
505
1440
172
442
49
33
304
278
664
516
1047
554
1391
221
393
16
255
327
615
906
532
1063
538
1407
205
409
271
311
631
922
261
792
816
809
1136
476
138
582
360
1428
651
843
1374
234
227
1718
106
720
942
2010
1233
99
432
1176
1169
879
776
836
222
1068
291
649
788
619
122
38
721
201
1356
889
618
913
532
408
326
708
659
675
404
986
44
767
1177
493
1321
767
324
605
1154
410
274
554
1534
1091
162
182
1469
625
510
1209
1002
1064
618
423
984
1027
260
1834
1719
207
145
1827
786
225
671
430
589
930
1146
813
448
48
459
888
775
1036
933
12
1155
1069
526
679
417
65
975
952
56
1008
771
534
741
833
553
1134
175
226
622
1018
812
1099
1031
817
1154
820
310
805
472
194
1225
448
675
151
1744
225
1042
1821
9
342
1694
1586
136
707
1203
696
2043
43
380
2191
2088
429
1143
86
629
476
738
1090
973
180
1207
1099
2163
384
621
1529
1581
414
1988
1708
2289
1330
929
533
1372
56
922
2186
338
2309
1975
1465
350
683
1349
2380
1830
1813
959
1795
2233
1951
854
836
987
1274
992
923
904
789
552
1259
672
456
582
417
671
252
1329
578
1115
782
116
517
1071
915
138
390
522
1127
513
146
260
464
1274
895
37
608
1339
379
1237
666
65
115
1009
438
721
828
287
903
639
112
704
229
131
1418
189
228
933
210
361
648
735
16
700
650
569
340
1549
1571
182
2046
568
1855
619
209
716
666
1565
1587
166
2062
584
1871
635
225
2228
750
2037
801
344
391
199
1005
2262
2034
1575
1785
200
1561
1102
1080
89
94
935
189
590
785
565
1203
1088
197
851
960
1062
557
423
495
78
985
850
895
1175
486
209
529
476
1292
1177
940
871
1159
7
1846
1626
506
944
447
1404
213
434
1135
957
329
1370
991
1507
1597
898
631
573
62
15
440
1672
107
130
794
431
107
438
483
208
34
160
795
232
1354
10
724
960
1345
325
795
778
1320
695
171
312
409
457
5
141
1083
1368
97
384
1643
1063
284
1270
17
708
216
2
1738
1176
2049
1361
222
1327
894
1370
1008
710
1402
377
140
418
1112
705
491
1474
1496
493
1780
58
748
1488
108
387
102
1666
1551
1314
497
394
495
210
1558
1443
1206
605
1355
1247
1805
398
816
339
1768
283
1126
1822
2028
1489
1511
883
961
190
2
1761
74
276
1836
57
294
606
628
78
99
334
753
14
225
272
809
192
115
157
116
228
505
77
76
1845
433
852
520
173
419
953
606
1372
1025
132
1742
868
1333
1183
18
673
645
671
238
181
475
1081
286
1191
1575
398
60
346
973
1961
98
1096
194
821
954
309
48
866
247
896
697
85
880
743
492
1088
93
58
889
867
1174
233
1298
755
202
318
129
386
264
929
418
825
670
1151
1118
589
185
970
232
1193
586
349
559
627
273
289
18
600
342
633
860
1738
543
1397
1728
972
1593
739
1228
2171
2093
1383
1145
1290
173
51
1230
120
896
2145
1676
2274
1294
735
2108
127
523
949
1757
1379
1883
471
1915
1222
1836
2115
1127
927
16
460
1074
19
2147
368
1269
1167
913
1629
40
1510
1232
887
389
1085
1500
1530
774
277
1279
434
577
100
494
661
304
624
318
587
818
199
848
745
527
123
267
312
531
637
178
575
1191
619
30
1563
1345
941
1085
1130
1349
181
996
1393
373
649
944
726
322
466
511
730
438
377
774
992
1593
1375
971
1115
1160
1379
211
1026
1423
343
218
622
478
1162
665
433
214
1382
567
170
1936
795
730
577
782
10
158
44
349
32
205
1525
1419
1833
1747
1154
1372
1968
973
1769
13
805
2054
647
953
1770
751
1144
763
1998
1000
2073
294
531
331
375
199
614
1007
1091
306
1237
553
503
99
1140
596
399
550
397
1359
682
725
1176
1391
242
1463
762
230
382
104
202
331
828
439
152
290
810
621
106
228
437
74
333
178
659
110
246
1188
1473
626
307
1462
724
489
701
1078
841
67
563
1406
765
781
510
1092
150
368
995
109
427
279
199
210
333
1015
1217
1352
1571
30
66
903
2058
105
1674
1437
593
1708
1375
709
1664
322
455
393
1104
568
1274
796
1205
662
20
222
357
576
929
92
1063
466
1226
267
1123
402
713
380
286
669
1317
776
1234
312
1356
813
1279
411
551
71
987
206
425
531
485
977
243
912
1195
617
1214
400
574
1397
336
691
287
441
1253
635
409
134
816
1018
1153
1372
127
133
704
1859
1803
327
1521
450
394
1509
1176
510
1465
521
122
2043
2041
634
1121
940
1990
1069
549
165
1837
2258
738
1253
1131
1285
1692
1537
1052
103
635
1145
1500
947
435
520
72
1189
331
184
62
626
916
1003
905
282
273
1105
483
545
743
791
17
1172
434
82
991
788
551
357
190
427
85
448
1709
189
704
582
1101
106
1436
483
1425
802
247
1625
1003
1065
503
652
86
438
1511
268
31
877
1637
678
309
596
1303
104
813
698
461
515
393
1058
814
876
314
841
103
688
17
107
189
193
144
160
111
471
471
762
1009
497
688
854
1065
560
805
79
1234
496
144
929
850
613
410
286
204
586
537
553
282
864
78
489
212
1674
1193
222
1639
246
189
1730
1518
502
10
167
152
93
744
1899
1605
1254
1161
264
1515
1278
370
20
318
89
390
569
716
970
1366
1556
1843
977
1075
951
869
1251
1202
1218
947
1529
587
287
1561
1216
637
481
1163
1379
1046
555
681
1245
407
252
733
1128
245
501
344
233
1388
912
459
1332
138
461
140
994
992
442
1570
1786
1453
962
1088
1652
155
326
1535
652
94
63
640
1795
1319
266
866
269
868
547
1401
585
192
35
1415
1631
1298
807
933
1497
481
1380
448
497
243
249
92
485
1640
1164
433
1589
523
1256
1019
111
711
688
1270
328
114
713
392
1246
740
37
190
1896
2112
1779
1288
1414
1978
1861
978
232
966
2121
1937
2035
1476
1645
592
1192
1199
595
1194
873
1727
259
518
291
259
801
1108
301
5
4
29
430
54
647
2064
64
252
383
777
561
1415
298
1639
1027
1305
1611
1078
2237
970
1257
936
1029
2215
1672
2142
2221
1846
2080
1139
2035
116
376
328
1102
53
1037
127
2110
331
568
2236
1277
876
480
84
3
1922
1195
92
385
63
799
1244
864
512
541
1253
885
243
317
290
1440
454
1609
80
1553
1271
700
144
556
153
1288
1369
288
375
1436
487
898
81
400
669
110
699
167
10
267
493
848
817
865
339
616
89
1244
1875
178
2134
1333
1026
2139
65
149
338
26
2188
1487
70
2070
1882
1751
1357
1573
719
1836
495
1107
829
523
1056
103
1164
877
1198
963
1105
8
63
288
54
995
99
1758
1032
2187
1097
2007
24
1803
1566
1258
1654
2131
1265
1058
1
212
939
722
526
249
454
392
954
2109
180
779
1203
1242
162
659
336
460
745
662
2
490
244
1399
708
890
69
787
1061
910
849
489
699
807
189
1049
322
149
441
831
918
213
1071
1112
1175
1137
1162
461
956
1044
856
725
331
547
307
810
531
81
197
503
30
1129
138
149
172
753
921
63
79
647
1107
564
1034
738
976
972
31
927
944
1063
236
728
6
1161
71
981
1110
1002
777
540
457
476
124
368
1128
169
232
628
1024
1105
239
32
823
1148
814
87
304
1192
442
1297
964
473
469
838
569
823
776
12
468
82
489
334
815
349
411
151
1306
939
903
339
946
599
1121
297
524
1897
45
464
1673
1663
1208
1700
1340
241
2270
539
922
2057
1125
1088
67
1462
1852
1514
347
1921
1641
839
800
650
129
446
1556
612
334
28
561
598
669
382
610
1664
610
1549
1312
499
520
1040
191
666
305
458
207
304
103
52
429
158
500
413
1594
160
662
749
538
295
197
537
1692
954
1512
415
763
1159
320
89
138
1248
469
1044
2154
146
1553
1267
980
1208
1118
1638
407
1264
903
1056
391
902
650
1098
2192
438
1482
564
981
2044
1347
60
893
401
1135
2290
1552
2110
183
761
1361
1757
2234
687
268
511
64
1174
228
1282
1167
930
881
138
658
573
284
77
76
589
78
330
118
688
79
188
246
1212
542
367
920
87
579
155
1310
572
1130
797
381
777
1254
293
901
1308
1153
1634
227
1168
1230
1042
1432
1094
73
1501
1221
337
461
543
161
210
194
465
117
825
127
1418
302
1116
1343
1780
899
520
338
233
110
1888
260
1392
671
1117
534
42
1931
176
402
1875
900
915
1287
454
946
604
476
663
1164
410
887
583
605
689
98
738
763
476
248
1520
1405
1168
643
310
740
178
239
1302
19
300
770
1549
1078
1938
567
740
448
744
292
1020
1738
2010
1922
1289
1749
29
1895
1212
745
1984
931
169
623
424
1872
465
2014
513
1752
273
428
1420
808
1086
1392
859
2018
751
1038
479
1996
1453
2002
1046
823
1262
1805
1182
627
2005
1203
1439
542
536
1454
1037
26
1125
1617
883
272
937
1257
1058
1100
1601
650
409
680
98
1040
655
1193
1331
717
251
163
336
522
21
1072
1001
724
1251
1249
871
158
459
65
281
573
544
797
236
1395
329
144
1373
830
1229
540
186
43
423
493
900
745
1226
1049
726
134
87
831
414
649
1459
48
1335
502
994
260
895
195
1212
204
758
552
353
935
1
219
682
1089
934
1415
446
277
823
1213
875
292
1282
1002
118
242
324
58
9
25
246
336
606
346
1199
521
897
1124
818
1101
306
540
129
391
897
1318
313
191
190
352
345
752
597
610
1045
614
112
1043
567
305
47
164
1120
659
422
486
700
1068
121
91
673
269
1143
422
560
137
176
717
365
1224
601
46
1424
237
676
69
95
177
205
156
172
99
483
459
612
414
328
265
1082
600
501
773
630
635
772
725
74
351
144
354
1509
94
86
679
1496
186
92
964
1856
1615
87
359
216
221
1186
322
159
311
751
1271
340
63
689
165
768
1923
1185
240
1539
1302
1585
386
593
1410
272
449
1052
187
254
23
682
1837
284
1123
472
65
220
705
1860
1393
1580
331
333
1528
455
157
237
1637
485
614
94
1803
676
12
1530
389
1097
1159
250
1168
751
312
597
558
180
1605
174
63
971
1045
517
1711
1495
470
324
1752
927
863
1167
426
873
831
1058
759
136
419
959
889
571
1318
842
211
971
12
975
1262
70
512
1056
1457
868
71
454
1912
1120
351
109
934
116
362
860
2015
1277
1835
1482
767
401
188
1127
602
856
64
705
122
940
694
196
959
221
779
426
289
497
606
666
518
338
406
1845
273
2015
590
1721
1702
1795
1577
1315
1458
61
215
934
287
796
143
94
1905
869
452
804
1633
1295
1702
1673
154
1149
72
1011
72
309
2120
1084
667
1019
1848
1510
1917
1802
524
995
1221
138
1077
840
971
65
482
130
699
361
768
653
1043
1822
1247
137
701
1693
1081
1359
1665
1132
2291
1024
1311
1083
1797
29
144
381
2192
1173
653
1884
1027
1388
1235
1896
1900
1389
1641
1535
1193
99
1853
944
2231
1398
1890
1156
1
739
181
2108
1530
930
534
1373
342
1121
546
564
992
380
658
964
431
1590
323
610
382
1096
672
557
320
1491
472
48
1183
326
687
534
1199
688
940
834
492
1298
689
422
364
61
955
1017
602
1152
243
1530
697
1189
455
700
38
520
1407
1396
376
846
829
229
167
1371
672
38
741
166
944
278
584
51
1210
57
230
2
92
428
803
54
307
154
819
308
560
112
982
772
137
1150
317
809
75
1080
342
900
1027
151
547
523
316
463
112
1222
306
227
932
335
48
276
512
186
706
525
332
29
124
541
30
282
166
684
1260
494
415
872
39
531
203
1358
620
1178
749
171
429
825
613
336
245
1513
622
157
418
1528
480
927
533
626
641
354
582
492
1012
219
638
277
430
235
276
24
472
188
721
566
267
225
509
1664
926
1484
443
135
735
1131
61
89
690
115
995
1159
108
179
49
41
479
436
24
752
105
256
103
768
257
664
509
990
61
957
1033
721
750
188
1099
266
758
24
1131
393
951
976
1080
1032
747
510
398
202
598
788
472
19
798
223
887
287
59
149
371
860
3
364
211
876
365
617
169
925
829
1331
80
1207
374
866
132
1023
285
843
1084
506
94
490
680
375
326
342
71
653
289
580
1101
320
444
136
1078
1363
1277
92
736
306
1352
379
1301
811
968
731
67
423
104
965
184
580
942
1227
1141
44
170
1216
243
287
32
23
758
1522
285
199
986
772
274
699
655
974
262
1043
1807
86
1271
1057
11
984
940
1259
706
722
59
888
1340
823
44
275
812
1800
166
1687
2016
1942
110
683
1150
89
1929
308
2064
1272
774
23
1430
318
6
2168
1467
475
1087
809
503
1036
123
1144
857
1416
28
995
1515
107
933
268
2049
633
169
778
1045
1103
692
456
1359
441
858
1921
187
1012
2167
1429
638
837
795
294
142
2111
1829
142
702
564
2112
676
478
191
37
1731
176
69
612
1294
146
1685
844
416
438
1956
940
448
1182
2337
1599
230
808
48
1007
1999
28
43
298
1653
837
1992
463
527
863
896
214
1841
333
999
1632
44
2030
1253
530
563
547
254
666
1299
289
1697
1167
1134
2244
1951
550
1074
445
427
1497
328
225
671
30
1022
688
461
1620
353
640
373
1270
36
670
429
49
1249
513
1710
1921
2
1409
154
922
1103
45
974
1494
912
247
399
991
2146
1408
1056
227
565
1732
158
438
1590
40
898
1796
1463
797
1752
234
543
999
1088
920
487
142
181
967
52
572
10
675
128
8
950
1235
32
605
422
523
69
1224
486
134
251
1044
305
695
357
810
764
484
295
691
668
886
1085
24
874
541
125
830
1156
962
617
836
1225
499
375
293
675
626
642
371
953
11
345
126
305
463
587
669
287
336
320
591
9
951
1694
2168
276
1076
467
1368
1108
2300
474
1418
1227
586
529
15
260
1393
577
203
1394
577
51
1356
993
428
832
1127
1527
1385
1584
208
684
102
1044
2136
1127
1815
273
2192
1687
1980
1623
2310
198
1977
1740
2305
1439
1537
1413
1331
1713
1664
1680
1409
1991
1049
1616
1339
896
758
1063
730
239
744
766
237
1050
724
1044
929
692
1119
788
778
1346
595
916
430
761
1210
504
1165
1132
2242
582
2350
2235
1998
187
2028
1695
1029
1984
2
134
362
321
5
63
1493
98
36
488
93
1123
200
216
500
382
1846
1329
439
324
87
1724
659
1600
187
1502
41
792
1555
498
1653
266
72
1239
335
55
533
1315
656
50
747
786
177
53
161
245
1408
592
1747
218
1897
335
265
1546
16
1274
936
231
1343
1063
1541
307
1664
49
341
333
824
826
2113
275
1081
1821
2
1289
549
257
997
2007
98
461
445
294
2105
559
543
1833
1495
328
1902
1622
836
2187
2202
833
1891
1763
1950
1697
2174
704
1892
172
188
354
1874
447
1115
217
404
819
52
963
329
833
991
1007
1173
1055
372
871
144
490
14
1135
1151
1317
911
567
720
516
634
130
507
941
466
403
1448
41
104
762
853
473
347
1545
175
1470
692
1072
1198
1720
75
1028
648
522
746
213
1049
17
251
284
911
259
1063
906
1416
612
279
387
568
1418
1186
442
275
2092
710
530
907
1915
108
1120
685
837
1546
1287
1837
582
431
330
955
13
1382
1562
1185
177
2200
1352
58
2097
595
385
1970
180
197
1205
818
30
1440
715
787
997
588
377
1385
638
210
1620
535
967
1177
408
1008
1015
167
1243
912
590
800
785
2023
1175
235
1920
418
208
1793
848
2258
103
1605
1815
230
386
435
283
426
612
167
152
861
1047
602
419
792
709
450
944
1152
259
1493
589
542
796
307
1307
589
744
418
24
240
614
503
228
954
338
1234
543
1035
674
1253
803
1309
470
233
431
675
1435
476
75
321
1592
689
1837
2007
354
1232
1198
1553
554
2238
737
1976
49
652
257
566
1644
1032
1310
1616
1083
2242
975
1262
1748
20
95
332
2143
1892
1340
1619
2123
1607
1669
50
428
1481
508
1217
2237
736
1975
50
651
2068
68
256
1643
1031
1309
1615
1082
2241
974
1261
1747
21
94
331
2142
2084
2028
1405
850
2228
49
2240
1281
288
878
108
717
1871
1168
568
1828
1131
1261
2102
113
32
314
217
648
540
827
1599
599
1641
689
446
2000
1812
1035
321
16
925
29
1937
2066
46
1733
1496
588
1188
1584
188
965
1679
2151
1608
2016
1075
63
1412
1426
812
416
777
1491
1828
887
1783
125
254
1858
79
316
624
228
394
178
1032
85
646
1688
1755
961
1453
493
98
1873
812
216
638
787
479
252
1438
895
1361
488
1101
699
1459
500
99
487
492
1479
418
854
263
468
1577
915
315
276
1695
634
1117
386
723
539
1130
841
220
731
1840
578
13
1958
897
705
93
415
910
203
166
989
101
809
60
456
259
993
595
83
931
770
1186
643
1113
817
306
713
558
1039
1051
110
913
995
372
183
1195
653
274
644
227
836
139
1148
73
1082
8
902
698
127
447
461
1207
248
153
549
1026
893
166
748
1970
849
1815
4
1023
1543
166
961
1003
1040
2195
1457
2015
1266
1662
530
2138
478
2246
2131
1894
83
2274
111
1450
1326
1244
1626
1577
1593
1322
1904
962
337
941
1584
1953
604
1204
1600
607
1206
2235
841
1013
14
862
164
302
15
153
1036
690
1269
1854
855
21
1005
1143
856
994
195
1531
2110
984
1704
366
1623
770
151
229
102
1962
1951
706
12
743
119
1726
277
428
502
208
852
669
783
1381
289
1345
292
1342
707
1659
1965
1960
1271
994
593
1112
103
754
461
683
406
603
157
539
767
342
846
454
1214
1774
256
3
694
1373
1009
1406
314
1465
920
1793
601
535
522
162
10
811
167
345
59
195
1038
58
312
288
860
1372
221
1348
1170
542
1583
1204
982
103
1007
1569
1391
763
1804
1425
1203
178
806
235
144
366
628
413
34
188
1041
662
440
439
379
601
1480
222
1101
1224
831
1390
838
640
647
236
656
1094
1338
919
1460
595
1626
602
876
411
420
897
1574
1155
300
1020
550
459
25
1602
668
720
470
561
995
582
198
250
91
525
1052
1577
535
715
664
1086
176
753
306
1208
596
990
957
884
268
139
659
1050
77
584
77
484
329
810
765
777
1142
637
882
503
415
2
1065
86
578
571
573
852
927
690
218
968
562
566
289
154
519
82
583
649
1428
442
1729
1325
302
1651
331
1733
1722
1655
241
514
623
359
1471
1046
294
1270
178
1241
741
1113
1529
502
1042
765
468
1656
633
1982
2064
2053
1986
90
845
310
954
690
1802
1377
625
1601
884
153
1572
1072
1444
1860
833
1373
1096
2215
1596
408
1431
82
11
78
1974
1219
1754
1110
1374
262
687
1439
463
1180
1911
492
992
620
204
1231
691
968
2204
1585
397
1420
71
67
1963
1208
1743
1099
1363
251
1370
676
1428
452
1169
1900
481
104
981
609
193
1220
680
957
378
755
864
535
681
1197
1633
571
795
1995
1354
743
1283
1006
377
109
220
74
442
878
184
40
680
1240
599
12
528
251
1623
1971
642
678
902
182
1500
2102
137
746
1013
1071
1327
409
826
1889
1778
1203
1057
541
105
1167
943
1663
257
1667
643
1818
1458
705
1306
485
1462
1898
836
1060
340
2260
1055
1008
62
1113
753
534
601
74
220
536
924
447
677
377
533
917
303
1052
1121
1039
679
608
181
231
8
626
11
850
521
603
451
459
843
276
210
810
702
321
1028
351
264
848
423
329
647
70
801
618
118
490
906
121
419
142
952
110
114
606
1314
610
1249
889
398
1343
519
1215
358
1573
429
706
1069
1014
1206
1129
509
1185
898
1990
233
1757
882
1346
832
1396
633
133
1430
1202
743
953
632
108
171
1212
229
1477
50
552
1706
279
323
483
437
673
380
1
917
500
563
106
1569
459
126
540
415
1571
1028
46
875
1238
592
541
640
58
361
1123
554
7
581
1345
228
1322
1259
218
10
63
1104
1041
769
1846
1588
398
379
2159
1698
275
669
1453
948
465
1193
1241
1415
147
1518
251
877
600
641
509
2122
1910
2084
522
2187
1006
322
965
776
612
1053
128
716
1117
1133
1299
929
385
489
434
1397
832
103
82
743
963
1487
944
1052
262
607
1014
859
1340
1307
352
616
1108
374
781
309
1326
1382
397
160
748
725
36
241
822
1049
565
729
1151
256
241
1126
928
1128
558
623
1294
422
1855
1657
399
171
106
790
1330
445
38
193
288
678
1833
743
304
1490
3
123
587
165
307
1285
39
346
1324
200
1112
332
796
912
132
56
393
1675
206
877
139
748
1015
1073
1463
60
683
1238
140
1708
6
1353
852
295
89
393
1619
1114
1322
394
208
1501
1451
1924
1989
1606
193
587
371
1225
108
1839
1881
2031
1075
1145
1552
1397
1878
145
186
1888
565
1483
1066
3
1154
1646
1864
856
100
679
684
95
2066
1360
1587
966
115
2115
1927
2204
2089
41
1821
1597
99
994
380
1756
1789
703
1857
1000
186
357
167
42
1039
1702
109
442
1653
992
553
1153
710
1526
209
1155
953
944
1723
737
2024
1105
1698
70
45
282
369
182
1001
435
458
1150
336
1211
171
351
26
1034
989
446
658
1223
1239
1405
823
1104
119
135
301
1927
631
860
892
1028
199
734
382
934
73
2155
399
1446
1931
25
1407
1587
1210
202
2225
464
442
192
2229
117
1896
1659
620
410
1995
1833
259
1123
1303
926
82
1941
713
1099
1148
996
287
546
49
103
812
900
363
537
1361
13
29
687
195
2033
252
137
100
1911
1005
916
1020
828
955
10
765
89
1183
902
908
192
512
9
551
1055
833
311
844
106
401
1319
486
96
1252
401
415
740
725
863
85
1232
217
1630
642
1239
1095
162
514
842
402
848
79
227
628
492
1209
1081
1290
999
454
1357
1065
563
1055
321
834
650
748
189
654
1273
1352
281
866
2028
1327
335
947
669
363
896
263
1004
717
1289
58
166
1371
355
137
20
5
240
1413
597
1752
355
223
537
422
1696
830
287
1810
32
528
1920
1249
2077
803
932
2219
40
2152
373
610
45
892
3
2150
1654
2179
249
2182
262
105
2142
30
1809
1572
2137
1150
398
1285
919
641
889
471
1258
967
424
890
762
1287
643
1290
630
787
487
96
588
1301
806
1250
862
917
680
228
1245
496
604
73
2073
1885
2147
1108
78
465
5
1
1651
607
2179
259
57
661
271
647
99
860
29
525
1930
3
1917
1246
415
1901
1405
1933
13
684
144
1130
1893
219
1560
1323
1807
572
1560
90
1426
30
2177
289
691
1470
134
1530
617
1136
632
1608
1065
517
280
1531
1271
869
21
1308
771
6
912
495
568
338
371
758
277
428
1583
1116
1303
1297
1834
726
1565
1838
756
403
577
1887
537
571
268
541
591
110
1102
490
768
1074
541
1700
433
720
648
590
658
1272
178
61
436
832
629
41
84
993
280
2025
1324
332
944
666
360
893
266
1001
714
942
228
1996
100
1881
981
1644
167
371
832
786
627
135
1284
2024
1844
387
265
694
1095
162
776
559
1630
924
851
1149
961
530
867
822
1215
897
882
645
542
1501
262
2287
1586
594
1206
928
622
1155
4
1263
976
1204
490
2258
162
2143
1243
1906
95
633
1094
889
397
1546
2286
2106
649
1357
100
1892
683
959
1239
786
85
907
295
573
879
346
1505
238
525
297
1011
757
1339
642
258
405
1406
868
407
45
785
605
852
144
1401
680
391
818
87
1855
1740
1503
857
496
1785
1416
1603
770
998
883
646
361
373
836
928
559
746
409
1359
1244
1007
1289
920
1107
1044
1331
22
316
201
36
1847
652
256
1436
1392
1133
1049
962
1495
385
437
93
461
412
542
144
79
1368
449
864
46
93
1692
1648
1389
1305
1218
1751
129
181
163
717
668
798
400
335
1624
205
837
1117
705
1120
545
210
44
303
387
474
59
1821
1873
1529
975
1024
894
1292
1357
68
1487
855
987
572
1147
1557
1482
259
343
430
103
1777
1829
1485
931
980
850
1248
1313
24
1443
811
531
943
528
1103
1513
1438
84
171
362
1518
1570
1226
672
721
591
989
23
1054
235
1184
552
272
684
269
844
1301
1254
1179
87
446
1434
1486
1142
588
637
507
905
970
319
1100
468
188
600
185
760
1217
503
1385
1170
1095
533
1347
1399
1055
501
550
420
818
883
406
1013
381
513
98
673
1130
416
1298
1083
1008
1880
1932
1588
1034
1083
953
35
608
1075
164
1351
1416
127
1546
914
1046
631
1206
1663
617
381
949
1831
1616
1541
52
292
846
797
927
529
464
1753
334
966
1246
834
1249
674
217
931
49
264
339
73
344
898
849
979
581
516
1805
386
1018
1298
886
1301
726
269
983
101
316
391
125
554
505
635
1183
1825
71
1283
1614
450
439
660
237
172
1461
42
674
954
542
170
957
382
75
639
243
47
219
241
518
49
81
629
1271
483
729
1060
1004
993
106
317
382
907
512
120
400
12
384
403
172
507
313
36
130
678
1320
434
778
1109
955
944
155
268
333
956
463
169
449
37
335
452
123
580
134
748
533
458
264
13
548
1190
564
648
979
1085
1074
25
398
463
826
93
465
322
588
394
117
168
65
1224
195
437
717
305
67
720
145
190
604
4
281
130
502
210
200
125
1490
1130
157
1289
1419
919
1291
504
1414
1220
943
4
775
211
1076
370
500
132
412
372
415
160
617
495
73
301
24
626
661
785
915
283
575
1032
318
1200
985
910
632
744
627
907
290
249
573
1040
199
1819
1893
582
346
1676
1920
1501
1233
822
1399
829
467
772
1246
733
1320
9
227
647
1347
928
766
1289
932
1296
1239
779
266
853
458
694
1114
880
461
2005
50
2171
57
2018
1505
2092
781
545
125
2119
1700
1225
642
1112
100
431
1633
1622
1555
341
414
523
259
1371
946
194
1170
278
311
1141
298
565
623
641
1013
942
665
1867
1754
542
211
2275
2264
2197
301
1056
1165
901
2013
1588
836
1812
364
331
1783
940
1207
1265
1283
1655
1584
1307
113
1212
1543
521
510
443
1453
698
589
853
259
166
918
58
1390
29
471
99
170
447
111
498
130
271
219
790
178
454
1009
397
235
1141
612
1244
132
1376
1723
1739
211
1905
323
574
777
1619
492
442
306
960
740
601
465
745
1000
1605
894
99
236
2024
968
1255
1570
145
112
904
2153
746
2309
615
1052
1243
862
1164
9
1538
255
860
149
646
651
1577
633
1408
1
307
498
117
419
736
867
605
106
901
857
888
1153
254
52
243
138
164
991
537
1246
442
624
347
1614
1580
1361
939
108
1121
578
215
752
48
382
456
182
361
1154
187
689
197
931
2086
21
987
557
167
505
1672
98
378
155
1159
483
866
2040
1154
1561
1406
1104
903
1387
1418
2124
1931
524
1252
201
283
314
484
393
774
636
1008
537
722
487
766
700
376
586
663
485
437
172
618
530
525
1323
648
413
1025
1495
975
271
887
1627
162
386
101
1156
276
645
85
1805
1697
1433
1425
427
43
194
272
157
1967
177
1630
150
111
78
1959
153
1626
1389
725
481
115
798
1265
26
2239
486
2254
14
2139
449
1902
91
422
383
194
807
571
1339
52
175
2231
119
1898
1661
997
753
7
952
1939
2226
642
465
1891
1907
2073
155
711
1057
942
705
1106
737
747
1224
378
314
891
754
521
307
592
983
295
1801
180
57
1868
1754
1131
576
1954
1409
288
776
606
233
762
267
599
603
1272
862
61
246
580
1421
916
215
1202
798
610
777
165
443
749
216
1375
108
395
74
1167
309
167
1280
984
437
301
641
926
1218
277
1173
240
915
175
58
735
1248
531
294
614
14
382
1060
333
1201
416
346
1437
534
1794
1679
1442
369
78
896
277
926
667
908
837
661
378
448
855
700
457
949
792
589
243
259
12
570
372
663
1469
532
450
1292
371
825
1062
24
465
729
98
115
635
1074
53
906
110
602
445
460
705
948
132
1287
549
820
242
178
316
1742
79
129
15
162
5
10
255
1398
582
1737
208
272
134
1663
1757
53
1904
1645
2126
1737
1752
1997
344
1160
5
1470
1835
94
241
18
696
261
231
74
89
334
1319
503
1658
449
129
193
55
146
447
901
1006
435
956
1340
453
1608
5
910
611
751
1079
689
585
652
550
1618
917
537
307
744
282
260
471
462
1566
546
996
490
394
583
457
63
1646
519
62
1147
96
189
851
331
2040
913
332
1541
1252
844
387
407
2086
142
1336
49
802
193
603
476
457
629
124
490
30
1679
552
706
1113
958
1439
1050
56
1148
686
934
1696
2224
1384
811
344
1583
20
1189
802
1038
1237
1473
2142
868
1247
2105
1534
229
1618
247
471
2141
1311
1547
312
279
620
193
392
663
672
1881
1172
1194
191
1478
9
1218
1527
199
39
1729
1614
1377
434
370
1346
1104
105
1701
1009
231
1136
773
108
2079
590
1618
353
1054
464
284
1144
904
51
119
954
973
891
390
1024
848
120
1230
1123
971
677
536
142
430
1338
902
359
1223
986
825
671
259
529
708
939
765
1366
890
797
745
810
659
1028
943
1475
362
215
449
870
339
132
194
147
87
1753
168
234
1606
83
21
1840
317
255
1337
1353
1519
709
485
526
107
319
1822
1838
2004
224
372
240
1045
546
1048
816
770
564
757
605
886
749
521
763
1247
1132
895
916
272
799
37
830
799
918
851
932
598
251
27
33
925
71
1193
509
281
1487
1372
1135
676
380
138
1346
277
1417
1134
811
122
267
1362
1804
59
544
1615
102
1414
206
506
195
1187
575
853
1159
626
1785
518
805
477
538
94
1135
130
1347
505
29
62
702
1132
920
1626
1450
712
11
981
369
647
953
420
1579
312
599
199
683
332
300
929
76
944
1006
1141
686
1178
711
235
268
1396
496
926
1132
125
417
1617
6
354
485
586
1556
767
180
1791
119
1284
484
369
132
348
1679
491
981
101
945
721
1441
123
479
162
36
69
155
233
510
102
1751
1787
771
1148
226
835
45
942
397
998
522
92
334
2102
1987
1750
61
199
268
818
746
597
1438
1040
745
472
1396
1323
677
489
1002
1339
452
1151
265
180
419
78
1072
965
1147
632
395
1603
187
632
871
374
1524
513
1599
180
57
450
27
1409
2166
2051
1814
3
876
106
305
1456
31
1810
1573
146
1050
762
398
7
1244
2132
388
2199
1907
192
94
653
485
481
888
856
955
663
1236
1052
1150
591
12
1380
1847
1256
1169
14
1543
352
2323
836
997
2
798
1083
324
459
982
111
409
295
173
257
734
579
1060
323
520
647
927
647
1125
723
1248
404
769
209
1412
1731
1829
1270
880
1028
455
12
1227
446
682
648
148
425
892
347
1671
434
198
1528
1373
689
159
1688
1010
145
1384
684
1532
315
363
1518
11
87
1242
775
962
1010
37
160
732
1047
1126
1170
1745
280
405
1096
143
738
726
1881
278
866
464
945
424
1320
491
1693
547
4
1578
1341
470
333
74
81
400
195
794
109
239
183
280
205
422
463
388
111
1939
330
41
1261
43
362
651
1098
371
321
1428
692
1057
609
665
286
572
1
47
140
220
1643
1632
596
700
111
1533
350
464
256
1664
1023
412
952
675
749
525
146
712
141
1164
360
1039
578
1045
1393
441
168
435
749
169
248
1311
389
885
506
352
219
1524
451
1399
218
1405
1753
1506
1282
388
1441
1474
1133
1560
1361
1686
1115
1308
1016
305
526
1043
865
237
1278
899
184
951
1086
1084
52
1722
569
774
769
633
309
594
508
677
390
226
789
27
415
859
480
292
422
166
407
874
365
1191
95
1863
233
1748
1511
300
416
180
267
1358
18
707
567
188
714
1356
458
115
582
657
899
197
1571
525
1456
1219
592
124
112
559
1066
1992
243
1837
2068
319
1713
4
1131
85
664
1563
1011
958
379
1536
598
408
1198
573
100
784
667
222
504
651
393
634
308
95
301
552
1172
605
393
1942
27
2161
1971
990
1463
779
896
1833
1059
2214
1956
929
1871
1658
1864
1233
1478
1576
1017
469
29
350
226
760
1336
956
1345
322
414
1483
369
1052
1114
1249
174
794
1286
1638
736
1161
691
427
291
651
936
272
937
927
472
964
48
2029
298
681
1591
884
847
308
1611
1273
106
1680
1400
598
559
2151
2274
178
2159
1799
1922
2222
352
1275
288
1796
796
1563
728
521
550
865
1706
1308
477
740
1664
1591
409
221
1270
1607
1003
396
1415
2256
1858
73
1290
2214
2141
141
329
1820
2157
125
458
799
726
1274
1086
405
1363
1248
1011
800
742
697
1340
772
1007
770
138
208
462
858
897
568
452
1049
190
283
1717
1529
38
1806
1691
1454
357
1423
478
1199
299
1391
1107
119
1160
928
477
1050
967
1183
318
921
693
1075
960
723
1088
1171
1444
564
843
449
710
694
1580
768
428
1312
340
544
946
1544
41
898
537
1826
979
278
714
102
380
686
153
1312
45
332
818
950
835
598
905
48
409
880
698
1403
1996
45
1362
496
313
316
1006
84
3
2013
1626
1835
1544
754
214
91
801
49
264
236
430
1798
28
1762
194
2034
1325
1810
1883
1017
622
437
48
756
643
82
35
1509
1531
1884
307
814
253
254
705
767
1653
417
2070
800
2096
1296
261
560
316
510
1152
821
212
55
113
1154
404
1091
1755
1050
45
1164
138
1177
1977
246
769
1125
687
664
41
1046
73
953
86
886
845
322
34
1351
705
1710
591
1617
578
222
1994
1509
986
630
646
1005
114
912
127
927
1289
804
891
281
75
359
1119
93
1132
1932
284
201
11
620
887
945
1628
724
1080
760
1026
13
813
1403
918
1005
395
39
266
1039
1839
377
108
21
631
987
773
800
1416
931
408
52
1573
502
113
2175
2216
920
1731
462
1818
2060
614
66
594
684
809
731
1649
1232
169
542
725
1477
579
1181
1325
1208
21
1071
1229
1584
706
1474
1934
1705
239
10
134
152
680
569
1440
72
111
1287
1303
1469
759
668
898
711
296
1167
152
786
282
389
405
571
1657
230
187
602
269
746
112
616
629
663
512
152
1135
527
821
346
758
535
1153
538
323
1048
76
978
68
316
298
1309
822
389
1264
1074
953
190
95
960
2150
1204
1608
1425
1479
281
995
762
219
1510
1048
550
896
1576
1158
544
968
785
1450
543
748
1393
1457
582
801
1336
190
1480
134
656
64
11
468
1301
688
856
1291
789
850
914
1125
1344
793
527
733
937
677
1199
607
554
1011
161
758
1231
4
1312
1399
373
1690
974
1732
741
1261
679
1175
868
10
581
1362
1895
187
809
952
282
1437
1253
1143
1351
792
808
622
765
95
1250
1066
956
1164
605
621
143
527
628
444
334
542
17
1
670
485
301
191
399
160
144
591
1878
2137
237
854
1131
99
1546
259
2374
1283
1006
2038
828
2115
1091
1368
336
263
1024
277
755
540
747
1032
1487
356
1131
580
220
1067
438
576
592
758
1470
43
415
456
559
75
429
120
136
302
1926
499
1015
381
691
1110
885
1005
1021
1187
1041
386
13
1791
687
531
923
279
833
382
632
824
747
1093
158
1624
236
560
1305
291
99
176
170
1507
458
251
684
1971
807
1846
936
2048
2200
1729
2007
2308
167
327
304
1075
1435
318
154
494
137
908
1268
485
321
631
1402
1762
9
173
207
249
1576
456
1369
62
1336
957
99
670
1850
1433
2204
1825
123
431
433
1074
589
66
1471
440
1909
1437
2208
800
34
2226
1647
226
627
1724
2364
2154
342
1031
438
34
737
671
1437
755
176
1245
844
253
893
683
1129
1469
997
1768
360
406
1786
1207
214
187
1284
1924
1714
98
472
299
1109
1875
317
262
1683
1282
185
455
245
1567
771
637
1403
789
210
1211
810
287
927
717
1095
1408
2174
18
561
1982
1581
484
156
54
1866
766
1426
847
574
173
924
1564
1354
458
2192
1613
192
593
1690
2330
2120
308
579
2000
1599
502
138
72
1884
1653
1984
80
69
1030
540
611
888
1421
1020
77
717
507
1305
1074
1405
659
648
451
39
32
309
484
401
1498
2138
1928
116
347
16
2080
2069
326
970
1460
849
1389
1112
83
1097
1737
1527
285
54
385
1679
1668
75
569
1059
448
988
711
1014
640
430
1382
1380
1151
1482
582
571
1172
528
38
649
109
386
1654
210
2022
496
2256
1791
2122
58
69
1812
1168
678
1289
749
1026
1812
1581
1912
152
141
958
468
539
816
231
100
1964
1953
854
1344
1273
996
1295
1626
438
427
1096
672
1001
182
135
793
253
530
2199
1454
454
841
427
513
1106
1923
1278
2008
118
226
490
498
2350
1966
1729
1469
585
1293
1338
672
100
1868
1753
1516
295
724
1244
44
806
811
251
1135
1403
1953
235
538
303
95
1880
663
261
188
1812
1624
133
204
400
1007
464
1764
680
180
1191
1018
1310
1554
72
1720
508
644
118
524
1230
641
193
1448
713
1064
1713
1250
649
186
360
376
542
1686
1246
451
59
392
1383
625
1897
735
1935
2222
210
1577
122
2107
477
828
1765
1143
1724
980
301
1354
1368
2114
1155
163
1428
106
1006
1464
1805
1411
357
242
5
1806
1703
924
139
334
1778
1
236
1144
1904
945
109
112
425
460
467
145
1755
1212
642
513
163
170
836
1469
119
1867
322
844
67
408
815
660
1141
175
980
630
297
369
1002
586
1400
623
850
708
1207
284
304
602
320
1651
169
356
58
28
1263
1326
1767
1865
1127
20
1572
1342
1377
89
1590
351
1127
2025
1692
1026
1981
5
772
985
35
1235
692
604
215
683
350
316
639
1347
570
1598
1068
204
948
864
198
235
760
1153
162
784
911
36
825
683
1720
336
928
323
321
1086
477
1268
1200
599
780
1249
368
651
1171
117
589
428
891
76
471
607
1549
1834
76
668
1823
1347
1085
733
850
1267
363
575
1473
1140
474
1429
557
1127
1271
349
1024
280
875
319
437
728
206
41
1107
185
1229
686
1152
107
1039
13
15
1422
935
68
1636
67
1568
135
1570
163
526
814
1221
1066
1547
1079
581
574
1256
359
1161
845
129
2002
754
3
435
1255
1755
1120
669
269
845
234
1596
635
451
1389
275
886
476
804
1114
251
860
1127
1185
2198
1865
701
1258
1654
1459
1195
864
132
2320
1619
627
1239
961
655
1188
29
1296
1009
1511
593
1010
2073
1176
657
67
969
426
870
961
1010
419
194
225
1356
577
140
625
1933
1496
1981
1965
174
472
171
643
1736
483
1487
914
447
1686
1094
905
1141
2219
1970
930
2169
1577
1388
285
558
1261
396
741
1256
142
155
817
268
972
423
860
456
41
371
202
669
570
93
1661
67
1094
33
211
25
189
1568
436
2131
1698
45
235
433
2086
731
1052
82
2038
382
1787
1670
1896
501
439
1348
430
847
1910
1463
367
749
904
374
15
1175
155
1123
734
426
1278
889
271
389
1549
1389
2031
277
1489
1820
244
233
866
376
447
724
301
1468
1799
265
254
845
244
355
426
703
1167
1498
566
555
377
544
545
54
125
402
202
189
171
1458
436
76
1211
468
799
1265
1254
155
645
574
297
890
725
408
334
1027
1358
706
695
1048
404
86
525
15
262
317
742
619
950
1114
1103
1144
4
494
811
1031
423
146
1059
1361
1692
372
361
402
738
248
382
1300
883
180
69
289
319
596
2183
138
1256
1774
868
1263
172
379
77
1394
1912
1006
1401
310
517
1886
518
388
7
1084
877
492
2073
2084
730
823
115
232
924
198
1256
11
1343
1250
1958
1841
1970
1267
1354
1261
1765
1969
1957
87
93
411
615
498
627
6
504
708
591
720
702
117
109
226
555
3
2225
717
1096
1954
1383
1340
1402
1059
53
1488
84
79
1663
789
1254
1104
61
594
566
592
159
260
396
1002
365
1112
1435
1404
1073
1378
2076
51
1567
175
699
234
384
1549
894
922
896
1329
1748
1092
486
1853
376
8
1169
31
331
672
1455
163
1579
705
1170
1020
145
510
482
508
75
344
312
918
449
1028
1412
235
150
142
8
218
655
627
1173
878
278
1325
210
921
506
1377
362
28
518
223
377
670
266
149
722
293
546
251
349
698
417
294
121
750
265
606
716
110
1477
711
876
1711
431
704
255
779
483
67
1168
709
818
1418
371
1486
588
775
1190
319
1334
700
1204
724
1663
1721
314
658
1230
1180
857
41
41
898
2086
951
107
979
740
1237
818
983
1818
538
22
219
2248
2211
517
900
1135
1979
1103
1548
1514
817
778
1465
1686
117
295
923
118
261
1362
566
1291
858
498
789
412
189
807
192
632
1270
910
377
223
395
220
220
1047
687
600
618
3
443
1665
1305
18
615
175
1050
690
597
440
2034
1022
1043
256
435
45
731
996
1233
1261
422
723
1468
52
187
664
643
223
49
787
1478
1088
312
47
190
218
1465
320
425
991
1230
1707
994
691
301
475
740
977
1005
678
467
1212
204
443
920
207
390
1166
1431
1668
1696
13
1158
1903
487
248
229
484
776
1041
1278
1306
377
768
1513
97
142
619
94
265
502
530
1153
8
737
679
918
1395
682
237
265
1418
273
472
944
1183
1660
947
28
1655
510
235
1181
1420
1897
1184
1683
538
207
1209
1448
1925
1427
1212
1145
1890
474
235
242
256
471
745
671
910
1387
889
674
9
859
2189
1415
1019
1330
556
160
553
390
1470
1685
536
1488
143
666
1135
163
175
1342
232
48
1223
496
662
1566
703
906
114
1968
1022
173
1175
1010
903
1783
929
1800
1816
1100
1982
246
1787
727
1300
1420
858
651
718
940
297
1209
680
120
57
941
817
735
1117
1068
1084
813
1395
453
70
1357
808
620
521
1616
758
333
610
422
168
334
1894
416
1703
901
386
1064
163
1450
171
1116
1712
538
735
308
203
1732
230
72
595
1251
1305
145
1207
1543
336
1162
1109
2271
1576
1115
1148
320
2290
134
329
195
855
99
1722
36
320
1021
22
454
29
74
23
762
1568
2293
792
2031
2089
2309
1050
1660
2095
1162
7
2170
391
628
1536
1610
507
829
93
327
462
1949
1092
1051
1990
1222
836
1803
1292
1699
1544
2025
1301
1793
1059
96
1003
1823
1485
318
1892
1612
620
1644
1638
1507
1734
139
768
100
551
651
721
1204
684
1266
56
1835
189
1443
164
746
2195
1660
514
215
945
1146
1626
353
962
1229
1287
882
298
738
304
177
363
186
307
1556
1867
566
1590
1584
1301
277
283
408
1475
924
1024
1018
275
1432
451
100
6
1299
1426
457
94
1293
403
296
1077
455
1220
557
1859
165
1845
344
1583
1392
602
1647
502
1789
714
441
1722
57
180
1745
259
1109
1368
1024
308
50
308
396
88
689
1364
524
385
619
413
572
206
1191
985
637
16
1236
1587
1252
1603
351
226
436
600
520
171
573
349
922
373
54
234
68
14
969
1459
309
194
43
1854
302
219
281
1909
1923
450
2218
122
2103
1866
55
1690
934
2145
976
737
1234
77
1946
442
1504
355
372
625
997
871
165
76
2042
923
232
1046
638
128
1673
47
1371
353
1059
117
643
123
1278
802
408
187
136
781
761
1467
525
1051
285
870
394
595
272
733
1150
772
23
795
526
522
953
1218
787
1861
1048
853
427
170
261
813
195
1475
1645
1214
2288
1280
723
757
178
483
106
305
437
844
689
377
72
60
467
312
528
198
569
1301
1317
1483
745
430
275
526
1232
1142
616
90
754
745
144
490
346
629
1945
1951
676
2239
155
2101
1107
1225
2148
647
1886
1658
110
5
242
2053
421
1396
906
1403
517
754
634
1044
371
1678
263
1415
131
648
1145
188
1491
364
1403
209
2023
2221
198
931
1938
1788
86
287
1910
265
771
1926
150
1852
1651
415
621
1776
143
195
1362
212
68
1702
1438
533
1501
870
909
1941
885
2117
1081
74
201
880
275
866
916
650
1050
435
803
95
1141
520
975
578
2104
43
1478
523
935
1113
336
672
1531
899
1289
951
216
1358
1078
1008
1133
927
523
431
45
191
146
1054
142
1240
1196
186
1382
1853
1983
130
1277
534
541
860
1774
589
1462
1401
373
812
61
155
854
605
1334
699
659
1208
108
549
767
1316
741
237
613
376
2006
135
1871
1700
690
4
704
664
387
164
1696
686
700
660
391
160
996
14
40
1091
540
1036
26
1051
500
2087
1077
551
1536
526
231
1066
1607
1046
296
1008
900
953
1157
303
22
1593
1571
943
193
322
1698
1403
1310
1224
1554
1821
54
223
52
1628
1639
1875
1598
1769
193
182
277
106
1682
1693
171
1405
1416
1230
1576
1587
346
11
357
1419
32
1028
406
377
439
685
204
433
29
845
1091
1455
1620
391
156
175
1195
225
222
845
1400
22
816
1062
1467
804
425
660
661
746
379
591
594
29
584
794
675
243
174
1237
328
1483
1123
246
422
1298
558
671
906
133
837
840
217
338
1040
418
480
1620
416
1204
673
59
552
12
289
394
1344
1738
438
137
682
32
470
169
714
100
1328
452
1428
552
876
495
448
1014
1167
634
1462
1615
186
333
175
698
153
1648
1328
410
827
1890
1801
861
1100
603
256
89
822
806
345
1078
1062
733
717
16
1759
789
1091
776
1088
132
1693
1543
315
2179
229
1981
1223
1378
1228
1446
1864
544
1666
908
555
486
636
418
2408
198
956
854
470
320
245
174
103
1922
1772
1990
2210
1452
288
438
220
758
1369
1385
594
185
1551
677
407
488
1140
229
573
652
259
1061
911
1713
802
151
461
875
672
747
310
724
823
911
499
1225
414
669
1133
296
1639
175
1547
723
962
465
222
634
259
498
1
958
121
1464
228
1585
473
115
1691
806
885
1400
447
866
208
431
639
272
222
1784
1923
50
1512
1651
1562
1701
139
1672
1688
1854
374
126
1546
1562
1728
500
978
309
50
442
2234
228
1792
1357
537
2006
214
101
2127
649
1469
1221
1165
646
976
1622
717
1327
1347
35
610
20
1292
711
630
805
564
87
1152
283
872
1312
682
1468
444
450
581
260
1621
592
434
1213
143
395
27
597
1361
1958
828
609
1028
31
1823
489
1290
1826
593
591
2
1032
834
832
694
2
140
138
2144
1202
360
175
330
599
463
479
764
402
753
220
842
712
1027
1172
440
1595
1252
130
185
936
171
1357
1450
119
1106
625
1780
251
1724
1035
758
1442
529
315
177
516
449
869
121
505
231
420
328
56
680
748
364
1100
982
230
384
352
598
614
736
122
722
480
152
1250
468
75
360
874
954
970
1136
1092
885
726
1839
1855
2021
207
159
1680
1696
1862
366
883
578
1861
55
310
2300
650
1376
340
1650
726
1066
924
2280
748
713
231
840
1107
1461
189
466
277
336
573
1514
766
2259
1493
626
1594
649
32
1052
582
57
945
1562
542
1012
1537
617
403
67
592
1132
1821
1654
2148
746
386
2139
2115
728
730
32
1760
5
294
461
33
1369
1729
24
1387
1385
2083
355
2110
1093
926
1420
18
342
1411
2
696
1032
723
1091
924
1418
16
344
1409
698
1030
725
1789
1622
2116
714
354
2107
1943
26
2227
1728
1397
842
27
1387
1807
772
1107
61
106
388
1014
1374
1473
1592
31
1750
1265
379
742
331
886
1755
341
79
956
1816
1649
2143
601
741
381
2233
163
1786
2134
1624
1553
1276
1414
1834
1763
2090
1852
2081
1710
2201
1702
1371
816
1781
746
438
111
349
120
491
499
830
1385
420
1455
392
719
481
809
710
339
200
66
852
435
628
555
129
148
410
625
947
1274
1036
1265
894
621
297
120
1183
965
70
1480
402
729
491
673
1033
720
420
1900
18
309
71
1093
1453
1552
300
1035
848
715
1017
1344
1106
1335
964
691
227
190
1253
665
563
102
282
929
1211
563
100
30
761
1032
295
533
130
791
1062
265
1324
661
271
1056
1595
932
1327
268
395
413
768
290
1283
1310
294
9
536
173
583
760
55
835
913
515
993
27
989
1274
747
1110
700
2043
1338
448
2196
542
1020
1016
1301
774
1137
727
2070
1365
475
2223
474
4
285
242
121
289
1054
349
541
1207
759
281
527
164
574
769
64
826
922
232
246
363
47
1296
591
299
1449
595
828
117
604
796
410
933
228
662
1086
584
185
1238
293
1014
1206
1343
638
252
1496
994
1528
105
1050
329
137
1745
705
1567
1595
153
823
785
983
868
631
1180
600
345
376
568
955
890
858
356
931
1910
1165
910
1676
1146
439
157
838
67
42
1798
243
1164
858
729
1249
1490
1060
545
667
1532
1415
1266
1163
1458
290
285
1563
1748
408
586
865
222
817
1309
1681
50
1991
584
890
258
688
1203
216
333
482
290
671
795
495
544
528
799
217
1159
1162
883
502
1450
860
581
430
1182
656
41
275
517
244
1706
557
274
835
212
898
156
1947
1430
842
178
255
1458
296
1102
285
41
279
489
564
320
210
1062
920
1427
735
328
483
1172
60
2023
895
1215
206
1009
2086
1860
2304
910
392
1298
903
1994
2064
584
161
676
532
745
1260
1116
515
371
144
914
1916
534
290
1033
610
534
1144
941
249
107
45
115
1485
1708
326
303
216
427
433
211
972
629
477
916
419
1501
332
1422
126
389
1834
1212
68
801
388
413
295
264
31
198
670
1448
50
778
620
1398
1808
138
522
1919
1670
1286
111
384
1781
1397
862
703
100
382
195
72
803
321
508
775
738
29
133
482
295
28
1220
453
615
187
454
1033
266
1593
428
267
766
1
1326
161
869
1884
148
451
2046
1015
721
418
1177
1736
1433
162
303
1898
1595
1136
1263
188
1045
813
67
594
1295
1261
131
574
234
1161
1032
926
857
1001
255
782
1107
1073
57
762
46
973
844
1783
1858
1112
1639
250
216
914
1619
811
116
13
75
746
219
2108
2074
944
239
1047
1974
1845
671
527
1362
1328
198
507
301
1228
1099
144
1889
1855
725
20
828
425
1755
1626
2033
34
1164
1869
1061
1464
134
263
1999
1130
1835
1027
1430
100
229
869
166
1321
705
103
300
1030
901
164
871
2026
808
405
1735
1606
972
403
927
798
1899
129
1770
893
20
92
462
565
961
414
955
96
460
64
343
686
343
1951
2198
799
910
437
171
8
588
137
1209
574
578
1750
116
945
4
1176
690
371
1172
694
367
1866
805
1061
36
506
20
253
2243
486
434
448
182
231
882
616
203
266
679
413
1476
17
1
2063
1306
1203
103
1103
1004
2200
1897
99
1097
794
1196
893
303
1980
856
1358
808
625
696
480
1321
1105
216
26
102
76
1561
103
1710
1664
149
1813
127
1148
1824
277
717
150
1425
138
1946
994
844
431
1132
1159
952
1991
649
1342
823
807
128
495
412
337
127
338
1313
808
802
285
524
422
279
518
1630
935
312
395
470
680
469
2120
1615
1609
1092
1331
1229
1086
289
695
623
540
465
255
466
1185
680
674
157
396
294
151
646
1318
83
158
368
157
1808
1303
1297
780
1019
917
774
23
1235
75
285
74
1725
1220
1214
697
936
834
691
106
1160
210
1
1650
1145
1139
622
861
759
616
181
950
211
1440
935
929
412
651
549
406
391
1161
1651
1146
1140
623
862
760
617
180
405
490
505
511
1028
789
891
1034
1831
100
15
6
523
284
386
529
1326
106
21
517
278
380
523
1320
623
538
239
137
6
803
384
299
102
245
1042
486
401
143
940
629
544
797
1426
1341
307
918
972
323
1890
1241
649
864
465
630
178
307
1229
830
168
653
44
223
281
818
916
357
583
956
227
837
373
810
254
1183
119
1064
1184
1671
487
721
142
1279
878
219
859
649
1163
872
52
598
1439
45
899
1358
1593
1014
407
6
1091
1731
1521
291
820
1470
567
917
27
486
773
194
1227
826
271
911
701
1111
650
1387
97
847
1306
123
456
1877
1476
379
261
51
1761
2037
553
1497
1956
66
1405
374
1843
1371
2142
734
32
2160
1581
160
561
1658
2298
2088
276
1484
540
81
1550
79
1110
359
113
658
750
1516
676
97
1324
923
174
814
604
1208
944
1403
606
865
166
1303
831
1602
194
572
1620
1041
380
21
1118
1758
1548
264
459
147
1324
293
1762
1290
2061
653
113
2079
1500
79
480
1577
2217
2007
195
626
505
1182
374
1736
207
752
1512
1671
1307
1704
1022
1790
396
517
160
648
714
815
270
490
649
285
682
768
1464
844
1054
531
1355
865
1381
847
215
420
534
363
721
188
750
912
162
1805
796
1074
278
1071
750
1560
1016
928
186
544
88
830
632
742
1374
1595
1025
1689
456
1268
784
251
285
664
569
243
241
1276
740
1233
421
905
1940
1404
812
328
707
171
484
1519
983
1035
499
536
569
829
514
421
306
523
820
727
2092
307
967
588
270
301
1204
1511
237
616
1474
903
902
762
1122
1573
1096
804
822
730
202
631
160
121
50
227
1664
653
339
1337
992
998
469
996
1217
352
174
454
587
208
376
531
845
620
841
728
550
78
963
584
155
1000
465
686
883
705
77
1118
739
117
149
32
586
824
483
1264
1410
1307
440
103
1747
578
1850
343
501
121
464
1126
380
68
130
1999
1396
124
2258
1457
1150
1229
1119
2131
2152
343
1382
1778
2290
1183
1196
2324
153
756
2028
106
695
1002
923
1033
21
1809
770
374
138
969
956
172
1656
1053
219
1915
1114
807
1485
1703
1858
886
776
1788
439
1039
1435
1947
840
853
1981
291
1629
894
2166
32
833
1140
2315
1061
1787
1171
159
1264
908
512
1107
1094
34
816
213
1059
1075
274
33
888
1208
46
64
948
199
595
13
1141
803
535
200
1072
1062
261
46
1221
1091
33
1178
118
693
77
935
170
186
582
978
1128
664
325
2227
1663
1280
928
2200
66
867
1174
1259
149
278
123
2203
1095
1809
41
1821
156
393
2204
1205
2101
956
2243
193
64
2176
397
634
1298
1542
942
546
69
871
570
301
35
578
1226
759
642
1692
1164
629
403
528
1063
1289
535
761
226
724
55
506
895
78
150
575
167
909
959
1210
1109
384
792
50
251
1360
635
1043
301
1236
301
628
22
530
1369
929
650
98
1997
279
552
1347
831
1899
1068
776
2085
46
1850
328
1588
1260
155
16
310
75
1268
525
992
604
326
59
1252
541
1008
620
1110
385
1578
215
682
294
1193
600
1067
478
679
136
1793
2260
715
1872
467
1078
79
2124
2147
388
1324
781
797
933
1875
2160
1557
430
1176
53
1073
603
217
103
129
346
357
560
232
760
947
187
636
43
27
1766
139
2089
23
66
50
1789
116
2112
25
608
1179
950
1423
212
70
229
244
967
1109
473
738
880
1211
1353
142
960
889
612
816
683
133
846
627
1636
1024
392
1903
1057
1276
267
879
1511
79
416
495
406
1221
1335
1719
815
929
1313
114
498
384
74
339
595
1097
1053
794
710
623
1156
724
776
432
122
73
203
195
260
1029
110
525
385
952
409
356
1302
1291
1547
145
101
158
242
329
204
1676
1728
1384
830
879
749
1147
1212
77
842
427
1337
1361
1308
350
70
186
1506
1462
1203
1119
1032
1565
315
367
23
531
482
612
214
149
1438
519
934
24
53
1711
17
239
1453
1409
1150
1066
979
1512
368
420
76
478
429
559
161
96
1385
34
466
881
29
1658
909
1641
1897
205
249
508
592
679
146
2026
2078
1734
1180
1229
1099
1497
1562
273
1692
1192
777
1687
749
603
1277
1329
480
350
28
513
776
963
980
620
677
1470
666
263
910
1015
470
518
1739
1756
1396
99
2246
110
1039
1686
1791
306
258
17
343
1640
507
1629
700
53
52
1433
1481
360
1657
490
1646
717
70
35
1450
1498
1297
850
1286
357
290
395
1090
1138
2147
11
940
1587
1692
207
159
2136
1207
560
455
1940
1988
929
1576
1681
196
148
647
752
733
781
105
1380
1428
1485
1533
48
2065
1754
747
509
1239
1007
238
492
1245
730
515
1463
618
230
76
930
1682
804
878
1502
995
686
1681
354
909
698
250
555
1256
715
730
1159
623
948
604
1141
1468
941
318
1889
1571
381
1545
1773
418
582
74
492
508
258
1072
5
512
1947
156
273
1057
131
1674
1215
1405
796
529
471
562
117
692
1223
1305
82
827
18
247
1014
1914
925
89
989
698
429
1290
1943
1832
600
1433
210
2134
1036
1343
1232
833
390
1534
436
510
399
1223
701
397
1733
1622
1924
826
191
302
1098
907
796
492
225
1172
612
435
267
947
387
210
923
1921
998
2048
1311
108
1692
458
1666
1234
1208
2137
2022
1785
26
2354
754
818
133
1600
1536
2221
64
685
621
173
484
652
63
487
1163
1172
1243
818
110
547
550
1100
1109
1180
692
660
3
309
234
1650
1659
1730
990
1647
9
80
1457
999
1656
946
164
1824
71
1236
1528
1070
1727
173
1307
221
871
1306
420
149
1480
788
560
148
1083
1331
521
1235
1852
1756
1402
96
354
1067
100
1060
1160
1329
967
960
1060
1229
7
100
269
93
169
262
761
654
1144
198
400
1103
246
607
682
232
1376
430
168
1335
478
839
450
1934
972
1684
962
712
250
1080
400
180
336
220
156
64
42
93
16
1734
1697
109
1641
1604
1750
1713
37
855
665
857
781
388
1807
164
1683
447
745
601
285
704
101
446
547
1111
287
609
754
1398
502
357
896
1041
145
297
409
154
885
399
1127
1935
852
513
227
841
321
1579
12
1899
96
1264
1567
1480
970
1803
1716
38
616
1168
1384
1258
1773
450
1244
503
17
565
69
863
623
381
360
880
298
794
1486
1867
1126
606
1188
692
645
44
299
536
142
633
684
1505
896
825
548
1172
63
38
775
884
1328
1248
737
846
1290
1210
109
553
473
444
364
80
155
177
491
1330
1236
314
1821
1727
1507
927
94
1413
1223
712
1095
874
121
675
1081
960
447
141
1007
735
397
770
804
524
1128
1002
419
1187
1100
654
552
768
642
1157
1066
44
2272
2223
578
2253
2166
412
1708
1167
165
2233
1319
2068
321
1316
520
914
865
430
1477
192
114
673
238
1285
306
979
593
544
500
132
942
324
405
81
1920
532
939
784
527
1150
421
841
723
303
1578
370
1396
312
414
1335
102
921
1023
506
1410
1753
391
1086
620
755
1097
649
385
923
740
848
1533
1497
463
75
108
466
832
377
476
106
370
27
234
207
463
1345
619
306
572
33
1953
663
192
1695
915
1426
1595
242
53
123
884
1447
612
295
70
831
1394
559
1126
761
563
272
1689
1324
835
854
489
362
117
727
1564
1202
1447
837
1106
1525
223
1313
1901
1678
508
314
902
1758
1013
615
200
1255
821
971
1653
351
588
907
939
1495
7
556
743
890
147
756
769
864
215
1370
914
118
900
252
903
199
233
134
39
1118
2273
1102
681
775
361
145
140
1547
50
98
796
14
1166
1201
11
1113
21
435
651
656
751
746
782
370
405
785
317
761
347
131
126
1533
36
1152
1187
3
1099
391
805
1021
1026
381
1116
35
1155
53
338
752
968
1063
465
684
217
624
469
950
421
659
1238
296
686
1063
950
1361
399
744
525
1567
2241
335
219
1291
880
1842
1497
1716
1584
1401
1260
27
674
77
1906
2022
212
2016
615
1989
488
1727
892
1026
64
409
190
1358
1420
1100
1592
116
731
1142
180
525
306
1171
1035
93
192
1474
1536
83
792
1661
534
622
856
652
1502
130
451
1018
358
615
378
141
409
604
436
295
27
168
576
1198
336
1899
72
1005
1907
2118
1623
799
2209
541
284
495
824
586
1082
1108
1319
1410
258
302
91
1668
1366
1577
1312
417
695
637
996
168
588
1949
220
58
469
49
811
605
315
1021
273
905
324
681
81
573
1316
873
791
109
322
1192
1056
238
285
1236
1341
1477
771
523
394
914
332
828
1521
465
18
395
447
377
1143
70
1266
40
1400
156
522
1440
314
69
504
105
372
430
209
1462
526
455
642
652
187
199
956
431
811
300
320
740
511
825
20
440
627
1322
1235
1164
1171
1169
1059
498
671
1557
1570
2213
1728
1205
1134
2035
436
271
1079
594
328
37
901
1397
2040
1555
1032
777
476
502
1063
1165
979
444
489
137
1179
1127
76
743
1659
1809
1976
920
2229
1686
1860
1349
1756
1601
2082
59
1880
1542
375
1949
1669
1144
888
1791
1474
521
36
1171
953
914
117
347
498
185
748
966
156
738
1557
1563
1458
969
809
591
1401
819
6
99
588
815
597
1407
825
105
594
710
492
1302
720
489
183
1309
276
1492
93
1136
739
447
906
89
707
83
514
656
364
822
249
218
1021
240
476
597
970
1253
961
1420
425
1221
746
725
438
660
408
1144
732
1987
777
2009
163
1748
22
1232
1846
261
1824
614
1585
138
1099
371
509
728
1561
550
1084
1007
249
162
993
1020
824
723
13
1269
1182
27
1844
297
670
1728
374
575
82
662
1817
1547
369
911
950
45
1041
288
902
382
972
2091
964
1629
885
270
468
1649
1311
144
1718
1438
567
1722
1685
1446
1118
37
999
239
1332
879
276
84
1629
91
212
1008
161
281
51
847
120
69
727
514
433
268
246
165
783
603
524
74
1366
1369
569
210
297
866
507
209
172
381
1672
161
959
524
676
1385
1126
141
1583
1531
302
818
383
535
1244
985
1442
89
1744
624
1059
907
198
457
1851
1722
504
69
777
2226
1791
945
435
1281
846
1272
162
2267
176
1633
1369
1605
1799
429
478
2111
1847
2007
2083
2277
49
2338
536
1688
1981
2225
1617
1340
978
1700
1625
393
6
634
448
2259
1027
640
1779
1082
1177
55
442
1791
477
972
118
134
985
1660
223
1630
1119
1116
649
971
783
248
723
535
1001
1330
1325
623
359
444
357
554
1516
749
206
829
1384
6
886
394
176
911
1451
841
1263
559
135
1878
1491
1700
1409
79
44
1767
731
424
666
1933
30
86
912
2068
55
442
233
524
1314
1854
1977
1267
1903
456
2019
1021
165
1848
1461
1670
1379
589
49
74
636
116
882
1047
966
579
788
497
293
833
956
52
459
304
785
181
1336
246
998
620
404
398
267
83
351
19
1015
408
996
597
1098
664
609
1372
1981
160
846
984
51
1357
1248
1397
279
1606
1223
6
241
1517
511
798
172
719
973
1369
1408
109
40
1636
249
1408
402
56
295
1742
370
1409
1172
1089
156
264
1299
149
1527
358
1098
1557
551
93
146
1891
221
1558
1321
759
1013
1409
1448
1676
209
1002
119
1125
1583
1871
1822
215
1897
118
355
943
228
1313
1885
1766
760
302
355
2123
2008
1771
40
942
622
968
1222
1618
1657
77
1466
1165
1710
342
1124
823
1368
717
1808
1091
1415
173
179
1782
301
419
1023
187
66
521
29
763
189
306
1076
46
265
528
725
717
215
277
495
770
260
571
222
1495
53
555
1047
1265
1030
1341
548
216
20
17
235
1821
291
1488
1251
311
154
1288
786
294
76
793
837
711
518
753
406
1362
1247
1010
801
286
684
1315
7
499
1286
717
819
1047
701
855
1736
1011
666
265
1987
1724
2035
950
1547
1996
1001
1797
833
2224
723
1962
1256
1335
1827
1093
62
515
1219
549
434
197
1614
1381
576
712
759
930
1413
391
99
557
16
483
756
786
715
524
1402
25
211
692
226
191
1254
29
686
365
1149
45
140
910
246
238
147
1020
390
762
291
220
452
968
18
1515
1274
562
845
704
797
442
1008
427
1582
1244
727
267
546
756
592
1362
206
690
599
568
1214
923
743
245
910
516
469
693
774
1318
89
252
329
826
755
412
1162
882
1213
756
508
1681
1264
2189
925
1745
1058
1981
676
1690
1882
1805
1687
437
1390
1765
2151
33
41
1357
58
629
294
1011
3
195
118
1250
297
78
464
1654
1728
330
1308
621
1544
342
1454
239
1253
1445
1368
953
1328
1714
404
478
920
355
332
591
611
501
714
300
492
415
375
761
1357
1431
33
20
707
216
986
126
1089
75
117
40
1732
1806
408
1712
1025
1948
643
1657
1849
1772
2118
74
1324
1786
1099
2022
820
1932
717
1731
1923
1846
1398
388
299
624
147
578
534
681
333
525
448
267
1240
245
1041
1081
337
818
380
109
422
1620
625
1193
1899
1421
1830
1287
268
49
717
438
100
1871
1798
81
1939
1581
2115
1445
1717
1858
1500
2034
1421
84
141
358
176
1654
1539
1302
509
217
534
206
66
1836
1878
93
1698
806
1370
1695
452
44
481
1449
484
1436
1593
319
444
1668
111
126
532
1253
274
501
299
1027
633
843
742
1009
82
1753
78
268
872
1425
1748
435
1248
903
126
875
1030
248
141
260
1301
1069
580
552
1828
1483
706
1455
1610
332
721
840
1881
1649
28
1800
1455
678
1427
1582
304
693
812
1853
1621
636
794
50
845
271
1420
448
1351
877
416
960
93
109
110
172
410
1205
400
442
896
1881
851
937
831
716
479
1332
1030
1629
1026
780
1383
1698
769
1289
707
1954
1140
2121
1372
1768
1529
886
640
1558
109
1564
844
1876
795
1355
193
34
1553
525
111
197
790
75
451
174
879
2034
1564
1487
1927
2057
1899
26
431
380
1139
1395
1039
1453
1367
774
1639
1674
267
1113
1390
685
470
1059
77
363
493
335
185
1593
1590
457
962
1376
1290
697
1562
1036
1313
608
547
380
440
570
412
1513
91
17
1402
1816
1730
1137
2002
1476
1753
1548
1610
1048
107
1422
130
28
1953
39
113
688
1532
1946
1860
1267
2132
1066
1606
1883
1678
1740
1178
23
383
1928
208
158
2083
45
1374
1788
1702
1109
1974
1426
1448
1725
1020
135
1925
1468
1970
452
551
137
223
816
49
477
200
405
343
905
2060
209
1002
226
20
754
1069
635
328
852
309
417
373
672
19
473
261
1416
326
691
747
1032
795
914
187
155
279
1242
1192
1766
1223
895
1387
653
502
588
1605
967
346
187
12
987
1468
528
1541
694
60
312
124
1538
527
1987
1542
449
1460
445
4
406
203
1015
274
551
1496
179
272
187
21
1021
103
520
1583
544
1046
727
1215
606
339
281
997
123
333
164
510
617
1408
129
430
380
1279
301
251
420
1193
1133
800
309
164
246
653
498
979
13
1142
782
763
957
323
461
688
2233
1488
1233
1181
1371
1134
797
1436
691
436
384
574
337
837
823
640
748
1004
1757
2295
1291
538
1451
94
1626
104
338
134
984
388
969
500
160
1199
97
518
97
887
485
1167
240
1066
166
192
1079
293
975
432
874
26
521
972
878
461
1232
486
428
234
486
1364
947
1718
914
252
1400
450
33
804
861
662
287
738
1112
695
1466
529
889
510
864
802
407
945
1217
314
1023
1014
1098
681
444
1939
715
22
2077
182
120
259
779
261
400
920
789
545
212
527
118
1591
32
1551
1218
720
265
420
1348
1233
996
815
1030
202
600
209
251
779
195
348
453
1037
464
3
1236
851
455
691
460
1271
335
1409
402
685
285
1154
1789
1168
1463
57
1313
425
108
1121
1356
317
1287
1466
237
2
73
16
1041
71
2089
453
847
405
48
1358
342
330
390
1700
12
129
784
756
1007
407
1454
339
1050
635
1506
491
1501
1029
1372
717
745
494
1094
47
1162
451
866
5
1010
472
900
245
273
22
622
425
690
21
394
477
538
1401
2153
1455
1590
1661
1853
2165
13
839
1331
781
2137
1594
710
1768
1266
1758
1024
131
1976
1398
207
2178
585
1609
1603
1260
508
393
156
1655
438
990
1483
18
1221
993
775
660
423
1388
352
1416
1301
1064
747
1042
921
580
659
431
1337
1222
985
826
876
1028
931
1760
8
107
344
2155
1206
1547
1824
907
2194
431
1090
2031
244
185
300
1393
1278
1041
770
700
105
494
355
240
3
1808
958
843
606
1205
2017
2312
2197
1960
149
33
2050
2345
2230
1993
182
2024
72
1909
1672
139
311
1274
922
746
2335
2220
1983
172
834
1585
2221
837
1436
1233
839
750
1346
635
398
1413
30
948
531
532
751
352
195
1036
997
487
1102
994
987
750
1061
399
895
1074
11
1615
1552
1654
114
2126
1583
1
238
2049
1991
1946
91
2021
242
479
1387
1384
785
234
119
118
1929
522
2290
2175
1938
127
1228
517
1016
1926
499
1409
910
64
1471
72
551
1106
272
608
116
102
955
1027
404
151
1227
347
839
1057
1599
976
421
1799
919
1411
1629
871
248
307
1071
1194
2319
818
2057
2110
1487
932
2310
1482
798
765
288
837
664
575
347
1421
1306
1069
742
628
5
550
828
206
268
792
508
1025
864
830
300
1005
197
600
950
205
50
655
309
118
641
104
359
964
191
832
87
168
773
1321
86
1593
585
295
443
1831
1171
1966
745
1498
1482
884
1404
305
822
157
1318
527
1696
151
1871
903
95
1079
887
268
1063
746
235
642
487
968
500
376
1736
1871
499
183
1224
82
789
1309
727
818
1223
984
792
456
1772
97
161
1892
1608
429
1683
96
141
63
1671
366
1746
33
204
538
135
667
1107
616
221
317
86
1204
1362
1589
1552
943
676
618
277
839
1193
1510
1107
11
169
396
359
250
517
575
1470
354
1713
324
1788
9
246
763
137
2174
62
1841
1604
1499
538
1574
205
32
922
1115
997
782
545
386
1024
360
239
536
1501
611
1168
931
1410
26
625
43
935
1392
2220
46
2193
1697
2222
292
2225
305
148
2185
73
1852
1615
1741
2180
2347
583
834
316
759
643
1139
446
946
904
377
113
1011
787
307
613
1404
1633
50
880
605
1423
804
1453
140
893
1361
1240
46
1796
70
1459
352
91
648
941
1231
879
1371
821
2177
1634
750
1808
1306
1798
2016
1438
40
616
428
1473
59
564
1548
231
6
1007
321
185
757
1042
58
894
486
1616
373
996
1534
884
1421
1443
536
447
91
559
22
630
907
609
570
687
288
1085
447
1198
1904
1228
565
1867
173
1400
610
964
1456
1674
377
284
448
477
8
572
801
410
731
1099
1121
1293
1565
944
281
1583
111
1116
326
98
85
438
717
193
276
1243
1394
1933
1852
2059
939
107
613
46
208
626
122
468
659
472
352
826
497
398
460
111
1456
455
1373
956
107
708
399
1154
1883
442
734
74
1080
1809
368
660
974
386
633
1760
422
1101
1949
478
645
1416
341
1160
1905
498
1866
916
239
57
1719
1103
1848
441
859
296
1662
559
186
1221
803
1958
1006
1588
646
1527
120
600
56
1463
1626
1045
2200
618
885
1164
1374
100
2096
55
1462
1118
596
66
76
431
1017
390
84
1583
1569
472
935
424
128
924
351
116
1123
342
578
719
1322
85
1271
161
880
992
1327
855
1498
746
115
1760
581
109
752
861
1014
1442
970
1875
433
905
2024
198
218
1039
94
1730
354
321
187
926
387
110
339
317
2070
158
1196
82
257
235
1988
240
1045
227
373
674
441
457
270
145
726
289
345
159
741
1047
507
1108
304
514
1114
67
1182
284
471
886
15
1030
396
900
1788
1248
1849
2092
1274
674
1721
606
1504
1317
902
1773
758
1392
888
540
61
1552
734
134
1181
66
964
777
362
1233
218
852
348
601
2153
1335
735
1782
667
1565
1378
963
1834
819
1453
949
562
249
709
337
660
341
305
586
1087
1688
316
756
346
638
394
236
1798
759
147
971
1317
408
228
118
1036
619
444
490
1324
406
823
1886
977
7
1228
310
727
1790
699
706
1572
676
1142
793
1711
1294
231
1270
992
789
129
288
1351
1132
1227
432
1277
481
1263
111
164
700
795
845
49
831
321
268
1056
960
1151
994
371
184
1194
72
1083
88
189
931
1304
1412
1037
258
36
443
701
708
300
513
822
172
1175
994
1997
1003
1034
1226
1221
529
595
224
1305
25
185
1400
937
149
95
1133
561
1119
382
857
1797
2015
200
2091
1891
238
695
1149
973
729
621
1104
1100
984
162
1232
1633
188
1680
79
27
40
241
1712
1738
1837
443
75
831
436
1527
1320
1776
1918
733
2089
156
2039
1173
778
593
108
1581
730
128
337
848
508
1425
458
408
803
988
1473
851
1709
1188
3
1359
574
1309
443
48
1349
137
622
389
30
182
858
2046
861
2217
284
2167
1301
906
721
236
1670
614
698
1595
1554
345
636
756
713
820
1092
996
1187
1030
407
148
1230
428
245
108
1047
1237
441
1223
71
36
124
1064
1500
891
624
566
659
188
427
70
868
1056
1295
798
182
57
440
282
43
540
1309
1312
685
924
427
1464
68
565
1403
1335
838
217
757
260
86
1041
41
456
109
848
1147
368
754
1251
52
904
461
202
704
309
1048
1347
1470
513
1217
1457
401
2205
2103
454
945
1180
418
1190
1383
288
982
822
720
929
1095
113
1917
900
210
1815
166
281
1483
1406
95
1144
612
515
972
404
54
1117
2061
1292
513
518
538
2306
1628
679
617
482
2334
464
93
2049
961
907
156
1100
443
423
1345
282
344
479
497
868
1088
815
525
849
1871
1704
2198
1444
1134
1567
60
2025
1818
995
493
911
1074
668
206
259
109
117
537
501
108
179
456
105
785
34
806
1133
720
642
193
143
676
1448
491
78
449
53
1730
1632
1694
90
1732
747
1098
862
925
843
1099
468
1257
174
256
631
158
457
375
789
332
414
821
666
1147
856
304
782
29
393
643
123
1832
705
859
1266
1111
1592
209
1903
847
1787
1276
1683
1528
2009
1541
1334
1718
58
349
194
675
291
1446
384
755
1151
608
280
772
990
412
195
99
506
351
832
314
541
1236
650
733
193
690
267
343
733
1797
1173
1628
169
455
1189
323
35
372
217
698
757
700
407
1946
54
87
1606
1254
1008
1528
1912
1080
946
1442
1457
489
1511
1370
149
203
449
71
455
377
511
15
1338
1061
1071
861
2076
1392
1550
1897
1432
137
288
1036
179
505
347
2129
465
1760
1609
571
644
40
118
1664
1295
1144
724
1939
1255
1413
369
151
573
1788
1104
1262
520
2000
1440
1778
1811
2289
289
1997
1143
849
511
478
1679
1625
2303
802
2041
1189
669
1251
1734
1172
17
755
1546
1076
1978
994
1186
541
549
923
352
113
407
175
321
699
846
874
401
1630
503
1357
680
780
1093
1096
927
679
1086
931
1412
434
756
894
1121
