2
21
22
264
374
376
385
428
430
432
433
434
435
436
437
438
439
626
639
797
798
799
800
845
846
862
864
865
866
867
870
871
872
873
874
875
876
877
878
879
880
881
882
883
912
915
916
917
918
919
920
921
965
1223
1226
1231
1232
1857
2357
2362
2366
2372
2373
2739
2937
2938
2942
4162
4163
5510
5511
5512
5513
5514
5515
1
1
20
1225
2334
2335
2336
2337
2338
2339
2340
2341
2342
2343
2344
2345
2346
2347
2348
2349
2350
2351
2352
2353
2354
2355
2356
9895
9896
2333
2334
2335
2336
2337
2338
2339
2340
9893
3
2
1
10
18
19
4
3
2
1
17
18
9318
9319
9320
9321
9322
9323
5
4
3
2
1
8
17
6
5
4
3
2
1
2
7
15
7
6
5
4
3
2
1
1
6
14
15
8
7
6
5
4
5
13
2354
9
8
7
6
5
4
3
2
1
1
4
13
2353
8
7
6
5
4
3
2
12
253
254
271
272
276
277
278
279
280
281
282
283
284
285
286
287
288
289
290
291
292
293
294
295
296
297
298
299
300
301
302
303
304
305
306
307
11
9
8
7
6
5
4
3
2
1
2
11
12
11
10
9
8
7
6
5
4
3
2
1
1
9
10
11
781
782
9468
9469
9470
9471
11
10
9
8
7
6
5
4
3
2
3
848
15
14
13
12
11
10
9
8
7
6
5
4
3
2
1
2
16
15
14
13
12
11
10
9
8
7
6
5
4
3
2
1
5
6
17
16
15
14
13
12
11
10
9
8
7
6
5
4
4
5
18
17
16
15
14
13
12
11
10
9
8
7
6
5
4
3
2
1
3
4
2344
19
18
17
16
15
14
13
12
10
9
8
7
6
5
4
3
1
20
19
18
17
16
15
14
13
12
11
10
9
8
6
5
4
3
2
1
1
2
1197
19
896
1900
2341
6830
6831
6832
6833
6841
6842
6845
20
9
1
1195
1822
4268
4273
4274
4275
4276
4277
4278
4279
4280
4281
4282
4283
4284
23
22
21
20
19
18
17
16
15
14
13
12
11
10
9
8
7
6
5
4
3
1
24
22
21
20
19
18
17
16
15
14
13
12
11
10
9
8
7
6
5
4
3
1
3
330
7421
25
24
23
22
21
20
19
18
17
16
15
14
13
12
11
10
9
8
7
6
5
4
3
2
1
26
25
24
23
22
21
20
19
18
17
16
15
14
13
12
11
10
9
8
7
6
5
4
3
2
1
1
27
24
23
22
21
20
19
18
17
16
15
14
13
12
11
8
7
5
4
28
27
26
25
24
23
22
21
20
19
18
17
16
15
14
13
12
11
10
9
8
7
6
5
4
3
2
2334
29
28
27
26
25
24
23
22
21
20
19
18
17
16
15
14
13
12
11
10
9
8
7
6
5
4
3
1
2333
2337
30
29
28
27
26
25
24
23
22
21
20
19
18
17
16
15
14
13
12
11
10
9
7
6
5
4
3
2
1
31
30
29
28
27
26
25
24
23
22
21
20
19
18
17
16
15
14
13
12
11
10
9
8
7
6
5
4
3
2
1
32
31
30
29
28
27
26
25
23
22
21
19
18
17
16
14
12
11
10
9
8
7
6
5
4
3
2
1
1904
5919
5924
5925
33
32
31
30
29
28
27
26
25
24
22
21
18
17
16
15
14
13
12
11
10
9
8
7
6
5
4
3
2
1
1
2
3
4
5
6
7
8
229
230
231
232
233
234
235
238
239
243
244
246
247
249
250
251
294
297
299
300
301
302
303
304
309
311
312
313
314
315
316
317
319
320
321
322
323
2305
2322
2323
2324
2325
2326
2327
2328
2329
2330
2331
2332
2
3
4
35
34
22
1
1
2
3
168
250
273
298
300
301
302
303
304
305
319
2320
2321
2322
2323
2324
2325
2326
2
3
41
45
115
146
758
759
1027
1029
1030
1031
1032
1033
1452
6079
6732
6733
6734
6735
6736
6737
6738
6743
1
6603
6605
6606
6607
1
564
568
569
570
571
572
573
574
575
576
1
2
6
7
9
10
11
12
13
14
15
16
18
21
23
25
26
27
28
29
30
31
32
33
34
35
303
305
306
307
308
309
310
311
312
314
756
936
1448
1449
3157
3160
5015
6724
6729
6730
6731
6732
6733
6734
6735
6737
6738
6739
5
8
9
10
11
12
13
14
15
17
18
20
22
23
25
26
27
28
29
30
31
35
36
37
38
616
3793
3821
7619
8439
26
31
32
33
34
35
36
37
38
4283
6060
8438
8442
9
8
7
6
5
3
2
1
1
2
3
4
6
7
8
9
10
11
12
14
15
16
17
19
21
120
933
1025
3154
3156
3157
3158
6034
6038
6039
6040
6041
6042
6043
6044
6045
6046
6047
6048
6049
6050
6051
10
8
123
124
128
129
130
131
132
133
219
220
222
223
224
225
233
234
235
236
237
239
240
241
289
290
291
292
6713
6718
6719
6720
5
4
4
118
219
220
232
282
284
286
293
294
296
755
918
1000
1757
1954
1956
2752
3127
3130
3131
3132
3133
3134
3135
3136
3137
3138
3139
3140
3141
3142
3143
3144
3145
3146
3147
3148
3149
3150
3151
3152
3153
3
4
5
6
7
8
9
10
11
12
13
14
15
16
17
19
882
9453
915
920
921
922
923
3153
9999
14
13
12
11
10
9
1
2
7
8
12
3092
3093
3094
3106
3107
3108
3109
3110
3111
3112
9983
9984
9985
1
2
3
4
5
6
7
10
12
2
9
9271
1
8
8401
8402
8403
3
2
1
4
1
7
5
4
3
2
1
6
6
5
9
8
7
6
5
4
3
2
1
1
2
709
1761
1763
10
9
7
2
11
5
4
876
878
879
881
883
9
1
13
15
16
17
20
21
6036
6037
6039
6040
6041
6042
6043
6044
6045
6046
6047
6048
6049
6050
6051
6052
24
1
7
5389
5390
5391
5392
5393
5394
8740
3766
3794
8708
8711
1
5383
5388
1
1
3
4
5
6
8706
5
8402
8403
8405
2
1
3
954
955
3293
5784
5785
4
1
8401
8405
8406
6363
6367
6368
6369
6370
482
2967
4550
4593
6034
6037
6038
6039
6040
8
7
6
5
4
3
2
1
1
2
3
4
5
2
8309
8310
5184
6
9
5
6
7
2
1
7
3
2
1
1
2
9171
1
1
2
1
7
1
1
2
3
4
5
6
7
8
9
8719
8720
8721
1
2
3
4
5
6
7
8
9
10
11
12
13
7074
7076
9218
9219
9219
10
1
2
3
4
5
6
7
1
2
4
3
2
1
2
1
1
1
1
2
3
1
1
2
3
4
1
4
962
967
9440
9441
2
1
4
3
2
1
1
9227
5833
5
3
2
1
1
207
9226
9227
9228
902
1370
5043
5824
5827
5828
5829
5830
5831
7
6
5
4
3
2
1
2
3
6
7
8
9
11
12
13
14
16
17
182
7472
7473
7474
7475
7476
7477
7478
7479
7480
7481
7482
7483
7484
7485
9185
9186
4
1
3
6617
6622
2
1
10510
5
4
3
2
1
1
2
3
4
5
6
7
8
9
11
178
1245
1250
1251
1252
1253
1254
1255
1256
1257
1258
1259
1260
1262
1263
97
1
2
5
12
18
19
22
23
44
46
10379
4
7
1
3
2
1
2
7475
7477
4
3
2
1
11
10
7
6
5
4
3
2
2
1395
123
7
6
5
4
3
2
1
1
41
146
176
177
178
180
3034
3036
5726
5732
5733
1393
1395
9
8
7
6
5
4
3
2
1
1
2
11
468
1392
1393
9545
9546
9547
10
7
4
2
1
2
24
25
26
27
28
29
30
31
32
33
34
35
36
755
757
1391
8996
8997
108
1
2
3
4
5
6
16
18
19
20
21
22
23
24
25
26
27
28
29
30
31
32
33
36
38
448
452
453
454
456
458
459
460
461
462
463
464
467
468
752
754
755
757
758
759
760
761
762
763
764
765
766
767
768
769
770
771
2
5
17
18
19
20
21
23
25
26
27
28
29
30
32
33
34
35
36
38
39
1394
3445
110
1
1
2
5
20
1363
1366
1367
1368
1369
1370
1
21
22
23
24
25
36
516
521
753
6454
455
2677
2678
2679
2680
2681
2
3
1
772
9342
4
2
1
4
11
7
6
5
3
2
1
3
5
10
117
9
8
7
6
5
4
3
2
1
1
14
16
22
28
29
31
439
443
444
445
446
447
448
449
450
451
769
772
889
1988
1990
1991
1992
5
4
9187
459
9161
11
5
4
1
1
6
2
9185
7
6
3
2
3419
8
7
4
3
2
1
4
5
420
843
844
846
847
848
849
850
851
852
853
854
855
856
857
858
859
883
884
885
886
887
888
889
926
927
1406
4397
4399
4400
4401
4402
4403
4404
4405
4406
4407
4408
4409
4410
28
16
15
10
9
6
5
4
3
2
1
745
846
847
1356
1358
1
846
847
4678
4679
2
1
845
846
847
4677
4678
4679
3
1
2
3
6
732
734
739
20
1
2
3
4
6
733
835
1412
9524
732
9306
133
3
729
731
9319
9320
9321
3
6
443
498
730
135
1
1
2
3
4
5
1943
1944
1945
1946
1970
1971
9146
9147
138
5
4
2
2
4
5
7
4836
4837
3
1
1358
5710
10336
8
7
6
3
2
1
6
721
726
30
1
3
737
1363
9152
9154
9155
1361
9506
9507
9141
9142
9143
9144
49
94
137
6079
6083
6084
37
36
35
34
13
8
4
1
55
425
431
471
472
486
1351
8182
8184
1350
5910
5912
148
9141
3
15
40
45
46
47
48
49
50
9192
9193
9194
1
1
8
13
1394
5
2
12
37
38
39
40
41
43
44
45
7
3
2
1
2
77
6076
4
5
3153
7572
7575
7576
4
4574
6681
6692
6693
6694
155
58
55
49
48
47
46
45
44
43
38
25
24
23
21
20
18
17
16
9
7
6
5
4
3
2
1
8
33
34
35
38
74
414
415
418
419
422
477
482
709
1341
1344
1345
1350
1388
1389
1390
1391
1392
7
6
2
8
5
4
3
2
1
6678
9
5
35
10
9
8
7
5
1
35
36
1385
10
8
7
6
5
4
3
1
1
9148
12
9
8
6
5
4
6674
6675
6678
6679
6680
6681
65
53
52
51
50
17
16
13
12
11
10
9
8
7
6
5
4
3
2
1
2
26
27
29
31
9129
9131
9132
18
17
25
38
66
1383
1387
1388
1389
1390
3
4
3
1
4
5
6
7
8
9
10
11
12
5
2
1
6
5
3
2
1
2
3
4
5
9150
217
7
4
3
2
1
32
35
36
54
55
58
59
60
61
67
70
71
76
78
79
82
87
88
988
1169
6065
6066
6067
8
9
10
11
12
13
7
11
8828
8829
8777
8778
8779
424
9124
9123
1
5
4
3
2
1
1
2
3
1
2
1
3
4
5
3
2
1
5
4
1
9115
9116
77
42
9130
1
30
36
5673
5674
5675
5677
5678
5679
5680
2
5
9146
1
2
4
5
8988
3
2
1
10330
3
1
6031
6032
6033
4
3
5
4
3
2
1
2
1
59
3
2
1
2
3
4
5
6
9
10
14
15
16
18
68
6025
6030
6033
1
2
3
4
5
6
7
8
9
10
11
12
15
23
24
25
26
27
28
29
30
31
32
33
34
35
36
37
38
39
40
41
42
43
44
45
46
47
48
49
50
51
53
54
62
63
64
65
68
7982
7984
7985
7986
7987
7988
7989
2
3
22
23
24
25
26
27
28
29
32
35
36
37
40
41
42
43
44
45
46
47
48
49
50
63
598
1
1
2
3
4
5
6
7
13
62
5998
5999
6000
6001
1
60
61
62
69
4
2
1
1
2
4228
4229
3
2
39
54
55
71
1522
4
3
53
54
66
1132
5797
10296
10297
5
4
3
2
1
4225
4226
8
6
5
3
2
17
18
21
22
23
24
25
29
30
31
32
35
36
38
39
44
45
48
70
9131
8
7
6
5
4
3
2
1
50
51
52
54
5984
5988
5989
10
9
8
7
6
5
4
3
2
1
1
28
44
49
50
5987
5988
11
10
9
8
7
6
5
4
3
2
27
43
48
49
50
52
769
8435
13
12
11
10
9
8
7
6
5
4
3
2
1
2
52
61
768
1512
1516
1517
14
13
12
11
10
9
8
7
6
5
4
3
2
1
1
50
51
5984
5985
5986
5987
5988
5989
11
9
17
15
14
13
11
10
9
8
6
5
3
2
1
1
2
48
5787
5788
5789
17
16
15
14
13
12
4
3
7528
7529
7533
18
17
16
15
14
13
12
11
10
9
8
7
6
5
4
5
6
7
8
9
10
11
12
13
14
15
16
17
18
19
20
21
23
24
25
26
27
28
29
30
32
33
37
38
41
42
43
44
45
243
242
120
20
19
18
17
16
15
14
13
12
11
10
9
8
7
6
5
4
3
2
1
4
5
6
7
8
9
10
11
12
13
14
15
16
17
18
19
20
21
22
23
24
25
26
27
28
29
30
31
32
33
35
36
43
44
45
46
48
49
1506
2916
9762
21
20
19
18
17
16
15
14
13
12
11
10
9
8
7
6
5
4
3
2
1
47
56
1119
22
21
20
19
18
17
16
15
14
13
12
11
10
9
8
7
6
5
4
3
2
1
1
1498
1499
1504
1505
1506
1507
22
21
20
19
18
16
15
14
13
12
11
10
9
8
6
4
3
2
1
2
3
4
5
6
7
8
10
11
12
13
14
15
16
17
18
19
20
21
22
23
24
25
26
29
33
34
37
38
51
52
53
56
532
6935
1
2
3
4
5
6
7
8
9
10
11
26
27
32
33
9116
84
1
2
3
4
10
25
27
28
5999
7496
7501
1
2
3
9
24
26
30
31
34
8439
1
2
25
26
26
1
5
4
3
2
1
5
20
22
23
5
4
3
4
21
22
7
6
5
4
3
2
1
3
20
21
22
6926
8
7
6
5
4
3
2
1
2
19
20
325
2845
2846
2847
2848
2849
2850
2851
2852
2854
2855
2856
2857
2859
2874
2876
2877
9
8
7
6
5
4
2
1
1
16
17
18
19
7
17
18
5996
12
11
10
9
7
6
5
4
3
1
14
15
17
13
12
11
10
9
8
7
6
5
4
3
2
1
13
14
15
16
14
13
12
11
10
9
8
7
6
5
4
2
1
12
13
14
18
19
15
14
13
12
11
10
9
8
7
6
5
4
3
2
1
11
12
13
14
483
484
485
486
487
488
9184
16
15
14
13
12
11
10
9
8
7
6
4
3
2
1
1
10
11
13
6321
17
16
15
14
13
12
11
10
9
8
7
6
4
3
2
11
12
18
17
16
15
14
13
12
10
9
8
7
6
5
4
3
2
1
8
9
10
11
19
18
17
16
15
14
13
12
11
10
9
8
7
6
5
4
3
2
1
7
8
9
13
14
20
19
18
17
16
15
14
13
12
11
10
9
8
7
6
5
4
3
2
1
6
7
9
10
14
15
21
20
19
18
17
16
15
14
13
12
11
10
9
8
7
6
5
4
3
2
1
5
6
8
9
22
21
20
19
18
17
16
15
14
13
12
11
10
9
8
7
6
5
4
3
2
1
1
4
5
6
7
8
11
12
13
23
21
20
19
16
15
14
12
11
10
9
8
7
6
4
3
2
5
9
10
24
23
21
20
19
18
17
16
15
14
13
12
11
10
9
8
7
6
5
4
3
2
1
2
3
4
5
6
25
24
23
22
21
20
18
17
16
15
14
13
12
11
10
9
8
7
6
5
4
3
2
1
1
2
3
4
1163
1164
1168
1169
1170
1173
1175
5180
5183
5184
23
22
21
2
26
25
24
23
22
21
1
1
2
4193
4199
24
23
4
5
8
5706
5707
25
24
5
1141
30
28
27
26
25
24
23
22
21
19
18
16
15
14
13
11
10
9
7
6
2
1
1
4
2
1141
1145
1146
9360
1
489
498
499
1140
1136
1137
1138
1139
3
1
1135
1
1062
1063
9335
2467
2469
2470
1
1
4
278
2871
4934
4935
4936
4937
60
2
1
1
2
4937
4
716
2463
2465
2466
2468
3
4936
4938
291
172
168
22
9
10
12
14
15
17
18
20
21
22
2868
17
13
1072
1073
1074
70
69
68
67
66
65
64
63
62
61
60
59
58
57
56
55
53
52
51
50
49
48
5
4
71
70
69
68
67
66
64
63
62
61
60
59
56
55
54
52
51
50
49
48
3
4
5
1179
1455
6887
6893
6894
72
71
70
69
68
66
65
64
63
62
61
60
59
58
57
56
55
54
53
52
51
50
49
7
4
2
1
8127
168
166
163
162
161
160
159
68
65
50
27
2
1
1149
2883
6694
6696
6697
6698
6699
1
4
1456
1457
1458
1459
1460
19
3
1456
1457
1461
1462
136
2
1
2
4
4149
4152
4153
3
2
1
315
696
698
702
1668
1907
6214
6216
6217
2
2
3
4
7
746
7017
7018
7019
7020
7021
7022
7023
7024
7025
6258
1
2
619
1825
1826
1827
1828
1829
1830
1
5
3
2
1
9059
4
3
1
1
3
5
4245
10012
10013
8
6
5
4
3
2
1
2
7010
8441
8442
2
737
9220
9221
9222
8
7
6
3
4239
4240
4241
4242
4243
4244
4245
4246
4247
8383
8384
8385
6674
8446
8448
8449
8450
3
1
1
490
502
882
1022
1501
1502
1503
1504
1511
1515
1516
1517
1518
1519
1520
1521
1522
1525
1934
2981
2982
2983
2984
2
1132
1133
1136
8444
5453
5454
5455
326
325
324
323
322
321
320
319
318
317
316
315
312
73
58
36
19
3
2
1
1
423
424
425
435
436
438
439
440
441
443
444
445
446
448
449
1019
1020
1021
1022
1023
1024
1025
1026
1027
1028
1029
1030
1031
1128
9324
9325
9326
324
37
2
5
434
435
437
438
440
441
442
444
445
629
631
1019
1020
1021
1022
1023
1024
1025
2835
8578
8580
3
1
4
5
1257
1265
4710
4712
6
5
4
3
2
1
4
900
901
902
903
904
905
906
907
909
910
912
913
914
915
916
917
921
924
925
926
928
929
930
931
932
933
934
940
941
943
944
945
966
967
968
1005
1008
1009
1010
1011
1012
1013
1014
1015
1016
5
4
3
2
1
2
279
312
6438
8
7
6
5
4
3
2
1
2
1014
1
3511
9823
9
8
7
6
5
4
3
2
1
414
415
416
426
1028
1029
1030
1031
1032
1033
4095
4096
4097
4098
4099
4100
4101
4108
4110
4113
4114
4115
49
12
11
10
9
8
7
5
3
423
425
426
427
428
1010
1029
1096
1097
1098
1099
1100
1101
1102
1103
1104
369
11
9
8
7
6
5
4
3
2
1
3
22
43
59
63
65
67
68
70
71
73
74
75
76
77
78
79
107
182
184
185
187
223
478
1483
5395
6586
6587
6588
6589
337
335
334
333
332
331
330
329
328
327
326
323
208
108
107
106
105
104
103
102
101
100
98
97
96
95
94
93
92
91
90
89
88
87
86
85
84
69
47
40
38
37
36
30
28
27
26
25
24
23
22
21
20
19
18
17
14
13
12
11
10
8
7
6
3
2
2
412
413
414
423
424
425
427
428
429
430
431
432
433
434
435
437
438
439
446
447
448
449
499
619
621
828
845
1008
1009
1010
1011
1012
1013
1014
1015
1016
1017
1018
1019
1025
1026
1027
1028
1034
1117
1118
1418
1628
1630
1671
2404
2575
2804
2826
2828
3866
4508
6625
6857
6990
8474
8475
8497
8498
8503
8504
8505
8506
8507
8508
8509
8510
8511
8512
8513
8652
8654
8655
8734
8735
8935
9288
9313
9314
9315
9316
371
349
338
290
15
14
13
9
7
1
3
4
5
51
55
191
192
193
490
491
3792
4303
7647
7648
7649
7650
16
15
14
13
10
9
8
5
997
20
15
14
13
12
11
10
9
8
7
6
5
4
3
2
619
623
673
674
780
782
783
3457
3484
3486
3487
3488
3489
3490
3491
3492
3493
3494
3495
3496
3497
3498
3499
3500
3503
3504
3505
3506
3507
3508
3509
3510
3511
3512
3513
3514
3515
3516
3517
3518
3519
3520
3521
3522
3523
3524
3525
3526
3527
3528
3529
3530
1
2
11
9015
179
2662
3737
3753
9904
3
3742
3747
3748
7
4
3
1
5
119
3734
6188
7516
7520
7521
5
4
3
2
3
4
5
6
9
45
48
49
118
119
120
3733
3734
3739
3744
9
6
5
4
3
2
1
1
2
3
4
5
6
40
42
46
106
107
7526
7527
7528
6
5
1
3
4
2653
2654
2655
2656
2660
2661
2662
2663
2664
2
3
5
6
7
143
7504
7612
9
2
7501
7
5
4
2
1
1
2
3
110
186
354
356
7607
7608
7609
7610
7611
7612
7613
7614
4162
9953
9955
9956
3
1
3725
9889
5
4
2
1
1
7518
7523
7524
3
115
2627
2628
2629
2630
7517
1
1
2
3
15
129
2627
3346
3348
2
1
127
128
129
130
131
132
133
134
2626
2628
9022
131
8795
8796
8797
8798
13
4
34
48
49
50
126
8996
3
1
1
125
9012
3
124
128
131
156
4893
4905
7
6
4
3
2
1
15
20
127
129
7496
7498
17
8
6
5
4
3
14
27
123
124
125
160
1247
2626
9605
13
9
8
7
3
2
1
66
122
123
153
199
2620
2637
3125
3126
3127
3128
3129
3130
3131
3132
3133
10
9
8
5
4
120
121
9013
9014
24
12
11
10
9
8
7
6
5
4
2
1
118
120
121
181
2619
9598
33
21
12
11
10
8
6
5
4
3
2
1
1
2
4
13
22
117
118
119
120
121
123
145
2617
2633
6130
5
3
2
114
116
117
121
12
7
5
13
101
103
116
837
952
2862
9662
36
14
8
7
6
5
4
3
2
1
2
3
4
98
103
153
1246
1249
1252
1253
1254
1255
1257
1259
1260
8494
8495
8496
8497
8498
8499
8500
8501
8502
11
2614
4139
9930
9931
17
12
5
1
54
59
97
98
99
112
116
151
307
1255
1259
8593
8594
6
4125
11
10
114
117
118
119
120
121
122
123
124
125
126
127
128
129
130
131
132
133
134
135
136
137
138
139
140
141
330
42
40
21
20
19
18
15
14
13
11
10
9
8
7
6
5
3
2
1
1
2
39
52
82
108
109
110
111
112
113
114
115
116
117
129
141
144
145
146
147
149
150
151
152
153
154
155
156
157
158
159
340
1207
1222
1223
1224
1225
1226
1227
1228
1229
1230
1231
1232
1233
1234
38
35
34
32
18
2
3
16
17
18
19
20
21
23
24
25
28
29
31
32
34
36
37
48
56
61
69
70
74
75
76
77
145
8998
8999
18
14
12
11
8
7
107
108
4132
9921
43
40
34
33
1
3
10
2620
2621
2622
2623
39
38
37
36
35
34
5
2616
2617
2618
2619
2620
2621
2622
2623
2624
2625
42
41
38
37
35
4
2
1
3715
3716
3718
3719
3720
3721
417
46
43
41
40
39
38
28
27
11
840
2625
3694
3695
3697
3698
37
33
32
1
2842
2845
2846
2847
45
36
42
41
3
1489
1490
1493
7885
8497
8498
8499
8501
50
43
41
5
1
72
77
3691
3692
3695
3696
47
45
4
3691
52
49
48
47
46
45
44
43
42
41
40
35
26
21
19
11
9
8
7
6
5
4
3
2
1
1
2
4
5
6
7
8
9
11
12
13
19
20
21
22
63
67
75
76
489
2608
2609
2611
2612
2615
6143
6147
6148
6151
6152
6153
6154
6155
1
2608
2609
7077
7078
7080
7081
7082
7083
54
8882
8883
51
49
3687
51
43
1
2
7
19
69
70
3715
3720
3721
3722
1
7612
7613
7614
7615
3
2
1
2
4
4
3
2
1
13
15
3718
6
5
4
3
2
1
1
6
5
3715
8
7
6
5
4
3
2
1
1
2
3
4
5
9
11
1931
1935
9
8
7
6
5
4
3
1
8
10
10
8
7
9
6115
11
10
6
5
1
1
9
7
3
2
1
13
12
8
7
4
6
14
12
11
10
9
8
7
6
5
4
3
2
1
3
5
7908
15
14
13
12
11
10
9
7
6
5
4
3
2
1
16
15
13
12
11
10
9
8
5
4
3
2
1
1
15
14
13
12
10
9
8
7
6
5
4
3
2
2
3703
20
19
18
17
16
15
14
13
12
11
10
9
8
7
6
5
4
2
4019
9878
1
1
2
24
25
26
27
28
369
79
2
3
4
14
110
111
112
114
115
116
132
133
134
135
136
137
138
139
140
141
142
143
144
145
146
147
148
149
150
151
152
153
154
155
3
1
1
3
4
11
22
23
31
1
2
12
7081
7082
7083
1
6364
12
288
292
295
296
297
298
5
3
2
1
7
171
183
184
185
3286
3287
3288
3289
3290
3291
3292
6
5
4
3
2
7
6
5
4
3
2
1
1
5
9
10
9
8
7
6
5
4
2
5
6
7075
7076
7078
11
10
9
8
7
6
5
4
3
2
1
1
4
5
7
10
9
7
6
5
4
3
2
13
14
17
19
21
12
11
10
9
8
7
6
5
4
3
2
1
2
3
21
7077
7079
20
420
405
308
299
298
297
296
295
294
293
292
291
290
289
288
287
286
285
284
283
282
281
280
279
278
277
276
275
274
273
272
269
264
257
250
128
15
13
1
8
127
129
169
170
452
474
481
482
483
558
560
561
562
563
564
16
8468
8469
8470
8471
15
14
13
12
11
10
9
8
6
5
4
3
6
107
8472
8473
8474
17
16
15
14
13
12
11
10
9
8
7
6
5
1
3
8937
8938
20
19
18
17
16
15
14
13
12
11
10
9
8
7
6
5
4
3
1
2
3
4
5
12
13
14
8941
21
20
19
18
17
16
14
13
12
10
9
8
6
5
4
3
2
1
8915
22
20
19
9
8
5
4
8921
8922
22
21
18
17
16
4
8
6343
6345
6346
23
1
2
3
5
2073
2074
2075
2088
2089
2090
1
2
3
5734
5739
967
9192
9193
8320
1
5162
10054
66
30
29
28
20
19
17
10
9
7
6
4
3
2
101
114
8930
29
6
1
1
2
3
4
1
5484
7994
7996
8
3
1
3
2
105
101
97
1
108
106
104
1
8904
111
66
2545
9514
111
79
77
76
75
74
73
72
71
70
3
1
2
2775
6079
6080
6081
6082
121
116
113
112
71
7743
7746
119
118
117
115
113
76
71
68
67
43
67
68
69
70
71
7526
116
115
114
113
112
111
76
73
72
69
68
5
3
2
1
2
3
3622
3626
3627
3628
114
111
115
107
8883
8898
3658
3659
8897
124
121
120
119
118
116
115
102
96
88
77
74
73
9
1
2
1155
1156
1157
2531
2766
6809
6810
122
119
117
116
115
96
83
15
11
2
3
4
1150
1153
1154
1155
123
116
16
2
3621
3626
122
121
117
113
99
1
2
3
2519
9497
9498
114
2
7
9934
1
4041
118
3
2
4
3
2508
2513
2527
8681
8684
123
112
104
8
6
3
4024
4025
4027
4028
4029
4030
4031
4032
4033
4034
4035
4036
4037
4038
4039
61
2506
4545
9917
9918
9919
11
10
8
7
6
5
4
3
2
1
1
2
3
4
5
8493
8494
1
1
8470
127
2
3
4
1129
4025
9815
6673
6676
6677
6678
2
4401
1
3
27
28
4
2490
5
24
25
8911
4766
4767
4772
5
9
4763
9971
3
1
8419
2
1
8880
4
139
8
7
6
5
4
3
2
1
4749
4750
4752
4753
4754
4755
4756
4757
4758
4759
4760
4761
4762
4763
4764
9
8
141
13
10
9
8
4
3
2
3
8900
143
12
11
10
9
8
7
6
5
4
3
2
1
2
1166
4748
4749
4750
4751
4752
4761
4766
4767
4768
4769
4770
4771
144
13
11
10
9
8
4
5
6
1165
4750
4752
4753
4761
1
2
1
3
2
1
18
19
1
4524
2
3
4
8619
8621
8622
7350
7351
1
7346
7349
7351
3981
7339
7345
7347
107
35
2
3
4
5
6
1096
1146
6543
6545
6546
6547
6548
6549
6550
168
167
56
54
51
36
186
683
9059
189
1
5
4982
4983
4990
4995
4999
5000
5001
5002
5003
5004
522
190
1
2
4
5
6
6834
481
1
2
8859
8860
8861
1
526
3
670
6830
6831
6832
197
118
75
11
8
4
1
213
4974
4975
4982
4983
4986
4987
4988
198
119
76
8
7
2
3
14
7433
7434
7435
7436
1
1
2
3
4
5
8
2482
9438
2
1
16
168
170
171
172
7429
7430
7431
7432
7433
7434
7435
7436
7437
7438
2
1
3
2
1
2
7
6
5
4
3
2
1
2
3
4
3
130
129
128
127
124
121
116
114
113
112
111
110
10
8
11
14
16
171
175
176
177
178
179
180
181
182
183
184
188
4050
4055
11
1
2
3
4
6
7
7419
7420
7421
7422
7428
2
1
1
2
3
4
7
1
3
4
2
155
175
2609
2610
2611
2612
2613
9459
9460
124
146
147
148
149
3957
3962
9746
9747
172
12
11
10
1
2
1
8847
8848
8827
8828
8828
6228
8022
4
5
2537
9418
9421
9422
9423
1
6
2
1
7
3
2
1
1
2
3
1
2
5
6
7
1
4
3
2
1
411
4
5
6
7
6673
6677
1
2
3
5
1
2
4
2520
2521
2522
2523
2524
2525
2527
2528
2529
2530
2531
2532
2533
2534
1
2
4
3
2
1
7966
2222
426
1
2
1539
3600
3601
3602
3603
3606
3615
3617
437
436
427
425
1
3
7
296
337
927
8139
8140
8141
8142
488
489
490
491
492
493
494
495
497
4569
9865
462
449
447
438
431
1
739
972
6421
7478
7479
7480
7481
7482
7483
5
4
3
163
164
334
393
492
8136
574
466
465
464
463
462
461
457
444
443
442
441
440
439
438
437
432
430
426
324
6
5
4
3
2
288
289
290
291
1533
1536
1537
1538
3045
3046
3048
3051
444
55
60
8793
595
472
471
470
469
447
437
424
11
10
9
8
7
6
5
4
3
2
1
1
2
3
4
5
61
2562
3529
3544
3545
3546
3547
3548
12
11
7
7851
7853
1
3570
8792
8794
2
7543
7546
475
451
450
428
1
2
3
6
8
9
290
876
4348
4349
4350
22
32
33
34
35
36
37
38
39
40
41
4348
1
4
3
2
1
2
4
5
7
9
5
3
2
1
2
3187
3198
3214
3215
4231
5350
5351
8787
8637
8638
8639
8640
8641
1
485
10
8
7
6
5
3
2
4
5
8784
3
8790
13
12
6172
6173
6174
6596
6602
6603
6604
2
466
3
2
1
2
3
4
5
6
7
494
472
471
470
469
468
467
447
197
33
26
25
23
2
3
4
7
8
9
10
11
12
13
468
1468
1469
1470
1471
1472
1473
1474
1475
1476
1
4885
473
8674
246
887
1752
5748
5751
1
3
4
7931
7932
7933
7934
7935
7936
7937
7938
1445
1450
2
1
1444
1449
1451
8772
8571
8572
8573
8574
33
28
7
9
8535
8536
8537
4
1
2
3
6643
1
2
8768
8769
8770
8771
1
8
4
3
8527
14
5
7935
12
11
7
6
5
3
2
1
1
2
3
8759
8760
4219
9713
1
4218
4219
6405
659
657
175
6
2
1
3
11
12
13
14
16
18
67
163
543
562
814
827
828
834
2349
4215
4217
4219
4220
4221
4222
4223
4224
4225
4226
4227
4228
4229
4230
4231
4232
4233
4234
4235
4236
4237
4238
4239
4240
4241
3
2
1
4
3
2
1
1
4215
4
5
3
2
5
2
7
6
5
4
2
1
4
9
8
7
6
5
4
3
2
1
1
2
187
1
28
4214
200
188
119
2
1
2
5
25
26
27
28
3
2
3
2
4
5
4
3
2
1
1
4
5
2
5
7
8
9
19
4
8741
26
22
9
3
8736
2
4
1
2
1
2
3
2
1
1
5
4
3
2
1
4
6
5
4
3
1
7
6
5
4
3
2
1
6
5
4
3
2
1
2
3
8721
8721
7255
7261
9930
9931
154
150
2
1
1
2
3
4
5
6
151
8718
156
152
4
1
1
3886
7
7
3
2
8
1
3
8711
8712
7895
7897
18
19
20
21
22
23
24
13
14
15
16
17
8545
8547
8548
1
7
13
5
761
1
8707
8708
2
1
1
1
2
3
8695
8696
1
2
1
4
3
2
1
1
2
3
4
7
8
1
2
3
4
1
2
1
4697
4701
4702
8175
495
480
468
1
2
3
4
5
6
8
3715
3723
496
481
448
1
2
4
5
6
7
8
9
10
7678
7679
7680
7681
7682
7683
7684
7685
7686
482
1
2
3
4
5
7
661
709
2498
2499
2500
2503
9287
2
3
4
5
1
2
3
4
6
413
6737
6739
6740
2
1
1
1
8691
8692
6
5
4
3
2
1
2
678
472
8
7
1
2060
2065
2066
434
11
9
8
2
1
1
2
3
699
2064
2066
2067
2068
2069
3
3
4
5
6
9
11
675
689
693
4
1
1
2
3
4
5
8
688
692
693
477
5
2
668
670
671
672
673
677
7880
1
2
4
1
2
3
7
2
1813
1815
1816
1817
1818
1819
1820
1
1
4445
4450
4453
4454
4
6161
6162
6164
6165
6166
8
7
5
4
3
2
1
1
4
804
10
9
7
6
5
4
3
2
6569
9850
806
447
12
11
9
8
7
5
4
3
2
8224
8233
487
464
2
3
4
5
6
7
8
9
10
11
12
13
14
15
391
392
3358
1
2
3
4
5
7
8
9
10
11
12
13
1
1
8667
2
685
3
1
688
689
6
5
4
3
2
1
8671
1
1
2
5
6
7
1
4
5
6
7
8
9
10
11
8656
8656
3
1
1
3
2
1
2
3
4
5
6
7
8
1
392
1
2
14
7559
7560
1
8
12
27
28
31
33
8648
4
3
2
1
1
2
3
9
10
11
377
382
1526
1527
1528
1529
1530
1531
1532
1533
1540
4669
4673
1
2
3
4
6020
6021
6022
6025
6026
9700
5
4
3
2
4
7
9
5835
9762
1
1
2
380
381
382
383
385
1523
1528
5
7
386
9147
3
1
7957
7958
7959
20
11
10
7
6
5
3
2
1
1068
1069
1070
1071
1072
1073
1074
1075
1076
1077
1082
1083
1089
1091
11
10
9
8
7
6
5
4
3
2
1
2
3
380
1378
1381
4264
9613
11
3
6
5
4
1
8635
8636
15
12
11
10
5
4
2
24
1004
1017
1018
1019
1020
1021
1022
859
503
15
12
10
8
7
5
3
361
364
368
369
370
371
372
373
374
375
376
377
393
398
3110
3890
9361
9362
9363
9364
9365
9366
9367
231
16
14
8
368
374
1515
1800
9088
9089
19
18
17
16
15
14
13
12
11
10
9
8
7
6
4
3
2
1
1
374
378
2192
2193
2195
2197
3301
8334
8335
8336
19
3
4
6
8
1395
3110
3297
3300
3301
3302
3303
3304
3305
3306
3307
3308
3309
3310
3311
3312
3313
3314
3315
3316
3317
3318
21
20
19
18
17
16
15
14
13
12
10
9
8
7
5
4
3
2
360
361
362
363
364
365
366
367
368
369
370
371
372
374
375
376
377
378
379
380
381
382
383
384
17
2
1
2
3
4
6
7
1381
1386
1387
1390
1391
1392
1393
6505
6508
6509
6510
6512
2
1384
5852
9360
9361
9362
9363
9364
9365
5
2
1
3
4
1390
1392
1393
3
3959
6510
9787
869
836
835
7
5
3
2
1
1
333
1073
2070
2073
2076
2119
2066
2067
2068
2069
2070
2071
1
10
4443
4447
4448
2
1
4
8
348
3
2
1
4
3
2
1
2
5
4
3
2
1
1
5
6
5
4
3
2
5858
7
6
5
4
3
2
1
9
8
7
6
5
4
3
1
1917
1918
1919
1920
22
23
24
27
28
30
37
36
11
10
9
8
7
6
5
4
3
2
1
341
976
983
1491
1492
1493
1494
1495
1496
6543
6544
6545
6546
6547
6548
6549
38
12
11
10
9
8
7
6
5
4
3
2
1
8622
8623
8624
3
2
3
4
12
18
20
21
22
23
25
29
885
40
14
13
12
11
10
9
7
6
5
4
3
2
1
1
2
3
11
15
17
18
19
20
21
22
23
25
27
1
3087
9
336
3086
6558
6561
3085
4
3
1
1
3079
3084
3507
3509
3513
3514
4
2
12
13
3083
7
6
5
4
3
1
8020
8021
8022
8
7
6
4
3
2
1
4
5
365
367
952
3081
9327
12
9
8
7
6
5
4
2
1
3
4
7
9
11
12
13
14
16
18
10
9
8
7
6
5
4
3
2
1
6
41
33
30
29
28
27
26
11
10
9
8
7
6
5
4
3
1
4
320
3078
3571
4218
4222
4223
4224
4225
4226
4227
4228
3077
13
12
11
10
9
1341
8980
8981
14
13
12
11
10
9
8
7
6
5
4
3
2
1
2
15
944
946
8093
8094
899
92
35
34
33
31
28
27
26
25
24
23
22
21
20
19
17
16
15
14
13
12
301
302
303
304
306
307
308
309
310
311
312
313
314
315
316
317
318
319
320
321
322
8588
20
17
16
15
14
12
11
10
8
7
6
5
4
3
2
1
2
7369
7371
7372
7373
7374
7375
7376
7377
7378
7379
7380
7381
7382
7383
7384
7385
7386
7387
7388
7389
7390
7391
7392
7393
7394
7395
7398
7399
7400
7401
7402
7403
7404
21
1
2
3
4
5
6
1
1672
1
25
3
2
1
2
4
8602
26
3
2
1
2
5
4
1667
1660
9018
9019
9020
3
8598
474
3
6616
6617
6618
477
468
441
436
7511
7513
362
2960
3213
4808
4810
4811
70
1
2
1004
5946
5947
5950
5951
5953
5954
5956
5960
5961
5962
1
642
7491
7493
7494
7496
7497
7538
7539
1
2
3
8592
249
886
8573
2
676
884
885
886
5
2
735
734
7458
7459
7460
781
2312
4257
4261
4262
4263
4264
762
733
730
726
725
2310
2311
2681
2683
2685
2686
5496
8569
8566
8567
2
1
2
4
1
5
8563
779
778
777
776
775
774
773
772
771
770
769
761
610
320
1
534
539
1418
1895
1897
1898
1899
1900
907
905
904
903
902
901
900
791
781
780
779
778
777
775
774
773
772
771
770
769
768
767
766
765
764
763
762
761
760
759
758
757
740
733
726
611
318
317
315
314
313
310
274
20
19
18
2
1
1
2
3
4
5
6
7
8
9
10
11
12
13
14
15
16
17
18
19
906
273
7226
7228
7229
7230
7231
7232
7233
1491
5284
5286
5287
5298
5299
5300
5301
839
764
605
322
438
592
593
594
595
596
597
598
599
600
601
602
603
604
605
869
2117
2118
2122
2123
2124
1
3230
6502
6503
6506
8566
8567
8568
1
8566
8567
765
321
647
652
8566
585
20
5
6
8
9
10
11
12
13
14
796
795
764
622
39
839
840
841
842
843
844
845
846
847
8559
337
144
145
146
147
148
149
150
151
4901
4905
4906
4907
4
19
1
1
2
1
8553
4
10
2
4
6
5
1
1
2
7
3
2
9
4
2
2
8
3
1
1
3
2
1
8026
1
2
1
2
8541
633
632
622
6
4
3
2
1
1
2
16
136
171
172
174
175
176
177
178
179
180
5175
5176
5183
5184
5185
5186
5187
5188
1
2
3
5
6
7
8
9
10
11
12
13
14
15
16
17
18
4
5
6
7
8
75
1
17
19
22
23
5
4
3
2
1
1
2
4
5
7
7968
7970
7971
7972
7973
1
2
963
1
3
2
1
4
3
2
10
6
5
4
3
2
1
958
8521
8522
1
6486
6487
6488
6489
1
16
12
1
2
3
17
13
8522
16
13
12
11
6
5
2
3
4
8518
18
2
3
4
8097
8098
5
3
8689
8977
1371
1375
842
426
3
843
4
1
952
844
5
1
2
3
2186
3
1
4826
4828
4829
1
6095
6104
6114
6115
6116
6117
6118
1
2
4
5
6093
6094
6095
6096
6097
6098
6099
6100
6101
6103
6104
6105
6106
6107
6108
6109
6110
6111
2
6110
1
1
7655
8502
7653
7654
7655
8501
8502
8503
8504
8505
999
115
5
3
1
1
968
2176
2179
2180
2181
2182
2183
2184
2185
2186
2187
2188
2189
2190
2191
2192
2193
2194
2195
7200
7201
227
226
9
8
5
963
4522
4525
4526
4527
4528
4529
4530
4531
864
706
85
10
9
8
7
4
3
2
1
1
2
3
4
5
6
7
8
9
10
11
12
13
14
15
16
17
18
1
1
8517
6077
978
12
8486
8487
8488
8489
8490
8501
8502
8503
8504
8504
8511
8506
881
2
3
4
5
6
5977
5981
5982
5136
5137
921
2
3
4
5
6
7
8
9
10
11
12
13
14
15
16
17
19
20
21
22
23
922
1
1
2
3
6
7
8
9
10
11
12
13
14
15
16
17
1
2
3516
5009
5012
3510
3511
3512
1
2477
2478
2479
473
513
5702
1
8502
8503
1
8498
8497
8489
8490
1
8488
10
2454
2465
2466
2467
2468
4
5
8495
8490
1
2654
2
1
7
3
2
1
3
2
1
1
2
5
4
3
2
4
2
11
10
9
8
3
1
1
1
2
1
2
2
1
3
1
1
4799
4801
4802
1
1
2
1
2
8480
8481
3
8481
8482
8470
1
2
4750
4751
4752
4753
1
8466
3
2
1
4
3
2
1
5
4
2
1
6
5
4
3
2
1
4534
4536
4537
4538
7
6
5
4
3
2
1
1
10
1481
1487
1
2
4
5
6
7
18
23
24
3199
3200
3205
3207
3209
3210
3211
3212
2
2
3
6483
1
4
3207
4836
4837
4838
4839
4840
3
3356
1
3187
3191
3192
3193
3
3192
9186
5
1
8
6
3190
3191
3192
3193
1
11
2586
4506
4834
4837
4838
3210
3211
8450
8450
16
15
14
13
12
11
10
9
8
7
6
5
4
3
2
1
1
2
3
4
16
14
13
11
8
1
5
17
15
4
5
7367
7368
281
19
970
3283
3285
3286
3287
3288
3289
3290
3291
3292
3293
3294
20
18
5
4
3
3
3
18
4
7178
916
776
668
558
168
157
23
22
21
19
18
16
15
14
13
12
11
10
5
3
1
1
2
3
4
5
6
7
8
9
10
11
12
13
14
15
16
8445
8446
8447
8448
8449
509
505
477
19
1
1269
1289
2675
2677
2678
2679
2732
4826
5928
5930
5931
5932
5933
5934
5935
2708
2712
1
7947
7949
7950
8449
19
4802
4803
4804
21
5110
5111
5112
5113
5114
5115
5117
5118
5121
2682
7034
7037
7039
7040
35
1
2341
4805
1
2
2243
8927
8928
8929
8930
8931
8932
8445
1
1
4
6
13
14
15
16
17
18
19
20
1
2
3
4
7
9
10
9
3
8441
5
4
2
1
1
3
4
5
1
7
8
1
1
2
3
4
5
6
1
2
3
4
5
1
2
3
4
1
2
3
1
2
1
393
323
1
8421
8422
8423
8424
394
2
1
395
3
2
1
2
396
3
1
1543
8757
1
1441
1442
1443
1444
1445
1446
1447
1448
1449
1450
1451
1452
2
6888
6889
8407
8408
327
1215
1214
1213
1212
1211
1210
1209
1208
1207
1206
1205
1204
1203
1202
1201
1200
1199
1198
1197
1196
1195
1194
1193
1192
1191
1190
1189
1187
1186
1185
1184
1183
1182
1181
1180
1179
1178
1177
1176
1175
1173
1172
1171
1168
1053
1012
953
952
951
950
949
948
947
946
945
944
943
942
940
939
938
937
935
934
933
932
931
930
929
928
927
926
925
924
923
922
921
920
919
918
917
916
914
913
912
911
910
909
908
907
906
905
904
903
902
901
900
899
898
895
894
888
887
885
883
882
881
880
879
878
877
876
875
874
873
872
871
870
868
866
865
864
863
862
861
856
362
353
351
350
349
348
346
298
13
38
172
173
174
175
176
177
178
179
180
181
183
187
248
573
706
1039
1120
1121
1122
1123
1124
1125
1126
1127
1139
1140
1141
1142
1143
1144
1145
1146
1147
1148
1730
1774
1956
1981
4223
5638
5647
5648
5649
5651
5814
6012
6145
7429
7517
7520
7522
7912
7913
7914
7915
7928
8090
8444
5843
5844
5845
340
1
2
3
5
8409
8410
8411
8412
341
342
1
8406
343
2
1
1803
7592
7593
636
5759
5761
5762
5763
2
636
1424
8722
3
8
29
1149
1150
1151
1152
1153
1154
1155
1156
1157
1158
1159
1160
1161
1162
4
1
6
1437
6223
6226
5
6222
5
3
2
1
632
642
1116
5756
5757
5758
5760
5761
5762
5763
5764
378
7
4
3
2
1
640
5619
5624
6253
6254
5
1144
1145
1146
1150
1
2
3
386
378
1
2
8389
382
9
2
1
1
4
5
1779
8764
8765
391
390
387
385
6162
9421
8761
8255
15
14
13
12
11
9
620
625
626
629
630
631
632
1
1
4521
761
764
765
766
767
768
770
771
772
773
774
775
776
777
778
779
780
781
782
783
784
785
786
787
387
385
388
386
6
1
1
390
388
12
11
3
2
1
2
3
5619
5623
4
402
15
1
3666
3777
6619
6624
6625
6626
1
19
3
2
1
2
3
84
85
8617
1
78
79
83
84
2
3
4
5
6
7
8
9
10
11
12
13
14
15
16
17
18
19
20
21
22
23
24
26
27
28
29
30
31
32
33
34
35
37
39
40
64
68
77
78
80
82
2739
1
2
3
4
5
6
7
8
9
11
13
14
15
16
17
18
19
21
22
23
24
25
26
27
28
29
30
31
32
33
36
65
77
81
82
83
84
85
86
87
88
89
90
91
8007
8008
8009
8010
8011
8012
13
14
15
39
41
42
43
108
1
1
12
13
14
15
16
7247
2
11
12
13
14
15
3
2
1
1
10
11
12
13
14
15
17
4
3
2
9
10
11
12
13
14
16
108
5
4
3
2
1
4
6
8
9
10
11
12
13
14
15
6
5
4
3
2
1
3
5
7
8
9
10
11
12
13
14
15
7
6
5
4
3
2
1
2
4
6
7
8
9
10
11
12
13
14
105
8
7
6
5
4
3
2
1
1
3
5
6
7
8
9
10
11
12
13
14
15
104
9
6
5
4
6
7
9
11
103
10
9
8
7
6
4
3
2
1
1
3
4
5
6
7
8
9
10
11
12
13
11
10
9
8
7
93
100
4500
4510
12
11
10
9
8
7
6
5
4
3
2
1
1
2
3
4
5
6
7
8
9
10
11
12
13
3
4
8363
8364
1
2
3
1
2
1
17
16
5
4
3
2
1
19
18
17
16
15
5
4
3
2
1
20
19
18
21
20
19
18
17
1
90
91
22
21
20
19
17
16
15
13
8
7
6
5
4
3
90
23
22
21
20
19
17
16
14
10
9
8
7
6
5
4
3
2
1
6022
6024
23
22
21
20
19
18
17
16
15
14
13
1
79
8350
25
24
23
22
21
20
19
18
17
16
15
16
86
87
26
25
24
23
22
21
19
18
17
16
15
14
12
11
7
6
5
4
3
2
1
86
26
25
24
23
22
21
20
19
18
17
16
15
13
12
8
7
6
5
4
3
2
1
4458
4459
9246
28
27
26
25
24
23
22
21
20
19
18
17
16
15
14
13
12
11
10
9
8
7
6
5
4
3
2
1
5
84
29
28
27
26
25
24
23
22
21
20
19
18
17
16
15
14
13
12
11
10
9
8
7
6
5
4
3
2
1
4
30
29
28
27
26
25
24
23
22
21
20
18
17
16
15
14
13
12
11
10
9
8
6
5
4
3
2
1
3
31
30
29
28
27
26
25
23
22
21
20
19
18
17
16
15
14
12
11
10
9
8
7
6
5
4
3
2
1
2
32
31
30
29
28
27
26
25
24
23
22
21
20
18
14
13
12
11
10
9
8
7
6
5
4
3
2
1
1
3
71
80
33
32
31
30
29
28
27
26
25
23
21
20
19
18
17
16
15
14
11
6
936
36
34
33
31
30
29
28
27
26
25
24
23
22
21
20
19
16
15
14
13
12
11
10
9
8
7
6
5
4
3
2
1
1
72
73
5058
5060
5061
5062
5063
35
34
33
32
30
29
28
27
26
25
23
22
21
20
19
18
17
16
13
12
8
7
6
5
4
2
938
38
37
36
35
34
33
32
31
30
29
28
27
25
24
23
20
18
12
10
9
8
7
6
5
4
3
2
1
1
2
3
4
5
6
7
10
43
45
54
60
61
65
66
67
68
4464
4478
3
1
2
4
2
1
1
2
3
4
8340
4
3
1
1
2
23
7032
7033
7034
5
1
946
936
46
45
44
43
42
41
40
39
38
37
36
35
34
33
32
31
24
23
20
19
18
17
16
15
14
13
12
10
8
7
6
5
4
3
2
1
1
18
19
26
59
64
4467
4468
4469
4470
4471
4472
4473
4474
4475
947
46
6
5
1
18
19
20
21
22
23
24
25
26
27
36
37
55
4428
7
6
33
39
40
44
49
50
2690
2692
34
11
10
9
8
7
3
2
1
1
2689
950
51
50
48
37
24
23
12
11
10
9
7
6
5
4
3
2
4463
951
49
36
25
13
12
11
10
9
7
6
5
4
3
1
1
2
8326
8327
8328
952
52
51
50
49
48
47
46
45
44
43
42
41
40
39
38
37
30
29
25
24
23
22
21
20
19
18
16
14
13
11
10
9
8
7
6
5
4
3
2
20
4462
4464
4465
4466
4467
7
4
3
53
15
14
13
12
11
8
7
5
4
3
2
1
2
11
13
15
17
18
19
20
21
22
23
24
25
26
27
2684
2685
960
959
958
956
955
954
953
951
950
949
948
947
946
945
944
56
55
54
53
52
51
50
49
48
47
46
45
43
42
41
40
30
29
28
27
26
25
24
23
22
21
20
19
17
16
15
14
12
11
10
9
8
7
6
4
3
2
1
1
10
11
15
17
50
51
52
53
58
439
1919
2848
4451
4453
4454
4458
4459
4460
4468
5186
5189
5190
5191
5192
5193
5194
5195
10
7
6
5
3
957
57
55
54
53
52
51
50
49
48
47
46
45
44
43
31
29
28
27
26
25
24
23
21
19
18
17
16
15
14
13
12
11
8
7
6
5
4
3
2
1
15
4459
9223
9224
9225
958
52
45
36
32
30
24
12
9
8
7
5
4
3
2
1
8325
8326
959
59
12
11
10
9
8
7
5
4
2
5
6
7
8
9
10
11
12
13
14
15
16
22
21
20
19
18
17
14
11
10
9
8
7
6
5
3
2
1
2678
961
61
59
35
34
23
21
20
18
17
16
15
14
13
12
10
9
8
7
6
5
4
3
2
1
1
4
5
1913
5183
1314
1291
1289
1281
1162
1158
1154
1121
1062
1061
1060
1059
1058
1057
1056
1054
1052
1048
1047
1045
1044
1042
1041
1040
1037
1035
1034
1033
1032
1031
1030
1029
1028
1027
1026
1025
1023
1022
1021
1020
1018
1017
1016
1014
1013
1012
1008
1007
1004
994
992
991
990
987
984
983
962
956
954
699
695
533
532
531
530
529
528
109
36
16
13
12
11
10
9
8
7
6
5
4
2
68
69
71
72
73
97
133
145
617
619
1524
1530
3025
5707
5711
5712
5714
7062
7628
7629
7655
7656
7702
7703
17
14
13
12
11
10
9
8
7
6
5
4
3
2
1
1
965
957
698
63
58
45
37
36
31
29
27
1
2
3
39
40
41
42
43
44
45
46
47
52
4422
4423
4424
4425
4426
4427
4428
4429
4430
4431
4432
4433
4434
4435
4436
2
1
1
969
21
4
3
2
1
7645
7646
970
22
5
4
3
2
1
5181
5182
5183
5184
5185
5186
23
6
4
2
1
7643
7644
972
72
71
70
69
68
67
66
65
64
63
62
60
59
58
57
56
55
54
53
52
51
50
49
48
47
46
45
44
43
42
41
40
39
38
37
36
35
34
7
6
5
4
3
2
1
7177
7178
8
6
4
3
2
1
974
73
9
8
7
6
5
4
3
2
1
28
10
6
5
4
3
2
1
1
8304
2
1
2
1
4
3
2
1
7584
7587
7588
81
80
5
4
3
2
1
3
4
15
16
8304
5
4
83
6
5
1
1
2
16
19
2
3
4
5
6
7
11
12
1
1
2
3
4
5
1
2
3
4
5
9
8288
8289
2
3
4
5
1
1
2
3
5
6
2
1
2
7
6
5
1
9
17
15
12
3
2
1
1
2
3
1
3
8293
3
4384
5145
4381
4383
4384
4407
9170
9171
9172
9173
4382
8279
1
8278
110
99
97
8274
7410
391
4637
4638
1
2
1
1353
1352
1349
1348
1339
1309
1205
1061
785
781
780
779
778
357
354
154
1970
1979
1984
1985
1986
1987
1988
1989
1990
1991
1992
1993
1994
1995
1996
1997
1998
1355
1353
1346
1345
1341
519
1
1
2
3
4
5
6
1557
1356
1355
1354
1353
1352
1351
1347
1342
1
2
7361
7362
7363
7364
7365
7366
7367
7368
1357
1356
1348
1347
1343
1
4703
4708
1358
1357
1349
1348
1344
3650
3651
3652
3653
3664
1382
1359
1357
1129
1128
1111
1110
1107
1106
1105
1104
1103
1102
1101
1100
1099
1098
1097
1096
1095
1094
1093
1092
1091
1090
1089
1088
1087
1086
1085
1084
1083
1082
1081
1080
1079
1078
1075
1057
1
2
1383
1369
1360
1358
1130
1129
1112
1111
1108
1107
1106
1105
1104
1101
1100
1099
1098
1097
1095
1094
1093
1092
1091
1090
1089
1088
1087
1086
1085
1084
1083
1082
1081
1080
1076
1058
1
8266
1359
1385
1360
1351
1192
1126
1113
1110
1109
1108
1107
1106
1105
1104
1103
1102
1099
1097
1096
1093
1091
1090
1089
1088
1087
1086
1085
1078
1075
1060
1059
1058
1057
1056
1055
1054
1053
1052
1036
458
450
3
2
89
917
3057
3059
3060
3061
3062
3064
3066
3067
3068
3069
3080
7742
7746
7748
7752
7753
1386
1133
1132
1124
1115
1114
1111
1110
1109
1108
1107
1106
1104
1103
1102
1101
1100
1099
1098
1096
1094
1093
1092
1091
1090
1089
1088
1087
1086
1085
1084
1081
1080
1079
1076
1075
1063
1037
615
4
3
1
1
2
5
6
64
67
1058
1054
1038
616
606
603
602
601
2
4
5
86
3095
3096
3098
3099
1135
1126
1116
1113
1112
1104
1097
1096
1090
1087
1086
1078
1077
1056
617
616
615
614
613
606
605
591
589
582
581
1
1
2
5
6
22
23
24
25
26
41
42
43
44
45
46
47
48
49
50
51
52
53
54
55
56
57
58
59
618
617
2
618
16
1096
1094
1082
1125
1126
1127
1128
1129
1130
3
1
1
2
3
6
2
1
8246
8247
8248
8249
4
1
1
3
6
9
10
5
2
1
6418
6419
7
6
2
3
4
1
12
2
8736
1
4
13
14
15
16
17
8237
2
1
1
2
3
4
7305
3
2
10
11
12
5
32
8
7
6
5
4
3
2
1
1
2
3
4
8232
8232
1
1
8233
8234
8235
1
8226
1
2
1
1
2
419
1
8210
5
8208
8208
3
8207
8208
6
1
2
8206
8207
2
1
3
2
2
8201
1
1
5
8213
8214
4
8211
3
2
14
9
8
7
6
5
4
3
2
1
5
5545
2
6513
9184
9185
1
7223
2
1
679
5
3
2
1
6
1494
1137
1135
1134
1127
1124
713
712
711
709
700
699
697
696
695
694
693
692
691
690
689
688
687
686
685
684
683
682
681
680
679
98
97
96
95
6
5
4
3
2
1
1
2
3
4
8196
3
4
5
6
7
1
4
4
1
1
2
3
1
1446
4
1
2
3
5
6
7
3
8186
8182
7246
9
8
7
6
2
1
1
2
1
3
1
2
3
4
5
6
8176
1
2
1
2
1372
1371
1357
584
509
508
2
1
1355
577
1831
4838
6070
6072
6073
1375
1
1
2
3
3606
3619
5945
8158
8158
263
1352
1
6885
1358
2
1
2
1392
1390
1388
1365
1361
1359
1358
1357
1356
1355
1353
1352
922
3
2
1
2
3
4
5
1363
1361
5
6
7
1628
6594
6595
7072
7073
1
8
3
2
1
1
2
3
4
5
6
7
8
9
10
11
12
13
14
15
16
17
18
19
20
21
8124
1
24
23
2
1
1
2
1
2
3
4
5
6
1
2
1
2
1
3
4
2
1
1399
679
4
980
976
5
6
7
3858
3859
3860
3861
3862
8099
8
1
1
2
8107
8108
471
7459
7460
7461
7462
7463
7464
15
2
7456
7457
4
3
2
1
1
2
5
7456
8095
8096
2080
2081
2084
2085
2086
2088
2089
2090
2091
2092
2094
1262
8
7
6
5
4
3
2
1
1
3
8
7454
8101
846
8094
8095
8096
8
7
7633
7635
7636
1431
971
11
7
4
3406
3408
3409
3410
3411
3412
3413
3414
8
7
5
4
3
1
1
2
8
1
3
5132
8092
8093
8094
997
993
989
988
983
975
974
973
3974
3975
3976
3977
3978
3979
8093
1
2
1372
1377
4087
4088
4089
4090
3
4
1
2
1270
1267
1261
1253
1165
1147
3
2
1
2
7351
7352
8077
1250
1151
1150
1146
1145
9
8075
1
1065
1
1609
8075
1
3
2
1
1
2
8080
8081
8082
8083
1069
2
2
3
4
1071
2899
8676
966
422
2
3
3009
3395
7280
7283
1108
1106
1
1
2
1364
1365
4870
4873
4874
22
23
24
25
33
964
965
1146
1111
1109
4
3
1
32
33
37
38
39
40
41
42
43
44
45
46
47
1
1
8068
2
3
2
1
1
8
4
3
2
5
4
3
2
1
6
5
4
3
2
1
7
6
5
4
3
2
1
8
7
6
5
4
3
2
1
3
4
9
8
7
6
5
4
3
2
3
8060
10
8
7
6
5
4
3
2
1
1
12
11
10
10
11
12
13
12
11
10
9
8
7
6
5
13
12
11
10
9
8
7
6
5
4
3
2
1
14
13
12
11
10
9
8
7
6
5
4
2
8057
15
14
13
12
11
10
9
8
7
6
5
4
3
2
1
8054
17
16
15
14
13
8
6
5
3
1
5
6
7
8
8052
8053
17
16
15
14
13
12
11
10
9
8
7
6
5
4
3
2
18
17
16
15
14
13
12
11
10
9
8
7
6
5
4
3
2
1
162
20
19
18
17
16
11
9
8
6
4
3
1
2
3
4
5
6
7
8
9
10
11
12
20
19
18
17
16
15
14
13
12
11
10
9
8
7
6
5
4
3
2
1
1
2
3
8044
1
2
1
1
46
8032
1
2
4
1135
1
2
1
1556
8041
8042
5485
5488
5489
7244
8040
14
15
8
9
10
11
1
10
14
2
1
3
2
1
13
12
4
3
2
1
1
2
3
4
5
1
16
2
1
3
4
5
1
2
3
4
5
9
1
2
3
4
5
6
7
9
10
11
1
2
1
3
2
1
1
21
353
1044
1078
1680
2185
2187
2188
2189
2190
2191
2192
2193
2194
2195
2196
2197
2198
2199
2200
2201
2202
2203
2204
2205
2206
2207
2208
2209
2210
2211
2212
2213
2214
2215
8
7
6
5
4
3
2
1
7083
7084
7085
7086
7087
7088
618
577
576
575
18
308
313
314
315
317
318
319
320
321
322
323
324
325
326
327
328
329
330
331
332
333
334
335
336
337
338
339
340
341
342
343
344
345
346
347
348
349
350
351
352
353
354
355
356
357
358
359
360
361
362
363
364
365
366
367
368
369
370
371
372
373
374
375
376
377
5
6
1
1
1390
904
893
884
523
8
98
148
882
974
1018
1247
2342
2353
2560
2616
2733
3226
3227
3367
3368
3373
3393
3531
4055
4086
4277
4590
4797
5001
5008
5727
5956
6027
6058
6094
6216
6229
6234
6284
6321
6343
6388
6390
6399
6410
6443
6519
6522
6615
6618
6621
6624
6629
6630
6637
6646
6648
6652
6654
6656
6659
6674
6675
6678
6684
6810
6811
6812
6813
6814
6815
6816
6817
6818
6820
6821
6822
6823
6824
6825
6826
6827
6828
6829
6830
6831
6832
6833
6834
6835
6836
6837
6838
6839
6840
6853
6892
6893
6894
6895
6896
8480
8585
3
2
1
8010
8011
4
2
1
1
2
3
4
6
7
2
3
1
1
5
4
3
2
1
894
2166
2168
2170
2171
2172
3330
3331
3333
3334
3335
3336
3337
3338
3339
3340
3341
3342
3343
3344
3345
3346
3347
3348
3349
3350
3351
3352
3353
3354
3355
3356
3357
3358
6
9
8
7
4
1
4
1
2
3
4
7999
1
4
5
1
1
7
2
1
1
2
1
2
1412
1402
1
2
3
4
5
6
7
8
1
2
1
1
1
2
3
4
7982
1
2
1
3
2
1
7975
7974
1
4
8
5756
5757
1
1755
1614
1046
887
2
1
2
3
4
5
6
7955
7956
7957
1757
1
1
1
2
3
3
4
4
5
1
6
7
8
9
10
11
12
13
14
3066
8572
8573
2
1
1
2
3
1920
3062
4387
4390
4391
4392
1
2
7934
7932
443
446
447
448
2984
2990
2991
2
1
1
2
3
4
6
4951
1
7927
7928
480
1220
989
987
985
982
7
6
5
4
3
896
902
903
2120
2125
3539
7145
7146
7147
7148
7149
967
966
965
964
963
962
961
960
959
958
957
956
954
953
952
950
553
2
6455
6460
6461
6462
6463
6464
1496
1356
965
954
953
8
5
4
3
1
1
2
3
4
5
987
327
328
329
330
331
332
333
334
335
1
1
2
3
524
529
530
534
535
536
537
538
1
7918
980
640
636
624
4
3
1
1
2
3
4
5
5600
5601
5602
5
7
2
6781
8
1
7907
7908
7909
7910
1
2
8
9
10
11
1
3
5
5
1
12
4
3
2
1
1
3
1
7889
3
2
1
2
3
4
1
2
1
2
1347
1346
2
3
4
5
6
1
2
1
3
4
3
1
1
2
3
7876
7877
3
2
1
1
2
3
4
1
3
7866
1066
6
4
3
1
1
2
3
4
5
7
8
9
10
11
1067
1
2
3
4
5
6
7
8
11
12
1
2
3
4
6
4941
4942
4943
4944
6876
1
2
3
5
7
8
696
1
4
6
5
2
1
5
4
3
2
1
7
6
5
4
3
2
1
2
10
9
7
6
5
4
3
1079
11
10
9
8
7
6
5
4
1
1080
14
13
12
11
10
9
8
7
6
5
4
3
2
1
1081
15
14
13
12
11
9
8
6
3
2
1
5
1
1
2
3
4
1088
6
5
4
3
2
3
4
5
2
4
5
6
7845
1
3
4
1
2
3
4
5
1
2
1
3
2
1
3
2
4
1
2
3
4
5
6
7
158
159
1440
1442
1443
1444
1445
1446
1447
1448
1449
1450
1451
1452
1453
1454
1455
1456
1457
1458
1459
1460
1461
1462
1463
1464
1465
1466
1467
1468
1469
1470
1471
1472
1473
1474
1475
1476
1477
1478
1479
1480
1481
1482
1483
1484
1485
1486
1487
1488
1489
1490
1491
1492
1493
1494
1495
1496
1497
1498
1499
1500
1501
1502
1503
1504
1505
1506
1507
1508
1509
1510
1511
1512
1513
1514
1515
1516
6799
6800
6801
7830
7831
7832
7833
7834
1
7837
152
156
157
158
159
1
2
4
3
1
2
5
3
2
1
5
4
3
2
1
6
5
4
3
1
11
12
1
13
2
1
1
15
4
3
2
1
2
3
4
5
6
7821
7822
7823
6
7
1
4
2
1
1
2
3
4
5
6
7
8
9
2
2
3
4
2
1
1
2
7801
3152
8480
1
5
3568
3569
3
2
1
2
5583
5585
8649
4
3148
4669
4672
1
7799
1
2666
2667
2668
2669
2670
2669
2670
2671
5578
5581
5582
5584
5585
1
5584
5586
5587
6767
6768
6769
1
14
15
1
10
11
1
1
2
296
2
3
1
1
2
1
1
2
3
4
1
2
3
4
5
6
1
2
3
4
1
5
6
7
2
1
3
4
5
3
2
1
2
3
4
5
4
3
2
1
1
2
1
6083
6084
6085
6086
6087
1
7804
7805
1
6088
6090
6091
5645
5650
7753
7754
7755
1
7797
7796
5590
7754
7756
7757
7757
7757
7757
6649
7752
7155
7156
7734
7735
5616
5618
7736
7737
7
9
7738
4
1
2
1
1465
1455
1445
1
6650
1941
1
1
2
3
4
5
6
7
8
7734
1
3
2
1
3
4
21
22
23
2
4
6
7
8
9
1
4
19
2
1
6
3
2
1
16
5
4
3
2
1
2
3
9
5
4
2
1
10
7
7717
11
10
1
1
2
9
7
1
14
12
11
10
9
8
7
6
5
2
3
2
1
3
4
1
4
4
1017
6437
2
1
9
1
1
1
1
2
2
2
2
6514
6516
6517
6518
6519
6520
6521
6522
6
1
2
2
1
2
3
4
5
6
7
8
9
10
2
3
4
5
4
4
4
1
4
4
2
1
3
12
2
4
3
2
1
1
1
5361
5363
5364
1
1
2
3
4
5
2
1
1
2
7640
7638
2
1
2
3
4
5
1
5
6
10
11
13
12
5349
2572
2054
8074
8075
8076
1
2
3
4
1
1
6415
6417
6418
6419
1
2
1
2552
2553
2554
2555
3
1
2
3
2546
4297
4298
4299
4300
5
6
7
8
6429
5
6
6485
6486
5
1
1
1
2
3
4
5
5
6
7
3
4
5
6
7
7
1
1
2
4
442
2
15
16
17
18
19
20
21
22
23
24
25
26
27
28
29
30
31
32
33
34
35
36
37
38
29
30
7600
1
2
3
4
5
6
7
8
9
2605
2607
2617
2618
13
1
2
1
7
3
2
1
4
3
2
1
5
5
4
3
2
1
4
5467
5468
5469
6
5
4
3
2
1
7
6
5
4
3
2
1
6
8
7
6
5
4
3
2
1
1
9
11
10
4
3
3
4
6
6051
12
11
10
9
8
7
6
5
4
3
2
1
13
12
11
10
9
8
7
6
5
4
2
1
2592
8099
1
6046
6047
6048
6049
5
4
3
3
4
300
165
4184
4185
4186
4187
66
5257
5258
5259
5260
5261
1
7576
80
1
4367
8292
8293
1
2
12
13
15
12
13
15
10
15
7566
7566
1423
2
1
7558
4
1
2
1
4505
4506
4507
4508
4509
4511
1112
3
2
1
4
5
6
7562
7563
7564
4
3
2
1
4511
5
4
3
2
1
5
4
3
2
1
7557
1
2
3
4
5
6
7
7557
1
2
8
475
1
7549
1
1
8
4
3
3
2
2354
1
2
6
4905
4907
4908
4909
4910
2355
1
2
6080
6081
2356
2358
2357
4
3
2
1
2359
2358
5
4
3
2
1
2360
5
4
2361
2360
2026
7
6
5
3
2
1
4106
4110
1930
9
4
1
2
3
4
4
1
1
2
3
3
5
3142
1
1
2
5
6
7531
2
1
5
6
3139
5
4
3
2
5048
5051
5052
2
1882
7523
5
5
7521
1
2
3
4
1365
77
1
2
5
6
7
8
2
1
1
7511
7512
4
4
4
1
1
2
1761
1415
1256
2
3
4
5
11
179
1426
1435
1456
1458
3056
3960
3962
3963
3964
3965
3966
3967
3968
3969
3970
3971
1
1
2
3
4
5
6
7
8
9
4
7493
2273
2269
2063
1468
3
5
5247
6792
6793
6794
6795
6796
6264
6266
6267
6265
1
6804
6805
5777
3967
3969
3970
2275
1474
1420
7495
7496
2
1
6464
6466
6467
6468
6469
2
3
2285
2284
2283
2282
2280
2279
2278
1479
1478
10
5
4
3
2
1
1
2
3
4
5
6
7
8
9
10
11
12
13
1454
7484
1759
1492
7
3949
3952
3953
3954
3955
3956
3957
3958
3959
3960
3961
3962
3963
3964
3965
3966
3967
3968
3969
3970
3971
3972
1
4
5
15
2
1
1
3
3
2
3
3789
6619
6620
18
4
3
2
1
3
6
2552
2553
2554
7977
5
7473
131
4
1
3947
4796
4797
5
2
1
1
2551
2552
2553
2558
1
4
5
8
2547
2549
2550
2551
2553
2
1
3
2
1
1
2
3
11
7467
7468
7469
1
7
6
5
4
9
8
7
6
5
4
3
2
1
1
10
7
6
5
4
2
12
11
10
9
8
7
6
5
4
2
3
4
9
10
3
2
1
4
3
2
1
1
2
1
3
2
1
4
3
2
1
1
2
3
1612
1486
90
1
2
3
4
7448
1486
1
254
1696
2964
2965
2966
2967
2968
2969
2970
2971
2
3
4
7450
2966
1
2
6
5
3
2
1
1
2
3
4
5
6
7
7441
7442
10
12
2
1
2
1
8
10
3
2
1
7
11
10
5
4
3
2
1
18
19
12
6
5
4
3
2
1
5
7
12
15
16
6
5
4
3
2
1
4
6
14
8
7
6
5
4
3
2
1
9
8
7
6
5
4
3
2
1
9
8
7
6
5
4
3
2
1
1
3
11
10
9
8
7
6
5
4
3
2
1
1
9
2
13
12
11
10
9
8
7
6
5
4
2
15
14
13
12
11
10
9
8
7
6
5
4
3
2
1
3
5
15
14
13
12
11
10
9
8
7
6
5
4
2
1
16
15
14
13
12
11
10
9
8
7
6
5
4
3
2
1
18
17
16
15
14
13
12
11
10
9
7
5
4
3
2
33
1
2
2
3
4
1
3
1
5
3
1
2322
2280
1124
2
1
2
2
3
4
5
6
7
1
1
8
1
2
3
6
1
2
4
5
4
4
2
3
2
2
1
1
2
3
4
5
7
9
10
11
12
2
3
4
5
7
1
1
2086
11
10
7
15
1
15
1
2
3
4
5
6
1683
1680
1679
1671
1663
1662
1660
1659
1658
1657
1655
1
118
119
120
121
1
2
3
5
1
1
2
4
3
2
3
4
4
5
4
1
1
2
141
3
1
2
3
1
4
7348
7349
1638
170
166
164
146
144
143
142
5
1258
1274
1275
3646
3647
3648
3649
3650
3651
3652
3653
3654
3655
3656
3657
3658
161
143
139
138
6
2
1
1
2
3
4
5
6
7
8
9
10
11
12
161
144
138
2408
2409
2410
2411
2412
2413
2414
2415
2417
2418
149
148
147
145
144
143
164
7345
7346
7347
7347
7348
152
148
145
144
143
7348
1646
6
1
1479
1
2
1479
2
3
2
1
2
3
1
1485
1483
1
1
7327
7328
7329
1
6
1
2
3
4
5
6
1
6
6
1
1
1
1
1
2
3
4
5
6
1
1
3
3
1
2
3
4
2
1
2
7299
8
1
7
4988
4989
7292
1
2
1
7287
1
1435
2
1
1
5061
3
2
1
2
3
4
5
6
7
8
9
10
1
2
3
1
7286
7287
2
1
1
8
2
5
1
4
8
1
1
2
3
1
6136
7271
1
2
3
4
5
6
7
16
18
1
2
3
4
5
2
3
1
6
5
4
3
1
8
7
6
5
3
1
6
8
10
9
1
5
11
10
9
8
7
6
5
4
3
2
1
1
2
3
3
4
4
5
6
7
8
9
3
7251
7
1
1
1276
1274
1
2
3
4
5
6
1
2
3
4
5
1
1
2
3
1
2
3
1
1
245
1
2
3
4
5
5
1
1
1886
1877
1
3721
3723
3724
3725
3726
3727
3728
3729
3730
798
1104
7861
1538
325
1
1
7221
1540
323
4
2
1
1
2
3
4
5
6
7
3
1892
1878
1875
903
485
6
21
23
24
5123
5126
7213
7214
1533
1
2
3
4
5
6
8
2123
90
1
13
5
6478
6479
6480
1
4
7209
1
6474
1886
2
1
2
4
3
2
1
3
1
92
7203
1
7203
2
3
7204
103
6
5
3
2
1
1
1896
3
1897
2
1
4
9
7202
7203
7204
1898
3
2
1
1899
2
1901
5
7199
2417
1902
27
7
6
5
4
3
28
6
5
1
4
6185
6189
6190
2741
2731
2512
2511
2510
2509
2507
2506
2505
2502
2499
2498
2497
2496
2495
2494
2493
2491
2490
2447
2442
2440
1904
1559
9
8
7
6
5
4
3
2
1
1
2
3
7
5
10
9
11
9
8
5
4
1284
14
12
11
10
9
8
1
3
4
10
5
11
7
6
3
2
1
1
1
2
3
4
5
6
7
8
9
7182
7183
7184
7185
7186
2
3
1
1
7184
5
1
3
4
5
2
5
5879
5880
7180
5
1
2
1
1
2
3
4
5
6
6
10
1
1
2
3
3
5
4
1
7
3
1
1
2
3
3
4
4
3
2
1
1
1
2
2
3
1
2
3
7146
7147
7148
2
3
1
2674
2219
3
4
1
4
5
2
3
4
1
1
2
4
5
7
9
10
11
1
7130
7127
3
2
1
1
2
1
7128
2
2548
6
5
3
16
2085
19
18
17
16
15
13
11
7
6
5
4
3
2
1
8
7
6
5
4
3
2
2
1
1
1
2282
1
2
3
4
1
2
3
4
4
5
1
1
2
3
1
4
5
6
3
7
4
9
1
1
4
2
1
1
2
2223
3
4
1
2
1
2
2128
2
3
4
5
6
7
1
1
2
3
4
5
6
2130
1
2
1
3
2
1
1
1
2
1
1189
1
2
3
2
3
4
1
2
4
1
5421
5422
4431
4433
7052
1
2
1
2945
2944
2943
2942
2941
2940
2939
2938
2937
2936
2935
2934
2933
2932
2931
2930
2929
2928
2927
2926
2925
2924
2923
2921
2920
2919
2918
2917
2916
2915
2914
2913
2912
2911
591
590
589
587
586
583
1
12
43
44
45
46
2
1
1
2
3
4
5
6
7
8
9
7046
7047
10
1
2
1
1
37
36
35
34
33
32
31
30
29
28
27
26
25
24
23
22
21
20
19
18
17
16
15
14
13
12
11
10
9
8
7
6
5
4
3
2
1
1
2
3
4
5
43
6
5
4
3
2
7
40
8
3
2
1
2986
2985
2984
2983
2982
2981
2980
2979
2978
2977
2975
2974
2973
2972
2971
2970
2969
2966
2965
2964
2963
2962
2961
2960
2959
2958
2957
3
4
3640
2993
2992
2991
2990
2989
2988
2987
2986
2985
2984
2983
2982
2981
2980
2979
2978
2977
2976
2975
2974
2973
2972
2971
2970
2969
2968
2967
2966
2965
2964
2963
2962
2961
1779
1778
49
5
1
2
3
4
5
6
7
8
9
10
11
12
13
14
15
16
17
6138
6139
1
1
1
3642
3644
3645
3646
2642
2639
2638
2637
2636
2635
2634
2633
2632
2631
2630
2629
2628
2627
2626
2624
2623
2622
2621
2620
2619
2618
2615
2614
2613
2612
2611
2610
2608
2606
2605
2604
2603
2602
2601
2600
2599
2598
2597
2595
2594
2593
2591
2590
2589
2588
2587
2586
2585
2526
2525
2524
2523
2522
2521
2520
2519
2518
2517
2516
2515
2514
2513
2512
2511
2510
2473
2
1
1
2
3
4
5
6
7
252
4873
4877
4878
4879
4880
4881
2643
2640
2639
2637
2636
2635
2634
2633
2631
2624
2623
2622
2621
2620
2619
2618
2617
2616
2615
2614
2613
2612
2611
2610
2609
2608
2607
2605
2604
2603
2602
2601
2600
2599
2598
2597
2596
2595
2593
2592
2591
2590
2520
2514
2492
2488
2458
2457
2456
2455
2317
2102
1346
1313
1312
1
2
3
4
5
7
9
10
11
12
13
14
15
16
17
18
19
2625
2622
2621
2620
2619
2618
2617
2616
2613
2611
2609
2608
2607
2605
2604
2469
4470
1
4
5
6979
4
7633
2636
2484
2027
3503
3506
3507
2485
2026
5914
4468
4469
4471
4472
2
6973
6969
6970
3
1
3
839
2
1
3070
2310
26
3
1
1
1334
5892
5894
5895
5896
2
3
5
2
1
1
5
7
1
6961
1
6961
6953
11
9
8
7
6
5
4
3
2
1
1
2
3
4
5
6
7
6952
6953
6954
1
1996
7369
2
1
1
2
3
4
1
6
1
1
2
3
4
5
6
7
8
9
10
11
2628
2495
2494
2488
2485
2484
2312
2311
2310
1
12
1
2
3
4
5
9
1
2
3
4
1
2
1
2
1
890
1
2
676
673
672
2
3
4
5
6
7
9
10
11
12
14
15
16
17
19
20
21
22
23
24
25
26
27
28
29
30
31
32
1
1
2
3
4
5
8
9
10
11
12
13
14
15
16
17
18
32
33
1
2
5
6
7
8
9
10
12
13
24
34
35
1
5
3
2
1
2
3
4
5
6
7
4
3
2
1
1
2
3
4
31
1
15
32
1
2
3
4
3
8
10
1
1
2
6121
6122
6123
2
1
6
1
23
27
28
9
6910
5
3
7
2868
7453
15
14
13
12
11
6
3
5
19
18
17
16
15
14
13
14
15
16
17
18
20
19
18
17
16
15
14
5
1
13
18
6902
6
16
1
32
30
29
28
27
1
2
1
1
2
3
4
6896
6880
6881
6882
6883
1
2
3
4
5
6
7
8
9
10
11
12
14
15
16
17
18
3768
3769
3770
3771
1
2
3
4
5
6
7
9
10
14
15
16
18
1
2
6
1
3
2
1
3
3
2
4690
5
4
3
2
1
1
5
4
7
6
5
4
3
2
1
12
13
14
18
19
8
7
6
5
4
3
2
1
2087
9
8
7
6
5
4
3
2
2
6885
11
10
9
8
7
6
5
4
3
2
1
1
3758
11
10
7
4
13
12
11
10
9
8
7
6
5
4
3
2
1
6881
3
1
1
6877
6869
20
19
11
5
4
3
2
1
1
2
3
4
5
6
1
2
1
2549
29
28
27
26
25
24
23
22
20
19
18
17
16
15
1
4
24
1429
1430
1432
1433
1434
1437
1438
1439
1440
2835
2827
3873
3875
3876
3877
3878
3879
3880
3881
1
2
3
4
5
5271
1
2
3
4
1
2
3
1
2
1
6
5
4
3
2
1
5267
5268
5269
1
2179
6846
6847
2
6852
6846
3983
3232
6850
6852
6853
6844
1
2
1
2614
5
4
3
3
2615
6
5
4
3
2
1
6841
2616
7
6
5
4
3
2
1
1
4
5
6
7
2618
4
3
2
2619
5
4
3
1
1
4
2
1
5482
2178
2176
2105
5
1
3134
3135
3136
2
1
1
2
3
3
6842
1
2
3
3784
3785
3796
3797
3798
3799
5
6831
6832
1
2
6835
3
6835
4228
4231
4232
4462
946
945
299
3261
3266
3267
3268
3
5
2
1
4
5
6
7
8
9
10
2
1989
4990
4
2
1
1
1
6815
1
4
8
7
1
1
1
2
3
3
1
2
2
5
6
8
9
10
11
12
1
6799
6800
2884
2881
2879
2854
2841
3
2
6800
6801
1
1
1
1
3
4
2
1
1
2979
2499
2498
2497
2496
2494
2493
2492
2491
2490
1882
1
2
3
4
5
6
7
8
9
10
11
12
1
2
3
7
2
1
1
4
3
2
1
5
4
3
2
1
6
5
4
3
2
1
1
6783
6784
1895
2
2
6
7
8
5
1
3
6776
3286
3261
3033
3032
3015
3014
3011
3010
3009
3008
3007
3005
3004
3003
3002
3001
2998
2997
2996
2995
2994
2993
2992
2991
2990
2989
2988
2987
2986
2985
2984
2983
2979
2961
2489
2487
2486
2081
1972
1908
1904
1903
1901
1900
5
3
2
1
2996
2516
2515
2514
2513
2512
2511
2510
2508
2507
2506
2505
2504
5
4
2
1
8
3
5
3
1
2
4
2
1
4
3
2
1
2
1350
2
3
4
5
5010
5011
4
3
1
2
1
1
2
1
2
1487
1078
2
1
1
2
3
4
5
1
2
1
2
1
1
3
3
1
2
3
4
5
6
7
8
9
10
11
12
13
14
15
16
17
18
19
20
21
1
2
3
4
5
6
7
8
9
10
11
12
13
14
15
16
17
18
19
20
1
2
3
4
5
6
7
8
9
10
11
12
13
14
15
16
17
18
19
1
2
3
4
5
6
7
8
9
10
11
12
13
14
15
16
17
18
1
2
3
4
5
6
7
8
9
10
11
12
13
14
15
16
17
1
2
3
4
5
6
7
8
9
10
11
12
13
14
15
16
1
2
3
4
5
6
7
8
9
10
11
12
13
14
15
1
2
3
4
5
6
7
8
9
10
11
12
13
14
1
2
3
4
5
6
7
8
9
10
11
12
13
1
2
3
4
5
6
7
13
14
1
2
3
4
5241
5244
1
2
1
3
2
1
8
9
10
11
12
13
5
4
3
2
1
6
5
4
3
2
1
8
7
6
5
4
3
2
1
9
8
7
6
5
4
3
2
1
10
9
8
7
6
5
4
3
2
1
11
10
9
8
7
6
5
4
3
2
1
12
11
10
9
8
7
6
5
4
3
2
1
1
2
1
28
1
2338
1
6703
1
13
6702
1
11
3
11
6700
6701
6701
1
1
2
1
2
5
3
5
1
1
2
1
1
4676
4677
4683
4684
5126
5128
5129
5130
6677
6678
6679
5139
5140
6678
6679
6683
6684
6689
6690
6690
6678
6690
6689
6690
6690
6691
1
5165
6685
1
5106
5048
62
63
1
65
5
6
1
67
2
1
1
2
2624
5
1
2
3
4
5
6
7
8
9
10
11
12
13
14
15
16
17
18
6633
6634
6635
2806
6635
24
25
26
29
6634
1
6632
5403
6631
2
3
6628
3727
1
4
2
1
1
2
3
8
6
5
4
23
1
1
2
3
6
4
1
28
5
4
3
2
1
8
3
1
1
2
1
3059
2963
1
2
1
1
2
3
5
3
2
1
1
9
6
4
3
1
2
5
4
3
2
7
5
2
1
3
2
5
11
1
1
2
1
1
2
1
1
2
3
4
5
1
1
2
3
4
5
6
7
8
9
10
11
12
13
14
15
16
1
2
1
2
3
2
2
1
3
4
5
6
7
8
9
3
2
1
1
1
2
3
2
1
5
4
3
2
4
5
6
2499
15
14
4
1
2
3
1
2675
1
2
3
4
5
6
7
9
11
12
6530
1
1
371
2
3
3
4
4
5
1
2
1
4
1532
1538
1548
1537
3
2
1
1
2
3
4
5
6
7
3
2
8
29
1545
1548
5
4
1
5
6
4
9
641
1538
1539
1
2
1
1
2
3
4
1
6508
6
2
38
1
1501
1503
1504
1505
1506
1507
1508
1509
1510
1511
1
24
23
22
21
10
5
4
3
2
1
1
2
3
4
5
6
7
8
9
10
1
10
11
12
14
15
16
26
27
28
29
30
33
6494
1497
6495
6496
1
1
2
3
5
4889
4891
4892
4893
1
2
4
13
14
1
2240
4
3
2
1
1
2
6
5
4
3
2
18
8
7
6
5
4
2
1
4
19
9
8
7
6
5
4
3
2
1
1
2
23
5
4
1
1
2
4
5
1
2
1
2
1
5
7
8
9
3
2
1
2
2
6466
4
5
2
1
1
1
2
1
1
2
4161
4162
4163
3
2
1
2
3
4
5
6
7
2
3
6454
1
1
2
1
2
5
4
5151
5152
3
1
2
3
7
8
10
6
1
5
10
6446
2
1
3
1
3
4
5
4
3
2
1
2
3
6
5
4
3
2
11
1
11
2093
13
12
9
8
7
6
5
4
3
13
1771
2095
11
10
9
8
7
6
5
2
2
2672
11
1
1
2
4
5
6
7
8
14
4
3
1
6433
5
7
1
1
2
2
3
1
2
1
1
5
1
1
1
2
3
3
5
6
7
1
5
4
1
1
2
3
4
6
7
1
1
7
8
1
1
2
3
10
11
2
1
2
3
4
5
1
2
5
6
1
8
7
1
1
1
3677
1
2
1197
2
1
1
1
3588
1
1
6361
1
1
8
2
1
4
5
4
3
2
1
1
6
5
7
2
1
8
1
1
2
3
4
5
1
2
3
4
2867
2613
1871
1396
1075
1073
8
9
10
11
6342
6343
6344
1
3285
5
4
1
2
3
3
2
2
3
4
5
6
7
8
9
10
11
12
13
14
15
16
17
18
19
20
21
22
23
24
25
26
3257
5023
1
2
3
5
6338
6339
2678
8
12
6348
6349
1
20
6345
6346
6
4
3
28
3826
3828
3833
3
4
6340
7
4
3
1
1
6346
1
2
3
6342
6343
3
6340
3175
2
6072
6327
6327
1
14
6319
23
22
21
3234
3240
3241
3242
3243
1
1
3
2
31
5
1
1
32
1
6305
2707
1
3820
3821
3
2709
1
3798
3800
3801
3802
3803
3804
3814
4357
4358
4359
1
1
2
3
4859
1
3
4
5
6
7
8
2
3
6
7
2
1
3
2
3
1
4
6315
6308
6309
6310
3137
5096
1
1
3788
3789
4313
3241
1401
1113
41
1
21
994
2579
4310
4311
4312
4313
4314
4315
1
3
3
4
1
7
9
2746
2
4
5
2
1
1
2
4
3
2
4
2
1
2
2
3
4
1183
3
1
1
1
4611
4613
4
3
2
1
6291
6264
3143
3145
1
25
26
24
6262
6263
6264
1
1
5077
6261
6261
6261
1
6254
6255
6256
6257
6258
6259
6260
6261
6262
6263
5
5
6
7
25
1
5
3
1
1
1
2
2055
1
1
2
3
4
2742
5
2873
2877
2881
1
2
3
4
5
6
7
8
9
10
11
12
13
14
15
16
4332
2747
1
1
16
2
1
1
2
1
2
2
1
1
2699
2696
1
2
1
2695
3
2
1
1
2
1
2
3
4
5
2270
7
1
1
2
3
4
5
6
7
8
9
6216
6216
7
1
1
388
1
1
2
3660
3606
2288
2286
477
2
1
2
3
4
5
6
7
8
9
10
11
12
13
14
15
16
17
18
19
20
21
22
23
24
25
26
27
28
29
30
31
32
33
34
35
36
37
38
39
40
41
42
43
44
45
46
47
48
49
50
54
55
56
57
5280
5281
5282
5283
5284
6200
6201
6202
6203
6204
6204
6205
6206
1
2
1093
1
6204
6206
6207
6208
4774
6207
6208
6209
6210
6210
6211
6211
6212
6212
6212
6212
3
4
1
2
3
2
1
1
2
3
1
5
4
2
1
6180
6181
6182
6183
2
3
4
343
5
3
2
1
1
2
3
4
5
6
7
8
9
10
11
12
13
14
15
6180
1
2
3539
12
3727
3724
1
3770
3730
4
856
6158
5
4123
3767
3695
3281
3280
3279
3278
3277
3276
3274
3273
3272
3271
3270
3269
3268
3267
3266
3265
3264
3263
3262
3261
3260
3259
3258
3254
3228
2908
2885
2265
2264
2263
2261
4
3748
5
5
3751
864
3
10
13
14
15
16
6150
1
2
3
2
1
3
5
4
3
2
5
4
5
5
4
4
5
3705
3
1
3
1
1
1
2
1
6132
3817
3821
3825
3826
2961
6122
6125
1
2
6126
3
6121
15
5
6
2053
6113
4141
984
5
1
8
2
1
2
31
2
3
4
33
1
2
3573
1807
1
1
2
3
4
6
7
8
9
10
12
13
23
25
26
27
28
29
30
32
33
36
37
38
39
40
41
2
4
7
10
1
1
2
3
8
9
8
3
1
1
4
2
5
4
3
2
1
6093
6
5
4
3
2
1
3
8
5
3
6090
8
7
6
5
3
2
1
1
2
6
3571
7
2
1
13
15
16
17
18
19
20
21
6091
1537
11
10
9
8
7
6
5
4
3
2
1
1
12
11
10
9
8
7
6
2
13
12
11
10
9
8
7
6
5
3
1
14
13
10
9
5
16
9
2
17
16
15
13
12
11
10
8
5
4
3
2
1
1
18
17
16
15
10
9
8
6
4
5
19
18
17
16
15
14
12
11
10
9
8
7
6
5
4
3
2
1
20
19
18
17
15
14
13
12
9
8
6
5
1
3582
3581
21
18
17
15
12
11
7
5
4
2
1
1
8
5
4
1
2
3
4
5
6
7
9
1
2
6
4
7
1
3
4
2
1
2
3
5
4
3
2
1
1
2
5
1
6
4
3
2
3209
5
6059
1
13
6058
2
1
1
2
3
4
5
6
8
9
10
84
1
2
1
1
7
6
5
4
3
2
1
6050
3108
12
5
1
2
3
4
5
6
7
8
9
3902
3293
3146
3144
3134
1842
397
6047
6048
4848
4849
4850
4851
4853
4854
7
1
1
3266
2
1
2
1
1
2
3
4
5
6
7
1
1
2
2761
2
2762
1
2
1
1
3390
2000
1998
1997
1996
1995
1994
1993
1992
1991
1990
1989
1987
1986
1985
1984
1983
319
1
1
2
3
4
6016
6017
6018
4062
1
12
2
3
2
1
1
1
2
5
1
2
3
5
6
7
1
3
2
1
1
3184
3
3185
3179
1
2
3
1
5
1
2
2
5988
1
6
11
5
6
7
8
1844
1893
1894
5983
5
5
3
1
1
2
4054
3981
3558
3556
3555
3553
2952
2880
2866
2
3
4
1
1
2
1
2
3
4
3
1
1
3739
1
1
709
1
2
3
5
6
7
8
9
2
3
1
4289
10
1
1
1
2
7
8
9
7
8
1
2
3
3261
3
2
6
5
4
3
2
1
1
2
3
5
1
2
2
3
4
5
5
6
7
8
5922
4
4
1
2
3
4
3
1
2
3
4
5
6
7
8
9
1
2
3
4
5
6
7
1
2
3
4
5
8
9
1
9
6
7
8
2
1
3
2
1
4
3
2
1
6
5
4
3
2
1
5
4
10
11
12
13
14
4753
4754
4755
7
5
6
7
1
2
1
3
2
1
2
1
2
1
16
17
1
1
1
2
3
5
6
7
9
10
12
1
2
3
10
4692
2
1
1
5
8
3623
2
1
1
3
6
2239
2241
2243
2244
2245
2246
2247
2248
4
3
2
5
6
5
4
3
2
1
2
7
6
2
9
8
7
6
5
4
3
2
1
3
10
9
8
7
5
4
3
2
1
4127
4126
4124
4123
3525
3061
2978
1616
7
5
4463
1
2
3
4
5
6
7
8
9
10
1
2
5
6
7
8
10
3619
1
5862
5863
3604
3602
3601
3600
3599
3598
3597
3240
2249
2911
3
2
4
3
2
1
6142
5
4711
1
3
1
15
1
1
2
5850
5851
5852
4657
4669
4670
4671
4672
4673
4674
4142
7
8
9
4
5
1
1
3
2
1
1
1
4156
3095
3
4
5
6
7
5
1
2
5828
1
2
1
1
2
3
4
5
1
1
2
1
3
5
7
8
9
4
3
2
1
1
2
3
4
1
1
2653
2
1
4175
3673
2
1
1
17
1
2
5814
1
4150
4131
3
2
1
1
3
5804
5807
5808
6
5
4
3
2
1
5
4
2
5807
4136
5
3
1
5804
5805
4734
4735
4736
1
4735
4736
4737
4738
3
4
5
4148
3963
1
9
11
13
4151
4149
2908
2890
1
6
9
994
4488
4494
4495
4496
4497
4498
3
1
5794
5795
4151
3966
4
3
2
1
1
2
4
8
9
15
17
18
3967
1
5795
5796
5
4
3
1
4
6
7
8
9
10
3970
983
984
985
986
987
5777
4156
4055
3971
3700
2906
2902
9
8
7
6
5
4
2
1
1
2
292
293
294
5
3
5791
5792
6
1
4
5
5
3
1
1
1
5777
1
1492
1493
1494
1495
5775
1
9
1
5768
5768
5769
5770
5771
4977
4978
5
1
1
2
1
3
2
1
4
3
2
1
5
4
3
2
1
1
2
5758
3
2
1
1
2
18
12
1
2
15
14
13
12
11
10
3
1
5
3
1
2
3
4
5
6
7
1
2
3
3136
1
7
5744
5745
5746
1
2
1
4
1
2
1
2
3
4
5
5740
2
4
1
1
3
2
2
1
1
1
1
2
5730
3609
3608
3
2
1
1
2
3
4
5
6
7
8
3
4
5
6
1
2
1
1
3624
15
14
13
16
1
1
2
3
4
5
6
7
4496
5710
5711
6
1
1
2
1
1
2
3
4
5
6
1
1
2672
2
1
1
1
2
3
1
2
3
4
5
6
7
8
9
10
11
12
13
1
2
3
4
5
13
14
18
19
20
21
4
5
6
7
8
9
10
11
12
13
14
15
28
29
30
31
32
1
2
1
1
2
496
504
1
8
5677
2
1
4
3
1
3
14
15
5
3
2
6
5
4
3
2
1
5672
5
6
11
12
1
1
2
3
4
5
6
7
8
3
1
2
1
2
5667
1
1
2
4
1
4
1
13
5
1
1
15
2
1
33
4
3
1
2
3
4641
3
1
1
1
2
3
4
5
6
7
10
11
18
2
3
5
6
7
18
1
1
2
4
5
17
16
3
4
3
2
1
14
4453
2
12
13
14
15
5
8
7
6
5
2
1
5635
5636
9
8
6
5
4
3
1
10
9
8
7
6
4
3
2
1
9
4
3
1
13
12
11
10
9
8
7
5
4
3
2
1
3889
14
13
12
11
9
6
5
4
3
2
1
1
2
3
9
5628
4
5
2
3
4
5
6
7
8
9
10
11
13
1
2
3
4
7
8
12
15
16
17
18
19
1
2
1
3
2
1
5
4
3
2
1
6
5
4
3
2
1
1
2
4
8
4
5
9
8
7
6
5
4
3
2
1
15
11
1
1
2
5604
5605
4101
4471
4474
4475
5600
3
2
1
12
3960
4
3
2
1
2
5
4
3
2
1
2
3
4
5
4
3145
4
5
6
1
2
3
4
5
4282
4283
4284
3
2311
910
14
11
10
9
1
1
2
2
5585
5586
5587
5588
5589
5590
2
1
1
2
3
4
5
6
7
8
511
5589
5590
1
1
1
1
2
3709
2
1
4171
4166
1
2
3
1
1763
1
1
2
1
2
3
1
1
2
1
2
1
2
1
1
1
2
1
1
2
3
4
5
1
5556
1
6
5
1
4
8
2
1
2
4
1
2
3
1
1
2
4
3
1
1
1
1
2
3
3
4
1
1
2
1
4130
1
1
2
3
4
1
2
1
4235
4213
1
2
1
2
3
4206
1766
4
1
4
1
2
3
3
3
2
2177
3
3
1
2
3
1424
1425
1426
1428
1429
2
5508
5509
5510
5511
1
3
2
1
2
3
1
2
3
4
2
1
2
8
5
1
1
2
4199
1
5493
5494
1
3286
4202
1
5488
16
15
1
1
1
5470
1
2
1
1
2
3
5
6
1
1
5467
5
4
3
2
1
4
9
8
5
2
1
2
4
5
6
10
7
3
2
1
2512
12
13
4
1
2
3
1558
1
1
1
1
1
1
1
4
2
1
2
4
2
1
1
3
2
1
2
1
1756
2
3
1
2
1
1
1
1
2
5421
5421
1
1
2
7
12
15
1
2
1
1
5418
4
1
5
5
3
4
1
1
1
2
3
5
6
1
2
3
4
5
1
2
3
4
5
6
1
6
1
1
1
3
1
1
1915
1918
1919
2382
1976
1
2
3
4
5
6
7
8
9
10
11
12
13
1
1
3
1
2
2
5387
5388
5389
1
3423
3
5
6
7
1
4
5382
2
1
1
2
3
5
6
4
5
6
7
8
5377
1
5
4
1
2
1
7
1
1
1
2
3
4
1
6
1
2
3
4
1
2
3
1
1
5378
5379
5353
5354
5355
5356
5357
5358
5359
5360
5361
5362
5363
5364
3443
3444
5364
5365
3457
5364
1
39
4259
1145
2
3
4
5
6
7
8
9
10
11
12
13
14
15
16
17
3318
1
4263
1
4
1531
1532
1533
4265
1
2
3
12
4266
3
2
1
10
5
1
4269
6
5
4
3
1
8
9
10
11
12
13
5343
5344
5345
5346
5347
5348
4264
913
917
1
1092
1091
5341
5342
5343
5344
5345
1585
3074
3076
3077
5
6
7
5343
1
2
1
7
1
2
3
1
2
5337
5338
5339
5332
5332
5332
3
2
1
1516
15
12
4
3
2
1
1
2
3
4
5
6
7
8
9
10
11
10
12
5325
1
3
1
1
2
3
3
4
5
1
1
1
2
3
2
1
5303
3426
3427
3428
1
1
2
18
1
1
4073
4
3
4
4081
4080
4079
4078
4077
4076
4075
4074
4073
4072
4071
4070
4069
5
4
3
2
1
1
2
3
6
7
8
6
5
4
3
7
5
1
1
5297
8
5292
9
8
5
4
5294
10
7
6
5
3
1
8
2092
2094
2095
2096
10
9
5
4
1
2
3
5287
5287
5
1
2
3
4
5
6
7
8
5285
5286
1
2
1
10
9
1
1
2
1
1
2
3
1
3276
3277
2
1
1
2
3
4
5
6
7
8
2
1
1
3
2
9
1
2
3
3
3
1
1
8
10
11
12
13
1
2
1
3
2
1
5
4
3
2
1
1
2
9
1
5069
4938
4935
3
1
1
1
1
2
2009
1
2
5
7
1
2
3
1
2
6
1
3
2
1
1
6
4
1
1
1
1
1
1
4759
1
2
4760
4755
4761
1
11
15
3
5
2
4765
1
16
428
429
3
1
3864
3865
5196
5197
1
4918
4902
4775
4773
4772
7
1
1
2
3
4
1
7
10
1
2
3
4
5
3
1
1
2
3
1
1
2
8
11
3
2
1
4
3
1
5
4
3
2
1
1
3
4
7
4
3
2
1
1
2
3
4
1
2
4
2
1592
1231
2
1
2
3
4
1
2
4
4
3
5
1
1
2
3
218
4
4
5
3517
3108
3107
3100
1
2
3
4
5
5
6
1
2
3
4
1
2
1
2
3
4
5202
1
2
3
4
5
6
7
1
9
10
11
12
10
3716
10
11
4
5
1
1
2
3
2
1
3594
3595
3596
3597
3598
5114
1
2
1
3
3
2
4
3
2
1
2737
2738
5
4
2
6
5
4
3
2
1
2734
2735
7
5
4
3
1
4
2
1
9
8
7
5
4
3
2
1
1
2
3
4
5
6
7
1
2
3
17
16
15
14
13
12
10
9
8
1
1
2
1
2122
1
2
3
4
5265
5264
5261
5260
4015
4010
4009
4008
4007
4006
4005
4001
4000
4
5
6
5092
5
5269
5268
5267
5266
5265
5264
5270
5269
5266
5265
1
1
5270
5265
1
1
1
2
3
4
1
2
3
4
5
6
5082
5083
5084
3779
1
3
4
5
2
2
1
2
3
1
1
1
3758
3760
3761
3762
3763
3764
5
1
2
3
4
4
1
1
1
1
2
3
1
4
1
4
5
1
3696
3697
4
5
3
4
5039
3
3
4813
4
1
4
5034
5035
1
2
1
3
2
1
4
3
2
1
1
1
1
1
2
3
3
4
1
2
3
2
1
1
2
1
2
3
2
1
1
2
3
4
4
4
3941
1
2
3
5506
3
4
1
5
6
7
4
5
6
7
8
9
10
11
12
13
14
15
16
17
3111
3112
3113
4995
14
15
16
1
2
1
1
2
3
3
1
2
3
4
5
6
7
5230
4778
4777
4776
4775
4762
981
1
2
4
5
2
1781
1782
1783
1784
1785
1786
1787
1788
1
1
3
1
4
3
2
1
988
8
7
6
5
4
3
2
1
2
3
4964
4965
4965
3
3
2
7
17
1
3544
1
2
4746
4949
4950
4950
1
2
3
1
2
1
4514
15
1
1
2
4940
3
2
1
1
4937
4938
4939
4940
4941
4942
4943
4519
5
4
3
2
1
1
4520
5
7
6
5
3
1
4562
5
3
1
11
10
8
7
2
1
3388
3
1
1
2
1
1
2
3
5
4
3
2
3
6
5
4
3
7
6
5
4
12
10
9
8
7
6
1
4995
3479
11
10
9
8
7
5
6
5198
5161
5159
5150
5138
5137
5136
5134
5132
5130
4919
4587
5
4214
5
4939
4
4
3
1
5
3
1
2
5024
3
2
1
6
1
1
2
1
2
3
4
1
2
3
4
5
6
7
8
11
1
5163
1
2
4
5
6
4
5
6
7
8
5
1
2
4
4530
447
1
2
4
1
3
3
1
2
3
4868
2
3
4
5
6
7
8
9
1
1
2
17
4749
11
10
9
7
6
5
4
1
1
2
3
4
5
6
8
1
3725
3724
1
2
3
4
5
6
7
8
9
10
11
12
13
14
15
16
17
18
19
20
21
22
23
24
25
26
27
28
29
30
31
32
33
2
1
1
1
1
2
3
1
2461
1
2
4805
2
3
4
5
1
1
2
3
4
4381
4382
1
4
2716
2
1
2
2717
3
2
1
1
4474
4391
4390
4389
4388
4387
4386
4385
4384
4382
4381
4373
6
5
2
2
1
2
3
1531
1508
1
3
4
5
6
2
1
1
1
4785
1
4786
3
4387
4384
3481
3482
4779
1
3
4
1991
5407
5401
5397
5396
4473
4386
13
11
4
5396
3916
4
1
1
2
3
4
1
19
2
1
3
4476
1788
1
1
2
6
4
5
6
7
8
1
2
3
1
3
2
567
2
2
1
1
1
2
3
33
38
1
3
4
2
1
1
2
1
1
2
3
4684
3
1
2
3
4
5
1422
1
1
2
1
2
3
4
1
3
1
2
3
4
5
6
1
4713
5
4
14
10
9
8
3
1
1
5
6
4706
5
1
5
2
3
2
1
2
3
5459
5331
5328
5460
1
1
1
1
1
3
4
5
6
7
8
9
10
1
2
8
14
15
16
17
18
19
3
5
6
7
8
9
4677
4678
4679
2936
1
5
1
2
4
2
1
1
3
2
1
2
1
2
3
4
1
1
3
4
5
1
2
3
4
5
1
2
3
4
2856
1
2
4
5
1
3
2
1
2
1
2
7
1
1
6
3
2
1
1
5
4
3
2
1
1
1
3701
1
2
3
4
3712
3711
3700
1
2
3
4
5
5
6
1
2
4609
4610
3
1
2
3
4
3
1
5
1
4837
2
3
1
4801
4004
1
4
4801
1643
5312
1
3
4
5
6
8
785
1
2
2
2
1
4922
1
2
3
4
5
1
6
2
1
3
4159
1
1
1
1
2
3
4
5
1904
1
5
1
2
1906
4
2
1
1
3189
1
2
3
3
4
1
2
3
4634
3
1
4636
2
1
1
1
1
1
2
3
4
1
2
3
3
4
1
2
3
2
1
1
2
5900
1
1
1
2
1
1
2
3
1
2
1
2
1
1
3
4
4512
4513
2
1
4512
1
4510
2
7
6
5
4
3
2
1
1
2
3
4
5
6
7
8
2604
2606
1
17
16
15
14
5
1
2
3
1
3
2
15
5
5
4
1
6017
1
19
20
1
2
1
4484
4484
2356
8
9
1
1
2
1
2
1
1
2
3
4
5
14
1
6
1
3
4470
2
1
4
5
2
1
1
2
3
4
5
5137
4984
1
2
3
5
6
7
8
9
10
1
2
1
5141
4
3
2
1
1
1
5
1
2
3
4296
4293
3
1
2
3
4
1021
1
2
3
1
2
1
1
2
3
4
2913
2911
4
5
6
7
2912
1
4
5
1
1
2
3
3
4
5
6
7
8
9
10
11
12
13
1
2
2
1
3
1
4411
4412
4413
4407
5
6
2149
5
1
1
1473
1
2
3
4
5
1
2
3
4
1
1
2
3
3
1
1
1
2
3
4
5730
1
4
5731
4
7
5732
2
2
3
5
2
1
3
1
3
1
2
3
2352
1
1
2
3
1
2
3
1
2
1
1
1
1
2
1
2
5288
4349
1
8
2381
2383
5297
1
3
4
5
6105
5895
5
5
1
1
2
3
1488
2
1
2
1
1
4
2
1
3
2
1
7
1
6066
6065
6062
6061
6060
6052
6049
6017
6016
6015
6014
6013
5145
5109
3957
1
2
3
9
13
3097
3098
3099
3100
3101
6063
6062
6060
6059
6058
6057
6056
6055
6054
6053
6052
6051
6050
6048
6018
6017
6014
6011
6
4316
6054
2449
6055
1
1
6019
2
2968
3
2
1
2
6018
4
3
2
1
1
4
5
6034
5
4
2
1238
1240
1241
1242
1243
4
5
6
1
3
2
5
1
7
11
2
1
1
1
2
3
1
3
5
6
7
8
9
10
11
12
3
4
5
6
2
1
1
2
1
4590
5
1
1
2
1
1
2
3
4
5
2
1
2
2
1
1
2
3
2355
3
1
2
3
1
3
2
1
2
3
4378
4
5
6
7
1
2
2
6
1
3
3
1
1
2
3
3
1
2
2
3
1
1
1
12
2214
1
1
5331
13
3
2
1
2
3
4
5
6
5332
1
1
6035
1
6037
4197
1
2
2469
2471
3810
2439
4194
4195
4195
4196
1
4195
4195
4196
4195
4196
4196
4196
11
12
1
1
2
2
1
5396
1
1
2
5493
1
2
3
1
2
4171
2
3
4
9
1
1
2
3
1
3
7
8
2
1
1
2
3
4
3
2
2
3
1
1
2
3
1
2
3
4
5
1
5
6
9
4145
1
4144
1
2
3
1
2
1
4138
1
4
5
5
1
2
3
1
3
4
4730
1
2
3
3708
1
3
1
1
2
3
4
5
4788
1
2
3
4
1
1
1
1
4078
2
3
4
1333
3
4098
7
5
1
2
3
1
4
5
3
2
1
1
2
5
1
5967
935
1
2
2
4
1
2
3
1
2
1
2
3
1
3
4
2
1
1
2
3
1
1
2
1
1
2
3
4
1
1539
1
1
2
3
6155
6150
5686
5685
5683
5682
5681
5679
5678
5677
5675
5674
5672
4719
4661
4657
2602
2597
2
2347
2348
2352
2353
4033
4034
6194
6192
6152
1
7
9
10
6195
6193
4672
2
3
1
4595
4577
1
2
1
5876
5875
5874
5872
1
1
2
3
1
4598
2
1
2
3
4
1
1
1
2
2
1
5564
1
5800
1
2567
1
2568
1
5971
1
2
2
3
4
1
2
1
4912
4904
1
4913
1
1
1
6252
1
1
1
3
2
1
3
4
3
1
391
1
1
1
1
2
1
1
1
1
1
1
6301
1
4075
1
1
2
3
4417
3
4
5
6
7
8
9
10
11
12
13
14
1549
1550
1678
1
4801
4673
3441
10
3442
1
1
4679
4678
4676
4368
2229
1
1
2
3
4
5
6
7
9
3927
3928
6
7
8
4269
1968
9
3
1
8
9
10
11
3916
1
1
3
2
1
12
11
1
1
2
3
4
5
5849
1
1
2
3
4888
1
2
3
4
5
1
1
3
6
5
1
4981
1
1
1
2
3
4
5
6
1
1
2
1
9
3
1
2
2
1
1
1
1
1
2
3
1
3692
1
1
1
2
3
4
1730
1
2
3850
3851
3
1
1
2
3
4
5
13
2
4
6
1
1
5
3846
1
3
6623
6
5
4
2
3
5706
4
1
5652
1
1
6501
5274
1
2
3
4
5
1
1
2
1
2
1
1
1
1
6233
6231
6230
6229
6228
6227
6226
6223
6222
6221
1
2
3
4
1
2
1
4898
1
2981
1
1
1
6069
3
4
3802
5
1
7
1
1
6108
6105
6104
1
1
5807
1
2
3
4
5
6
1
2
7
8
1
1
3
2
1
1
1
1
2
1
4504
1
1
8
3779
4
1
2
1
4
3
2
1
1
4524
1
4
9
2
1
1
2
3
4
5
6
2
3766
3767
3768
1
3
3852
3
2
1
1
3
2
1
2
3
2
3
4
5
1
1
2
3
1
1
1
3
2
4
7
6
5
4
3
2
1
1
2
4957
3
5963
3
3
1
1
2
2
3
2
3
1
1
2
3734
3735
3736
1
1
3
2
1
5
6
4
3
1
3
1
2
1
4956
1
1
2984
1
5933
1
2
3
4
5
6
7
8
9
10
1
3
10
14
3707
3708
5936
2
1
3712
3713
3714
3708
3709
1
2
3
7
4
16
1
17
2
1
1
2
3
6
7
19
5
5
1
23
1
1914
1
1
3
3
1
1
2
1
2
6
1
3
2
1
1
1614
1
1
2
1
1
2
3
4
4
3
1
2
2
1
1
1
7
1
6524
1
1
3058
1
3776
1
2
3
4
5
6
7
8
1
2
1
1
2
3
1
6
5
4
3
2
1
1
2
1
2
3
1
1
9
5
1
1
2
5060
1
1
1
4
4679
1
2
1
1
1
7
2
1
1
1
1
3
5
5
5
1
3589
6
1
1
6046
1
1
2
1
1
2
1
1
1
2
1
1
6931
1
2
5928
3556
3557
1
2
3
4
5
6
3
3
1
1
2
1
3540
5
1
1
1
1
2
4
5
6
2
1
3630
4
1
1
7
1
1
2
3
1
1
6093
1
2413
2414
1
4
5
6
2
3503
6113
6108
19
18
17
16
15
14
11
1
1
6114
1
14
15
1
1
5746
1
2
3
4
5
6
7
8
9
3
9
10
1
3486
2
1
3482
5752
1
4923
1
2
3
1
1
2
3
4
5
5
2
1
1
1
2
3
4
3
3
5180
3
1
2
5
6
399
2
1
1
2
6218
5465
3
1
1
5782
1
6586
1
1
5470
1
1
1
1
2
3
4
5
6183
1
1
1
1
1
4540
4539
1
2
3
1
1
2245
2244
1
2
3
1
1
1
1
2
1
2
6473
1775
3
4
5
6
2212
3
1
1
4
1
1
1
1
3380
3
2
1
1
6
3373
3374
3375
3376
3377
4
3
2
1
5858
3
2
1
1
5
2
1
1
13
14
15
5
4
3
2
1
1
2
873
1
2
3
4
11
10
9
8
7
6
3
2
1
1695
1693
1
1
1
3
1
2
2
1
1
1
2390
1
1
1
2
1
6629
1
2754
1
1
2
3
3
4100
4
1
7
1
1
1
2
3
4
5
6
7
8
3317
1
6
5
5
1
2118
1
1
1
2
3
4
5
7312
7311
6737
1
2
5
4823
6
1
4
1
7016
7015
7
1
1
1
3
5
1
2
3
4
9
6516
5
2
6
6517
1
1
6519
3
6520
2
6582
5
4
2
1
1
3157
1
1
6372
1
6163
2
1
2
3
4
5
6
7
8
9
1
9
1890
1891
1892
1893
11
10
1
5665
1
1238
1
6553
1
2
1
5099
1367
1364
1
1
2
3
1
4
3
1
2
7
5
1
4219
1
2
3
4
5
6
7
8
1
1
1
2
2
1
6487
1
1
1
2
3291
3
6507
5
1
3
1
2
1
1
2380
2379
1
1720
1
1
1
1
2
1
1
2
3
1
5759
1
1
2326
2325
1
1
1
1
3
1
1
1
4462
1
1
2
7
1
7
8
9
10
6
7
7
1
1
1
1
2
1
2
1
1
2
1
2
3
3
1
6640
6639
6636
6634
1
2
3
1
3621
3620
1
3906
3904
1
2
3
3
1
2442
2440
2439
1
1
1
1
1
1
2
1
1
5334
5308
1
1
1
5
1
5
3
1
5
2
2
1
2
1
1
1
1
1
2
1
2
3
3
3066
2
3
1
1
4
3
3
4
3
1
5591
4
1
1
1
1
5782
5779
1
1
1
7475
229
230
232
1
1
1
1
1
1
2248
1
6403
5639
5638
5635
1
1
1
2
3
4
1
2
4
5
5588
2
1
1
7586
6525
1
1
5
5
9
3807
5
2
3
4
5
6
7
3809
3808
1
1
3
1
2
1
1
2
2
1
1
5946
1
1
1
5329
2
1
6480
5864
5863
4464
2
1
1
2
2
1
1
2
1
1
1
2
3
4
1
1
377
1
2412
1
2
3
4
5
6
7
8
1
1
2
1
5614
1
2
3
4
5
1
2
5
6
1
5624
9
2
1
1
656
1
2
2
3
4
2845
1
5992
1
2
4124
1
2659
1
2
1
2
4
5
6
1
1
2
5
5463
3467
4
5
4
5
5470
2
10
3
1
1
1
2
2
3
1
2
3
4
5
29
34
1
3
1
1
1
2
2032
2
5
6
7
8
1
1
2
3
2874
4
1
2
2
3
1
1
2
1
1285
1
2
3
4
1
2
1
1
1
5567
1
2
2
3
1
1
4198
4196
2927
1
1
1
1
2
1146
2
3
4
1
1
1
1
2
1
1
7842
7486
6980
6978
6977
6976
6975
6974
6973
6943
6627
5985
5971
3376
1
2
1
1
2
5660
1
1
2
5
1
2
3
1
2
1
3
4
5
6
2
1
1
3
4
2
1
1
1
2
1
2
2
3
2
3
4
4
4835
1
2
3
3
5942
2
3
2779
2
3
1
5
1
7522
2
3
4
2
1
2
3
3
1
2
5976
2
1
1
3971
1
1
2
3
3
1
2
7730
1
2
5458
2
3
4
5
1
3
2729
1
9
1
2
3
4
5
7
6
4
3
2
1
1
11
4
1
1
1
2
13
4
1
5151
1
2
1
1
2
3
2
1
2
7921
2
3
4
5
6
1
2
1
1
2
3
1
1
2
3
4
1
3
2
1
1
2
1
7253
1
1
3
2672
2
1
1112
1113
1120
5
1
2
2
1
1
1
7332
1
4840
1
2
3
1
1
2
4500
1
1
2
6159
6157
6154
1
6023
1
3
1
1
2
1
2
3
4
5
1
5
1
2536
1
1
1
2
1
1
7571
2
1
1
1
1
2
1
7469
1
2
3
4
5
5
4
1
2
1
2
3
4
1
4
5
3
5
1
2
1
2
3026
1
2
1
2
1
2
2710
1
2
2583
1
2
1
2
5
6
2566
5
1
4690
1
1
3669
1
2
3
4
1
1
6704
1
1
1
1
1
1
1
1
1
1
1
1
1
1
1
1
2
3
4
5
6
7
8
9
10
11
1
2
3
6
11
1
2
1
9
3
5
4
3
1
7
4
4
3
1
1
1
1
1
1
2
3
1
1
2550
1
4312
647
3
4
6
7
1
1
1
1
1
2
3
1
2
2
2
1
2
3857
1
1
2
2
1
2
2
1
2
2
4
2
1
1
2
1
2
1
2
2
1
1
1
7265
1
2
4850
1
2
3
4
5
4852
1
1
1
2
1
2
1
1
2
1
7371
4
2
1
1
2
3
4
31
33
34
4
3
2
1
5
4
3
2
1
3
4
5
6
7
8
9
10
11
12
13
14
15
16
17
18
19
2399
6
5
4
3
2
1
7
6
5
4
3
2
1
1
2
3
4
5
6
7
8
9
10
11
12
13
14
15
16
17
1
2
3
4
5
6
7
1
2
3
1
2392
2393
2
1
7377
7374
4
3
2
1
5
4
3
2
1
6
5
4
3
2
1
7
6
5
4
3
2
1
9
8
7
6
5
4
3
2
1
2
3
4
5
6
7
10
9
8
7
6
5
4
3
2
1
6
10
1
2
3
11
1
13
2
1
14
4
3
2
1
15
5
4
3
2
1
10
25
24
23
22
21
20
19
18
17
16
15
14
13
12
11
10
9
8
7
26
25
24
23
22
21
20
19
1
27
26
25
24
23
22
21
20
19
18
17
16
15
14
13
12
11
10
9
8
7
6
5
4
3
2
1
29
24
23
22
21
3
2
1
5
7425
7422
7421
7420
7419
7417
7416
7412
7410
7407
7405
7404
4333
33
32
31
30
29
28
27
26
25
24
23
22
21
20
19
18
17
16
15
14
13
12
11
10
9
8
6
5
4
3
2
1
6468
6467
4
6464
3
1
1
2
1
1
1
2
1
1
2
2
3
4
5
4909
1
1
2
5637
2
3
1
1
2
1
1
1
2
1
1
1
1
2
1
2
1
2
1
2
1
2
1
1
2
2
1
1
3
2
1
1
2
1
2
1
1
1
1
1
1
2
1
1
1
2
5
6
1
1
4
1
1
1
1
1
1
1
1
1
2
1
2
1
1
2
3
2
1
1
2
2
1
1
1
1
1
1
1
1
3
4
5
2
1
7335
5
4
3
1
1
2
1
2
7863
1
1
1
2
2
1
2
3
4
1
2
3
1
4
1
1
1
1
1
1
2
3
4
1
3418
6
2
1
1
1
954
2
3631
2
1
2
1
1
1
1
1
1
1
1
5141
2
1
1
1
1
3
1
1
4474
1
1
1
1
1
1
1
1
2
3
1
5147
1
2
1
1
7
1
2
1
1
1
1
1
1
1
1
2
3
4
1
2
1
1
1
1
1
1
2
3
1
1
1
1
1
2
2
1
1
2
8160
2
1
1
2
1
1
1
1
1
1
2
3
4
5
1
1
1
1
2
3
4
3
1
4
1
1
1
1
2
6428
1
1
1
1
1
2
1
1
1
1
1
1
1
1
1
2
3
7536
2
3
4
7542
3
1
1
2
1
1
2
3
1
1
5
4
3
1
1
1
3
4
5
6
3770
2337
6
1
1
1
2
3
1
1
1
1
1
1
1
1
1
1
2
1
1
1
1
1
1
1
1
1
1
1
1
1
8424
8323
5822
5821
5820
1
1
1
2
8320
1
1
1
1
1
4
8476
2
1
8477
2
8478
3
2
1
1
1
2
1
2
1
5155
5154
1
5448
1
1
1
1
8160
1
1
2814
1
1
1
1
2
1
1
3
4
2
1
1
2
1
8900
8531
8472
8468
8466
8465
8462
8456
1
7
1
8512
7239
1
2
1
7999
1
1
2
1
2
1
8007
2
1
1
2
1
1
1
1
1
6927
1
1
1
1
1
1
1
2
3
1
1
1
4
1
1
1
1
1
1
1
2
1
1
1
1
1
1
1
1
1
1
2
3
3
7192
2306
2
1
1
1
1
2
1
1
6
7
8
2
3
2
1
8228
4
3
2
1
1
1
2
1
3
2
1
1
2
3
4
5
1
1
8646
8644
8643
7394
7393
7392
7391
7390
7388
4484
4
4
1
1
2
1
5642
1
1
2
1
2
1
2
1
7931
1
2
3
5
5
9
3
2
3
4
5
1
1
3
2
1
1
2
1
2
5772
1
1
2
1
1
1
2
4
3
1
1
1
2
3
4
5
6
7
4877
1
2
3
1
2
1
4201
1
2
1
1
1
2
3
5
1
8824
8802
1
2
8803
8804
1
8805
3
2
1
1
1
1
7598
2
1
1
1
1
1
1
1
7101
1
1
2
1
1
2
1
1
3
1
6146
6145
6144
6142
6141
2
6148
6146
1
1
1
1
1
8526
1
8523
1
1
8727
2
1
1
1
2
1
1
2
1
1
2
3
1
1
8104
1
1
2
3
1
8575
1
1
2
2
3
1
1
1
1
2
1
1
1
1
1
1
2
1
3
2
1
4
3
2
1
1
9247
9231
9229
1
2
1
2
1
4
3
2
1
4
3
2
1
5
4
3
2
1
1
2
1
1
2
1
8056
2
1
1
1
2
1
1
5285
3
2
9226
9226
9189
9160
1
9161
9158
1
3
2
1
9099
9140
1
1
9101
9100
3094
2
1577
3
9139
9136
9135
9134
9133
9132
9117
9163
9156
9155
1
1
1
2
9140
9139
9047
8967
8958
1
8959
2808
8914
1
8908
1
2
8909
8910
8898
8887
9083
1
8847
1
2
3
4
5
1
2
8822
3
2
1
8828
1
8820
8793
1
1
8787
8870
8869
8868
8863
8860
1
2
3
1
8782
8780
8792
8790
8759
8867
8695
1
1
2
8870
8698
2
1
8699
4
3
1
8693
8685
1
5004
8621
8589
8578
8578
1
8579
8570
1
1
9471
9332
8570
1
8571
8560
8534
8522
1
8522
8516
8514
9464
8503
8506
1
8507
8505
8505
1
2
8498
8498
1
8528
8527
8525
8518
8493
8483
8492
8511
8510
8461
8450
8456
8446
8446
8478
9227
8608
8607
8605
8603
8449
1
2
3
4
8606
8605
8682
8449
8444
8442
1
2
3
8443
6200
8444
8445
8445
8440
8377
8378
8289
1
2
8291
8274
8280
1
8336
8333
8332
8331
8330
8329
8328
8327
8326
8325
8324
8323
8322
8321
8320
8319
8280
8274
1
2
1
8231
1
8225
1
8225
1
5016
1
2
8227
7686
2
1
8197
8195
1
8206
8205
8183
8181
8175
1
8754
8161
1
8755
8162
8161
8158
6096
8100
8104
8101
1
8096
8079
9235
9234
8080
8079
8070
8069
8068
8067
8066
8065
8064
8063
8062
8061
8060
8059
8058
8057
8056
8055
8054
8053
8052
8051
8050
8027
1
8025
8011
1
8010
8010
1
8009
8008
8001
8000
8001
1
8002
1
7932
7919
1
7870
7850
7850
7845
7831
1
7836
1
7837
1
7814
7814
7794
7791
7791
7800
8766
7803
7802
7752
1
1
7755
1
2
7756
1
7757
7755
1
7757
7757
7757
7757
1
2
3
7759
7759
7758
1
2
6549
6548
7760
1
7761
7753
7734
7734
7736
1
1
7736
6436
7738
7737
1
7738
7738
7802
7801
7800
7734
7730
7730
7727
7684
1
7665
7648
7641
1
2
7639
7624
7621
7597
1
2
7593
7567
7599
7598
7550
1
7494
7485
7474
1
2
3
4
1
1
5
1
7442
1
7347
1
8004
7282
7287
7286
7270
1
7214
7214
1
7184
7184
2030
2
1
2
3
7184
7181
7185
7184
7166
7146
7121
7001
6979
6952
1
1
2
1
2431
3
6868
6866
6866
6863
6863
6855
6854
6847
6846
1
8591
6836
6830
1
6831
6823
1
6780
6752
6678
6680
1
2
6682
1
1
1
6690
6691
6690
6688
6684
1
6685
6685
6685
6685
6683
1
1
2
1
6625
6621
1
6619
6593
6553
6548
6551
6550
6515
6494
1
6495
1
2
6495
6494
1
6491
6454
6433
6357
9482
7740
7723
6337
1
1
6330
6327
2503
1
1
2
6328
6328
1
6326
6308
6311
6319
6316
6267
6264
1
6264
6263
1
2
6261
1
2
6264
6262
6246
1
7215
1
6216
6201
1
1
6207
2
6205
1
6206
1
6209
1
6212
6185
6185
6185
6183
6181
1
6184
6182
6180
6140
6134
1
6120
1
2
1
6123
1
2
6076
6066
6059
1
2
1
6019
1
2
6019
5988
5987
5936
5923
6920
5892
1
5788
1
5798
5784
5798
5797
5796
5795
5794
5793
5792
5790
5676
1
5614
5595
1
2
1
5590
5589
5554
5553
1
2
3
5505
5494
5422
5422
5387
1
2
3
4
5386
5373
1
5372
7392
5384
5383
5382
5354
5357
5359
5361
1
5363
5364
5364
1
5365
5350
1
2
1
1
2
1
5326
5325
5303
1
5106
1
5107
5040
4966
2857
4864
4763
4719
1
1
2
4718
4707
1
4683
1
2
1
9402
4599
4513
4504
4488
4485
4471
10510
5962
4470
1
4472
4471
4470
4409
4409
4351
4351
4198
1
1
4139
3942
3942
8293
8294
3850
3777
1
3775
3769
3753
1
3708
1
1
3377
9852
3557
3061
10514
3039
1
10515
3038
2898
2884
1
2721
1
2480
1
