5
1686
2
1
30
21
29
3
1
2
19
20
7
35
1687
1715
763
668
3
2
1
2
9
4
8
879
886
964
952
1
2
3
5
7
1
1678
8
6
1
9
4
7
10
20
2
1
17
11
1
2
21
2
1
30
241
1
19
9
3
2
211
1
240
1
1
2
3
2
1
3
24
2
12
1
3
5
7
6
5
15
21
14
2
6
153
8
9
152
23
1
22
12
9
2
17
1
177
10
176
5
1
161
3
4
12
20
13
21
15
12
13
33
1
2
26
13
15
7
57
1
78
1
7
3
79
60
27
2
1
475
10
467
1
3
5
1
465
1
8
4
5
1
4
1
468
2
4
452
2
8
1
7
9
4
2
12
2
1
50
71
7
1
4
3
9
2
6
2
49
2
68
1
21
15
6
47
78
49
2
3
3
1686
1672
603
11
9
2
2
1
70
614
1
2
3
533
3
617
618
2
7
4
1
10
4
7
1
69
4
3
1
3
2
1
1
2
2
5
1
615
5
3
719
3
720
5
1
8
4
2
1
727
723
8
4
3
54
1
6
1
2
9
68
71
5
2
20
19
40
7
1
1
35
2
2
18
1
12
1
21
27
15
4
6
11
14
1
1
2
2
2
51
19
1
251
252
1
249
5
4
11
34
37
248
2
1
2
6
24
1
3
4
1
3
17
1
25
813
8
814
1
788
23
2
18
1
8
1
869
829
2
1
868
9
821
3
40
1
1
2
3
2
3
47
27
17
63
2
45
1
14
46
560
24
22
6
19
21
35
26
11
8
10
7
5
4
2
17
28
197
21
1
1
9
23
24
233
225
2
3
1
2
4
9
3
2
46
48
19
8
3
2
1
8
598
7
593
12
17
20
15
12
2
13
1
16
5
610
3
2
1
10
1
10
1
613
2
4
1
29
1
549
1
1
6
4
2
668
53
673
43
2
3
5
6
1
2
2
1
2
1
614
1
1
1
2
1363
1286
1
40
1364
41
2
1289
1288
4
3
1286
1405
90
84
77
89
1407
61
68
67
63
12
13
9
1
1
2
1
73
1
2
5
1
34
68
2
12
1
4
3
8
17
1
25
1
3
2
4
7
3
3
4
37
35
6
6
3
3
2
1
3
9
21
22
3
2
4
5
92
19
74
2
1
1
1
20
10
3
21
25
3
2
2
1
10
1
9
1
11
2
9
1
2
30
1
28
2
4
4
1
31
34
2
4
6
1
30
8
2
3
6
1
1
3
30
2
3
9
1
1
15
6
2
1
6
4
3
2
8
3
16
6
22
1
2
8
4
8
16
29
27
502
504
528
12
507
1
16
19
4
13
488
1
2
2
61
18
26
487
59
21
495
496
1
4
13
1
8
2
3
2
12
1
5
1
6
28
4
1
2
104
7
29
102
4
111
5
2
7
104
72
2
4
3
1
73
31
70
4
2
71
3
1
4
36
66
1
3
8
1
34
35
1
2
72
1
89
2
7
5
1
2
1
2
11
91
12
9
84
2
6
94
1
1
2
42
7
2
3
1
5
2
4
35
44
60
1
4
2
10
61
70
201
1
2
1
4
6
3
4
1
3
12
18
20
2
1
3
2
3
5
4
1
1
8
45
14
2
17
3
1
1
2
20
1
2
6
24
8
51
26
2
1
18
9
1522
15
1
1
17
128
1505
1
2
1650
1649
1
14
5
143
9
2
5
18
4
1507
15
2
1
3
1
6
6
2
7
3
22
1
4
1
2
2
1
3
1
2
15
1
19
2
2
757
1
2
5
4
91
94
1
1
2
38
1
2
87
3
49
4
6
723
655
86
95
2
6
1
4
3
4
12
48
1
2
11
51
36
1
1
2
5
8
3
17
35
5
1
2
4
10
3
1
1
3
5
4
2
3
729
3
6
2
5
16
1
1
732
22
18
3
771
772
786
2
1
4
2
10
1
12
8
749
21
29
2
6
8
2
1
1
7
14
788
1
3
776
6
9
8
2
1
14
11
782
1
3
785
32
15
20
3
2
5
4
1
1433
1442
1431
2
8
1435
36
2
7
3
1443
655
1
683
5
9
1
32
2
1398
1399
9
8
5
1
729
654
1
728
2
1
75
8
6
11
3
2
1
3
4
1
1
4
2
7
13
6
1
9
4
1
2
5
14
3
4
1
15
7
1
3
3
36
7
43
45
6
8
13
41
42
4
5
2
8
2
4
6
58
5
1
2
1
2
1
39
2
1
4
3
5
8
7
1
4
1
22
5
30
2
25
26
23
2
8
267
1
256
3
253
6
250
7
4
11
2
3
17
6
14
3
261
1
257
257
203
4
1
2
54
6
11
12
3
1
7
2
1
1
260
1
3
2
2
251
1
3
10
4
20
1
1
4
17
16
2
10
2
1
9
11
5
3
21
38
44
46
1
1
3
17
6
1
2
1
5
2
6
4
3
1
1
19
25
3
14
1
2
3
9
1170
1
1
1194
28
5
1179
4
2
1
1178
6
51
1
78
49
1076
1079
2
1
2
50
3
1
2
49
1
29
1154
1150
1132
4
6
2
3
4
1077
1
6
1027
3
5
2
14
75
88
1
1
81
9
68
7
69
89
15
52
13
7
5
2
82
93
92
11
1
11
6
1038
2
11
12
1
1049
1032
1
2
3
8
4
2
1087
1031
3
1
6
4
9
7
16
14
13
15
5
2
1
2
3
1
2
1
2
9
7
1
1
1
1
12
2
2
1
3
4
3
3
1
60
4
2
66
68
16
2
57
43
55
44
14
10
1
1
1
7
2
2
6
2
12
2
52
62
10
18
29
16
8
2
7
11
1
2
2
31
38
1
21
9
2
24
2
9
1
5
7
1
26
25
1
2
6
2
1
28
31
133
6
21
1
5
2
164
1
1
2
179
4
5
3
161
180
4
1
4
2
22
158
183
120
9
8
17
29
63
76
2
1
3
1
4
2
2
2
11
1
3
6
4
1
2
34
28
6
4
3
2
13
15
10
12
14
1
11
15
3
1
5
4
1
22
2
3
4
4
3
1
5
1
12
118
2
1
7
102
12
8
1
2
5
11
3
1
1
43
966
45
2
1
963
979
982
2
1
21
36
44
3
2
1
7
16
3
11
921
1
7
30
3
13
1
1
4
5
3
8
1
10
12
2
63
1
2
1
87
1
43
23
4
88
91
5
86
68
3
15
19
18
5
6
1
9
11
4
6
12
1
3
1
8
9
1
7
47
1
20
2
48
20
19
22
2
1
1
2
1
7
1
2
4
2
80
82
1
729
54
70
36
4
2
18
52
3
34
56
57
41
66
22
1
2
4
55
2
767
157
764
45
57
56
1
47
43
1
221
924
4
1
3
2
920
1
2
156
4
1
820
13
12
1
160
222
4
174
1
16
175
169
13
11
1
1
2
7
59
10
9
31
58
5
6
2
3
4
22
1
1
237
241
77
1
2
238
3
1
4
41
49
318
96
78
1
4
1
3
6
1
2
5
2
25
12
7
3
3
4
2
1
9
10
9
39
1
1
45
3
2
2
6
36
3
3
9
2
44
1
7
1
3
23
24
9
39
7
6
5
4
3
4
2
5
1
28
5
4
1
2
6
1
26
23
2
21
7
3
7
5
1
3
1
2
3
1
2
4
27
2
3
3
5
4
1
2
6
1
2
42
23
36
1
420
9
4
2
1
1
2
16
3
5
12
19
13
1
1
4
4
7
4
1
14
13
3
2
1
1
732
9
4
2
719
2
3
1
1
1
21
599
20
14
2
598
619
20
1290
1286
621
1
1
1
5
10
4
19
21
2
613
1
614
17
1
18
6
1
2
4
1
1
5
6
1
2
3
5
7
5
22
2
4
5
3
2
526
572
4
5
16
15
48
34
574
576
1
7
11
1
63
4
145
141
82
31
53
54
1
40
39
1
46
14
2
4
32
1
1
2
22
26
2
7
1
15
2
1
4
10
50
130
3
14
2
80
8
6
26
18
7
1
3
15
24
18
20
1
2
1
1
4
2
2
3
7
1
2
45
40
1884
46
5
3
412
7
6
1
4
5
9
3
1
53
2
32
2
3
6
62
43
65
2
1
2
1
3
21
4
3
2
34
6
1
59
41
2
23
7
3
5
18
25
1
1
7
6
20
18
5
2
1
4
3
32
55
1
2
1
13
1
7
3
1
23
2
2
5
1
1
3
1
2
7
5
11
1
3
1
4
2
3
4
11
1991
24
19
1
7
2
3
20
3
12
4
2
1967
1
2
42
1972
22
1965
20
7
1
2013
10
13
3
1
68
5
2
71
18
7
70
1
2
3
4
6
2
1
37
36
1
70
11
2
59
10
6
9
6
8
4
3
2
3
2
13
1
1
450
1
9
2
3
1
1
64
1
3
15
16
13
2
1
504
18
4
17
3
2
1
14
2
1
2
2
3
1
16
14
1
4
1
3
41
566
1
563
565
550
53
3
4
4
54
5
1
2
2
18
567
27
500
497
1
5
1
3
5
1
2
36
10
7
2
1
44
1
2
4
3
8
7
45
70
69
547
50
1
2
117
118
1
3
1
68
53
2
1
4
4
3
9
1
118
51
1
15
26
1
1
27
7
2
5
11
14
25
478
2
1
11
3
466
2
3
18
13
8
38
45
32
5
2
1
22
20
1
5
3
2
35
37
6
1
9
1
16
23
2
1
2
1
7
1
11
2
10
79
4
8
80
11
10
6
5
3
1
3
2
1
1
6
2
60
6
157
56
12
2
7
1
4
4
2
110
2
3
1
8
11
109
1
121
2
1
3
1
111
2
14
5
1
2
5
3
123
3
2
1
4
3
5
48
144
163
1
1
2
22
14
175
213
2
10
9
740
13
11
118
739
127
126
618
1
1
2
3
613
2
1
726
621
107
6
620
7
1
2
9
771
1
2
1
2
5
3
2
1
8
5
14
9
5
1
1
3
4
7
2
1
1
9
19
1
4
762
750
1
4
2
1
1
11
13
2
37
3
2
1
12
1
11
17
6
1
5
44
40
1
39
4
35
40
3
4
43
1
15
13
2
3
1
14
2
1
13
3
16
56
1
10
72
9
1
4
2
11
15
1
1
11
14
1
26
2
5
12
13
2
4
4
10
2
2
1
50
5
1
6
7
3
16
1
8
9
7
1
1
45
1
17
2
11
8
1
1
13
5
3
18
2
1
3
9
2
4
47
10
8
6
5
42
146
142
39
95
1
47
188
3
4
20
8
2
9
1
11
14
5
3
1
3
6
2
10
1
2
6
4
3
9
9
16
4
3
1
143
138
1
2
1
2
2
141
139
5
185
13
485
2
3
7
6
14
481
5
4
141
1
1
2
1
2
4
1
1
40
7
1
1
8
2
25
26
9
1
3
5
1
3
1
17
16
19
15
5
14
112
103
110
1
1
12
4
3
1
3
4
97
96
105
563
9
2
6
3
102
1
3
15
2
1
3
4
93
1
1
1
8
7
1
4
7
2
2
3
1
6
63
1
2
3
2
4
65
62
2
3
6
4
3
1
4
2
1
1
1
60
93
33
31
18
1
3
17
14
3
3
1
2
9
37
3
2
10
2
1
757
1
128
110
1
4
129
2
1
41
66
109
3
1
39
30
1
4
7
2
9
43
1
6
1
2
2
4
3
13
2
1
758
1648
2
6
8
10
1
3
9
11
12
1
1
2
3
1
18
2
2
1650
2
1
10
12
1660
1
1
2
3
2
1685
2
1
2
1
5
1528
21
3
2
1
2
1543
6
1
1
3
5
4
1
8
788
1545
5
13
1
8
16
13
9
1
8
5
2
3
1
24
10
1
1
2
14
1
25
5
2
9
2
20
759
1
1
19
765
3
2
51
47
46
2
1
785
784
27
7
3
5
7
768
1
781
53
780
49
3
2
4
1
20
1
1
3
779
2
3
4
1
2
2
10
871
3
9
4
1
880
1
867
1
865
868
825
2
7
5
1
6
10
8
29
2
1
1
30
31
1
2
1
2
31
2
4
1
4
1
2
8
5
7
3
1
38
40
3
1
78
1
2
1
8
6
1
14
12
37
1
1
2
3
2
4
1
3
2
15
6
1
3
1
17
1
6
9
5
1
14
12
5
2
1
1
3
1
2
17
1
3
2
2
3
3
13
5
5
4
11
64
31
1
7
51
53
10
95
96
101
16
17
3
36
1
7
2
1
5
19
15
1
5
10
17
2
4
4
2
2
3
8
1
30
10
26
11
27
1
28
49
43
44
1
1
2
2
2
1
678
12
4
1
1
2
666
668
64
65
2
3
62
10
1
670
615
2
5
5
1
20
41
1
2
13
11
1
1
550
17
1
614
65
1
66
12
15
5
4
54
1
2
16
17
5
1
27
3
3
1
1
1
15
12
1
2
1
6
24
29
52
28
17
28
2
552
9
8
563
13
2
553
1
4
1
19
562
6
2
2
8
2
19
9
1
11
2
5
10
1
1
2
5
4
1
6
51
66
3
2
1
6
15
1
86
89
50
48
17
23
239
3
20
1
5
1
4
2
556
13
4
3
1389
1382
16
15
7
11
10
1
3
9
15
2
1383
1386
5
1
42
1
6
7
2
3
2
1
1
8
30
14
17
7
1
1
6
47
31
3
1
1
7
48
1
2
3
1
1
1425
4
37
1474
1473
1266
2
1424
50
53
5
1
3
50
1
3
7
2
35
33
57
51
6
2
5
1
3
37
27
34
1
1
10
1
1
6
35
1
1
4
5
2
1
2
3
2
51
29
49
5
4
2
1
3
6
1
2
10
7
4
1
2
9
2
4
3
4
26
55
57
6
3
3
1
11
2
1
20
14
3
2
237
1
15
5
2
1
4
1
2
7
5
4
1
7
24
1
2
25
8
1240
7
2
1
1
2
1
1
256
3
5
1
2
7
1
10
5
2
31
1231
9
1230
3
2
1
2
3
33
1
35
1231
1261
1
23
1262
4
3
1
1285
1
1
5
4
2
14
4
12
4
5
1
12
1165
1166
4
1
8
1
7
24
2
2
1
11
9
5
6
10
1
1181
2
4
157
158
11
152
20
1
25
1
4
2
1
163
153
156
94
110
28
1168
1169
1173
2
1194
1
1193
1192
2
4
33
3
1
2
2
145
148
12
35
5
32
151
1
164
153
146
3
4
3
165
27
6
3
6
107
1
28
47
163
56
6
1
3
1
2
1
46
2
4
1
3
6
5
3
3
3
2
1
2
6
1
1
11
1
21
62
12
12
1
4
11
18
1
6
7
1
3
95
1
2
5
1
4
1
2
15
27
3
1
1
2
1
2
85
69
7
19
3
2
4
11
3
18
3
8
7
5
31
2
6
5
16
83
91
16
2
10
1
11
22
1
2
26
27
1
2
10
1
2
9
24
1
28
50
2
1
2
5
8
1
1
1
8
7
2
9
3
16
47
1030
3
1
6
31
10
3
1
2
26
2
1
1
4
9
7
7
1
6
2
1
1
7
4
51
53
36
1
8
1033
1034
1032
1179
1024
2
6
7
1
164
1
2
3
11
5
1
4
1
8
5
2
3
2
1
3
1
6
1
4
3
1
5
3
1
4
3
2
2
1
1
4
7
1
2
3
1
1
7
12
1
2
1
4
1
14
57
58
7
1
6
1
3
2
4
7
5
1
2
1
3
12
16
1
7
9
3
2
6
3
11
17
2
3
4
1
8
1
2
3
4
10
466
2
1
3
3
1
5
6
6
3
5
128
84
476
4
13
3
1
2
21
15
9
13
1
3
4
8
162
157
1
19
20
1
2
3
2
1
12
13
2
5
5
26
44
3
1
37
20
18
1
14
2
5
4
4
13
3
1
7
7
3
17
1
6
2
1
1
8
3
6
1
2
7
2
7
38
41
4
1
31
30
109
47
52
6
19
18
1
1
2
10
11
58
51
60
1
1
18
2
1095
50
1093
8
1
1
1
2
7
1
3
44
49
1043
6
2
4
3
14
6
5
1
8
4
9
8
11
30
10
2
4
4
1
3
1
1
5
1
3
2
19
2
15
1
23
24
1
1
2
3
8
4
20
21
4
1
1
14
1
8
7
28
2
1
1
35
27
8
2
3
1
47
45
2
48
6
86
22
65
67
19
1
2
5
3
17
1
3
12
6
3
7
23
3
1
2
3
1
61
18
4
3
2
1
60
2
1
6
4
13
14
1
8
10
90
8
89
1
1
2
1
6
2
7
48
4
1
2
1
60
5
1
5
1
3
1
6
16
4
1
65
1
3
4
2
72
1
4
3
62
1
6
2
71
1
1
10
6
5
1
70
19
16
10
18
8
1
3
2
8
2
5
1
3
3
14
1
2
40
16
4
39
1
2
5
33
49
3
1
35
1
12
14
627
1
2
4
1
11
14
38
1
613
1
46
54
6
26
8
5
1
2
3
1
2
1
8
4
2
10
2
2
1
5
3
13
10
1
5
734
6
12
2
1
4
810
4
3
81
1
82
811
864
1
1
24
54
2
2
18
728
19
18
10
3
3
2
13
1
1
4
9
12
6
1
7
19
1
17
2
5
710
22
1
2
6
1
32
1
2
28
3
3
5
38
1
2
1
25
21
16
983
3
4
23
1
27
1
2
56
57
24
1007
8
1
6
7
3
1
1
4
6
2
2
1
7
4
5
12
18
6
12
4
3
1
1
2
9
1
1
8
3
53
1
65
3
10
72
62
1
1
160
3
2
119
2
1
214
118
3
1
4
27
163
156
41
28
8
1
7
1
5
16
18
1
10
213
6
2
1
3
5
2
9
8
1
1
2
44
46
223
1
241
314
18
1
2
313
2
1
19
258
1
555
259
543
19
3
13
314
315
2
1
2
1
1
19
313
51
317
18
335
27
1
1
3
2
1
1
263
262
3
1
2
7
8
52
5
10
3
6
11
1
4
2
6
3
4
6
3
9
41
28
25
1
2
6
1
4
5
9
5
2
4
1
1
2
3
14
21
1
2
3
5
8
1
22
29
1
30
2
1
17
24
25
1
2
23
40
3
15
16
53
29
2
1
14
246
269
9
1
2
255
6
2
8
5
1
15
1
3
260
1
1
257
8
1
1
1
1
3
5
46
5
1
9
2
6
2
2
1
222
1
2
4
183
200
1
2
2
3
13
1
198
191
180
179
17
5
22
9
4
5
647
641
450
1
1
2
1
6
646
6
451
10
8
11
452
1
2
11
4
218
2
6
1
2
3
1
1
1290
2
2
14
1
3
1
2
4
10
82
8
1
2
1
10
1
3
5
1
2
3
1
1
6
1
4
3
1
630
656
1
2
1
10
9
655
1
673
672
6
3
9
1
84
133
83
132
61
59
58
50
1
71
70
1
6
5
1
671
660
730
7
13
13
2
11
20
1
1
3
4
14
11
12
2
1
1
4
1
1
22
1
24
4
5
3
2
4
1291
6
2
1
7
1
4
3
2
1
1
4
2
8
14
1
2
680
654
628
5
683
2
1
678
1
1
28
26
3
1
2
13
35
26
677
25
1
2
661
2
1
2
7
4
2
1
88
662
659
1
4
4
3
1
17
20
19
2
23
2
11
652
2
1
90
89
1
1
2
5
6
13
2
1
3
12
1
2
7
2
1
1
12
6
2
5
1
5
6
1
6
10
2
1
4
1
2
76
12
78
29
1
28
6
64
2
1
1
49
1
1
50
1
34
39
89
60
40
1
2
1
59
149
1
2
4
42
35
1
2
12
3
2
7
1
60
59
1
72
3
127
9
82
79
15
6
31
3
4
7
28
8
40
3
51
1
1
11
1
64
4
21
1
2
22
1
50
132
1
2
1
128
24
153
133
2
4
1
3
2
14
20
1
1
2
1
12
5
14
9
1
2
9
8
2
5
2
6
2
3
8
18
2
1
1
2
1
5
6
4
1907
1910
6
7
13
1
49
52
7
20
12
2
3
5
18
2
3
1
20
12
19
1
1
6
10
75
3
9
1
2
2
7
52
47
2
1
3
47
45
20
21
22
5
2
5
3
1
1
60
2
29
4
1
1
59
2
27
22
20
1
4
3
1
25
22
14
7
1
86
6
2
1
4
1
2
6
5
2
5
4
24
4
90
3
2
1
123
89
1
1
1
19
2
124
6
32
34
1
31
2025
1491
944
2
1
1
3
3
1
1
7
34
95
3
2
2
4
22
21
6
6
35
30
27
12
15
18
15
13
5
111
25
2
24
1
1
2
2
1903
19
3
1
1
2
21
1
16
1
40
41
2
5
1
2
91
1
50
5
2014
1
7
1
90
1
2
1
1
2
60
2
5
61
28
3
2
1
58
35
89
1
2
4
57
1
13
5
10
92
1
2
11
18
3
82
6
56
1
4
58
3
54
49
5
1
1882
1922
1
2
42
1923
2
1
7
1
41
27
7
26
1
6
4
25
34
455
454
4
2
1
1
25
19
21
6
5
77
2
1908
1496
13
9
429
1
451
459
1
2
1
5
1
4
1
3
2
1
10
9
1
1
3
698
52
63
61
565
567
704
703
2
8
136
25
2
6
1
500
11
506
502
2
1
2
16
488
1
4
7
5
1
1
3
2
1
6
3
16
1
13
2
10
27
1
8
10
8
2
15
1
2
3
538
536
4
1
537
38
547
1
37
2
534
10
585
45
46
2
25
1
26
1
28
1
11
12
4
2
3
1
30
4
29
28
25
21
1
19
2
27
2
6
1
4
1
1
1
5
2
2
27
9
26
2
3
8
1
4
2
1
2
1
29
28
3
20
17
1
1
3
1
5
6
5
1
1
28
27
10
8
7
2
1
2
1
470
18
4
5
8
22
5
6
18
13
20
2
2
3
1
2
3
3
2
42
69
45
70
1
58
67
60
31
44
20
30
1
6
1
2
11
6
10
9
21
1
49
24
2
22
1
2
1
3
4
1
2
1
2
30
43
1
3
1
3
1
2
50
48
46
1
1
3
2
51
2
3
906
27
2
1
385
443
384
905
1
2
11
932
1
13
1
905
907
921
17
16
2
1
1
7
1
16
72
4
17
6
5
3
23
6
3
2
1
5
4
1
24
28
29
113
12
1
70
2
25
29
1
1
4
2
5
114
24
112
1
4
2
1
5
2
1
1
23
49
4
1
2
54
110
45
5
3
43
1
3
2
56
12
1
2
3
9
1
2
8
6
4
3
4
2
1
1
4
3
1
9
1
2
46
169
8
1
1
2
2
1
170
7
2
9
48
16
10
1
5
2
8
57
52
2
5
113
111
64
19
40
6
18
1
22
1
3
42
25
1
2
23
1
5
2
3
9
6
50
3
2
37
36
21
51
35
176
1
37
39
1
45
1
1
6
5
42
2
3
2
1
1
16
3
2
171
8
4
7
73
2
1
18
15
14
2
4
11
10
3
1
1
14
17
2
12
18
3
14
5
5
74
1
19
75
61
3
1
9
11
19
1
2
3
10
1
2
725
46
2
1
56
1
8
43
1
4
1
12
57
56
42
2
1
13
8
4
10
12
14
2
1
1
758
6
7
3
1
3
2
1
1
7
4
2
2
6
19
3
142
1
4
1
1
7
120
124
2
123
900
882
8
3
9
14
2
759
8
1
17
7
2
1
2
17
767
9
1
18
2
5
3
34
35
1
20
613
3
2
614
14
21
6
633
1
3
489
1
1
1
2
3
144
8
3
19
557
600
14
13
27
5
2
488
1
4
1
1
4
1
2
1
535
5
8
5
9
1
1
2
1
1
2
37
3
1
24
13
1
21
20
21
14
9
3
1
1
38
12
1
2
1
9
2
4
5
4
3
1
3
2
1
5
1
44
2
7
5
1
4
3
5
6
13
27
1
17
3
21
1
2
55
536
591
594
59
63
4
2
1
1
1
186
2
3
1
4
46
1
1
4
6
3
1
2
3
49
2
1
7
1
2
35
1
467
6
5
501
2
1
2
3
2
9
5
7
8
2
2
1
3
1
4
3
2
4
2
6
1
6
5
4
3
8
7
6
8
5
1
4
5
13
10
6
864
40
867
42
27
62
424
63
2
7
13
1
3
2
1
1
1
60
39
10
23
38
1
5
2
1
29
2
3
32
27
1
5
1
31
14
2
1
399
1
14
4
5
9
447
441
443
397
1
6
2
10
5
11
3
8
3
1
1
2
480
2
1
1
23
12
478
14
503
2
14
22
16
3
6
4
2
2
5
8
6
11
12
9
55
41
47
1
37
1
46
2
7
3
5
3
1
2
1
3
1
5
4
27
16
46
6
4
36
2
502
1
7
4
2
1
5
11
1
1
2
2
8
1
3
7
10
211
2
1
1
1
1
4
2
8
1
6
2
2
1
2
1
4
12
1
29
36
4
59
3
7
1
10
3
2
6
4
25
16
1
7
5
1
134
143
3
146
144
142
10
22
4
2
1
3
1
1
1
2
2
7
3
9
4
8
1
833
824
2
1
4
1
1
6
3
20
4
3
1
2
22
24
9
12
2
21
26
7
8
79
2
5
3
1
71
4
2
3
1
12
22
9
2
129
51
15
2
2
78
52
113
114
3
1
2
4
104
97
110
106
50
1
2
4
7
2
53
15
8
5
4
1
7
6
10
1
5
2
3
726
1
2
1
5
1
2
1
1
1
3
2
3
2
10
4
1
2
55
60
50
620
619
56
1
675
11
60
615
6
30
5
4
15
3
5
1
50
49
2
1
5
5
4
39
6
23
1
2
37
3
1
1
4
4
2
41
2
6
26
324
322
11
43
1
2
3
365
3
10
5
2
1
1
362
3
1
5
36
269
1
2
2
79
2
1
50
3
2
11
1
7
1
10
1
5
6
168
1
36
1232
1
2
1
3
1
3
1
207
22
1
1
2
5
2
1
12
8
1
7
1
6
2
1
1
6
4
1
2
2
1
14
2
1
3
2
8
1286
1118
10
1121
1
9
8
5
16
1
3
17
1136
1131
3
1
2
1
2
1
19
4
3
1
15
1153
1
2
1
5
2
4
1
1
3
7
8
10
4
14
2
1
21
4
3
2
3
1
26
4
3
1
1
1
2
3
2
1
37
1
7
8
3
10
38
13
14
81
1
49
46
2
87
1
5
4
1
2
1
36
1096
1
29
2
3
24
17
15
2
5
2
1
3
7
2
5
1
1
2
1
4
1
6
64
2
2
3
4
6
3
7
70
11
3
1
1
2
1
3
2
1
112
2
1
10
63
62
1
111
1
7
1
13
45
47
4
2
1
2
2
1
9
9
7
4
2
5
1
1085
78
85
79
1
1
2
1
19
64
1
1
2
69
82
13
1
1
26
2
20
1
1
1
21
2
4
24
3
1
1
1
2
2
1
1
7
32
6
2
2
55
52
1
3
12
57
15
1
2
3
8
1
7
9
2
14
2
1
2
1
29
3
2
1
5
14
1
3
5
1
3
13
16
2
4
1
2
1
3
2
5
14
1
3
1
1
51
23
10
221
4
2
47
3
4
2
1
3
462
2
3
1
6
2
3
11
1
2
419
1
1
656
17
15
1
2
18
4
3
1
3
24
23
2
1
1
8
1
1
2
3
2
2
3
1
4
1
2
1
2
5
2
1
1
2
51
1
1
1
2
21
145
3
16
19
17
4
2
1
26
1
5
2
1995
2012
1994
8
6
16
17
1
2
1
11
3
2
3
1
10
1
4
8
6
2
3
8
8
6
2
1
6
14
1
4
2
1
1
7
21
6
13
1
1
2
11
1
17
15
14
489
1
7
6
1
4
3
2
16
24
8
4
44
7
1
1
2
4
14
57
61
1
4
3
3
24
1
1
32
18
14
19
2
5
1
2
10
15
2
1
3
904
4
161
163
1
8
6
2
1
39
11
1
6
4
2
16
17
2
14
1
6
1
3
8
27
39
3
1
10
6
77
55
52
2
1
3
1
2
15
2
3
3
2
40
43
2
1
1
29
43
9
30
2
1
2
1
1
4
1
2
1
2
15
5
1
6
9
13
3
1
4
4
8
22
1
1
3
