1255
26
24
9
31
236
61
199
222
884
1544
78
834
766
1425
45
1385
85
759
1142
1180
290
1477
1362
35
7
1218
1327
1430
1463
1423
1218
1515
596
1351
1356
1350
619
687
700
2
1
595
5
67
61
678
664
1115
662
1
594
9
396
2
592
47
14
664
1044
1182
41
8
658
1038
299
660
490
485
572
301
457
310
610
633
870
820
231
313
792
617
793
581
800
664
796
191
546
620
571
846
325
244
417
332
941
936
121
752
6
141
159
182
1321
1271
682
505
138
341
1068
1063
1055
342
1032
1251
213
345
642
95
169
1022
108
102
115
1297
126
207
488
483
574
299
459
312
612
635
868
818
903
229
52
315
794
795
579
798
666
798
189
548
622
569
734
844
327
419
334
345
3
84
32
220
26
11
29
465
7
12
404
141
7
9
99
8
115
41
40
45
15
23
46
193
59
61
151
167
1198
1200
417
414
11
12
39
40
4
7
37
29
6
160
161
1085
206
302
5
46
507
176
1034
367
108
199
148
313
18
1228
173
93
214
163
298
33
1243
158
111
196
145
316
15
1225
176
381
372
389
266
291
973
54
652
166
746
12
699
670
747
370
864
6
64
68
383
70
603
472
639
158
111
829
103
110
232
98
100
190
12
206
50
51
46
76
68
45
349
1126
1068
362
497
813
1024
167
314
361
1076
61
184
76
20
68
72
16
911
197
1
183
494
489
568
305
606
629
874
824
235
309
788
789
585
660
792
195
542
616
575
850
321
42
133
26
51
1
1
91
808
941
1000
4
26
18
5
3
5
25
17
6
4
1
29
21
2
1146
32
1237
1148
30
1039
1239
365
569
337
456
362
566
334
453
8
1
2
48
34
43
319
108
9
7
18
273
199
109
32
10
6
19
200
1033
934
918
943
571
1540
1573
1533
1328
1625
1542
49
1124
1337
982
683
1143
258
26
819
373
348
1181
1204
299
242
585
504
521
1219
815
903
969
974
900
1
1276
833
966
1025
33
912
97
361
494
1094
1098
1101
1105
1121
1122
1114
1103
1097
1110
961
876
443
144
217
392
74
201
555
125
731
236
12
48
316
306
93
718
7
80
1127
54
73
2
1
376
1218
727
654
788
661
1438
1365
1499
1372
94
545
645
944
631
1082
629
14
862
865
859
69
4
130
3
8
81
53
74
195
369
296
430
303
1227
842
182
810
1109
1594
800
796
1247
794
179
195
35
48
2
58
62
389
64
2
1491
1524
1484
1279
1576
721
6
7
862
1432
501
400
82
209
547
133
723
244
4
40
507
454
447
129
256
500
180
676
291
43
7
460
1172
910
100
1182
12
4
315
19
11
1090
21
1566
15
16
1138
146
19
1627
58
764
650
8
259
252
649
529
459
701
79
514
579
305
2
2
209
508
10
13
606
674
710
663
1
2
1
88
36
224
30
15
33
469
3
155
777
575
557
7
854
835
87
932
656
19
576
15
292
1097
478
608
584
50
41
1279
915
462
107
297
75
520
71
236
1041
422
552
528
6
97
859
406
163
353
27
568
23
284
1089
470
600
576
42
49
907
454
115
305
23
572
19
288
1093
474
604
580
46
45
911
458
301
84
1094
679
205
141
504
798
811
380
101
148
863
798
997
1020
10
1287
504
5
1282
499
558
102
245
905
361
778
12
779
13
10
11
595
527
894
1245
10
825
20
180
876
910
782
10
7
8
26
532
4
8
11
15
31
32
24
13
7
20
2
1257
1156
7
33
238
59
860
1175
86
15
311
4
1
8
807
489
503
288
96
119
1198
714
640
612
1015
1018
1021
1184
556
604
557
219
93
2
796
850
46
51
902
1139
1095
786
782
1233
780
7
165
740
211
1359
1360
1352
1341
1335
1348
181
21
1
7
5
2
2
7
299
130
25
1236
277
119
82
127
1098
1099
39
1100
67
6
29
134
1120
486
1062
31
15
297
132
27
1234
279
117
80
125
1096
1097
37
1098
65
8
27
136
1118
484
1060
29
13
294
135
30
1231
282
114
77
122
1093
1094
34
1095
62
11
554
24
139
1115
481
1057
26
10
127
1151
286
200
58
15
20
143
1111
473
477
1053
22
6
291
195
53
20
15
148
1106
472
108
1048
17
1
118
22
939
854
626
4
22
854
850
1103
309
431
801
290
285
637
821
177
1532
120
2
1230
139
144
208
1250
252
1
211
1254
276
34
39
261
40
10
259
1473
1520
7
1553
1513
1308
1605
634
138
1197
136
985
1227
1222
1169
928
1522
750
174
1205
1221
1317
455
518
515
505
742
891
1271
1
11
1
83
9
105
3
154
38
26
36
120
28
68
420
40
1245
1205
117
7
1277
1150
19
9
75
17
589
113
465
5
1200
1160
162
1089
1084
1104
1063
1066
1069
1232
35
54
69
219
206
210
1179
8
5
1
15
16
8
3
9
4
1090
1085
1105
1180
1134
1299
9
6
2
14
15
7
4
10
3
323
356
316
111
408
1068
30
25
595
593
45
4
7
10
173
1035
1039
30
120
590
1051
1054
1058
1074
1075
1067
1056
1050
1063
1091
1086
310
1106
600
26
22
37
56
20
71
221
444
207
1108
1135
10
7
3
13
14
6
5
11
2
269
143
14
581
10
21
16
351
384
344
139
436
73
554
433
371
1341
2
1145
1140
148
102
379
426
1141
890
627
365
171
156
174
280
492
1068
37
21
959
874
309
284
1117
1140
177
346
306
101
1034
1015
1000
850
864
2
863
958
1053
472
447
1280
1303
14
183
143
62
1197
1178
1163
1013
1027
165
1026
1121
1216
123
122
282
1130
782
807
26
49
1404
1437
1397
1192
1489
570
91
241
634
228
580
584
133
586
1201
320
339
402
399
389
626
21
1128
26
722
379
281
208
342
215
1346
1379
1339
1134
1431
1312
1239
1373
1246
315
348
308
103
400
38
598
314
231
1059
1062
1066
1082
1083
1075
1064
1058
1071
229
1197
1192
117
50
1193
317
246
2
6
849
232
618
544
159
65
1221
1148
1282
1155
80
91
324
371
6
718
711
730
338
589
723
716
721
829
631
169
193
216
1135
1101
1322
471
467
1178
7
247
249
79
633
626
645
253
504
638
631
636
744
546
84
278
301
1050
1016
1237
386
382
1093
78
162
164
2
586
563
598
553
545
1114
206
10
11
341
244
12
33
41
19
154
854
92
24
753
6
856
146
99
33
34
221
35
10
18
4
877
115
47
776
29
833
309
238
6
2
857
224
626
536
167
57
1147
1308
1369
52
686
1049
1384
1153
1068
1139
1152
1065
640
886
919
879
674
971
1
588
116
587
610
605
678
670
554
912
606
355
479
44
52
805
471
9
28
19
1174
1177
1005
308
231
574
1157
543
642
119
243
286
702
476
908
211
3
1
5
4
2
333
216
573
235
260
228
1108
1133
848
906
1314
1481
493
578
309
693
4
28
899
552
472
2
75
59
68
1433
814
1113
1464
1044
199
39
847
219
244
851
592
215
240
208
1173
1417
1070
1095
1692
1685
1480
927
1705
728
515
58
1081
35
1503
17
57
434
26
627
687
1453
1672
1063
463
1443
962
1016
943
1077
950
1066
135
35
30
118
1212
31
979
482
918
36
937
37
2
125
1064
1089
1686
1719
1679
1474
1771
123
74
73
70
1414
1287
348
323
274
307
267
62
359
1289
1338
1339
1342
79
245
183
344
140
1363
1346
1398
349
373
136
543
180
1110
1105
1037
127
229
95
33
194
290
1213
1163
1196
1156
951
1248
199
223
14
393
30
960
955
887
277
914
14
216
108
46
207
277
1226
1261
342
43
420
352
356
95
358
968
264
927
1092
227
1189
72
865
927
106
253
203
236
196
9
288
631
563
550
930
881
862
802
812
3
5
13
36
1281
1163
229
1034
144
1061
400
153
68
1150
1042
419
982
479
338
992
469
222
137
5
28
1425
1458
1418
1213
1510
2
15
992
4
207
198
202
189
195
237
59
58
8
207
230
4
5
194
217
1321
5
87
4
1
358
552
567
549
595
439
689
723
564
23
649
139
121
144
385
674
407
316
227
97
349
682
721
443
514
702
507
347
685
939
964
796
795
791
2
428
61
64
51
52
55
303
179
274
106
153
931
933
928
348
773
488
26
149
34
203
785
725
256
267
3
1
2
1
29
15
23
42
22
6
23
180
179
725
750
1340
57
941
1158
1032
273
994
1278
78
19
1287
10
62
63
59
1353
1005
1030
862
857
1214
63
132
1280
932
957
789
784
1066
1091
923
922
918
125
555
66
63
76
75
72
592
685
271
2
210
1
215
314
164
593
177
441
4
1
206
587
728
245
140
803
413
530
448
90
141
300
595
438
54
46
197
615
433
377
425
429
903
557
474
490
11
651
162
187
192
620
908
562
469
485
6
656
748
5
460
459
803
802
218
724
757
717
67
512
809
164
2
368
312
360
364
968
818
475
6
53
699
729
762
722
517
814
427
2
315
916
314
58
81
399
22
27
24
28
26
23
3
291
100
485
500
482
168
164
110
114
337
116
518
850
1268
141
39
2
375
92
79
1
75
864
257
275
32
33
34
1253
29
1207
1372
422
1059
65
57
55
59
37
63
883
4
5
909
934
218
368
355
649
1292
1282
303
21
364
233
12
833
1174
554
791
811
305
641
149
88
652
257
790
269
182
813
278
840
1005
1115
152
99
101
5
3
242
755
1138
1043
232
228
679
226
37
848
343
618
794
446
471
495
65
81
160
1130
1163
1123
918
1215
296
1
969
1002
962
757
1054
166
5
875
869
24
213
212
715
151
452
337
330
128
117
838
843
804
728
1025
106
187
77
83
170
751
193
916
236
871
120
331
122
62
65
75
732
724
701
920
162
311
691
124
297
212
721
175
278
287
283
290
301
209
1201
215
100
350
349
93
109
47
208
276
120
1075
1080
1041
1227
965
1262
343
411
424
160
154
407
988
44
246
1153
824
1108
357
94
359
974
112
175
172
162
969
961
938
1157
264
928
1093
113
60
25
958
62
41
50
46
53
28
562
1276
41
1029
1347
96
252
249
67
77
81
370
83
6
73
251
81
128
3
248
7
406
167
213
230
69
166
554
1268
413
33
1021
148
13
74
1372
545
609
246
149
138
142
19
80
1366
539
603
240
143
132
155
6
67
1379
1471
552
616
253
156
145
758
92
689
15
18
11
17
9
1154
1164
1172
258
81
79
1103
1238
1232
191
195
1134
1126
64
1239
204
63
159
161
190
493
365
387
150
1138
507
56
509
1124
698
71
63
52
46
59
86
178
334
510
667
27
3
232
180
301
1362
430
467
1358
154
4
434
11
34
203
101
1423
1182
1179
37
330
1412
830
37
36
35
296
62
1473
121
15
311
666
1427
242
649
286
42
599
148
1003
1396
1180
53
1170
1445
1360
4
551
643
882
723
238
215
761
902
46
302
539
339
222
9
579
408
25
114
12
15
5
4
1027
1
411
28
111
9
12
2
1
1030
2
404
21
118
16
19
9
8
1023
5
410
27
112
10
13
3
2
1029
1
402
19
120
460
483
18
21
11
10
1021
7
1
26
51
1144
1149
1222
85
3
960
11
25
39
1033
955
36
906
1083
1085
61
1154
74
68
1159
181
1232
75
7
671
970
657
1108
655
1149
3
188
1240
67
55
135
481
95
180
67
63
253
326
285
288
235
3
129
108
249
202
251
46
149
158
154
167
161
172
1175
304
272
3
110
114
76
149
108
111
180
306
69
1043
1038
1030
182
131
28
19
23
10
16
168
173
266
13
112
116
74
147
106
109
237
182
308
71
999
184
11
96
133
30
21
25
12
18
1053
856
135
129
1037
1098
102
31
23
106
1175
1176
1171
1167
136
1040
944
942
716
953
35
165
1017
1160
256
141
861
68
317
1186
1136
1169
76
47
1129
924
1221
264
13
128
1098
177
27
196
41
3
1112
40
1067
933
52
897
230
293
1162
101
16
82
91
87
100
94
1156
260
857
64
321
1182
1132
1165
80
43
1125
920
1217
9
181
31
192
45
1
1108
44
1063
929
48
893
234
297
1158
105
20
86
95
91
104
98
98
70
1202
1198
541
641
695
126
123
120
43
1154
1135
573
1499
747
984
940
627
1078
625
10
447
106
78
1194
1190
1150
533
633
687
118
115
112
51
1146
1127
739
976
932
619
1070
617
2
7
15
428
48
334
1302
1296
1303
1181
1040
451
214
1411
1202
1076
17
14
10
6
7
1
12
18
5
7
646
746
800
634
678
852
1089
1045
732
1183
730
1286
1289
1293
1309
1310
1302
1291
1285
1298
642
689
154
231
14
630
117
289
235
569
190
40
112
163
57
183
54
101
95
934
303
148
305
920
39
58
118
915
907
1100
884
1103
494
874
1039
251
254
258
274
275
267
256
250
263
59
114
104
110
107
13
6
196
214
207
1257
771
511
101
253
324
87
494
1025
1015
1290
119
1205
28
34
109
102
100
118
111
1161
675
415
5
157
228
9
398
965
929
1194
23
1109
68
62
73
111
104
98
116
109
1159
673
332
413
147
3
155
226
11
396
813
342
346
105
348
963
927
213
207
220
1192
21
1107
70
64
75
140
133
69
87
80
1130
644
384
26
197
40
119
120
109
367
934
898
1053
1163
8
1078
99
93
104
167
6
1391
564
628
265
157
159
2
1383
556
620
257
149
10
1082
471
108
17
7
216
545
180
238
1220
217
218
208
183
179
1
181
182
239
247
3
241
150
2
153
5
752
901
897
975
1141
888
196
599
653
531
1457
705
942
898
585
1036
583
27
19
543
14
16
176
5
8
494
1
1409
18
652
1219
3
18
541
244
64
299
247
10
984
938
50
35
72
60
1087
1103
150
83
1027
1324
1121
233
517
299
222
211
990
1155
509
462
1180
2
298
178
59
1
171
658
470
27
1463
60
1398
39
40
30
5
1
177
3
4
61
69
181
63
28
180
25
183
930
1204
1153
1032
1066
18
777
709
883
1120
1076
763
1214
761
192
27
6
1007
162
2
1058
358
339
49
188
781
773
1
1
4
117
294
296
863
857
361
211
12
225
224
744
736
112
285
200
446
587
191
16
14
13
20
19
1147
3
409
48
42
466
719
64
1394
43
44
34
9
5
173
7
8
65
73
177
67
24
176
21
179
926
1381
1
1200
394
1075
1071
1149
1062
367
22
773
1470
63
1252
1102
879
1116
1072
763
759
1210
757
1435
1430
355
142
147
155
717
188
23
2
1176
1091
158
2
1054
1431
1180
5
197
215
1345
1176
1170
1210
1203
1055
833
1
97
99
128
82
63
325
88
383
78
101
214
211
217
24
116
353
1296
65
61
19
110
260
1220
264
3
2
104
947
45
192
782
99
80
17
20
30
5
3
237
136
45
80
84
1301
162
159
93
138
141
476
97
53
276
39
40
1013
326
170
21
64
1157
25
1531
1530
1434
1457
51
29
1101
11
216
81
197
205
15
1369
3
92
1127
1268
1172
1170
1141
920
42
1535
2
1408
972
4
9
1317
1167
944
1181
193
28
1180
243
24
917
1245
1153
1290
1289
1193
1216
148
142
190
44
36
256
1128
244
149
886
1027
929
199
239
1167
119
175
127
123
245
250
1076
926
703
940
48
213
939
34
2
217
12
1004
1287
1286
1190
1213
193
273
233
28
325
47
39
259
1125
247
152
883
1024
926
202
403
209
194
212
242
1164
248
253
1073
923
700
937
51
216
936
1
220
9
1001
93
189
191
220
864
10
29
1154
273
292
355
352
342
17
20
24
40
41
33
22
16
29
306
303
309
116
208
30
986
395
384
389
1580
31
959
15
1367
1217
1231
1230
257
303
42
25
1321
1171
972
12
7
1184
28
257
18
1245
1461
1344
599
601
596
642
675
635
430
727
898
286
230
278
282
439
583
1440
1439
10
12
13
6
7
1373
779
1344
744
134
124
861
1148
23
1627
1634
1636
15
137
1230
10
2
8
44
46
41
90
1368
91
99
151
93
2
150
5
153
1049
1045
1289
123
545
829
232
229
226
63
1626
1644
126
269
325
277
273
1226
1076
853
1090
56
116
129
826
1353
3
1303
1292
1286
1299
1058
1028
1154
434
130
443
1219
145
149
559
551
504
1310
1304
1106
1101
767
1121
1080
1083
1086
1249
5
293
459
222
1191
1183
770
25
22
18
2
1
9
20
26
13
237
1228
537
1222
1265
1261
1083
1263
1264
1321
1232
1080
56
139
181
185
228
441
1158
464
1107
53
149
151
180
395
429
725
961
905
953
957
349
1325
1330
4
154
377
140
184
141
1248
539
688
1258
168
297
90
186
188
217
861
588
1151
270
289
352
349
339
20
23
27
43
44
36
25
19
32
303
300
306
113
205
1078
1014
883
749
1338
870
1047
1049
25
110
104
886
889
888
202
1256
203
211
39
205
114
38
117
41
6
2
1192
111
924
1065
969
967
938
734
726
724
728
635
741
978
10
732
621
1072
619
4
1229
50
1199
1191
1180
1174
1187
950
45
1233
1227
221
1129
1121
77
78
69
1234
1152
62
58
154
156
316
488
556
382
145
552
1133
189
969
502
51
504
1119
693
93
1238
57
51
64
258
207
81
332
334
1306
1300
1428
1388
1183
4
1307
272
48
67
455
218
1206
1192
21
18
14
2
3
5
16
22
9
154
1283
149
146
143
20
963
33
86
1207
1211
1227
1228
1220
1209
1203
1216
945
1228
643
33
32
99
93
67
818
752
989
1053
1214
1011
880
783
779
629
19
46
113
107
264
140
81
9
1
114
632
738
975
13
618
1069
616
1035
950
220
1153
1155
1150
256
19
107
113
1282
1186
1184
958
1195
2
3
221
234
1080
57
56
94
18
570
470
416
43
24
948
892
940
944
364
127
484
33
486
1101
63
1536
1409
1
1182
28
816
51
963
234
1182
295
1147
283
109
106
103
60
556
953
967
560
7
2
6
419
39
151
939
1574
273
177
164
171
173
176
302
1326
233
215
1461
1455
1520
30
1553
95
1554
1562
1312
1556
1465
1313
1468
1310
340
1357
1349
174
1462
427
32
634
907
1101
1116
1098
163
181
1194
1138
1186
1190
582
610
373
1361
1347
1334
637
110
122
1301
313
398
435
309
28
96
1
169
174
267
271
113
117
73
1334
1048
763
249
126
443
64
86
309
72
1060
73
1046
1041
1033
12
97
19
64
102
126
111
863
49
116
338
979
103
112
108
104
121
115
126
13
212
235
1303
1
23
4
203
226
461
8
1
200
223
464
81
1321
1206
7
1479
1154
1246
74
1384
75
167
14
166
11
169
1251
1328
1283
1106
2
747
1013
48
1159
197
991
985
5
242
1165
887
879
992
43
120
140
97
891
53
4
15
78
75
65
804
16
1021
138
147
143
156
150
161
259
1029
186
33
1
1037
102
352
936
126
944
16
192
1172
1166
1214
61
1346
1068
1060
1173
138
328
336
338
334
1223
689
688
301
321
84
1072
128
330
1237
1058
177
196
259
256
246
1022
1241
985
24
109
1202
43
34
38
25
31
909
51
55
47
71
808
226
141
33
27
1
21
5
1266
1050
888
1286
652
1261
1255
1268
666
566
512
678
292
576
580
129
582
1151
1316
26
23
19
3
2
10
21
27
14
670
623
285
159
1411
1
347
322
275
308
268
63
360
1288
123
35
1061
1
134
1168
1083
1172
198
1
24
1429
1462
1422
1217
1514
35
66
543
10
303
278
1111
1134
183
352
312
107
994
844
858
4
857
952
1047
306
281
1114
1137
180
349
309
104
997
847
861
1
860
955
1050
232
706
731
1321
76
1139
1013
975
1259
97
38
335
858
4
23
74
954
92
1647
1574
1708
1581
20
13
27
232
65
143
18
1367
540
604
133
146
15
1370
543
607
150
11
1374
547
611
140
166
5
1390
563
627
264
1030
124
2
1008
66
171
78
59
4
1
9
58
231
146
235
16
18
143
170
9
4
20
217
757
1107
1
816
1113
5
56
37
26
23
13
36
209
124
2
8
648
673
293
137
121
428
453
513
83
99
1243
1138
1103
5
805
1102
6
67
48
15
12
2
933
37
20
1326
977
7
2
33
262
13
1250
30
103
31
96
20
48
121
13
114
2
39
112
22
105
1044
1069
11
13
7
1
8
2
6
1012
696
623
1
757
630
931
692
872
180
1
6
98
177
4
3
95
183
2
9
2
10
1278
232
3
13
994
1
1178
2
209
200
204
191
197
2
1033
641
2
16
1
1
7
6
15
11
342
8
616
31
792
579
19
41
36
10
11
14
1
23
18
28
29
32
16
38
33
13
14
17
18
40
35
11
12
15
24
46
41
5
6
9
23
45
40
6
7
10
5
6
9
1050
578
2
5
1054
582
823
1340
2
1070
337
1148
925
149
1202
290
76
185
187
182
231
1227
201
6
232
240
10
234
143
9
146
12
228
261
221
16
313
1171
1036
152
1119
1100
230
542
25
48
7
24
22
27
22
1436
1
2
8
23
31
219
25
66
218
63
221
19
52
12
193
104
20
300
297
294
131
1158
189
197
261
254
554
29
245
742
63
624
160
364
762
531
457
1400
30
27
185
7
8
1034
138
184
1530
1529
1433
1456
50
3
30
10
215
82
196
204
16
1368
4
91
538
1126
1267
1169
919
41
1
1407
5
10
1316
1166
943
1180
192
27
1179
206
242
23
916
72
71
25
2
1408
1455
1488
1448
1243
1540
1262
1254
1474
90
1462
1367
332
191
289
539
1417
812
1006
1021
1003
863
108
127
1457
51
1463
1468
142
292
515
278
1266
1431
279
33
34
35
1252
1216
1435
30
542
29
18
20
816
6
806
802
1253
800
185
221
2
30
17
1119
1115
21
7
186
189
222
3
20
27
11
807
3
797
793
1244
791
212
7
5
1037
137
1261
1111
187
1185
1100
7
106
9
1080
1076
141
154
110
147
152
160
183
573
1181
1096
3
187
319
31
5
1003
918
175
7
139
185
1183
1098
5
6
138
186
1184
1099
6
1539
1538
1442
1465
59
205
213
7
1377
5
100
1135
1276
1178
50
10
1416
4
1
1325
1175
952
1189
201
36
1188
251
32
1253
1289
1288
1192
1215
191
18
45
37
257
1127
245
150
885
1026
928
200
484
240
1166
246
251
1075
925
702
939
49
214
938
35
1
218
492
539
1003
18
1533
1532
1436
1459
95
101
53
199
207
13
1371
1
94
1129
1270
1172
44
1410
2
7
1319
1169
946
1183
195
30
1182
209
245
26
1247
1442
1441
1345
1368
38
108
116
787
784
104
1280
92
3
1038
1179
1083
1081
1052
47
749
87
1319
1607
93
98
1228
1078
855
1092
104
61
1091
739
735
1186
733
118
154
65
544
1156
1445
1444
1348
1371
35
111
119
101
1283
89
6
1041
1182
1084
44
84
1322
886
90
95
1231
1081
858
1095
107
58
1094
121
157
62
547
1315
1316
1308
1297
1291
1304
1159
143
940
852
136
949
47
190
146
963
748
967
928
232
249
3
67
2
998
1295
1017
1009
190
1122
1172
270
33
1021
1186
971
1190
16
77
1376
1409
1369
1164
1461
199
556
2
1
5
21
22
14
3
3
10
39
1
1
15
164
200
19
65
1106
1
255
1035
207
203
182
24
71
1136
87
15
254
1034
208
204
183
25
72
1135
86
16
426
13
1
98
924
1044
165
226
168
212
266
37
38
21
41
8
102
97
51
188
42
14
155
228
110
1192
216
142
207
318
257
224
271
35
5
65
506
73
120
1400
34
210
17
115
856
1354
321
673
1501
1374
910
740
1316
285
790
1241
209
219
29
28
14
2
3
165
74
419
233
582
5
10
256
204
158
405
7
780
496
2
5
1
3
784
6
781
32
755
71
1089
1085
1163
1076
1217
1121
1119
1090
8
841
272
269
266
103
719
309
365
317
313
55
60
893
1130
1086
1224
16
156
159
161
169
202
172
12
1102
159
1376
25
152
1091
1116
17
21
935
1437
177
1394
43
170
1109
1134
1
1770
953
1455
1488
3
4
97
1489
2
5
98
1490
1
6
1
575
570
316
71
26
606
87
8
629
621
1
933
230
28
99
185
244
109
113
338
115
517
694
874
629
7
925
222
20
177
252
686
866
631
9
923
220
18
175
254
684
864
627
5
927
224
22
179
250
688
868
1361
1453
1409
24
937
1075
62
61
163
89
23
764
35
131
133
162
565
465
411
577
533
943
887
935
939
14
136
334
479
28
481
1096
670
141
569
522
184
150
61
198
107
1119
1118
214
189
23
150
782
663
202
203
14
11
80
185
22
70
63
77
265
255
225
84
211
721
602
263
264
277
75
72
19
246
83
644
131
2
16
326
316
344
167
26
153
779
660
205
206
219
17
14
77
188
25
586
73
60
74
268
258
388
211
70
197
735
616
249
250
263
61
58
158
33
232
69
630
117
16
170
30
312
302
38
225
17
5
3
2
7
23
8
253
53
261
308
39
226
18
4
2
1
6
24
16
7
254
52
262
309
78
1
23
7
1
134
24
158
36
51
33
129
73
121
125
186
21
1
1
2
3
27
19
4
108
124
110
119
32
31
36
6
14
37
1042
101
153
481
1
7
1
7
2
8
192
45
195
2
1
15
1
16
6
12
4
2
7
13
937
1095
893
46
173
759
13
37
34
57
208
45
606
93
40
54
288
278
3
2
28
20
3
1
1092
1076
1101
6
14
13
10
6
3
202
228
2
1
1348
1221
71
56
54
3
5
8
5
4
1
9
6
4
800
2
3
799
1
1
2
21
666
1076
1020
1068
1072
915
1
119
757
24
25
1230
1343
425
543
1242
1015
9
4
4
1
2
1
2
1
151
6
644
1056
307
141
2
185
1111
1053
859
149
196
1130
6
749
55
2
379
1221
43
18
1113
1056
679
163
861
1136
10
12
24
31
15
9
18
2
5
4
7
8
13
9
7
9
82
52
75
1
196
1
4
972
345
1770
861
884
1459
561
913
919
1461
342
1767
1456
558
910
916
1458
25
21
3
211
153
57
55
26
277
345
202
52
171
66
65
291
160
293
908
862
381
334
130
38
214
7
156
60
58
29
168
69
25
905
479
41
889
32
136
241
1075
243
1073
734
1
2
336
399
14
964
220
482
477
215
21
6
24
294
109
112
115
278
338
1302
1192
12
2
925
6
587
1
2
705
3
1328
1066
1486
51
34
12
8
170
10
11
2
1025
1312
146
1200
1104
1102
1073
66
702
1666
292
348
300
296
1249
1099
1112
5
565
20
1081
1173
1088
1177
1085
1
5
4
14
46
6
98
310
338
26
1527
1391
757
302
190
1215
15
1074
1070
1041
1027
1260
150
147
1104
704
1071
141
177
851
214
1378
1083
1
1529
1528
624
599
104
2
31
9
214
18
13
71
22
278
61
1
3
21
6
4
2
1
1496
1633
1039
1637
87
92
1167
91
122
5
29
45
5
6
24
9
7
1
2
78
1334
774
784
788
337
790
5
13
2
4
10
9
12
7
8
1
1
4
1342
1
2
1
3
1
2
1
1642
1569
1703
1576
18
22
227
70
431
412
1
865
944
472
633
685
1
727
492
353
837
384
830
569
10
386
623
365
239
266
338
914
101
1
25
212
276
7
992
610
919
2
7
1082
1
114
73
213
146
827
42
890
77
63
82
814
1111
97
287
137
86
151
8
9
2
1002
150
38
726
494
558
900
559
567
317
561
470
318
473
315
366
84
77
646
267
117
35
86
20
106
131
130
843
838
830
797
962
69
982
361
290
583
552
557
280
276
727
274
295
898
1
11
1
3
448
5
574
1205
1044
93
92
102
25
122
1211
1207
1285
10
664
59
619
21
114
278
1159
281
283
291
872
233
100
278
876
83
56
956
1193
4
1
17
88
961
98
102
349
104
144
9
113
2
525
9
1329
1347
139
7
634
1303
1477
1
1453
1301
1298
361
13
1518
288
321
1401
1491
1519
414
46
2
13
8
5
135
124
1
8
741
1075
4
11
10
7
137
126
1
6
743
1077
5
10
11
8
138
127
2
5
744
1078
2
17
4
1
131
120
5
12
737
1071
1
16
83
1375
84
92
158
86
5
157
2
160
132
4
11
738
1072
1
388
406
383
1395
1026
2
890
874
899
3
726
12
867
1247
1168
1390
1346
49
1409
50
58
192
52
39
191
36
194
1
46
79
1043
39
1276
166
131
960
8
1494
1267
1117
919
1131
22
1445
162
170
193
1018
13
1069
1190
19
14
26
231
1
4
1365
1398
1358
1153
7
3
1385
1380
7
26
14
219
13
8
636
256
2
1572
1532
1327
1624
1
3
5
4
1
2
10
2
10
3
9
10
24
4
1
5
12
22
30
1028
897
1245
763
1268
39
1132
96
90
890
797
1137
97
15
755
992
18
91
141
143
265
989
104
1219
124
1054
90
207
273
36
1024
1189
1193
1154
222
10
12
134
858
235
1088
923
41
76
142
95
893
1058
1062
1023
121
602
369
374
175
8
2
83
64
60
2
51
1003
869
169
66
62
4
53
243
93
130
107
106
1001
867
14
5
68
65
55
355
75
171
196
1107
1067
862
1159
581
304
144
149
167
2
9
19
1506
1379
42
93
87
1140
94
12
758
995
1059
2
5
15
59
46
89
83
1144
90
8
762
999
1180
33
118
1142
1091
8
1
1238
4
1249
1137
1041
1039
4
10
67
208
952
946
74
6
849
31
9
52
31
199
204
5
44
230
33
72
73
108
45
169
1238
89
84
1
1094
975
207
926
264
162
50
12
1349
46
1412
47
55
195
49
42
194
39
197
4
43
76
1046
36
1279
169
128
963
5
1270
1120
922
1134
19
1448
196
1021
1193
1198
1351
44
1414
45
53
197
47
44
196
41
199
6
41
74
1048
34
1281
171
126
965
3
924
1136
17
1450
198
1023
1074
1195
1200
12
234
17
11
22
1
7
64
3
201
7
1440
1141
348
1403
327
1434
12
239
145
598
719
881
277
619
849
292
3
7
11
440
13
415
628
1329
1493
1500
1502
271
221
254
915
214
887
9
306
239
902
613
1492
1510
229
234
955
603
599
1050
597
195
18
13
5
408
28
32
26
2
2
1436
114
187
53
180
1367
1400
1360
1155
1452
3
130
215
1012
1
140
384
546
1411
209
1257
41
1081
1
204
93
311
308
305
142
1003
61
231
268
1359
241
76
1194
310
220
1238
199
200
190
221
229
21
223
132
20
135
23
770
155
1044
993
906
716
708
706
710
178
617
723
960
916
714
603
1054
601
14
2
158
215
5
1217
1317
1232
1322
346
1403
1363
1158
1455
2
5
2
4
4
1221
1116
1402
1130
76
172
174
27
177
329
1137
58
50
39
33
46
99
1396
101
668
39
17
12
1
1123
1115
84
1228
376
3
153
305
356
250
376
139
1127
140
1113
201
75
2
6
4
1026
25
570
32
1188
365
1093
374
122
1038
761
506
472
578
462
458
456
84
27
1168
1160
39
1273
3
1
83
26
1167
1159
40
1272
2
2
17
164
52
1
107
19
218
756
156
282
743
881
115
790
806
741
824
2
235
299
839
56
99
70
56
107
1
127
110
48
82
112
1010
829
132
175
23
322
172
20
31
75
51
186
185
788
124
250
56
233
235
2
263
285
290
821
813
386
926
250
154
152
123
3
825
135
1
626
1
46
12
1619
1455
32
30
39
92
1172
1168
49
858
870
3
1349
1199
1213
1212
860
856
1307
854
239
285
3
1
7
18
14
271
1
1
9
16
66
33
1202
1198
73
278
19
12
269
661
636
11
395
451
403
399
809
354
288
364
351
358
360
5
1
350
368
1390
1
1320
35
949
1451
160
1377
26
153
12
258
1307
16
936
1438
167
1384
33
160
5
265
1314
9
943
1445
169
1386
35
162
3
267
1316
7
945
1447
736
761
1391
1351
11
30
103
131
133
740
765
1395
1355
15
34
99
127
129
13
5
70
525
66
77
72
1
1236
84
56
129
1306
1324
363
92
1213
108
131
1
3
2
1
1477
1510
1470
1265
1562
1484
1154
119
115
1228
9
1503
833
593
242
327
832
241
326
127
120
139
253
2
132
125
130
238
40
422
300
784
807
582
603
510
590
615
646
679
490
486
639
434
731
226
223
111
348
368
1084
531
124
174
172
370
782
4
13
84
259
603
704
6
11
82
261
601
1102
2
1
3
28
32
17
2
2
4
3
16
3
1
14
5
16
57
77
50
36
32
1195
56
17
117
10
61
12
43
4
1367
1167
19
1176
1451
2
1476
1522
9
1555
1515
1310
1607
1224
18
9
752
1223
20
893
82
1548
1463
892
2
565
3
1488
1534
1567
1527
1322
1619
999
528
646
1536
158
38
43
358
1100
359
367
117
361
270
118
273
115
388
967
32
811
4
1049
822
415
40
1136
567
292
21
1544
86
1545
1553
1303
1547
1456
1304
1459
1301
28
1574
219
1218
375
1190
194
213
137
228
378
364
771
1226
365
50
161
62
3
139
1167
61
540
53
48
70
891
806
1105
1513
1546
1506
1301
1106
1598
627
1027
1190
1051
1021
1029
1162
1052
791
743
1198
1214
783
736
1301
1475
1
1539
81
1540
1548
1298
1542
1451
1299
1454
1296
4
359
1477
58
145
36
117
97
174
159
48
455
92
65
32
72
277
20
11
295
78
80
82
86
8
67
90
4
602
584
607
626
636
640
189
642
684
590
8
10
13
32
42
46
405
48
1181
1339
170
244
204
1
296
1
623
952
22
609
1060
607
315
1
64
813
1110
98
7
8
3
4
99
51
928
1225
17
37
122
123
112
1081
307
155
3
13
224
750
284
199
105
103
74
76
1083
1077
1020
1036
979
971
219
1084
962
4
6
35
983
107
170
167
157
108
65
20
57
23
14
2
85
86
75
12
1
6
8
2
16
23
3
10
3
1
2
11
7
32
64
146
22
215
759
63
145
23
214
760
1
514
214
116
2
97
53
930
1227
1177
8
12
1137
932
1229
120
24
22
7
1170
1
5
360
392
430
361
391
429
166
47
349
261
328
1149
1151
1146
439
252
15
49
7
1
49
1
147
81
83
21
574
17
28
23
149
14
27
316
360
140
262
97
49
106
134
126
103
364
58
372
419
7
588
3
14
9
64
2
141
1169
299
105
90
12
68
20
16
6
601
10
1
4
77
3
15
154
1182
8
20
53
439
16
1289
32
55
3
5
2
4
579
574
823
831
3
2
1
3
1
2
28
9
7
426
833
558
631
87
41
24
16
14
18
206
22
610
4
633
1395
800
1391
171
5
18
11
9
277
1732
1765
643
1725
1520
1817
19
1
9
1712
292
1403
808
1399
179
1676
13
26
19
17
285
1740
1773
651
1733
1528
1825
27
9
1
1720
779
778
126
151
14
13
8
26
17
18
183
18
29
4
6
15
5
7
143
1342
30
835
107
1
158
942
972
794
965
999
232
427
153
819
263
89
148
623
613
400
753
189
264
12
13
2
158
339
1
338
1101
1131
953
1124
73
268
312
978
504
248
11
782
772
559
912
30
1
489
13
1346
36
1404
13
8
344
1287
67
86
10
648
101
251
11
142
801
5
3
5
1
430
434
476
385
235
3
1380
4
1
3
19
20
12
1
5
8
1126
1
2
6
22
23
15
4
2
11
1121
1130
8
1090
4
885
4
1
1
4
7
1
19
86
7
6
16
11
44
4
201
96
28
823
813
809
1260
807
192
12
228
9
3
28
26
31
3
2
12
15
48
8
197
100
308
336
24
300
137
1
1217
193
195
190
236
269
229
24
321
1354
10
4
14
138
1277
1078
1
1
3
2
4
1
1
2
1
2
1
136
130
1016
2
3
322
503
5
5
1
13
6
220
890
31
135
1
133
6
1
305
96
714
698
1057
205
480
374
355
2
10
8
5
1
4
1
3
2
1
25
234
2
6
19
667
198
199
10
7
84
181
18
66
24
67
218
233
215
81
15
671
194
195
6
3
88
177
14
62
20
71
214
229
211
85
38
2
62
503
70
117
448
17
10
11
29
14
27
21
26
5
21
4
133
121
129
176
1
53
4
105
144
321
49
114
530
159
58
64
101
33
21
128
7
12
60
36
209
200
144
192
196
16
17
1106
1128
1119
1110
140
307
65
13
378
26
32
1063
509
740
2
223
26
19
342
1167
9
10
35
108
26
101
15
57
130
4
123
7
1268
51
2
103
142
319
52
3
61
104
143
320
110
162
12
13
1
15
2
8
2
10
16
7
1
201
54
5
63
106
26
145
322
2
3
17
1219
71
120
62
19
207
13
2
16
1256
20
197
50
1
59
102
22
141
318
2
51
7
50
30
89
266
87
38
96
139
178
355
214
2
19
493
3
2
893
65
490
5
11
26
7
154
38
184
1148
10
9
196
31
328
366
523
193
933
236
309
24
301
5
626
288
955
191
905
37
151
334
372
529
187
927
58
242
315
30
295
1
632
294
390
949
185
320
344
899
1260
262
299
11
459
1472
2
1
4
8
186
6
5
407
786
1265
1115
1128
776
772
1223
770
368
155
160
168
2
6
107
6
16
221
976
971
307
192
1088
1038
1078
873
1170
145
896
48
1
20
80
304
189
1091
1041
1081
876
1173
148
899
45
4
23
83
352
305
190
1090
1040
1080
875
1172
147
898
46
3
22
82
353
197
151
1513
191
1277
1288
1283
1
347
81
156
3
1
4
7
79
158
1
3
2
9
84
153
6
2
7
4
80
157
2
2
3
8
1
1
4
12
13
124
3
379
4
388
391
380
383
20
1
24
7
142
78
80
391
394
141
85
33
17
8
21
119
13
23
10
3
2
7
8
1
2
15
1
14
264
5
265
268
135
4
123
7
13
15
14
35
36
2
12
14
47
11
33
9
37
45
92
20
41
17
27
3
31
39
86
186
22
39
19
25
238
1
29
277
37
84
185
21
40
18
26
237
2
30
276
38
85
206
207
42
19
39
5
258
19
9
297
17
64
207
3
1
43
18
40
4
259
20
8
298
16
63
5
56
2
42
18
46
54
101
19
42
16
28
4
32
40
87
46
15
43
1
109
23
231
5
418
301
13
60
5
11
13
12
33
34
4
10
3
3
5
4
25
26
12
2
1
5
7
6
27
28
10
4
8
14
16
15
36
37
1
13
3
9
11
10
31
32
6
8
1
7
9
8
29
30
8
6
2
4
6
5
26
27
11
3
1219
222
220
1007
993
1
77
920
127
1182
106
1213
209
18
76
377
1
116
1
111
154
1415
1448
1408
1203
1500
1222
1214
11
282
48
49
268
1
6
142
943
41
196
103
84
21
24
34
9
7
87
12
822
812
808
1259
806
1116
3
1
1
5
89
14
189
70
1598
1596
1594
1590
1684
1609
1406
1525
5
3
1
3
91
16
1
3
4
3
2
212
214
217
5
3
2
9
8
1064
1060
1017
221
226
1012
993
930
933
943
40
792
37
795
38
794
843
1
977
850
650
44
48
45
17
68
412
18
305
7
18
668
197
198
9
6
85
180
17
65
68
82
922
849
983
856
735
300
2
1
2
3
314
372
1114
691
1071
2
841
30
16
4
681
1194
5
918
735
565
2
1
1032
1036
727
177
282
207
240
200
5
292
627
157
153
617
613
1064
611
4
1
9
57
1
2
84
88
280
43
2
7
3
1
16
10
232
1
43
53
55
84
281
44
3
6
2
2
15
9
20
72
1175
1
1181
1183
1178
1165
6
3
1
12
6
17
998
1
90
94
460
1167
8
1
3
10
4
15
43
5
679
152
1
165
12
1163
81
79
18
14
9
476
1010
153
83
1145
1139
159
1311
1310
88
1099
1319
1041
1033
165
1146
150
160
111
301
309
311
307
274
294
57
464
1045
101
303
958
170
1175
16
7
11
2
4
105
70
75
106
19
23
1240
81
22
1
992
986
180
8
1
9
2
46
40
12
1129
1033
1031
1002
871
805
1042
1014
1
726
1
4
26
1
8
2
1
631
825
840
822
450
3
1
23
2
5
5
1027
410
854
1067
33
1074
853
1036
8
1466
7
1
249
5
96
248
93
251
367
423
375
371
764
395
948
2
1
2
986
901
1011
997
3
1047
610
1201
22
1010
1
1
489
485
119
590
505
345
2
12
18
2
116
11
39
1
8
1208
1163
1158
5
1
5
42
2
7
44
4
1181
1
11
2
1169
1217
1216
75
3
4
747
1
1
1381
9
4
3
5
1724
5
13
1382
8
2
4
1725
6
11
1469
10
2
252
8
99
251
96
254
14
19
21
226
1
1
13
38
6
11
36
4
15
40
8
14
39
7
12
37
5
1648
1521
8
19
2
23
17
4
29
2
2
7
9
18
3
22
27
587
30
3
24
1
2
6
7
20
1
24
25
12
4
29
1
12
15
19
20
7
1
24
977
964
971
973
16
11
15
16
963
981
3
5
20
4
23
2
27
28
15
7
32
878
13
14
7
18
19
6
2
23
869
2
1
24
28
15
22
24
5
11
348
856
864
14
32
61
6
1125
1
2
1218
4
2
5
8
13
3
9
741
744
743
46
28
51
1
4
5
8
6
9
7
10
82
86
83
78
17
75
31
55
15
12
9
27
16
17
4
4
867
19
28
3
7
4
1
62
4
48
24
64
91
70
52
95
60
107
92
96
93
88
27
85
41
65
25
2
19
37
6
7
6
14
11
29
18
3
1
2
7
68
10
54
30
58
66
113
2
2
1
6
67
9
53
29
57
65
112
30
31
27
17
7
21
29
76
24
37
21
23
75
1
27
35
82
39
3
13
12
1
15
10
1
60
2
46
22
50
58
105
226
62
1
59
15
278
39
11
317
3
44
112
51
109
65
3
89
61
484
5
53
6
2
59
1
45
107
21
49
317
261
309
313
374
105
57
104
1
1
4
6
31
14
5
5
2
6
4
4
9
1
7
1
62
245
8
909
201
56
216
211
605
546
7
1125
2
4
8
3
10
1
451
61
7
2
8
1
9
4
1
3
6
1386
1
1
2
7
3
6
4
7
2
8
1
193
184
3
1
128
3
598
7
4
1
12
73
596
5
6
1
1011
992
1178
1142
4
6
18
25
9
3
12
4
1
2
1
2
7
18
11
18
27
893
1047
1
4
2
17
6
8
33
887
1041
5
8
23
12
14
24
896
1050
4
1
1
14
3
5
1
35
34
29
788
1618
1357
165
33
106
28
99
17
37
110
24
103
13
89
85
1152
13
45
22
1252
6
4
8
15
1
7
2
14
11
12
9
8
3
25
23
1137
2
7
1237
9
11
23
30
14
8
17
1
4
3
6
7
12
10
8
3
30
2
29
1
7
1
202
258
199
1
1
6
1212
118
4
47
26
108
19
1164
4
6
987
981
917
70
165
1
1
3
116
394
9
9
14
1
829
568
624
2
2
266
92
1
4
278
673
945
508
258
7
5
2
2
148
713
1
1134
557
1089
1
17
8
4
2
18
7
3
12
4
21
17
4
20
5
1
13
3
22
18
1287
677
75
19
38
14
1226
1391
7
77
17
40
12
5
91
3
54
2
9
84
10
47
5
2
85
9
48
4
3
88
6
51
1
6
36
58
1
53
46
86
8
49
3
4
87
7
50
2
1443
5
76
18
39
13
1454
6
83
11
46
6
1447
1
3
1
2
984
6
1
2
1
968
37
47
268
2
21
84
81
71
1066
544
678
551
3
4
1302
104
1
88
449
2
1
2
872
1
1
9
1
33
1
56
2
514
66
70
381
72
1095
4
5
3
6
10
26
27
19
8
2
15
3
4
1249
1415
1410
126
1276
1408
1399
361
380
1352
1296
1344
1348
28
1
3
8
9
34
2
5
129
2
937
962
24
1
23
2
117
142
5
22
26
27
14
6
31
22
3
322
1090
742
767
6
2
1065
938
1
26
917
844
978
851
97
24
3
4
158
31
1394
999
926
1060
933
4
1003
930
1064
937
2
27
3
5
1
74
60
67
5
78
56
71
4
77
57
70
6
79
55
72
1299
1226
1360
1233
3
76
58
69
70
3
4
1
2
1
2
1
2
5
9
6
1
3
4
1
1
2
1
4
13
1173
1
5
2
6
1
1
1
112
106
193
3
1
15
1
210
13
3
212
7
1
6
2
3
1
4
1
1
3
1
1
3
1
1
1
83
448
445
8
12
1174
1
6
2
3
1
8
9
5
1
13
1
3
2
1
4
1
2
3
1
2
1
34
1
3
15
3
1
1
376
3
1
1
3
1
274
913
772
5
26
4
5
755
356
348
1
80
4
2
1
81
3
4
6
552
854
3
274
2
35
770
42
16
45
1183
421
651
82
4
7
605
553
853
275
1
3
5
108
5
3
110
9
1
9
104
3
1
1
1
2
229
3
25
11
2
1210
816
953
872
975
227
112
131
1
1076
326
1368
4
9
5
3
1
6
1
1
5
4
2
2
3
4
1
1
20
66
243
245
779
914
908
319
1088
81
62
1
2
12
754
61
238
1136
1009
6
246
609
606
21
569
1
949
2
4
3
1
1
81
4
1
1134
1
5
3
2
106
10
8
1
1
2
1
2
17
1
1
1
2
3
3
1
2
1
4
383
833
1153
2
548
858
270
1
665
1
8
7
8
1
1
2
10
1
1046
1
3
6
1
1
236
5
1222
1204
227
657
50
2
41
2
93
5
96
30
2
121
2
2
1161
137
2
1032
8
2
785
9
555
851
6
277
1
1
1
1
4
857
2
4
1
1
2
1
894
2
14
1
23
12
807
1044
21
25
18
22
29
1108
76
90
23
17
952
17
4
80
94
19
13
21
8
73
87
26
20
14
1
77
91
22
16
18
5
84
98
1250
1253
1160
1064
1062
1033
3
1045
1015
1
2
1363
2
1
1
1014
10
1
9
4
9
17
325
16
1
40
5
824
1061
12
9
1220
75
1233
56
92
29
28
19
1
2
1
1
7
1
9
26
7
1
18
178
1
1
132
1
1
1
967
83
2
1140
2
5
9
1090
1052
12
882
1059
1061
37
98
92
1135
6
14
136
1208
99
113
122
164
2
128
1202
877
1050
965
1201
846
983
2
2
1
347
357
3
352
2
358
3
2
1068
1073
94
2
4
1
127
1
4
5
35
87
137
1
19
119
14
7
23
41
54
22
101
4
11
41
23
36
139
40
8
654
813
4
3
33
32
27
19
37
11
15
4
4
109
8
622
897
970
29
814
1
961
811
825
37
824
2
1
1187
1166
1
341
75
2
1
3
1203
66
62
60
1188
1163
1298
1292
65
1064
8
1087
1078
1036
1072
13
10
10
11
3
8
14
1
1
354
1063
146
2
1
3
1282
12
2
3
5
1
361
3
36
88
2
20
2
3
1
2
2
1103
976
1
1
488
374
2
4
365
624
503
1144
2
129
8
1
44
83
7
2
45
84
6
1
3
85
4
1
5
87
1
221
3
2
6
88
988
193
66
607
1
4
1079
3
1
371
577
813
1029
65
66
12
16
25
116
20
18
11
1150
64
83
146
143
133
3
1
1164
1
2
854
4
6
1
195
93
5
34
34
6
125
3
1
1
3
15
1
24
67
243
106
1
3
922
920
1033
6
1
920
918
1031
4
1
2
2
1
5
3
130
5
314
1
7
664
487
485
4
3
2
3
230
2
3
6
817
1
16
2
21
339
1
2
1
908
507
2
909
508
1
3
1081
2
1080
1
49
343
77
4
1133
1125
1238
1137
1
121
1
1
14
223
1
3
117
28
1040
1
168
15
222
109
35
33
320
342
347
764
756
1
443
869
166
17
220
768
127
108
45
48
58
1
236
2
1506
481
244
3
1
2
2
1
4
1
3
11
2
415
17
4
12
196
420
363
488
317
1
5
913
3
915
4
2
1
2
2
553
1
4
3
2
1
4
27
1
1
2
132
5
1
1
1
1
1
1
2
4
1
43
569
6
4
1
2
152
1
2
2
26
10
1
81
499
2
1
4
2
595
598
601
764
399
249
262
1
16
2
25
68
242
2
1
477
7
504
813
68
49
14
11
1
1081
56
181
88
69
6
9
19
241
156
6
8
5
18
219
3
1
2
4
10
9
887
1184
159
78
34
138
3
3
11
8
222
888
33
913
137
3
9
2
150
1
565
2
8
1
1
2
7
293
1
5
9
10
224
886
35
139
1
3
9
1
1
2
888
1
1301
196
895
8
60
274
147
317
3
7
420
150
91
78
430
434
17
436
3
675
966
964
961
1250
1283
1243
1038
1335
957
952
547
63
87
8
74
93
621
9
2
66
1
119
470
1271
800
475
1
377
1010
70
1
117
60
62
131
1143
1145
1140
976
127
23
246
9
2
1152
2
4
1
238
1
2
833
1725
2
3
16
24
11
2
5
7
1673
1675
1670
1718
3
15
1360
1304
1352
1356
1513
652
4
1
1
3
2
1
1
5
8
851
29
7
50
33
4
197
4
50
54
946
940
992
994
989
900
95
142
202
117
353
2
3
1
3
1
4
3
3
1
24
4
22
2
954
5
2
950
942
895
2
5
23
1
1
5
4
1
404
6
5
2
405
8
1
4
7
4
407
11
2
1
10
7
410
10
1
2
9
6
1
123
300
302
177
6
231
1
199
472
27
302
189
185
407
410
7
230
290
205
3
2
293
903
912
113
28
1
4
923
921
1034
7
2
1272
375
363
1236
373
377
74
379
413
2
1646
1
175
433
2
3
6
1
1
3
3
1
2
474
1
287
4
4
6
2
418
399
931
2
16
1
19
1
1
18
16
12
6
2
1
6
36
35
30
18
5
3
4
34
33
28
16
7
20
13
17
327
16
11
331
35
21
27
31
339
386
24
18
11
19
18
13
33
23
25
29
22
117
116
95
1123
108
65
26
1
1
5
23
15
1
789
1
695
3
395
801
791
787
1238
785
2
2
4
2
3
1
2
3
9
7
5
5
1
2
2
3
4
10
6
6
4
10
11
7
6
5
1
15
3
53
1
2
434
38
5
2
264
137
20
654
1221
152
9
1
1
3
16
253
7
191
441
2
117
371
226
181
1
224
469
289
2
907
909
904
888
147
56
116
10
227
130
321
132
747
291
239
247
248
99
129
104
102
103
965
101
52
89
7
9
38
138
12
235
2
1106
91
110
173
170
160
115
112
113
66
26
79
1145
106
13
82
1148
103
16
81
1147
104
15
1122
1094
1130
1
5
909
186
626
1413
4
1
9
1145
2
1
6
97
2
4
8
3
3
139
98
450
36
1
303
459
784
456
327
319
432
434
943
1102
421
491
1344
1367
36
37
161
86
119
369
79
126
171
748
94
99
738
734
1185
732
330
117
163
36
1
214
5
131
1
157
154
222
1
1132
6
227
146
2
1
5
4
113
1
179
304
67
3
2
4
7
1
27
23
1
213
275
204
54
169
68
67
289
162
291
132
907
506
3
1
2
1
1
964
1
98
4
2
946
143
971
987
59
3
2
7
61
2
6
7
2
6
1
1
62
101
61
10
89
33
81
85
29
7
3
205
11
4
14
1
428
405
395
387
1
4
2
3
1
36
2
1
1
7
1
6
49
3
42
3
114
278
76
58
273
272
176
174
145
52
185
59
62
56
123
249
157
1
2
6
1138
14
949
1
2
7
8
1
11
649
15
8
9
2
590
1
4
11
6
9
4
2
4
3
1
2
4
1222
77
1235
58
94
31
30
17
11
1
1
57
93
17
11
30
647
1327
6
1
19
5
3
1
14
75
2
59
101
40
2
1
14
1
62
1
581
1
611
624
2
8
12
439
14
1
2
1595
348
1
2
1
1107
1099
104
1210
1202
3
125
98
1338
1201
2
1213
915
2
322
1
4
739
138
435
57
52
1
827
468
262
264
267
271
276
1
217
2
267
3
1
2
6
11
23
25
28
2
1259
32
37
12
4
759
10
14
381
55
182
1
2
56
59
53
246
20
255
390
6
54
183
224
121
2
10
19
256
391
7
53
184
223
122
1
248
1
5
945
940
46
191
1
6
62
1
5
1027
3
1
2
870
1204
3
869
1203
3
900
1054
8
3
5
10
1
1
898
1052
6
1
3
12
1
3
79
1389
1
42
1045
1081
337
244
77
73
64
254
104
119
118
117
856
178
93
1
4
3
25
8
32
237
60
23
1
1
34
6
211
86
2
4
1
45
78
38
167
130
1164
1197
1157
952
1249
1
1
1
4
42
75
35
170
127
2
35
5
210
87
3
36
4
209
88
2
37
35
40
6
39
1
206
91
1419
1
1260
5
38
2
207
90
271
244
1
4
4
37
1085
3
208
89
272
1382
17
16
24
229
68
973
1
1
9
4
3
1176
1136
931
1228
6
1169
2
1
39
244
53
4
36
241
56
1
42
2
203
94
2
43
3
202
95
1129
7
1089
884
1181
2
38
243
54
3
37
242
55
1162
1122
917
1214
6
5
389
6
34
239
58
230
1
1
1172
1505
1158
28
5
1164
1160
35
240
57
67
862
852
848
1299
846
231
1135
1168
1128
923
1220
2
327
360
320
115
412
4
24
12
78
3
1
2
4
2
3
3
5
2
1
164
999
849
862
2
5
8
171
992
842
855
2
1
4
167
996
846
859
1
4
7
170
257
275
277
272
1
2
5
168
269
1
1
4
804
8
13
34
31
28
135
263
2
5
4
3
1
1
17
6
20
9
19
8
18
997
1234
7
14
1001
1238
3
16
5
1499
2
267
1
1128
1
3
4
1
3
2
1
4
8
1136
16
947
2
921
919
1032
5
1
14
728
3
4
1
1111
7
3
1133
1138
31
27
35
1234
78
957
23
37
885
888
882
1
60
3
1110
4
32
78
72
31
26
34
79
586
22
6
30
80
74
33
584
1156
1029
1
36
4
1
4
6
10
441
12
9
1
5
446
7
2
2
1288
11
403
1
85
33
221
27
12
30
466
6
1467
663
673
677
226
679
1
6
1294
533
9
813
803
799
1250
797
2
218
1
7
3
7
444
9
1
634
624
620
1071
618
5
5
9
442
11
8
2
6
445
8
6
4
8
443
10
267
598
896
1
13
3
1
450
3
572
1
1
2
1
180
493
85
84
94
106
178
28
65
1004
1006
1001
275
213
1055
1060
107
130
227
224
229
17
11
1
1427
1103
1124
624
19
1198
1
1453
1561
1560
1490
920
385
578
2
1
1
97
524
8
1328
1
4
3
3
5
76
909
335
459
2
712
87
600
3
5
965
1
410
406
397
587
437
450
523
1
597
109
3
99
95
546
93
2
146
7
1
3
1
5
148
764
2
766
3
1
9
56
8
104
108
3
116
163
1
59
3
4
1
307
7
54
2
60
4
52
5
764
1
898
771
10
6
68
902
12
60
13
1
1
628
1
2
8
13
288
192
264
114
21
361
352
202
215
712
153
84
25
1
5
1
14
857
23
44
63
39
105
132
191
2
196
45
37
479
1
2
1
2
401
1
6
3
1
4
1
110
861
15
9
1
46
1
6
11
1
2
2
9
4
1
18
74
26
22
1700
1240
1697
1
1
1
1
5
1
1294
3
2
15
3
12
24
71
4
1
2
4
4
2
5
7
1
1323
299
2
1
3
5
852
2
1
5
1
4
911
1065
19
14
16
1
12
10
6
1
4
1
723
577
55
1
899
893
553
561
563
559
643
651
555
2
3
4
1
558
554
1
5
1
182
32
191
46
45
27
7
79
118
27
6
1444
1438
2
593
356
7
1
879
145
157
953
947
102
135
839
718
1
1
153
907
1
943
937
897
92
145
356
1
5
947
941
901
96
141
29
34
31
21
93
3
5
62
73
67
3
1079
1074
4
1
9
3
1224
1
760
895
889
925
2
1
5
94
88
1
10
18
5
8
1
1
9
9
1
5
1139
1126
1133
1135
300
1125
1143
2
15
8
6
16
2
2
137
131
1
3
8
12
1
1
5
850
1087
4
2
1
1
3
1
5
3
6
4
3
1
2
1
2
1
2
2
6
36
69
29
176
121
5
167
13
203
16
1
3
1
818
912
525
109
564
1
2
5
28
603
809
605
478
1
1
1413
1
126
9
8
1
18
715
697
140
750
182
254
104
11
351
399
398
31
206
74
3
2
1
5
6
3
865
1
6
2
1
12
2
117
750
639
771
686
285
503
740
234
188
293
340
800
715
678
804
520
69
1
3
2
3
1397
2
136
146
94
1
55
3
399
84
496
235
57
1
49
53
1
642
586
634
638
58
221
1
55
7
3
20
1
17
206
150
198
202
146
9
47
1
5
1
396
726
356
151
448
7
49
1
3
160
1122
13
11
8
208
202
4
1
22
19
16
147
59
115
67
63
643
880
754
757
751
1
212
156
204
208
46
11
2
2
5
1
6
27
7
8
190
187
184
21
811
1048
25
47
12
3
1
6
2
5
1
2
1
2
3
1393
30
330
97
1125
334
342
389
3
21
5
6
53
30
394
3
424
1
2
1487
1231
12
4
1232
1
4
95
1
14
1106
1
1
3
1
1
6
1
2
2
15
9
23
4
210
900
152
56
54
25
172
65
21
125
52
49
50
129
1412
652
1227
8
126
242
1270
130
131
134
14
2
1045
1
3
2
89
76
1
1
2
236
231
1
232
88
255
1274
165
267
441
12
371
15
2
1
642
2
1
582
587
371
968
1
1
4
3
1
1339
3
94
1291
1285
440
203
1
7
6
1072
2
1
83
86
1
4
1
3
715
6
11
485
233
202
3
1
620
625
5
248
2
1
3
34
11
8
6
1
2
4
33
12
7
3
4
4
1
1
2
1202
1157
2
1
3
4
1204
1159
9
12
14
15
1215
1170
1
6
2
1165
1
4
6
7
1207
1162
809
1
783
859
632
1
132
1299
274
37
2
133
107
184
92
38
94
143
1
1213
1019
1
42
43
23
8
206
203
200
37
459
460
827
1064
1
5
2
2
9
1
195
210
193
1
16
2
138
3
190
2
196
211
193
295
125
229
1
47
46
214
5
1
183
11
26
8
44
190
4
19
1
4
14
9
1
17
6
2
16
7
6
12
11
3
15
8
7
11
12
23
5
13
10
13
5
18
1
2
22
1
21
2
20
3
481
40
17
7
1
2
25
462
1
1096
1095
445
422
3
15
26
2
39
6
436
1287
1
1020
11
2
995
1022
302
102
3
15
4
1
6
633
21
749
1460
1
241
1342
1344
1339
1
19
615
984
207
30
2
2
10
271
1
1
190
189
349
1337
1370
17
10
9
67
160
276
88
279
269
1
3
347
1339
1372
8
11
65
274
86
277
374
247
98
1271
1273
1268
1
33
14
1
151
4
2
1
5
10
31
28
25
138
1059
1040
1255
1
1183
1164
776
1013
39
364
892
1
267
292
273
115
122
4
1
7
18
1
11
9
1
3
12
7
5
2
1
1
9
7
2
3
5
8
3
1
7
5
4
1
3
6
5
3
5
3
6
1
1
4
16
1
60
4
1
3
351
2
5
1
2
7
126
122
16
26
1
1
13
20
1
2
2
10
57
786
1
9
228
292
13
4
1
12
9
1
802
108
70
125
144
3
803
109
69
124
145
2
1
1
5
24
647
2
2
3
1
100
295
827
255
50
347
59
1166
13
927
250
13
1
617
1
3
767
1337
2
3
1
2
3
4
4
5
101
103
132
120
4
14
946
1087
991
989
960
829
26
35
13
8
141
1119
1111
88
1224
48
144
146
175
1123
74
57
16
125
29
27
2
133
1
10
126
30
28
1
198
39
11
95
1
3
3
31
6
9
2
1
114
94
159
123
1
166
205
157
25
11
2
1
1399
1407
29
385
287
74
18
389
397
444
1
969
963
999
346
34
11
307
1
7
1
1
1
1240
1090
1103
130
11
113
17
15
14
90
2
3
1735
1608
669
1394
2
1
1
4
445
468
786
905
1
4
3
3
5
713
8
1
12
1363
1
6
56
4
192
2
17
1
437
35
1
211
2
210
1
1136
1040
1038
1009
1021
1
5
4
9
2
67
75
8
38
63
2
4
3
10
1
68
76
7
37
64
1
5
1476
1
2
6
1
4
4
21
2
5
3
22
2
1
7
18
3
6
2
23
1
459
4
187
3
2
273
182
2
2
4
233
107
109
128
2
5
1
780
1
404
385
3
234
3
787
795
124
301
303
774
125
127
122
25
33
80
1160
772
1009
21
35
1
62
1
22
111
400
4
860
852
965
864
2
1
5
3
88
65
2
5
707
866
261
279
281
276
322
355
315
110
407
3
6
9
172
1025
1006
1103
1
191
1121
375
385
1
4
1
509
413
411
382
2
360
486
394
1
2
596
