550
555
2216
2217
2218
2219
2220
2240
1245
4994
4995
4996
4997
942
943
3751
3752
3770
3771
3776
986
987
3876
3877
3878
3989
3994
1128
4528
4533
4534
1251
1255
1256
5025
5026
5028
5037
5039
444
445
7094
7095
7102
1690
1694
6781
6782
6786
6788
2787
2788
2791
2792
2793
2794
2795
2797
30
165
682
685
2749
672
2728
2729
2733
2734
2736
2925
2929
2930
718
2903
2904
2908
2910
2911
2913
2818
2819
2820
2829
2849
900
3538
3540
3541
3658
3661
4014
4016
4017
4139
4140
1018
1023
4146
4156
4162
4164
4165
1199
4337
4840
4844
4845
275
1188
4802
4804
4806
4807
4808
180
3166
3167
3170
3177
1624
6558
6564
6565
6566
6583
6585
5169
5170
5202
5203
75
6058
6059
6060
6061
6062
6184
74
1499
6067
6069
6070
6076
1659
6683
6685
6701
1662
1663
1664
6720
6725
6726
6727
1743
7357
7359
7362
7366
435
1811
7311
7313
7317
7318
7319
7320
86
7504
7505
7506
2005
8108
8110
8119
8120
75
8023
8024
8028
8029
474
1990
1991
8044
8053
8061
492
561
566
2072
2343
2361
182
512
2159
2191
2140
2141
2143
2144
2145
2146
8
2271
2272
2274
2276
2757
2759
541
2296
2297
2749
2750
2755
563
2366
2367
2368
2369
2370
547
548
576
577
578
2407
2410
2411
644
655
2718
2719
2720
2721
2722
586
587
588
589
2485
2492
127
637
2589
2593
660
2692
2693
2758
2759
2760
533
2747
2749
2750
2751
2752
2753
2779
2780
2781
2786
2858
662
679
2863
2865
680
2674
2675
2678
2679
2865
3060
3074
3077
3078
3079
3080
3094
3095
3096
3097
3111
3106
3123
3130
3134
3135
151
3157
3158
3159
3236
3237
3116
3118
3243
3244
159
775
3256
3260
3261
166
3378
3380
3386
3388
3391
3392
3397
794
826
3342
3343
3344
3349
826
3202
3207
3466
3471
3521
3522
3523
3524
3525
3526
3485
3489
3490
3491
3167
3170
3171
3644
3645
878
3676
3677
3678
3679
172
865
871
3645
3646
3649
847
852
3622
3627
3628
3629
3630
4200
4203
4204
4208
4280
4180
4181
4182
4183
191
960
4026
4027
4028
4029
4033
987
990
992
4155
4156
893
1021
3768
3771
3772
3775
3778
3672
3673
3674
3677
3679
891
3764
3765
3766
4802
4803
4790
4798
4799
4803
4393
4424
4425
4426
4457
4458
4459
214
1076
4486
4488
4525
4553
4450
4451
4452
4453
4468
4666
4675
4676
4677
4744
1137
4770
4771
4833
4839
4840
4841
4846
1153
1155
4829
4831
4833
4875
877
4805
4807
4808
4814
4815
4816
850
853
4912
4913
4914
4915
700
3035
3040
3107
3111
3112
227
1153
4855
4856
4994
5013
5014
5021
5022
5023
369
7026
7027
7144
7146
1693
7283
7284
7285
7287
1
1244
5206
5231
5248
5250
5251
5252
1244
1246
1248
5229
5230
5247
5102
5103
5104
5105
1074
1079
4559
4561
4564
4531
4532
4533
4540
4551
5573
5575
5576
5577
5581
5582
5583
5625
5631
264
5609
5626
5627
5628
1300
1366
5473
5474
5475
5733
5734
1512
6323
6324
6325
6345
1504
5817
6298
6299
6300
5614
5615
5616
5683
5688
1438
6018
6022
6023
6041
6048
1428
1430
1434
1435
6016
284
1425
5985
5986
5993
5994
4
1578
1587
6604
6605
6606
6607
6395
6400
6401
6406
6409
229
1524
6329
6330
6331
6332
6395
6753
6754
6755
6834
6861
6867
6872
6873
6874
1574
1582
6602
6607
1585
1589
6650
6651
6652
320
6682
6685
6686
6688
7958
7944
7947
7948
7954
1
1905
7911
7912
7919
7939
7940
7918
7919
7938
391
7856
7860
7861
7862
1615
1616
1620
6795
6797
6798
6800
6806
324
1737
6813
6831
6833
6834
345
7130
7134
7202
7205
7206
7207
1704
2840
2841
2856
2857
7153
7158
623
7176
7180
7187
7188
1770
7412
7417
7418
7420
7219
7220
7221
7222
7223
7224
1783
7374
7375
7379
7493
7494
360
1791
1792
1793
7496
7504
7510
49
2545
2546
7439
7440
7441
1792
7506
7507
7576
7577
7584
7609
7614
7615
7616
7617
363
1816
1817
7631
7645
359
1808
7597
7675
7676
7677
7678
1839
7688
7701
7702
7705
7706
361
7651
7775
7776
7778
7779
7780
381
1898
1899
1903
1904
7964
7973
1912
7720
8025
8026
8027
8029
361
1911
1912
7713
7714
1925
1928
1929
2007
2008
2010
1945
1946
1961
1963
1964
1965
1960
1961
1971
1972
392
402
1931
1963
1996
1997
1998
404
1989
1990
1991
2018
403
1989
2008
2011
400
407
2004
2011
2012
2031
2033
1
412
2018
2090
2095
2089
2090
2093
2094
413
2076
2077
2084
416
418
420
2096
2098
2099
418
419
2098
2100
450
2188
2214
2217
2218
2219
2221
2223
2224
412
424
2103
2104
2105
2226
2179
2180
2182
2184
2187
434
2169
2171
2172
2173
2189
31
434
435
439
2640
436
444
445
2194
2196
2212
449
2202
2204
2205
2207
2209
2210
2235
2236
450
451
2245
2247
379
444
2222
2223
2226
1
371
450
2245
2247
2248
449
2237
2238
2245
2246
2254
2255
455
2281
2282
2283
456
2289
2290
2291
2280
2282
2285
2290
2291
2292
2298
460
462
464
2292
2293
2294
2324
462
2346
2348
2349
2354
464
470
471
475
2376
2384
2391
2392
476
477
2384
2388
2390
2393
477
2386
2417
477
478
2393
2398
2399
2401
2404
7521
1753
7507
7514
7515
7516
7524
7525
486
7425
7481
7482
7483
7484
7490
479
1751
7506
7508
7510
7512
2401
2402
2403
2405
7509
7510
522
524
2454
2455
2430
2433
2434
2435
2480
2483
503
7406
7408
7409
7411
7412
7413
7414
7415
1723
2496
7386
7389
7390
7391
7393
7394
2459
2460
2462
2466
2467
2326
2455
2459
2460
2582
2583
512
2576
2593
2595
2596
2597
2598
1
2312
2315
2316
2319
2320
2321
2329
517
2320
2328
411
412
443
522
2295
2299
2300
517
2314
2317
2584
403
408
2289
2290
525
2557
2559
2560
2590
2591
531
2550
2551
2729
2653
2684
2719
2722
2723
2729
542
2709
2818
2819
2821
535
2710
2711
2712
2713
2743
2746
2747
2748
2749
2750
547
550
2748
2753
2754
2759
2491
2499
2500
2509
2510
2511
552
2503
7109
7111
7112
552
1632
7084
7085
7087
7088
7100
7101
7103
2757
2758
7101
7102
7104
554
2768
2776
2777
2778
2779
2780
2773
2801
2802
2806
2807
2808
2782
2783
2784
2785
2787
2788
2791
553
2850
2852
2853
7008
7009
1607
6984
6985
6986
6987
6992
6999
7000
7001
560
563
2833
2838
2842
2858
2861
559
2818
2826
2827
2828
2833
2834
2896
519
2679
2683
2684
2688
2948
2675
2676
2677
2679
2681
516
2659
2660
2663
2673
2674
513
514
2646
2647
2663
2664
595
597
2957
2958
2965
2974
2983
2984
2985
2987
2988
2997
2971
2972
2973
2976
2979
2980
2981
1
3008
3009
3081
3084
3085
3008
3011
3012
3080
3081
620
2644
2645
3093
3094
3097
620
621
2645
3093
3113
1
2638
2639
2640
2641
2645
2646
2639
2640
3111
3112
2597
2598
2603
2605
2585
2603
2604
2605
2606
2092
2096
2097
2585
631
632
3136
3137
3146
3154
3155
616
617
623
624
3097
3128
3130
3131
628
642
3147
3149
3211
624
2063
2065
2066
2067
337
1996
2050
2051
2052
2070
1977
1978
1982
2009
3238
3240
3241
3242
3247
3
643
644
3214
3229
650
653
3253
3255
3256
3257
3212
3227
3228
3229
3231
639
641
3208
3210
3211
3212
2
661
3302
3303
3304
3307
628
3181
3182
3186
3189
3190
3292
3300
3305
3306
3308
3309
3336
3339
3340
3341
3347
674
675
676
3360
3363
3379
3380
3370
3371
3374
3375
17
3407
3408
3409
3410
3424
3405
3406
3425
3436
668
3330
3331
3332
3333
3362
3363
688
689
3319
3320
3321
3002
3003
3004
3007
3320
2993
3466
3471
3472
3473
3477
1013
4755
4759
4760
4761
4765
706
3461
3462
3463
3492
3493
3494
685
687
3464
3466
3467
700
3501
3506
4727
4730
4731
699
4718
4721
4722
4723
4725
4726
985
4660
4661
4662
4665
716
717
3553
3554
3562
3582
3583
3550
3551
3552
3553
704
705
3513
3536
3537
3402
3403
3407
3409
3410
667
733
3406
3408
3526
3532
3393
3399
3407
3408
3377
3379
3380
3684
738
3371
3374
3375
3683
3688
3689
733
3677
3684
3685
3686
3687
3693
1
3672
3673
3674
3675
3693
3671
3692
3701
3705
3706
718
3615
3616
3617
3620
3624
3625
3909
3912
3913
3914
3915
3921
758
785
3896
3897
3898
3899
3901
3708
3709
3710
3714
3717
3736
3811
3812
3830
3832
769
3838
3839
3840
3838
3841
3842
3844
3846
3852
790
3929
3930
3947
3948
3919
3920
3921
3924
3925
3926
3927
759
760
3806
3808
3816
3818
3821
781
782
3909
3980
3981
3982
790
3947
3953
3954
785
3932
3934
3939
3941
3942
855
857
4201
4202
4210
4230
4231
848
851
4188
4195
4196
4197
801
3996
3998
4002
4177
4178
819
4094
4173
4174
4175
3998
4064
4070
4071
4072
4074
4075
4077
4004
4033
4034
4035
812
814
4037
4038
4039
4055
4065
3569
4070
4078
4079
4080
4081
3567
3568
3569
3570
4081
4592
4593
943
944
946
4102
4103
4104
4582
935
936
4556
4558
4559
820
934
4429
4557
817
4109
4115
4423
4427
4428
4429
815
823
4128
4129
4130
4132
4420
1
829
833
4153
1
828
4124
4144
4152
826
827
834
4142
4143
4149
2
825
4138
4149
4256
4257
4222
4224
4229
4230
832
4249
4250
4253
4254
4255
4258
817
4130
4131
4132
4390
858
4263
4264
4265
4279
4282
4283
1
4274
4275
4276
4302
4306
4311
4312
4300
4301
4311
864
865
4320
5344
1111
5290
5309
5317
5319
1110
5307
5308
5309
5311
4397
4398
4399
4410
4419
4430
806
4398
4399
4400
4401
4410
809
811
876
878
4384
4385
882
4412
4413
4415
4417
4531
4533
880
882
4414
4415
4416
4418
4416
4418
4419
4449
4529
1073
5187
5194
5195
5196
5204
5205
4468
4469
4474
5176
5177
5178
5182
892
5170
5171
5173
5174
898
900
4494
4763
4764
885
4453
4455
4456
4458
4459
4445
4449
4516
4520
4521
4522
906
907
910
4530
4537
4541
1
4609
4610
4611
4612
921
4601
4605
4607
4608
4611
938
4635
4636
4637
4640
4641
4669
926
931
4626
4627
4628
4632
4747
893
4489
4491
4493
4495
4496
4497
948
4718
4719
4726
4727
943
4692
4693
4694
4697
4702
4709
4711
929
4634
4660
4664
4665
4672
936
2884
2888
4683
4688
943
2791
4716
4717
462
2785
2786
2788
460
2761
2762
2769
2770
2771
461
941
2765
2767
4715
4717
4796
950
951
4751
4753
4754
4755
4
4820
4829
4830
4831
4848
956
960
4781
4790
4797
4799
4800
4801
4803
447
1473
1474
6851
6853
965
1471
4803
4805
4806
4827
4834
4842
4843
4844
965
4831
4833
4834
4839
970
4855
4856
4858
4860
4983
957
958
1465
4884
4886
6831
6834
1462
1465
1470
6823
6828
6829
6830
4864
4866
4870
4871
4872
4876
4897
4914
4916
4917
4924
4932
1431
6710
6712
6713
4950
6096
6100
6101
4935
4936
4964
4965
994
4960
4961
4963
4964
4968
990
1007
5004
5006
5015
1005
1006
1009
5015
5016
985
1002
4945
4946
4947
5009
5010
2
5034
5038
5039
5553
5030
5032
5033
5034
6064
30
1006
5036
5037
5040
1009
1010
4988
1029
5105
5110
5112
5121
5122
5107
5108
5109
5123
5124
1026
4817
5124
5125
5128
1
5075
5076
5151
5152
5153
5154
1028
5150
5153
5155
5156
5157
1035
1038
1043
5173
5174
5068
5189
5192
5193
1117
5506
5510
5511
5513
5514
1038
1042
1043
5211
5216
1046
5207
5226
5227
5228
5260
5228
5229
5258
5259
5260
5338
5323
5325
5326
5328
5333
1065
5318
5325
5326
5327
5328
5329
1055
1056
5275
5283
5284
5285
5286
5358
5360
5361
5362
5369
5388
1074
5345
5353
5354
5358
5362
1073
5345
5346
5350
5351
5352
1100
1102
5461
5463
5464
5465
5480
1085
1087
5414
5429
5430
5431
5432
5434
1078
5414
5417
5421
5430
1079
5398
5400
5401
5657
5402
5403
5654
5655
5658
1081
1086
5428
5429
5624
5625
6
1088
1107
5609
5613
5614
1088
5443
5445
5510
1101
5478
5479
5497
5007
5012
5013
5014
5521
1105
5515
5517
5521
5528
5007
5008
5009
5010
5602
5603
5606
5607
1106
1107
5533
5568
5599
1112
5554
5559
5560
5563
1114
5567
5568
5585
5586
5587
1103
5566
5585
5594
5595
1068
5614
5632
5633
5634
1133
5635
5636
5638
5655
1
1130
5636
5644
5645
5653
1129
5641
5642
5643
5645
5647
5673
5678
5733
5734
1147
5678
5725
5726
5727
5731
1140
5654
5655
5682
5684
5685
5687
1184
5839
5841
5843
5851
1139
1140
1141
1169
5696
5701
5721
5722
5723
5724
5725
1155
5757
5761
5762
5763
5764
5765
1154
1155
5762
5765
5766
5704
5776
5777
5778
5781
5782
1179
1180
5871
5875
5876
5877
1169
1174
5841
5842
5847
5848
1169
1173
5538
5539
5845
5850
5838
5847
5852
5855
5856
5864
5856
5858
5862
5863
5864
1177
5783
5791
5869
5873
5874
5876
5880
5913
5915
5916
5917
5918
6224
1260
1262
1263
5911
6224
6229
20
1265
1266
6218
6233
6234
1250
6192
6194
6200
1253
1254
1255
5915
5933
6201
1187
5917
5918
5924
5928
5929
1193
1194
5521
5522
5969
1214
5944
5945
5976
5977
6056
1205
5977
5981
5982
5983
5984
5985
6015
912
1222
6103
6118
6078
6107
6109
6141
6142
1218
6039
6057
6058
6063
6065
6081
6082
6083
1
6068
6147
6149
6177
6178
6179
1231
6141
6142
6146
6147
6148
1
2
6123
6124
6125
6612
6631
1
6122
6627
6628
6629
6612
6628
6629
1343
1344
6600
6601
6606
1259
6258
6265
6266
6268
6269
1232
1250
6151
6161
6162
6169
1249
6151
6159
6161
6162
6195
6196
6199
6200
6226
1248
6195
6196
6198
6214
6242
6243
6244
6262
6263
1248
1251
6250
6252
6253
6320
1263
6296
6297
6300
6301
1324
1327
1328
6566
6567
6579
6551
6567
6568
6569
6571
6572
1291
1292
6404
6406
6429
6430
1269
6308
6336
6337
6338
6339
6339
6340
6344
6410
6411
6331
6346
6348
6349
6350
1273
6360
6362
6363
6365
1275
6377
6378
6379
6380
6396
1280
1291
6424
6425
6441
1289
6425
6432
6433
6441
6434
6470
6500
6501
6505
6506
6492
6496
6497
6501
6502
1293
6460
6464
6465
6466
1296
1297
6477
6482
1418
6970
6971
6972
6974
6979
6980
6988
6989
1297
1302
1416
6481
6967
6507
6508
6509
6508
6509
6510
6511
6513
6530
1
1303
6524
6553
6554
1
1305
6523
6553
6554
6586
6587
6588
6515
6520
6521
6522
6587
1298
1299
6512
6513
6514
6515
6592
1
6612
6617
6618
6619
1324
6616
6617
6626
2
1324
6632
6633
6634
6635
6638
6639
1329
1330
1333
6651
6631
6637
6639
6640
6641
6603
6605
6675
6676
6681
6682
6660
6665
6698
6777
6778
6702
6704
6705
6734
6735
1346
6715
6730
6732
6733
6734
6735
1347
1350
6747
6752
6753
6754
6755
6758
1
6655
6658
6776
6777
6780
9
6647
6648
6650
6652
6654
1
7
1361
6780
6783
6784
6785
6791
6906
1360
6783
6798
6799
1357
6788
6790
6798
1365
1366
6827
6855
6856
6789
6791
6857
1352
1373
1374
6863
6864
6865
6872
6873
6874
13
1378
6871
6872
6890
6779
6784
6893
6896
6897
6898
6899
6637
6638
6642
6643
1382
6884
6909
6910
6914
6919
1370
1374
1376
6870
6876
6877
1371
1372
6873
6946
6951
1389
6952
6953
6955
1531
7453
7454
7456
7519
7520
1398
6990
6991
7308
7437
1400
7002
7003
7004
7006
1391
1407
1408
7037
7038
7039
7042
1408
6961
6963
6964
6965
6968
7041
7043
5
1362
1367
1415
6863
7049
1365
1366
6858
6861
6862
1353
6833
6834
6835
7066
7072
1410
1411
7051
7057
7058
1406
1407
1409
7050
7052
7053
1357
7039
7040
7044
6999
7008
7009
7013
7014
1
7136
7141
7143
7144
7112
7115
7140
7142
7159
7160
7161
1446
1447
7226
7228
7229
7231
1454
1456
7269
7273
7276
7238
7239
7240
7241
7317
1459
1466
7278
7279
7299
7300
1492
7295
7296
7297
7412
7413
1447
1448
1454
1457
7281
7282
7415
7416
7417
1
1470
7328
7329
7333
1469
7324
7325
7332
7333
1549
1550
1551
1552
7666
1
1548
1551
7668
7669
7670
1550
1551
7341
7669
17
1543
7620
7641
7642
7647
7648
7649
7650
7651
7355
7643
7658
7659
7660
1472
7365
7384
7391
7392
7393
7398
1506
7374
7376
7377
7500
7634
7635
1503
7379
7383
7384
7497
7498
1504
7375
7499
7501
7502
7503
7506
2
1510
1511
1512
7470
7533
7534
7530
7532
7533
7536
7537
7539
1508
7468
7469
7470
1532
7620
7621
7622
7640
7641
1517
7568
7569
7576
7513
7514
7545
7546
7551
7552
1193
6281
6282
7558
7560
1518
7568
7569
7571
7572
7589
1517
7587
7588
7589
7590
1518
7590
7591
7592
7595
1528
7637
7668
7669
7670
7630
7634
7635
1
1518
7601
7669
7673
1
1517
7660
7668
7669
7670
7674
7675
1515
1516
7670
7672
7673
4
1536
1537
1557
1538
1539
1546
1548
1554
1555
1544
1545
1547
1548
1619
1620
1621
1
1535
1549
1550
1551
1552
1556
1558
1532
1534
1550
1553
1554
83
1552
1553
1554
1555
1562
1
1560
1562
1564
1565
2
1561
1562
1564
1567
1
1561
1874
1877
1878
77
1560
1564
1565
1872
1873
1553
1554
1561
1562
1563
1564
1570
1572
1573
1577
1578
1604
1605
1563
1579
1580
1851
1
4
1583
1584
1586
1579
1582
1583
1584
1
2
65
1842
1847
1
1581
1582
1841
31
63
1580
1582
1583
1709
27
1578
1581
1582
1583
1585
1
1567
1586
1587
1588
1594
1565
1566
1589
1591
1593
1599
1593
1594
1596
1597
1599
1
7
1604
1605
1609
6
1606
1607
1608
1609
1586
1587
1605
1
1583
1584
1588
1613
1614
1615
1582
1614
1693
1694
1
1583
1605
1610
1611
1612
1613
1615
1607
1608
1609
1614
1615
1603
1604
1618
1619
1629
1647
1648
1649
1624
1625
1626
1628
1629
1630
1631
1632
2913
1627
1628
1641
1643
1644
1648
1641
1642
1646
1647
1679
3
1675
1676
1677
1679
1680
1606
1611
1644
1678
8
1671
1672
1679
1688
1
1671
1672
1677
1678
1664
1666
1670
1671
1659
1660
1712
1714
16
1706
1710
1711
1713
1714
1665
1692
1814
1815
1
2
4
1664
1684
1814
1
1663
1664
1663
1680
1
1555
1556
1682
1554
1679
1680
1
2
1679
1808
1809
1
32
1678
1806
1
3
30
1805
1806
1809
1810
2
29
1801
1802
1803
1
1683
1684
1685
1688
1797
1802
1
1682
1801
1803
1681
1802
1
5
1683
1686
4
1685
1686
1690
1692
1688
1689
1690
1698
1717
1719
5
6
1713
1719
1720
1724
1725
1
1683
1684
1748
1749
1750
1
1678
1682
1748
1755
1746
1747
1749
1754
1682
1716
1744
1745
1748
1750
1
1715
1716
1718
1717
1718
127
2194
2213
2214
2220
1736
1737
1755
2214
1
1887
1888
2194
2199
2204
2201
2202
2203
2205
2206
2207
1668
1747
1778
1779
1780
1784
1747
1749
1756
1757
1758
1776
1754
1757
1759
1881
1882
2201
1751
1881
2200
2201
1
1884
1885
1892
1893
1
31
1873
1892
1863
1872
1
1869
1870
1872
1873
1754
1755
1868
1872
1873
1874
1
1751
1752
1753
1759
1873
1758
1763
1764
1766
1767
1761
1770
1772
1780
1788
1789
1790
1774
1778
1
3
5
1780
1782
1783
1784
2
1778
1783
1784
1788
1789
1750
1751
1753
1754
1755
1821
1822
2
1787
1794
1795
1796
1795
1797
1798
1794
1795
1796
1795
1796
37
1352
1469
1479
1802
1803
1807
1829
1929
2
1785
1786
1787
1788
1805
1807
1808
1809
1825
1826
1827
1828
1783
1784
1802
1803
1805
1807
1740
1741
1818
1850
1851
1852
1853
1818
1819
1829
1847
1848
1818
1819
1820
1826
1828
1
1822
1824
1825
1829
1830
1831
1832
1830
1831
1832
1833
1835
1830
1910
1911
1912
1918
1
2
19
1912
1
17
18
1912
1
1910
1911
1903
1904
1907
1908
1909
1910
1
2
1834
1
1857
1859
1862
1865
1866
1884
1892
1893
1829
1860
1861
1863
1893
1894
1889
1890
1891
1892
1895
5
6
1913
1914
1920
1
1884
1915
1916
1989
1993
1878
1879
1880
1881
1883
1992
1993
1
32
1982
1988
31
1982
1986
1987
1909
1910
1913
1914
1915
1
2
1907
1905
1
1895
1905
1893
1896
1898
1899
1901
1902
1899
1900
1901
1917
1918
5
1917
1918
1919
1
1912
1913
1917
1911
8
1909
1910
1938
1939
1940
1
1915
1916
1284
1315
1892
1912
1914
7043
7163
1
4
1917
1926
1927
1933
1934
1936
1916
1922
1923
1924
1926
1927
1919
1921
7033
7037
7038
7039
7016
7027
7030
7031
1922
1923
10
1927
1928
1931
1932
8
1920
1925
1927
1938
1939
1
1922
1923
1924
1938
1921
1922
7009
7025
7026
6936
6937
6939
6999
7002
7004
1
15
1938
1940
13
14
18
1937
1947
1
4
1927
1928
1930
1931
2
3
1919
1930
1918
1919
1929
1930
1
1917
1922
1921
1922
1923
1921
1922
1942
1950
1951
1
1948
1955
1957
31
1946
1947
1956
1959
1
1941
1942
1943
1944
1946
18
1940
1942
1967
1986
1987
1990
1
1994
1995
1996
1999
1931
1933
1993
1995
1
5
1930
1
2
1925
1929
1
1924
1925
1926
6984
1926
1927
6917
6982
6983
1925
1989
1990
1991
1992
1925
1926
1927
1929
1992
1993
1994
1996
6908
1922
1988
1992
1993
6906
6912
1992
6890
6891
6892
6904
6905
6906
6907
2009
2010
2014
2015
6881
2012
2013
2014
2015
2017
6623
1987
1990
1991
1992
1993
1994
5
2025
2026
2027
2028
2034
2043
1998
1999
2000
2003
2008
1989
1995
1999
2001
2002
1949
1958
1967
1969
1952
1953
1955
1956
2023
2024
2028
2029
2030
1952
2031
2032
2033
2034
2063
2063
2064
2065
2066
2084
2055
2056
2064
2084
17
2076
2077
2079
2091
16
2078
2079
2080
2
1810
1811
1812
2067
2069
1932
1933
1934
1935
1936
1937
1938
1808
1810
1811
1930
1936
1915
1928
1930
1931
1
1803
1810
1811
1802
1803
1806
1807
1808
1809
3
5
1780
1794
1795
1796
1797
1800
2085
1
5
6
8
2081
2087
7
2081
2086
2065
2082
1
1771
1773
1775
1777
2082
1775
1776
2079
2080
2081
2082
1
2074
2075
2078
2080
2081
2082
2071
2072
2073
2075
4
2069
2070
2071
2074
2098
2099
2062
2063
2068
2073
2074
2034
2066
2067
2097
2098
2099
2
2027
2032
2099
2101
2067
2093
2094
2025
2099
2102
2104
2019
2021
2024
2025
2026
2014
2015
2017
2026
2027
2034
2193
2200
2201
2203
2016
2018
2019
2021
2198
121
2118
2119
2120
2124
2131
2132
2134
2135
2151
2147
2148
2149
2150
2152
2157
2158
2163
2164
2165
2429
2430
2
4
2151
2152
2154
2170
2171
2179
2151
2176
2178
2179
2184
2193
1
2
2170
2173
2174
2177
2169
2171
2172
2165
2166
2168
2169
2283
2284
2286
2288
2417
31
2160
2281
2282
2283
2284
29
30
2165
2166
2167
2276
2280
3
2187
2190
2195
2196
2165
2166
2167
2169
2186
2195
2196
2277
2184
2185
2186
1
2
2184
2185
2186
2187
1
1992
1995
1996
2185
1991
2185
2186
1
1968
1969
1971
1972
2207
3
1967
2206
2182
2184
2185
2186
2198
2199
2205
2207
2226
1
1963
1964
2209
1957
1962
2208
4
2208
2209
2212
2213
1952
1953
1954
1955
1957
2206
2207
1951
6553
6557
6558
2213
2214
6533
6534
6535
2205
2207
2208
2210
6550
2198
2200
2201
2203
2208
2210
2217
2219
2187
2189
2219
2220
2225
2251
4
2222
2226
2229
2230
2213
2214
2216
2217
2224
2297
6453
6454
6456
6457
6458
6521
2226
2227
2228
2229
2230
2217
2218
2226
2235
2236
2240
2241
2242
2249
2258
2
2174
2246
2249
2251
2173
2174
2177
2178
2244
2245
2247
2248
2249
1
2246
2247
2244
2245
2250
2253
2269
2273
2274
2277
2278
1
20
2264
2265
2266
2336
2340
2262
2263
2339
2340
2341
2279
2290
2295
2296
2297
2227
2273
2275
2276
2277
2
2219
2220
2280
2281
1
2
2278
2279
2288
2293
2294
1
2278
2279
2278
2279
2282
2283
2286
2289
6430
6432
6436
6437
1
2285
2286
2287
9
2285
2286
2287
2291
2292
2298
1
8
2298
2299
2300
2301
2303
6409
6410
6412
1
3
2300
6409
2
1027
6406
6407
6408
1
1026
2303
6401
6402
1025
2297
2302
2297
2300
2302
2303
2304
2289
2296
2297
2298
2285
2286
2287
2289
2317
2276
2289
2291
2292
2316
2318
2320
2284
2302
2311
2313
2314
2306
2308
2316
2317
2323
2325
2326
480
2305
2306
2325
2327
4252
2317
2320
2323
2349
2350
19
2411
2412
2414
8
2340
2372
2374
2407
1
7
2339
2340
6
2336
2339
2340
2341
1
2351
2352
2353
2356
2357
2358
2354
2355
2357
2358
2093
2095
2097
2351
2353
2354
1
2355
2361
2362
2363
2364
2360
2363
2364
2365
2366
2367
2332
2335
2344
2361
2363
2364
4
2368
2370
2375
1
3
2369
2370
2371
2064
2081
2369
2370
2370
2371
2374
2375
2376
2377
2366
2368
2371
1
2
2369
2370
2372
1
27
2370
2371
2374
2369
2376
2377
2356
2357
2358
2359
2361
2388
2391
2392
2395
2396
2399
449
450
2389
2390
2397
2398
2399
3
2379
2388
2398
2399
2406
1
2403
2409
2410
2411
2420
2377
2405
2406
2408
2410
2375
2376
2378
2385
2405
2473
2474
2476
2478
2480
2411
2443
2475
2476
2477
2411
2412
2413
2414
2416
2417
2418
2421
2436
2438
2440
2441
2442
2443
2474
1
2419
2420
2423
2427
2428
2437
2438
2419
2422
72
2445
2446
2447
2448
2449
2718
2429
2430
2442
2445
2446
2446
2447
2448
2451
1
2454
2459
2568
2573
1
2453
2567
2573
2446
2451
2452
2572
2577
2578
2581
2582
2704
2705
31
2570
2572
2573
2575
2576
2577
2564
2565
2566
2567
28
2484
2486
2488
2565
2451
2453
2485
2564
2565
2566
2430
2449
2450
2452
2457
2458
2343
2347
2348
2349
2350
2451
2452
2453
2471
2025
2343
2344
2471
2477
1
2473
2474
3
2473
2474
2490
2492
2
2482
2483
2489
2490
2485
2515
7
2480
2486
2487
2489
6
2485
2489
2490
1988
1989
1998
2003
2005
2006
2007
1985
1986
1987
2495
1978
1979
1984
1988
1989
1990
1985
2004
2005
2488
2493
2498
2505
2506
2507
2479
2484
2485
2487
2506
1
1443
2517
2522
1441
1442
2519
2521
2523
1455
1456
1458
1459
1460
2513
1431
1433
1434
1435
2520
15
1367
1432
2519
2583
2584
2515
2519
2520
2523
1
2470
2503
2504
2523
2531
2534
2468
2469
2500
2501
2502
2503
2488
2489
2493
2494
2495
2498
2499
2464
2465
2468
2531
2532
2459
2460
2464
2536
2537
2523
2541
2546
2547
2567
1
2546
2547
2548
2555
2564
2566
1
4
2563
2564
2565
2568
2561
2562
2563
2567
2559
2560
2566
2567
2568
2584
2585
2586
2
2510
2568
2569
2570
2573
2574
2514
2561
2562
2563
2564
2507
2508
2568
2569
1352
1415
1416
1417
1348
1349
1351
1352
1353
5
1338
1345
1347
1349
1355
1
2564
2565
2566
2567
2571
2566
2569
2570
2571
1
1339
1340
2586
2588
1338
1340
1345
2569
1339
1340
1341
1344
2
2589
2590
2596
2597
2598
2594
2597
2598
2599
2577
2578
2586
2595
2596
2597
2605
1
2599
2604
2607
2608
2609
2574
2575
2603
2604
2606
2
3
2603
2611
2531
2533
2534
2608
2609
7
2536
2601
2608
2609
5
2596
2604
2605
2608
2609
1
2614
2615
2616
2617
2603
2609
2610
2614
2616
2607
2614
2615
2616
2617
2618
2635
2605
2632
2633
2634
2635
2600
2604
2605
2606
2529
2600
2601
2600
2601
2634
2635
2639
2519
2520
2521
2637
2638
2639
2518
2519
2520
2523
2376
2643
2644
2645
2646
2640
2641
2643
2644
1
2647
2652
2653
2654
4
5
7
8
2651
2653
2654
2655
2681
2682
1
2639
2642
2655
2656
2657
2658
2659
2662
2656
2657
2659
2663
1
2652
2666
2669
2670
1
2651
2669
2
2668
2669
2664
2668
2669
2670
2674
2667
2673
2674
1
2673
2674
2676
2678
2679
2674
2675
2677
2603
2604
2675
2676
2678
2679
2680
2
2668
2677
2682
2685
2686
3
2688
2690
2691
2692
2693
2664
2665
2666
2684
18
2656
2695
2772
2773
2774
1
2687
2689
2685
2686
1
6
2703
2704
1
4
5
2703
3
80
2591
2682
2702
2705
2710
79
2708
2709
2710
2711
2715
2694
2721
2731
2732
1
2700
2701
2702
2703
2723
2689
2697
2699
5
2749
2778
2779
2780
6
2689
2723
2754
2755
2740
2741
2858
2859
2857
2858
2859
2860
2863
2864
2849
2850
2852
2853
2742
2743
2744
2745
2776
2853
3
2638
2639
2641
1
2679
2683
2747
2748
2750
2755
2677
2678
2749
2754
2636
2638
2639
1
2630
2632
2634
2
2313
2632
2633
2755
2760
2761
2763
1
2
2781
1
2759
2760
2761
2780
2759
2761
2762
2777
2778
1
2760
2767
2769
2777
2768
2774
2775
2776
2778
2781
2801
6
2782
2784
2785
2791
4
2274
2276
2786
4064
4065
1
2273
4064
4065
4066
2270
2271
2272
2273
2277
4065
5
2789
4056
4057
4058
4067
4060
4061
2775
2785
2786
2790
2793
2787
2788
2791
2802
2803
1
4
2785
2786
2802
4051
2784
4049
4050
4052
2
2802
4031
4032
4033
4034
2806
4026
4027
2798
2800
4031
4046
4047
1
11
12
2793
2794
2802
2809
4
10
2793
2809
2810
2813
2782
2787
2788
2789
2792
2793
2787
2788
2818
2819
2816
2817
2818
2820
2821
2789
2809
2813
2814
1
2805
2807
2808
2809
2813
1
2806
2809
2852
2831
2833
2834
2851
1
3
2800
2801
2803
2852
2801
2802
2803
2851
1
2799
2797
2798
2849
2851
2853
2854
2855
2860
2789
2791
2792
2855
2856
4007
4008
4009
5
3931
3934
3935
3937
2852
2853
2854
2855
2857
3935
3940
9
2838
2839
2840
2844
2846
7
2863
2864
2865
2866
2867
2874
2852
2853
2855
2856
2857
3926
3928
3929
2873
2875
2876
2878
2855
2856
2857
2858
2871
2866
2875
2882
2883
2860
2861
2862
2863
2865
2866
2867
2868
2859
2860
2824
2825
2826
2829
2831
2822
2823
2830
2831
2832
2833
2821
2823
2825
2858
2863
2890
2891
2892
2859
2887
2888
2889
2893
2901
2815
2816
2893
2894
2895
2897
2907
2927
1
2919
2920
2921
2922
2983
2918
2920
2928
2948
7
8
2928
2929
2946
1
2810
2811
2924
1
2806
2809
2810
2811
2813
2823
2805
2806
2807
2808
2801
2805
2806
2926
2927
2928
2932
2672
2673
2797
2798
2799
1
2929
2930
2931
2932
2936
2939
1
2929
2937
2938
2939
2921
2922
2928
2934
2944
2945
2946
2947
2951
2656
2657
2658
2659
2661
2662
2663
2643
2644
2645
2648
2649
2656
2511
2630
2632
2633
2953
2961
2993
3105
3112
2639
2640
2944
2945
2946
2950
2948
2949
2951
2952
2950
2952
2953
2954
2958
2936
2937
2952
2953
2955
2900
2933
2934
2935
2936
2937
1
2891
2893
2894
2891
2892
2954
2955
2956
2957
2964
2974
2975
2954
2973
2975
2976
1
21
2976
2978
2979
2980
2981
20
2977
2987
2988
2994
2995
3054
2963
2964
2991
2992
2995
2996
2997
2998
2885
2957
2961
2962
2957
2959
2960
2965
2966
2967
1
2875
2878
2879
2881
3001
2874
2875
2876
2880
2881
2884
2872
2877
2998
2999
3000
3002
3318
3319
3320
3004
3005
3311
3312
3317
2999
3000
3001
3004
3010
3316
2992
2993
2999
3000
3009
1
4
3003
3005
3019
3020
3290
3307
3
3290
3305
3306
72
3304
3306
3308
3309
32
3153
3154
3155
3157
3285
3286
3287
3288
29
3145
3148
3149
3150
3152
3172
3028
3029
3141
3142
3143
3020
3022
3023
3028
3141
3014
3016
3017
3018
2967
2968
2969
2971
2972
1
2960
2961
2963
3034
2960
2962
2964
5
3047
3048
3050
1
4
3046
3047
3051
3
3047
3049
3050
1
3046
3058
3045
3056
3057
3043
3044
3045
3054
3059
3060
3061
3077
3087
3065
3066
3069
3070
3070
3073
3079
3080
3082
3083
1
2
3
4
3079
3091
3092
1
3079
3085
3086
3090
1
3085
3086
3087
3088
3097
1
3087
3094
3088
3089
3091
3092
3093
17
3089
3090
3161
3162
3167
3449
1
3089
3090
3094
3083
3089
3090
3092
3093
3094
3095
3138
3143
3144
3145
3094
3095
3100
3154
3155
3077
3078
3079
3088
3095
3096
3108
3034
3036
3037
3108
3112
3113
3100
3101
3119
3143
3123
3124
3125
3133
3141
3129
3134
3135
3201
1
3128
3207
3208
3237
3200
3201
3207
1
3166
3167
3193
3194
3199
3200
3165
3194
3198
1
3128
3131
3132
3140
3141
3130
3140
3160
3156
3157
3158
3145
3146
3150
3147
3148
3149
3167
3
3165
3167
3168
3149
3151
3154
3157
3164
1
3
3159
3161
3167
3169
1
2
3162
3164
3166
3171
3143
3162
3163
3168
3170
2
3169
3170
3168
3169
3416
3419
3421
3163
3168
3169
3170
3168
3169
3173
3414
3
3172
3173
3174
3175
3412
3160
3167
3168
3169
3170
3
3190
3192
3193
3194
3387
3389
3172
3404
3406
3408
3409
3192
3383
3386
3388
3389
3390
1
5
3186
3190
3191
3192
3193
3191
3192
3194
3196
3382
3360
3376
3377
3379
3380
1
3192
3193
3199
3200
7
3191
3198
3208
3180
3181
3188
3189
3208
3209
1
3177
3178
3208
3
3176
3207
3208
3095
3096
3097
3175
3176
1
3208
3210
3213
3227
3173
3205
3207
3208
3226
3191
3193
3197
3198
3199
3200
3201
1
3219
3220
3221
3233
3239
1
2
3232
3238
1
3235
3236
3237
3238
3239
3228
3229
3230
3237
2769
3227
3236
3237
3242
3243
2
3243
3244
2761
2763
2764
2771
2772
3242
3249
3251
3184
3185
3187
3188
3219
3257
3258
3259
3275
3355
3254
3255
3259
3260
3261
3262
2753
2754
2755
2756
2757
3281
3283
3284
3287
3279
3280
3281
3282
3307
3308
3309
3290
3296
3297
3298
3299
3300
3302
3306
3299
3314
3605
3606
3290
3291
3292
3293
3294
3298
120
3287
3288
3289
3290
3741
3761
1
3609
3736
3737
3608
3610
3731
3735
1
3599
3602
3603
3606
3594
3597
3598
3604
3605
1
3581
3597
3598
3599
3601
3309
3579
3580
3597
1
3
3314
3573
3577
2
3576
66
3576
3577
3578
3592
31
3565
3570
3571
3573
1
29
3308
3309
3313
3315
3319
8
28
3313
3316
3318
3324
4
5
3322
3
3323
3324
3325
1
3259
3291
3292
3323
3324
3257
3258
3323
3324
3329
1
3320
3322
3325
3334
3335
3314
3315
3316
3317
3334
3344
3314
3340
3342
3347
3311
3315
3316
3342
3417
3419
3421
3342
3343
3344
3346
3347
1
3346
3348
3349
3351
3343
3344
3345
3350
1
2
3356
3373
3374
3375
3
3372
3373
3374
3352
3353
3354
3355
3358
3363
3366
3367
3383
3384
3367
3368
3369
3371
3373
3394
3395
3396
3397
3402
3403
3
3389
3390
3391
1
3383
3384
3385
3387
3388
3384
3385
3386
3450
3385
3386
3387
3446
3447
3448
3451
3452
3441
3443
3444
3445
3451
3460
3462
1
13
3391
3436
3438
3439
1
12
3414
3415
3416
3419
3435
3390
3391
3392
3410
3414
3434
3400
3406
3407
3409
3410
3411
3283
3284
3285
1
3534
3536
3538
3540
3541
3533
3534
3535
3536
2
30
3527
3528
3529
3533
3548
3
3414
3416
3493
3494
3495
3497
3505
3523
3524
3525
3546
3547
3486
3489
3490
3498
7
3413
3414
3416
3417
3485
3489
3490
3407
3408
3412
3413
3414
3407
3425
1
3434
3438
3439
3445
3361
3367
3431
3432
3433
3434
3438
3439
3463
3439
3440
3441
3452
3454
3455
3442
3444
3440
3441
9
3410
3445
3446
3449
3478
1
3450
3451
3454
3455
3453
3454
3455
3456
3463
3450
3451
3454
3455
3456
257
3456
4480
4481
4482
3454
3455
3456
4479
3456
3458
3459
3461
3462
251
4464
4470
4471
4472
4491
1
3438
3439
3448
3457
3458
3459
3437
3457
3467
3469
3456
3458
3459
3460
3464
1
7
3484
3485
3486
3487
3488
3481
3482
3485
3486
4440
3485
3487
4433
4434
237
4418
4427
4431
4433
4434
4435
1
3485
3486
3487
3564
3565
4427
4429
4430
4431
1
10
3486
3491
3525
3558
3559
3560
3563
3485
3488
3489
3490
3496
3480
3481
3485
1
3499
3500
3518
3499
3500
3509
3516
3517
2
3509
3510
3512
3525
1
2
3512
3518
3524
1
3506
3512
3513
3523
3482
3484
3485
3486
3511
3516
3517
6
7
3543
3546
3547
3515
3543
3544
3545
3547
3548
3535
3538
3542
3543
1
3526
3527
3529
3530
3531
3532
3524
3525
3531
3532
3533
9
3565
3566
3567
3570
1
3536
3537
3553
3554
1
3540
3544
3546
3547
3552
2
3
3544
3545
3546
3549
3467
3546
4331
4332
4409
4410
1
3547
4329
4330
4333
3541
3547
4327
4328
186
3552
3554
3573
4318
4319
4320
4322
3553
3554
3556
3572
3573
3574
3554
3556
3559
3560
3561
3564
8
3588
3893
3894
3585
3587
3588
3589
3590
3591
3592
3602
3577
3578
3581
3583
1
2
3578
3897
3898
4280
4281
4282
4283
1
3961
4279
3896
3897
3960
1
3882
3889
3890
3893
3574
3575
3576
3888
3890
3892
3893
3894
3895
2
3884
3885
3886
3888
5
7
3588
3589
3590
3594
3865
3866
3867
3868
3882
3883
67
3866
3867
3879
3880
3594
3595
3599
3862
3863
3597
3598
3599
3600
2
3574
3586
3587
3588
3589
3590
3591
3594
5
3587
3603
3606
3611
2
3583
3586
3547
3574
3579
3580
3581
3581
3584
3608
3609
3605
3614
3615
3616
3
3596
3597
3598
3599
3600
3601
3176
3495
3623
3624
3625
3626
3635
3601
3620
3623
3629
3630
3597
3598
3599
3600
3628
3630
3709
1
3630
3634
3641
3709
3627
3629
3630
3631
3640
1
3620
3621
3622
3623
3641
3621
3630
3637
3638
3639
3640
3
3635
3636
3638
3639
2
3138
3157
3158
3640
3641
3632
3643
3657
3659
3660
3661
3662
3631
3632
3637
3638
2
3625
3627
3628
3693
3694
5
3681
3690
3691
3626
3658
3659
3691
3653
3662
3663
3664
1
3675
3680
3732
3733
3735
3731
3732
3740
3741
3748
3676
3680
3686
1
12
3720
3721
3723
3724
3725
11
3702
3703
3721
3722
3676
3677
3680
3681
3678
3679
3688
3689
3676
3695
3699
3700
3719
3720
6
3697
3698
3702
1
3703
3816
3821
30
3814
3815
3816
3817
3820
3782
3783
3808
3811
3812
3813
3816
1
3771
3772
3773
3774
3700
3701
3706
3772
3773
3692
3694
3695
3696
3702
3708
3710
1
3731
3734
3735
3725
3729
3730
3731
3733
1
3
3736
3738
3739
3740
3766
2
3735
3736
3763
3699
3701
3702
3733
1
3735
3753
3755
3761
3734
3742
3751
3752
3742
3749
3752
1
1948
3752
1940
1946
3751
1862
1942
1944
1945
3751
3756
1857
1858
1859
1860
1865
1867
1
3766
3767
3774
3794
3759
3765
3766
1
3771
3772
3773
3774
3775
3776
1
1850
3768
3769
3770
3775
1848
1849
3774
3771
3772
3774
3778
3788
20
1822
1823
1824
1825
1826
3854
3780
3852
3853
3854
9
3778
3779
3845
3846
3850
1
3773
3776
3778
1
6
3775
3779
3780
3781
3779
3780
3788
3786
3787
3806
3807
1
3787
3796
3801
3804
3800
3801
3802
3803
3807
3812
3773
3800
3801
3805
3773
3774
3802
3804
7
3837
3840
3841
3848
5
3829
3830
3852
3873
3874
3769
3802
3804
3833
3834
3836
1
2
17
3818
3820
3879
3880
3883
1
3875
3876
3877
3878
3879
3817
3818
3876
3825
3847
1
3833
3834
3838
3839
3840
3843
1796
1797
1798
3837
3842
3843
1797
1802
3834
3836
1
1794
3841
3842
3843
5890
1
3841
3842
5888
5
3841
3844
3861
5887
1
3846
3926
5877
5878
3846
3925
3926
3845
3846
3847
3851
3918
3920
3923
3925
3926
1
3838
3839
3846
3847
3849
3837
3838
3839
3840
3856
3811
3852
3853
3857
3858
1
3861
3865
3866
3867
3868
3801
3864
3866
3864
3869
4180
4181
3867
3869
3884
3885
4174
4175
3878
3879
3882
3897
3908
5
33
3999
4009
4010
4011
4012
1
3884
3885
3890
4152
3882
3883
4151
4152
1
31
33
4014
4016
30
4012
4014
4015
1
28
3929
3933
3934
3936
4000
4005
3930
3932
3935
3936
3938
1
3924
3925
3927
3928
3930
3892
3893
3922
3923
3927
3903
3905
3908
3910
3891
3892
3893
3901
3902
3903
3910
2
3
3917
3926
3932
3935
3936
477
478
3934
3935
3936
3937
5825
1
3934
3936
3937
3928
3929
3930
3936
8
3943
3945
3951
3953
1
3935
3942
3943
3952
3936
3937
3938
3941
3942
1
3943
3944
3947
314
3938
3943
3945
3946
5209
5214
5215
5212
5213
5214
5216
310
3942
3943
5189
5206
5207
5208
1
3941
3942
3943
3955
3956
3960
3937
3938
3942
3943
3954
5
7
8
3950
3951
3978
3954
3956
3957
3958
3960
3953
3954
3955
3960
5179
5180
5184
3959
3960
3961
5111
1
3955
3957
3964
2
3946
3954
3962
3963
3963
3964
3965
4013
4014
4016
4017
4018
1
3960
3962
3964
3961
3964
3968
3969
3970
3966
3972
3973
3974
1
3963
3964
3975
3982
3983
3962
3982
4006
1
3981
3983
3984
3985
3986
4005
4111
31
3983
3984
3988
2
3983
3986
17
3984
3993
3994
3997
3998
4001
3983
3984
3999
4000
3997
3998
4001
4004
4002
4005
4006
4007
4013
3
4007
4011
4012
1
4007
4008
4009
5072
5088
1
5
4008
4009
5070
5071
1
4
4008
4009
3999
4008
4009
4016
4017
1
4008
4009
4013
4025
4008
4009
4010
4024
4007
4008
5064
5065
4027
4029
4030
4034
4019
4021
4022
4023
4027
3981
3982
4008
4009
4010
4014
4015
4041
4050
4051
4057
1
3974
3975
3979
4046
4052
3974
3977
3978
3980
4011
1
4044
4047
4048
4049
4053
1
7
4048
4051
4052
4056
4060
4051
4053
4054
4055
4056
4505
2
4057
4061
4183
4185
1
4
4056
4075
4076
4055
4057
4059
4074
1
8
4069
4071
4078
4079
4081
4070
4074
4076
4077
4043
4044
4052
4053
4072
4074
4075
1
2
3959
3960
4074
4079
4085
1
4079
4082
4083
4084
3952
3957
4078
1
4074
4075
4081
4082
4091
4
4073
4082
4089
4090
4061
4073
4090
4091
1
4056
4057
4059
4060
4130
4131
4059
4089
4090
4123
4129
4069
4084
4085
4087
4088
4095
4096
4099
4100
4101
4102
4081
4092
4094
4099
4089
4109
4114
4115
4116
4122
1
5
4133
4136
4
4127
4129
4130
4132
4039
4040
4047
4048
4049
4050
4053
4055
4056
4149
4153
4154
4155
4157
7
4123
4125
4148
4151
4152
4123
4131
4122
4129
4130
4132
4149
1
3
4130
4131
4147
2
4130
4132
4135
4136
4137
4139
4140
4207
8
18
4139
4140
4173
4207
4137
4144
4141
4142
4144
1
5
4134
4135
4139
4140
1
3
4137
4138
4139
4147
4166
4167
4153
4162
4163
4164
4165
4166
4167
1
4166
4172
4173
4178
4134
4164
4165
4171
4132
4134
1
7
4174
4175
4176
4184
1
4173
4174
4168
4169
4171
4172
4175
1
32
33
4173
4176
4433
1
31
4175
4176
4177
4178
4298
28
4175
4177
4178
4179
4161
4177
4179
4180
4160
4168
4176
4177
4178
4156
4157
4160
4161
4167
4188
4121
4188
4189
4191
4192
4190
4191
4194
4178
4179
4180
4197
4198
5
4217
4219
1
4174
4207
4286
19
4173
4285
4286
1
9
4212
4244
4245
4246
4247
4278
2
4243
4244
4249
4211
4212
4213
4214
4215
4217
4218
4240
4241
4235
4237
4241
4246
4247
1
4225
4226
4227
4228
1
3199
4225
4226
4230
4254
5
4229
4246
4247
4253
1
4228
4229
4230
4245
4229
4240
4241
4243
4244
5
4238
4267
4268
4269
1
4241
4243
4244
4248
4242
4247
4248
4245
4252
4253
4254
4255
4253
4254
4255
4261
4261
4262
4264
4266
4267
4268
4255
4256
4265
4274
4275
4277
4279
4280
1
3
4270
4272
4273
4274
4275
2
4268
4269
4271
4148
4149
4150
4154
4267
4270
4269
1
4267
4272
4273
1
4272
4400
1
4
4271
4272
4276
4397
4399
1
29
30
4275
4280
4396
28
4275
4276
4279
4389
4277
4279
4280
4268
4269
4271
4272
4347
4348
4349
4278
4280
4311
4313
4345
4306
4311
4312
4314
4316
4317
4303
4320
4323
4324
4325
4327
1
4311
4312
4330
4340
4341
4342
4329
4330
4339
4336
4337
4338
4339
1
4324
4326
4327
64
4319
4323
4325
4578
1
68
4323
4569
4570
4574
4575
4322
4326
4327
4328
4568
60
4327
4328
4329
4348
4349
4546
4565
1
2
5
4347
1
4
4348
4350
4347
1
4348
4349
4352
4368
4339
4340
4345
4347
4348
49
4346
4537
4538
1
47
4344
4349
4350
4535
1
45
4349
4350
4353
4527
4528
4529
4530
4534
19
4350
4352
4429
4526
1
4345
4347
4348
4350
4355
4422
4347
4349
4350
4351
5
4353
4365
4375
4383
4384
4385
1
2
4362
4367
1
4361
4364
4365
4366
4371
4104
4108
4368
4373
4361
4370
4371
4372
4378
4369
4370
4375
4376
1
4347
4380
4381
4385
4411
4346
4378
4379
3
4381
4382
4383
4384
4385
1
4381
4386
4387
4389
4390
4393
4380
4384
4386
4387
4376
4377
4378
4380
1
4399
4410
4418
4419
1
4397
4398
4400
4403
4409
4402
4407
4408
4410
4410
4411
4506
4330
4407
4408
4409
4410
4405
4406
4407
4410
4413
4416
5
3903
4420
4421
4427
1
4409
4410
4420
4421
4422
4423
4425
4426
4406
4420
4421
4501
4462
4463
4492
4493
8
4421
4426
4492
4493
4494
122
3898
4412
4413
4415
1
4425
4426
4427
4456
4457
4425
4426
4427
4434
4435
4455
78
4435
4444
4451
4452
2
4448
4449
4459
4461
4462
4465
4466
1
4448
4451
4452
4447
4451
4452
4457
4458
4480
4482
4483
4484
4486
4451
4453
4454
4455
4456
4467
4468
4469
4470
1
2
65
4464
4465
4586
1
4460
4463
4465
29
4464
4582
4584
1
5
6
4471
4473
4491
4498
4499
1
4467
4468
4470
4472
4474
1
4471
4473
4488
4472
4479
4480
4487
4485
4487
4488
4489
1
4297
4486
4488
4296
4297
4488
4492
1
4
4487
4489
4491
3
4489
4490
4496
4498
4506
4497
4498
4500
4505
14
4501
4529
4530
4289
4485
4486
1
4261
4513
4514
1
4512
4513
4514
4515
4512
4513
4517
4518
1
4515
4518
4519
4514
4518
4520
4522
4532
4502
4504
4505
4506
4521
4523
4524
4525
4527
4528
4529
3
4526
4527
4530
4543
4513
4514
4515
4529
4530
17
18
4511
4529
4530
4531
4532
4536
4527
4531
4534
4539
4540
4531
4536
4538
4539
4540
4541
2
4483
4486
4487
4516
4517
4551
1
4497
4512
4513
4514
4516
4513
4514
4515
4476
4479
4481
4552
4553
4554
4553
4554
4555
4557
4543
4544
4547
4548
4549
1
4538
4539
4548
4556
4557
4
29
4537
4580
28
4577
4579
4584
4585
4588
4591
4592
7
4526
4587
4588
4531
4532
4533
4576
4577
4578
1
4
5
4522
1
2
3
4521
1
4519
4520
1
4230
4493
4583
4584
4614
4582
4517
4519
1
2
4584
4587
4588
4589
3
4584
4586
4587
4601
4603
4578
4579
4580
4582
4583
4584
4585
1
4599
4602
4603
4604
4584
4586
4595
4597
4598
4603
3
4594
4602
4611
1
4608
4610
1
3
4591
4593
4609
4610
4591
4592
4593
4608
4587
4588
4589
4591
4618
1
4588
4607
4609
4587
4608
4610
4614
4608
4609
4610
4611
4629
4630
4620
4621
4624
4625
4626
4630
18
4642
4646
4647
4648
4649
4656
4675
4676
1
4539
4541
4620
4621
1
4538
4539
4540
4538
4539
4540
4618
4551
1
4401
4523
4528
4659
4400
4521
4522
4397
4660
4661
4662
4664
4650
4651
4653
4655
4656
4657
4530
4645
4646
4647
4648
4668
4669
4673
4674
4679
4
4370
4371
4677
4357
4366
4367
4368
4369
4371
4356
4357
4358
4359
4363
4364
4373
4355
4362
4365
4667
4672
4673
3
4664
4693
4694
4695
4696
2
4626
4627
4628
4660
4661
4693
4638
4639
4654
4655
4657
4620
4625
4691
4692
4698
4617
4696
4697
4698
4687
4688
4691
4692
4698
4699
4702
4703
4
4703
4704
4705
17
4677
4678
4709
4710
17
4713
4714
4716
4718
2
4703
4704
4705
4712
4720
4721
1
2
4700
4701
4702
4722
4701
4719
4721
80
4696
4699
4720
4725
4726
5050
5056
4720
4723
4724
4725
4726
4
4731
4735
4736
3
4720
4735
4736
4737
4738
4740
4711
4712
4713
4715
4738
4740
4741
4742
4760
4772
1
4730
4731
4732
4733
4745
4746
4729
4745
4746
4747
64
65
4748
4750
4751
4882
4737
4739
4740
4742
4743
4749
4756
4738
4753
4754
4755
4756
4765
4693
4694
4695
4697
4772
4773
2
4660
4693
4772
4694
4696
4697
4698
4653
4658
4770
1
4649
4650
4651
4652
4654
4766
4769
4770
4328
4648
4769
4770
4776
4326
4328
4774
4775
4793
4796
4797
4798
4799
4771
4772
4774
4775
4777
4778
4779
1
7
4792
4799
4801
6
7
4790
4791
4310
4313
4314
4795
4293
4308
4309
4310
4311
4313
4291
4292
4293
4309
4288
4289
4798
4799
1
2
4309
4792
4796
4797
1
4794
4795
4783
4790
5
4779
4811
4813
4844
4780
4782
4808
4809
4810
3744
4795
4796
4797
4800
4812
4819
4820
4821
4810
4811
4820
4825
4828
4773
4774
4839
4840
4841
4843
4844
4845
1
2
4849
4850
4851
4852
4853
1
4847
4851
3
4845
4846
4847
4731
4732
4733
4734
4752
4762
1
4709
4710
4718
4719
4723
4717
4720
4721
4722
4841
4842
4843
1
4857
4861
4862
4930
4854
4856
4929
4934
4927
4928
4929
1
4863
4864
4869
4870
4871
4890
4868
4869
4819
4821
4822
4865
4868
4884
4885
4887
4888
4879
4880
4881
3654
4806
4871
4872
4873
4895
4896
4899
4900
3
4
4887
4890
4892
4897
4907
4879
4884
4885
4889
4890
1
4885
4886
4913
4884
4904
4905
4912
3
4892
4893
4903
1
3617
4895
4896
4897
4898
4899
1
4890
4892
4896
4898
4889
4897
4899
4900
4903
4904
4922
4923
5381
4899
4900
4901
4902
4903
4902
4903
4904
4911
4914
4916
1
2
4
4916
4944
1
3
4916
4917
4909
4914
4916
4918
4919
4915
4919
4920
4921
5046
5367
4913
4920
4921
4939
4940
4918
4919
4920
4923
4929
4934
4937
2
4952
4958
4959
4961
4942
4943
4944
5
4941
4949
4950
4957
4958
1
4818
4822
4945
4947
4682
4683
4944
4945
1
3
4662
4950
1
2
4946
4942
4944
4945
4946
4944
4947
4948
4964
4965
4966
4968
4969
4655
4656
4946
4947
4961
1
4646
4647
4649
4970
4966
4967
4969
4962
4963
4964
4967
4969
1
4967
4968
4969
4973
3
4968
4969
4972
4951
4952
4960
4966
4967
4901
4902
4903
4912
4948
4966
4968
4969
4970
4988
4991
4992
4993
4997
3
5004
5009
4998
4999
5077
5078
5071
5072
5073
5074
5075
5077
5080
5005
5006
5069
1
5005
5006
5013
4999
5004
5010
5012
1
2
5012
5013
5014
4893
4894
5009
5012
5013
5014
5010
5012
5019
5029
5030
5017
5021
5022
5328
5021
5022
5023
5021
5023
5036
5037
5325
8
5026
5032
5034
5
7
5030
5031
5037
5038
5047
2
66
5034
5035
5305
5322
5038
5039
5040
5303
5304
5033
5038
5303
1
5040
5160
5161
5165
5166
5025
5039
5041
5042
5045
5159
5022
5023
5026
5042
5050
5023
5024
5025
5018
5020
5021
5050
5051
5020
5046
5047
5048
5043
5044
5062
5063
5065
1
4
5057
5065
5069
5088
5063
5068
1
5068
5070
5073
5069
5070
5072
5147
5148
5063
5064
5065
5060
5061
5080
5081
5083
5082
5083
5086
5087
5082
5083
5084
5087
5093
5101
5102
5088
5089
5090
5082
5090
5091
5092
1
3
5072
5074
5098
5101
5068
5069
5073
5100
5
5103
5118
5121
5122
5129
5087
5093
5094
5095
5098
5104
1
5104
5105
5107
5109
5111
6337
5110
5111
5114
6330
6333
6334
6336
5108
5113
5115
5171
5173
5174
5175
5179
5098
5113
5114
5166
5167
5172
11
5116
5118
5121
5144
1
5094
5095
5114
5123
5059
5091
5092
5093
5094
5096
2
5116
5117
5118
5119
5125
5126
5135
5009
5135
5136
5137
5267
5272
1
5115
5133
5134
5266
5136
5137
5264
5265
1
5135
5136
5137
5138
5140
5134
5139
5140
5261
1
18
5143
5147
5149
5142
5143
5144
5145
5148
1
5105
5106
5150
5152
5100
5105
5151
5153
5155
5159
5164
5165
5172
5173
2
5162
5164
5165
5171
1
5166
5168
5170
6238
6239
5163
5164
5169
6237
5167
5172
5163
5164
5179
5180
5183
5180
5181
5184
5185
6217
259
264
5178
5179
5180
1
5182
5184
5185
5186
5694
5180
5181
5187
5178
5186
5187
5178
5183
5184
5670
5671
5672
5171
5176
5185
5156
5163
5169
5171
5123
5124
5125
5129
5201
5164
5165
5182
5183
5193
114
5179
5183
5184
5185
5215
5216
5218
5219
5221
5222
1
5216
5293
5291
5292
5293
5325
5326
5221
5222
5223
5224
5250
5207
5215
5216
5221
5223
5224
5225
5226
5196
5197
5205
5224
5225
5226
5243
5244
5249
5250
5254
5255
5282
5236
5238
5239
5240
5241
1
5239
5240
5256
1
5239
5255
1
5250
5251
5252
5254
3
5249
5251
1
6
5265
5266
5272
5273
5245
5261
5262
5264
5265
5243
5246
5248
5249
5253
4808
5253
5256
5257
5250
5251
5252
5253
5257
5258
5259
5260
5255
5256
5262
1
5259
5266
5268
5264
5265
5267
5272
5273
5267
5269
5270
5271
5274
1
5269
5273
5275
5276
5285
5304
5268
5270
5275
5277
5274
5276
5279
5282
3486
3487
3488
5280
5285
5286
5287
1
5282
5285
5291
5298
5299
5284
5285
5289
5290
1
5304
5305
5312
5322
5187
5302
5303
5304
5305
5306
5307
5293
5301
5302
5302
5304
5307
5308
5309
1
5182
5303
5304
5306
5623
5176
5181
5304
5622
5623
1
5614
5615
5620
5623
5619
5621
5622
3
5307
5597
5613
5619
4
5310
5320
5321
5322
3
5306
5307
5321
5322
5594
68
5594
5595
5609
5610
5321
5591
5592
5315
5316
5319
5321
5322
5323
5325
5310
5311
5312
5313
5315
5332
5338
5339
5340
5345
5274
5276
5305
5306
5307
5308
5272
5273
5275
5276
5277
1
3459
5267
5346
5345
5346
5347
5332
5339
5340
5342
5345
1
4
5353
5354
5355
5356
5354
5355
5356
5357
5324
5326
5328
5329
5338
5347
5357
1
2
5360
5361
5368
5369
5350
5351
5359
5368
3421
5366
5367
5368
5364
5365
5368
5369
3334
3335
3336
5368
5369
5373
1
2
5374
5377
5378
5379
5376
5368
5369
5376
5377
5386
5350
5351
5353
5354
5358
4
5
5408
5410
5411
5386
5387
5389
5391
5392
5393
5398
5391
5392
5393
5396
5399
5403
5404
5408
5456
5457
5460
5462
1
5407
5408
5455
5405
5407
5410
5411
5412
11
5406
5407
5408
5431
5432
5452
5453
5407
5423
5425
5426
5427
5428
5381
5401
5410
5411
5414
5415
5307
5338
5339
5340
5341
5410
5411
5412
5414
5415
5416
5299
5300
5411
5413
5416
5417
5418
5420
5430
5431
5434
5435
5432
5507
5509
5511
5512
5510
5521
5539
5428
5431
5433
5434
5435
5437
5438
5464
5465
5466
5467
5420
5422
5438
5441
1
5442
5444
5445
5446
5453
2
5443
5452
5453
5454
5461
5449
5451
5452
5454
5452
5456
5458
5459
5461
2
5456
5462
5463
5467
5494
5495
5429
5455
5456
5459
5460
5493
5461
5462
5491
5493
3
5461
5480
5489
5458
5459
5460
5461
5469
1
5469
5475
5476
5477
5479
5480
5726
5476
5477
5478
5486
5479
5482
5483
5484
5490
5719
5499
5501
5715
5716
1
5487
5488
5497
5499
5486
5488
5489
5493
5495
5496
1
5493
5494
5495
5497
5498
1
5492
5497
5496
5497
5498
5690
5691
5
5500
5507
5683
1
5503
5598
5599
5678
5502
5580
5581
5594
5595
5596
5597
17
5501
5502
5573
5574
2
5496
5512
5495
5496
5509
5510
1
2
5514
5517
5518
5534
5535
1
5517
5523
5532
5523
5530
5531
5533
5522
5527
5528
5529
5540
5541
5502
5528
5530
5531
5535
5536
5543
5551
5552
5553
5537
5540
5541
5542
2
5540
5541
5542
5548
5549
5550
1
5076
5097
5546
5552
5545
5546
5547
5551
5071
5548
5549
5550
5551
5548
5550
5551
5552
5554
5555
1
5527
5556
5558
5559
5560
5555
5556
5557
2
5564
5565
5566
5569
5564
5568
5569
5570
5573
5575
5057
5564
5565
5566
5567
5568
5567
5568
5570
6079
6080
5568
5569
5579
5587
5588
5589
5590
6076
3
5578
5581
5582
5585
5586
5587
5588
1
2
17
5578
5579
5581
5645
5651
5580
5581
5609
5610
5644
5576
5578
5579
5579
5580
5587
5588
5589
5590
5607
3
5588
5595
5596
5604
5605
5606
5608
112
113
5590
5591
5592
5593
5594
5595
1
5595
5596
5597
5598
5599
5600
5904
5594
5595
5601
5602
5603
5606
5635
5636
1
5
6
7
5636
5637
4
5634
5635
66
67
5607
5609
5610
5881
5882
5883
5897
1
5604
5619
5620
5622
5630
5602
5603
5629
5630
1
5628
5629
5630
1
5
5625
5626
5627
4
5630
5632
5628
5629
1
5633
5635
5636
5638
5630
5631
5632
5637
3
5619
5620
5628
5629
1
5637
5638
5642
5644
21
5615
5616
5617
5636
5646
5647
19
20
5615
5616
5617
1
5641
5643
5642
5647
5443
5448
5633
5634
5635
5636
1
5637
5645
5646
5653
5654
5657
5419
5438
5636
5654
5655
5656
5416
5650
5656
5657
5658
5660
1
5658
5660
5664
5665
5666
5667
5675
5666
5671
5672
5673
5674
5644
5654
5655
5673
5674
5675
5642
5643
5644
5673
5676
5709
5710
5677
5678
5695
5696
5699
5702
5704
1
2
5678
5686
5691
5693
5694
5697
1
5691
5692
5745
1
16
5695
5743
5744
5693
5694
5742
5
11
5713
5715
5716
5718
1
5596
5597
5705
5706
5708
5710
5705
5707
5708
1
5592
5593
5598
5599
5600
5592
5594
5595
5711
5712
5713
5841
1
2
3
5718
5719
5799
5800
5834
5837
1
5832
5833
5798
5830
5831
3
5716
5717
5796
1
2
5709
5714
5715
5704
5707
5708
5713
5714
5717
3
5715
5720
5783
5785
5722
5723
5724
5726
5727
5728
5729
5730
5749
5
5718
5719
5751
5754
5755
5756
5761
5717
5750
5751
5779
5780
5779
5780
5781
5782
5786
5787
1
4
8
5750
5769
5770
5771
5748
5749
5750
5768
5746
5747
5749
5757
5759
5762
5763
5765
5763
5765
5766
1
2
3
5759
5766
5791
5879
1
5768
5787
5790
1
5766
5767
5742
5763
5764
5765
1
5774
5775
5776
5777
5778
5780
5777
5781
5804
5807
5808
5809
5764
5765
5772
5793
5794
5795
5798
5863
5864
5865
1
5864
5865
5869
19
5864
5865
5867
5868
1
10
5796
5826
5828
5829
5861
6
5822
5827
5782
5790
5791
5792
5793
5794
5799
1
5552
5814
5815
5816
5822
5810
5813
5815
5550
5813
5815
5817
5815
5829
5830
5814
5815
5816
5814
5815
5816
5817
5
8
5841
5844
5845
5848
5819
5820
5821
5824
1
2
5819
5820
5840
1
5819
5820
5829
5830
5831
5832
5833
5832
5835
5836
5838
5839
1
28
5835
5836
5838
5839
5871
5838
5840
5868
5869
5870
4
5838
5839
5840
5854
5856
5857
5867
5812
5833
5840
5841
5842
1
5838
5846
5848
5837
5846
5847
5849
5852
5853
5855
5856
5
117
5848
5853
5855
5856
5857
5877
5879
5851
5855
5857
5858
5859
5860
5866
1
2
5861
5862
5864
1
8
5863
5866
5867
5869
5859
5864
5865
5870
5872
5873
5874
1
5873
5874
5878
5879
80
81
5872
5878
5879
5880
5881
5882
5883
5886
5874
5875
5882
5885
5864
5865
5866
5867
5859
5860
5861
5890
5890
5891
5892
5893
5924
5892
5893
5894
5912
5899
5902
5903
5906
5910
5910
5911
5912
5918
1
5911
5916
5917
5944
6022
6024
5911
5912
5915
5942
5943
1
5912
5931
5932
5939
5909
5910
5911
5912
5930
5914
5919
5920
5921
5922
5925
5807
5843
5844
5845
1
5843
5844
5848
5915
5920
5805
5842
5919
5920
5477
5478
5479
5949
1
5478
5479
5927
5928
5924
5926
5927
5930
5931
5942
5943
5944
5950
5951
1
2
5952
5969
5940
5949
5951
5968
1
5950
5951
5952
5967
5948
5951
5956
5966
5967
2
5953
5954
5956
5957
1
5
4920
5956
5958
5959
5954
5955
5957
5953
5956
5957
5959
5960
5961
5963
5963
5967
5969
5970
5975
1
5955
5956
5969
5971
4914
5954
5970
4895
5968
5970
5974
5975
5962
5963
5964
5981
1
5960
5961
5963
5989
1
5959
5988
5989
5958
5988
5989
5925
5953
5955
5956
5961
5988
5921
5988
5989
5990
5991
5992
5993
5991
5994
5995
5875
5994
5995
5996
5997
5871
6000
6002
6128
1
3
6008
6009
6012
6019
1
2
6007
6079
6083
6085
1
17
6011
6078
6079
6009
6010
5998
6006
6014
6015
5963
5964
5965
5969
6017
6018
6023
5962
6021
6022
6023
1
4872
5958
5959
6024
1
4806
4807
6022
6023
4805
6021
6023
6024
6027
6007
6011
6012
6013
6014
6037
6038
6039
6040
6057
6066
6068
1
2
3
6044
6045
6048
6055
6040
6041
6043
6044
4775
6042
6046
6047
1
6035
6042
6043
6052
6034
6050
6051
6052
6052
6053
6056
6059
1
6029
6031
6061
6063
5994
5995
6028
6062
8
6063
6067
6068
6069
6070
6071
6053
6071
1
2
6
6067
6068
6071
6072
6079
6072
6078
21
6070
6077
6079
6158
20
6157
6158
6159
6078
6154
6155
6060
6061
6070
6087
6088
6089
6060
6061
6078
6082
6083
6085
6087
6088
6089
5977
5978
6082
6083
6088
6089
6090
6090
6091
6108
5815
5816
5831
5832
5833
6104
6105
6114
6074
6076
6077
6107
6108
6109
6142
5
6120
6123
6124
6125
3
6117
6118
6120
5803
5808
6115
6116
1
5800
5801
5791
5790
6118
6119
6121
6126
6122
6123
6124
6126
6130
2
6125
6128
6129
6130
6131
6101
6102
6104
6120
6129
6125
6126
6129
6134
1
6049
6137
6139
6140
6138
6139
6140
1
2
3
5
4
20
1
17
18
1
2
17
1
2
7
1
3
85
1
2
4
5
1
2
3
1
1
78
1
77
2
1
2
3
4
7
1
6
1
31
32
67
71
1
2
30
1
3
8
28
4
5
1
1
1
1
2
1
5
7
1
4
20
1
3
19
1
2
17
1
2
7
1
2
1
4
5
1
3
320
323
1
2
318
319
317
3
1
5
7
8
1
3
4
308
1
2
16
17
306
1
305
2
13
14
1
2
4
5
11
38
1
11
1
34
6
33
1
4
30
31
1
2
3
29
34
1
19
20
1
7
8
17
19
1
2
6
1
1
4
2
3
5
272
289
3
5
270
1
2
1
8
9
3
7
1
259
264
265
1
126
1
2
126
1
2
4
5
118
119
125
1
2
1
1
1
6
113
5
112
2
4
29
22
28
1
8
17
18
19
6
7
16
1
4
5
3
4
1
2
7
10
1
3
5
1
2
1
1
2
1
2
1
2
3
6
1
29
4
2
3
1
3
1
1
5
1
4
1
3
18
19
1
2
9
17
7
8
9
1
1
2
79
1
2
4
5
77
78
1
77
2
1
3
4
7
8
1
2
1
33
1
32
1
2
3
31
1
9
10
1
4
8
1
2
3
1
1
2
1
2
4
1
1289
1319
1327
1
2
1
2
1
1
15
16
19
1
5
7
16
1
6
1
4
5
1
5
1281
4
5
6
1279
1280
2
3
11
1
1
4
8
1
2
3
1
1265
1271
1272
1273
1
2
15
17
1264
1
4
3
7
12
13
16
18
1
3
4
5
5
1
2
33
34
5
1
3
4
31
2
19
28
30
1
7
8
17
19
1
7
17
18
6
1
2
3
1
2
1247
1248
2
5
1
1
2
5
8
1
2
1219
1224
1223
1224
1
64
1217
1
60
61
63
3
55
60
1
2
54
1
3
4
52
2
52
1
8
9
1
2
1
47
48
1
26
46
23
24
25
22
27
150
1
7
1
1
2
1
2
1
1
1
3
2
9
1
4
5
7
8
1
3
7
1
2
1
1
2
4
6
1
2
3
1
2
2
130
1
5
1
2
3
4
19
18
19
20
1
3
8
9
15
16
17
1
2
5
1
2
3
4
1
77
79
112
1
3
76
77
1
2
1
7
1
3
4
1
2
66
1
27
32
34
63
65
1
31
1
2
1
2
3
4
1
1
1
2
4
5
20
1
18
19
3
7
8
9
17
1
2
3
7
16
1
2
4
5
1087
1
4
5
1086
1087
1088
2
3
9
1
2
4
5
8
1
1082
1
16
17
1074
1075
1
3
14
15
2
3
5
1
5
6
7
3
4
5
11
1
2
1
2
1
6
1
28
2
10
18
27
1
8
9
10
11
1
7
8
1
5
6
1
2
1
1
1054
1056
1058
1054
1055
1
1053
3
1036
1052
1
6
8
1
2
3
4
5
1
1033
1
1026
1031
1032
1
511
1024
1025
489
510
1
2
488
1
2
10
9
1
2
8
1
2
7
482
481
1
2
4
5
11
480
1
478
479
1
7
8
17
7
6
1
2
3
1
2
5
1
2
10
5
7
8
9
1
2
4
3
1
2
31
1
2
29
30
1
2
1
5
8
2
4
1
1
2
452
1
2
449
450
451
1
2
3
1
3
447
1
2
2
2
3
7
8
9
121
122
1
120
2
3
4
113
1
73
74
78
1
72
111
1
3
2
1
8
1
35
62
65
66
31
32
33
34
3
9
10
29
1
2
3
1
7
8
7
26
1
5
4
5
1
2
1
1
4
1
5
1
1
3
9
1
2
4
5
6
8
1
2
3
1
1
1
2
4
1
2
3
1
1
1
6
7
1
2
5
30
29
30
3
22
27
28
1
18
1
2
3
7
1
1
1
4
3
1
1
4
5
7
8
1
2
3
1
1
2
3
1
1
2
1
1
1
1
1
3
4
2
22
2
3
4
5
1
1
1
8
10
17
1
3
4
7
1
2
1
1
2
3
1
1
4
5
2
4
1
3
4
8
2
7
1
33
1
30
31
32
1
4
10
1
3
1
2
6
1
3
4
5
1
2
10
100
1
1
1
4
1
2
3
18
17
18
1
2
3
1
1
5
1
80
88
90
1
79
1
5
72
77
78
1
3
4
6
2
1
5
6
7
3
4
1
2
66
67
65
1
9
1
3
7
8
1
2
1
1
4
1
3
1
1
2
1
2
19
1
1
16
17
1
2
6
8
15
1
1
4
1
3
319
1
2
1
4
311
2
3
1
2
1
7
1
2
14
1
1
2
12
1
5
6
10
11
3
4
1
1
1
2
1
2
4
1
29
30
1
2
28
1
2
3
17
18
19
1
1
1
4
3
1
3
4
5
264
269
1
2
268
267
1
1
3
2
259
260
127
128
129
257
1
258
1
1
118
119
1
116
117
2
115
1
2
1
2
1
2
5
1
31
1
3
17
18
27
30
1
2
8
9
10
17
1
6
7
1
1
1
3
1
2
3
2
4
5
1
2
1
7
8
1
3
1
2
1
1
1
5
6
3
4
1
10
1
2
3
7
1
1
2
1
4
1
2
20
1
19
1
1
2
3
1
1
2
4
1
1
2
72
73
1
2
3
4
71
1
7
1
3
4
6
1
2
65
67
1
32
33
64
1
31
1
28
4
5
8
27
1
3
1
2
1
1
1
3
1
2
4
5
1
2
3
19
20
19
1
2
8
17
1
6
1
2
4
5
1
2
3
5120
5119
5120
1
5
5112
1
1
4
5
7
1
5107
16
17
5088
1
5104
14
1
11
3
1
2
1
1
1
30
31
1
20
1
2
9
17
19
8
14
16
17
1
2
7
1
1
4
5
1
3
5071
5069
5070
5071
1
4
5
5065
5069
1
2
3
10
5068
9
1
1
5058
5059
5060
1
65
66
4990
4991
2
64
1
2
3
1
54
60
2
3
10
53
8
2
6
7
1
46
4
1
20
24
25
1
2
18
19
1
16
17
1
7
6
1
2
4
1
2
1
2
1
1
4
2
3
1
2
3
4
1
3
1
1
1
2
1
6
5
1
1
3
4
1
2
1
2
5
1
1
3
9
1
2
8
1
2
121
123
1
114
119
1
2
112
113
1
79
111
1
3
5
78
1
2
1
9
1
2
4
8
1
2
3
66
67
68
67
72
73
1
31
32
33
37
65
1
4
30
1
2
3
28
29
1
5
27
1
3
4
2
3
4
1
3
4
5
4
22
1
5
6
1
4
1
2
3
1
15
17
18
1
7
16
1
6
5
1
3
4
1
3
4
10
1
9
10
9
1
4
7
1
4913
4914
1
2
15
17
4890
4895
4912
1
6
13
1
2
3
4
5
1
1
1
5
6
1
2
4
32
1
2
3
9
19
28
30
1
2
3
1
1
2
3
5
2
3
4
1
4872
4873
4874
1
3
4
1
2
7
10
1
5
1
4609
4865
4866
1
2
257
4607
4608
254
255
256
3
1
2
5
251
1
3
4
5
2
1
8
9
2
7
1
4
5
1
2
216
236
237
238
1
18
19
20
215
1
18
1
1
1
2
1
2
3
4
1
5
1
4
5
2
4
1
8
9
2
4
7
1
2
2
27
30
31
1
2
3
1
4
5
28
1
3
1
2
1
4
195
3
22
23
1
3
4
11
1
19
18
19
7
8
10
1
2
7
182
181
185
186
3
1
2
80
79
176
177
178
1
4
5
78
79
1
3
1
5
7
8
1
3
4
33
1
2
1
65
1
2
29
1
1
3
4
1
2
1
1
1
2
5
2
3
4
5
19
1
9
16
17
18
2
4
7
8
1
2
1
2
1
2
3
1
2
4
5
1
1
2
1
5
8
1
4
15
17
1
2
1
3
2
1
2
5
1
1
5
30
1
4
1
19
1
9
17
18
5
8
10
1
2
5
1
3
4
1
2
6
7
8
4
5
1
1
1
5
1
4
1
2
3
1
1
2
1
1
2
20
21
20
21
1
9
10
18
1
3
1
2
1
1
2
1
2
2
3
1
8
9
1
4
5
2
3
18
1
17
96
97
16
1
14
15
1
2
12
13
16
1
3
4
5
6
1
1
2
513
1
2
4
509
510
511
1
2
19
508
1
9
1
8
1
6
7
4
5
1
2
3
78
79
1
2
4
5
6
1
1
2
2
4
1
71
72
2
31
70
1
2
3
9
10
2
1
2
6
7
1
1
2
3
4
1
1
483
1
481
482
1
480
1
4
479
19
20
1
8
17
1
473
474
475
3
4
471
1
2
450
1
2
5
318
1
448
468
1
3
1
2
9
1
2
3
5
8
1
313
1
16
17
306
312
1
2
15
1
3
2
3
1
5
6
11
38
1
10
1
2
1
34
35
33
1
2
4
5
30
32
1
3
27
28
1
8
9
18
1
7
17
6
1
6
1
273
288
1
2
6
272
1
3
5
9
2
1
6
8
9
4
5
260
265
265
266
1
2
127
128
256
1
121
122
126
1
6
120
1
2
5
1
4
1
1
2
114
1
112
1
2
3
1
17
18
17
1
2
4
5
1
2
3
12
1
10
1
9
8
9
1
2
5
6
7
10
1
1
3
1
2
1
1
4
1
1
1
9
1
1
2
4
5
1
20
1
19
20
10
17
19
1
7
1
3
6
1
2
1
80
81
2
3
79
1
72
77
78
3
77
1
2
4
7
8
1
7
2
65
66
1
2
64
63
1
28
30
1
2
4
5
6
1
2
1
1
1
2
3
4
5
1
2
20
21
19
1
1
2
1
1
5
1
4345
4345
4346
4350
3
4
5
4326
4343
1
2
1
2
1
1
3
4
5
7
1
2
4321
1
4319
1
4318
1
15
1
2
13
14
1
11
12
2
1
2
1
6
7
4
5
30
31
1
3
28
29
1
2
19
27
1
1
26
1
1
3
1
2
6
7
6
4295
4296
1
4
1
9
1
1
1
2
1
63
65
4289
1
62
2
3
54
59
60
1
4
5
53
1
3
52
1
2
1
8
1
2
6
7
1
2
43
46
48
1
2
4
1
20
25
41
43
1
2
19
16
17
18
1
7
6
1
4
1
3
1
2
1
3
2
1
9
1
1
1
2
1
1
4
5
1
2
3
4
5
131
1
128
129
1
126
127
128
1
4
125
2
3
10
18
1
8
9
1
2
7
8
1
2
121
1
2
4
5
1
80
113
119
1
2
79
1
1
70
7
8
1
2
3
4
68
1
35
66
67
1
33
34
1
29
32
28
1
2
3
1
1
4
3
4
1
5
1
3
4
1
2
1
18
1
17
1
16
1
2
1
4
3
4224
1
6
8
4152
4157
1
7
4156
1
2
5
7
4
5
6
3
5
1
2
4144
4145
4146
16
4144
1
3
4
1
1
3
1
2
1
5
6
8
1
4
31
1
2
18
30
1
3
8
9
17
2
3
2
1
5
4111
4112
4128
1
2
4
5
1
2
3
7
5
7
8
9
1
2
1
4098
1
4097
1
2047
4096
1
4
3
4
5
2039
1
2
3
8
1
1
5
4
2
2031
1
2
20
1
3
8
1
2
1
2
1
2
3
5
1
1
2
1
2
3
1
2
1
2
8
1
1
3
6
1
2
33
1
27
31
32
33
30
1
2
4
8
28
2
3
4
26
2
1
3
4
1
2
1925
1
2
4
1918
1
1
2
19
20
1
9
10
14
18
1
1914
1
1910
1912
1913
1
5
1890
1892
1909
1910
1
3
4
79
80
1889
1
2
78
1
2
4
5
77
1
2
1
5
1
3
4
2
67
1
66
67
65
1
3
1
2
8
9
1
4
6
7
3
1
1
1
6
1
4
5
1
3
1
2
17
1
7
16
1
6
1
1
3
1
4
5
1
9
1
7
8
1
4
6
1
3
1
15
1
2
14
1
6
11
12
13
1
2
1
1
2
1
5
1
33
30
32
1
2
17
29
1
2
7
1
1
1
3
6
1
2
5
1
3
7
3
1
1
2
127
1
1
121
126
1
3
120
1
2
7
1
2
8
117
1
2
7
114
113
114
115
1
4
5
111
112
3
30
31
110
27
28
29
1
3
4
8
7
1
5
1
2
1
4
9
10
5
6
8
7
1
2
1
2
1
1
1805
1811
2
3
4
1
1
7
1794
1795
1
2
1791
1
3
4
5
10
2
16
18
19
506
509
510
1
8
17
7
16
1
5
1
2
79
1
2
3
9
10
1
5
7
1
2
3
4
1
67
69
1
31
32
66
1
10
30
2
1
2
3
1
1
487
1
485
486
487
1
3
486
1
2
480
485
1
2
3
478
479
1
19
20
1
3
1
2
1
472
473
1
4
471
2
3
451
470
1
319
450
1
318
449
1
1
3
8
9
1
2
5
7
1
3
4
15
16
1
2
305
306
313
1
17
305
12
1
2
12
1
2
6
11
1
1
2
1
1
33
1
2
3
5
1
29
31
1
17
19
28
2
3
8
16
17
1
2
3
1
1
4
5
1
271
288
1
5
1
2
3
9
1
4
5
6
7
8
1
3
7
1
2
259
1
127
128
257
258
1
127
121
126
1
5
1
2
4
1
2
116
2
115
114
1
3
4
5
29
32
1
2
28
19
22
26
27
28
29
1
17
18
1
6
7
8
16
1
2
1
2
1
2
2
1
2
3
1
2
5
8
1
1
2
3
1
1
1
2
3
1
5
1
3
4
1
2
1
7
1
6
1
2
4
6
1
1
4
3
8
16
17
2
3
1
2
4
5
1
79
1
2
4
5
1
2
9
1
5
1
4
7
67
72
1
32
33
1
30
31
64
63
3
4
1
1
1
1
1
2
1
3
5
9
10
2
18
19
1
2
9
10
11
17
1
7
16
4
6
9
1
4
1
3
1
2
1
2
5
1
1
7
8
1
4
1
3
1
2
16
1
13
14
15
1
12
5
11
3
1
1
1
3
6
1
1
3
1
2
3
8
9
10
2
7
1
1
2
4
5
1
1
5
1
3
4
2
1
2
4
1
2
1
1
3
1
2
59
1
2
3
5
58
1
3
6
7
8
1
2
49
50
55
1
2
47
48
1
3
1
2
3
5
45
4
9
18
44
1
1
2
4
3
1
2
4
5
1
2
3
1
1
4
5
1
2
3
9
8
9
1
4
5
6
7
1
3
1
1
1
1
2
5
1
1
2
3
1
2
130
1
128
1
2
3
1
20
1
1
1
121
122
1
120
1
3
78
117
1
3
4
76
1
2
75
1
9
1
4
1
2
3
72
1
65
66
71
1
33
65
1
2
3
30
32
1
28
29
1
27
6
1
1
1
4
5
1
3
1
2
9
6
8
17
1
6
7
1
3
1
5
1
2
3
11
1
4
5
6
7
8
1
1
2
15
1
1
6
1
3
4
5
1
2
1
1
2
1
2
1
32
1
4
30
31
1
2
3
28
1
8
1
6
7
2
1
2
3
6
1
3
4
1
2
1
9
1
8
1
4
6
1
2
3
1
7
30
1
2
1
3
5
2
1
1
2
8
1
22
23
1
2
6
21
1
3
4
5
10
1
3
17
18
19
1
2
8
9
17
1
7
1
2
1
1
6
7
8
1
1
39
1
31
32
33
1
29
30
1
8
28
7
1
2
3
4
1
1
2
7
8
1
4
5
1
18
19
1
4
5
9
10
17
1
3
1
2
1
2
81
84
91
1
1
2
3
5
79
1
2
77
3
5
71
75
76
1
2
5
8
1
2
1
2
3
1
31
66
1
2
10
30
1
2
3
6
5
6
7
8
1
3
4
1
1
1
1
1
3
4
1
2
19
20
1
3
7
8
17
18
1
2
1
3
4
1
2
1
1
5
1
4
1
3
4
5
17
1
17
1
2
12
1
2
3
5
6
1
5
10
1
1
2
1
34
35
31
33
1
2
5
1
1
2
3
1
14
1
7
13
3
4
5
1
6
8
1
4
2
3
1
6
1
2
4
5
1
2
1
122
123
3
1
2
4
5
117
118
1
1
2
1
6
1
33
112
1
3
4
2
19
29
8
9
10
1
6
2
1
2
3
1
1
1
3
2
1
2
5
1
2
3
1
3
1
2
1
3
1
7
3
4
5
6
1
1
8
9
10
2
7
1
2
1
2
5
1
20
1
2
7
8
17
16
1
6
1
3
5
1
2
80
79
1
2
78
1
4
10
1
5
7
8
10
1
2
3
7
35
6
34
1
3
27
32
33
37
1
2
3
2
1
4
5
27
29
3
1
22
1
2
4
5
1
20
1
2
9
19
7
8
18
19
20
1
7
1
4
5
1
2
3
320
319
320
1
3
318
1
2
10
12
1
8
1
4
6
7
308
3
307
1
17
18
288
305
1
16
305
2
13
15
5
11
12
1
3
2
2
1
1
4
32
1
2
3
31
1
17
19
1
1
1
6
1
2
1
1
2
1
3
269
270
271
2
1
9
1
2
8
266
1
3
4
259
260
259
264
1
126
129
130
131
256
257
1
125
256
2
1
3
4
118
1
2
1
2
3
10
11
1
113
114
1
111
112
2
3
5
7
1
28
30
1
18
19
27
1
2
8
9
17
1
2
6
7
1
2
1
4
7
8
1
5
1
3
1
2
1
2
4
8
1
2
1
3
4
2
3
5
1
5
3
4
1
2
1
7
8
9
1
3
6
1
2
1
3
19
1
3
7
8
17
2
1
2
1
2
5
3
1
4
5
72
73
76
77
2
3
1
4
5
33
1
3
1
2
66
68
1
33
65
1
27
28
29
4
5
7
1
3
1
1
5
1
20
18
19
1
2
3
2
3
1
5
6
1
2
4
1
1278
1
2
5
1272
1277
1
2
3
4
6
7
1
1
4
1
2
1267
1
16
1
3
2
3
1
2
4
5
9
10
12
16
1
11
1
2
1
1
5
32
1
3
4
30
2
26
28
29
1
7
8
9
24
1
4
3
1
2
3
6
5
1230
1
1
2
3
6
7
1
2
3
1
1220
1218
1219
1
2
61
63
1
2
55
60
1
52
53
1
2
1
2
3
46
48
5
2
4
18
19
24
1
2
8
16
1
2
7
1
5
1
2
1
4
1
2
1
8
1
2
3
7
1
1
1
4
1
3
6
1
2
4
1
1
2
1
5
1
1
4
127
1
3
1
17
18
1
1
119
120
114
115
118
1
112
113
1
2
78
1
2
72
77
1
10
1
2
9
70
1
7
1
2
1
3
1
31
33
1
30
1
4
5
3
1
1
2
1
1
2
1
2
5
1
20
2
19
1
6
7
8
6
7
16
17
1
2
1
5
1
1086
1087
1151
1
2
4
1080
2
6
7
10
2
4
1
1074
1075
1076
1
2
1072
1073
1
16
18
1056
1071
1
1
2
3
1
12
13
1
11
1
1
2
7
5
1
3
4
31
2
28
30
1
3
8
9
16
15
26
27
1
2
5
1
2
1
3
1038
4
1031
1036
1
2
1
8
7
3
1026
1027
1028
1
507
511
512
513
1
2
510
1
3
4
5
488
507
508
1
2
11
1
1
7
482
481
482
483
485
486
4
5
6
7
474
479
1
2
3
20
468
473
1
9
18
19
20
1
8
3
7
470
1
474
475
1
4
13
1
2
4
5
1
4
5
9
1
3
4
7
8
1
2
1
2
1
3
2
3
4
5
7
8
455
1
3
2
1
448
452
1
2
129
449
450
1
5
128
1
4
1
8
9
17
18
20
2
3
123
122
1
119
120
121
1
118
3
1
72
77
111
1
4
71
1
2
3
1
5
8
1
4
1
3
65
67
2
64
65
30
31
33
37
64
2
3
4
63
1
4
8
2
3
1
1
2
1
3
4
5
1
2
1
2
3
1
19
20
1
18
1
6
1
2
4
5
1
1
2
1
5
1
3
4
5
6
7
8
1
3
4
17
2
1
17
14
16
1
13
1
5
11
12
1
2
4
1
2
1
6
1
30
1
29
31
1
1
18
19
1
16
1
2
1
3
4
2
1
4
3
1
5
6
8
1
4
1
2
1
1
2
8
1
2
1
3
4
5
1
2
7
8
14
1
1
2
6
1
2
24
32
1
3
4
19
22
1
8
1
7
1
2
4
1
2
3
1
4
1
3
10
9
11
1
2
3
4
6
1
1
34
1
32
1
2
29
31
1
28
1
1
3
4
2
1
2
1
1
2
3
1
5
8
1
2
4
1
19
18
1
2
1
3
1
2
1
4
2
3
79
81
90
112
1
2
71
73
76
77
78
79
1
77
1
5
6
7
14
1
6
7
1
2
34
65
66
1
31
32
33
37
38
39
1
30
9
10
28
29
1
7
8
1
3
1
2
1
2
1
1
5
1
2
4
1
1
2
17
18
1
2
6
1
1
4
320
3
4
5
10
11
1
316
9
1
4
5
7
1
3
307
312
1
2
304
305
1
304
1
2
14
1
5
12
13
16
17
1
2
3
4
1
1
1
7
1
2
4
31
1
20
23
28
29
30
34
2
17
18
19
1
2
8
9
12
16
1
15
1
6
5
1
3
1
2
270
1
5
269
1
2
4
1
1
3
1
2
125
130
129
130
258
259
264
1
2
3
4
1
121
123
119
120
1
2
5
1
1
3
1
2
3
4
1
3
32
113
113
1
4
5
1
3
26
28
29
1
2
20
27
1
2
18
19
1
6
7
9
16
1
3
4
5
1
2
1
2
1
1
4
3
1
2
4
7
8
9
1
3
1
2
1
3
1
2
6
9
1
5
1
3
4
1
2
1
1
7
1
3
5
6
1
11
18
19
20
22
1
2
3
4
8
1
1
2
81
1
3
4
79
78
79
1
2
5
72
1
3
5
1
5
7
3
4
1
2
67
1
27
30
31
32
33
34
65
66
1
29
28
1
5
8
17
1
2
4
1
2
1
2
1
2
1
2
3
1
5
7
1
2
3
1
7
9
1
1
2
1
2
3
8
1
6
24
384
1
2
1
9
10
11
10
1
2
4
8
1
2
3
1
18
1
15
16
17
1
4
14
1
2
12
13
1
5
6
11
1
2
3
4
1
1
1
1
31
1
9
10
7
9
1
1
2
1
360
1
5
71
1
1
4
5
7
3
1
66
1
65
1
62
63
64
1
2
61
1
4
5
1
3
1
2
12
1
9
10
11
1
8
1
7
49
54
1
4
5
6
46
48
1
3
45
1
2
43
44
1
2
7
8
9
18
1
1
6
1
5
1
3
4
1
2
1
4
1
2
3
1
5
8
9
1
1
2
3
1
4
5
1
3
1
2
1
1
2
1
4
5
128
1
20
18
19
1
9
1
2
120
123
1
4
5
6
1
2
3
113
118
79
112
113
1
5
72
79
1
3
4
1
2
1
5
1
3
4
1
2
1
31
32
65
66
30
2
8
1
3
4
5
1
1
2
1
4
5
1
3
1
2
19
20
21
1
7
8
17
1
7
1
6
1
5
1
2
3
4
1
1
1
2
4
10
2
3
5
20
1
19
25
24
282
1
2
16
17
19
1
2
15
1
2
1
3
2
2
3
1
1
32
33
1
2
5
6
31
1
29
30
2
3
18
20
27
1
2
10
17
1
16
1
6
1
5
3
4
1
2
1
1
7
8
7
1
2
258
1
254
256
257
1
253
1
247
1
246
3
4
1
2
1
1
2
7
1
240
241
1
5
1
3
4
18
20
19
234
235
1
8
10
17
1
7
15
16
1
2
4
1
1
2
1
2
3
6
1
2
6
7
8
7
3
4
1
34
30
1
29
1
4
1
2
3
197
216
1
191
192
193
194
191
1
2
1
18
19
1
2
17
1
7
6
181
186
1
2
4
5
80
1
4
80
177
178
180
78
79
5
72
77
1
2
4
1
2
4
1
2
68
67
32
65
66
1
10
29
31
1
6
9
1
3
5
1
2
1
1
2
1
3
1
5
2
3
4
18
19
1
3
5
1
4
3
1
2
14
1
3
4
13
1
2
1
3
4
5
1
2
1
5
9
1
4
1
3
1
15
20
1
2
3
4
1
12
1
6
11
1
3
5
6
7
1
2
1
1
3
2
33
2
4
5
1
30
31
2
28
29
1
9
16
17
1
1
2
5
1
1
2
1
4
5
6
7
1
3
4
1
1
1
1
4
5
1
3
1
2
1
7
8
1
7
1
6
5
1
2
3
10
11
20
19
8
9
10
1
2
3
6
7
1
1
3
1
2
1
1
1
8
9
3
4
1
2
97
1
16
1
14
15
1
5
6
7
13
1
4
3
1
1
511
1
2
4
6
508
509
510
1
19
507
1
2
18
1
2
3
7
17
2
5
14
15
1
2
4
80
79
1
2
3
5
77
78
1
2
1
5
9
1
2
4
1
2
3
1
72
1
32
1
4
30
31
2
3
1
27
4
5
6
26
1
2
3
1
1
1
1
5
478
1
2
4
20
1
11
18
19
1
2
10
1
2
7
9
473
1
3
5
1
451
319
450
1
2
1
4
4
5
6
7
8
7
1
2
15
307
308
1
2
10
13
14
1
1
7
8
1
4
5
6
1
3
1
2
1
1
1
2
31
1
2
3
5
1
19
20
28
29
3
8
16
17
18
1
2
1
2
5
1
3
4
2
270
1
3
5
11
268
269
1
10
268
9
1
2
7
8
1
2
4
263
1
2
258
1
2
127
256
257
258
259
119
120
125
1
2
4
1
2
1
4
5
32
111
112
3
30
31
1
19
20
26
27
28
29
18
107
1
1
1
2
3
5
1
5
3
4
2
9
1
2
3
5
7
8
1
7
1
2
1
2
4
5
1
2
1
1
7
1
2
1
2
1
19
1
9
17
18
1
8
1
2
3
5
1
1
77
79
1
2
76
4
5
71
75
76
1
7
8
1
1
2
32
31
66
1
30
2
8
2
4
7
1
6
1
5
1
3
1
2
1
3
4
11
17
1
2
3
1
2
3
2
1
5
7
1
2
4
1
7
25
127
1249
1
2
5
6
1
3
4
2
1
2
3
4
5
7
1
6
1
18
1
14
16
1
2
13
5
11
12
1
1
2
1
1
5
6
1
3
4
31
1
2
30
1
19
28
29
1
8
17
18
1
2
7
1
2
4
5
1
2
3
6
7
1
2
6
102
1
3
10
9
1
5
7
10
1
7
9
1
65
1
63
64
2
1
5
54
58
59
3
4
1
2
1
9
1
1
49
1
2
5
45
48
1
44
1
3
17
18
1
2
3
4
7
16
1
1
1
1
2
3
6
5
1
3
4
2
9
5
7
8
1
1
1
5
1
2
1
1
4
1
3
130
129
1
2
6
127
126
127
3
4
9
1
2
1
6
15
16
6
1
2
5
119
121
1
2
4
80
79
80
81
112
117
1
2
2
10
1
2
6
7
8
1
67
1
2
4
66
1
65
1
2
1
30
1
4
29
1
3
1
23
25
1
3
22
1
2
4
1
2
3
1
19
18
19
1
6
1
4
1
3
1
2
11
1
9
1
2
3
5
6
8
1
7
1
1
2
17
24
1
16
1
1
2
11
3
4
2
1
2
1
1
2
3
4
1
1
4
9
1
3
4
1
3
2
1
5
1
2
3
1
6
7
1
3
2
9
1
1
3
4
7
1
2
1055
1122
1
2
1021
1023
1
2
3
1
1015
1019
4
5
1013
1014
2
1
2
8
10
1
1
1
1008
1
3
4
1005
1006
1007
1
2
20
1002
1003
1004
1
1
2
7
1
2
1
5
2
3
4
1
4
12
1
11
10
11
1
2
8
9
1
2
3
6
1
1
2
3
30
31
1
2
3
5
8
9
27
1
26
28
1
1
2
1
2
964
983
1
2
3
1
959
961
962
1
3
1
2
3
18
19
949
950
954
4
16
2
3
946
79
943
1
2
11
1
12
8
9
11
1
4
7
8
1
2
3
1
34
33
1
2
3
1
25
26
29
1
4
27
28
1
3
23
1
5
1
2
4
1
1
2
9
1
8
2
1
2
1
3
1
1
7
1
1
15
16
12
13
14
6
8
12
1
1
3
1
2
1
1
2
32
1
3
4
11
10
11
1
3
1
2
1
4
1
1
2
1
4
1
9
1
2
1
2
1
121
1
2
1
2
8
11
1
2
114
1
2
113
1
4
1
2
3
1
18
19
30
1
3
1
2
3
1
3
2
3
4
1
1
3
1
6
7
11
6
1
2
3
1
2
785
1
783
5
774
779
780
1
4
1
2
3
1
3
9
10
11
1
2
1
769
1
2
6
768
1
4
5
3
19
1
2
9
11
17
19
1
2
10
1
1
1
3
80
1
2
78
4
77
76
77
1
4
5
8
3
34
67
68
69
67
32
34
64
65
1
2
3
30
31
2
3
1
27
28
4
5
7
26
2
2
745
1
722
743
1
2
4
5
720
721
1
2
3
10
19
1
19
17
18
1
7
6
714
715
1
5
6
707
1
3
706
2
319
705
1
5
312
313
2
4
1
9
1
2
8
1
4
7
2
3
307
1
15
17
18
288
305
306
1
305
1
5
6
12
1
3
4
1
2
1
1
33
1
6
1
29
30
28
1
8
9
18
1
17
16
24
1
3
4
1
2
1
270
1
2
4
1
2
8
9
1
2
130
260
259
263
1
123
128
1
2
122
1
115
120
121
1
4
119
1
3
1
1
114
115
112
113
1
4
5
1
2
3
19
18
19
28
1
8
9
10
16
17
1
7
1
6
1
4
5
1
3
2
1
4
1
3
2
6
7
10
1
1
3
1
2
1
4
1
2
3
1
1
2
1
1
3
4
10
1
2
7
17
1
5
6
1
2
1
2
1
79
80
79
1
10
1
2
6
7
8
69
7
1
2
4
31
32
31
32
29
30
1
6
11
28
1
27
2
1
1
3
5
1
2
1
3
5
9
10
2
1
8
9
17
7
16
1
1
2
4
1
2
1
2
4
5
1
2
5
4
5
8
1
2
3
1
1
15
1
14
2
3
13
1
2
5
11
1
10
11
1
1
1
6
1
4
5
31
32
1
2
3
29
30
1
18
19
28
9
17
1
2
1
1
1
2
1
2
5
1
1
3
1
2
5
7
8
1
2
3
4
1
1
63
64
1
2
62
1
2
1
60
1
1
3
1
2
3
4
9
1
2
50
55
53
54
1
46
47
48
4
2
19
1
2
8
11
13
1
9
17
6
1
1
1
1
1
1
5
6
7
8
1
4
7
8
9
2
3
1
1
1
5
1
4
5
2
4
1
4
2
3
1
129
130
1
5
128
1
2
19
19
1
8
17
6
7
120
121
123
1
2
4
80
81
80
81
112
113
1
2
73
74
78
1
2
4
5
1
1
2
9
1
6
8
1
34
65
66
1
33
38
1
30
32
36
37
38
29
1
8
10
26
27
28
4
6
7
1
1
1
2
1
4
5
1
3
2
3
8
10
1
16
1
1
1
2
1
2
3
6
1
7
8
4
6
1
3
1
15
18
1
6
17
5
1
2
1
1
7
11
5
31
1
30
26
27
29
1
8
1
2
7
26
4
5
1
3
4
5
10
11
1
9
1
4
7
1
3
6
1
1
4
5
1
1
1
2
1
6
1
2
3
4
5
1
2
18
1
3
1
2
3
1
3
5
1
1
2
1
2
3
4
1
6
1
3
5
1
2
1
1
2
1
31
28
1
2
6
7
1
2
5
1
2
3
1
1
1
1
20
1
9
19
1
1
1
2
1
2
1
78
79
5
77
1
9
10
8
10
11
1
2
4
1
2
3
67
71
72
74
1
27
32
33
65
31
9
28
2
4
8
1
3
2
1
1
3
2
4
19
21
19
1
2
8
9
17
1
2
3
7
1
1
2
1
2
3
4
1
1
4
1
2
3
1
1
5
1
4
3
17
1
14
15
1
6
1
3
2
1
1
2
5
20
2
3
4
12
13
19
18
19
29
1
8
11
1
2
7
1
1
5
4
1
2
1
1
2
5
7
1
6
7
1
1
2
63
1
3
4
59
1
2
1
1
1
7
55
1
6
54
1
2
5
48
53
1
46
47
1
2
3
4
45
1
17
18
2
6
7
16
1
1
5
3
4
1
2
1
11
1
10
7
8
9
3
4
1
1
2
1
1
4
3
1
1
2047
2048
20
21
10
11
18
19
3
5
6
7
1
2041
2042
2043
2039
2040
1
2
1
80
2032
1
79
80
1
1
4
2
3
1
2
3
4
6
7
8
68
1
66
67
1
2
31
65
1
2
1
8
9
28
29
1
6
7
1
3
4
1
2
1
1
1
3
5
1
2
1
1
2
2
6
7
1
4
1
318
3
4
5
317
6
9
1
4
5
1
2
3
308
307
311
1
15
1
2
4
14
19
3
1
2
5
6
9
10
17
1
2
4
1
2
1
3
34
1
2
1
4
5
1
4
31
29
30
1
8
9
11
1
8
7
15
1
3
5
1
2
272
289
1
270
271
1
2
1
2
3
2
8
1
3
6
124
125
5
6
123
255
257
258
262
1
2
3
121
1
6
119
120
1
3
5
1
2
2
9
11
1
2
1
7
33
33
112
113
1
2
4
31
1
19
29
1
2
1
7
8
6
1
2
1
4
1
3
1
2
1
2
1
2
3
1
2
7
8
1
3
1
2
3
2
1
4
5
1947
1
3
1
2
8
10
1
2
3
7
8
1
1
1922
1942
1
5
1921
1
4
1919
1920
1
3
1913
1918
1
2
18
19
1911
1912
1
2
7
9
18
5
1
1
2
79
1
77
78
3
4
76
2
2
7
8
1
6
5
1
2
66
1
30
31
63
64
65
66
1
29
2
8
27
28
1
1
1892
1893
1
1891
2
1
4
5
1808
1
3
18
20
19
8
16
17
1
7
1
6
1802
1803
1
1801
1
2
3
5
1
1278
1279
1791
1792
3
5
1277
2
10
1
2
1
4
1
16
17
19
1247
1
1264
1
2
4
5
10
11
1
2
3
1
1
1
5
33
1
4
31
32
1
3
30
1
2
28
1
8
1
2
7
1
4
5
1
2
3
1230
3
4
5
7
1
2
1
4
5
7
8
7
2
1152
1219
65
1145
1146
1151
1
1
2
62
1
5
58
59
61
1
4
1
2
3
2
3
49
53
1
2
5
1
46
1
2
3
11
1
10
1
2
1
1
3
4
1
1
1
4
7
8
3
7
1
1
1
3
1
2
1
5
134
1
3
4
2
24
1
128
129
126
127
128
3
4
19
1
9
17
1
8
1
7
1
5
6
113
114
1
2
4
112
1
79
80
111
1
2
78
1
3
1
2
1
1
33
66
67
33
65
1
30
31
1
3
28
29
1
2
7
27
1
3
1
3
2
3
3
11
1
19
20
18
1
1
1
2
6
1
3
4
5
2
1080
1
1
5
7
1
1
18
1051
1056
14
16
17
1
2
8
9
13
1
2
12
6
1
2
4
1
1
2
1
1
2
31
32
1
2
3
4
2
20
22
26
27
28
29
1
2
7
8
17
18
17
18
2
1
2
4
5
1
1032
1033
1
4
519
1031
1
2
3
10
5
7
8
2
514
515
1
2
507
514
524
513
505
509
510
1
506
507
508
1
506
1
3
505
1
2
1
2
476
481
484
483
502
1
2
4
473
474
1
2
3
19
18
19
471
1
8
10
16
17
1
2
7
1
1
4
5
1
2
3
1
1
2
4
5
6
1
2
1
6
7
1
3
1
2
1
31
1
2
1
1
451
452
1
4
3
448
449
1
2
127
128
133
447
126
1
445
1
2
17
1
2
6
7
1
121
124
1
3
4
120
1
2
112
113
114
117
118
119
1
80
111
1
79
1
77
3
76
1
3
5
1
74
73
1
2
1
2
3
30
2
1
3
4
1
2
1
1
3
2
1
1
5
1
4
2
3
1
18
1
7
17
6
2
3
1
1
4
11
1
10
1
2
4
5
7
8
1
7
1
2
1
17
1
13
14
1
4
5
11
10
1
1
6
33
1
4
5
29
31
33
2
3
10
28
1
18
19
20
27
8
16
17
26
1
7
27
28
1
5
1
3
1
2
1
1
8
1
4
6
7
1
2
1
1
2
1
1
1
4
1
2
3
1
1
2
6
1
1
4
1
3
21
1
2
19
20
1
18
2
6
1
3
4
5
6
2
4
1
6
3
4
5
1
2
1
8
1
7
1
1
3
30
31
2
29
1
8
27
26
1
1
2
1
1
2
5
1
3
4
1
16
17
18
1
2
17
1
1
5
4
1
3
1
2
77
71
76
1
6
7
8
1
7
67
1
2
33
37
38
1
37
1
4
8
1
2
1
1
1
2
1
2
3
1
19
1
2
8
18
1
1
5
6
4
1
2
5
6
5
1
3
11
12
1
11
10
1
2
5
7
8
1
312
314
3
311
312
1
17
288
305
307
311
1
2
16
310
1
2
309
1
5
12
14
1
1
7
4
32
34
1
10
31
1
9
28
30
8
18
21
27
1
6
1
2
1
2
1
270
271
4
269
2
3
4
2
3
8
1
1
5
4
1
121
122
1
2
3
4
1
33
1
4
5
6
32
1
2
3
31
29
1
4
8
9
17
1
7
1
6
1
2
5
1
3
4
5
2
4
5
6
2
1
2
3
1
1
2
1
1
1
3
4
5
2
3
8
2
1
2
1
5
1
2
4
1
18
19
1
2
3
8
17
2
5
7
1
2
1
3
2
79
1
2
3
5
72
73
78
1
2
1
9
1
2
7
8
1
3
4
6
1
2
67
1
32
66
1
27
30
31
2
5
6
1
1
2
1
1
1
1
3
4
1
2
17
18
19
20
1
8
9
17
1
2
7
1
2
1
2
5
1
1
3
1
1
5
6
8
1
2
4
1
17
1
2
1
12
1
2
11
1
2
1
3
4
1
1
5
1
4
1
2
3
19
30
1
3
8
18
1
1
2
3
5
1
1
2
4
1
2
3
1
10
1
5
8
9
1
2
4
1
66
67
1
65
1
2
62
64
1
3
1
2
59
60
1
3
58
1
11
1
50
55
1
6
1
5
42
43
47
1
2
4
10
46
24
44
45
1
2
1
2
1
5
1
1
4
3
4
5
1
9
1
2
4
5
8
1
1
2
1
1
3
3
1
4
5
3
1
1
2
1
1
2
1
1
2
19
20
1
8
18
1
7
17
5
1
2
3
4
80
1
80
112
113
77
78
79
1
3
77
1
4
74
1
2
3
67
66
67
1
2
29
30
31
1
3
4
2
1
6
8
10
1
4
2
3
1
1
1
4
5
3
4
5
1
2
9
10
19
7
8
9
2
3
7
1
1
2
1
2
3
4
6
1
4
5
30
1
2
3
7
5
7
8
9
1
2
4
1
24
25
1
2
23
1
3
15
16
17
22
2
1
2
4
5
11
1
10
11
12
1
2
1
2
1
1
2
32
1
31
1
2
10
18
1
3
8
9
1
2
1
1
5
1
4
1
2
3
1
3
1
2
1
1
5
8
3
4
1
2
1
257
263
3
1
2
4
252
1
252
1
2
1
2
8
9
1
1
6
1
5
238
240
1
3
4
1
2
19
1
17
18
1
16
1
1
1
3
4
1
2
1
2
5
1
1
3
9
1
2
4
6
7
8
1
2
3
1
27
31
32
1
2
30
1
9
29
1
5
1
1
196
2
1
5
4
19
20
1
2
9
17
18
1
2
8
10
1
16
1
3
1
2
73
78
79
1
2
72
1
1
2
7
8
1
4
6
2
3
12
32
33
1
32
64
31
63
64
65
2
9
1
2
4
5
6
8
1
7
1
2
1
1
1
2
5
1
4
19
18
1
6
11
5
7
1
2
4
5
1
2
3
4
1
2
5
1
1
7
9
1
3
5
1
2
1
16
17
1
2
15
1
7
12
14
1
6
2
3
5
1
1
2
1
5
1
4
30
19
20
27
29
1
9
18
2
7
8
2
1
5
1
4
2
3
1
4
5
4
8
9
1
2
3
1
1
1
2
3
2
5
1
1
3
1
2
1
6
7
3
4
5
1
2
3
1
20
1
19
1
3
1
2
1
2
1
4
5
1
3
1
2
1
2
5
1
3
2
8
1
3
4
1
1
14
95
13
1
5
17
4
11
1
2
3
1
1
511
512
1
509
1
19
20
21
508
17
18
1
11
16
5
6
10
1
80
2
73
78
79
1
3
4
5
72
2
5
71
1
3
1
2
34
35
34
35
2
5
32
1
1
3
1
2
6
7
4
5
485
2
1
483
488
1
5
477
480
1
3
4
2
18
19
20
7
10
17
1
16
1
451
453
472
2
3
5
448
450
1
2
3
6
320
1
1
2
1
3
5
7
9
1
313
314
1
312
1
2
15
14
15
16
306
1
13
1
2
1
1
1
1
6
1
2
5
1
19
1
17
1
7
16
1
1
2
3
1
271
272
276
290
1
4
5
270
1
2
3
1
8
9
1
3
5
7
1
2
1
259
261
263
265
1
258
257
258
1
2
118
2
4
5
6
39
117
1
2
1
8
9
1
7
1
2
1
2
31
32
33
1
28
27
28
29
17
18
1
2
6
7
9
1
8
1
1
1
5
1
4
2
5
1
4
5
6
7
8
3
1
1
1
1
1
3
1
2
1
2
1
2
4
1
17
18
1
6
7
1
6
1
2
4
5
1
1
2
1
3
78
1
2
1
2
8
1
2
3
68
72
73
72
1
5
1
3
4
5
1
2
28
1
8
27
2
4
7
1
2
1
2
1
3
1
2
1
19
2
8
17
16
17
1
6
4
5
3
6
1
4
1
8
1
2
1
18
1
17
1
14
11
13
14
1
2
5
11
12
1
4
1
1
6
34
1
32
33
1
2
31
1
18
19
27
1
17
1
2
3
1
1
4
3
1
2
1
3
4
5
3
1
3
5
7
1
2
6
5
1
2
1
2
1
5
4
5
61
1
1
1
2
3
7
8
1
1
54
55
1
4
53
1
2
3
1
1
3
9
1
2
1
2
1
6
1
2
3
2
4
1
1
2
5
4
8
1
2
3
1
3
4
1
2
1
2
3
4
5
1
1
1
5
1
2
3
4
1
129
131
1
126
128
1
1
8
1
2
7
122
1
115
116
121
1
5
82
114
2
3
4
79
1
4
5
72
78
1
3
1
3
7
8
1
2
1
66
67
2
5
34
65
1
2
29
30
32
33
1
3
32
1
2
8
25
26
27
1
2
3
7
1
1
4
1
3
1
2
3
4
1
18
1
7
17
1
7
1
6
1
5
1
3
4
1
2
5
30
2
10
5
8
1
2
1
2
3
5
2
3
3
4
5
11
1
2
1
1
2
1
6
1
4
5
30
31
2
27
28
29
2
8
1
1
2
3
1
2
8
7
1
5
6
1
2
4
1
9
2
4
8
1
2
3
1
2
1
2
3
1
1
2
1
4
5
1
2
1
1
2
23
480
1
22
1
4
1
2
3
4
1
9
17
18
2
6
7
8
1
1
2
3
5
1
1
2
1
2
4
1
2
8
1
6
7
1
3
1
2
30
29
30
32
1
8
9
28
5
7
1
2
4
1
1
2
1
8
97
457
1
2
7
1
3
5
6
10
1
2
1
18
19
20
2
8
9
17
1
5
6
7
5
6
1
4
82
1
2
3
80
81
1
2
1
2
5
78
1
3
5
6
5
7
8
1
2
3
2
1
31
32
1
30
1
4
5
8
1
3
2
1
1
2
4
3
2
2
4
5
6
1
1
2
9
14
15
1
7
8
9
2
1
2
1
3
2
1
2
2
1
5
4
1
2
3
1
1
4
1
3
1
2
13
14
12
12
14
1
2
1
1
7
8
1
6
32
1
4
31
1
2
3
27
29
30
1
9
26
1
5
8
9
1
5
1
4
2
3
4
5
1
1
4
5
1
2
3
1
1
1
3
1
2
5
117
1
2
3
4
1
1
8
1
2
7
1
4
30
31
1
2
3
20
23
27
28
29
1
2
1
3
9
17
18
2
26
1
2
1
5
6
3
1
2
4
1
1
2
1
2
4
5
8
1
2
1
2
3
4
1
3
4
1
1
3
1
2
4
3
360
1
2
4
2
3
1
1
1
6
7
1
5
1
4
79
1
2
77
1
2
4
71
76
1
5
8
1
2
69
67
68
69
1
2
65
67
1
30
31
64
3
28
29
4
7
8
27
1
2
3
1
25
1
2
1
3
2
5
1
2
3
4
1
3
1
18
19
20
3
8
17
1
1
1
2
4
5
1
2
3
313
312
313
1
2
311
1
1
9
1
4
5
8
1
3
290
291
305
306
1
18
288
287
3
1
12
3
5
10
1
1
2
1
33
1
5
32
4
19
18
28
29
30
32
1
14
15
17
9
1
1
3
4
6
1
2
1
264
268
269
1
263
2
1
4
1
3
1
2
131
1
123
128
130
1
118
119
1
5
117
2
3
4
10
1
3
8
9
1
2
1
112
3
5
1
27
29
30
19
26
27
1
2
17
18
1
3
9
16
1
2
1
3
4
6
2
2
5
1
1
2
3
1
2
3
4
3
7
1
1
3
4
1
2
6
1
2
4
5
1
1
2
1
8
1
2
1
2
1
2
10
19
21
19
20
1
3
8
1
2
1
5
1
3
4
1
2
4
5
78
79
4
5
77
1
2
7
9
8
9
1
4
5
3
1
72
32
1
2
1
2
4
5
7
1
7
26
2
1
3
1
2
2
18
19
1
2
8
17
1
16
1
2
3
4
6
1
1
1
2
1
2
3
4
1
9
1
3
4
8
1
2
1
1
1
4
16
1
3
14
15
1
2
10
11
13
1
3
10
1
2
1
1
2
7
1
2
4
5
21
20
21
30
31
1
2
18
19
1
8
9
1
2
3
7
1
3
4
5
7
1
2
1
4
1
2
3
1
5
3
4
1
61
63
64
1
60
61
2
3
60
1
5
54
56
57
1
4
56
58
1
3
1
2
1
9
6
8
49
1
3
5
43
46
47
49
2
3
4
5
1
9
18
1
8
2
6
7
1
2
43
44
1
2
4
1
2
1
2
3
8
10
1
8
9
1
3
4
5
1
2
1
1
1
2
4
5
1
1
2
5
1
2
3
1
2
5
6
127
1
4
2
4
1
7
9
10
17
18
2
6
7
16
122
125
1
3
5
121
1
2
80
120
79
111
112
113
114
117
118
119
1
2
4
1
3
1
2
3
5
6
7
9
11
1
1
68
1
2
65
66
67
1
2
29
64
1
1
27
4
6
1
1
2
1
1
2
1
17
18
19
1
2
8
17
1
2
7
1
5
6
7
1
6
1
2
5
1
3
4
9
1
3
4
5
1
2
1
1
1
11
15
19
2
3
10
12
1
4
5
11
1
10
1
2
1
1
32
1
4
30
31
1
3
29
26
27
28
1
2
3
8
1
2
5
2
3
4
5
1
3
1
2
1
4
1
2
2
512
1
505
510
1
2
1
2
3
487
1
1
1
2
7
484
2
479
480
481
482
483
486
2
4
5
1
478
1
2
11
18
10
11
1
2
5
7
1
3
1
2
1
1
2
1
5
1
2
5
8
9
1
7
2
3
1
28
1
7
3
4
6
1
1
2
451
458
1
448
449
1
5
125
126
1
2
3
18
1
3
4
8
1
2
116
120
1
2
75
80
114
2
3
4
74
78
79
111
112
1
6
71
72
73
1
4
5
3
1
2
4
5
33
1
1
31
32
31
33
65
1
2
29
1
3
1
2
4
6
27
1
2
3
1
1
1
2
1
1
1
2
3
17
18
1
8
17
1
16
1
6
1
4
5
3
1
2
1
2
4
5
1
4
6
1
1
1
2
1
6
10
12
13
14
18
3
4
5
1
1
1
2
1
6
5
31
32
1
3
30
19
22
27
29
1
2
8
9
1
1
4
5
1
3
1
2
1
1
1
2
6
1
2
3
1
1
2
1
2
1
6
1
8
9
10
1
2
3
4
6
23
25
24
1433
4
5
1
2
3
1
18
19
20
1
3
8
17
1
2
1
1
4
5
1
3
2
1
2
4
5
1
2
9
1
5
6
7
8
1
3
4
7
1
2
1
30
32
1
10
29
1
9
1
6
7
8
1
3
5
2
1
2
1
5
6
88
121
1409
1
4
1
2
3
5
10
19
8
17
19
1
2
1
2
82
1
2
4
5
1
80
1
2
77
78
1
5
71
75
76
1
2
3
4
9
10
9
5
7
1
67
66
1
3
11
31
32
1
2
31
64
1
7
8
1
2
1
2
1
1
2
1
3
1
2
1
20
1
7
1
6
1
3
4
5
7
13
321
1
2
320
1
318
319
1
317
3
4
311
315
316
8
9
10
1
2
3
5
6
7
1
6
1
1
2
304
306
307
1
2
303
304
1
1
2
12
13
1
1
2
10
1
1
8
33
1
5
1
4
27
28
29
2
16
18
2
7
1
2
5
1
1
3
288
1
2
1
3
10
1
3
4
8
1
2
7
265
1
2
128
263
1
4
3
126
1
3
4
5
2
4
1
8
1
2
3
7
34
33
114
1
2
3
4
5
1
30
31
1
22
27
29
1
8
15
17
18
1
2
7
1
5
1
3
4
1
2
4
1
3
1
7
1
1
2
1
1
2
3
33
1
2
1
6
31
1
2
5
1
2
3
4
1
1
1
5
1
23
1
4
10
15
19
1
3
1
2
1
2
4
5
6
79
81
1
2
72
76
77
1
2
4
1
2
4
5
1
2
3
35
67
66
1
32
33
1
4
3
1
2
3
4
5
26
28
1
2
1
1
2
3
23
22
23
1
5
1287
1288
3
5
20
1
4
3
8
9
1
2
3
2
3
1282
1
5
1
4
2
3
1279
1
1276
1277
1276
8
3
4
1
2
1266
1267
1272
1
15
16
17
1250
1264
1265
1
14
1
2
13
17
1
9
11
16
17
1
2
1
5
6
1
30
32
29
2
19
2
8
16
17
1
1
4
5
1
1232
1230
1231
1232
1233
2
4
11
1
9
1
5
7
8
4
7
1
3
1219
1
2
1218
1
63
64
1216
62
4
5
53
1
58
7
8
9
1
5
7
2
3
26
1
2
1
1
2
1
2
3
7
1
2
1
2
4
1
1
2
4
1
2
3
9
10
1
2
4
6
7
1
1
2
1
2
1
2
1
1
2
4
1
1
2
1
132
1
1
127
128
1
1
1
2
16
17
1
2
7
16
1
1
5
121
1
2
3
4
1
78
79
80
1
1
1
5
7
8
2
3
4
1
2
34
36
72
1
2
30
31
33
1
2
5
8
9
28
4
5
7
10
1
2
3
1
2
1
1
5
4
5
1
2
3
5
4
18
19
1
2
3
1
5
1
2
4
1
1086
1152
1
2
3
1085
2
3
1084
1
7
1
1081
1073
1080
1
2
17
1073
1
2
7
15
1
2
1
2
4
5
1
1
2
1
2
1
6
1
2
5
1
2
3
4
6
1
29
30
1
17
2
3
16
2
1
5
14
4
2
1056
1
1036
1037
9
5
6
7
8
10
1
2
6
1
1027
1031
1032
1
1025
1026
509
511
1024
489
508
4
1
1
2
1
2
8
9
10
1
1
6
1
2
5
479
1
3
4
10
2
477
1
18
476
6
7
17
475
1
1
2
3
4
14
1
1
4
11
1
9
10
11
1
2
4
5
6
8
1
7
2
1
27
29
32
1
31
1
30
1
2
4
5
8
1
2
3
1
1
1
3
1
128
447
449
2
3
4
127
19
1
2
3
8
18
17
1
122
123
1
5
121
1
4
80
118
120
2
1
5
72
77
4
1
2
1
2
3
5
1
1
1
2
1
2
1
2
6
8
27
1
2
3
1
1
1
2
5
1
3
4
19
18
19
20
1
3
8
9
16
17
1
2
16
1
1
2
4
5
1
1
2
1
2
5
1
1
2
3
1
4
5
7
3
1
1
1
1
2
1
5
1
1
1
1
2
3
4
32
1
2
3
10
9
17
18
19
28
29
30
33
1
1
1
2
1
3
4
1
4
1
3
9
1
2
3
4
5
1
1
1
7
1
4
5
1
9
1
7
1
5
1
3
4
20
19
7
8
9
1
8
16
17
5
1
2
4
5
1
2
4
7
8
1
3
33
34
2
33
38
29
30
2
8
9
1
4
5
1
3
1
2
1
1
5
1
4
5
2
4
19
1
3
17
19
2
17
18
1
1
1
4
2
3
79
1
5
69
70
71
1
4
70
1
3
1
2
5
7
1
2
34
66
65
1
30
1
29
10
28
1
2
4
8
1
2
1
1
4
1
3
1
2
5
1
4
1
3
18
2
7
1
3
1
317
3
4
316
10
1
3
4
1
2
1
290
312
1
288
289
1
2
14
1
2
1
4
11
12
1
3
1
2
1
7
1
5
6
32
2
25
29
30
31
2
3
18
19
20
19
20
23
24
1
9
10
17
1
1
2
272
1
6
265
270
271
1
5
1
2
1
8
1
258
259
260
1
2
257
1
125
127
256
125
126
1
5
118
1
2
4
118
1
2
1
2
4
1
33
31
32
1
2
3
4
1
1
8
9
10
1
7
1
1
2
5
1
3
1
2
5
1
4
6
1
7
8
9
10
11
3
4
5
6
1
2
1
1
1
1
1
5
3
4
9
1
9
10
1
8
6
7
1
4
5
1
3
19
20
18
3
4
8
1
1
1
3
4
1
77
78
79
1
4
72
77
1
2
1
1
2
4
32
68
1
35
65
66
67
1
34
30
32
33
1
8
28
5
6
7
3
1
1
1
1
4
1
3
10
20
1
9
19
18
1
7
1
6
1
2
3
5
1
1
2
10
1
5
7
8
1
3
4
1
17
1
1
2
1
2
5
1
1
1
2
1
7
1
2
1
20
30
1
2
19
1
17
18
19
7
16
1
5
6
1
2
6
5
1
3
1
2
9
1
5
8
1
2
1
1
62
63
64
2
61
5
58
59
2
1
9
5
8
48
1
5
47
1
2
3
4
5
19
18
19
24
1
3
1
5
14
1
3
1
2
5
1
2
9
8
9
1
3
1
2
1
2
1
2
4
1
2
3
5
130
131
1
1
2
3
126
127
1
2
1
6
16
5
6
1
2
5
114
1
3
7
1
6
79
112
4
5
77
78
79
1
10
1
6
7
8
1
2
4
5
1
2
66
1
31
64
65
1
30
1
3
27
1
2
3
1
4
24
1
2
3
1
1
2
3
1
20
18
19
1
2
1
7
1
5
6
1
4
1
2
3
1
1
2
1
1
1
2
1
1
17
16
1
2
12
1
11
38
3
1
2
1
1
4
5
11
1
1
19
6
8
18
1
2
6
7
1
1
2
4
1
3
1
2
5
12
1
4
5
6
7
3
6
7
1
2
255
256
1
3
1
253
251
252
257
1
1
1
6
7
8
6
246
5
240
244
1
2
20
19
232
237
8
18
19
1
2
3
7
239
240
1
2
3
4
1
1
4
1
3
11
1
2
5
1
32
33
34
11
29
31
1
2
1
1
2
1
2
217
1
195
214
1
5
193
1
4
1
18
17
18
1
5
179
1
176
177
178
1
175
1
4
71
1
2
3
174
176
1
4
1
2
3
67
1
34
65
66
1
2
32
33
38
1
1
28
30
1
4
5
8
27
1
3
1
2
1
2
1
2
3
1
4
1
3
20
19
2
3
7
8
1
6
1
2
4
1
2
1
2
5
11
1
9
1
5
7
8
1
4
7
6
1
2
1
1
10
12
3
1
5
6
5
31
1
2
3
4
30
1
19
20
28
29
33
1
18
1
2
7
26
1
3
5
1
2
5
6
1
3
1
2
9
4
6
1
2
1
1
2
1
2
1
1
2
4
1
2
2
7
8
1
1
19
9
16
17
1
2
1
5
1
1
5
1
4
1
2
3
1
4
7
1
2
3
1
1
14
1
3
13
1
12
4
11
1
1
1
1
513
1
2
3
1
2
11
507
509
1
2
7
8
9
1
2
6
1
2
4
1
79
80
4
5
77
1
3
1
2
4
3
8
1
2
72
1
3
1
2
28
1
4
5
7
3
1
1
1
2
485
486
1
2
5
480
481
1
479
483
2
3
4
1
3
8
18
2
1
472
476
5
450
451
470
447
448
1
4
5
315
316
317
1
3
10
5
6
7
12
16
1
7
307
308
310
1
14
304
305
306
1
12
13
11
1
5
6
7
8
4
1
2
33
34
2
2
3
4
1
29
1
28
1
3
9
15
1
2
1
2
290
1
4
5
6
1
3
272
271
2
4
5
270
1
269
1
2
268
1
1
2
4
1
263
264
265
1
2
263
1
127
256
257
262
1
121
126
1
120
1
2
3
4
2
3
1
8
1
2
1
32
111
1
10
18
19
1
1
1
1
1
1
1
2
3
4
1
1
7
8
1
1
1
2
1
2
4
5
6
1
1
2
1
2
3
4
1
1
2
3
19
2
8
18
1
6
5
6
16
1
3
8
1
2
1
79
5
77
78
79
1
1
1
5
8
1
3
4
2
68
72
1
2
11
30
1
3
9
1
2
5
6
8
1
4
6
1
1
2
3
19
1
2
17
1
6
1
5
1
3
4
2
1
3
1
1
2
3
1
17
1
16
1
1
15
17
1
3
4
16
2
1
3
1
2
1
2
12
1
30
32
33
1
2
4
10
28
29
1
27
2
17
1
6
8
16
5
6
15
1
3
2
1
1
2
3
5
1
1
65
1
2
63
64
1
2
3
2
1
54
56
1
3
1
2
3
1
2
3
49
1
3
12
1
11
25
10
18
19
24
1
2
8
9
10
1
2
3
7
1
1
2
1
3
4
1
2
1
1
3
4
2
1
5
7
8
1
3
2
1
1
2
1
4
5
1
2
3
1
5
1
129
1
127
128
5
123
125
126
1
2
6
8
9
17
18
1
17
6
1
118
119
3
78
79
1
2
3
70
77
2
3
4
5
75
1
7
8
1
5
6
32
34
1
3
33
1
2
33
1
27
37
26
30
1
27
1
1
2
1
1
1
2
1
1
19
1
17
18
19
1
8
9
10
16
5
6
9
1
3
1
2
1
1
2
1
4
1
3
4
6
8
1
2
1
16
1
2
15
1
11
12
14
1
2
11
1
4
10
2
3
1
2
1
1
1
2
28
22
27
18
1
2
3
4
7
1
1
4
1
3
1
2
1
2
8
1
1
3
1
2
1
2
7
1
1
2
5
1
2
3
4
1
1
1
4
5
10
1
2
3
1
19
20
1
8
9
14
19
5
6
7
1
4
5
2
3
1
7
1
2
4
1
2
5
1
1
1
32
31
32
5
1
2
5
7
8
1
7
26
2
3
1
2
3
4
1
2
1
2
4
5
7
88
1
1
2
18
19
1
3
5
8
17
1
2
1
2
1
2
1
81
2
3
1
72
77
1
3
1
4
5
6
8
2
3
32
1
66
30
65
1
29
30
1
5
8
9
29
1
2
3
4
1
2
1
1
1
1
1
3
10
20
2
7
8
9
1
2
1
6
1
2
5
1
1
2
3
1
3
5
1
2
8
10
1
1
3
1
5
1
4
2
3
1
2
1
29
30
31
32
1
21
1
3
1
2
7
9
1
6
7
1
6
1
2
5
1
1
3
1
2
1
2
1
1
1
129
1
2
123
124
128
1
3
1
2
120
121
1
118
119
1
3
37
1
2
1
1
2
1
2
3
28
1
3
8
9
14
2
1
1
4
5
1
2
3
1
5
1
3
4
5
2
1
1
2
7
1
2
1
5
4
1
2
9
10
15
1
2
3
8
1
1
2
5
1
20
1
19
1
9
14
18
7
1
5
1
2
1
4
1
5
3
4
1
66
67
68
30
32
65
1
4
29
1
2
4
5
6
7
8
2
3
6
25
1
1
1
4
1
3
1
2
18
19
1
9
11
17
1
7
1
5
6
1
4
1
3
1
2
1
5
1
3
1
2
6
7
8
19
1
3
4
18
2
306
1
17
288
305
1
16
304
14
17
1
4
6
10
12
13
1
2
3
1
1
2
1
2
33
1
4
1
2
3
31
28
29
30
1
8
16
17
18
1
2
7
1
6
1
4
5
3
1
271
1
2
4
11
264
270
1
9
1
2
4
5
126
1
260
259
123
124
1
3
4
1
2
4
5
121
4
119
120
1
2
1
8
1
6
113
1
2
31
2
3
25
27
29
1
8
10
17
18
1
7
1
5
8
1
3
7
2
1
5
4
2
1
5
6
7
6
7
1
3
1
2
1
1
1
1
1
1
2
7
1
1
3
20
21
19
1
2
3
4
17
1
14
16
18
1
4
5
6
7
14
1
3
2
78
79
1
2
5
6
77
78
1
77
2
4
1
4
5
7
8
2
3
1
67
72
1
2
1
2
9
28
1
2
4
5
7
1
1
2
4
1
2
1
2
4
1
2
8
17
19
1
1
2
1
5
1
2
3
4
1
1
4
1
2
1
9
3
8
1
1
1
2
1
13
1
5
12
3
4
2
1
2
1
6
7
1
4
5
32
3
31
2
19
20
28
1
2
6
8
17
18
1
1
2
5
1
2
4
1
2
4
11
2
3
6
10
4
6
7
8
1
2
3
1
1
1
60
1
1
2
4
1
1
2
1
2
7
8
48
49
48
1
2
3
4
5
46
1
2
19
21
19
20
44
1
8
9
14
17
1
7
1
2
6
1
1
4
1
2
3
1
1
1
1
5
1
3
4
1
2
3
1
1
4
2
3
1
5
24
25
1
1
2
5
127
128
1
3
4
20
19
1
8
16
18
1
7
17
1
2
5
6
122
1
119
120
121
2
3
113
118
1
77
78
79
111
1
78
111
1
10
9
1
2
3
5
6
8
1
7
1
1
2
33
1
30
31
1
29
1
2
4
1
2
3
1
1
1
1
2
3
5
1
1
11
19
1
2
8
10
1
2
7
1
3
4
3
2
1
2
3
4
6
7
8
7
8
1
2
1
2
1
13
14
1
5
12
1
4
1
2
3
1
1
7
1
2
5
1
3
4
30
1
8
18
7
1
1
4
1
2
1
1
1
3
4
5
8
1
2
7
1
1
2
8
29
31
1
3
1
2
4
6
1
2
3
1
8
9
1
2
1
2
3
1
21
1
3
2
3
1
8
9
1
7
1
6
1
2
5
1
3
4
2
1
2
3
4
7
1
1
4
1
2
3
34
1
1
29
30
31
1
1
3
2
2
1
5
6
1
3
4
6
19
18
1
8
9
10
11
3
7
8
16
1
2
3
2
1
2
4
1
77
79
1
2
76
77
1
4
76
3
1
4
7
8
1
3
68
67
68
72
1
2
3
30
31
1
1
6
7
27
1
2
1
1
1
2
4
5
20
1
2
1
9
17
1
2
7
8
1
1
5
1
3
4
1
2
1
2
3
5
6
1
1
1
2
8
1
3
4
6
1
2
1
15
1
14
2
10
12
13
5
7
10
1
1
1
2
33
32
3
28
31
1
2
10
11
18
1
2
3
4
8
10
1
1
1
4
1
2
1
2
1
2
3
5
8
1
1
1
2
3
2
3
4
1
5
2
3
4
1
8
9
1
1
2
1
22
1
3
4
21
1
2
20
21
1
9
10
20
1
1
2
3
1
3
5
1
2
1
2
1
5
8
10
2
1
2
3
1
2
3
5
1
2
3
1
2
1
1
