305
1202
1204
1214
1264
1275
211
845
849
3394
3404
893
900
3548
3549
3550
986
3938
3952
3954
3956
3957
73
80
1375
348
356
1407
1409
1410
1411
1412
1417
64
1185
1186
1187
1189
1190
1201
110
404
1576
1577
1578
1579
1580
1638
104
438
1739
1740
1744
1778
1779
113
447
461
462
1877
1880
1888
1942
541
547
2250
2259
2261
551
2243
2244
2245
2246
575
576
577
2332
2333
2342
2346
722
2919
2925
2927
2928
2935
588
2336
2339
2341
2396
212
927
3748
3751
3754
3755
56
268
1091
1093
1094
1104
1114
1188
1189
1190
1191
287
1203
1206
1207
313
317
1306
1307
1308
940
3812
3813
3825
3827
929
3774
3775
3778
3779
3780
3781
3783
214
920
3742
3780
341
1323
1446
1447
889
890
891
3628
3629
3630
312
1313
1322
1323
1325
1327
1329
1431
313
1290
1291
1346
1347
1348
404
1061
1062
1065
1548
1558
1563
1564
1565
72
73
384
1396
371
372
1558
1574
1575
1612
1745
1746
1747
1766
1800
1804
1806
1885
1886
1887
1888
2144
481
482
483
2063
140
658
660
662
2744
2747
536
542
2244
2245
2278
2782
2788
2791
2793
2794
2829
2
2427
2431
2469
2470
2488
2490
2492
856
857
3514
3515
2425
2427
2428
2429
2432
846
848
863
3500
3509
3641
3179
3180
3181
3182
3183
2632
2633
2634
2642
2643
696
2985
2992
2993
2994
2995
2996
699
2972
2983
2986
2987
2989
128
661
2737
2803
2813
2814
1
144
696
715
716
725
3002
713
724
730
2994
2995
3001
712
729
2992
3053
3056
3057
723
3041
3045
3046
3047
3048
782
3285
3300
3301
3302
3303
3304
3319
154
758
3238
3239
3240
199
200
962
3984
3985
3987
3988
3989
3992
3995
798
953
955
956
3970
3973
3974
803
811
3372
3375
3377
3378
175
3416
3639
3641
3642
173
863
3616
3617
3618
3705
831
3624
3625
3627
877
912
3684
3685
3686
3817
3818
3819
913
914
3822
3837
3840
3818
3820
3822
3823
3824
3825
872
3670
3671
3822
3823
3825
956
4006
4012
4013
3825
3828
3831
3846
3849
3883
192
198
200
201
986
1000
1001
8
191
192
194
200
981
1000
1003
1004
1006
1007
1017
1018
995
1008
1009
1012
1013
1048
1
205
1012
1026
1030
1044
1045
1011
1025
1026
972
974
982
983
1116
1125
1126
360
361
1019
1025
1027
201
1036
1037
1038
1039
1040
186
966
970
971
972
973
974
1
224
225
1123
1125
1126
1129
1125
1126
1127
1128
1131
216
1096
1097
1133
1135
7
1158
1167
1302
1145
1148
1159
1160
1161
265
266
1161
1162
1163
1164
1171
232
233
235
1172
1180
1183
1188
239
241
3745
3747
3749
3750
3756
252
287
1248
3696
3697
3705
3706
255
1229
1231
1232
256
1160
1161
1291
1292
1294
1295
1296
19
20
202
264
1073
1299
1300
1301
1310
1312
1313
1314
1316
200
201
202
1059
1067
1069
1070
207
1075
1076
1078
1082
1083
266
1312
1315
1316
1317
1269
1272
1273
1362
1363
1365
262
263
265
1318
1319
1320
1356
1357
1362
276
817
1250
1383
3553
819
3553
3555
3684
1347
1348
1401
1404
1405
1407
1408
1
263
280
1348
1349
1350
1351
262
278
1348
1351
1358
296
301
1339
1473
56
1472
1474
1478
1479
1480
1495
257
1325
1329
1330
1331
1332
309
310
313
314
1324
1325
1483
1484
1545
1
256
1320
1322
1324
311
1319
1557
1302
1303
1305
1306
1307
1294
1295
1300
1301
181
182
1049
1291
1293
322
1029
1030
1031
1574
2
323
326
977
979
981
1623
1625
318
991
993
1606
1607
1608
324
979
1617
1619
330
1572
1574
1575
1586
1595
324
1610
1624
1625
1626
1632
1635
1637
1640
1642
338
1683
1703
1704
1710
1720
1
340
341
343
1704
1708
1710
1838
341
342
1709
1771
1753
1754
1755
2366
2367
2369
282
1469
1470
1471
1473
1474
1785
2328
2362
2363
2366
348
355
357
1785
1786
32
2320
2322
2323
2327
2329
353
1773
1779
1783
1787
1788
1792
1766
1767
1775
359
360
365
1815
1822
1823
1824
2
1894
1912
1913
1948
1951
374
2029
2030
2031
2034
2035
2036
2038
378
379
1942
1944
1946
1948
1949
390
1929
1938
1939
2
396
397
398
1970
1971
1972
384
1921
1923
1924
1925
393
395
1969
1972
1990
398
1980
1982
1983
1984
1
398
2104
2105
2106
2107
2108
2112
2114
1983
2102
2104
2105
2
408
2084
2085
2086
1999
2001
2002
2015
2016
2078
2083
2084
2085
8
9
2123
2125
417
2086
2088
2090
2091
2092
420
2109
2110
2111
2123
2124
2126
2102
2104
2105
2106
2107
2125
419
421
424
2110
2116
435
436
2154
2155
2170
2171
2174
428
429
2135
2151
2156
425
2133
2136
2137
2138
1
2113
2114
2116
2117
2114
2115
2127
434
2175
2176
2177
2178
2182
2234
2235
2394
2587
2588
2591
454
2223
2224
2255
2259
2261
2263
454
455
2043
2201
2264
2265
2266
2267
2271
398
432
435
2043
2054
2056
2197
2286
2288
2289
2290
2302
2303
2305
393
2032
2033
2035
1418
1419
1420
1421
1439
468
1439
1442
2343
451
458
2305
2306
2307
2318
468
1401
1403
1405
1418
468
1393
2354
2356
438
475
2386
2387
2392
521
2485
2491
2493
2494
2495
2497
2498
500
2434
2449
2450
2451
2452
2482
2483
2496
2504
2505
1
38
3051
3052
3053
37
649
3050
3083
3084
494
649
2463
3086
3095
3096
3097
3098
505
567
2520
2521
2522
2780
3035
1
502
3036
3041
3043
3045
3049
501
3035
3043
556
2733
2764
2766
503
505
2486
2487
2489
2490
2548
2550
512
2407
2408
2409
2417
2552
2562
525
2604
2605
2617
2619
541
2683
2684
2685
2686
520
521
2606
2607
2738
2742
531
2661
2663
2671
2684
2643
2644
2645
2646
2649
2663
2635
2637
2639
2641
2642
2644
544
545
2714
2717
2718
2824
2825
2673
2674
2726
2727
2728
541
2673
2674
2676
541
545
2715
2717
2723
2726
1
546
2733
2735
2736
2737
2731
2732
2736
2739
2740
2741
2742
1
554
2785
2797
2799
2800
2783
2784
2794
2796
2812
2794
2795
2796
2804
2805
2808
576
2837
2863
2866
2867
2868
563
564
565
570
571
2821
2823
2832
565
574
575
576
2833
2866
571
573
2858
2861
2862
2888
2890
2892
2894
2895
2896
2849
2850
2851
2853
2889
2890
2891
2906
579
585
2899
2900
2902
2903
584
2902
2917
2919
2921
586
587
2930
2935
2936
602
2764
2765
2923
2984
2955
2957
3101
3111
3112
598
609
2972
2975
2976
3028
3030
600
3025
3026
3027
3028
3030
2755
2994
2995
2996
2997
2998
3009
3015
3016
3018
3046
1
3064
3306
3317
611
612
3062
3063
3316
605
3068
3070
3071
3072
3073
3083
3084
3085
3097
3098
3099
2
3122
3123
3132
621
622
3107
3108
3109
3111
1
623
3120
3121
3123
612
622
3119
3125
3127
3128
620
621
3122
3123
3160
3161
632
3165
3166
3167
3168
634
3182
3193
3816
3817
3820
634
636
3179
3817
3818
648
3227
3229
3230
3239
3767
3769
649
3227
3230
3233
3250
651
654
655
3265
3267
601
618
619
620
656
657
658
598
657
3278
3279
3281
3282
3292
599
3127
3129
3130
3137
3138
669
3320
3321
3323
3327
3319
3325
3326
3328
3329
3330
3331
655
3251
3253
3254
3256
3292
430
669
3332
3387
3388
672
3349
3352
3368
3385
156
1298
1308
3364
3367
3371
676
3389
3390
3391
3392
688
3436
3533
3534
3536
3543
3529
3530
3531
3532
3533
690
3525
3527
3528
3532
639
640
641
3239
3241
3464
635
3229
3230
3238
3239
3240
630
759
761
3726
3743
3746
701
3506
3507
3508
3511
3641
700
3511
3512
3513
3572
2
3528
3529
3530
3568
706
707
3530
3566
3527
3565
3566
3567
2
737
3621
3660
3667
715
716
3609
3610
735
3662
3663
3665
3647
3671
3705
3706
3707
3708
735
736
3671
3672
3673
3685
689
744
3706
3707
3678
3679
3689
3833
774
3687
3688
3821
3822
3823
737
3682
3683
3684
3693
3698
770
3755
3818
3819
3820
746
747
3731
3738
3739
750
767
3685
3687
3688
752
760
3758
3760
3763
3773
3785
3786
3787
3785
3794
3795
3798
759
3792
3795
3797
3806
764
3807
3810
3811
3812
3815
3819
766
3797
3800
3835
3837
9
809
1
8
771
774
789
790
7
9
770
771
808
786
793
806
1
779
780
781
783
937
938
37
781
782
936
2
6
7
786
788
16
789
790
792
795
924
2
5
6
799
800
803
799
801
4
801
802
804
758
762
799
802
817
1
9
780
791
792
794
793
794
793
800
801
1
803
807
808
810
810
813
823
806
807
838
839
840
8
834
843
844
845
848
2
3
779
782
785
839
841
842
843
9
156
822
827
829
830
834
836
1
782
783
778
779
780
781
18
775
776
777
908
1
15
898
899
902
842
844
898
901
837
840
841
902
837
840
841
842
825
836
837
820
821
844
846
848
1
868
869
1
1110
1
868
869
870
1109
867
868
878
1106
866
873
874
875
877
874
875
877
879
1100
1
880
881
1
878
879
880
875
876
877
878
881
883
884
879
881
882
883
886
887
893
895
758
885
887
889
757
883
886
890
891
1
744
896
897
899
893
894
895
904
1
3
905
912
913
2
909
911
927
929
1
911
914
915
916
910
914
916
924
925
8
917
950
951
954
955
956
909
913
915
916
920
957
959
916
917
932
933
950
951
919
920
921
922
930
1
934
943
945
949
925
928
929
932
933
948
1
19
21
990
999
18
998
999
1000
940
941
942
948
1
950
951
952
955
956
3
951
952
955
944
945
948
2
950
951
954
955
957
961
948
949
956
949
953
955
957
959
961
1
2
962
963
964
3517
958
962
964
3514
3515
3516
960
3504
3505
2
625
971
972
973
975
1003
3468
3502
969
3497
3500
3503
8
967
969
970
972
1
945
946
962
963
964
944
961
974
976
977
978
979
16
919
920
921
982
983
2
982
993
1
2
6
972
991
1
2
968
969
970
971
972
991
1
4
966
994
959
961
965
966
1
35
991
993
996
1006
990
996
997
1005
985
988
989
1015
1016
1017
1018
974
977
982
997
978
1016
1017
1033
1
973
1035
1036
1037
7
972
1033
1034
1039
1040
1
901
903
907
1034
1
897
900
906
896
905
906
966
891
896
898
899
2
3
1032
1038
1041
886
1042
1043
1044
1045
1046
2
3
1030
1032
1033
1036
1035
1036
1038
1
1019
1023
1032
1033
1034
1051
1022
1023
1030
1
1051
1056
1059
1060
2
1059
1064
1045
1046
1047
1050
60
1055
1062
1063
1064
1060
1066
1074
1075
1093
1094
1063
1065
1066
1068
1073
1
1075
1076
1085
1089
1090
36
37
1073
1074
1089
1090
1088
1089
1090
1092
1093
1053
1055
1091
1
1000
1002
1003
1051
999
1000
1002
982
983
1094
1103
1104
1105
983
993
994
1089
1090
1092
1092
1093
1094
1098
1100
3
1098
1101
1102
1103
1104
1111
1112
2
974
1104
1105
1107
1108
971
972
974
3406
3407
3408
3409
1101
1104
1105
1106
1107
1109
1114
2
7
9
1111
1112
1113
1
1090
1105
1106
1109
1111
1107
1108
1109
1110
1
1070
1080
1081
1085
1126
1069
1071
1125
14
15
1115
1127
1128
1137
1139
1
3
1105
1111
1112
1113
2
1104
4
6
1135
1137
1139
1148
1104
1108
1142
3214
3215
3216
3218
3220
1149
1150
3203
3205
1
2
1141
1143
1144
1
2
1127
1128
1142
1127
1128
1129
1130
1122
1125
1140
1142
1159
3
1121
1122
1156
1158
1159
1160
1174
1175
1176
1177
1186
1118
1120
1158
1159
1175
1177
1114
1115
1118
1119
1120
1123
1047
1112
1113
1114
1115
1116
1
1045
1176
1179
1
2
5
1040
1041
1043
1044
1178
1
1042
1
2
1038
1041
1
1030
1032
1036
1029
1039
1173
1172
1173
1174
1188
1190
1191
1199
1200
1201
1203
1204
1205
2
1203
1205
1238
1239
1241
1186
1203
1
1203
1220
1236
1238
60
1202
1204
1206
1218
1219
1213
1214
1216
1217
1218
1222
35
1227
1229
1279
1284
1287
1288
1216
1217
1218
1219
1220
1227
1227
1229
1243
1244
1284
1
2
1236
1237
1238
4
1237
1238
1239
1242
1176
1178
1231
1232
1233
1234
1235
9
1246
1247
1248
1249
1257
1259
1
1012
1235
1245
1246
1234
991
995
1004
1247
1248
1245
1246
1250
1253
1254
1
734
735
738
1250
733
735
737
1
3
1235
1253
1254
1256
1268
1
1234
1236
1251
1267
1235
1236
1237
1250
1253
1256
1260
1261
1262
1265
1226
1227
1232
1234
1235
1255
1285
1287
1288
1289
15
1273
1275
1278
1279
1280
1285
673
674
676
1285
1287
1290
710
712
1248
1250
1251
1252
1253
674
676
707
1252
1284
1285
3
668
673
674
675
656
657
658
659
658
659
661
662
663
667
664
665
666
671
1295
1297
1298
1
3
1287
1295
1297
1301
1286
1300
2
1263
1264
1266
1300
1302
1293
1294
1295
1296
1298
1264
1282
1298
1299
1
1258
1260
1262
1319
1256
1257
1258
1265
1318
1320
1190
1191
1192
1253
1308
1309
1325
1327
1342
1343
1310
1315
1319
1320
1322
1323
1324
1327
1328
1329
1331
1332
2
1295
1299
1309
1310
1302
1341
1342
1292
1293
1297
1299
1342
1344
1345
1355
1358
1342
1343
1344
1345
1346
1343
1346
1349
1351
1353
1366
1367
1372
1
1502
1505
1506
1510
1511
1509
1510
1511
1513
1514
1515
1344
1359
1364
1365
1367
1498
1369
1495
1496
1497
1498
1368
1430
1495
1365
1428
1429
1
2
1365
1369
1384
1385
1386
1425
1426
1368
1370
1371
1383
1381
1383
1384
1
2
1155
1156
1159
1314
1156
1157
1158
1311
1313
1153
1154
1377
1386
1387
1142
1143
1144
1145
1136
1137
1144
1391
1392
2030
1394
2016
2025
2026
2027
7
9
1433
1434
1435
1436
1405
1410
1431
1433
1434
1395
1406
1410
1411
1
1408
1417
1427
1428
1415
1416
1437
1440
1441
1442
1456
1422
1423
1437
1454
1455
1456
1457
1426
1430
1431
1439
1441
1961
1970
1427
1429
1967
1970
1971
1972
1440
1951
1955
1956
1957
1434
1437
1441
1442
1439
1693
1694
1696
1438
1692
1695
1696
1699
1441
1443
1444
1445
1450
1
1411
1448
1449
1450
1451
1465
1449
1455
1
1450
1515
1516
1517
1674
1675
1676
1677
1447
1449
1452
1453
1515
1
1454
1455
1490
1494
5
1453
1457
1489
1
1455
1458
1459
1402
1454
1458
1459
1460
3
1470
1483
1484
1487
1467
1470
1471
1477
1478
1
1452
1484
1485
1481
1483
1484
1
1477
1478
1480
1477
1479
1481
1485
1487
1488
1
1488
1489
1490
1492
1494
1469
1475
1484
1486
1487
1488
1491
1492
1493
1494
1509
1511
1512
1
2
1656
1657
1658
1
3
1644
1645
1648
1657
1647
1654
18
20
35
1578
1579
1587
1590
1601
1499
1642
1643
1654
15
1552
1563
1564
1565
1566
1565
1566
1567
1568
1502
1512
1513
1514
1515
1518
1513
1514
1515
1523
1524
4
1548
1549
1550
1551
1557
1525
1529
1530
1456
1478
1531
1532
1533
1535
1536
1539
1
1540
1544
1546
1539
1545
1546
1548
1537
1538
1540
1548
2
1582
1583
1584
1586
1
2
3
1550
1581
2
6
1576
1579
1584
1585
1
1548
1549
1548
1577
1547
1548
1550
1574
1576
1
2
17
1582
16
1565
1566
1567
1581
1599
1570
1579
1580
2
1577
1579
2
36
1537
1573
1574
1586
1575
1573
1582
1583
1584
1578
1580
1581
1582
1582
1584
1711
1712
1713
1
1582
1585
1707
1584
1587
1706
1708
1555
1585
1587
1588
1589
1590
1591
1592
1594
1595
1597
1606
1691
1693
1
1590
1591
1592
1551
1552
1553
1585
1588
1589
1591
1
1593
1602
1603
1604
1616
1603
1604
1605
1606
1607
1615
1543
1551
1
2
3
1614
1628
1630
1394
1613
1624
1627
1
1627
1628
1629
1623
1624
1625
1626
1676
1678
1588
1589
1591
1592
1593
1639
1669
1670
1671
1672
1673
1675
1
1633
1634
1635
1640
1884
1639
1642
1883
1
1653
1654
1663
1664
1665
1666
4
5
1663
1664
1645
1653
1655
1656
34
1656
1658
1659
1720
1
6
1658
1719
1720
1
5
1657
1659
1714
1
1659
1713
2
1658
1712
1713
1714
1667
1669
1670
1671
1673
1708
1711
1712
1703
1705
1706
1709
1710
1712
1670
1705
1706
1707
1709
1686
1689
1692
1693
1706
1
2
1501
1550
1681
1691
1693
1694
2258
2305
1680
1682
1692
1692
1695
1
3
1692
1693
1694
1726
2
1722
1723
1724
1725
1
2
1683
1686
1692
1
4
1691
1692
1695
1719
1720
1681
1683
1691
1692
1703
1704
1706
1709
1746
1768
1707
1708
1711
1746
3
1691
1708
1711
1713
1715
1707
1708
1727
1728
1742
1706
1721
1722
1723
1705
1711
1712
1713
1722
1734
1735
1736
1742
1743
1744
2227
2237
1726
1727
1731
2238
2240
1720
1721
1722
1724
1725
1727
1729
1731
1
1703
1736
1
1702
1737
1738
1753
1697
1735
1736
1751
1752
1755
9
1746
1748
1765
1781
117
1741
1744
2213
2215
1732
1750
1751
1752
1753
1756
1757
1758
1759
1765
1624
1755
1
1622
1624
1756
1621
1752
1754
1755
1607
1608
1609
1762
1763
1766
1
1758
1760
1765
1768
15
1766
1767
1769
1783
1822
1755
1756
1772
1734
1769
1770
1771
1772
1773
1774
1775
2161
2163
2164
11
1779
1780
1781
96
1764
1773
1774
1775
1776
1777
2158
2160
1780
1782
1783
1784
1
1785
1786
1787
1788
1778
1785
1787
1793
1794
1795
1945
1947
1948
1949
1973
1976
1977
1797
1798
1799
1801
1803
1804
34
1931
1934
1936
1938
1939
1940
1
1795
1801
1805
1791
1793
1794
1804
1805
1748
1749
1808
1809
1812
1813
1768
1770
1807
1810
1811
1812
1813
1815
1816
1813
1817
1847
1850
1852
1855
1844
1845
1854
1867
1843
1845
1846
1847
1813
1814
1815
1830
1847
1848
1
1836
1840
1841
1864
1868
1870
1866
1867
1868
1869
1
3
1875
1877
2
1857
1876
1786
1848
1849
1850
1851
1852
1861
1914
1915
1855
1856
1857
1861
1872
1896
1897
1899
1900
15
16
1901
1905
1907
1917
1
1851
1885
1886
1850
1851
1870
1882
1883
1884
937
977
1868
1878
1879
1880
1856
1865
1866
1868
1869
1
976
1873
1874
1875
1876
971
972
975
976
977
1875
933
934
935
936
970
971
932
934
935
936
937
924
925
926
927
937
1888
926
927
929
1882
1884
1887
1
2
911
913
1
2
910
1888
1925
1
908
911
912
913
916
921
920
1881
1885
1886
1892
1900
1901
1902
1885
1886
1900
1901
1902
1912
1913
1915
1916
1917
1925
1
1914
1917
1918
1881
1884
1913
1917
1919
1920
1
1911
1919
1920
1921
1922
1
898
899
1920
1921
2946
1
897
2944
2945
2946
1
2
2943
2945
2946
2947
2950
2933
2940
2941
2942
2949
2950
2944
2945
2946
1903
1904
1917
1919
1927
1928
1
3
1924
1925
1926
1927
1928
1929
1938
1
1927
1928
1931
1926
1929
1930
1935
1925
1934
1935
1
1912
1913
1914
1915
1916
1917
1919
1921
1953
2932
1915
2930
2931
2932
2933
1
1956
1957
2918
2919
2927
2928
2917
2921
2924
2926
2913
2914
2915
2917
2918
2919
2902
2903
2904
2915
2918
2919
2957
1
2871
2905
2906
2907
2869
2870
2904
2907
2908
226
2870
2871
2872
2860
2861
2863
2865
2872
1968
1978
1979
2591
2594
2603
1
1968
1969
2604
1963
1964
1967
1969
2603
1924
1931
1934
1952
1986
1989
18
1928
1930
1988
1989
1990
1993
1921
1931
1932
1936
1938
1
1969
1979
1980
1981
1982
1980
1981
1986
1987
1988
1989
1
1996
1999
2002
2003
2012
1975
1977
2001
2002
2003
1970
1973
1974
1975
2002
1969
2003
2004
2542
2543
2544
3
1989
1990
1992
1994
2027
2012
2013
2014
2017
2530
2008
2021
2023
2024
2026
1983
1986
1989
1992
1993
1987
2023
2024
2025
2026
3
1985
1986
2041
2043
11
2035
2036
2037
2038
2041
2050
2051
2029
2030
2031
2033
2034
2035
2069
1983
2022
2036
2038
2039
4
2042
2043
2044
2045
2052
1898
1907
1908
1910
1912
1910
1974
1976
2039
1895
1897
2052
2040
2048
2049
2050
2046
2048
2049
2050
2051
2052
2053
1
2045
2053
2055
2056
2058
2054
2057
2058
2061
2062
2063
2065
2025
2039
2059
2060
2062
2066
2071
2072
2073
2076
2086
2087
1
2057
2060
2062
2064
2073
2074
2019
2056
2071
2072
2074
2013
2014
2018
2019
2073
2074
2080
2084
1
4
2078
2080
2085
2086
2074
2077
2085
1
2
3
16
2082
2093
15
2084
2085
1
2081
2079
2080
1627
2060
2092
2094
2095
2097
2098
2073
2078
2092
2093
2094
1
2094
2096
2097
2098
2087
2088
2089
2096
2097
3
2100
2101
2102
2103
2107
2108
2109
2103
2134
2136
2137
2140
2141
2114
2115
2116
2121
2124
1601
1603
2104
2105
2107
2109
3
2076
2140
2153
1
2079
2136
2137
2138
2140
2078
2097
2134
2135
2
3
2073
2075
2077
2136
2137
2069
2074
2075
2077
2073
2074
2075
2067
2070
2071
2072
2137
2201
2
3
2141
2142
2144
2134
2135
2136
2142
2144
1
2139
2172
2173
2174
2139
2154
2155
2157
2171
2140
2142
2143
2144
2151
2161
2162
2163
2164
2165
2156
2158
2159
2160
2161
2162
2164
2165
2166
2168
2170
2173
2174
2132
2133
2167
2168
2169
2170
2169
2170
2174
2185
2173
2174
2175
2269
2280
12
2214
2225
2262
2263
2176
2177
2178
2208
2211
2212
2214
2176
2178
2179
2180
2181
2192
2193
2
2193
2198
2203
2204
2206
2208
2180
2184
2187
2188
2189
2191
2192
2194
2196
1
1960
1961
1962
1964
1972
2196
2199
2200
1
1960
2199
2200
2203
3
2199
2200
2201
2202
1954
1955
1956
1958
2201
2210
1953
2206
2207
2208
2214
2197
2198
2203
2204
2249
2250
2251
2252
1949
2205
2209
2210
2211
2212
2215
2213
2231
2246
2238
2239
2257
2258
2260
2295
2296
2297
1
2216
2225
2226
2227
2231
2218
2221
2222
2223
2224
2230
2232
19
20
2284
2285
2286
2287
2308
2312
1
2267
2271
2273
2274
2290
2262
2269
2270
2271
2289
2
2247
2250
2255
2256
2
4
2138
2259
2260
2267
2245
2254
2255
2256
1
2
2260
2265
2
2258
2259
2261
2264
2134
2135
2254
2258
1
8
2256
2257
1
2131
2252
2256
2126
2130
2256
1
11
2268
2269
2
2266
2267
2268
2269
2253
2263
2264
2265
2267
2264
2267
2268
2297
2253
2254
2260
2261
2262
2248
2252
2253
2
11
17
2268
2280
2289
2290
9
2266
1
7
2288
2289
2290
2292
1
6
2292
2
2100
2113
2244
2258
2291
2292
2305
1
2
3
2292
2294
2303
2304
2290
2291
2292
2293
2303
1
2299
2301
2291
2292
2293
2294
2297
2298
2282
2286
2291
2293
2317
2318
2319
2320
2323
2309
2311
2312
2313
2
2308
2310
2315
2323
2324
2319
2321
2322
2325
1
2321
2322
2323
2324
2325
2265
2322
2324
2315
2318
2335
2336
2338
2349
2351
1
2335
2346
2347
2348
2345
2347
2348
2350
2
2347
2349
2350
2343
2344
2349
2350
2356
2308
2309
2345
2348
1
2
3
2352
2353
2363
2352
2353
2361
2362
1
2360
2361
2362
2363
1
2289
2344
2348
2349
2362
2364
2525
2526
2363
2365
2521
2524
2517
2518
2519
2520
2523
6
17
2370
2374
2381
1
2
2359
2361
2363
2365
2366
2372
2363
2364
2371
2372
2357
2364
2365
2366
2328
2345
2346
2347
2349
2383
2384
2386
2327
2329
2331
2343
2345
2346
11
2364
2377
2379
2161
2162
2163
2168
2386
2162
2374
2381
2382
2384
2385
2427
2428
2429
2145
2398
2399
2400
2404
1874
1884
2398
2401
2402
2403
1
2
4
2368
2428
2429
2367
2417
2423
2426
2427
2
2427
2428
5
2426
2427
2428
2429
2438
2360
2363
2364
2426
2428
2491
2357
2361
2362
2363
14
2474
2476
2478
2481
2483
2428
2465
2468
2481
2482
1
2423
2425
2431
2432
2433
2428
2430
2431
2433
2447
2448
2452
2453
2455
2434
2435
2437
2440
1
2446
2448
2450
2451
1810
2447
2703
2704
2705
2683
2690
2691
2694
2
2461
2464
2466
2686
2687
2688
17
57
2528
2539
2683
2464
2525
2526
2528
2529
2683
2684
2685
11
2512
2515
2516
2549
2501
2507
2516
2517
2518
2520
2464
2466
2467
2
2476
2478
2480
2474
2477
2480
2482
2484
2474
2475
2477
2478
1
2479
2485
2488
2484
2485
2486
2487
2485
2486
2488
2502
2487
2488
2489
2490
2503
2540
2542
2500
2501
2502
2505
2520
2533
2535
2536
2537
2540
1
7
2519
2520
2530
2533
2534
6
2519
2521
2524
2526
1
2521
2522
2525
1
2523
2524
36
2522
2653
1
16
20
2572
2573
2575
2596
2597
16
19
2592
2594
2595
2518
2521
2523
2581
2537
2544
2545
2546
2557
1
2522
2533
2538
2490
2530
2532
2533
2534
2537
2546
6
2542
2551
2552
2553
2554
2555
1
2545
2546
2548
2550
2546
2547
2548
2549
2545
2547
3184
3
158
3180
3181
3184
157
3181
3182
3183
3184
3185
2545
2547
2553
2554
2555
155
156
3168
3170
3172
3178
2556
3130
3164
3165
3166
2548
2549
2550
2556
2557
1
2554
2556
2579
2580
2583
2586
2578
2579
8
9
2575
2576
2580
2590
2569
2570
2571
2572
2568
2573
2577
1
2577
2578
2580
2581
2579
2580
2581
3122
133
144
3123
3154
1
129
131
2591
3110
3111
3119
2590
3107
3109
1
2566
2581
2582
2599
2601
2602
2603
2564
2565
2567
2594
2601
2602
2603
4
2563
2599
2614
2618
2619
1
2
2604
2606
2615
1
2603
2825
1
2613
2595
2597
2598
2486
2612
2615
2616
2617
2618
2620
1
2617
2618
2619
2622
2625
1
2623
2624
2622
2625
2626
1
2603
2619
2622
2637
1
2601
2602
2636
2637
2634
2635
2636
2637
2638
2639
2
2597
2598
2635
2636
2651
2
2648
2649
2650
2651
2652
2654
2634
2635
2649
2650
2660
2644
2646
2650
2649
2651
2653
2655
2656
2658
2659
1
4
2654
2655
2809
3
36
2797
2798
2801
2808
1
17
2793
2794
2795
2798
2799
34
2791
2792
2798
2651
2652
2793
2794
1
2636
2637
2654
2656
2658
2672
3
4
2655
2656
2657
2668
2653
2654
2667
2669
2670
1
2
2662
2663
2719
2720
1
2662
2663
2665
2652
2658
2659
2718
7
2657
2658
2719
2720
2677
2697
2712
2713
2714
1
2696
2697
2704
2706
2710
2702
2703
2704
2705
2707
2728
2732
1
2
2707
2717
2718
2725
2728
1
2719
2720
2724
2716
2719
1
2646
2648
2713
2716
2778
2645
2646
2777
2717
2718
2752
2753
2755
2772
2718
2732
2733
2734
2735
2716
2717
2735
2736
2737
2744
2746
2749
2750
2751
1
4
2740
2741
2743
2744
2735
2739
2741
2742
565
566
2725
2727
2734
2735
2736
2861
2862
2863
2870
2871
2873
1
2737
2740
2862
2863
2736
2860
2862
2863
2864
2865
1
2
2738
2739
2857
2858
1
2738
2747
2748
2855
1
2799
2801
1
2798
2799
2800
2801
2805
7
2747
2751
2789
2798
2799
2836
2745
2746
2747
2753
2835
2742
2743
2754
2841
2752
2757
2761
2764
2765
2766
2748
2749
2765
2766
2767
2768
2746
2781
2782
2783
2784
2530
2531
2532
2533
2534
2776
2787
2781
2782
2783
2789
2792
2528
3041
3043
3045
2782
2785
2786
2787
2790
2791
2793
2794
2795
2797
2806
7
2795
2797
2798
2800
2806
1
2
3021
3023
3024
1
2
2797
2798
3022
1
2956
3017
3018
3019
2795
2799
2953
2954
2955
2802
2804
2805
2810
2811
2813
2806
2809
2939
2941
2950
1
2793
2797
2798
2799
2802
2816
2799
2800
2801
2815
2816
2
3
13
2810
2811
1
2781
2811
2812
2816
2819
1
2809
2810
2818
2822
2825
10
2824
2862
2821
2822
2824
2823
2839
2840
2858
2859
1
4
2836
2841
2842
2843
2845
2855
2839
2840
2854
2855
2856
1
7
2869
2872
2873
2847
2848
2851
2871
2872
378
2838
2841
2842
2843
1
2796
2847
2848
2858
2859
2924
2795
2846
2854
2855
2856
2785
2795
2796
2797
2852
2854
15
2856
2860
2862
2864
2855
2862
2863
2866
1
2
2877
2893
2895
1
2860
2861
2893
2859
2861
2874
2875
2863
2864
2865
2866
2870
2871
2876
2878
2880
2881
2882
2883
2884
1
2873
2883
2884
2872
2883
2884
2885
2
2884
2886
2887
2888
2890
313
319
2876
2881
2882
2893
2897
2881
2882
2883
2888
2889
2890
1
2847
2849
2904
2906
2900
2901
2902
2903
2905
2886
2887
2888
2889
2890
2892
2901
2845
2846
2847
2883
2
2902
2903
2907
2839
2840
2903
2904
2900
2905
2907
2909
2910
2918
2919
2920
2923
2925
2926
1
2888
2890
2891
2892
2909
2887
2888
2926
2930
2933
2934
2936
2923
2925
2926
2927
2927
2928
2930
2931
2938
2939
1
2933
2934
2936
6
2933
2934
2947
2948
2949
4
5
2945
2946
2947
2950
2952
2938
2939
2941
2924
2933
2935
2936
2937
2946
3099
17
34
2950
2953
2956
3085
1
2945
2946
2928
2942
2944
2961
2963
2964
2956
2957
2958
2959
2972
1
3
2954
2957
2964
2965
2956
2962
2963
4
2736
2975
2976
2977
2986
2951
2952
2962
2965
2966
2972
2966
2968
2969
2970
2971
2972
2974
2987
2988
2989
2990
1
2973
2974
2981
2982
2980
2981
2982
1
11
2989
2990
2991
2992
2984
2985
2988
1
2992
2995
3001
3002
3
2991
3001
3002
2959
2961
2996
2997
2998
17
2938
2939
2940
2996
1
10
2985
2986
2988
2999
3010
3011
9
14
3008
3010
5
3010
3011
3020
3021
1
2982
3009
3011
3019
1
2981
3010
3011
2980
3010
3021
3026
3028
3014
3015
3016
2998
3000
3015
3017
3018
3015
3016
3017
3018
3026
2996
2998
2999
3000
3022
3023
3024
3025
3027
3027
3032
3033
3047
3041
3043
3044
3057
3058
3076
2991
2993
3010
3026
3027
2985
2988
2994
2996
2919
2920
2985
2986
2918
2985
3050
3048
3050
3055
3056
2914
3049
3058
3062
3063
3064
3066
3067
1
3069
3070
3071
3072
3073
3069
3071
3026
3028
3029
3030
3032
3033
3069
1
2
8
9
11
1
2
4
59
1
2
6
1
2
1
3
4
2
3
4
6
7
1
5
16
1
4
1
2
1
3
2
167
2870
1
2
11
1
4
165
1
2
3
9
1
4
8
1
157
160
161
1
2
153
1
1
8
7
1
1
2
11
1
2
9
10
1
15
1
7
14
1
6
13
133
134
2
3
64
65
129
131
1
3
1
2
1
2
54
55
2
10
15
16
1
14
53
8
13
2
3
4
2
3
1
1
2
1
15
1
3
7
6
1
2
6
9
10
11
1
2
4
1
5
7
1
2
4
1
3
4
1
16
15
33
35
1
3
1
2
1
2
648
1
2
4
8
10
1
2
1
4
637
638
4
1
2
6
11
1
10
634
633
1
2
1
4
1
3
4
5
3
5
14
1
2
2
613
623
624
2
611
1
2
30
29
30
31
28
1
4
25
3
23
24
1
3
8
9
14
12
13
2
2
3
4
5
2
1
2
1
1
1
65
66
1
3
4
8
9
10
1
2
1
2
59
61
1
3
4
37
36
37
54
1
3
17
19
20
27
34
1
2
32
33
34
1
1
2
4
14
1
1
2
4
5
10
1
9
10
1
2
1
1
2
5
543
2
3
10
536
537
538
539
1
2
3
8
538
1
537
6
7
1
5
3
4
2
4
5
6
8
11
14
15
19
1
2
4
5
7
1
1
528
1
2
519
523
527
1
2
516
517
2
3
244
515
2
1
242
8
11
1
238
237
239
1
2
5
1
3
1
2
7
17
1
2
1
2
5
1
2
228
229
228
223
224
226
9
10
1
221
2
219
220
2
3
4
37
38
56
57
59
217
1
2
3
2
14
15
31
33
1
1
1
3
8
1
2
4
7
2
3
1
1
3
10
1
2
1
2
1
2
7
1
5
16
1
11
14
15
1
2
1
1
2
1
2
3
1
1
1
2
4
73
2703
3
1
2
10
11
1
3
7
8
10
1
1
2
1
4
1
2
3
1
2
20
19
2
3
1
4
1
3
2
1
2
3
2
1
6
8
5
3
37
38
41
1
2
33
34
36
1
2
3
16
1
34
1
2
1
11
1
1
2
1
2
3
8
1
3
5
6
157
1
156
157
158
156
157
2
3
7
1
9
144
5
8
143
152
1
1
19
3
1
8
9
1
2
1
131
1
2
66
67
77
131
1
2
130
63
74
75
127
128
1
57
58
59
60
2
56
1
16
17
54
55
1
4
54
1
2
3
1
3
1
1
2
3
4
1
2
1
2
1
1
11
8
10
1
3
7
2
4
39
1
37
1
2
7
9
16
19
1
35
17
1
2
3
4
2
3
4
1
5
6
2584
2630
4
1
2
1
2
1
6
7
2557
1
2556
2559
2557
2558
2559
2
11
15
2545
1
2
1
2
3
13
1
1
3
2
3
4
10
2
3
11
15
1
1
1
6
8
5
7
3
4
2531
2532
2534
4
1
2
1
2529
28
4
1
4
5
8
9
2
3
19
20
1
1
3
1
2
1
1
1
1
11
1
2
8
11
1
61
64
1
2
60
1
4
20
1
3
58
1
2
38
1
16
17
34
35
37
16
1
2
3
15
1
3
14
1
1
8
9
11
2
7
1
2
2463
1
3
1
2
2461
1
2460
2457
2459
1
8
9
1
2
7
1
2
1
3
5
18
1
3
4
5
15
16
2
15
3
6
9
11
12
1
1
2
3
8
10
1
130
2303
2304
1
127
129
2303
2434
1
2
3
126
1
2
1
124
109
111
6
11
108
109
1
2
1
2
1
1
2
1
2
5
1
1
3
16
2
13
14
15
1
2
3
13
96
12
1
6
7
11
1
2
6
1
51
90
2
4
5
1
38
49
3
18
36
37
38
1
2
3
4
5
1
1
15
1
3
4
14
1
2
1
1
7
5
1
1
2
9
10
9
1
19
18
17
1
2
3
4
8
7
9
1
1
4
1
1
1
2
1
2
1
2
11
271
7
8
9
2
5
1
3
2
1
9
10
11
2
5
8
1
1
3
1
4
257
259
257
258
260
1
1
1
1
2
1
39
38
2
3
5
6
7
8
6
34
36
1
1
3
242
241
243
2
3
2
238
239
8
1
3
5
6
156
159
5
1
2
144
155
1
2
153
154
1
3
4
1
18
17
1
3
5
6
7
9
2
3
4
71
133
134
2
131
1
64
65
68
1
63
1
62
1
2
61
1
3
57
2
1
54
53
54
1
6
7
1
5
1
2
1
2
3
1
1
1
2
4
1
2
1
2
1
8
9
1
2
41
1
4
36
35
39
1
16
19
35
1
2
3
15
34
2
32
33
1
2
3
13
1
1
1
1
1
2
1
2
5
1
3
1
10
11
2160
1
2
6
7
1
1
2
10
12
14
13
16
8
1
1
4
3
2147
2148
2149
1
2
33
34
2112
2114
2147
1
2
29
30
31
32
33
1
2145
1
2
28
1
2
3
2
12
24
26
1
2
9
8
10
1
3
7
1
2
3
6
1
2
4
1
2
1
1
2
1
1
2
4
1
62
63
2
59
62
2
3
37
38
1
2
3
1
1
2
1
2
1
2
1
2
2
3
5
9
1
1
2078
2079
2
2076
2078
1
2
3
11
1
4
10
2074
1
2
3
1
4
6
8
2
3
1
2
10
16
17
1
2
1
2
4
5
8
1
2
2056
2
4
2053
2054
2056
1
2
1
2
3
4
5
1
2049
2
1017
1018
1021
2
3
4
6
1
2
1015
1
1
2
3
2
3
1
1
2
5
1
1
3
16
1
2
15
1
13
14
961
1
2
3
11
1
961
1
2
1
6
7
8
5
954
955
2
4
37
40
943
945
953
2
17
37
38
1
1
949
1
12
13
1
1
2
1
2
4
8
9
3
2
4
5
6
1
3
2
2
8
11
1
1
1
1
18
21
1
10
17
1
2
5
9
1
3
1
2
3
1
2
3
1
3
4
1
2
61
1
5
2
2
3
8
11
17
54
1
53
52
1
5
1
4
3
1
3
1
4
3
901
2
3
4
897
1
6
1
1
2
6
8
893
1
4
1
2
3
1
2
1
2
1
2
247
1
2
12
242
241
244
245
2
10
240
241
1
2
3
237
238
1
8
237
239
1
4
5
7
4
234
157
158
221
223
1
3
146
155
1
3
6
7
8
143
1
3
4
18
1
10
11
13
14
1
13
14
16
19
15
1
5
7
1
2
4
1
132
135
1
2
65
130
131
1
63
64
1
2
1
2
1
2
55
57
2
10
11
15
1
14
6
8
13
1
2
4
5
2
3
1
1
2
1
4
5
1
10
1
3
6
9
8
1
1
3
37
40
2
34
35
36
14
17
19
1
2
32
1
31
1
1
1
1
2
1
8
1
2
4
1
2
1
2
3
1
2
4
1
2
3
4
5
1
2
1
1
2
3
4
1
2
2
3
1
3
4
31
1
30
33
32
1
25
26
28
2
23
25
1
3
4
1
2
1
2
8
9
11
1
1
6
1
3
4
5
3
1
2
3
1
2
1
2
1
65
64
1
2
1
2
1
2
39
2
3
37
54
55
57
1
18
1
17
20
4
6
14
15
19
1
2
5
1
3
4
2
3
8
10
1
2
1
2
5
1
1
3
10
1
2
1
2
1
2
5
7
1
3
4
2
3
17
1
8
16
1
2
7
15
1
3
5
1
2
1
2
3
2
1
3
2
1
2
1
11
16
234
1
2
9
10
1
2
5
6
7
8
1
1
2
4
2
17
1
2
6
7
15
1
4
1
3
2
4
5
2
3
10
1
2
1
1
40
58
218
3
4
5
1
2
3
17
1
34
35
1
34
1
2
3
5
14
1
1
2
2
4
5
6
7
8
15
1
2
4
1
2
3
1
3
3
2
3
4
7
8
9
8
9
1
2
3
1
2
3
8
10
1
9
10
15
1
1
5
1
2
1
2
63
64
1
2
61
1
2
3
20
1
1
5
2
3
4
14
17
1
6
8
13
1
5
12
1
2
4
1
1
2
1
1
2
1
2
3
18
2
5
1
2
16
1
3
1
2
3
10
1
3
1
2
37
38
2
3
4
21
37
34
35
2
15
19
21
1
2
1
2
12
13
15
1
2
3
2
12
13
1
2
3
1
3
5
10
1
2
1
2
160
1
2
1
158
159
1
5
158
4
154
155
157
1
3
4
144
152
154
1
3
143
7
8
142
1
151
7
9
10
17
1
2
1
4
5
1
132
134
135
136
131
1
62
63
2
4
61
127
1
2
1
2
5
6
7
1
3
7
9
12
3
6
1
13
14
8
9
11
13
1
3
4
1
1
2
1
2
4
3
1
2
1
2
3
1
7
9
2
3
6
1
1
2
3
39
1
38
1
33
34
35
37
1
2
16
34
1
2
3
5
15
1
1
2
1
2
3
1
9
10
1
2
3
7
8
1
1
4
636
637
638
1
2
10
635
2
9
634
8
9
622
633
1
2
6
7
632
1
3
4
18
1
11
16
17
1
2
9
10
16
1
15
1
2
3
6
7
1
1
613
1
2
3
1
610
612
1
30
609
1
5
29
1
3
4
5
4
1
3
6
9
11
1
2
10
9
20
21
1
3
4
1
1
2
3
1
1
1
2
1
1
2
6
7
8
9
13
1
2
60
62
1
2
5
40
1
56
58
1
38
55
37
54
2
6
7
14
16
1
35
14
1
4
1
3
2
1
1
1
579
543
578
1
2
3
9
2
537
538
539
540
1
7
8
539
538
1
2
3
1
2
4
19
1
18
2
3
8
9
10
14
16
1
1
2
1
2
4
1
520
2
259
515
516
519
2
255
257
258
1
1
253
1
2
252
253
1
3
4
2
241
251
2
3
6
7
6
8
239
241
1
2
1
2
3
1
1
2
1
2
3
6
2
229
230
233
1
224
223
226
227
1
2
3
5
57
60
62
1
59
63
1
7
1
2
6
1
4
5
38
39
52
54
1
2
6
19
33
35
1
2
3
5
1
33
1
1
10
11
13
1
2
10
1
3
7
9
1
4
5
4
1
2
3
9
8
1
1
2
1
3
4
1
10
11
13
14
15
8
9
14
6
1
2
1
3
1
2
3
4
6
22
83
1
1
1
2
1
3
11
2
4
2
2
4
1
2
3
6
16
1
13
15
16
1
2
1
2
3
1
1
6
8
10
1
2
4
1
2
3
39
1
39
40
54
37
38
2
19
35
36
1
2
4
14
15
16
2
3
2
5
13
2
3
4
1
2
4
7
9
1
8
1
2
2
3
158
3
5
10
144
155
1
2
153
154
156
1
2
1
2
152
3
4
5
1
2
9
10
11
17
1
16
1
7
1
2
3
4
6
1
2
134
1
1
2
132
1
2
60
61
60
61
62
130
1
58
2
19
57
5
6
1
2
17
2
3
7
9
9
14
15
1
3
4
5
1
2
1
1
1
1
2
3
4
14
1
2
1
1
5
1
2
3
4
10
1
7
9
1
4
5
6
1
3
38
1
36
37
1
17
18
19
32
35
1
4
5
15
16
2
3
2
3
4
1
1
1
3
10
1
2
1
3
2
5
7
1
2
4
13
817
3
2
11
2
4
9
10
2
1
2
1
2
1
9
10
11
14
1
2
1
3
5
6
37
1
4
2
3
36
804
1
2
34
35
1
34
31
1
29
1
6
9
10
11
10
21
22
24
1
3
2
1
1
2
3
1
1
1
1
4
12
67
68
11
1
3
8
1
2
8
1
7
8
63
1
5
59
60
61
62
1
4
38
56
57
58
2
3
37
1
33
34
1
1
14
1
2
13
1
2
3
2
3
11
1
2
1
1
1
2
6
7
10
21
1
2
1
18
1
2
3
11
16
17
1
2
4
14
1
3
4
5
8
1
2
2
131
1
4
125
124
127
1
2
5
3
4
3
6
1
2
3
119
122
1
121
3
6
7
8
116
1
1
18
1
15
17
1
2
1
1
97
98
107
108
1
2
3
9
10
1
9
94
1
3
90
91
92
93
1
2
5
6
1
3
38
39
37
87
1
2
16
35
34
36
1
14
1
2
1
1
1
1
1
8
1
4
5
6
7
1
1
2
5
6
7
1
6
7
1
4
1
3
18
19
1
2
11
16
15
1
9
1
3
3
1
1
1
2
1
1
2
10
2
6
8
9
2
4
1
2
1
2
3
11
48
50
2
1
3
7
8
9
1
3
255
256
1
2
252
253
254
1
251
1
252
1
5
4
37
2
4
5
16
17
18
35
1
2
34
36
1
2
33
1
33
34
1
2
1
2
4
12
1
241
1
2
227
238
240
1
2
3
6
226
5
6
8
1
3
4
2
157
158
159
160
223
1
8
1
2
7
1
1
2
5
1
2
3
4
1
13
16
17
1
2
3
9
2
1
4
5
7
1
3
2
64
65
130
131
1
133
1
2
3
132
2
61
1
1
15
56
1
2
3
14
5
7
13
1
1
1
2
1
1
5
6
1
3
4
2
1
6
10
1
3
2
41
1
2
4
36
37
35
39
2
3
4
16
17
2
6
15
15
33
1
2
4
13
1
2
3
9
1
1
3
4
2
1
2
3
10
1
9
10
2
7
20
1
18
1
2
3
1
9
12
1
2
1
1
35
36
37
564
1
34
1
1
3
3
2
9
11
12
13
12
22
1
2
4
3
1
1
1
65
1
2
1
2
10
1
3
2
7
8
1
38
39
5
37
1
3
17
1
2
1
35
1
2
1
2
3
7
9
11
1
1
1
2
4
1
2
1
2
3
10
11
528
2
1
2
8
1
2
5
6
1
11
15
16
1
16
1
2
15
1
1
1
2
3
514
516
517
2
3
4
5
1
2
1
2
1
2
3
507
508
2
4
1
502
503
1
2
1
2
8
1
4
5
6
20
21
22
1
3
15
485
1
1
3
12
479
481
482
1
2
11
1
2
9
10
1
472
476
6
7
1
5
37
38
433
471
470
2
16
19
20
1
2
3
6
7
15
16
1
14
33
1
32
1
4
1
3
1
2
10
1
3
8
1
2
1
2
1
3
5
1
1
2
1
4
6
14
15
16
17
1
2
1
2
3
2
5
1
3
1
3
64
1
3
2
3
4
55
1
2
3
9
11
1
10
13
14
1
1
5
6
1
1
395
1
392
394
1
2
391
1
2
1
386
387
389
1
11
374
382
383
1
3
7
9
10
43
1
2
1
1
40
1
2
3
7
16
1
15
17
18
32
34
2
32
33
36
1
2
3
4
365
1
363
1
2
359
361
362
1
357
1
2
6
159
1
3
4
5
1
2
157
1
150
154
156
157
1
153
1
3
6
7
9
152
153
2
1
3
4
3
1
2
14
15
1
1
2
6
1
3
132
134
135
133
144
1
2
4
62
64
1
3
129
62
128
1
2
4
1
58
2
10
11
18
56
57
1
2
3
4
6
7
9
1
8
1
1
2
1
4
1
2
3
1
1
7
1
3
11
1
2
1
2
1
4
8
39
1
38
37
38
17
19
35
1
2
4
33
1
2
15
1
2
4
2
3
4
13
2
2
4
6
7
10
11
1
1
2
1
1
3
1
2
10
2
3
9
8
9
1
5
7
1
3
4
2
9
10
11
14
16
1
2
4
1
2
4
34
1
2
1
2
1
1
1
2
3
23
1
9
2
3
8
1
1
2
1
1
3
1
2
1
2
1
11
12
2
65
1
7
8
10
11
5
6
1
2
3
4
1
37
39
1
35
36
1
19
1
4
1
2
3
5
1
4
1
2
11
1
2
9
10
1
5
7
4
2
3
3
9
1
2
1
2
1
6
4
5
2
1
2
11
12
13
1
12
1
9
1
8
1
2
5
7
1
1
2
3
1
1
1
2
1
1
2
1
1
8
1
5
7
1
2
4
19
1
2
1
17
19
1
2
3
15
2
4
5
12
14
1
1
2
4
1
2
8
1
3
6
1
2
4
3
37
38
1
2
3
4
1
16
34
33
1
2
1
2
3
4
2
2
3
5
8
1
2
1
2
1
3
4
3
1
2
3
9
11
1
1
1
2
18
1
2
4
7
8
1
7
8
14
16
1
2
1
2
1
1
2
31
32
34
193
1
1
6
1
24
12
15
1
8
11
1
3
7
10
1
2
1
2
1
1
1
2
3
1
1
2
3
1025
2
9
11
1
1019
1023
1
38
39
38
40
1014
1015
1
2
19
21
36
1
2
3
17
20
2
1
14
15
2
1
3
9
1
3
1
2
5
6
1
158
159
2
3
157
10
11
12
145
1
154
155
1
8
1
2
6
7
1
3
4
2
10
17
1
7
8
9
10
1
7
8
1
5
6
1
2
132
134
1
65
64
129
130
1
58
1
1
2
4
17
1
2
3
4
7
9
11
974
1
15
11
12
14
972
1
2
1
2
3
1
1
2
1
2
1
2
974
1
2
1
972
962
963
1
3
7
9
10
11
1
2
10
953
956
961
1
2
2
4
2
34
35
1
2
3
16
17
1
2
33
34
15
33
1
13
1
2
12
1
2
943
944
1
2
3
10
1
902
942
1
2
899
901
1
6
7
1
639
897
637
638
895
896
2
10
635
1
2
5
7
9
8
633
1
5
1
4
3
18
2
3
4
5
1
7
10
13
16
1
6
15
2
4
5
579
1
577
612
1
3
32
33
35
574
1
2
573
575
1
3
2
1
2
28
1
1
23
25
9
13
1
3
4
6
1
2
3
1
2
1
2
4
1
1
2
10
1
63
8
1
1
37
36
39
2
3
16
1
14
16
17
19
34
14
15
33
1
2
4
1
2
2
3
4
6
8
10
1
1
2
1
2
3
541
1
2
10
527
536
538
12
1
2
6
7
8
1
2
5
1
1
2
10
13
17
18
1
7
8
9
6
1
5
1
514
515
516
1
256
260
253
255
256
1
1
2
1
2
3
243
1
2
1
2
1
5
7
8
1
4
2
3
1
1
1
2
1
2
3
13
14
15
1
1
66
67
224
12
65
1
2
6
1
2
3
4
1
4
1
1
38
37
55
1
3
5
55
1
2
34
1
2
3
50
51
53
1
2
8
9
8
10
1
2
6
1
2
5
1
2
3
2
3
7
9
1
1
2
4
1
2
3
21
1
3
17
19
2
1
2
7
8
13
15
1
14
1
1
1
1
1
3
1
2
1
3
2
1
2
10
11
1
8
1
2
1
4
2
3
3
1
2
2
1
1
2
11
10
1
2
5
6
9
1
2
1
3
39
38
1
16
35
37
15
36
1
2
3
1
3
1
11
1
2
6
1
2
1
2
3
4
11
160
1
157
158
159
1
2
1
2
4
1
5
21
1
2
20
1
19
11
13
14
3
136
149
1
4
5
3
132
133
133
135
66
67
130
1
1
2
1
56
59
2
55
1
10
11
1
2
10
15
53
1
2
6
7
1
1
2
4
1
1
2
1
3
4
5
1
2
1
10
1
9
1
1
38
3
4
35
36
37
38
1
2
33
34
35
1
2
15
32
1
33
3
13
14
1
2
9
11
1
2
1
2
1
2
1
2
1
1
10
11
47
1
2
5
1
2
1
17
2
3
6
7
8
1
2
3
12
14
1
6
9
11
1
2
1
1
4
6
32
35
1
2
3
1
3
1
2
1
2
4
2
3
9
2
23
26
2
7
6
8
9
1
3
1
3
1
2
1
1
10
1
2
64
1
2
6
1
59
60
62
1
4
53
58
3
38
54
2
3
35
2
13
14
16
1
2
11
1
3
1
2
1
2
4
7
3
1
2
3
5
1
2
11
14
13
1
2
6
9
1
2
3
5
7
1
1
2
1
3
4
2
3
4
9
1
8
9
14
7
1
2
3
1
5
4
1
131
1
4
130
1
1
1
3
5
122
121
1
10
121
1
2
119
1
2
1
1
2
1
2
3
1
16
1
3
1
2
112
111
107
110
2
1
2
95
96
1
6
1
4
5
94
1
3
39
86
89
90
91
93
2
35
36
38
1
2
17
19
20
33
1
1
4
5
12
13
1
2
3
4
9
1
8
1
7
1
2
1
4
1
2
10
13
1
1
1
3
1
15
1
2
14
1
2
1
3
5
6
5
2
3
1
2
1
1
1
2
2
8
11
2
6
9
1
3
1
10
11
48
47
1
3
7
6
3
9
11
252
254
1
2
253
255
256
1
255
5
6
251
1
3
36
38
1
2
6
17
19
1
18
33
34
1
4
33
1
2
3
1
2
3
241
240
241
1
10
11
1
8
9
226
227
238
7
225
1
2
4
6
1
223
2
158
1
2
150
156
158
155
156
9
146
148
152
153
1
2
3
4
1
2
11
1
1
6
9
2
4
5
1
2
3
134
136
145
2
144
1
3
60
62
63
130
132
1
2
1
2
3
1
57
1
19
18
2
3
8
9
10
1
2
13
14
15
16
1
1
2
5
1
2
3
2
3
1
1
1
2
3
1
2
3
11
1
1
1
5
1
3
4
1
2
3
17
34
35
1
33
36
1
1
4
5
14
1
3
4
1
7
9
3
5
11
14
2
3
4
7
8
1
6
1
18
1
10
11
1
2
9
1
1
2
6
7
2
4
2
33
30
31
1
29
1
28
2
3
1
7
11
12
1
6
1
5
1
2
4
1
3
2
1
1
67
1
66
67
1
66
65
1
4
7
1
57
55
56
1
3
4
2
3
35
36
1
2
16
19
29
34
1
33
1
4
14
3
13
14
1
3
4
2
11
1
3
4
5
2
12
1
1
2
1
3
4
1
3
4
10
11
1
2
10
1
1
2
1
3
4
6
1
2
1
3
1
2
1
2
1
3
4
1
3
2
5
1
2
11
12
15
55
237
254
957
1
3
1
2
9
1
2
8
1
2
1
2
3
16
2
2
4
5
1
1
2
1
1
3
1
2
8
7
1
40
1
36
35
36
2
3
1
4
15
3
1
1
2
11
1
3
1
2
4
9
3
6
8
1
2
2
3
1
2
3
4
1
2
9
2
1
5
6
7
4
2
4
8
2
3
2
6
9
12
13
1
1
2
3
5
2
3
61
3
1
2
3
2
19
58
1
3
2
1
5
12
1
2
1
2
1
2
4
1
2
4
6
1
2
1
2
1
1
2
1
1
2
8
1
4
5
6
7
1
2
3
16
17
34
35
36
1
35
1
34
1
3
14
1
2
1
2
11
1
2
1
2
9
1
2
1
2
157
156
1
2
144
1
9
10
12
143
145
1
5
6
1
3
4
18
1
11
15
16
1
10
15
1
9
1
8
3
4
7
2
130
135
1
2
3
130
131
1
128
129
1
1
56
1
3
7
8
9
10
1
2
8
15
14
15
54
1
2
5
1
1
3
1
1
6
7
1
3
5
1
2
1
2
10
11
1
2
1
6
7
8
1
2
5
1
2
3
38
39
1
3
15
16
17
1
2
16
34
36
1
1
4
13
1
3
2
1
7
9
6
1
5
1
1
9
1
5
8
22
1
2
21
1
2
20
18
1
2
15
16
17
1
8
9
10
14
6
7
2
2
3
4
1
34
35
1
1
2
1
3
4
27
28
1
4
9
10
1
9
21
22
24
25
1
24
1
1
5
2
2
3
1
1
13
1
12
2
1
2
3
60
59
60
63
1
3
5
6
1
2
57
1
37
53
56
2
34
35
36
1
2
5
16
18
34
1
33
1
2
3
1
9
10
11
1
2
8
1
6
1
2
1
3
1
2
3
11
2
3
8
9
10
9
1
1
2
5
1
2
1
2
3
1
16
1
13
15
1
8
12
4
1
1
1
2
5
3
4
242
243
1
3
4
5
8
1
2
7
8
11
237
238
1
237
238
240
241
1
2
1
2
3
1
1
3
1
2
3
14
1
2
3
227
226
1
2
11
1
2
1
2
9
1
61
2
57
59
60
1
2
37
38
54
1
2
53
55
1
36
37
1
16
33
36
2
2
3
12
1
2
3
8
10
1
1
2
3
1
5
1
1
2
3
10
1
2
2
2
3
1
1
1
2
11
17
1
5
6
9
10
1
2
4
3
5
1
3
1
2
1
1
1
17
1
3
6
1
10
11
14
2
3
10
1
3
1
2
1
4
5
7
3
1
3
16
17
1
2
1
1
2
4
13
1
3
4
10
1
2
9
1
3
59
703
2
37
39
39
40
56
1
2
3
17
1
16
34
3
4
13
14
2
1
2
3
10
2
1
2
3
8
1
1
3
4
5
1
2
155
1
154
155
1
1
7
1
4
6
1
15
1
2
1
2
1
5
1
4
1
2
63
65
131
132
1
131
1
2
60
1
2
19
58
59
1
2
3
1
10
11
16
17
1
2
7
9
1
1
3
4
2
1
2
1
1
2
1
2
1
3
4
1
10
12
1
5
7
9
40
1
39
1
38
37
38
39
1
2
15
17
18
19
35
1
2
34
35
1
2
15
1
12
13
1
2
11
1
2
8
10
1
4
641
644
1
3
6
4
5
1
2
638
637
637
638
1
2
2
3
5
6
1
2
1
9
10
14
15
16
1
1
6
1
3
5
1
2
615
624
1
2
3
612
613
614
2
1
2
32
574
610
1
1
2
4
1
2
3
4
10
12
1
2
22
10
21
1
1
3
6
1
2
1
1
3
1
2
1
2
1
2
1
66
1
2
11
65
1
2
3
62
63
64
1
5
9
1
1
58
59
1
57
36
56
1
2
5
7
4
5
1
2
3
10
11
1
3
2
5
8
542
3
541
542
543
1
2
3
6
1
5
8
10
1
3
1
2
1
3
17
1
2
3
7
1
6
14
1
2
13
14
1
3
4
519
517
518
1
257
515
517
1
516
2
3
8
1
5
242
243
244
1
3
4
1
2
4
5
1
3
7
1
9
237
236
237
1
2
4
1
1
2
1
1
2
1
227
228
226
2
63
65
222
1
2
5
62
4
8
9
61
1
2
60
1
38
53
56
58
1
4
1
2
3
16
1
5
13
14
15
1
2
4
1
2
3
7
8
9
10
1
9
1
8
1
1
2
1
2
4
1
2
3
1
2
14
17
1
15
1
7
1
2
4
6
1
2
1
1
2
1
1
3
1
11
1
2
10
1
3
1
2
6
8
1
5
1
1
1
13
15
1
2
12
1
2
1
2
1
2
1
2
6
7
1
40
1
3
4
39
1
2
36
1
16
17
1
1
2
1
3
4
2
10
1
2
3
4
2
2
1
2
157
156
157
158
1
155
1
2
1
7
9
1
2
1
14
15
16
13
16
1
6
1
2
1
1
1
59
61
57
58
1
1
2
3
2
7
9
10
14
1
1
3
5
1
1
2
3
4
2
1
5
1
4
1
3
4
1
2
1
3
38
2
3
37
1
2
3
5
8
17
1
2
14
15
16
1
2
1
3
1
3
4
1
2
1
2
2
3
4
1
2
1
1
3
1
2
1
4
17
1
3
14
15
16
1
2
7
1
6
2
1
2
3
2
1
30
31
33
3
4
24
25
1
2
4
1
3
4
6
8
9
1
8
7
10
21
1
2
1
2
1
1
2
1
2
3
1
1
1
1
3
2
3
62
1
3
4
5
1
2
1
55
56
59
1
35
1
16
17
19
1
3
4
15
3
14
1
4
1
3
1
2
11
1
2
3
6
8
10
1
1
2
1
2
3
1
2
1
2
1
2
7
1
2
2
5
1
2
3
1
2
1
6
7
1
3
5
1
2
1
2
131
1
2
1
2
1
120
122
2
3
1
7
8
9
1
7
1
6
1
2
3
4
5
1
2
17
18
17
1
2
15
1
12
13
98
2
3
7
8
9
1
3
4
89
1
2
1
2
3
4
38
1
36
38
1
18
35
2
16
1
1
5
14
1
2
4
87
1
1
2
3
2
3
1
1
3
2
3
3
8
9
10
12
1
1
5
3
4
1
9
11
14
17
1
2
3
8
1
1
3
4
5
2
1
2
1
1
1
2
1
2
3
1
8
11
1
2
7
1
2
3
1
5
1
2
4
1
2
1
2
3
6
1
3
5
1
2
258
259
258
1
256
2
4
10
252
255
3
2
7
8
2
38
39
1
2
4
37
1
2
3
1
31
35
13
30
31
32
1
1
2
242
1
2
11
239
241
9
10
1
236
237
2
225
226
235
1
4
5
4
224
1
2
9
10
1
9
153
1
7
5
6
1
18
1
2
11
12
11
12
16
1
1
134
144
145
3
133
1
2
3
2
128
129
132
1
61
127
128
1
59
60
1
1
4
1
3
2
1
1
2
1
2
3
1
1
4
1
4
1
3
1
2
3
1
3
1
2
38
38
1
2
3
17
1
16
1
3
15
1
2
1
2
12
1
2
3
6
8
1
1
3
1
1
2
1
9
1
5
7
8
1
2
3
4
1
2
19
1
17
4
6
9
13
1
2
1
2
1
29
32
34
1
2
3
28
1
25
27
29
1
24
1
3
4
1
2
11
1
10
11
22
21
1
1
1
2
1
2
1
1
1
2
4
8
11
65
1
60
63
1
2
3
59
2
58
59
1
37
55
2
34
36
37
1
2
3
32
1
5
12
13
4
2
3
2
3
6
6
7
1
2
1
1
2
1
1
2
1
1
2
6
16
1
2
9
10
1
2
4
14
1
2
7
1
2
3
2
4
5
1
1
1
1
1
9
11
2
6
7
2
1
3
1
17
18
1
16
1
15
2
1
4
5
4
1
2
10
11
1
2
3
6
7
9
1
1
39
46
1
3
38
37
38
2
3
8
17
19
1
1
2
1
5
1
1
1
2
3
1
9
1
4
1
11
1
2
9
1
2
1
4
7
2
3
2
3
6
7
9
1
8
15
7
1
3
1
1
1
2
1
2
3
58
61
1
1
3
1
3
11
15
17
1
2
16
1
3
15
2
6
7
8
1
3
5
4
1
2
1
2
1
1
1
2
3
4
3
6
11
1
9
175
8
1
2
1
2
4
3
1
2
3
5
1
34
35
2
1
13
1
9
11
1
2
3
5
7
8
1
3
162
1
2
1
2
3
2
157
159
1
2
9
11
153
154
155
1
7
1
2
16
17
1
2
3
2
8
9
1
2
1
6
135
144
2
3
64
65
67
132
63
65
75
58
61
1
5
56
1
2
3
1
16
1
1
2
6
1
13
51
3
4
1
1
1
3
1
2
9
10
1
7
1
5
6
4
5
2
38
1
6
17
18
20
35
36
1
35
1
1
2
1
10
11
1
2
3
1
6
7
1
2
4
5
1
1
2
1
1
1
1
2
3
13
14
17
2
10
12
1
1
8
1
3
2
2
35
1
31
33
1
25
27
28
1
2
1
2
1
2
3
4
1
2
3
1
3
6
1
2
1
2
3
1
2
3
1
1
1
12
1
2
3
11
1
10
1
2
63
1
2
6
1
36
38
59
61
1
2
4
35
1
2
3
19
17
18
15
3
1
10
1
2
4
8
1
2
1
2
1
4
1
2
3
10
9
1
1
11
17
1
7
8
1
4
3
1
1
4
5
58
1
1
6
2
5
1
13
54
5
6
7
8
2
3
4
1
18
21
1
17
14
15
16
1
5
1
4
1
2
9
11
1
2
4
8
3
41
42
5
6
3
40
39
1
2
35
36
1
35
1
1
2
5
14
1
2
4
2
3
11
2
3
8
10
9
1
2
8
1
1
1
2
7
8
9
1
2
4
19
1
18
19
1
2
4
6
7
11
15
16
1
15
1
2
1
1
2
1
2
1
2
4
1
2
4
1
2
1
2
4
1
2
11
1
2
5
9
10
1
1
3
1
2
1
4
1
1
2
1
1
