1
1
1
6
1
1
1
1
1
1
13
5
21
13
1
16
1
18
3
17
3
16
1
18
1
27
36
8
1
13
12
32
1
1
5
25
41
1
1
45
13
1
43
1
35
1
1
1
20
1
1
1
1
1
28
48
69
43
6
55
30
1
1
38
1
88
1
1
1
53
84
89
15
94
75
23
97
1
47
79
40
70
99
1
102
38
85
105
100
103
16
28
1
83
108
26
1
26
118
1
1
130
1
123
127
122
1
125
113
38
9
112
1
73
1
117
55
1
54
78
120
98
118
1
1
30
99
89
1
126
140
99
1
132
31
1
17
60
36
165
41
71
31
40
1
19
166
158
1
98
16
1
139
54
5
58
1
145
173
97
161
2
149
78
181
58
1
183
24
127
135
1
1
63
114
1
63
1
151
70
162
64
46
170
96
204
101
26
179
204
63
1
1
188
164
46
48
22
1
175
31
83
199
1
191
12
28
1
144
1
227
108
147
1
231
106
94
1
118
161
157
14
78
1
226
70
241
177
163
54
6
1
180
203
102
101
164
127
165
232
1
173
228
232
149
256
180
165
122
55
220
171
109
166
48
1
237
15
38
54
2
44
210
187
13
13
214
40
1
125
1
210
61
275
235
235
97
180
1
1
39
1
69
281
268
290
294
130
262
126
102
217
266
1
266
173
75
86
39
1
25
1
51
254
262
36
303
1
118
1
139
1
187
1
290
3
1
192
231
89
104
302
112
184
33
16
107
11
175
1
202
1
1
1
1
333
147
173
305
220
178
322
163
1
1
29
249
94
244
1
69
18
126
107
91
270
224
188
1
285
274
214
144
278
316
360
77
157
69
156
361
192
280
12
225
74
1
156
247
1
172
34
1
7
145
109
383
80
177
312
350
86
332
52
76
130
278
151
293
73
54
104
89
378
17
339
298
358
19
196
1
329
11
34
316
253
287
38
1
312
53
167
280
398
113
1
1
357
318
190
69
370
255
156
348
287
316
411
108
248
157
419
387
61
313
207
247
221
55
46
255
228
245
148
395
396
343
384
219
236
399
409
389
346
75
77
436
1
1
301
177
342
94
314
1
1
422
220
441
49
1
306
192
131
95
407
426
88
225
203
450
140
244
203
459
460
52
428
268
339
158
408
403
1
260
283
1
24
7
9
308
92
44
440
44
210
210
111
1
184
354
233
291
388
54
163
484
412
155
101
391
1
181
176
293
73
389
205
127
196
81
198
19
209
31
260
24
144
222
486
227
334
74
300
404
134
374
27
292
452
254
48
454
232
108
1
436
224
107
109
277
1
507
178
466
448
33
208
129
399
1
399
347
365
8
21
34
419
53
210
384
1
85
293
53
405
227
181
154
526
482
290
91
1
37
1
161
248
233
460
1
174
489
61
470
131
100
352
506
31
443
43
250
1
487
70
114
197
1
349
501
7
430
55
1
243
197
284
30
339
52
260
114
268
280
50
344
219
117
342
401
1
219
514
132
492
66
457
363
140
281
205
107
54
185
525
301
370
453
1
234
500
134
380
443
285
1
129
61
109
206
73
383
120
53
3
1
1
261
123
341
6
578
509
456
457
106
288
102
241
536
528
23
384
559
245
589
328
471
431
269
475
551
540
409
558
139
327
250
487
423
262
25
1
93
59
437
302
1
146
386
91
563
522
128
191
401
180
420
84
157
6
301
1
474
15
413
347
32
52
576
349
557
424
425
483
429
507
338
504
626
326
284
53
239
567
82
12
615
346
372
441
638
227
558
121
508
173
429
400
619
620
466
1
328
349
376
450
211
8
455
306
73
602
1
623
582
49
582
338
153
480
15
614
155
189
557
90
589
338
204
596
229
90
575
570
550
334
494
19
643
604
128
473
56
627
446
644
389
521
83
503
94
539
513
218
128
254
333
565
661
19
1
512
504
49
311
675
483
365
1
335
224
646
509
74
489
456
27
409
1
585
700
209
680
421
534
267
642
302
1
1
676
167
61
69
457
395
179
221
5
384
515
1
348
66
679
600
550
701
315
303
555
17
47
523
318
1
1
291
444
522
472
272
628
397
103
25
446
542
555
105
603
133
209
17
256
402
12
529
551
443
280
118
4
289
2
495
140
3
547
8
449
681
294
55
200
534
305
425
434
553
402
462
642
73
83
298
737
190
553
703
665
223
6
628
188
743
645
447
657
6
93
341
565
115
163
248
690
579
226
97
620
54
257
319
481
703
105
259
695
149
495
734
735
156
250
513
403
482
37
125
296
264
327
238
336
99
458
1
747
108
655
718
727
195
68
315
448
230
21
728
14
696
756
693
679
560
522
390
612
141
744
638
482
726
136
159
277
355
274
273
495
519
50
425
670
583
21
102
29
704
699
1
343
70
38
183
535
789
309
434
1
257
642
635
526
308
765
774
58
11
551
390
291
432
385
1
1
128
124
16
551
331
444
1
14
128
205
113
42
90
483
484
474
717
718
172
359
668
802
179
124
657
135
372
144
14
595
301
70
740
741
20
625
800
190
821
162
655
769
57
191
788
526
95
467
596
298
79
187
763
710
636
74
384
806
400
691
130
318
496
275
65
357
175
144
25
657
746
726
355
771
342
141
52
705
672
634
28
83
263
59
469
435
94
734
760
748
85
321
172
736
495
110
343
754
1
539
646
193
396
654
829
349
767
768
443
89
735
157
217
864
698
673
106
141
17
97
389
256
58
203
96
714
611
318
244
528
243
137
527
127
192
860
821
434
379
409
756
841
368
41
884
110
503
165
580
510
6
334
43
565
777
253
36
726
692
86
352
84
675
309
341
610
683
799
679
120
757
818
8
430
431
75
853
457
413
792
793
79
496
869
216
593
660
351
1
117
326
476
107
584
166
847
470
23
627
464
529
902
833
684
298
404
42
336
1
299
613
105
26
541
731
873
457
432
891
563
35
798
434
720
252
877
895
585
724
890
34
167
472
447
855
1
162
560
90
797
245
773
422
115
157
543
742
112
440
858
55
129
243
767
251
439
86
670
900
109
829
350
932
747
671
404
590
724
29
872
413
382
353
823
747
146
653
202
71
167
637
770
573
855
222
913
633
471
287
684
457
136
52
220
284
145
590
757
610
787
908
39
44
228
701
157
927
8
643
699
448
763
792
507
512
346
17
895
372
717
281
840
814
886
773
333
787
788
919
459
803
524
532
767
668
132
346
722
893
277
416
417
687
477
924
530
182
92
399
882
813
72
728
478
854
179
22
833
160
19
799
612
26
703
274
915
512
880
31
501
35
904
181
636
550
175
255
980
28
195
565
806
321
970
793
1
399
208
122
916
352
111
198
802
927
257
733
764
438
459
518
226
832
414
397
216
925
715
662
513
341
532
849
97
921
513
827
514
987
70
413
62
295
247
809
524
295
189
533
696
763
288
99
637
716
389
753
754
209
812
459
833
208
1011
218
939
122
170
863
981
394
120
917
365
470
196
897
371
543
621
476
454
254
513
898
317
209
732
954
622
548
791
407
386
432
16
685
99
220
758
512
568
262
390
957
506
302
1002
967
28
823
953
149
912
302
1027
465
1021
206
905
383
868
400
362
606
951
868
53
126
134
15
942
456
920
145
1035
966
7
913
439
383
90
553
503
958
844
746
425
427
236
1
38
559
887
857
341
360
702
1004
927
50
408
189
966
204
648
738
592
703
428
979
3
152
941
880
270
681
682
258
309
821
165
193
1027
278
505
496
751
772
889
1010
1067
139
601
413
1018
902
653
32
375
1
710
1035
79
668
247
454
325
374
983
168
614
757
538
425
870
879
94
207
618
182
190
266
404
93
378
642
95
845
911
516
359
632
378
199
923
617
576
529
94
142
1003
103
1068
160
130
461
897
912
1039
646
151
128
322
89
561
1033
1075
242
1018
537
23
386
217
771
123
284
901
1026
331
192
212
1014
724
588
894
915
412
592
564
212
472
115
13
335
1074
975
7
578
870
1082
294
388
1052
1054
149
762
21
409
11
73
739
852
426
793
164
466
363
1096
832
344
86
1091
288
708
313
1103
751
690
18
500
131
383
220
55
1086
857
922
145
93
509
988
454
1103
569
518
80
1063
19
45
48
68
413
24
481
410
851
965
1037
386
824
2
816
345
136
286
824
565
333
953
300
923
1033
540
841
914
186
873
436
1
765
450
693
109
912
462
264
573
504
288
74
16
504
1123
1096
505
432
232
42
343
201
864
920
1006
983
151
734
1059
607
331
841
248
970
487
469
5
14
1059
403
298
1139
1049
984
449
974
810
212
384
430
1112
762
896
1020
51
990
760
255
561
32
238
1074
548
1079
547
571
1109
319
1046
525
632
630
1070
34
47
689
818
1106
275
1115
654
763
1
399
423
546
231
638
506
257
10
362
1064
483
34
1047
1077
823
729
350
1158
870
790
310
207
272
830
192
1011
740
769
508
418
972
1119
543
525
287
1139
1044
1045
1144
441
971
401
285
991
61
118
741
484
405
692
358
1111
1141
202
443
825
87
547
1006
554
64
794
666
240
484
10
302
61
579
757
224
354
348
359
1180
507
438
415
334
32
279
1063
1064
1179
186
994
1010
801
965
281
774
696
1048
153
42
956
992
996
158
221
89
1157
1086
312
1094
765
947
417
1014
66
470
1015
673
1056
177
187
296
41
1007
1153
151
569
515
900
751
580
1016
1063
196
300
486
249
306
1067
213
20
597
785
343
118
338
400
31
1107
960
1076
199
663
1175
1071
998
1005
167
884
262
1161
421
735
709
381
385
1049
407
879
1179
589
1141
283
845
1085
425
637
965
708
815
1092
1161
223
360
322
1019
1020
1082
526
437
26
953
720
718
1098
277
860
1194
822
1094
525
815
1173
188
469
332
424
1102
1147
1212
701
442
1037
1045
248
1134
505
1192
1207
79
500
552
1029
1030
198
1183
25
117
530
1108
123
639
775
940
1145
218
547
1071
614
468
613
157
1173
929
540
440
1091
218
753
900
786
159
97
178
1038
353
76
274
47
744
324
246
974
373
810
506
111
847
199
1195
991
171
696
433
504
229
805
966
486
999
800
766
894
239
738
417
177
1070
970
233
917
123
969
1058
862
426
678
1154
1134
1108
1092
341
966
860
953
280
866
672
1161
154
109
194
906
1133
1232
1169
1227
326
98
342
837
174
101
5
141
817
1122
295
486
1163
85
561
139
65
930
229
1086
824
285
960
809
242
48
540
632
1144
1145
340
155
1241
6
149
1070
395
699
1261
578
1106
1
781
1146
496
250
1251
561
998
964
61
495
922
381
5
662
1227
97
86
1231
388
996
243
462
821
359
310
90
601
999
70
737
471
250
776
305
202
461
1252
744
18
771
287
139
248
17
1149
371
677
101
402
1279
82
408
1026
40
1001
239
403
925
1135
511
705
206
404
577
345
517
242
518
153
73
100
774
685
624
336
260
922
611
348
296
973
1240
401
184
668
23
1024
183
13
926
908
766
775
449
981
799
868
940
39
1086
509
1
279
1122
460
231
388
1288
1005
1006
452
14
13
569
1000
512
1055
1178
19
369
444
1100
766
196
17
1078
232
1231
338
636
1023
1153
351
1090
237
972
1175
96
309
1085
1261
440
1026
233
1201
864
374
380
1110
813
462
798
578
134
948
437
739
1142
726
28
382
1116
544
1226
574
94
267
1222
1223
341
846
1196
87
745
141
548
334
408
351
652
114
307
159
44
862
698
1252
449
443
434
25
1300
391
610
415
415
562
980
299
141
659
1193
1113
26
20
945
1289
1304
1083
211
684
192
523
632
783
668
462
137
13
1228
825
339
467
516
338
51
491
281
599
436
300
901
536
513
809
488
7
582
1042
160
250
1130
1129
531
449
797
61
389
227
623
319
1
395
827
1198
490
818
290
390
1093
753
121
373
354
1138
1061
927
222
1213
1204
946
1045
1211
539
1230
586
527
547
958
645
1274
381
438
431
1191
1331
414
1122
1266
1100
22
587
1079
1307
1084
155
470
1196
1147
740
1344
369
1016
493
746
436
1040
853
41
412
889
1200
814
749
1155
8
777
1070
192
1317
399
778
245
144
1206
1109
533
619
569
447
658
124
1147
413
1221
988
529
1075
391
236
1002
207
1241
721
1310
556
485
207
436
196
799
182
331
66
26
1190
1285
334
347
721
1165
78
1209
451
865
370
234
670
3
828
1057
1195
184
261
800
901
416
1014
205
689
663
1167
682
160
1151
511
1008
632
484
1031
1347
89
362
81
8
1096
569
587
479
1204
558
991
1191
277
92
2
472
778
1222
1015
110
319
765
1251
1327
1191
1328
1093
1223
404
906
60
1370
948
1038
1025
173
169
985
878
486
355
45
1023
1207
385
1289
1157
25
1352
596
724
1296
1292
22
846
1351
326
38
610
1059
103
1076
316
333
75
976
562
1379
63
71
936
518
1247
777
699
766
288
1106
826
424
126
1084
379
1052
1119
96
764
1175
541
104
601
428
1270
857
463
548
652
93
560
157
137
369
459
582
1272
933
173
567
1062
1262
1114
215
122
1389
686
113
1197
406
688
395
1311
81
681
501
1064
597
684
42
1379
69
787
260
1375
1120
35
1116
142
756
319
1130
1315
302
1293
1082
25
1018
1083
914
481
456
160
366
855
1311
319
937
517
190
1206
870
96
601
911
1099
131
1372
1282
101
116
989
1051
1342
90
1277
1131
544
715
1104
768
327
1266
520
285
1165
1215
638
788
729
318
1029
678
1352
834
386
947
654
27
70
943
814
470
898
1007
341
590
568
1191
1412
897
1022
1292
171
204
311
1322
108
662
1387
1388
396
425
846
889
1395
661
1243
15
930
118
147
1009
1117
1168
450
249
223
985
934
30
737
1295
708
918
1338
1339
1284
1415
1346
555
502
98
479
1399
1126
462
1429
666
726
454
544
1232
114
222
967
902
1317
436
452
285
37
89
683
36
164
186
1347
613
783
1054
713
51
839
1432
1370
629
1357
1037
564
205
1199
63
803
1245
1317
1278
1230
273
784
23
372
875
582
1063
68
142
386
1004
1373
286
20
18
1335
521
431
1429
1142
388
424
383
1066
155
455
213
1083
738
836
1158
984
132
2
1214
1116
897
1384
668
317
440
261
6
211
339
1121
81
1290
102
1321
1292
1248
1079
1231
57
590
555
577
999
105
178
354
378
13
1323
1148
1258
991
56
879
342
197
61
149
77
511
1181
892
492
1342
1438
134
584
335
1170
1315
1378
648
1185
1186
794
1204
61
559
112
484
49
628
508
1456
773
1038
56
526
736
69
46
52
296
344
1436
110
172
980
356
9
1146
415
1058
1026
1041
1386
620
1165
1339
849
18
414
576
1473
982
444
89
1236
769
816
310
803
1017
503
644
625
1348
571
743
1012
9
194
1036
1393
1360
684
251
992
398
936
136
44
452
1136
204
360
954
1052
58
459
372
1284
1285
861
1222
547
566
1203
187
311
1459
227
466
1058
1162
21
66
211
351
703
1205
1296
1286
882
1137
12
64
201
294
1128
1487
1093
271
394
1455
642
1297
340
1154
229
192
1268
311
342
995
190
166
1446
253
190
864
192
872
396
1202
828
1485
132
322
16
651
48
522
456
80
277
638
613
79
59
330
16
389
628
1284
479
443
352
8
1214
398
1404
864
1376
931
1371
342
1382
955
726
10
985
929
754
635
1407
440
813
983
887
1298
783
650
19
670
129
169
243
680
384
1501
428
935
673
762
99
515
456
361
712
878
332
1417
1257
581
701
345
767
410
755
655
884
1037
1158
824
68
149
260
958
1267
945
1454
670
942
1336
1
1174
530
1055
717
265
954
968
194
424
572
27
1160
200
1311
927
124
1028
520
308
1475
801
1019
742
611
420
716
1141
736
219
766
1002
1302
588
851
1305
729
188
1402
1281
657
1408
383
137
468
1163
1351
1166
213
686
1123
1240
231
1487
562
131
309
560
146
1011
437
1328
891
1437
1305
142
849
1007
203
1220
105
81
1139
78
974
868
1439
378
827
798
1270
419
664
1246
424
337
1366
1219
52
347
383
1403
145
1401
1483
789
722
20
438
367
1223
560
86
1060
1169
901
428
73
1332
1254
1148
448
515
113
559
823
1141
1271
116
329
1003
1254
83
640
422
1422
596
678
1040
193
1512
1534
398
1372
646
168
1419
1219
668
1469
439
1095
681
1340
892
530
727
983
246
31
1168
248
881
413
1089
1097
27
227
733
1342
433
1106
154
1237
1238
318
1427
1542
1346
370
677
1247
379
898
248
1411
237
1142
1516
843
1066
220
506
1256
1058
395
1384
1409
1201
778
827
790
339
1140
260
840
698
626
1274
373
41
1530
1171
543
161
988
1227
73
745
761
16
348
867
24
805
556
449
525
22
1002
124
75
1534
164
581
287
814
431
507
1061
126
310
1205
462
1514
1170
1312
701
1557
1511
783
691
481
401
1176
1214
1009
969
194
230
1073
1520
1374
1502
1074
428
386
353
1360
825
761
144
507
1481
393
225
88
737
46
475
1081
206
1364
1372
1111
202
1058
1266
1248
1550
1570
1571
1165
291
7
1377
1299
1030
417
16
205
597
914
743
1270
1236
1489
1346
1347
236
137
725
279
1002
1389
1036
182
1493
1
127
1221
684
457
144
1554
73
834
1286
516
261
916
122
485
1564
985
563
629
490
858
1504
99
1311
533
1096
333
349
438
1311
836
313
860
921
1400
1509
1145
1562
1105
559
862
1591
416
22
1545
500
1041
430
1389
1343
1319
1256
1138
1294
1523
815
911
1484
1045
130
622
474
183
431
1571
110
221
312
363
1
1493
279
1415
100
182
848
1604
208
1331
1426
1212
350
87
1133
1418
1546
1076
788
594
1306
1307
610
963
249
1488
1397
1214
1059
1285
118
845
588
483
28
251
154
756
549
460
335
1030
1101
1024
24
1397
476
1341
951
1111
1588
185
444
849
1146
620
1210
81
696
1185
181
1410
1504
494
1272
660
835
21
1130
1021
968
1134
1601
1013
1502
1059
365
347
1296
1169
1350
526
682
1323
654
1626
520
230
882
166
899
813
381
750
166
1030
1514
858
346
296
554
464
65
444
1138
560
98
978
38
113
1517
1242
1275
813
95
1330
170
1614
1013
1417
155
1040
307
1440
21
1204
515
529
313
1331
1090
816
1308
1476
54
770
508
790
713
1639
252
480
318
1255
1161
143
502
1527
996
1251
100
645
364
42
74
692
1122
698
932
945
374
579
988
149
298
1190
354
503
362
738
553
1252
638
576
1191
993
34
99
653
102
1130
14
1564
244
369
290
327
59
33
779
1343
476
1627
1600
635
1263
753
1568
319
226
376
20
885
1461
162
511
339
1536
897
1136
855
1094
770
1545
408
216
165
1075
1106
945
46
243
532
36
643
589
1059
207
962
1468
1088
247
32
1635
1536
1085
1503
1499
1384
292
307
84
1631
1632
229
1359
878
1643
1037
678
823
834
770
13
82
1436
155
1600
382
347
526
39
1665
326
440
689
1392
122
1365
45
1649
391
424
1106
858
1020
234
1028
434
793
583
522
1101
1522
84
1558
519
747
360
1110
842
1042
625
1304
119
46
871
913
1560
62
1556
1077
478
321
917
1402
993
315
895
1563
1659
550
812
982
660
1492
947
1618
1225
1412
549
206
85
1568
1569
426
788
858
747
613
1020
1373
1509
1570
1666
1242
989
1075
1031
265
672
1196
757
707
1687
829
439
1625
855
1661
530
1690
735
892
839
811
82
1577
1128
1692
828
901
457
666
184
1505
1268
1162
1202
312
7
1303
267
972
1054
618
86
1667
232
1220
373
897
474
474
1516
76
972
1192
121
1668
1395
1679
427
806
1186
567
257
1190
1267
1268
713
1013
1587
1683
757
1663
1211
1516
881
874
349
1625
1621
1478
557
188
239
393
346
427
996
882
296
1520
133
583
383
452
1451
362
1709
776
149
179
973
1493
152
900
1384
1183
1684
1685
1544
98
997
124
1634
389
572
801
747
1454
126
70
1223
678
667
691
1220
345
937
938
911
634
79
10
331
672
69
268
100
1036
114
779
126
217
334
1007
1338
901
934
1677
1639
1692
1693
557
1191
88
1067
1560
973
1228
91
395
799
97
510
485
587
783
1052
493
1337
1534
1271
1639
1283
1110
1159
790
648
40
908
76
1364
484
1102
1140
26
1537
1066
211
206
255
992
1465
1646
687
1425
1614
357
818
129
1110
1541
633
1445
927
1159
1542
887
902
811
1102
325
287
231
745
1215
545
700
1101
266
784
963
1531
960
218
508
1406
461
1206
1429
722
772
1409
1256
1610
972
462
811
1504
1505
927
888
665
1201
193
569
1337
637
1232
1735
1617
572
918
1063
95
1099
1383
1377
886
1623
1624
1625
475
609
189
436
796
7
484
334
31
315
627
1272
306
540
589
172
648
986
188
1367
849
1113
1438
1256
1695
202
582
1555
790
127
1515
2
1631
1132
1746
609
160
1010
236
552
327
1252
351
69
521
56
1667
859
201
1626
854
1633
777
407
536
377
205
347
911
842
793
615
33
128
1188
1136
367
1214
1264
127
1159
1278
454
1562
955
1637
646
282
367
200
1267
1408
1421
1635
1134
887
268
766
759
230
1260
893
975
1533
479
929
646
1213
1070
1165
1387
1092
1068
1403
312
1343
942
595
1567
783
152
845
1175
1101
1394
1333
667
1287
187
1266
866
1218
882
1364
178
732
854
1447
60
409
1134
827
1143
654
327
482
2
134
1267
511
1694
1431
1414
1760
524
1537
129
1668
768
1090
1382
345
112
617
334
973
1182
1648
215
1553
113
1473
315
896
665
20
1684
1061
1685
219
384
595
473
253
1659
235
14
752
1644
1388
1126
869
1352
1243
51
466
187
1655
366
687
1035
1100
282
1217
189
1033
124
1116
640
960
1391
1412
771
1299
40
1375
1412
875
1259
1339
469
1772
491
597
536
978
688
701
1216
919
1343
1047
179
1154
1025
866
54
77
235
1169
248
1087
806
1654
668
385
672
223
645
779
1316
1361
828
240
1660
49
590
970
1110
491
1108
1426
153
1283
986
1696
1091
1282
1731
1739
632
1392
15
170
1563
452
1046
606
858
1432
492
174
1718
1318
745
1719
254
1785
316
1670
190
918
1128
1786
1403
923
546
537
13
52
1120
679
710
1291
4
1262
512
512
1153
1366
1312
1342
1691
895
342
457
1392
1535
1680
402
1741
1334
294
1491
226
611
1389
158
968
1177
471
363
806
142
209
559
317
126
1726
1358
751
225
968
655
1400
3
421
419
1037
1752
799
89
1532
208
705
1222
1145
1753
1680
311
1754
143
1173
1204
1716
755
1368
924
116
1028
921
733
20
112
1683
777
889
966
456
398
1130
942
438
1164
953
820
1288
1751
436
1008
1680
435
937
824
115
1129
431
490
1800
1523
569
1289
512
867
30
1470
290
1355
1483
786
662
1720
1647
250
1337
19
1223
1324
1721
930
1486
1428
1094
698
965
1411
1454
341
950
615
990
903
854
829
1309
704
391
836
365
1456
1219
1167
1515
687
595
538
838
1183
636
572
404
1413
1692
1080
654
332
1544
1277
1760
1698
786
382
1340
187
1620
170
1177
1424
1313
437
882
1695
807
1176
661
558
72
1039
1522
1787
535
144
852
1697
1583
639
1196
471
1119
527
124
1200
1435
577
850
957
175
1260
1775
232
862
1736
712
11
1777
4
1016
548
1820
1739
545
67
1820
1702
1782
158
1025
644
572
372
468
759
1100
300
307
892
101
1743
1246
469
1784
514
543
417
47
1159
496
1709
1711
1826
1245
124
745
1747
380
1670
1749
516
441
1807
1647
793
1131
352
1031
361
306
594
1355
111
1751
1718
1337
1017
1726
839
1834
1794
32
769
1523
1653
1678
1757
809
957
223
506
903
1798
1494
488
507
1344
842
1721
82
948
1670
166
890
1276
279
626
318
1801
1191
831
1819
522
694
730
886
1543
1094
6
185
355
1843
800
1307
780
32
61
1207
1627
1845
1249
1437
372
215
395
924
1420
243
1846
521
776
1296
829
337
1273
682
1240
1784
1734
125
1018
246
1201
493
67
1541
1402
1691
756
1578
160
961
812
1827
1173
812
1099
1520
1051
1030
625
333
509
1161
1434
85
1853
1403
645
67
1778
91
925
1625
1421
1281
389
1483
1253
74
1153
1330
1854
982
144
1245
205
1792
1856
1474
38
992
1816
1426
612
991
1427
1372
938
796
433
1075
348
842
1746
1532
1821
397
277
306
576
1431
286
1091
1750
1180
860
321
1739
1207
791
998
868
14
574
1714
1555
1370
727
244
947
979
387
973
282
1012
1371
342
234
1043
1411
1748
843
1111
1443
1082
1749
536
1750
172
1751
1752
126
1753
1754
1755
1331
121
443
47
765
1372
1756
1504
1638
1661
1655
355
696
1757
1560
1730
1299
1190
421
41
553
1758
1058
1759
435
1760
997
70
1761
1244
903
175
1340
1762
1763
602
473
307
142
157
565
1634
1764
1765
1766
535
1153
1767
1768
1769
950
1026
1770
1771
1691
1572
1772
1512
708
841
1070
572
166
651
1773
323
1439
1687
1183
120
377
1118
1774
1775
1280
492
1663
231
1446
467
1776
720
476
605
1555
1598
559
1777
221
1640
948
1562
1191
1778
1779
81
1173
310
513
1780
1422
1732
1781
320
1782
384
904
1041
1440
1783
27
284
98
658
869
343
1499
1784
358
1692
1123
84
1050
857
1448
186
1632
568
854
853
22
386
964
499
1255
564
1431
338
115
1620
1140
1197
1785
1686
1786
403
762
952
1787
926
968
515
1047
1788
707
1086
566
1648
1019
1032
1089
1789
1740
1278
298
1734
258
1790
538
1664
1227
1791
1728
1326
297
311
1792
548
1793
983
1794
1795
1232
437
287
1515
1678
1346
113
1796
1797
550
813
1609
1
2
1096
1853
435
1677
304
1678
1679
1680
1413
1791
1549
581
1830
1203
1452
1931
1125
624
1365
1216
494
1224
1097
680
1449
963
800
1456
872
506
1932
1933
468
967
1823
1807
41
1519
1140
1153
1210
1361
1447
1799
765
953
1136
1092
1767
1754
1722
1252
1781
1067
1395
1742
591
534
1163
1945
1266
1946
1928
1752
1605
1654
1429
1256
1832
1334
738
1417
1771
983
1772
1531
1426
698
722
1363
1364
312
1652
1625
1605
1577
1606
1954
1955
1956
1957
1466
1467
766
1494
803
1738
970
337
1662
405
77
221
1667
1158
642
1739
1715
1740
1542
1093
352
943
1052
1401
244
40
1042
1550
307
1471
1552
347
308
1386
1901
1264
505
1645
305
642
541
640
816
15
306
636
1231
307
225
1502
1202
187
308
309
1615
604
511
310
696
482
311
965
1371
213
312
314
932
978
820
25
242
313
901
546
278
408
314
1247
1421
58
633
740
579
1564
1627
1604
668
1287
414
225
680
1399
410
315
957
1126
1266
106
1544
1346
165
914
250
316
147
317
211
1066
1132
123
1229
318
1813
763
1935
1787
1936
1827
250
1324
536
774
979
315
1808
1914
1814
1937
1511
369
1938
1939
1120
1940
1941
1133
1942
1943
729
1944
1713
545
945
1415
3
714
246
1945
627
850
875
1119
815
1228
935
1946
742
931
1711
1046
336
1305
1947
626
164
7
1948
1949
1728
735
37
800
1496
21
814
380
59
306
1497
97
1028
1259
100
995
286
466
35
2
1498
68
1302
1929
1930
1931
1932
1940
712
324
631
266
590
524
131
112
713
468
927
73
1248
92
395
126
273
40
976
60
169
852
853
1482
939
1805
557
1649
960
1178
1781
1979
1688
1980
1847
222
993
490
817
1981
1982
1983
1538
1852
1984
1600
1734
1985
1986
1802
1175
1987
451
792
1988
333
402
1826
1739
412
649
1989
1155
531
1856
235
1093
166
1100
1990
1991
249
698
1992
131
1490
253
1993
1994
1446
1995
1996
1813
1861
466
1997
1099
1163
193
1378
63
1998
1999
2000
1317
1407
1528
804
596
1743
338
937
2001
1166
668
262
1514
2002
2003
1776
22
2004
1031
1783
2005
1678
862
1731
1387
1752
563
1213
2006
1809
981
701
1651
1694
2007
2008
655
2009
2010
1551
1736
1044
1658
1433
1077
15
1747
1648
1355
1269
406
1314
2011
97
932
847
1467
1828
416
2012
1714
1786
645
122
1613
1475
480
111
1000
1137
641
833
1536
1879
186
112
380
6
296
5
29
316
2013
965
2014
2015
1598
1432
346
1880
2016
1219
1146
1544
2017
1713
760
1290
283
508
482
807
761
507
605
474
1527
64
1236
1293
1798
1881
2018
1825
2019
1034
16
1048
1883
1022
1064
2020
1884
1090
1494
1362
1182
662
1744
1115
2021
1185
1374
185
634
1336
600
1323
1824
2022
393
2023
2024
2025
501
2026
2027
2028
2029
1079
181
1328
2030
383
90
11
306
1430
1735
52
1746
646
909
527
1772
265
1317
1896
1353
1099
1897
1146
1
88
889
1993
1997
1196
48
1298
1299
1998
1999
1249
1378
592
951
182
73
1811
7
777
1941
1698
371
1946
1321
19
362
2000
2001
2002
2003
946
1949
1467
466
32
52
1815
491
1489
1818
1819
2004
310
1450
226
198
1690
1137
1821
1822
1641
2005
989
2006
2007
2008
1960
2009
1126
1721
1372
95
707
1963
1623
1034
64
2010
296
1761
965
2011
9
1769
1485
877
180
725
277
1696
1004
1069
1393
25
1430
1391
1229
1274
807
376
346
853
1097
42
256
2012
2013
1558
1840
1179
1438
194
1688
2014
522
910
555
327
1759
1487
1758
1978
1742
459
1008
1844
622
1704
1075
2015
1740
1445
905
1283
1983
1984
2016
1849
2017
2018
50
266
12
1370
1732
1078
221
1615
269
1616
309
1617
426
605
1111
1215
1144
1762
2008
1548
1130
1792
1330
683
1345
989
1378
2031
1860
1399
1817
1818
983
1819
363
952
1252
1662
1011
1663
1242
1664
1617
1990
1991
1
1992
1993
1874
1211
545
1994
1130
1106
1995
1996
1997
1960
1913
1957
1356
1812
1679
764
1428
865
1958
1492
10
1959
666
871
207
1530
85
990
1613
405
93
40
353
1960
1317
1033
5
443
305
140
153
1593
910
1320
480
1687
1735
488
91
950
915
1961
657
67
63
1213
1661
680
1542
1191
1226
1833
921
1040
904
9
1962
148
1657
1261
879
1087
1399
575
649
1532
273
1963
983
1307
111
1050
1344
942
1885
721
786
1392
1702
1660
1526
354
1011
930
707
2
116
170
114
1964
436
382
589
681
534
1401
793
145
637
896
1156
1053
1059
752
1208
228
508
474
1296
1202
137
1648
1096
1304
359
1284
1316
1592
1620
1965
874
412
2058
1244
2059
492
2060
2061
2062
1078
2063
2064
1790
2038
173
511
1483
1484
542
1217
132
1870
1683
1871
828
1236
1693
1348
1360
516
1895
2102
2103
1796
2021
1045
2022
1542
1672
1624
1646
1442
1823
1765
458
1156
1776
2123
2124
2125
934
1444
2037
2038
1198
600
2039
1829
2040
1282
1706
65
802
999
2029
1106
2123
479
367
1905
582
1728
1848
1849
1752
1850
852
1678
1851
1852
551
591
1853
2063
1994
239
1821
1400
747
1896
369
571
1078
203
1025
1288
677
617
2085
512
2086
2001
756
1231
1925
203
292
623
626
881
520
339
627
1062
143
982
712
1264
354
1247
349
730
1320
119
906
347
441
1348
137
300
296
12
941
628
80
436
1498
432
629
630
1301
1033
513
1444
1503
1356
918
14
1532
1226
449
851
398
457
190
311
631
510
513
632
103
236
1159
1825
1160
100
885
1483
1826
1290
669
54
103
671
990
1105
289
1827
179
161
680
1296
1216
1497
1818
1435
1312
1828
1829
470
1339
675
1830
1531
135
1334
1831
195
664
1185
1832
314
1833
1533
209
1447
156
1535
1207
837
191
1179
247
109
1168
68
125
714
1672
1124
855
1834
1078
1765
1835
841
129
1056
259
1836
1676
1155
1677
1085
810
1837
1727
1838
1636
1637
586
561
1622
406
844
346
1839
1840
1639
425
212
1681
1841
1099
1842
1490
1409
918
266
1065
14
1843
1844
241
891
1845
1846
494
379
1372
491
1612
1258
616
1847
1336
1848
1148
938
590
1196
1506
94
1849
903
1444
323
64
1850
146
110
1330
348
464
571
511
732
253
210
273
316
324
26
24
132
399
35
897
310
1086
1851
901
240
607
393
485
756
185
338
597
233
341
1394
258
914
301
385
806
623
1001
276
71
1852
1318
418
1188
1853
1006
1452
900
16
1644
923
859
57
1767
1762
2047
665
960
974
19
1871
1949
1533
25
224
2089
2090
1597
2091
2092
2093
2094
2095
1846
2096
2097
1674
766
363
1988
669
452
71
2085
826
2071
2072
2073
256
645
1662
2215
2216
2217
1239
2218
1123
1633
219
2219
1599
2220
1271
2221
2222
946
2223
2224
613
2225
1583
1427
1478
585
463
39
100
2226
1084
2227
869
763
12
2228
1457
2229
575
1150
647
1795
1663
616
1773
933
