1550
9988
9364
6614
3802
20
3862
2075
3899
9174
3607
3855
691
3881
3743
2626
3246
1633
4864
4524
6316
8381
10225
3475
5608
3878
3895
3679
3745
2188
8445
3833
3396
481
3773
3913
320
2645
10375
623
2710
9999
4913
97
5323
3322
342
9859
4867
3372
3836
4271
7894
3766
195
7382
4412
9574
6497
5850
10479
4026
1936
6779
9598
4277
4457
9396
4415
6319
8511
3419
6772
6255
6823
2032
6224
3356
2029
7846
705
5765
701
5571
350
819
1038
844
4463
6749
5559
6877
10071
7345
3669
3774
8295
6082
5974
8569
3358
8704
4491
9336
1646
5461
3365
4949
7896
4268
6775
10426
1253
8946
5565
8278
673
3823
3309
3299
3376
3416
3402
3327
5577
4885
3336
3486
3339
6928
784
3648
4905
3531
3413
3621
3593
7886
4649
3625
4453
554
3804
4211
3784
3493
5842
108
8598
3661
5660
7821
3349
9610
310
8238
5819
10135
3530
10231
6214
3477
3956
3471
9110
1169
3576
3243
3751
6742
173
3935
10470
3454
5877
3444
3463
7823
3555
3791
5910
3820
3793
3513
3425
8201
3426
7494
3871
3918
3830
6035
4986
5327
3876
10212
3914
590
117
3430
10421
3434
5909
5449
5028
9693
5696
3798
6058
55
3709
3560
6083
7111
3520
4049
9986
10295
3817
3420
3637
3514
3936
3332
3366
4416
3905
3906
3478
10218
3310
6780
4329
3584
3728
3957
3367
3796
650
7913
6825
10201
5292
7368
761
2804
1400
4438
3634
3583
403
3497
10411
942
9996
9195
7990
1982
1652
2185
8520
3441
3457
2643
2672
9293
7146
2479
3569
4718
4947
10452
7281
4031
3492
8468
783
6820
4786
193
7404
4502
3731
947
3888
2979
3874
3251
1437
8576
8718
3944
1523
3790
3847
3219
6108
157
994
754
5896
1271
54
3891
7491
5883
1718
3461
10477
3868
2477
6362
9137
520
4477
9709
4781
1261
7108
2621
8366
4332
9490
4467
82
8799
5111
6517
5691
4290
1016
9269
1510
5482
3409
5464
8149
4045
3448
935
9428
6894
3783
4423
2275
9609
417
9618
3343
3537
2170
1177
4625
6240
2769
1926
1625
9295
3803
3316
3229
8143
2368
317
5496
5648
4112
3253
7639
3811
155
6189
1514
9009
9459
8710
9892
7166
4754
3363
1887
4985
225
3361
7497
9264
8199
3559
3221
3610
4280
3301
7159
8972
2271
6509
3483
1809
3547
1805
3296
6275
9591
3988
6057
3331
5841
8111
6323
10282
9451
719
1636
8276
3940
3921
5087
3597
7126
10257
3603
4884
6425
1912
3943
4093
2771
6971
6864
3928
3748
1251
9360
5213
9047
9147
10321
9628
4778
6840
3353
10277
3270
5847
3087
643
3950
3465
7448
45
2033
5041
3947
1641
4678
5448
7500
5070
3450
3826
3725
8663
3909
3902
7528
3727
2791
3507
4902
4839
9013
6758
1497
3719
6026
9907
6212
6067
5055
3501
524
4282
3713
8954
3764
9109
7122
9312
7130
6632
5891
10127
8103
10010
9409
1931
3542
4145
2356
10012
3470
10267
6754
7987
3564
7966
3663
10414
7884
3955
3904
5420
671
5202
6511
5343
5902
7350
4607
9183
137
7020
4662
3636
217
3582
3843
4493
6827
3617
1167
3779
1594
3755
3429
3806
3234
3770
7661
7398
4470
3629
1059
6651
5838
9107
5198
5928
1280
5383
6605
5870
5864
5859
5689
5404
5900
6118
4942
7173
5987
5958
7654
4003
10018
864
5681
4104
5927
6151
5984
5780
5773
5923
5782
9620
945
5940
4029
5990
5964
461
4261
5967
2772
5980
7047
5154
6616
6625
5956
6621
5808
1120
163
140
9394
7184
5761
6196
5821
5824
7139
7153
9398
6567
585
5866
847
9712
3319
904
6562
7441
5916
5834
4873
502
9915
4426
3744
5755
859
3421
252
3314
4175
4162
243
10194
10474
101
9192
6406
760
9224
4588
6399
5757
5165
6124
6460
5340
6575
5414
5173
9791
6557
6478
376
4655
6676
6337
3266
1286
6529
9733
6477
6526
1154
6468
6465
5976
4552
3283
6200
6876
87
6845
9131
9412
6945
9738
6865
3403
9151
6192
6791
2472
4561
4176
5239
9507
9238
7186
6785
6906
6914
6899
10366
958
9453
9331
9813
5223
6762
10345
8701
6866
5786
4383
6746
5777
5387
1804
4480
9276
3400
837
616
9857
6721
914
3265
2272
3526
6733
4869
1638
5948
4478
4469
7086
4685
6426
6985
10081
7014
10035
7065
6988
7883
7092
9391
5630
7099
6097
5800
21
1068
6392
32
5371
7094
1018
6713
10006
5047
1071
5674
106
1493
7181
7495
7056
10052
6717
6352
6051
812
5938
794
5440
5933
3660
5624
5623
5628
9200
7115
6686
5649
6091
10192
635
3785
6410
39
6405
5146
9208
5832
1238
6064
6121
6072
6930
9534
8564
9383
7820
1801
3476
6132
7348
6087
18
6768
3389
7010
6363
6313
7059
6638
6646
5804
5661
6092
6436
10327
7178
6850
3606
3721
7182
7192
6673
617
6661
4243
9728
6669
3545
5738
3633
6677
6545
5874
6665
5844
9647
10442
6642
9844
6550
6716
6606
4197
10488
6647
4115
133
5707
333
4585
10463
3831
9849
6445
4573
6440
6602
6628
6639
6573
6506
9701
6244
5994
973
6228
9275
5001
6618
7157
9226
3866
4360
1164
9272
6241
6441
9127
6657
9836
6927
4938
7365
8096
3599
3954
5563
9400
9404
9389
4704
6708
6303
5635
6444
5639
5644
6701
6698
5300
3700
6433
6442
9214
6419
6679
9950
4424
3656
144
5720
6584
6360
8566
3624
8138
9317
6389
7036
6485
6488
6612
6521
667
6915
6812
9477
5973
6384
3675
9681
4371
9519
6284
6804
7046
185
7658
5854
6249
9282
6712
4771
7890
10380
6691
1197
546
1235
1017
41
3729
1105
3677
4647
10106
5704
6773
1030
5671
5662
10090
5536
687
3213
9603
10108
5366
9342
10084
5199
7028
9262
3455
6373
9873
4991
6648
6493
3220
10112
6609
407
412
6147
5237
435
9505
1123
484
5375
706
6885
5328
674
6710
9680
4965
9205
6908
3436
3570
9934
6054
1125
3841
57
4034
3591
4312
948
3473
5436
5856
8659
3438
5406
3539
4682
5176
4067
775
771
3340
6916
770
765
3762
4083
856
825
5236
831
6793
1208
821
6516
755
852
780
5320
9625
1192
1233
1309
9937
9943
198
6856
829
6077
9452
9634
491
5708
9689
833
2706
494
8518
5715
6343
478
4039
6327
31
211
6222
10095
6380
10170
10077
6351
5056
984
6217
6125
5030
6666
6220
10076
10098
5724
6298
10271
6369
6325
6332
6288
6277
6281
5108
5560
9675
10448
3768
9346
9672
10457
3969
6881
3687
6038
6183
1260
3202
6407
10195
112
602
878
1156
4594
5206
8707
6232
9434
4118
7887
2669
2799
4055
1219
6210
6370
6366
4801
7161
4231
1242
6016
6188
6374
6135
6116
6129
6047
6148
6104
1139
5602
10445
6238
4686
9910
3749
4421
7378
8098
6014
776
4434
4968
6024
625
9249
5094
979
9974
8139
5959
6685
6110
748
10302
6308
5317
9571
10093
6008
6190
9746
6177
6182
6198
9922
6162
6167
3494
7103
6753
9619
1322
4553
9932
6462
6230
7400
5589
7105
5779
389
365
371
373
269
392
6088
9244
533
10393
4320
99
6868
6113
6207
6085
993
420
9495
4979
4447
6171
5996
9139
9316
397
4151
4059
6911
4053
5061
9496
3937
175
6245
6201
1051
1121
4109
4380
6815
873
688
6144
1200
729
9632
3588
383
1183
1113
6482
1176
912
9662
9436
9866
10181
5732
9616
949
1180
968
977
6750
1184
172
1007
1287
1149
5678
809
4730
915
10377
1136
1138
1144
2708
1100
907
5457
138
899
903
9741
1313
850
880
891
1304
1143
10209
8711
6965
9707
1259
737
3601
9611
5988
5182
79
4581
1267
1033
1028
1297
1283
10440
1056
1024
1009
4744
4433
8144
7013
917
5955
4923
10471
9121
1268
982
944
937
895
908
1301
1079
10044
6329
9246
798
6424
463
6499
884
3924
4342
4973
4807
1085
1106
5172
10102
1092
3407
1130
1194
9660
10227
7277
10039
3971
3964
4572
4202
4908
4904
9903
5575
10189
10205
10179
3235
1806
1070
5183
4914
9924
4200
5566
1084
4796
4324
121
1076
5675
9945
9951
9601
1044
6929
9953
4345
1133
4389
538
6471
1002
3979
3458
5541
997
1306
1278
9674
1209
1317
9897
1216
1225
5100
1307
9796
4583
10454
8597
10397
842
6596
9370
3641
4890
5606
6109
6495
4294
9395
4597
5881
7132
4482
4558
4567
4334
3818
5557
4400
5296
4240
3248
7401
4571
4566
10016
6579
569
707
4518
3982
7128
4095
6705
963
4507
10249
4538
4542
4534
6145
244
9128
4396
960
10028
6795
4461
4471
4441
6120
4505
4804
4445
4148
4458
4404
3932
1303
4356
1230
9239
5799
4349
876
9958
9959
5548
9235
822
9711
4249
4260
4131
4309
4311
885
4901
1246
6581
6122
9438
4100
9450
9443
4163
3504
5723
7053
4343
4157
5766
8379
4159
9952
4171
4008
7060
4223
5569
9879
868
5846
10049
293
1240
4235
3712
5480
5981
4213
4229
4242
4208
1922
7141
6271
4293
9510
9458
9473
4305
3760
6163
9460
6349
9301
9193
5128
10486
5549
5248
9469
9478
9480
8274
4203
10173
8197
9676
4710
3938
9723
9725
9729
4562
9862
9870
1923
9667
4206
4317
3242
9899
9468
9890
6852
9912
4959
1101
4666
9913
10385
10080
9920
9942
9917
9968
10346
9939
9962
9930
9955
9631
3604
10469
9980
894
7112
10009
10382
3952
1212
4514
10481
4207
10255
10063
10078
10355
358
10490
10356
10360
10378
1083
92
9838
337
9833
9492
4521
9743
10372
10301
10306
7889
9403
9236
10260
5769
9298
3886
4595
4017
4037
4040
4362
9371
10494
6412
9373
5615
9142
6309
6357
898
5538
5754
9545
5542
4228
5518
5073
5552
6486
3355
9716
9698
4976
3897
10210
6170
6437
3667
5546
6846
3889
10066
10048
9983
4735
1320
10107
329
4759
10233
7963
4609
3645
1285
10056
10055
10099
3524
6826
867
4298
2481
9894
10272
5857
10436
2766
10110
10431
4689
6599
8146
3307
3304
9368
5439
299
10418
9839
9329
5409
9777
5716
5306
9203
10496
10450
3378
4339
10191
10429
3342
10392
10328
4134
6411
3666
5346
9424
9430
10199
3330
9552
4528
6023
4783
9462
10399
5534
5817
3839
9527
9537
4741
9204
3286
9568
4403
626
6333
10386
2069
6561
10043
9311
10032
642
3857
1299
3654
9294
9566
9565
5744
9514
9824
4318
4474
3975
4062
6475
3276
9696
4256
5453
9446
7815
955
7119
4181
4187
6810
4641
10174
10180
9987
5479
5084
1803
4765
6979
9678
3735
9821
10250
442
3305
684
724
9822
5246
3382
1265
160
115
1091
9486
4706
506
10268
5214
10333
10325
10331
4236
10340
730
647
10147
10234
10228
10243
9549
4173
3390
5195
10245
5076
801
4720
9887
9348
702
5685
6159
5867
4155
5078
1206
6063
7008
4147
6727
10002
4124
3306
4844
9540
5114
4716
4737
3487
10178
2619
5142
9314
9177
9521
6554
369
6703
353
3652
9524
3757
6211
10114
9259
2354
9639
5905
9795
9652
4881
9440
4144
3732
9629
9646
6034
9595
560
3315
8949
109
9633
3533
289
4259
9812
4076
9805
5127
6629
10314
4852
10320
10309
9043
4125
9800
3359
3275
8713
10116
4288
4002
10461
9162
257
5459
10438
2352
10495
854
4120
3273
9806
1019
9182
9764
9748
9768
9782
9783
9535
6880
6266
10129
6577
4073
3870
10171
10350
5335
10159
10162
7022
10157
4391
10285
3741
7030
6551
5309
3691
9898
9467
633
10312
6378
10336
3992
5699
6617
640
3261
4570
3208
6695
4529
5027
259
9772
5818
3226
5105
3776
7104
747
9531
5701
9222
3423
4629
9241
6466
9590
1050
6286
5692
5059
5478
5684
3566
5698
6202
9359
4252
9365
9506
1398
3529
4292
5450
6622
10177
9607
3297
5531
5687
5564
6839
9406
916
5555
339
2067
7063
6776
5158
9919
9207
714
690
3734
64
6
9596
5746
3848
4622
1078
4560
53
70
6409
763
6321
9300
5918
660
5700
5019
4032
1648
6279
3840
6937
7134
5659
2765
1035
5906
5737
4931
653
6269
6420
240
4141
4057
4047
5591
4064
5942
26
5169
9332
3388
929
6835
6246
9417
9350
5547
9356
9362
2027
5326
8702
10166
4623
253
9992
5596
4354
3991
5020
9366
6514
9393
9305
9447
3341
9386
9778
2640
4723
5747
4258
6943
5524
1228
4233
6520
444
4127
10085
1220
6391
5086
431
4627
3231
810
6672
9256
10465
1639
1516
3962
10100
1885
5395
10464
5402
361
344
9641
6237
3417
6031
10374
3575
220
2068
5625
5917
3468
9493
9624
7165
5032
3442
5232
3999
4001
3996
6969
4081
3237
9283
5044
3233
3595
3611
4278
1090
3627
4042
3920
6854
6549
8943
9771
5680
841
7878
9369
9285
1316
2072
972
9390
3828
3379
5962
9287
9198
10384
10163
3205
71
7445
9191
610
4473
8517
3592
5245
6582
5312
5491
9785
4548
4578
4875
5632
1029
5430
5168
6472
4756
3216
4172
3550
7125
4097
4633
6627
3321
10334
879
6950
6455
950
5259
1884
3232
3406
1494
6873
9721
3495
6806
4130
336
5355
846
3324
227
4654
9971
1296
5031
5024
3919
7061
5337
9158
10354
5283
5384
3453
3256
4992
3863
4286
10453
1291
5034
3973
3885
10261
4096
7050
9232
9829
3916
1027
3312
7841
3967
237
232
3989
2976
7116
10005
1214
393
4114
4098
6449
7167
577
303
9296
6844
5257
4420
3767
7162
5530
7142
4897
3290
4531
10311
4105
652
681
675
3412
10041
4568
685
5000
370
103
7189
654
377
5636
9266
9442
943
10362
10315
1300
6003
5038
5247
588
5139
9856
1175
9140
4495
1226
5229
4822
467
5249
3620
6907
5227
10030
5209
5225
9542
5254
5211
4940
1272
154
5261
4082
7095
5437
5377
10020
4094
4085
9966
9627
1039
6044
10316
3352
5750
9663
4327
1086
6452
5253
7819
525
5188
3946
932
5805
5809
4136
9775
3695
3740
5862
10131
4995
4129
9734
8715
3452
4198
6187
3280
10435
6346
5944
5189
6131
5161
7154
4255
6620
9850
3814
4451
3769
3272
651
4851
178
629
9536
6957
3674
6446
1319
9900
5134
1647
5758
6041
276
4132
3348
9979
4078
184
9614
9877
5422
10273
3334
10086
4108
3431
7084
9306
6786
4725
3578
9474
6235
4565
1250
645
6503
583
4154
612
6857
603
620
592
624
613
7090
5289
270
9967
6180
547
5010
827
5676
4185
8948
10324
4676
6339
792
10216
134
10001
5148
1145
4264
4019
9776
1222
9578
5029
3787
6394
4072
6972
9572
1932
9946
10062
9585
9970
6546
580
6992
9579
571
210
542
6372
3505
3747
9589
5965
9582
4934
4335
6816
9604
5016
9125
1277
3393
3329
9888
224
7076
7843
4376
969
48
4164
9708
10492
5798
9429
3680
5226
3949
5598
6052
7120
301
6463
990
4060
10305
7187
10165
4142
3907
6474
544
4826
10270
3451
9263
294
5149
8443
5982
5118
5898
5191
5184
413
346
752
4889
9046
5351
5113
9511
9307
5256
10289
7366
9649
9123
4743
9215
9119
4401
4394
3827
9199
5302
9148
10370
3415
6869
4071
209
9143
513
9173
2026
5152
9152
7077
9860
6039
6029
7191
3759
8941
9985
3775
395
5781
5208
656
3571
5107
6152
3247
165
5603
10113
3883
10004
4999
9251
3701
10430
9218
6328
10369
5960
9825
6892
713
4874
414
7347
9789
5193
5063
9858
3622
10211
7082
4475
9779
6354
9788
992
4484
2800
928
4551
4709
305
4221
5697
10152
5807
10089
233
5177
4764
3
4533
7
975
110
5091
9257
9855
3373
7037
4648
10264
5085
4079
2
10175
455
352
6456
4679
3605
8
4819
384
8944
3822
3646
247
10357
3230
4861
6720
9690
5427
6105
405
4955
4958
4970
4953
9407
452
3320
6644
816
757
4977
50
3933
47
6037
3274
7109
639
4943
7004
183
6588
3288
1069
9597
6601
3381
6995
9328
9972
4925
9648
6013
5310
170
6838
6565
6597
409
4410
6032
1042
9344
9211
5088
5095
1104
9339
9977
6890
391
4621
122
241
6335
4840
9687
9883
10460
4549
9664
44
9765
9683
159
9665
60
4646
1179
9117
3565
446
5784
10235
5124
9482
5033
1012
6447
4969
3554
594
4739
1262
7492
6590
9613
1248
282
5046
9154
5004
6197
10015
5064
10379
5011
1310
7133
1066
9793
1934
3877
5057
1094
5065
4409
5431
6134
10156
3672
9108
4994
9419
5015
5131
5101
5099
5529
5930
5077
5129
5112
3522
5125
3864
188
292
75
10432
10115
9463
347
3446
7879
5609
1399
164
5277
364
4516
3642
3887
3411
6299
5170
203
3284
4935
3639
5106
4962
10395
10293
230
6459
3263
1237
4004
3812
5287
5376
6252
10406
5880
3737
4696
9313
4762
872
3291
4834
9387
6901
272
10472
3650
750
9309
3813
434
609
510
6065
7346
6878
4978
882
6818
5539
7164
7100
5595
5993
9964
10491
4895
601
6796
9380
10483
3532
4698
4628
9880
462
277
528
3590
1236
10400
708
349
4050
4880
541
10074
9265
4670
10349
9688
3851
3925
1048
5216
9697
5025
5843
3218
728
3528
304
4168
1122
6234
488
10065
5693
5968
1227
4963
4384
6473
4760
7160
4937
4749
9869
7992
715
10069
6030
6195
3577
6919
764
10473
2184
6794
9956
9166
6693
518
6385
466
3368
6811
5123
1188
2646
5062
10144
6978
9993
7342
6871
697
4245
7038
4932
5888
9874
5264
6002
5090
9818
3963
404
1147
9045
4033
3750
6005
4489
6006
4437
10279
5160
3579
774
271
9544
9600
5995
372
1103
3869
261
258
2774
4855
5378
5617
7891
6193
228
1933
6381
238
507
9770
9165
9159
10013
4199
248
4023
6807
6663
2712
10419
1257
4545
3467
1980
6098
9149
9164
749
5772
4700
4515
4295
10478
6322
4113
9223
4265
4920
480
709
6829
4101
4928
9155
6264
63
4425
5187
8377
10091
3671
521
4494
6388
9279
3875
8509
6670
9828
10422
6505
756
9188
9415
6897
464
6413
870
9410
4279
3686
3212
3986
4787
648
711
355
4522
1644
3692
725
1517
3268
6990
3278
10072
720
551
9878
3697
3684
3690
3753
5863
3281
565
3223
74
3257
840
5937
3293
4123
6925
3238
575
4266
493
6994
6999
10439
923
739
4740
9902
4989
3829
6951
6094
3703
6895
534
4919
3619
10493
3204
3698
9351
3210
677
3394
4768
10456
9868
4784
3311
6572
9587
924
3480
5985
630
9216
4967
202
9185
5556
849
10280
3651
4397
5071
5069
10363
5643
5093
10389
3657
10390
1062
10371
531
10365
5492
4046
6527
7083
1047
4149
3873
65
9715
7073
7069
7071
9488
10367
368
4080
9433
3369
10214
5110
5775
9503
5060
3543
6615
9876
5133
3439
5879
3845
7882
448
10416
9594
80
7051
5036
3613
5672
9685
3521
10104
1622
125
4182
199
5380
3317
9803
6435
5179
445
1196
4788
89
4757
3561
9115
6390
4224
3401
5150
3391
6115
6001
920
9466
6604
556
5528
1243
586
582
1290
1172
509
5936
4443
6043
3541
9044
5052
9420
6681
5451
9520
593
3736
4193
3844
940
683
5640
5876
845
1128
3704
454
167
966
3689
6723
2764
5416
6291
345
6585
6981
487
4087
4772
9547
449
443
438
400
5
1199
251
10140
4724
9455
10482
9957
4285
474
3481
3271
483
458
6045
477
42
1065
49
1142
3318
4089
5231
22
3384
3865
4614
4584
6106
621
3338
7000
473
9810
471
3397
3998
3923
5005
514
5313
6073
505
500
360
498
6861
1649
6296
5339
6395
10161
2623
4672
5432
4344
6393
4604
5336
6641
6738
3696
4301
9341
5098
5151
6018
921
7397
5686
9657
9658
231
3245
4998
7110
4898
3600
9354
6571
9551
130
5600
8942
6166
795
3573
5919
5588
797
3534
9234
2365
3799
5592
4372
6467
5776
10182
6331
934
306
176
7396
9111
3990
5612
7174
7155
7143
436
5610
5943
6494
6682
7177
3488
85
4634
7163
906
3953
171
3574
7012
9184
4436
10387
278
90
3206
768
5144
6893
9644
6084
6265
6889
909
5726
150
10164
9274
2471
970
10259
3201
6921
9584
6350
3572
497
9533
7158
5939
5009
4795
1126
10292
5354
6668
6722
1643
9638
156
9010
7188
2667
9212
123
9221
6422
5493
3410
3977
212
3807
7176
1165
6769
2801
9230
177
9189
515
3668
9320
5727
5748
7136
10344
7190
3930
6209
6977
4821
6489
9112
7072
4253
699
139
7085
5998
772
4833
9355
9129
10139
5694
290
6932
10142
10134
5368
6613
3562
10230
7274
10213
246
1150
325
987
1883
6732
7193
5092
4316
6481
726
3333
8661
988
7168
9258
265
2273
410
1519
10444
286
9284
5932
169
1254
340
201
7442
6273
6342
5321
5540
9753
1551
4090
6589
10203
3801
4216
5260
7180
6250
281
5545
9921
5037
3681
116
380
131
5023
10405
9843
386
343
6947
3258
236
6243
285
9901
222
308
3484
4393
312
8140
280
7062
4988
151
3815
6797
4603
102
135
145
4428
529
10120
1247
512
1168
100
5719
213
6451
6524
6774
4408
4158
537
88
526
5705
3553
197
10263
6792
433
451
5733
419
326
432
4664
4217
9991
5043
9563
107
6040
6056
6168
4021
9176
9837
10291
6996
1034
5318
379
3626
7172
5360
9699
10064
4009
4605
4675
6078
5349
1279
8714
7031
6958
5122
7275
8275
3552
3549
7007
422
8507
5553
76
9270
223
9670
1032
4785
6377
5815
3259
5130
1314
4238
427
3882
5392
268
6320
10284
283
3808
3781
927
322
84
9605
5823
10447
4761
4506
1921
7024
104
6696
857
4398
4012
4014
5329
3884
387
2269
941
5736
6556
7025
540
4102
4690
6301
1040
6690
981
5068
722
3856
695
2673
3587
6765
6931
6944
5220
5997
517
3503
5074
6976
179
6886
6964
5054
3682
4752
4593
6694
6968
9470
3800
3995
8364
10299
2773
9978
718
3474
5288
782
7127
485
10240
5533
6302
9684
4810
4811
5721
4547
6508
4808
66
9144
181
1000
9581
7124
1276
6645
10153
598
6814
3670
536
4736
10143
5282
6715
148
5388
10275
119
6015
5120
6136
4205
5611
6204
6623
8097
7138
4563
6315
855
9310
4608
4439
3482
3837
10313
6974
394
6904
10148
6383
1011
4589
4903
9881
4248
9820
10298
153
6803
9180
3544
5083
579
5731
552
5666
9895
700
6515
5396
68
4468
9509
5271
8099
5159
6607
6637
91
5049
712
10425
456
900
1927
200
4896
6987
4878
3580
9941
2353
3472
6501
4086
6397
1198
561
126
1075
124
10045
205
4602
190
40
4611
4116
4860
3326
149
576
6216
5411
7443
10124
1073
61
1067
1077
5434
5316
226
3630
10254
6922
3647
661
146
3908
1218
94
33
4879
4028
658
6862
4556
1054
999
9297
996
7021
3214
9432
6828
9564
5153
6010
4721
9271
1080
3313
607
5992
1229
9303
6966
3618
670
424
9489
7816
4043
4304
6353
398
4792
9931
3466
6841
4745
9011
3711
242
147
9732
5201
4758
4226
4170
778
10050
4862
4731
632
266
5403
5946
3825
408
9465
15
72
3433
3540
9539
3809
5903
6843
4637
1041
4926
4906
309
631
5622
9569
3485
4519
9288
62
3786
6330
3499
98
6830
29
5614
9187
5586
9361
9562
3404
3722
5522
3688
10068
4492
4303
5601
1158
5104
6975
5922
13
28
3437
3638
4849
4239
2975
6225
6213
6952
4340
663
5294
5301
9976
3910
767
1061
5915
9513
511
4440
4579
6764
589
6355
9324
4054
9827
4598
3896
141
6206
9388
1166
9330
6464
4824
2670
1189
5356
9677
933
5668
3567
9802
10322
3335
10410
4683
1181
5829
4541
401
834
8950
696
9724
5140
9179
3347
56
6755
1129
367
4659
4642
4924
1282
6953
10404
6849
4532
9718
3589
357
10407
4610
10215
490
4626
4613
9854
5119
5443
1013
3961
9427
6789
4635
7057
6837
10424
9713
4379
608
4377
6883
4375
4405
1064
5899
566
4592
1223
5210
78
7048
7488
3993
4267
10417
7144
4638
10290
7379
4653
4643
5688
4681
6918
4835
4540
4692
4691
378
6431
3418
4639
10036
4748
5295
9250
375
4650
2668
6267
4657
3849
4671
4161
4677
4812
3350
4631
1096
3614
3399
4673
9181
3374
1115
5749
6939
3678
8700
4486
3370
9472
6961
10149
6956
7018
1289
5445
9848
4957
6997
7005
740
5803
5265
4091
6519
6970
5616
10007
4803
4829
6181
1191
4776
475
6941
6934
6938
59
5175
9573
5638
5634
3853
4830
8378
4669
6935
7023
6817
5840
10132
4945
7029
6634
7034
9418
557
572
7032
3260
10468
7117
567
4780
7003
3824
5185
6049
4816
4782
9846
5811
5136
10202
574
3249
4015
682
4702
930
9217
4742
9169
27
657
4554
665
4798
6280
5166
4378
4214
4310
6778
641
8100
7656
9851
5135
486
5278
10409
4048
3557
4651
5143
10449
6887
4899
6920
4307
6598
6314
4922
10281
9695
1292
5080
5764
9190
9515
1311
415
9500
9498
3510
4887
9546
10343
7895
1928
611
5240
9704
4727
113
2186
4813
4842
799
4856
3424
4915
4917
6042
4921
4036
3262
95
570
6292
1025
9651
7026
4910
5637
3879
9949
4841
7171
5527
7087
182
3277
10054
3941
4755
4827
6365
4711
817
1052
465
4797
3890
10138
4713
5525
4746
5785
5385
4767
4800
6872
5521
9861
6178
6156
1397
69
5762
4726
4894
4348
273
4753
10029
10484
429
4077
4183
3462
4823
4485
6913
10236
3931
3965
9504
4769
4766
4212
4981
1495
8951
6660
3375
3392
10247
6991
5444
5426
1135
4972
1515
9291
4870
4892
4891
9911
4488
5273
6783
4068
9529
6777
4882
4877
5290
4886
1274
5597
313
3380
3386
5299
9163
10300
6655
5435
6973
4775
5003
5314
9767
4616
4828
4707
5362
5344
5341
9720
6592
4820
4789
4734
3294
4791
300
8706
3984
5920
3777
5978
5303
5298
6111
5379
5391
1211
2473
5014
766
3346
759
3498
3414
6341
10401
9645
9439
503
9499
6879
4806
4576
5221
4831
5663
10155
1046
3974
9114
9325
5194
423
9334
9231
6836
6569
815
4167
862
3702
597
4135
6254
2070
3612
10339
7496
9719
4818
6752
2711
4315
9491
6724
4281
4930
9863
6338
578
186
6219
3217
166
5567
6737
6917
5308
1023
5869
6186
7113
803
291
4022
10358
508
4859
10000
5711
5373
7169
3994
7081
3383
4933
7278
9588
86
1435
17
9290
9392
9557
9253
9252
5013
9248
5369
9340
9372
6770
4944
9416
9834
9414
1275
5386
1031
4750
3685
4302
9353
9337
260
1245
6153
180
931
6258
5171
2480
4449
5972
4688
4996
9133
9413
676
9737
9379
5585
9171
892
5042
73
9308
4429
3511
883
9323
9384
744
9141
9319
9280
4150
3976
9113
9326
9422
425
6898
5599
430
6903
468
727
4219
6469
10151
4402
5667
5155
9615
10011
8658
10408
4956
965
9548
10446
6033
6984
5272
6004
1098
8567
5274
4392
5178
6427
6982
3859
9138
4747
5562
1118
6093
235
2071
5627
3985
1255
332
6611
4838
1221
5718
9277
9808
4454
6954
5263
5103
9904
6680
418
3298
6636
6566
6502
9694
830
606
4063
4338
459
4010
10310
5875
573
3523
1294
4370
3551
10262
1171
5878
4122
3303
6802
5455
5353
10443
7040
9884
605
1127
5279
10364
4526
5332
5330
655
5925
6428
10288
9530
6060
6798
4481
9935
5145
10133
5021
6398
3422
5889
9702
6080
9381
5252
3676
7001
9435
4121
83
4825
4487
4070
5358
7135
5325
5389
5381
9994
4237
5348
5281
4993
5374
334
5428
10244
596
6998
5433
5307
5322
6483
5233
6728
5372
5266
9669
5425
5397
5423
37
4600
5417
3758
5412
4836
5311
1026
10092
9845
6855
7054
5338
9157
10352
6563
5410
9774
5192
5367
5102
9749
4617
6000
5066
4204
1036
4591
5251
6533
9278
3279
10223
5921
4872
5051
5812
5163
7175
6535
6626
5526
6559
10026
638
1063
9124
9402
9213
5334
10185
5970
1155
3506
6955
6290
5350
9494
6403
4790
710
4263
9281
5523
5162
6263
5238
7880
10252
5872
9421
354
4535
321
824
4117
1239
6782
10423
10023
8145
204
10003
6334
6143
5319
10168
5860
7033
189
10402
5241
4007
5258
6358
9321
7070
563
6739
6790
51
5243
314
10122
5619
4929
5594
6095
9936
264
796
6500
666
9865
10123
6923
5156
3850
4751
806
4352
5007
105
5285
6127
4620
10304
6537
3282
9576
214
5408
5315
1021
548
9875
1249
659
6980
4099
951
6438
989
9260
4729
10253
9852
9817
4615
9586
10146
5393
4843
10497
9242
1210
3659
168
3432
4699
4250
3292
3308
245
1005
5729
5613
3239
4418
4848
5751
4232
7096
4550
4041
10109
5587
5593
9560
5573
323
5830
4512
5787
4016
4951
6382
5400
5814
10034
6654
9717
10
1081
5218
399
9580
7195
5276
4667
9517
5657
4322
5132
6538
6158
428
9168
860
5333
5286
9570
9973
25
5583
4137
161
5806
7006
4705
9929
954
7052
363
5224
6491
9382
5137
9543
6860
4817
3643
9893
1173
4853
5186
6138
5242
587
6161
9760
5789
7015
4971
4407
5442
3586
5262
9134
5364
3738
4088
255
9763
4619
6942
5012
1088
5006
1204
5441
516
9982
10361
5520
5677
1202
5269
496
9814
6430
10130
9666
5554
1095
7035
564
5645
5017
0
4990
897
5893
5802
6734
9349
6007
4358
219
4442
1232
6570
6767
93
9561
6139
6736
1109
1006
472
5022
6347
4857
5267
4174
4983
4636
6429
4770
732
9735
568
3959
938
604
539
5359
6416
5270
9186
208
6311
4020
6272
3289
3215
6591
6011
4496
5535
6948
4369
9315
962
742
9304
9333
9790
10427
9623
7074
9990
6208
6745
10141
4695
254
10047
9118
6345
5204
5205
9927
9550
3209
790
865
1137
4513
382
6103
6396
9423
3706
10391
9525
9567
9126
779
4939
6586
9220
5885
9302
4406
922
5081
4997
263
6454
925
4950
5196
4577
4382
9925
1163
10296
275
5532
5828
10287
5953
4459
4975
3981
5157
746
5234
6099
4722
9522
9823
1043
4166
5991
4814
4964
733
3983
4546
9752
5631
5304
9156
6283
5429
152
10459
5117
4974
5096
10040
5454
527
7079
5713
5357
5452
5519
6076
4381
9411
888
9761
128
9745
6522
5280
3693
9960
7044
5363
7039
6553
5331
437
10318
5796
469
249
6236
4846
3548
751
6155
9243
7152
9375
6630
9233
3264
10060
9592
67
9786
5646
4909
5072
550
5837
558
6808
4431
5141
439
4527
6541
863
262
9456
2482
206
9209
6175
14
3489
9622
6530
1074
9
1186
4918
279
9706
6788
6963
5217
9682
5268
118
4188
5654
5365
4586
4075
7147
4674
9219
5742
4802
6692
9484
5952
120
4960
1153
5215
267
10238
6450
4644
9926
9744
11
16
215
839
9385
450
9830
6653
9289
295
9445
7097
6544
9178
6028
10136
3207
4126
5760
4888
5679
814
4815
7075
4051
7089
1053
499
4275
4601
385
7042
5735
6936
7098
9602
6763
998
581
4209
802
77
9642
786
4694
5180
919
3254
132
3224
7068
5347
9167
4499
5912
4580
5230
4058
5424
5494
9756
6480
4693
10088
875
6421
662
234
9228
9338
5725
9655
5826
4652
9343
4194
5743
127
614
758
7002
447
10117
600
6756
6046
6179
4845
284
9286
6053
7114
6926
10437
637
634
5983
6021
6784
307
5695
5963
664
636
4544
762
4106
679
9405
9374
9352
9425
9357
6832
6870
6169
6874
6891
716
5835
9501
129
4510
3225
6766
5039
6960
9170
6909
3858
3926
5297
3705
6090
3756
4013
453
4575
4714
6699
4246
6719
9254
3699
4347
5745
30
10332
6312
4599
501
9781
9116
411
6671
4464
4982
698
10308
5887
553
4658
324
986
4952
287
9773
5949
4793
239
9842
4893
6457
4388
9807
5683
10341
6061
1323
4
1112
3325
6688
4708
6306
6813
5792
686
10220
4483
10368
6674
4326
6834
10057
3664
4353
6949
46
6740
6543
4832
5067
4140
256
4006
545
6223
618
6295
6993
5167
10337
5950
6851
9819
9886
7043
1001
9583
736
978
5795
9730
6610
6989
3387
9691
9969
10118
457
1010
6735
4640
1264
9201
5794
5345
9161
10188
5924
328
229
6157
10217
5728
5702
6760
10150
5788
10207
274
9787
6248
6848
3240
6229
6289
5413
10396
4366
3459
6962
5399
5753
6050
9686
4180
5852
489
9461
4907
4590
470
7016
6418
6683
4847
3351
6594
1108
4697
6417
6933
9150
7151
4374
9659
4190
10466
5121
5109
298
5138
142
9358
5651
6656
5382
10348
3997
24
4900
628
4618
1518
5035
6070
6707
3673
3287
6658
3780
5097
9871
4911
785
591
694
5768
2622
595
9799
599
6650
5861
6633
5200
5929
5890
1215
5848
5871
5868
5816
5913
2977
5897
7156
4941
5886
5986
678
5572
6022
10403
5971
5682
12
5934
6150
5977
5778
5771
5790
5770
6423
5911
5941
4027
5975
5966
5951
6276
5969
5884
5979
9656
5851
315
6624
5957
6619
5810
1124
162
5791
6318
9518
5825
2618
5822
9378
7140
4680
9399
6564
3371
5954
848
5767
6560
4987
5656
7444
5914
5831
4876
504
421
4427
5827
5756
7137
5813
250
5882
4177
6324
5763
10196
3720
6542
9196
5590
5836
4865
6400
5989
5759
5164
58
6458
3816
6578
5415
6540
9794
6555
6479
3362
4656
6678
6336
6858
6498
6528
9692
6476
6523
6757
6470
6461
6875
4555
6568
6185
6896
6859
6847
9130
6759
6946
6842
6867
4143
9502
6367
7343
6743
4559
6799
6761
9508
5394
7185
6787
6888
6910
6900
6902
959
9454
4276
9811
5219
5655
5228
8699
668
5783
9377
3970
5774
6741
1802
4663
1014
3405
835
615
6725
6729
911
3267
896
3525
6731
5115
1637
5945
6730
753
4868
4687
4111
6983
10079
7011
7067
7064
6986
5833
7091
3509
1193
7101
4665
5801
23
7080
10458
8363
6833
7093
6512
6711
9153
6718
3707
5673
7066
9485
7170
9160
7055
4536
6714
3821
804
793
5935
4387
5438
5931
5618
5626
5621
5629
9197
3385
6684
4854
2364
3951
9273
6102
6408
9710
6404
5147
4916
5714
4948
6075
6119
6071
6074
7395
6507
3834
7818
3852
5670
6133
5712
1003
3563
7150
6101
7009
7148
7049
7058
6635
6643
6415
890
6434
6453
10329
7179
6539
3594
3723
7183
7194
6593
7102
6662
6402
9832
6667
6531
5739
3631
6675
6547
7088
6664
5845
362
4220
6640
3662
6548
9376
6603
939
10467
6649
187
6652
8596
1170
4837
6726
5390
961
6448
7487
6439
6600
6552
6534
6574
692
9526
6242
7149
971
6226
6687
5002
2474
6089
9225
10121
4361
519
6401
6247
995
9132
9122
3085
9345
4936
9995
6270
3598
318
5026
9401
5926
4850
4701
6709
6300
6239
4333
5641
5576
6700
6697
5284
680
6432
6443
9210
5116
936
5642
6959
3655
143
5647
6583
6356
8565
3623
4660
9318
6387
1913
6487
6490
6142
6513
669
3742
3948
10485
6518
6386
8237
9479
4373
5734
6287
6805
7045
9891
7655
5855
6251
6256
6704
4773
6744
6706
6689
788
1302
4630
6359
43
813
1107
672
6257
956
5703
4368
4632
5669
5664
10087
6253
689
3211
6532
4364
5370
5580
10083
5203
4479
9261
6659
6375
9872
6801
3241
6492
745
9606
6608
9397
644
3344
5235
3460
789
4504
482
5581
10319
6884
1924
10027
7017
4717
5579
787
5574
3435
5582
441
6055
6141
335
717
3632
1
6218
3739
3694
6361
5858
8660
3449
5401
3538
4684
5255
4065
777
773
7121
9961
769
743
3733
4084
858
826
843
828
818
6305
820
3337
1203
853
781
6824
9626
1190
1234
1308
5652
9944
196
9227
10330
6079
1111
3255
492
5709
5706
6282
2707
495
6800
5717
6344
2073
3443
6326
34
207
4774
10094
6379
4712
6100
6348
3496
5018
6215
6123
7911
6293
6221
10075
6027
5722
6297
6261
4413
7123
6262
6294
5839
10096
6259
6304
9673
6114
823
9347
9671
4365
3966
6882
6227
6036
5653
1258
3203
3447
10198
114
5793
6853
1157
811
5207
8705
6231
6096
10412
7888
2666
5710
4056
1217
6525
6371
6364
6368
6233
1162
1241
6017
5650
6376
6137
6117
6130
6048
6149
3445
6140
5605
5053
216
4715
926
6174
4419
7380
8095
6012
6020
4432
4966
52
627
311
6019
10383
9975
38
5961
6340
6112
4927
6310
6307
889
5398
5324
6009
6191
7842
6176
6184
6194
6173
6164
6165
5212
7106
6905
9621
1318
1631
9933
4961
36
7399
967
4430
1807
388
9608
381
374
3708
390
35
9245
530
1160
4319
4490
6126
5633
6205
6086
991
426
9497
6504
1512
6172
5999
10276
2639
396
5222
4069
6912
4052
5058
6260
3939
174
6160
6203
5665
1119
4107
3556
4066
871
6154
6146
1201
1110
9635
4283
1159
1174
1114
6484
1178
1161
9661
9437
10475
6059
5730
9885
4537
1182
1037
974
6751
9780
1642
964
1288
1148
9408
808
4732
913
5190
1134
1140
1146
4871
1099
905
584
918
901
902
619
1312
851
881
985
1305
1141
9247
8712
6967
838
1269
738
7657
9612
1185
5181
10420
5407
1266
1911
1263
1295
1281
10441
1022
3872
1008
3222
297
8147
1520
5008
10373
1116
7985
9120
1273
980
3867
296
893
910
807
5578
10046
10197
791
800
832
460
805
886
3922
887
9747
4809
10058
4328
5174
10105
1093
1152
1132
1195
4465
10226
7276
735
3972
3960
4574
4954
953
9740
9908
952
10193
10204
734
3236
5584
1072
7078
5361
9923
4196
4191
1082
4794
1151
5658
1060
6558
9947
9948
983
1049
5305
9954
5740
5741
4390
535
5197
4128
555
3456
10278
3427
1298
1244
1087
1205
1315
1293
1213
1224
4359
6587
9798
4582
10455
9831
10398
9835
4386
9367
3640
5620
5604
5570
8469
4296
4363
4596
3980
4367
693
4557
6199
4336
10137
5561
4385
7989
4241
3244
3558
4569
4564
10017
4450
4337
5293
4517
4523
7131
4192
4543
8969
4508
4525
4530
4539
4703
4411
3861
522
4395
10059
10031
4509
4351
4472
4511
4503
4497
4805
4446
9322
4417
4227
3929
4498
4355
1231
9237
5797
4350
877
3084
1626
5550
9703
4456
9240
4247
4262
4133
4308
4313
4005
4273
3746
6580
10024
9441
4103
3354
9444
4165
3653
9882
4291
4346
4152
4139
4251
4160
4138
1434
1187
4218
4222
861
4110
866
4321
4195
288
4274
4234
3710
6747
543
4215
4230
4244
4179
1511
7145
3958
4297
9512
5820
9475
4306
3761
3649
3585
4460
4284
4272
5126
3502
549
5250
9471
9476
9481
3428
4201
3546
10038
9679
5045
9731
9722
9726
9727
4645
9864
9867
10073
9483
4299
4314
4269
10101
9464
5947
5352
9909
4422
4435
1097
9916
10388
9928
9918
9940
9914
9965
10342
9938
9963
4357
9841
4612
1117
5458
9981
10021
10019
10022
10381
10014
1004
4323
10103
327
10269
10061
10186
10353
356
10487
10359
8198
10376
6924
874
9840
338
330
1983
4520
6317
10347
10297
10303
5894
10307
10480
10258
10187
9299
4858
4587
4018
4035
4038
348
9816
9449
359
5752
10128
9145
3819
3945
4668
5537
7988
9555
5543
4225
4189
5075
5551
3464
3915
9714
9700
4980
3893
10208
532
9705
3665
5544
4448
1089
10067
10051
9984
4733
1321
1256
4728
9742
9637
9575
6268
3644
1284
9577
10053
10097
3527
4325
869
4300
9815
9896
10274
5853
10434
4779
3615
10433
3360
6595
4444
6536
3302
10283
10286
302
10415
1509
9327
10206
1055
3479
4330
9202
221
9759
3377
4341
10190
10428
3345
10394
479
10145
6414
9229
9426
9739
9431
9736
3328
4799
3968
7991
5050
9457
9553
9556
9554
3838
9528
9538
331
9206
3285
10200
4399
1131
10025
9523
4011
10033
10042
10037
6702
1102
9668
5892
3658
741
10221
10119
5275
9784
9826
1800
4476
3978
4061
8508
9558
10008
4254
10222
9448
7817
957
7118
4184
4119
6809
7637
10172
10183
9267
5477
5082
7529
5421
9997
5405
3794
10219
10248
440
10184
559
721
10251
5244
3398
8137
158
4178
6748
9487
9516
4186
9135
2644
10335
10323
10326
4763
10338
731
646
10237
10232
10229
10224
4624
4169
836
8442
10246
6128
5089
9559
9889
3491
9758
316
5048
5865
4153
5079
1207
6062
6069
4146
476
6107
6781
3683
4719
9541
9847
6285
4738
6068
10176
7881
3512
723
9175
191
3323
366
5873
351
5568
976
3752
3898
10111
9255
9762
9640
5904
10082
9650
4883
6025
9599
9654
9630
9643
9653
9593
7967
3295
8947
111
9636
3535
9989
4257
9809
9797
9804
10239
10241
10317
6940
3730
9792
4866
1045
9801
9757
562
8716
3508
4287
9853
10462
406
10242
5456
8577
3860
4455
9754
9755
4000
6831
1020
9172
9766
9750
9769
9751
10489
9532
7041
6278
10125
6576
4074
7027
10169
10351
218
4156
10160
10167
10158
10154
2260
8844
8407
1447
7360
7248
7730
8477
2817
1333
2394
7582
1456
2147
1352
2399
7572
1460
2022
2288
8000
8012
8593
2096
3048
7643
9032
1879
2079
3188
7323
8803
3001
1561
2952
7936
7545
1814
3091
2936
7318
7558
1469
1998
2158
9007
8812
3005
1556
2609
7629
8116
1867
2116
2428
8299
2168
1859
1485
2970
7463
8643
8749
3027
3178
2442
8837
8499
3019
2544
7386
7237
8353
2909
2881
8729
7506
8393
2531
2896
8722
7539
8437
2732
2751
7259
8255
9018
8159
2634
7783
8794
1788
1598
2513
9059
8927
8428
2201
2284
7996
7706
8450
1427
2174
9088
7717
8415
2824
1341
8175
8922
8422
2207
3519
9083
8785
1772
1830
2930
7779
3718
1780
2229
7394
7243
1920
8698
2726
7225
8170
7273
3036
3183
7486
8094
8500
1672
2853
7773
8824
2997
1608
2488
7980
7725
8472
2813
1347
2437
8619
7300
2141
2336
7945
7567
1761
1585
2508
7957
7918
8588
2110
5503
7691
8968
8895
2045
2322
7926
7561
1477
2014
2197
9097
7701
1410
1993
2295
7457
8068
7288
1508
2965
7430
8311
8242
8681
2860
2459
8652
8744
3023
2547
7452
8075
1904
1530
3138
7862
7611
1943
1548
7355
7835
7903
8533
1728
2693
2254
8859
7599
1621
2630
9064
8905
8410
1451
7364
7828
7921
8541
1734
2604
7797
7231
8506
1702
2658
7809
8820
2993
3108
5476
7681
8782
1783
1840
3063
7327
8807
2984
7855
2308
7748
7414
1953
3115
2925
7422
8285
1960
1362
3072
3172
8042
8881
2134
2423
7624
8130
1862
1490
2887
3167
8959
8757
2809
2554
1393
8080
8326
1678
2852
2455
8863
7594
1658
2834
2363
8639
8777
2526
2755
7263
7520
8388
8465
1329
2381
8624
8771
2221
7374
7255
8259
9023
8154
2651
7787
8797
1791
1603
2239
9071
8930
8430
2210
2290
8003
7709
8455
1433
2176
9093
7722
1404
2025
2299
7970
8016
8603
2102
3054
7636
9034
1882
2084
3193
7331
8814
3009
1565
2955
7440
7553
1818
3098
2183
9078
8036
1948
1543
2947
7435
8207
8236
8670
2788
2372
7524
8357
2914
2892
3163
7534
8372
1743
2742
7474
8192
8337
1540
3152
7871
7877
8516
1748
2500
7409
8180
8608
1592
2494
7984
7712
8480
2820
1336
2389
8614
7307
1854
2591
7737
8977
8891
2050
2598
7758
8992
8583
2107
5486
7686
8281
8901
2059
2343
7939
7548
1480
2009
2192
7974
8020
1976
1377
3131
2577
8657
8741
3125
2943
7314
8292
1919
8686
2865
2464
8648
8752
3031
2746
7469
8086
8554
1714
2841
7209
8196
8343
1692
2876
2450
8919
8524
1724
2702
2249
8855
7589
1616
2638
7791
8910
8401
1442
2680
2264
8848
1767
1579
2504
7741
8980
8487
1671
2665
7802
8827
2988
3121
5470
7666
8789
1775
1834
3058
7646
9028
1875
2062
5517
7675
8563
7293
1504
5490
2570
8273
1966
1370
3083
3158
8963
8886
2128
2410
7633
8119
1870
2121
2434
8305
7514
8362
2919
2418
7619
8126
1422
1684
2871
2470
8916
8493
1664
2798
2385
8628
8767
2534
2899
8724
7508
8395
2539
2904
8737
7541
8441
2736
2763
7268
8267
9042
8167
2617
7814
8832
1796
1611
2515
9106
8940
8418
2827
1343
2396
7578
1462
2151
1357
2405
7575
1465
2017
2279
8008
8049
8595
2091
3066
7653
9002
1893
2039
2328
7931
8058
1474
2003
2163
9050
8025
1971
1987
2228
9055
8030
1899
1574
2959
7426
8212
8230
8675
2781
2377
8632
8761
2520
2559
7391
7242
1910
8697
2723
7214
8225
8333
1536
3144
7840
7910
8528
1754
2688
2268
8187
7602
1630
2760
9104
8937
8432
2214
7377
7251
7732
8537
1847
2584
7768
8985
8875
1708
2612
7763
8997
8573
2066
5509
7697
8868
7308
2152
2351
7950
8250
3015
1571
2315
7962
8061
1956
1384
3044
7204
8321
1824
3102
2939
1396
8044
1979
2087
3200
7341
8136
1414
1492
2974
7465
8108
8376
1799
2565
7223
8218
8348
1696
2705
2445
8839
8548
1737
2846
2177
2255
8114
8446
1679
2238
3934
8996
8521
3911
2625
7454
8176
1473
8460
2153
9060
7513
1795
8685
3057
7207
8819
8322
2010
3145
7674
7671
1812
8158
3192
9099
7489
2995
1797
5446
7834
81
1909
1432
2722
7325
7540
1888
4092
2884
7740
8040
8041
1527
2599
7618
8867
8553
2094
2888
7948
8638
8876
8883
3082
3081
8649
8534
3093
2583
3165
7569
8494
1828
7892
7684
7893
2569
1725
2938
9101
8132
3880
8662
1335
7459
8920
8762
2061
2794
7952
8906
1973
8166
3039
2386
8026
8406
2115
2173
2451
2469
2468
3103
2692
8005
7610
7284
1623
6631
3616
8810
8425
2918
2486
7216
9024
8338
8346
2704
9089
8219
7907
7909
2934
7788
7813
8417
2129
5474
7429
7230
1419
2047
2724
3789
7532
2998
2728
2321
2326
8957
8484
2086
2650
7844
8993
8760
2148
2835
7644
7505
8900
2524
2421
2263
4270
194
3021
2580
9077
8613
8754
2021
2540
7778
8622
1961
1955
3053
7795
8306
3788
1988
2506
2370
7581
8748
2203
2557
7677
7695
8568
1448
4024
7870
7868
7298
1542
7359
8296
7713
8344
3120
2787
7419
8850
3013
1522
2964
7982
8022
8399
1564
2280
7623
7614
8229
7853
2874
7757
7756
7107
1745
2301
6066
7554
1787
2127
7527
1057
8780
8374
1701
2870
7922
8188
8222
1740
2950
7252
8053
7598
2807
2660
7310
7334
1940
704
2555
4501
8070
1877
2527
2341
2342
7447
3778
3101
9335
7449
8970
8981
1851
2741
7997
7235
1776
2220
3067
2247
2248
8504
8676
7375
9052
7916
8356
2145
3174
9082
7516
7289
7403
5499
7822
8268
8320
1651
2335
7437
7728
1857
2823
2770
7665
8088
8575
1645
4210
7839
7410
8470
1986
2677
7628
7704
1417
1600
2859
7747
8912
3010
1691
2293
7470
8060
8386
1994
2511
7526
8300
1918
1839
2839
7805
8079
1475
1538
5512
5516
7543
9014
2082
2627
1387
8821
7283
3596
2946
7682
7240
8454
1526
3184
8721
8319
7586
1488
2502
3169
3182
1895
1729
2414
7734
8085
8590
2908
3062
2346
8961
9001
1368
2499
2463
8258
1816
1843
2891
2401
8835
1770
8456
5485
2359
2360
8538
3123
2762
2576
7564
8227
2814
2967
8171
8629
1872
1663
2309
9063
8013
9040
1381
1346
9072
8842
1863
1426
2866
9067
9068
2990
1715
8510
2449
8066
7600
2007
1326
9006
8925
8361
1606
2562
7326
8202
8217
1674
2189
7857
8558
8555
3090
2632
7329
8933
8878
3106
2961
7801
7902
8893
8689
8692
3797
8801
8434
2031
2037
3157
8979
8093
8150
3137
7764
8125
7299
1735
3047
8726
5907
8775
2125
2687
2683
2681
8742
1841
2181
2182
8955
1459
3017
2928
2380
8279
8272
2100
2603
7416
8932
1409
1582
2780
2390
8640
8429
2516
5504
7769
7917
8409
1374
2614
2616
8609
1896
1443
2426
9085
8860
8914
8668
9268
2252
8047
1939
1502
2478
7972
1394
3003
2209
2413
2367
7279
2986
1688
2593
3810
7720
3903
7852
2902
7317
8790
8829
1589
3196
7680
8308
8502
10126
2330
7205
7212
8439
1559
2748
7925
8185
8884
1667
6821
7786
7607
8571
2802
1356
7770
9029
8391
2053
2057
7632
8858
8847
8168
2971
7765
8033
1252
1741
2287
7381
3714
8764
1363
2700
2696
7227
1808
2212
2227
7956
7522
1455
3024
3515
7262
8778
8547
2090
7361
2572
7874
402
2138
10265
7244
2164
8411
1659
5468
7483
7476
7584
1569
3143
7745
7710
1967
1439
2607
7995
8127
8134
8674
2304
2447
8989
8865
1992
2495
7930
7959
8142
1595
2409
2432
8289
1774
1712
2655
1386
7559
8336
8331
8328
7934
8251
1471
1628
2550
7804
8106
8107
1545
5497
7387
7221
1902
2074
2897
7199
8853
1881
1576
2937
3035
8062
8869
8874
2589
7467
8009
8352
1838
7373
7687
7652
7648
1700
2856
7249
7549
8535
2913
1349
2441
8784
8394
1498
2832
2845
7906
1962
5447
3129
7944
8205
8475
1484
1339
2374
2376
8489
2104
2637
7969
7961
1951
2819
2193
2259
8110
8448
1675
2232
2237
8995
8531
1581
1640
4661
8182
1472
8463
2157
9056
7512
1793
8682
3056
7431
8818
8324
2004
3139
7668
7673
1810
8156
3191
9103
8043
2992
1506
2663
7832
8964
1906
1428
2720
7320
7538
1886
1615
2885
7406
7477
7484
3635
2611
7612
8866
8543
2092
2878
7947
8637
8892
1752
3073
3079
8653
9019
3097
2581
3161
7568
8498
1829
1324
7685
2567
9363
1733
2922
9102
946
1760
8667
1342
7462
8703
8772
2065
2796
7955
8902
8599
8164
3037
2436
8028
8405
2112
2169
2461
2467
8235
3112
2690
7885
7606
7287
1537
2187
2160
8811
8424
2917
2475
7217
8804
8340
8345
2849
9092
7873
7908
2538
2933
7781
7811
8605
2131
5475
7423
7229
1421
2046
2714
2716
7530
3007
2730
2320
2327
8958
8481
2085
2649
7860
8988
3894
2149
2837
7642
7502
8899
2523
2419
2261
2267
9035
3028
2579
9074
136
8369
2020
2543
7777
8627
1957
1723
1058
7794
8287
3250
1984
2507
2366
7580
8750
2204
2754
7679
7696
8587
1436
3854
1635
7869
7295
1573
7356
8298
7718
8488
3118
2786
7418
8862
3014
1532
2963
7983
8023
8397
1553
2283
416
3724
8241
7854
2873
7754
7755
1405
1749
2306
8736
7555
1786
2126
2491
7340
8795
8551
1699
2869
7940
8193
8224
2735
2948
7257
8055
7596
2808
2652
7309
7333
1938
2103
2548
2403
8074
1871
2529
9617
2340
8117
1765
3100
7271
7446
8974
8984
1853
2740
8001
7236
1779
2219
3064
2242
2246
8515
8677
7369
9053
7912
8365
2146
3176
9080
7507
341
1656
5501
7827
8654
8315
1376
2332
7438
7729
1858
2825
2828
7664
3772
8582
1618
2314
1624
7413
8479
10256
2679
7626
7702
1412
1602
2858
7761
8917
1755
1690
2292
7471
8050
8387
1995
2509
7631
8304
1917
1833
2840
7808
8078
1463
1525
523
5515
7542
9016
2083
2758
1391
8825
8373
1670
7351
7689
7241
8452
8690
3186
8719
8318
7585
1486
2497
3170
3181
1894
1703
6819
7736
8084
8591
2906
3059
2348
8960
8998
1369
3609
2457
8256
1817
8467
7660
2397
8834
1771
8458
5481
2362
2361
8529
3109
2757
2575
7566
8233
2815
2966
8174
8633
1873
1662
2312
7789
8018
5463
1383
1344
9094
8843
1866
1425
2861
9070
9069
8572
1726
2276
2448
8067
2994
2008
2001
9005
8926
8360
1607
2563
7800
8195
8216
1693
2196
7856
8556
8562
3088
2631
7330
8935
3726
3107
2956
2973
7901
8888
3942
8695
8696
8798
8433
2044
2038
3155
8177
8092
8153
3135
7759
8123
7296
1710
3045
8725
8731
8776
2133
2675
2685
2686
8738
1845
2178
1717
1632
1457
3018
2929
2379
8283
8269
2101
3771
7415
8934
1406
1577
2779
2393
9194
8419
2517
5472
7772
8045
8408
1373
3147
3148
8616
1970
1444
2427
9084
8644
8915
8666
2924
4863
8249
1941
1501
2484
7971
1395
3004
2199
2415
7978
8208
2987
1686
2597
2454
7721
8525
7845
2903
7316
8791
8831
1591
3198
7659
1521
8505
1683
2337
7210
7213
8440
1557
2750
7924
8186
6863
1666
2940
3199
7609
8570
2519
1354
7771
9012
8390
2054
2058
7493
8845
1823
4331
2743
7739
8035
7305
1742
2286
7383
3717
8766
1360
2697
2701
8709
1977
2213
2224
7826
8630
1461
3025
3518
3252
8779
8545
2089
7353
2573
7875
7876
2140
2953
7247
2167
8412
5040
5469
7482
8990
7583
1570
3227
7746
7711
1972
1441
2606
8002
8120
8135
8672
2305
2446
8243
8248
2024
2738
7929
7960
1466
1597
2429
2433
8291
1773
1713
2657
1392
7547
8334
8332
8327
7933
8253
8261
1619
2551
7803
8105
3901
1547
5495
7390
7707
1903
2076
2893
7200
8854
1868
1578
3071
3032
8081
8889
8873
3395
7472
8011
8351
1836
7372
7647
7651
1964
1747
2864
7250
7551
8539
2911
1350
2439
8783
8380
1500
2833
2843
7898
8740
1822
3128
7943
8206
8476
1482
1340
2382
9026
8492
4466
2624
7964
7958
1952
2810
2222
2258
8112
8444
1682
2236
2231
8817
8519
1566
6496
5419
8181
1479
8459
2154
9057
7511
7019
3440
3060
7434
7222
8323
2016
3132
7672
8945
1815
8157
3189
9100
8038
2985
1572
2661
7833
8976
1905
1429
2719
7322
7535
1891
1614
2883
7407
7478
7485
1529
2610
7617
8618
8549
2095
2880
7949
8634
8882
1753
3074
3080
8645
9020
3096
2582
3166
7570
8496
1827
1328
1929
2568
8602
1727
2921
7266
8109
1759
8665
1331
7461
8921
8758
2063
2793
7953
8904
8293
8165
3043
2387
8027
8404
2114
2172
2453
4912
8234
3114
2703
8007
7608
7280
1586
2191
2162
8808
8423
4946
2483
7218
8826
8341
8347
2851
9090
7872
2981
2537
2935
7780
5291
8416
2132
5462
7428
7228
1420
2041
2725
2721
7533
2999
2731
2317
2325
8962
8485
3122
8102
7861
8987
8756
2137
2838
7640
7504
5908
2521
2422
2253
3754
9039
3608
2586
9076
8612
8371
2019
2541
7774
8623
1959
4500
3050
7796
8307
8770
1989
2503
2371
7577
8746
2202
2898
7676
3835
8586
1450
3126
2642
7867
7302
1549
7349
192
7714
9905
3119
2783
7421
8856
3011
1546
5489
7979
8019
8400
1555
2282
7621
7615
8239
7847
2867
7752
7753
1402
1739
2303
8735
7557
1789
2118
2493
7337
8786
8552
1705
1706
7937
8189
8223
2733
2951
7260
8057
7597
2805
2653
7311
7339
1947
5418
2558
2402
8073
1880
2532
2338
2339
9033
1766
1358
7272
7466
8975
8983
1852
2745
7986
7233
1778
2216
3065
2245
2243
8514
8678
7344
9054
7920
8359
2144
3175
1270
7515
7292
1657
5500
7825
8655
8317
1375
2334
7433
7727
1861
2822
2775
5901
4777
8581
10413
5558
2313
7412
8478
2011
2678
7627
7703
1413
1601
2855
7762
8918
1757
1687
2298
7405
8054
8384
1997
2512
7630
8303
1916
1832
3469
7807
8077
1476
1524
5510
5513
7544
9017
2080
96
1389
8822
7282
1668
7352
7688
7238
8451
8693
3187
8717
8313
7587
1487
2496
3171
3180
1897
1731
2416
7733
8082
8589
2907
3061
2345
8965
8999
1364
1366
2458
8257
9292
1846
2890
2395
8836
1768
8461
5483
19
2355
8527
3124
2756
2574
7563
8231
2816
2968
8172
8651
2476
1661
2310
7790
8015
9036
1382
1334
9051
8840
1864
1424
2848
9146
9066
2991
1722
2277
2344
8065
8604
2006
2000
9004
8923
8358
1610
2560
7324
8204
8214
1695
2195
7837
8559
8560
3089
2633
7328
8939
8877
3104
2957
2972
7900
8894
8687
8691
3162
8802
8436
2042
2035
3154
8179
8087
8151
3136
7760
8124
7294
1709
3046
8728
8733
8773
2124
2671
2682
8262
8708
1848
2179
2388
8101
1452
3016
2927
2383
8280
8270
2099
2602
3987
8936
1408
1583
2777
2391
8642
8421
2533
5471
5505
8048
3842
1372
3149
3146
8620
1968
1445
2425
9087
8861
8913
8669
3927
2250
8247
1942
1507
2490
9049
8908
3008
2198
2411
7975
8210
2980
1694
2595
2594
7698
8512
7848
2900
3568
8793
8830
1588
3194
7785
8309
8870
1680
2316
7208
7211
8438
1560
2749
7923
8184
8885
1650
2942
3195
7603
8584
10476
1353
7451
9030
8392
2055
2051
7634
8846
1819
8160
2545
7766
8032
7304
1798
2285
7384
3715
8765
1361
2698
2694
4606
1978
2211
2225
7824
7499
1453
3026
3517
7261
8781
8544
2088
7363
2571
7201
7196
2136
2958
7246
2165
8414
1653
5466
7481
3408
7593
1568
3142
7743
7724
1969
1440
2605
7993
8129
8131
3805
2307
2444
8864
8245
2023
2761
7928
7519
1468
1596
2407
2431
8290
1790
3300
2654
1388
7573
8335
8329
8330
7932
8254
8264
1617
2553
7798
8104
3602
1541
5507
7389
7708
1900
2077
2895
7203
8852
1869
1609
3846
3033
8069
1716
8871
2588
7468
8010
8350
1835
7370
3168
7649
1965
2789
2854
7253
7552
8540
2910
1348
2438
8788
8382
1499
2830
2844
7919
8739
1820
3127
7942
8203
8473
1481
1338
2456
9025
8491
2105
2636
7968
8266
1930
2811
2194
2256
8113
8447
1677
2235
2234
8815
8523
2015
2875
7456
8141
1478
8464
2156
9061
7509
1794
8683
9998
7432
7220
2620
2005
3133
2803
7670
1811
8155
3190
9098
8037
2996
1505
2664
7831
8966
1907
1430
2718
7319
7536
1889
1613
2886
7408
7480
9021
1528
2601
7616
8615
8542
2097
2877
4984
8636
8880
1751
3077
3078
8647
5849
3095
2641
3164
7571
8495
1826
1327
7683
3490
8601
1732
2960
7265
7700
1763
8673
1332
7460
8928
8743
2064
2797
7951
8903
1975
8162
8163
2378
8024
8402
2113
6274
2460
2466
8232
3113
2691
8006
7605
7285
1604
2190
2161
8809
8426
2916
2514
7215
8805
703
2048
2850
9096
7905
2983
2536
2931
7784
7812
8607
3900
5465
7425
5690
1418
2040
2713
2715
3364
3006
2729
2318
2324
8956
8482
4044
2648
7859
8986
8759
2150
2842
7638
7501
8896
2525
2420
2251
2265
9038
3029
2585
9075
8610
8368
2208
2546
7776
8626
1958
1721
3051
7792
8282
8431
1990
2501
2369
7576
8747
2206
2752
7678
7693
8585
3765
5488
7864
7866
7303
1562
7357
8294
7716
7590
3116
2785
7420
8838
3012
1544
1533
7976
8021
8398
1552
2274
7620
7338
8226
7851
2872
7750
7751
1403
1744
2300
8730
7560
1784
2117
2492
2489
8796
9906
1697
1704
7938
8191
4452
2734
2949
7256
8056
7595
2806
2659
7313
7332
1946
2108
2556
2404
8072
1878
2530
3041
3042
8128
1762
3099
7270
7464
8973
3357
1850
2739
7999
7234
1782
2218
3070
2240
2244
8503
8679
7367
7393
7914
8355
2142
3173
9081
7521
7291
8953
5502
7829
2030
8316
8971
2331
7436
7731
1855
2821
2829
7663
8089
8580
1620
2296
2311
7411
8471
1985
2676
7625
7705
1416
1599
2857
7742
7897
1756
1689
2294
7264
8052
8383
1996
2510
8301
8302
1915
1831
2945
7806
8076
1464
1531
5514
5511
7546
9015
2081
2628
1390
8823
1411
1669
7354
7690
7239
8453
8694
3185
8720
8312
7588
1489
2498
10266
3179
1898
5607
2417
7735
8083
8592
2905
2350
2347
8952
9000
1365
1367
2462
2767
3782
1842
2889
2398
8833
1769
8462
5484
2358
2357
8530
3110
2759
3228
7565
8228
2818
2969
8173
8650
1874
1660
2505
9062
8014
9041
1379
1345
9095
8841
1865
1423
2862
9065
3892
1949
1719
2278
2349
8064
4462
1999
2002
9003
8924
3269
1605
2561
7645
8200
8215
1673
2175
7836
8561
8557
3086
2635
2615
8938
1925
3105
2962
6771
8121
8887
8688
3500
3160
8800
8435
2034
2036
3156
8178
8091
8152
3134
10070
8631
7297
1736
3049
8727
8734
8774
2122
2674
2684
8260
8751
1844
2180
5895
7525
1458
3022
2926
2384
8284
8271
2098
2600
7427
8931
1407
1584
2776
2392
8641
8420
2522
5506
5508
8046
8522
1380
3151
3150
8621
1944
1446
2424
9086
8911
8213
319
2923
2452
8246
1937
1496
2485
9048
8909
3002
2200
2412
7977
8209
2978
1685
2592
2596
7719
8526
7850
2901
7315
8792
8828
1590
4025
7662
8310
8501
1681
2329
7206
7129
8370
1558
2747
7927
8183
8753
1665
2941
3197
8034
8578
2518
1355
7450
9031
8389
2056
2052
7635
8857
1821
8169
2291
7738
7767
7306
1634
2289
7385
3716
8768
1378
2699
2695
7226
1914
2215
2226
8277
7523
1454
3030
3516
8723
8574
8546
2109
7362
6510
7202
7198
2139
2944
7245
2166
8413
1654
5467
7475
8991
7592
1567
3141
7744
7723
1935
1438
2608
7994
8122
8133
8671
1015
2443
8244
8342
1981
2737
3536
7518
1467
1593
2406
2430
8288
1781
1711
2656
1385
7562
7498
4030
4414
7935
8252
8265
1627
2552
7799
8063
8486
1513
5460
7388
7490
1901
2078
2894
7197
8851
1860
1575
3069
3034
8029
8890
8872
2590
7473
10294
8349
1837
7371
3153
7650
1963
1746
2863
7254
7550
8536
2912
1351
2440
622
8385
1503
2831
6822
7899
9136
1629
3130
7941
8211
8474
1483
1337
2373
9027
8490
2106
2629
7973
8263
1950
2812
2223
2257
8115
8449
1676
2230
2233
8816
8532
1580
649
7455
8190
1470
8457
2155
9058
7510
1792
8684
3055
3832
7219
8325
2013
3140
7667
7669
1813
8148
3795
9105
8039
2989
1491
2662
7830
8967
1908
1431
2768
7321
7537
1890
1892
2882
7402
7479
9022
3792
2578
7613
8617
8550
2093
2879
7946
8635
8879
1750
3076
3075
8646
5342
3094
3092
3159
7574
8497
1825
1325
7417
2566
8600
1730
2920
7267
7699
1758
8664
1330
7458
8929
8763
2060
2795
7954
8907
1974
1539
8161
2435
8031
8403
2111
2171
2270
2465
3763
3111
2689
8004
7604
7286
1587
10451
2159
8813
8427
2915
2487
7224
8806
8339
2049
2847
9091
7904
2982
2535
2932
7782
7810
8606
2130
5473
7424
4289
1415
2043
2709
2717
7531
3000
2727
2319
2323
3917
8483
3628
2647
7858
8994
8755
2135
2836
7641
7503
8898
8897
2408
2262
2266
9037
3020
2587
9073
8611
8367
2018
2542
7775
8625
1954
1720
3052
7793
8286
8769
1991
3912
2375
7579
8745
2205
2753
7692
9008
8594
1449
5487
7865
7863
7301
1563
7358
8297
7715
7591
3117
2784
2782
8849
7965
1535
1534
7981
8017
8396
1554
2281
7622
7336
8240
7849
2868
7749
7694
1401
1738
2302
8732
7556
1785
2123
2119
2120
8787
8375
1698
1707
2400
8194
8220
8221
2954
7258
8051
7601
2790
2613
7312
7335
1945
2028
2549
2564
8071
1876
2528
3038
3040
8118
1764
1359
7269
7453
8978
8982
1849
2744
7998
7232
1777
2217
3068
6081
2241
8513
8680
7376
7392
7915
8354
2143
3177
9079
7517
7290
1655
5498
7838
8656
8314
1371
2333
7439
7726
1856
2826
2792
2778
8090
8579
1612
2297
3581
8059
8466
2012
