595
734
345
868
381
459
376
594
1058
471
440
519
603
856
745
364
515
346
610
114
354
870
615
465
348
656
434
630
638
1054
688
713
648
461
911
847
117
846
506
311
620
456
1066
908
1048
474
680
617
91
448
382
642
855
744
1061
508
373
646
408
524
480
632
234
748
113
706
645
369
512
96
741
236
502
827
887
460
1052
447
424
850
525
614
682
361
1071
878
639
828
763
900
451
600
315
231
886
368
592
501
442
454
834
843
374
82
504
469
452
523
412
695
869
358
761
507
425
590
705
467
514
598
439
422
414
357
366
486
738
450
473
602
115
98
910
263
383
370
435
484
589
657
604
458
377
601
446
787
683
365
493
1049
87
903
885
1059
621
1047
432
517
441
851
762
848
591
641
1050
750
352
637
510
658
521
342
679
483
261
854
308
1068
1053
430
710
99
503
233
437
522
265
266
838
380
724
118
905
758
516
644
360
505
482
468
686
256
1069
775
643
742
784
749
891
853
728
1064
513
613
735
756
711
608
466
1062
349
255
609
431
709
831
475
94
367
840
849
257
760
232
384
727
90
774
436
844
684
628
723
647
599
409
759
353
1077
1070
681
588
526
478
629
611
871
411
494
527
413
362
259
116
685
97
822
909
375
765
347
363
500
497
485
438
778
95
1063
445
618
235
449
739
312
776
669
872
616
316
371
492
443
877
385
520
496
481
350
470
842
1065
93
659
725
867
457
879
873
755
264
313
751
821
786
433
619
819
372
359
668
86
314
379
826
852
307
498
1078
586
306
1051
737
92
111
455
901
241
743
472
785
593
832
89
640
487
764
746
707
3821
1018
3039
9462
753
1038
10815
3018
9089
9161
10457
180
9926
1060
3181
4641
1067
4878
10454
1015
177
10625
3839
2224
5698
5697
7878
6835
6824
104
6948
3092
10496
9114
6633
3679
4017
6644
10572
9431
9063
2090
7001
7130
6980
6521
6643
2818
6515
7195
8128
9592
7631
8176
10357
2877
8043
2751
6706
10123
6664
6944
3148
3319
9563
2275
1770
1393
7111
10222
2727
1384
5222
4341
2300
5117
5258
3579
10120
4600
10195
2743
10558
1381
10875
3567
2832
3543
10713
4595
10342
10069
10486
8526
3662
4599
10153
8137
4472
4575
4460
10494
2237
7918
2362
3326
6597
3575
2739
4140
7628
2378
4147
2811
2871
9131
7123
3560
10118
1211
2789
3764
6914
3921
3090
8013
4378
9107
8052
3550
1836
6828
1181
5695
3834
10093
7904
3750
5688
2267
10636
186
7396
7920
10678
2828
4215
4573
9392
10144
2342
1076
1057
1043
48
9379
5692
2391
10177
6957
3027
8113
10090
1394
1390
2247
8568
3260
3546
7901
9565
7715
1681
7779
2873
9928
9266
9447
10076
2151
2721
1531
4889
2274
9460
1404
3518
1571
4437
3577
10172
8208
4448
10198
2627
4432
8532
2625
5309
9516
2262
4637
2823
4346
9507
4627
3264
10560
10147
3511
1320
10684
2618
1708
4887
10158
10569
10637
8024
2738
8582
3549
10575
9540
2829
4459
9459
8133
2141
10633
8010
4354
9159
3902
2356
7618
2216
9587
2316
9515
9136
1419
8033
1383
10495
5209
10370
7095
10883
5204
9927
2826
4473
10876
1719
10634
7775
1216
2264
4101
7000
4057
9004
7302
4130
2211
10766
6630
1418
3544
4064
6978
4089
3900
10771
6679
3545
1415
6635
10194
3521
2142
8011
7194
6946
3870
8229
2276
4469
4024
6690
2091
2562
3675
3250
6850
5640
6658
10209
2626
3996
7899
10902
2143
1715
6855
4146
3837
7055
3156
10919
4441
1689
3995
9419
3824
2746
1017
3096
190
1111
192
3007
5548
3172
4351
3752
2993
5547
6918
8124
7714
10929
3872
6047
6539
9439
5167
2801
4379
2617
2572
2605
3155
2350
3922
7368
5168
6919
9052
2879
5211
8521
10635
8115
2729
10903
5611
2841
7890
4125
1262
6603
6976
8012
8223
7028
2036
8178
9043
2304
9001
4425
2736
10391
10598
1685
4589
1313
6691
7394
9453
2866
4065
2377
9570
6513
10814
6646
4382
1853
4248
3423
3597
4347
7121
4322
2803
2340
10721
4208
6964
2633
9424
2150
5544
10444
46
6043
3009
100
7398
10442
2647
191
1107
1040
52
1691
47
1858
667
5121
9538
5118
2268
6044
2260
3325
1714
9091
10579
4352
1687
3256
10695
2607
10922
7124
3249
9133
1550
6769
5272
3255
7910
10110
8548
10190
10359
2675
5207
4462
2232
5276
4355
1849
4875
7921
3626
9597
2094
9394
10880
4339
10206
1547
3562
9423
8123
1661
1683
8230
8549
4209
2374
2236
1665
7763
2271
3322
2741
1263
1217
2817
7630
2748
9388
4602
4420
2874
10683
3653
1209
2613
10920
10102
5301
3616
6541
10343
10154
7132
8114
2802
10448
10694
10417
10554
10484
1548
2092
9382
10552
7727
3619
4588
9156
1294
4273
2263
8225
7764
2246
9370
9363
10450
3033
9973
2195
10068
5268
2321
2095
9127
9377
4345
1039
188
54
1717
3031
8227
88
1031
773
3008
3011
105
10680
9425
1105
7139
2230
10295
2569
10906
1198
8037
9972
3248
3512
2825
9422
4161
2336
10768
1702
1842
8121
9463
10549
7917
2382
2137
9514
8116
7877
1903
7197
2788
1407
5271
7915
2212
7049
8023
7426
10117
2854
4624
2638
7922
1196
1312
4635
9503
6672
2561
3929
8529
6967
6977
10772
7772
2717
8177
3875
7422
2776
4047
5639
3867
3856
3859
6632
2038
9562
2234
6833
9426
1177
10933
3067
2634
10819
9090
5545
1116
10173
9347
1822
1041
3622
183
9504
9554
4879
1074
1014
7916
772
5293
3842
10681
6856
10449
8205
2383
10638
9512
10141
7402
8220
3001
833
712
830
3586
1072
2261
1108
1042
1117
1115
3041
1694
10817
3026
3166
6825
6834
9380
10456
1109
1026
4883
4276
2780
7015
8175
3010
44
9393
5642
3006
3171
5686
7610
3763
10816
3751
10627
8575
1771
3147
6981
5591
3840
1767
6862
2388
6656
4445
3063
2632
2620
10219
1706
5610
3034
1316
7131
3062
3765
6962
7759
2989
7025
3928
1573
1839
10394
9060
4090
2645
2335
1424
8987
2671
6621
5213
3094
2341
3895
6641
6915
8038
2891
6864
1264
4204
51
7300
7898
6538
4052
4087
1569
10201
1210
5277
1296
4085
3927
4088
6947
6680
7060
7054
7052
7303
7018
8053
1549
4110
9038
8207
4167
4072
6975
10413
1902
3097
5313
6640
1764
7116
2320
6639
2301
6699
10145
7046
7050
7187
2324
3254
6622
7137
9003
2726
2317
8125
9591
7196
6516
1855
10686
6619
10632
4102
2831
5214
2611
8570
9458
6618
9181
6612
5203
10568
1927
9434
9569
4127
4109
7092
4571
10759
7305
5257
6537
9391
8126
4131
3904
3897
9397
2215
4142
6601
10412
4598
7400
4103
4594
7027
4060
4123
9268
6596
6671
10719
6674
9111
2319
10139
7773
6659
4628
3925
8530
6696
4126
10601
4062
7011
4272
1899
10767
7923
6999
4203
3522
2565
7280
3294
4386
4357
4015
7102
3898
2140
4026
4014
5598
4055
5199
1703
5169
6600
7097
9420
9051
3869
6863
6634
4018
9183
4016
7895
9050
9045
1925
7301
2987
3919
6822
6820
3931
9501
2630
2149
3620
9449
5694
4884
9436
3157
3843
10932
1837
1016
9137
3038
3844
3169
10143
6701
1693
2258
9157
9438
3017
55
3029
10441
56
10631
1013
1027
3614
3012
2315
185
1029
770
49
3585
2139
9446
2999
103
2779
196
4877
1118
2322
769
883
184
1037
8550
5295
9381
2331
2273
1763
10688
4223
4158
2875
2361
8576
2197
2210
4454
10461
2820
10580
4056
10100
4639
10898
1073
187
771
754
107
2242
884
2270
1924
722
1075
9594
9108
3574
1410
766
9154
194
8551
9398
3583
3037
8140
3654
8143
3657
10057
10897
3174
3917
3262
10460
3040
1766
3610
6826
3835
1019
9418
5546
4083
3173
7405
9556
2226
9560
2892
8500
3180
7164
4019
2194
7057
2646
1199
6673
3823
2564
1195
9536
9048
3999
2635
3836
3903
3065
9371
2347
1901
5307
1151
10210
2355
9500
9056
9553
2093
7758
8179
6966
6945
6662
3559
10912
3093
7053
7626
6685
3290
3594
10369
9032
2718
4046
7185
9039
4073
5275
7022
6943
6647
8572
1900
2869
8022
6636
7619
4471
4044
9062
2196
4045
7283
5270
6660
6697
2379
1382
10096
2051
4119
10685
2872
2812
2245
8048
6608
9179
3906
5308
4349
2641
6470
7013
7014
7611
7048
7297
7135
4116
7002
9455
9421
4446
4122
7183
8036
10754
3547
9180
6518
9456
10178
7774
10142
2644
7397
1692
2750
9273
10157
7894
2775
7093
7127
2337
2272
9173
4634
10414
8522
2639
2266
10088
7909
6610
4604
8117
3666
2745
4593
10061
9413
1688
8533
3576
7419
7094
7128
3601
4277
8172
10115
8054
10437
4482
3665
10445
6471
10659
10455
6540
1266
10712
10365
4427
9112
10293
10720
9457
10418
2725
1411
10089
5220
2642
8228
2640
2146
9595
10085
10036
10392
10904
2730
9937
9511
7765
4461
1149
9502
9925
9979
9160
10696
8567
5282
10577
4222
2348
3513
8021
1716
7418
1380
1293
10570
8573
4638
1178
3582
10711
7119
4558
10116
6709
10603
4590
2563
10599
6517
4640
3672
10596
2231
10203
2343
6046
4371
4625
10899
8524
10213
9171
10395
4596
10363
3670
1926
10682
4458
2138
10458
2747
10204
4207
10881
10390
10101
5310
8501
4319
10062
5292
3291
10624
10059
9433
10905
10900
7928
8574
9271
4348
4559
4218
10218
1529
9373
8531
3673
10125
1570
4631
1686
7425
7406
9596
9087
1425
9110
4597
7420
4579
4630
4168
4428
1650
8118
9558
8547
4449
1215
1690
1670
2754
9172
7760
8218
7609
8025
1510
4591
10887
2819
2833
4605
2777
7882
10934
4278
10122
10211
4444
1821
1148
9389
8502
1843
4447
1989
2637
3509
9976
4876
2571
5200
2880
10155
9978
7726
5269
9274
2213
2332
8042
10205
10882
1861
3609
7138
10489
7892
3520
9593
10367
8565
10626
10901
4353
10063
7416
3561
7889
3425
7931
10064
1420
9513
7404
2277
5294
5221
4629
4885
2223
4584
1319
7925
1684
3251
7616
10375
10673
3648
8135
1991
8221
10199
2612
10689
9015
10706
1859
9088
7133
4320
8581
3580
3660
8142
4405
2628
3600
8222
1682
3602
10660
2784
1208
3627
7885
3320
9174
7713
8026
7617
9396
3459
9435
4880
3458
4434
10687
4303
7874
2876
3571
3598
7927
4384
9390
9163
3324
2145
1426
7778
9417
9155
3603
1860
3592
2323
1572
10578
7417
10181
10574
10896
1840
10079
10874
8040
7424
7932
10341
3519
10092
4871
10146
1823
10103
9974
3525
4374
4145
7725
2798
2313
3323
3625
4480
3901
6602
6604
8173
2265
2373
6768
9452
10366
10773
1852
5202
9182
4477
5256
9541
10662
2338
9134
1680
6693
7614
7887
5305
3894
10548
8041
1545
2752
7024
9454
4475
7184
2868
8046
10755
9002
3252
9376
10765
7140
6708
8265
4375
1721
7307
8014
9442
2863
10150
4008
2227
4586
10035
6637
9450
6514
6613
2233
6965
3647
10077
10221
3595
2346
9042
3539
10098
6692
10207
3920
2728
3086
4006
3645
2131
9533
6949
3998
9589
3767
9178
9539
9049
9531
3098
2894
6912
9561
5612
6657
3868
2749
7021
1713
4025
5613
9555
5696
1698
1574
2990
2890
10440
7729
3841
10223
2126
6823
2988
3145
1772
3175
3822
7914
3064
4369
3845
3997
5689
3178
10447
8174
7023
3028
5690
9047
2225
8206
3016
10174
4632
3753
8569
3032
2835
3179
3667
9369
1106
193
9176
2248
9508
3030
3000
179
4162
874
178
9135
8577
882
7776
670
1079
10193
2724
4633
1214
10557
10180
3661
3563
6707
9505
4557
7100
2127
1856
1180
7876
8204
4455
1179
4574
2048
7926
1392
2214
752
10690
2376
1056
1028
4882
9014
2327
1150
757
2867
4443
875
829
881
2035
3002
3060
5543
3623
1408
195
1030
3861
50
3019
3871
2837
2385
189
53
3846
6832
10176
7762
1720
5691
4128
3857
2222
8219
10908
9013
10604
1857
5303
3422
1318
4463
6767
4456
4577
6611
3257
2836
7879
10220
3611
2221
10065
10756
7757
3674
10416
10121
7401
2742
9272
9132
9122
4368
10921
9395
10156
8144
3615
2631
10362
1406
10493
10936
2756
10371
10487
7780
4108
10393
10884
2037
10630
8224
9924
7395
10770
8226
4426
2243
10671
10571
7886
5266
10032
10758
7880
7612
10818
1379
1377
2740
4340
6519
4603
2148
3318
6520
7103
10491
10127
7629
3655
4221
1317
3551
4886
7423
1427
5289
10175
9113
1422
10553
7421
10360
1707
2610
7403
4457
7134
1295
4383
10628
10576
10581
10820
4370
10661
7893
7613
9535
10693
3321
3584
7724
9151
10629
10692
10691
2623
4888
10200
4205
7393
1391
1423
4350
2643
8127
7392
3247
10714
8552
10722
10339
10364
10294
8039
4435
10723
3678
10340
10724
10488
10497
10192
10099
4377
4321
3578
2147
9162
8047
4274
10291
3677
10179
1265
10136
4468
9461
10067
10292
10913
7919
2614
9375
2259
2570
10060
10212
4372
2182
2821
1768
5311
5223
4636
10119
9177
2668
2615
1718
2838
2302
2357
4373
3649
10597
9415
5306
5212
1546
3510
1838
1409
4478
3621
4872
9509
10152
10451
10056
1990
3564
8579
10909
2669
3676
1854
10679
10058
10066
3617
2827
2753
9164
3656
2353
2870
10091
10114
2800
10918
2799
2830
10914
9537
9012
10372
10288
7101
6473
4578
7099
10289
7900
5218
7627
2673
3460
10672
9977
1197
8217
10358
7122
4338
9567
4601
2619
2303
1862
5210
9129
10757
10415
4560
2878
4587
4439
4143
9267
1824
4433
4206
10124
4481
4440
9437
5196
6598
6620
6623
3907
10555
10602
10600
10556
10551
2834
9275
2235
2318
9000
1176
4464
8523
9440
4166
10907
2349
1762
4058
1765
2390
10126
4470
7306
6542
7281
7282
6698
6700
6683
10290
7129
3664
7299
3896
4106
6645
10605
7096
10094
6661
3261
2305
2329
2328
4141
7020
2859
6599
2244
2787
8580
3292
7019
5312
2778
1395
9044
10078
4086
9265
9041
8571
2049
5120
1378
7888
6472
4118
2360
3618
4144
6684
7058
7012
2785
5281
9432
2737
2813
6663
3930
4005
5280
3899
4129
7026
10217
2358
3905
6638
7399
2384
4022
6942
2314
3263
4023
3650
1841
7930
9040
1769
4107
9445
2566
3768
9061
4074
3596
10559
2860
2865
3873
4117
6916
3918
6917
6849
7059
3293
5119
4342
3766
8546
3926
4007
8527
6861
8216
9528
4881
2389
6963
4000
2814
4071
4121
6979
6995
4061
9517
2674
2893
6854
3874
6682
7056
5609
2624
7047
9448
2783
9590
7777
5632
4009
8018
2193
9568
2352
2339
2636
6968
2351
9086
4424
3146
9055
5606
5638
4099
8528
3876
3095
2845
10215
6851
2992
8049
8020
4004
3066
3091
3838
8141
2588
4066
3177
10097
6045
2991
4043
10923
9059
3176
3860
2720
3858
3924
5633
4576
7716
1488
1403
4156
6153
1303
5618
2761
6200
7783
4793
7807
10355
2762
4725
5156
1329
8775
5244
4809
5239
9952
7650
4693
6853
6875
8406
6442
5157
2440
8986
6171
7083
10526
5790
121
6940
7829
10778
6249
10675
4780
7476
3694
7255
6836
4672
2549
7556
10829
2066
10305
8402
1530
9076
6070
7862
6109
4773
7477
3334
912
1244
7987
9882
5858
8467
9128
4271
8868
10492
8314
811
6333
10704
7654
10502
8466
4972
8400
556
3683
2850
1207
7554
2398
5063
4870
8298
204
10834
1879
3771
8870
6007
8259
10042
10006
8960
3796
8910
3502
7711
8958
5939
6261
7559
410
6393
4931
2412
8454
4797
1464
4335
229
6177
5134
2534
8435
2513
7710
8119
7828
8109
2716
5902
8234
2446
7484
7939
7865
8557
7668
4698
9150
3226
9475
7789
914
6116
9297
929
4508
7586
3202
6123
3658
4137
8456
8342
1249
6891
7355
1986
7383
6166
4679
2007
9799
4749
7523
2662
10485
5878
4846
8697
5006
8921
2942
4360
2601
1728
7007
3826
4848
3501
390
19
1608
1961
2392
7816
8653
6065
4050
4934
2201
10648
4922
6174
4936
10895
5828
4968
1306
1240
5350
2133
8405
5677
10283
9322
239
5354
2403
7896
9118
5718
5300
9384
6270
6300
8728
8682
6759
8418
4774
2686
10798
8277
5097
244
6371
4813
3720
10566
5343
2103
10014
7270
943
5105
8969
4051
9197
984
10238
4756
4675
3909
10185
1985
9546
6614
9094
2072
2952
3990
2723
7731
7210
3333
7819
1245
2573
4864
7639
2714
4413
7660
7700
7811
7429
2933
8095
5965
6649
7977
9211
1228
7814
7681
10797
6858
7644
5259
1538
7935
5335
4041
4833
3977
5521
4912
7866
7286
5243
9900
10109
5438
3304
8073
2670
7804
9242
7815
3908
304
7345
9286
5937
5027
9206
10584
1606
3383
10269
2425
6264
10346
7365
5005
10781
8056
788
9100
8640
3443
5933
6420
8865
3712
8027
7320
6930
5930
7924
3203
5398
10738
5869
6222
923
6456
5025
8424
10107
4920
5229
5588
5880
10710
6398
3266
5890
4779
4758
5859
890
5778
953
2181
7959
922
534
1950
3004
168
995
4712
4412
2445
5404
6810
2515
8479
9708
1471
4400
5370
2851
6784
5554
8933
4778
9840
5722
3281
2477
6447
5763
6867
2155
2363
6402
1533
1646
8710
3231
4184
4409
3068
4930
2759
896
7972
1640
130
597
4976
1882
5413
8850
2510
3013
7674
4541
9428
3303
1100
6775
10113
5389
7333
5534
1907
2889
4029
9276
5502
8627
4292
4657
8168
5495
3644
8941
4419
2682
1635
2410
8395
1501
4873
170
967
8163
9950
2797
6394
6181
135
38
2249
6463
4285
1536
1774
5436
6817
8952
8072
10074
8635
8685
1751
4281
6196
4236
7033
4553
5953
8648
4291
3432
10697
3659
5643
6782
4311
1987
9710
2706
1872
9723
634
1003
1983
6317
1499
2763
6076
4237
2574
3772
5113
4928
2912
1082
7315
1437
9316
8978
9616
8112
7562
9726
4644
9217
9077
6377
4898
9725
3989
4951
9663
5174
1945
9016
8667
5626
4798
9491
10140
4411
4673
4302
799
4708
9202
9699
859
1507
9237
128
954
9703
9009
3045
6816
9213
6462
9957
7358
1101
4393
5453
5402
6774
3691
6002
9964
4715
4737
4401
10792
5104
5190
1947
4178
6189
2599
8726
5508
9167
6688
4414
4647
2365
4417
11
2188
146
1615
5150
1363
16
3279
3277
5468
1540
9037
789
2984
5420
1429
1020
10230
8087
3406
3382
8799
397
5712
9329
5646
2109
6982
6440
5459
6182
4828
1779
1221
1307
4294
579
5566
6090
4844
3410
10044
10859
4385
9944
6387
3934
250
577
5189
343
181
3187
3497
2903
950
4247
9368
2715
9899
4491
4492
3373
8279
5137
5670
8587
10303
3851
4361
5032
3692
6426
8319
8416
2160
10020
3638
3636
4288
6571
7090
3372
5572
9943
6726
4983
6450
895
5580
4180
5412
8427
3237
3468
6753
5029
1579
2712
8605
1113
8510
8006
2996
1103
2476
8767
7602
2768
2544
4656
3732
2104
8794
5385
1276
1629
1617
8783
5507
275
10138
4211
10250
10352
3206
820
3316
576
9848
6293
4404
12
2016
2081
5465
952
7717
1521
2705
0
5533
1123
1083
5057
3731
5549
7435
2406
6746
8591
10385
8563
5052
1942
1958
126
9875
4332
8361
3441
5603
6730
4358
8326
865
5658
810
3118
794
10239
7669
9065
5474
3444
9476
6734
1558
1012
7980
2114
2711
2913
7940
1089
3163
1697
4068
5993
6499
5072
10803
2805
5038
3354
3312
6255
1045
2167
1189
9857
7376
4286
5472
7105
4488
2451
5555
8678
6020
8289
866
6667
1175
721
583
5400
3496
2442
3495
5978
5242
6741
3055
6629
6890
6819
4519
7442
9800
6544
67
3641
4153
9222
9868
10328
10641
2203
1237
10646
7508
2008
5397
2500
1088
4079
3915
8499
7742
1498
5680
5957
2366
3475
3403
2659
1477
355
1114
3189
8643
8688
2905
10406
955
1829
1084
8210
334
10794
717
9221
8832
5362
6714
1277
5193
2031
10149
5746
1460
7790
8720
5941
5386
8399
6017
3431
6650
9327
4645
3885
6557
5839
5991
6239
3491
6019
1335
3391
1094
10214
1010
7375
3044
7411
3436
546
5501
8867
740
626
8288
10474
10525
3132
5589
8817
5586
3882
3442
2902
4290
7229
6319
4316
1785
6498
4915
6349
6210
1755
6874
2069
5679
8385
3184
4711
9905
2079
5739
7830
997
5008
797
6441
948
3758
32
2418
332
958
676
8759
8486
7472
6720
1503
4381
2461
9941
8130
5526
3134
8750
10227
5387
1744
8760
10323
6545
8061
10811
1880
7509
7314
6003
2112
3722
1595
1119
6097
2995
6585
2973
9144
2985
5563
2364
8787
5455
5205
5753
9545
6080
6838
6388
5489
5663
5621
9811
6900
6572
9017
6215
5267
8686
3280
5383
3507
8802
7750
4097
6504
4655
5578
10166
3437
5687
5394
4985
6175
5671
1944
1096
10002
6777
5176
6179
8800
4363
9046
951
402
176
6026
10267
1396
732
1154
6087
6745
6199
6865
5662
736
10137
8475
3504
2184
4296
7580
5734
4692
8766
8200
4001
8706
6920
5017
8596
169
5675
2767
9337
5955
1431
3368
9701
9733
2897
7159
6078
9230
7525
3314
2772
9714
1644
1973
1035
7360
530
1737
9193
4690
6230
7242
5668
9073
3228
1402
6666
7253
4297
9245
1467
9797
6971
5378
7463
9874
2895
9783
7328
9185
5657
5417
5700
7239
6785
7352
5542
9194
4212
4256
9601
9123
3043
5324
132
6328
68
8294
163
7251
5558
9650
70
9670
223
8885
150
8675
4410
10347
6584
5794
5567
8820
8722
1954
2130
4616
3968
10606
6923
5467
6719
3308
5390
8858
5997
6115
3224
9314
1102
10505
2900
2136
2660
858
5425
10348
2853
7073
1523
8327
1021
9821
551
8286
245
3081
4305
8946
9841
2030
6580
7275
7597
9919
1747
9071
7068
8415
6432
9864
4654
9970
10001
6108
5816
8925
5541
5667
7985
9985
1011
9026
5990
7295
133
2927
1001
1787
1006
3230
4
7445
6083
4366
1819
6705
10499
8707
6569
8940
6363
10266
5615
7840
5532
8645
3964
1956
4310
2165
8649
7685
5732
5024
1226
9235
1099
1023
2960
2013
1122
5614
5949
1643
5970
8846
80
5346
3278
5886
1655
2050
8438
6318
5079
5899
1883
3950
6168
4213
5020
918
5329
694
4721
6842
6336
1738
3310
14
5075
624
10614
10490
5915
6743
7226
5175
4792
6068
3715
925
10787
8669
4791
10159
6375
8080
5061
5066
6324
5832
5345
1469
102
6139
10281
1146
10733
7259
4719
4829
9036
8961
3524
3361
3223
8957
9282
5410
4997
4765
3526
5348
3588
8918
3208
10466
9995
6141
7466
6345
9223
399
4853
5278
78
17
7532
4518
5071
9564
5926
323
7465
7738
7588
7608
7988
3376
4823
8733
396
4078
7455
3435
3107
6343
3109
10650
8959
693
6551
2553
7568
6262
3697
3190
39
2855
7211
7467
4905
1458
9192
1301
8914
9204
9493
1659
9095
5344
7970
6750
4796
2123
5087
10011
4674
8929
5804
3051
4723
227
7656
10463
8853
5590
6490
2887
9416
3774
7339
7029
3267
3534
3746
2939
3801
665
5772
8120
2430
285
5100
8108
6275
2482
5938
4149
6482
4289
7907
164
7784
2014
5951
3487
9813
309
6133
7857
10473
7596
8429
5882
6565
4767
3788
1093
3716
6742
6395
1916
9499
6898
8942
7752
6298
979
4841
4751
8147
5879
5405
8703
7474
691
8757
7751
5907
3369
5885
5983
977
5142
5719
7744
10651
7944
3785
1358
4770
5750
7579
4611
5264
6131
9303
3569
9372
5592
946
6956
5007
3076
5182
5961
7705
10562
8082
5054
5782
1974
1127
2371
9092
2292
4971
3806
6458
10428
10616
8410
7837
10506
5206
5108
8051
5914
7338
8297
3748
2400
7106
8614
6985
9367
9224
3167
4659
394
3704
2278
7364
4525
8157
8651
6306
4113
5180
704
4133
5731
10799
8239
9411
5009
8470
3693
5834
8310
6399
1399
462
4160
2666
8099
5925
1626
6791
6845
10350
9387
3948
5764
1430
9705
9328
1884
10468
3757
5833
2052
6073
18
5528
5393
5145
4076
8691
3236
9918
862
2665
10351
921
1526
6124
8673
7824
2106
6443
8409
7858
2786
5773
2687
1330
7113
2548
3733
8490
7334
7342
5736
2009
7308
934
2526
4532
5947
7684
3717
4740
8948
5927
7584
941
5
8349
7469
3802
2439
1500
9323
4689
5963
2791
9891
1564
5179
2469
8889
1155
3377
5384
9876
1241
7066
10243
3476
5448
5473
10472
3450
9831
2458
9869
2708
5665
945
7216
4362
7217
548
6480
825
5062
6101
21
7569
9410
719
1236
1605
672
5409
6687
1474
173
2121
8705
1024
6757
2053
10237
932
9922
1814
166
4328
10334
9906
9946
1087
6788
6536
9968
5935
6731
10893
2367
3808
9378
9405
7785
7657
7288
6812
7754
2757
5391
5481
7826
4452
5434
2118
660
8882
5034
5106
8660
7446
5593
1397
5376
3135
9861
10242
7680
1351
2395
5469
8231
10302
2471
3408
3108
9866
5669
8129
4367
6524
6906
4681
420
8847
10376
916
6933
1327
2857
5760
5407
142
2536
2415
933
79
6449
959
698
565
10523
1095
8408
10652
5703
10031
9809
5986
2295
1968
8293
3755
8235
4124
6840
689
65
4649
1587
1656
5392
5479
8393
5433
2521
10004
9168
8877
8278
3787
5704
9858
5808
9068
8250
5751
976
2441
5365
6048
6712
4359
2174
1734
9863
3888
5666
7237
7238
10658
10508
7965
77
8287
9225
3886
793
59
10338
9894
677
1141
6776
5408
139
1364
2282
1125
5730
7454
807
697
2533
10336
4330
9898
1091
7560
7516
5977
10012
3499
5701
3164
5844
8823
2024
3832
8153
2966
8063
6792
1949
9856
8666
7388
4643
5379
5797
4510
5482
5435
1421
2540
5904
8632
3270
6494
8307
5729
6218
9879
8245
3537
8450
9836
8421
1565
5401
4344
2658
8724
2484
9867
8269
5557
10676
7822
1594
10507
172
5958
4819
930
10409
841
8149
3143
663
9850
3528
330
5418
2054
8746
136
1934
7031
993
942
6282
8186
160
10251
127
1112
5973
4781
1610
10015
3050
7782
2405
6041
6771
6409
6765
3070
8263
9386
6678
9854
8507
2061
8730
4651
1748
5587
5477
8311
3786
5437
1940
6339
3985
8514
792
4789
5768
2882
9893
1349
10837
5361
6881
8201
4262
10707
3409
2015
5471
1485
4376
9860
8909
8308
5652
5462
10171
582
4981
5253
8189
768
9878
7797
325
5406
2839
531
134
7519
2108
996
2600
2971
3734
3778
74
10301
5727
1092
5980
7687
1597
9817
3054
7587
9101
2419
1432
1187
6811
3069
6445
8146
6651
6475
7573
9870
8637
6238
4648
2239
10483
5382
4392
4422
5483
5463
6702
2595
8299
6577
6412
8561
1494
7646
1758
4521
10617
415
5529
5470
1667
4308
6993
321
5153
5656
10664
8593
5460
2621
623
7706
6901
8834
814
8965
536
3227
7968
10727
319
1578
6303
123
7436
1922
5987
803
8185
3276
2979
700
7244
7983
1081
5976
10611
9820
6263
4314
3049
6248
6250
2047
3744
10007
3078
8154
8827
10618
6802
9853
1002
3972
4650
8712
1559
5571
5454
10045
5432
2504
2032
1152
3980
3345
5185
5497
9295
1497
7976
3967
8243
9945
4857
5641
5441
9933
9364
9966
6897
7721
10535
5649
10860
8699
4304
5475
3690
730
5352
10026
4685
393
535
1297
9888
5077
10795
207
1877
1143
1590
63
2918
1004
8166
7144
6130
2998
666
8434
2981
5975
9199
4760
9845
3048
10763
2288
3946
4676
9226
6866
9862
101
8736
8296
9803
6739
6543
5480
5443
8541
2576
8634
3910
8804
8512
5559
4181
1556
7373
3892
3581
4171
5596
8745
5442
10135
2178
3229
6996
4190
10248
5396
7534
3339
1
3718
7872
8692
575
4726
552
9890
3371
3114
158
5374
4201
129
1007
3711
6006
8062
2972
9498
61
2983
2965
4035
10398
5969
5486
9839
1133
3053
4929
4921
3182
2044
4499
6779
4549
8516
3387
2906
8183
2028
9859
10247
10231
7673
5550
4306
3756
5403
2183
6392
5561
8639
3351
2000
5622
292
8171
1830
7199
3745
8266
10245
8893
5597
5456
4042
4031
9258
10130
2076
7470
4197
2710
40
5446
389
10252
563
567
3370
6534
1741
174
5530
4173
7430
2904
9833
10698
5653
1034
9963
7374
805
10425
7621
2980
5979
9019
1800
3052
5098
1878
2298
6813
4187
1611
8600
10161
9170
9865
8633
1789
4646
4283
1551
5447
6242
1732
2059
8792
3424
8360
1504
477
8913
1639
6005
1346
5576
5363
5775
6055
9319
10134
1534
7287
1607
4860
7798
4196
286
3794
8702
1340
222
1826
1366
699
1620
1348
5355
144
8105
2152
5654
8
2251
2917
733
2547
4251
2982
5974
5143
1818
2919
3973
2115
7552
3818
4615
4539
10784
3944
2964
1844
1850
5377
2202
6427
3937
4152
9838
8464
4282
2592
557
8636
5364
5341
1147
1616
5749
6801
5636
5440
8955
6806
9814
1153
5581
4188
1273
5619
5028
4696
815
220
6593
935
1253
10082
2299
331
4493
4814
145
5651
10030
4682
804
9930
6107
1120
3047
9138
5422
3723
1793
1560
7212
2961
3804
7949
3862
8443
5818
4182
3057
8300
5395
2204
5737
5754
10003
8901
2692
5439
2583
6372
3535
8608
3072
1972
5705
1156
6607
2023
9934
5595
10039
4658
2156
3306
9121
4790
7294
4200
9362
818
1009
980
2073
429
1811
4163
269
5661
7451
6763
148
5655
6476
1033
808
4768
2842
9962
3015
1725
42
8132
8346
1817
5237
2297
2975
5428
2045
3831
10009
7973
3687
2888
5381
2370
2157
4012
6246
5141
9938
8950
8540
4307
2782
7737
7522
8595
6925
6195
4678
5920
5728
5931
7537
1139
9873
1805
5604
5457
3191
5807
3359
4195
6841
5415
392
9208
8295
564
421
4855
5504
5660
73
1848
981
5553
8880
816
4666
10915
1104
1894
652
3046
8810
9147
3754
2466
5940
6718
2916
5429
9102
7566
3727
8335
9256
1439
3084
4840
5388
2206
2427
1128
3740
8875
8824
2766
6117
8589
8756
7494
6889
5351
3
9849
1576
7174
1520
5531
9897
5520
4172
3360
7186
6880
8842
5217
10434
8816
400
6111
9779
3814
246
893
5803
5511
5644
9689
4914
10885
9169
276
20
1044
6000
9354
812
10854
10396
2915
8489
1941
6789
2107
10282
7208
8312
2911
5427
4969
3830
3637
9759
5916
3024
5373
7692
2199
3952
8617
9757
9753
4081
10240
5683
9519
2694
8737
10870
3218
7081
8809
6278
1828
5634
9510
7261
4313
9872
4151
7428
3449
10482
10879
7284
10397
253
8616
258
907
9695
9526
1761
6305
9583
8332
1780
216
62
5659
15
9771
3503
9351
802
403
9804
947
9766
9758
6180
3131
8313
2926
6796
2252
9484
9255
2910
5426
8035
3827
1435
4824
9780
9646
8081
2978
6004
5551
1881
10000
7219
10498
8879
2697
6084
8907
1362
9745
9604
7500
5629
9871
9981
4199
3447
9651
4032
301
254
7075
5160
2394
10270
1696
9492
9469
6587
81
5645
6581
2997
1036
9023
1356
9343
22
1489
9822
985
9644
9755
1137
3133
8840
8923
1121
2449
782
10429
5896
5424
1801
3819
1455
6225
857
7486
1998
3023
2191
3215
3877
10244
4364
1782
8872
1913
4093
8615
4787
9720
8333
6132
8947
1561
1866
5637
4617
2774
2257
4916
4193
1831
529
1584
8638
9971
1169
3188
1308
7499
7590
4120
3747
8320
1585
10268
7236
2101
3239
4974
4084
9559
6416
5960
10667
8352
7809
627
8508
5093
6481
5178
5527
6235
5505
3469
6991
75
8588
5284
8212
9209
8924
7558
5116
1657
1496
10285
8684
8044
8398
9254
72
2422
4783
9762
1562
10796
5781
9687
9317
8161
7351
8248
9530
1436
10131
10865
1299
8949
10644
9066
542
10467
8483
9311
9965
8419
7005
8247
7495
5552
1795
9257
6461
8301
10380
7206
6129
10911
2963
9621
7999
5887
5883
10740
9544
5710
4210
10762
8345
3470
8005
7152
8182
1730
3881
10869
6574
2773
4329
5322
2
4105
8469
9765
2401
3642
76
9482
8449
7062
9399
1933
2062
7675
8321
10162
8004
2522
1355
9645
1272
5852
7510
10886
2025
1999
2460
9730
10084
8857
8938
10436
2531
2074
2495
9264
4977
5510
10025
9566
8555
10322
1516
7233
2046
8034
962
6884
10866
8091
5112
6312
3473
3472
1247
10764
1184
5783
4970
9770
4747
1202
10080
3085
6351
419
5831
9574
2241
8854
8926
9686
1470
5339
4788
1932
6036
8761
3935
549
9580
3205
1157
9680
4735
6548
6589
6172
3812
10017
7600
7175
3100
4702
7289
209
7437
6118
940
7171
5516
7735
6272
7169
3630
7870
9334
167
2100
1675
2144
8496
5838
561
780
4842
2254
10516
8859
7641
8492
8908
8970
1649
2970
8008
2029
9892
973
6276
3183
533
6039
7082
5952
899
4139
7104
6457
2409
6223
2162
7034
8369
8839
4775
10112
108
3604
9788
7971
7160
2435
6495
6568
5648
4613
8930
3932
2020
5260
7427
8254
5594
6488
2463
6021
6201
162
580
7761
3331
8831
3384
3389
4761
9400
1957
6018
10739
1368
7438
1509
5537
971
6727
7269
8316
8009
3088
4962
9961
2099
10377
2003
5279
10534
7545
7533
8974
9356
5114
10261
3115
2929
8661
7766
978
2187
10083
5827
1126
1519
13
7933
3302
3488
10224
6642
8344
7341
9140
9465
10010
5450
7947
8031
6773
2294
4396
939
6059
8797
892
8388
587
4683
7165
4495
3467
5856
8513
5824
555
2006
4826
4984
6208
2901
7942
4517
6455
4202
4217
8835
8131
2082
5131
6063
5423
650
7664
3241
7781
3282
8951
1893
3811
10297
9083
9786
1170
6119
3412
7667
1190
9130
4258
2173
1434
2974
4114
6106
1182
3283
8032
4334
817
9988
1234
10226
2176
10647
4799
3891
9999
4077
5368
2843
9824
1321
4955
4507
7361
3440
427
7695
1875
9191
2498
4998
8883
7749
2488
4544
1194
9310
4551
2291
2699
5340
2962
7966
7871
4497
7843
8539
8372
8894
4397
10777
7147
4504
7645
6009
2616
1145
5040
7517
5249
3242
7526
10389
8374
4612
1304
4839
10253
8338
5560
2043
4186
4189
8457
5102
8211
4485
6385
1601
5004
7961
7599
4135
1592
8236
7659
9908
8252
8493
3216
6986
5022
2934
9969
3140
3959
8181
7485
9115
7535
1400
10446
3213
6830
928
2423
2240
279
5297
3792
2021
5779
5088
7091
8371
248
1586
4535
8560
9320
9165
9277
8455
3194
2908
6008
5851
6496
898
6040
8050
10725
2653
10307
5826
6894
6895
3141
9025
284
4932
4049
2664
8391
8065
1921
2055
972
3816
6283
7042
109
1352
2822
4720
7553
7491
7808
8337
5623
6465
578
58
8672
8752
5336
2416
2953
9336
9030
5715
8444
2161
1136
4040
9263
5064
2470
4039
175
9360
2229
4240
7756
6367
974
7799
7502
1463
6302
1541
1487
2084
3590
3713
1851
547
7193
2429
10744
926
4028
3338
8612
6523
7979
3652
2325
3565
8276
1888
4744
9302
3914
8414
5905
2689
8029
5485
8844
10479
2702
4800
10595
8340
9214
2039
1773
7846
1832
6144
1124
9913
4112
9823
8102
8803
7679
60
8538
5903
3113
6396
3782
7699
6431
7665
9430
10841
2532
5900
1235
7620
3154
5491
1604
4198
2677
8764
2608
6042
4465
5942
3829
10892
3790
7642
1098
2492
6236
2113
3269
1929
2928
6560
3419
5762
7162
7640
10930
8782
2380
8690
10411
6859
6808
8280
3828
7441
10517
3106
1602
2557
8190
10504
1367
5356
4731
569
2516
7479
7690
1342
4585
6778
2393
3413
6837
66
9402
9306
4894
3817
4095
6237
4989
10848
4487
9997
3809
9855
1603
1812
1633
2542
5964
7112
1532
8871
10845
8583
4253
6359
4402
8446
4728
2001
4902
2688
6069
6749
3798
4033
1135
7842
8743
6902
4895
6198
7856
2417
10674
2700
1449
6329
4954
8829
4621
8806
8902
9414
2166
10804
9361
476
4827
2279
5360
8103
1863
2129
131
2648
7836
5513
1876
5635
4665
6556
4836
4753
4394
1892
6194
4513
2537
10821
4442
2976
10935
1641
7670
8192
9359
3742
4506
2579
3698
8284
6795
3743
202
5030
4177
3471
4333
7006
10857
2443
1598
6790
9145
2847
1527
8744
8122
5298
6505
404
10438
8954
10071
9931
3392
3375
10529
495
543
6091
4680
10312
7743
230
1267
6211
29
4536
5599
5823
4252
260
6435
9218
5011
9098
3220
8193
9915
7583
6935
6438
2691
6274
4380
6972
902
10402
7551
1874
10287
7016
7004
5535
8384
2698
8007
3245
6350
8953
8807
3730
1739
5151
327
8664
2132
7651
8631
9895
5065
5647
5089
8990
8584
296
4667
4498
8317
5353
9851
6154
3201
10565
6
489
3466
8328
10465
3984
161
2163
3478
9067
2703
8937
8945
7810
9581
1625
201
8864
990
7732
6896
2793
10668
8098
4911
1790
1138
2033
3192
10337
3211
8440
692
2209
9896
1085
651
1847
7017
3193
1495
9884
10512
7903
5492
9305
6665
7859
6558
9339
5706
298
2479
151
8818
1131
8886
8460
8845
8028
2560
3073
6361
7313
3552
10308
7285
6787
9139
1191
7309
9330
9240
3144
6997
8543
6291
4980
3492
5716
5023
1809
1248
3021
3957
5171
7336
141
8104
8628
8152
5369
6758
6271
6448
7350
6037
964
10233
6591
6057
6204
1097
10609
8826
7572
6422
10593
3825
4111
6509
3225
4610
3880
499
7953
6754
3970
8860
10070
8015
3632
1373
1918
1505
8165
10917
2026
7108
7875
2959
6357
4811
8106
1480
8430
7349
10306
4642
5745
8002
3793
9907
5037
7461
9914
125
6365
4686
154
4415
8765
8083
5892
7371
5562
1622
2286
10470
5050
5304
2345
2083
6051
10699
8719
801
10481
7182
5861
9324
5972
4037
7181
661
10510
8668
9054
4660
5359
270
7768
7079
5787
1231
1552
7065
8448
10047
3741
7975
9790
9301
1441
1653
1271
10354
7410
1140
1791
10104
7202
10186
9096
8262
8611
2359
5283
1309
6987
568
1168
8848
6292
6358
5099
2005
7767
5815
4268
1433
938
8060
5714
5236
8272
9717
1834
1919
6908
5988
3209
5785
9190
4534
8709
10475
57
10284
5126
2598
6152
5870
6286
6507
7962
1452
4614
3285
5702
5895
10589
7524
1222
6098
7372
5053
8623
10353
8452
2175
3101
8652
8386
8380
7232
4738
5758
30
8343
3981
4266
6134
2589
3344
2848
2307
2124
1459
8260
10313
5897
1360
6052
8412
7043
3557
1183
2387
3199
8290
10325
7003
9033
10426
8461
6938
10053
2509
6251
1930
6564
6772
8890
8330
10236
6260
7582
6407
10106
2102
4293
2185
6489
6527
1457
147
9998
10780
3991
9184
10833
3530
5601
5789
10503
9290
9385
10513
10318
5319
10469
9342
7359
1401
2693
3780
5371
5327
1347
7883
1203
6654
8214
2168
1129
3153
4239
9412
7080
7603
7694
4030
2027
7989
2578
10148
8353
2408
5002
1448
3608
4398
4754
4869
3628
6151
2089
550
5770
8055
7802
10501
3703
6031
203
5227
2815
5449
4514
7855
7860
4267
3866
6464
1243
10228
2354
2098
1438
10378
7490
5724
4964
6093
9325
7311
10536
7064
3864
3605
4176
5458
7723
7574
3080
6533
6346
7337
10274
3212
9818
4987
6738
8679
566
7905
4299
8506
8019
10320
3082
6550
7488
4909
1904
4315
8833
5208
7431
8525
5539
7529
8601
4403
2764
4490
6547
6909
5912
7638
1674
2122
7649
1446
1566
10547
4489
2602
2459
6459
5349
4530
5094
6652
8830
8261
2468
9408
2597
7720
10034
1205
2293
7755
8392
6287
1978
5096
6127
5464
5254
1735
6120
6209
8092
5332
5333
8758
8504
7974
7407
7279
8665
3613
5046
5047
3271
6567
6503
6356
7069
6827
8520
10657
2652
4776
779
10620
7515
3197
7748
6566
4704
4703
4982
7598
6197
5795
1022
4063
8919
9464
8534
4730
3330
2519
5805
5850
3335
10613
4254
9340
9099
2550
8209
8739
1613
9332
7493
1447
7952
1486
7326
7343
1230
2554
2502
2397
7861
8753
6252
553
6121
8721
5735
1537
3508
8545
7911
6163
10760
9812
10163
6951
9846
6060
2943
4054
7677
3398
10379
5774
4913
5845
2444
6229
3971
4027
9407
5055
1796
10527
7076
2189
4843
6149
8618
9243
10383
1627
2948
1514
5494
5517
9166
5225
4950
7845
7794
5752
3947
9143
3555
7849
1251
8862
8861
1915
1928
581
6983
4265
1736
813
3599
5519
2308
7702
5138
8383
7624
3775
9355
9953
9321
6882
2287
8749
9557
4709
5948
6049
10265
4260
8148
5928
8511
294
6344
8370
7274
10276
5825
9294
5080
1557
4185
6998
9955
3714
2205
8164
9309
7010
5132
3498
317
3974
2807
291
10612
5107
5165
10910
3116
3124
351
5866
1543
4582
6747
10649
4707
3077
7265
4225
7637
1600
5713
5913
8256
8233
4710
4668
2344
3983
2690
6094
6241
4451
5496
7591
1807
6454
9105
6857
10812
5605
7994
8606
544
2622
8322
10867
1663
7853
9909
7458
1386
2709
7353
9929
1920
8659
4834
4496
3426
7652
3311
7848
2368
8016
5999
3462
4429
1300
8590
6780
6446
247
8394
28
1969
4924
7605
238
9584
936
8976
5998
2967
6135
3137
8407
2896
2655
1820
6410
6913
4407
10716
1484
4531
10789
10809
8904
2758
6295
1256
10608
5842
2581
9805
10296
6389
237
7934
5147
6158
998
9350
10715
3729
8780
4862
1783
7205
7215
5232
3130
5676
9939
7161
1864
10782
9552
7039
3879
1167
2453
3284
2559
2071
6025
7984
9880
6227
6831
767
4904
1387
7956
4713
5863
10028
3485
3128
927
9989
2433
8382
2824
1908
4807
6405
6411
5894
3777
3962
10319
5847
7409
5177
10321
9117
197
8681
8077
10335
4080
2755
7740
6232
5127
3938
1201
1165
10311
7462
10769
6330
5798
5788
3484
10546
6089
1229
2179
8964
228
214
1376
1679
8273
6723
4684
10776
2067
6453
5245
3911
4949
4852
3916
1654
1528
1581
1511
1275
5074
2404
1472
2200
696
983
5836
7330
5574
3274
8786
5019
2040
5499
8784
7792
219
5081
6444
9480
4762
5314
8315
10419
8822
6609
4784
9991
8433
8687
1909
4785
3689
10840
7834
7266
8625
3162
8057
1513
6373
7126
915
8285
4706
4825
155
3878
6362
290
1370
4486
5357
5771
8553
4847
2333
4769
4309
302
9141
8900
7938
2945
6617
633
2651
85
6122
4742
3695
3994
4467
970
6105
2765
7032
6586
3232
8101
336
607
3350
5685
2650
1760
5747
5802
2472
6588
5230
6032
4995
5328
9097
2804
5129
8151
9195
4960
2909
1638
1508
8738
4228
8442
4550
1813
7770
2198
7991
299
7324
7040
1911
7146
9664
2546
339
4324
6156
9715
7071
5325
9652
6157
10016
7536
5317
9075
7335
9082
5320
9649
310
2586
7240
9609
2661
9615
4897
9696
2954
8718
7118
9070
6868
9698
6183
9722
5674
2169
6313
1982
1323
1992
9603
9080
8662
8491
9234
9639
10133
7189
4831
9694
3365
3961
6879
9602
6821
2587
9608
9794
1871
4942
7739
2473
3956
8066
9081
9216
6570
6206
9125
2552
7136
9236
6159
6170
9740
6468
9718
7153
3705
9010
4755
7348
6497
8905
9769
6162
9910
9231
9116
8984
5466
10582
7367
7247
2663
4959
9637
6173
7443
8306
1962
8985
1413
7347
2545
4944
5194
4854
4956
9793
4483
7180
7310
5326
1669
1699
9662
9667
8074
9789
2656
9706
876
1873
9582
7209
3721
8906
4805
1005
3352
6797
897
5748
3681
8481
3939
3454
2681
8376
6803
1200
3663
2411
6280
1279
6342
34
6335
10087
7220
149
7221
4990
1493
7483
4301
3353
7366
6546
7682
10540
7542
8488
9280
2735
2219
10018
9987
4717
8459
1885
8626
2060
5331
7967
10324
3538
5720
7293
274
6334
7450
1994
1334
6434
6296
1723
2289
10708
7549
5575
2462
10563
1283
5684
4858
2334
6903
3061
4094
7821
3433
35
6736
9719
4284
6911
4255
10423
1476
5524
8896
8536
1632
2713
3451
1314
9291
6185
5625
5380
8944
9912
1359
340
3315
6616
6860
2011
7489
6563
1257
10277
4901
1350
5018
3152
2474
8773
2594
8711
1259
9954
4664
9312
8246
3430
3631
3634
10086
6050
5602
4318
3739
124
2494
1412
3386
796
3591
8781
7547
4244
157
6686
8215
4816
10730
6974
6467
7589
7370
6469
5198
6299
8169
391
8068
10278
5215
1910
5855
5565
6770
2010
3726
5784
3515
8973
2134
3776
1825
211
4925
9832
969
3954
10743
1777
4724
860
36
9550
9551
4572
5506
10051
1634
2372
5780
7487
1144
1846
1705
625
8578
8232
8058
3299
7595
3234
7993
8251
10349
2065
8708
6992
3465
3463
453
5136
10196
6989
5184
4104
606
6848
491
4503
1784
5286
8922
5968
4494
6501
703
5707
3558
8778
2432
7788
10260
4763
10374
6892
1518
8887
8064
7478
7835
7841
5128
3219
2096
5908
8167
3779
920
2582
6755
6704
4538
2004
5498
9289
924
7482
1250
344
1867
3699
1642
5031
6703
6408
9586
4808
8191
10022
1164
10515
8911
7380
4592
4896
6301
6761
9146
8436
2924
8920
4214
8238
5538
678
1833
8558
6340
7528
4509
1759
2609
10788
8619
4867
6535
10583
1462
7389
2064
2925
10703
8655
6927
7115
2402
3456
5721
2431
1326
1955
3150
2478
6624
5366
10669
8975
2707
7663
7661
3138
5943
6112
5195
10836
4691
6244
10831
4246
6725
4356
3421
6233
5183
2606
7089
1695
4555
4927
7567
7647
8401
8202
9830
2457
4939
3799
6247
225
4967
6100
7382
3784
2490
4082
8075
4893
1166
3490
8881
10019
7086
2455
2506
7825
5139
6001
8473
5917
7730
3516
10234
4943
8677
3554
337
2280
10005
10805
4533
3120
4280
3966
1502
5522
9806
122
4554
4191
4750
5766
4570
3706
5186
7884
8275
3669
5188
9233
6148
7447
1891
5573
6506
8187
9623
3762
9
1242
4500
4764
3589
2375
8518
2760
3160
10422
6421
1984
931
8542
4430
5299
2520
6075
1966
10128
906
2958
8485
5929
8453
7440
4863
7769
8888
8537
7030
7498
1711
9727
9940
1461
7063
3803
1525
6207
5067
6484
4838
3453
10810
2497
1710
7747
4653
6143
1492
1159
2511
823
2399
5043
2086
4540
4154
2508
6941
2920
8484
6203
1952
2465
8097
8387
3367
1923
5678
1046
518
4890
6099
6559
378
10189
7271
1897
3736
6074
7379
5149
4700
6552
6958
10405
2002
4136
10400
8356
4608
10329
836
6066
3593
8731
3452
1512
3863
8389
1254
4806
4948
3397
444
5921
10310
904
3986
2012
8931
5172
5923
2538
5003
5944
8471
3003
5627
7833
10
6268
3328
718
6289
5219
8603
4861
9834
6873
8199
3941
9444
6561
1756
5536
5792
6273
3195
153
6716
9338
8723
9348
7666
2580
9829
1914
5817
4542
5288
4115
8928
8932
1593
798
5830
6234
2485
1815
3686
7218
3992
289
8365
322
7323
6809
7142
277
7678
10750
10830
7390
5984
224
7838
8302
300
4034
7622
1353
10808
10399
4746
4259
7512
8674
288
1912
992
8237
10184
6439
6184
10853
3415
7316
8762
8071
3268
9244
8270
10524
2852
10038
5461
8740
6485
6846
2523
5187
8713
5013
2075
9357
1388
5231
4979
5358
8620
37
7719
8892
5085
7518
8325
4938
8878
4926
966
1671
5070
1324
226
1192
839
9577
1132
8339
5375
6934
4626
9120
7844
7564
5854
9006
6721
5235
2424
1623
4757
6380
3815
1193
8258
1172
4899
249
7432
3170
6088
6397
4183
8477
4505
7384
4257
8967
1453
8979
7696
687
10373
3161
2657
2486
10008
3651
6077
5877
200
10717
4580
9349
9763
1374
1660
1522
8159
10735
2464
9791
2078
9810
5992
2503
8622
2218
8704
1588
199
3536
8663
2483
7072
10427
3923
9403
3749
2110
5810
4537
3393
5191
3480
9942
6016
6137
8145
10806
4619
1827
4474
2454
1979
1977
10537
6079
9443
6955
9949
2434
4423
1345
6126
3709
1544
7344
4583
8355
4810
10561
5570
6142
295
7852
6187
1890
7473
5163
10216
1917
10477
8357
10453
283
5841
2596
4795
5090
4002
4003
2796
8544
6353
479
1343
8445
45
8863
8001
2864
6038
2438
9148
4298
9661
5033
6029
9704
8503
5158
6529
3240
1701
539
5159
8451
9365
5016
3708
8755
7864
2935
7655
8468
864
27
3791
9990
8090
3204
8195
1188
5860
9640
7325
6326
5154
8838
8100
2491
9996
8789
1636
7224
10586
8059
7154
10052
9326
1134
1806
2170
2154
8482
3514
3407
10520
5849
3347
2158
10170
8425
1158
5060
5068
5059
3083
4695
4953
572
8347
8198
3455
7557
5512
10835
10314
8197
5918
6331
800
10471
5241
5820
5874
1456
1553
1174
4718
1238
9053
9975
8813
10573
4261
8396
4832
3235
10925
1666
7868
2019
6756
1218
287
7120
10431
8795
10208
4552
8597
3356
7948
6766
5846
9835
1302
1753
3493
4175
5140
2208
9474
215
3336
9313
4910
6800
3381
4395
1337
8373
5865
5862
4466
9936
1668
8629
9903
7268
8779
2593
10273
5493
182
2947
2514
8336
10828
3329
10839
5367
10476
9816
3606
8088
2450
4677
8403
8268
303
3770
649
10607
8772
7263
8793
1965
1742
3769
5226
7078
4745
5021
6710
6414
5769
1110
10509
4546
5617
5759
1375
1171
937
7929
9261
5884
8156
10408
2704
2530
5000
4835
8851
6805
10050
6071
8334
7805
26
3125
6231
1788
4802
5265
9383
6711
3680
10800
9886
7481
5010
9241
10421
8283
8592
3394
8586
6095
9825
10258
963
5709
2018
2310
9298
6259
4900
5273
9027
7249
10241
395
10041
3427
6910
4851
2577
7386
4965
7960
4782
4192
6381
7143
272
3893
1361
6125
2684
7070
2680
9124
488
464
7088
1939
4562
1130
7191
9721
6290
6487
5125
6243
3149
1292
729
7867
6592
293
3912
8559
9960
406
4815
10333
10511
4716
6493
1466
5430
7444
6321
3363
7408
6035
10197
9932
10590
282
401
8647
8351
8693
8613
7585
5742
5726
7571
9285
8747
7570
7704
3298
6034
3246
10316
6384
3719
6012
2518
6417
8305
4772
3244
3079
2541
4803
7996
8379
10049
6403
1731
8282
10807
6500
1227
7318
8162
9506
2097
10202
2426
2085
570
3963
10424
10309
8158
7439
5228
4963
1280
4669
5708
2087
7791
6102
4391
10665
3725
791
120
6491
1258
571
3833
3707
9712
1286
4516
4406
6479
4390
4502
4227
6984
9300
4388
9808
8292
1975
8303
5152
5564
6013
4250
6653
702
8078
2884
1290
9207
4134
4736
9201
8447
8895
7995
4606
3489
3556
5959
3568
6843
10404
8354
7248
4801
2543
8873
4697
9588
5924
5582
6460
218
537
7576
320
7801
6740
5124
4865
1712
6406
10304
1274
9283
10645
5133
3305
4622
4952
5263
6735
10729
6474
8993
1746
6245
10785
2946
9109
6478
3273
6401
4138
1810
1225
5445
8754
7321
7691
7671
6082
10539
9429
1673
2217
2676
9967
5956
9352
2058
2414
585
3724
10332
5290
538
6024
6713
7701
7817
3738
8646
10736
6970
10263
9153
7448
2930
1224
8716
3332
7041
3439
6436
4092
5110
3883
10791
10225
3185
605
1662
6717
1676
975
6732
10500
3362
7964
217
251
7228
4564
1575
4165
8891
5945
8695
4157
5934
5835
2732
9253
3624
3265
7998
4418
6338
2883
6728
545
7812
2649
8331
3795
9904
6015
213
8535
1288
2407
6937
7831
1162
4908
10048
7530
4688
3087
8841
3887
5864
6374
137
8404
5962
7615
1223
1803
8244
4238
6145
10246
84
4528
7230
8641
2914
8897
6648
3198
7718
1905
1414
1937
6240
6256
8411
2111
7141
6216
3942
31
3289
9078
328
7946
7312
10728
4652
3186
1948
10478
5954
3151
5476
4408
1473
8670
10615
1444
1724
3505
9881
3735
6369
2284
7906
8329
1971
7117
4670
9149
1232
9093
10718
7593
7381
8791
7847
3341
3129
3852
7746
3976
8917
3993
1936
7061
9292
8855
8715
2770
5725
5083
6114
10229
9079
8462
5814
5540
5741
5811
4993
8348
4038
33
4759
1778
3112
3434
9959
9947
8150
3461
6429
4241
9346
3853
10480
8368
7204
6382
1997
8362
5800
2968
5101
1185
1491
3783
7290
3682
7038
8180
7511
9807
1906
10856
4662
8992
8359
1445
5014
10752
9844
5910
4892
7771
1953
2480
10432
2551
4663
6164
596
4945
2886
262
4327
3103
9716
6419
7480
6508
3020
2955
7958
5058
5672
7633
8281
1220
2937
2938
143
2731
7514
1651
4169
5444
8607
8916
5919
10300
10751
1233
1577
3405
9299
835
10388
6413
8812
9796
10521
7415
10439
1524
3337
2816
4607
4527
7292
1845
4224
10151
2172
4946
4786
965
5012
2493
3855
3854
9579
4818
1637
6224
2556
8155
655
5767
8367
5608
1278
2733
10410
10926
10737
6794
6799
7521
8995
8458
6368
7543
2683
2034
806
10793
5164
9296
10275
5901
4623
2186
7575
1870
8727
4563
10761
7625
8843
3760
8377
6555
1311
1475
6220
10361
2949
662
10924
208
3849
4978
4947
3761
5162
9889
10852
1322
8771
7982
8856
7356
10168
4317
10846
324
6176
10235
10386
1354
7581
9911
6320
9451
6212
8478
6424
968
7262
10587
9259
10132
4743
8096
7278
8943
3142
9210
5946
6760
3207
2290
6178
7354
777
2539
9198
8194
4326
6631
10259
1428
5036
6030
1344
8241
7507
5161
10317
5044
3446
8111
10741
3936
6452
4243
10382
2957
8876
3295
7222
8884
8656
5092
10387
8253
540
8836
8768
6213
10073
8732
1745
5130
5173
2285
9887
5843
1405
6288
8644
7632
7452
6582
5091
2696
1614
5898
1515
1000
612
8139
6027
6954
6383
10182
8242
5607
1580
3056
3102
10013
6072
7869
7813
7067
10021
7044
4940
7676
6258
7357
3479
2654
7464
3438
7264
4820
6140
10160
4957
10272
4569
5936
3288
6219
4522
3587
1786
5868
6694
7544
3418
7561
7520
6307
6437
6053
7453
8700
10916
1757
6677
4907
4741
5699
989
1733
2951
1993
7688
4013
10043
7045
3820
10842
2923
6905
4075
4067
8654
4226
5095
3865
2507
3348
5867
4609
6081
2505
7276
9318
5041
10522
10519
2977
8196
9819
3688
988
3951
5881
7787
5681
4699
5262
2220
7250
1938
5569
3527
112
2396
5181
9106
1080
3307
944
1305
7795
1895
7653
5819
3949
2456
4245
3548
7329
6281
4325
10538
9409
1583
7990
10381
2447
4996
1700
159
1468
3058
5717
10541
10619
4830
2986
356
2810
9986
3529
8107
9923
5048
2734
1398
7468
6715
8935
2269
8089
7658
1440
4566
1282
5829
7156
6390
1567
5911
10462
6762
5996
1483
9885
9883
9877
8498
9658
9406
5801
6872
4389
7707
8801
4048
6325
4011
3737
2907
6729
4399
5045
6988
2250
6606
5523
106
999
5035
8963
8828
8363
7753
2386
6615
5515
2042
10545
8808
6391
1749
4295
7497
4476
7036
4547
4859
7540
8798
6428
919
1219
8079
10183
5315
8624
861
3789
10264
636
7601
8566
5135
2591
8594
8658
6014
6332
6354
6355
7643
3685
9901
5490
3297
4845
7513
7327
2679
5583
3474
3477
2667
2931
9142
3357
7741
8497
10280
9665
9074
2164
8437
5693
1743
9069
664
4729
9232
6695
10567
8748
9982
9798
1951
5302
9200
171
957
5673
1212
9011
6781
8915
9239
4387
10588
9657
8701
9007
5316
7912
3696
4331
1677
8366
9653
9072
690
1658
5757
4269
7414
8729
9785
9196
4421
674
6370
2296
10639
1618
9655
9238
6404
7803
6217
6818
7317
8725
9228
6086
1865
10055
3105
281
3253
4543
5871
5451
4523
10732
6062
5821
4529
278
10748
10726
3388
3797
4817
6733
9187
490
5777
6804
6939
1963
6477
4098
5756
5148
5318
6579
7820
708
7550
8751
3355
4069
5414
6128
4991
4849
2256
4010
10081
1835
280
8642
2527
5051
8735
10327
8849
5577
5503
5082
5240
10850
8264
3494
10129
3200
6926
6279
4337
6722
7548
3296
4581
3159
6839
8472
8562
5122
5500
5822
3684
5234
3035
10654
3258
10790
1369
6104
8480
6899
5252
6530
8045
4771
10705
6655
9270
7503
10642
790
3385
6744
9031
6847
4194
6214
9634
3111
10621
2529
9736
3483
318
10164
9709
4300
1645
426
1981
5419
4216
5155
2501
1943
329
560
2489
6150
4524
4270
10610
4739
10843
1794
8067
1517
10786
554
3400
10670
9064
7114
8069
8465
6626
4159
10188
326
4694
3481
5123
888
210
3988
1371
2326
6807
3572
8420
8257
2862
5584
3025
10298
206
4436
2792
726
9186
8991
9917
4568
1781
4512
6969
9293
7902
9345
9227
3523
7733
10095
8085
9948
1032
2369
1802
532
407
3317
3987
7686
4988
4179
3221
8977
2932
8323
6136
9620
7957
8274
3417
2311
5518
2809
2555
6285
6284
1816
6668
8364
3710
10734
8788
7881
9787
4096
3701
4164
7604
8390
212
7708
5799
10653
2528
2437
8474
3506
2017
3420
3464
10033
8972
7506
9441
5321
1664
5026
5650
3940
8814
3104
6751
9366
3158
4923
4287
10299
3165
4242
1255
3075
7683
7538
6793
71
3222
7736
3884
10420
69
4891
2899
5248
6815
9548
6327
8825
8994
5399
6549
1621
83
4748
1722
1946
7158
5334
3233
1648
3668
5509
5287
271
7109
8423
7577
6492
10594
6085
1465
3364
7505
5909
3890
2105
417
1752
4705
4545
2171
987
6110
7963
8003
6883
6576
982
6297
10802
8819
5966
10046
2921
9542
2428
6267
4992
8134
6257
8417
7369
7110
10666
10167
7697
9335
960
731
7362
1808
6348
10783
6360
8381
3196
7363
8519
1372
7594
4919
1332
889
3327
6483
4822
7527
5056
8683
8982
863
5216
541
6096
5872
10187
3848
1555
5015
5848
5488
3110
6877
4230
4958
5568
2119
1647
7722
3126
3379
4777
1239
7051
273
10286
8439
8657
991
5338
1252
7854
7322
8777
2790
3553
6226
4148
3702
5761
4232
2940
2452
913
7891
2448
6366
9843
4565
4515
809
6669
7084
7913
6161
221
3482
3945
5723
5711
5255
2475
6322
5201
7969
3671
3943
5238
6190
3390
5733
1331
2994
1389
5981
2678
8249
2306
4903
10528
9852
5989
5809
1161
8815
5624
2585
6146
4365
720
9212
7873
3309
574
5906
3243
1417
8271
1270
4821
5950
3414
8805
1542
242
243
6418
3781
333
305
7607
4999
3343
1568
418
2120
10443
7098
3643
5891
2808
10894
8769
7254
8899
10040
6486
2781
8509
6205
6103
6575
4804
675
6583
3005
4994
6386
6466
6748
8495
6676
2207
8796
5484
3275
3813
6022
6814
10640
2881
4431
2794
8956
3542
5144
673
5994
7943
3411
2159
10105
2496
5109
7728
8375
1886
297
6378
5224
716
9103
6990
5274
4687
4132
5076
5069
8188
7145
5744
845
5932
9203
4556
338
2941
2535
10591
2481
917
635
1599
7950
1163
2283
701
3633
10656
4036
1678
1630
7449
7823
5585
2077
1268
8422
9828
7578
6522
10331
8517
4234
7636
10663
6675
6502
7434
6526
8852
4850
1563
2068
4722
1726
4229
1612
9205
7712
7457
4733
7037
1704
3378
9826
8428
252
2771
25
8610
1341
3014
3399
9126
3401
2116
6578
6147
1213
1281
3214
6347
6341
3850
6573
6532
140
3810
10249
3773
8650
7332
8698
1204
5001
10533
8554
2806
1090
6337
10459
5889
8717
3955
511
6167
1284
1186
5347
1325
6064
9219
2858
198
10701
7981
10344
10709
10700
6931
5478
7125
8966
2056
9353
3287
654
2088
6056
4618
837
1008
7623
9734
6752
7077
3217
3612
5813
9585
3629
5246
6165
894
3301
7459
7460
6058
6376
1798
1797
10315
4174
1792
5806
7504
3342
1775
671
4312
7475
2080
4343
7377
43
9152
9104
3428
7501
2558
3541
10345
6425
10232
2695
7786
9058
1287
8000
4812
2420
8602
5740
7433
4671
2846
5452
6724
7850
2041
1554
6228
2840
8971
2255
1887
3074
5776
1291
1365
3728
5086
3800
7703
5791
4567
6430
10165
6277
4438
7273
6689
2856
1898
5261
5285
6364
5192
10849
6870
4336
10401
9847
6191
2153
2672
7231
10037
1086
2524
10452
6994
4053
9344
7745
9984
5084
3639
3349
9084
2969
2117
8742
5166
5039
3358
1631
10433
5170
1535
8304
5875
7908
10029
6844
1478
7635
5525
10585
5765
335
10543
10330
1628
8318
4966
7008
4501
6352
9427
6904
4511
6973
5247
138
7319
5967
5971
4263
2381
8585
5796
7978
6950
5630
5556
4231
24
2795
2125
10731
2192
7496
6379
2944
6553
3119
1988
10801
4249
8671
6590
8604
7
5922
1479
528
2128
6893
6627
3272
3486
4323
7672
4837
1173
2719
9735
5840
8431
5337
8811
4220
267
7563
961
9916
8676
6011
7693
8213
9827
6511
9034
8564
1285
4727
10191
7832
8869
6510
3071
10111
8476
10024
8936
5197
2922
8927
8630
7456
9842
3366
5323
5857
10623
3042
3036
3340
7214
6921
4059
559
1672
956
949
7565
3847
2568
6829
2228
7662
9119
994
3531
1889
2885
4155
3889
6737
1776
2898
7997
2936
6928
6265
2467
2281
7592
747
3122
9374
6415
10023
4794
1260
8094
8599
6625
7941
1481
9333
6554
7954
10564
7340
8463
3136
8426
1338
1339
10054
428
7734
5876
7936
8515
6269
3500
3807
3059
8350
3982
9994
8184
9331
5600
1506
1995
3022
9215
7955
2057
1416
6525
4484
9815
7107
9304
4235
2421
7793
1454
10108
1336
7689
10702
6023
9085
3313
573
781
6113
6451
8939
10542
9287
7648
6323
4070
5616
7190
7198
5514
2070
783
10532
10531
3346
2849
6783
8267
9018
7331
7992
3457
9992
6138
6033
10430
5073
1025
2487
2769
7897
8898
1964
9315
8714
10550
4020
3805
3969
1246
1261
1729
1142
10514
1709
2844
8170
7986
6798
4526
6922
8694
8696
8903
4874
5421
5291
10844
8291
9983
9713
6028
3540
398
8556
7634
1624
10518
10075
8770
3210
6512
9598
6092
8441
7260
8160
7945
5330
3975
6054
6254
7257
1596
10592
2604
5893
2436
388
4933
6400
1357
7951
5579
631
7245
1740
1935
714
584
7291
8790
23
4866
7818
7806
3965
1451
1959
3913
6628
1160
4275
3953
8358
8240
7243
3374
3300
1609
7227
1289
8341
10072
7035
9175
5853
3566
3573
4520
7606
3958
5250
2309
8774
2950
7546
1582
1385
715
8598
2180
8962
4752
8093
2499
3380
4856
880
3127
2517
5115
6595
4170
10655
5888
8609
341
6160
2603
6907
5296
4561
2567
2190
1967
1589
1591
3960
8413
10407
5487
10027
4100
6531
8070
10544
7412
5146
5049
6067
3168
6309
10858
1976
4661
10530
6594
1315
9921
10928
5982
3099
2063
7471
4219
7539
6936
9057
9795
7413
10779
10435
7541
6852
5631
8689
7277
6188
8324
5738
2135
8763
3123
8397
386
4906
3635
4620
1539
8621
3259
8378
8017
4732
5372
5431
5743
1652
8203
1055
4986
3089
5995
8874
5786
3121
2512
7304
2253
9993
7800
5078
6308
4714
1754
1269
3395
4734
64
9547
653
9935
6681
119
110
2629
8086
387
8934
10891
824
10890
7009
8255
2022
7827
8785
156
152
1727
4453
558
423
509
2312
3979
10169
3402
5682
8432
7531
3532
562
8734
4450
3448
9636
1310
2861
7796
405
986
7346
6294
9262
7223
3117
9902
8136
4973
3517
268
7298
7296
4766
7385
10271
8494
9920
6764
4021
7378
795
9980
7851
3445
1896
6423
8487
3933
6192
7698
3533
1804
1333
5985
2330
4918
6266
5416
1443
10927
2584
8084
9189
1619
10384
1328
4264
10847
6562
4941
416
4975
10326
5628
8680
3570
5342
5793
5755
7839
4150
10832
7863
8837
4935
4937
2685
6061
6786
5042
2744
7085
4548
9269
8741
7074
4917
7492
6932
6960
3978
10677
9404
3607
1799
2177
1298
9401
4479
5812
2701
10813
6010
8866
2525
3640
1450
5251
5233
9158
6221
8110
8138
9246
10823
9479
9743
9802
6193
7387
8981
9692
9749
10871
9647
9782
10464
9522
9490
9467
9751
9729
9571
9252
7391
5664
9678
9690
10257
9251
9772
10822
6878
9605
10745
8988
9022
9700
8989
9767
8030
1996
4279
7555
6155
7149
9613
10838
8821
9487
9610
9626
9250
10872
9784
9697
5111
6605
7225
9576
9489
9778
9611
7256
240
9633
9521
9681
10262
9627
9249
9685
3238
1960
9612
9248
9674
9024
9630
10255
1750
9731
9495
9020
9021
9625
9635
7207
10622
5103
9247
9028
9675
10861
9760
10256
4868
6169
7246
8996
9741
9669
9029
9523
9358
4416
3396
9478
9628
9284
6186
10863
205
9481
9648
6929
10889
9308
9472
9341
3404
4091
9728
7234
7087
6871
9677
9684
8309
9642
10851
9278
9488
10864
9473
9654
9958
4233
9744
9638
7200
7235
9707
6316
2413
6888
9781
9676
10824
9668
9672
9229
7937
10403
9702
9599
10862
8999
9607
9575
9529
9468
6315
9008
9497
10742
9532
10888
6670
2722
10775
7709
9682
6311
9520
10868
1206
9614
8980
9496
6310
6314
9746
10774
8968
8912
10825
2590
9494
8998
8997
9693
5873
9775
7163
9768
9761
9737
9525
9600
1970
6433
10855
9629
9679
2575
9486
9776
4701
9774
7178
7157
9281
7148
6876
9622
6253
41
9750
9691
10826
9671
9543
9792
1490
9752
7267
9188
9573
9632
9777
7272
1482
9956
1869
9466
9742
10749
10753
9483
1868
9606
9659
9618
10747
9307
9724
9711
3700
8076
10827
10878
9527
9534
6959
9764
10356
9773
9477
9624
9578
9754
9619
7213
2238
3429
9471
9739
8983
9738
9641
9756
3646
7258
9220
9035
7151
9688
9485
9572
6528
6202
9747
9643
10746
9470
9524
1980
10643
6869
6961
7166
7168
7155
9748
9666
9279
2956
3286
10931
9732
7241
9656
9549
463
9660
1931
10279
9673
9683
7252
6304
3759
9837
9260
10877
10873
9631
9617
9518
3416
7179
6887
7170
7176
7172
7167
7192
1442
5620
7150
7177
6952
7203
6953
9005
8776
6885
6886
7201
6924
10368
7188
9288
5837
8505
7173
10254
9801
622
9951
165
3139
5411
4961
