831
823
830
629
813
826
816
828
812
401
832
1115
818
436
531
820
585
842
948
314
917
809
849
419
844
841
862
827
20
216
107
808
495
825
824
822
821
855
837
197
1132
791
840
730
323
657
506
669
272
306
963
564
829
523
194
117
396
651
646
630
613
652
644
635
634
656
626
619
43
949
662
668
308
279
1043
534
109
428
180
185
317
857
702
1112
162
463
509
144
481
605
904
191
492
461
448
814
815
490
503
817
275
73
932
103
231
1125
810
420
398
494
400
414
426
501
592
250
498
209
496
447
433
554
399
522
572
208
129
287
220
255
936
615
309
397
101
174
945
834
1114
1104
1068
1036
1095
1067
1105
1113
1110
1101
1111
1118
288
1108
699
102
858
930
901
1057
819
302
529
410
430
438
442
432
437
445
497
622
416
443
439
434
435
424
415
607
412
856
427
405
530
526
527
920
493
964
525
532
502
589
121
284
562
286
257
150
152
236
114
116
1037
277
122
187
241
134
700
186
166
118
202
201
164
140
261
106
172
260
142
157
1002
590
587
843
137
325
947
835
926
861
952
1007
1020
946
472
313
950
838
289
369
762
608
865
864
914
675
912
919
112
918
915
927
584
900
974
111
222
319
916
1128
423
332
847
460
1117
1088
929
458
714
846
552
199
955
737
581
376
79
411
364
604
599
833
666
154
569
422
165
578
124
402
263
418
593
421
440
804
798
1073
345
177
788
860
252
911
247
1012
362
18
909
691
24
0
27
1035
221
215
242
212
219
245
203
265
271
214
200
270
518
943
519
799
603
93
113
193
505
801
363
1084
784
940
133
537
853
928
722
22
40
854
453
999
956
1087
602
696
780
1079
32
196
239
44
269
1047
1062
851
570
953
906
74
1040
264
1050
1131
1053
99
1130
1069
677
793
792
796
790
797
774
789
779
703
731
282
1054
8
773
100
1086
729
75
715
895
181
125
873
68
701
839
682
672
681
748
745
742
721
739
925
1029
1039
71
321
324
110
76
356
971
322
1119
655
660
658
807
627
744
45
508
670
267
238
253
246
280
902
268
217
876
903
962
132
331
961
1008
687
960
1033
312
483
975
1009
67
878
889
394
450
1019
524
478
227
7
1000
2
195
611
329
224
240
115
311
628
386
395
361
594
315
383
298
391
631
384
338
649
539
623
291
431
648
650
598
647
293
640
883
617
610
609
228
769
1090
645
621
663
637
636
664
694
330
632
976
624
211
138
625
618
33
290
35
42
643
41
10
28
16
998
942
409
661
1010
1025
667
616
957
875
665
1021
732
514
307
226
29
614
1080
1005
278
1011
749
966
377
673
1097
1098
19
1092
1042
14
982
444
366
380
511
510
968
499
533
756
892
1096
108
425
178
179
66
970
921
182
274
184
417
937
805
5
995
1023
698
706
160
711
128
163
136
462
466
143
145
127
504
480
484
320
78
294
83
77
53
21
91
836
934
905
190
516
188
189
192
485
471
470
473
467
477
487
491
205
479
459
449
758
95
489
488
276
800
933
204
235
225
232
230
233
234
151
131
740
155
229
1028
1122
981
994
988
1077
543
1124
979
1051
1022
1046
980
1015
223
811
576
500
413
560
254
517
591
596
251
468
1003
249
406
210
175
206
207
446
183
863
1074
553
521
266
571
573
582
139
156
69
169
550
938
886
931
149
1049
747
350
1059
465
347
1065
874
25
1070
867
1024
176
173
316
1102
1099
1100
1103
1093
728
120
757
452
685
738
759
689
1064
1066
474
1106
528
1094
59
1109
1107
1091
147
723
705
712
707
717
713
924
72
1056
1078
1072
1071
1055
750
305
300
301
429
358
403
404
642
34
512
1089
923
983
987
990
977
741
513
695
588
283
561
285
123
167
256
148
794
153
135
119
755
1038
70
273
130
58
262
26
237
170
141
105
171
168
259
158
159
1001
586
845
326
680
612
335
1082
951
1075
451
344
1006
1018
992
1121
475
38
343
378
1076
761
520
368
456
763
764
606
676
679
1052
557
579
575
563
896
899
898
973
969
318
1081
346
333
348
848
1063
1116
1123
935
372
457
454
455
734
48
869
551
198
954
735
733
580
373
374
355
367
80
566
535
595
568
441
547
549
577
941
1126
803
806
751
754
753
752
786
777
783
743
787
767
760
782
859
908
913
910
248
9
17
692
872
690
55
683
23
56
54
15
1034
1027
243
218
244
213
944
771
1045
388
94
82
92
104
507
370
1120
360
1031
47
365
1083
546
785
781
778
538
708
718
719
720
724
704
716
39
850
852
997
993
996
989
1061
1085
601
341
727
600
894
697
1060
46
565
146
567
50
87
96
97
98
1127
1129
688
986
765
795
776
639
897
772
766
770
1048
81
725
542
868
871
1016
671
684
746
349
382
357
972
653
620
659
882
387
686
57
49
281
310
959
1013
1058
1030
482
469
486
879
880
891
888
890
381
393
297
390
392
304
339
299
1017
476
3
4
60
1
328
342
385
334
336
351
295
292
296
352
337
340
126
597
641
881
870
693
633
36
11
408
1026
958
30
1004
965
967
371
674
1041
13
12
62
887
61
63
65
6
985
161
709
710
464
51
52
88
90
85
84
89
515
574
541
544
545
1044
978
559
407
583
548
885
327
353
866
726
303
31
922
991
64
258
379
678
558
556
555
375
736
354
536
802
775
907
939
359
1032
893
638
768
654
877
1014
389
37
984
86
540
884
313
306
52
448
388
301
300
185
295
998
316
768
1066
1076
1017
153
1107
312
290
561
372
302
377
1070
310
311
294
1025
985
541
378
307
1055
1027
304
305
303
277
368
62
284
812
355
888
323
464
53
466
37
366
279
319
469
502
60
65
415
433
457
471
451
434
411
449
443
468
429
477
422
1035
447
470
963
886
747
484
389
1054
13
1009
247
916
843
759
85
216
493
90
509
419
327
384
528
920
215
155
299
738
521
154
171
186
329
530
68
734
362
1029
997
1058
996
1072
1052
1001
1106
104
1038
523
1003
1078
1045
379
995
1057
1121
308
145
23
31
131
325
391
1037
282
202
10
318
317
766
787
762
749
754
793
750
765
758
784
763
764
767
756
875
529
254
333
298
232
929
1067
491
1051
994
1075
1048
1043
1073
992
1004
1059
1064
1047
1074
1044
1068
1036
1062
1041
1002
915
1053
1012
500
1007
788
287
497
689
522
492
517
772
78
84
1090
76
1050
151
142
5
54
46
51
74
141
48
64
128
168
77
134
72
24
18
109
144
880
531
148
79
115
113
625
1104
1108
973
86
350
289
320
158
293
218
647
724
66
921
560
752
360
622
562
840
1039
367
365
370
884
980
364
6
363
371
159
1080
343
659
45
14
260
369
246
1060
552
376
198
783
688
334
267
172
373
1097
117
655
842
533
583
182
1024
630
454
1116
402
453
428
1113
1061
110
1129
49
1013
47
1069
1114
1028
1015
864
914
774
569
555
797
292
106
979
101
648
589
983
984
987
41
976
42
721
30
540
96
536
36
34
534
27
29
538
119
25
406
1031
394
795
407
166
398
58
385
250
629
635
803
1026
129
713
276
256
855
44
966
274
271
703
652
744
1132
873
794
681
489
61
57
947
26
792
667
272
1124
660
661
187
800
181
235
283
255
196
245
223
345
815
813
817
798
818
814
807
834
844
917
82
228
653
822
203
234
870
195
849
351
400
139
211
71
167
356
892
889
891
910
907
904
857
820
837
729
775
183
257
615
401
193
593
459
322
643
467
440
465
242
474
909
948
387
933
17
140
132
923
99
358
1014
35
297
357
281
98
542
280
645
278
657
733
587
506
693
644
197
249
342
621
262
673
501
516
769
989
662
121
59
156
597
15
63
55
603
409
613
414
588
584
549
568
483
590
473
614
599
431
1091
426
425
1042
430
432
1117
462
417
458
219
479
1095
450
773
819
761
413
436
444
410
475
445
898
617
441
690
423
535
87
427
476
490
424
972
421
412
420
938
974
934
700
1030
1020
446
217
726
324
478
650
296
452
668
931
405
964
770
967
390
680
627
885
487
924
709
566
887
748
778
935
789
746
942
716
1046
595
573
495
496
710
999
971
926
347
779
399
1023
12
11
991
1006
288
404
169
1008
1063
314
862
252
707
723
877
846
108
867
92
925
125
214
201
91
126
88
518
504
507
472
418
408
163
194
190
43
180
321
330
326
380
393
382
383
381
508
520
519
510
715
515
740
527
526
503
919
263
918
162
739
737
170
861
328
525
1
16
2
67
3
0
152
138
127
147
1118
728
684
694
706
697
226
638
346
719
237
722
548
718
674
28
361
1125
1000
1071
1089
130
1105
1102
1083
105
714
623
103
1019
537
9
524
309
1077
403
585
22
1094
1056
545
19
1120
1092
7
146
70
95
1100
315
352
332
150
236
557
551
664
199
567
781
213
38
204
206
698
344
8
239
785
777
776
786
741
852
120
913
270
895
922
835
893
790
791
511
751
802
742
960
757
755
760
124
871
869
866
868
874
859
836
184
231
233
229
230
259
930
608
1022
1065
993
633
1010
1011
455
488
498
735
285
696
677
691
704
905
499
903
771
83
1088
75
133
135
1049
149
811
143
114
4
911
50
69
73
118
961
881
39
56
94
137
397
136
93
81
111
112
624
1103
374
616
899
157
554
241
753
224
264
571
646
672
705
687
512
975
572
575
225
359
395
563
269
839
827
1040
902
901
227
1085
1127
1126
1079
338
651
340
658
1005
261
240
553
618
570
375
780
782
686
331
577
268
265
266
845
946
210
1096
116
654
826
841
532
579
578
581
582
188
1112
1110
1115
1111
1016
1099
1101
1128
1034
494
863
20
928
932
912
927
805
808
799
908
796
824
829
806
291
978
981
982
102
943
936
879
212
986
945
897
40
956
944
940
720
727
97
33
32
539
1032
831
683
619
610
164
165
396
386
564
685
631
731
950
628
634
641
804
801
833
712
854
838
850
856
872
860
853
965
273
275
699
702
701
695
666
743
1130
594
848
1131
348
876
665
949
1122
123
1123
191
175
161
192
189
243
244
890
678
828
816
810
463
339
832
823
821
238
160
851
642
207
209
675
883
896
906
258
591
592
460
438
435
439
222
620
894
951
955
100
586
656
670
663
732
505
513
736
248
485
336
341
337
604
596
482
611
558
605
602
606
671
514
988
251
952
122
600
543
612
556
550
546
481
416
480
547
598
601
89
1082
456
220
208
878
442
969
937
1021
725
649
968
626
708
711
565
882
745
941
939
958
335
959
962
990
253
679
107
858
865
200
957
953
176
177
178
179
173
392
1119
640
637
636
682
717
1081
1018
1093
1098
354
559
544
205
847
607
486
286
692
954
80
574
900
1086
1087
1084
576
825
580
1109
21
809
977
1033
632
730
349
461
830
437
221
669
609
970
676
174
639
353
142
151
162
67
894
155
607
154
88
670
140
321
146
706
542
1132
716
143
160
141
105
148
168
688
169
144
158
152
883
1025
1107
147
693
624
145
149
150
385
72
1072
99
281
75
268
622
25
76
685
949
69
387
948
161
530
1094
1098
19
765
32
65
29
349
50
33
11
0
8
34
878
639
51
64
849
942
897
544
1104
665
508
977
170
660
180
305
1001
613
533
1016
552
20
132
1013
567
615
610
609
606
550
611
608
14
586
89
1051
1131
445
91
686
667
671
668
643
662
673
723
1061
678
989
674
695
700
752
669
620
740
987
966
1048
1122
973
127
17
677
87
618
506
135
139
319
348
309
310
350
312
333
329
298
306
326
463
320
343
191
1050
80
452
339
413
218
826
526
661
690
703
701
698
702
682
694
5
655
696
704
699
705
666
654
680
672
659
663
631
541
527
336
523
536
486
571
543
529
718
1020
1088
743
1087
658
1116
963
1129
1070
1066
295
953
955
1071
1093
971
299
978
1039
975
982
1076
954
1082
1113
1049
1044
1086
1114
1005
715
721
651
920
68
121
328
156
576
157
138
421
369
159
377
806
137
73
471
770
465
681
1108
100
102
247
884
101
1099
93
103
574
760
126
448
1063
951
403
104
95
967
774
163
614
318
451
134
355
848
166
750
1074
378
183
627
842
589
742
167
31
734
961
59
964
761
717
965
756
998
629
1075
684
733
687
645
82
209
302
776
729
292
945
1056
885
1059
419
153
904
891
889
924
892
927
431
980
1024
957
1033
1036
959
1029
984
1023
1028
1003
1022
946
635
1102
220
1106
573
1111
968
79
911
462
397
275
632
623
359
383
572
198
1064
915
384
357
500
380
460
755
171
277
446
938
1097
1080
917
1021
974
455
386
709
432
453
587
334
491
2
98
81
597
97
405
244
289
288
287
251
285
291
282
283
194
207
1090
411
110
236
617
409
206
582
177
122
1069
960
870
594
300
74
264
267
265
259
253
262
179
172
338
476
335
590
772
804
1105
583
794
433
621
429
30
56
805
600
36
252
860
77
213
1057
1079
1100
1053
1084
70
653
1035
60
71
86
950
791
85
422
269
495
472
844
565
487
423
922
424
107
823
947
367
531
559
532
928
493
847
1095
28
831
1096
1092
1065
793
49
803
18
728
726
788
775
42
843
66
797
818
764
712
4
47
697
763
762
735
26
45
540
24
63
625
27
322
223
330
880
58
53
48
35
52
257
833
9
483
6
55
995
7
1054
936
43
933
877
881
879
899
921
902
638
633
641
504
418
473
128
62
492
61
263
368
211
943
916
1112
935
997
426
919
941
913
293
442
768
239
311
344
905
341
896
907
485
683
845
801
525
528
388
676
934
210
118
327
1103
664
510
509
561
450
522
1068
13
976
656
1062
84
908
503
470
193
196
999
175
1010
1002
1126
612
605
1019
1009
1017
570
524
562
771
591
44
581
584
853
129
517
108
130
131
1012
15
1014
1011
1015
563
569
568
555
518
558
548
566
985
585
370
601
689
578
549
546
12
912
90
1030
1121
1120
1118
1130
1117
1119
1128
970
1115
1045
324
475
371
360
502
489
414
392
245
443
416
469
439
444
363
983
92
741
675
642
746
972
722
720
724
1055
519
713
1060
1037
1027
507
988
986
692
1067
3
303
749
619
778
325
739
748
1046
1047
1031
1040
648
539
117
133
1124
1
812
781
374
604
773
316
929
925
404
871
616
124
505
401
307
345
346
347
308
205
996
208
356
272
1052
228
270
313
315
554
332
331
545
296
297
342
340
1007
195
187
176
197
182
188
337
588
412
415
407
400
782
219
829
825
827
691
417
630
628
538
940
534
454
521
488
480
482
496
261
535
237
719
1089
744
1085
979
1091
657
1123
290
962
1125
1127
214
294
1032
952
969
857
242
926
981
1041
1081
1110
1043
1042
1078
1006
1004
714
652
165
832
243
575
731
399
136
372
352
790
420
362
497
375
553
930
789
799
373
467
1101
769
468
466
221
679
246
241
410
994
738
736
759
114
125
123
447
449
402
398
784
816
777
164
314
317
376
837
841
354
353
351
186
861
875
751
1073
379
184
551
626
838
836
835
840
592
757
711
727
758
644
649
647
737
634
646
83
304
217
212
216
215
280
250
279
260
224
235
233
278
944
599
887
888
1058
898
903
256
869
890
864
258
923
854
863
901
430
464
956
1034
958
1026
637
232
437
811
809
580
602
1109
78
766
428
461
226
859
802
396
393
276
274
284
358
202
200
201
178
199
189
181
914
382
381
499
501
498
490
457
459
754
732
204
753
120
192
456
858
708
1008
707
852
595
577
596
593
96
94
406
479
222
286
248
436
111
230
234
231
408
579
190
394
873
874
366
266
271
254
780
819
795
434
37
57
54
21
810
273
862
868
1083
792
494
364
992
227
564
556
547
425
937
112
106
109
796
822
40
808
814
824
821
828
361
557
882
910
855
846
830
783
798
730
779
786
39
46
41
787
817
820
1018
725
537
23
876
255
10
932
900
640
474
484
886
918
441
440
767
240
895
906
893
865
113
856
866
560
909
478
1000
174
173
603
850
851
511
516
514
515
513
16
323
395
389
390
438
427
745
1038
747
650
115
813
785
872
203
815
939
520
481
867
1077
800
238
991
993
990
839
185
834
710
301
249
598
636
458
225
119
435
229
38
22
365
807
931
477
512
391
116
