8
1
202
18
5
15
3
19
430
1
284
13
395
300
11
246
11
117
517
86
22
18
412
13
10
31
4
811
615
724
19
15
5
3
422
404
328
2
14
1
7
11
509
1
7
3
5
2
9
194
32
125
7
87
633
12
14
2
5
3
19
302
39
10
18
2
201
12
118
100
10
507
173
4
516
32
21
324
161
558
524
285
133
266
1
307
636
713
233
22
17
1
28
16
23
15
6
5
27
3
203
10
586
320
33
180
39
13
505
534
5
230
279
704
385
633
10
1
8
1
641
509
6
16
31
36
124
2
286
664
363
317
17
672
335
7
132
211
4
88
625
324
355
11
2
368
2
1
326
313
1
415
282
285
4
553
19
755
1
3
120
6
709
320
393
105
581
8
313
2
411
596
19
3
424
93
1
13
419
25
18
548
100
191
151
185
97
192
95
46
32
153
2
121
171
193
272
114
181
146
104
524
509
217
523
435
731
23
658
518
116
10
113
2
30
12
1
11
47
79
3
20
48
10
2
5
14
4
3
827
7
416
716
40
112
399
83
9
9
239
2
24
1
382
775
495
307
284
119
516
95
93
26
6
2
37
59
17
6
4
389
1
86
9
58
61
186
20
7
3
2
251
262
22
1
12
374
21
171
24
384
420
9
31
3
1
5
4
389
38
9
36
433
6
1
86
294
29
39
318
231
400
401
699
421
536
258
5
534
563
670
668
604
691
584
711
589
706
704
217
543
698
633
579
686
120
634
325
654
702
618
619
656
680
703
559
714
648
560
600
678
663
7
166
240
417
5
2
2
5
1
1
7
13
705
75
20
106
33
517
1
113
93
22
634
86
1
3
87
28
501
91
4
59
72
2
476
635
2
110
184
485
638
11
3
8
25
818
55
811
448
526
294
495
52
53
720
73
260
215
394
3
242
411
5
2
805
85
1
2
68
611
10
686
333
731
716
730
723
16
17
107
13
33
57
806
695
271
598
80
15
814
1
53
46
1
279
426
11
517
6
2
389
712
326
444
452
748
5
9
15
526
268
239
12
246
80
391
135
3
192
119
58
297
664
563
265
650
106
112
543
268
473
770
34
438
188
14
485
245
250
16
1
247
21
265
14
406
5
150
3
4
254
173
159
18
530
295
77
17
103
232
203
26
76
169
156
1
15
174
75
28
14
2
21
5
3
707
7
275
3
40
46
229
499
192
667
636
214
56
531
414
549
2
158
87
58
1
27
7
610
399
93
49
615
2
125
422
185
465
416
2
889
671
4
20
1090
7
1015
5
1
26
4
3
29
13
49
56
55
2
391
609
70
16
54
110
20
50
68
102
411
216
836
115
5
4
412
9
794
692
496
14
416
6
86
758
398
694
256
977
182
24
330
48
2
187
405
115
692
420
631
124
318
2
108
397
383
71
97
73
133
100
833
566
72
815
1
402
144
88
101
250
180
700
273
606
82
813
46
28
1
27
3
235
141
57
837
38
242
27
295
514
10
531
165
326
3
4
891
890
66
1
460
42
80
153
72
850
75
309
594
865
405
34
704
454
840
654
373
45
176
623
179
267
4
813
53
735
674
609
226
213
1058
92
946
848
826
868
1031
268
333
200
169
82
480
463
475
1
7
671
79
819
1033
2
1039
218
63
455
530
626
630
112
3
2
1
560
5
527
77
1
6
17
2
12
95
88
60
485
509
263
791
783
688
74
188
18
8
61
691
278
295
62
716
286
189
76
296
468
394
678
110
104
610
10
666
321
82
723
90
89
183
1
236
5
2
54
48
58
49
69
18
15
59
12
9
629
166
60
9
195
706
572
15
280
716
279
252
2
211
1
186
213
247
17
33
200
179
648
279
1
283
796
14
101
11
238
11
5
6
2
430
22
261
393
5
268
614
340
1
3
53
1
150
38
204
368
30
207
87
93
612
12
2
1
403
248
130
1
99
251
262
255
657
265
17
81
516
2
85
5
78
9
34
41
22
10
19
15
33
92
158
73
51
53
72
26
8
70
156
630
1
27
4
155
55
3
84
647
258
19
11
17
781
570
597
196
559
41
264
495
408
306
395
297
1
831
732
846
632
124
7
440
2
45
10
587
112
276
162
11
3
121
34
469
252
239
275
247
111
365
159
277
81
39
255
498
520
363
411
445
549
497
520
6
314
337
451
111
463
471
325
309
5
170
175
114
161
30
1
14
7
564
2
565
40
405
11
5
4
4
496
546
1
80
45
512
296
21
516
477
192
2
37
28
27
1
71
80
77
93
494
4
5
109
682
212
79
930
83
107
48
124
1
169
123
1
85
165
146
3
170
167
136
114
192
2
69
8
84
256
255
85
238
232
10
1
35
198
250
208
353
259
272
81
239
260
654
13
98
5
235
286
12
530
58
17
5
16
5
608
2
1
4
47
399
62
497
198
122
112
25
28
360
67
371
220
3
464
1
129
159
53
237
11
10
16
603
42
6
9
22
19
1
353
6
254
237
1
2
22
5
4
6
2
3
18
4
424
8
17
117
398
132
438
388
452
125
453
465
466
385
16
10
4
24
26
16
1
23
19
474
18
7
16
4
1
16
30
10
31
1
592
33
337
336
15
3
30
2
7
29
248
323
30
60
304
6
319
2
379
320
297
613
6
52
1
12
1
2
5
472
22
313
3
335
415
488
1
8
2
12
17
8
14
15
1
45
576
431
860
602
10
247
8
1
600
612
625
2
33
2
594
562
15
1
36
3
129
27
574
49
3
529
1
46
6
92
7
451
538
452
347
544
518
540
351
327
1
290
2
145
265
1
2
342
13
357
1
52
238
47
2
289
51
207
4
3
64
305
307
288
61
353
382
64
420
215
436
303
32
28
198
209
206
1
1
692
150
23
280
11
82
279
173
761
431
48
306
772
673
118
648
726
272
490
1
290
732
470
5
92
7
8
811
687
641
4
98
394
54
55
44
1024
65
49
1041
1
74
58
1029
4
41
7
432
578
448
9
195
583
576
36
303
501
395
90
168
154
23
2
24
434
466
584
527
485
418
386
35
12
250
1
349
38
222
358
562
465
1
1001
1
94
177
175
102
2
1
4
18
171
101
3
19
5
2
107
129
6
65
66
13
51
1
1
341
119
744
785
736
3
89
65
23
60
4
6
46
239
1
56
14
232
99
54
262
344
8
80
620
716
28
488
541
312
286
166
77
60
678
695
2
144
445
522
40
150
54
95
1
72
385
396
18
452
65
98
433
431
512
239
166
463
276
743
138
4
1
248
393
60
25
44
17
313
1
406
6
8
16
413
4
553
2
549
44
125
10
34
12
1
2
41
38
108
5
40
37
93
38
24
26
344
1
3
606
489
15
20
2
21
112
1
47
1
133
28
1
6
17
23
16
6
78
2
3
11
23
1
3
55
26
1
31
22
285
527
311
16
522
124
50
121
528
552
61
125
883
4
48
813
25
68
2
30
1
1
1
325
3
77
642
2
710
1
83
31
7
9
12
33
12
21
22
19
25
265
15
5
10
1
283
287
18
42
1
2
362
12
465
8
394
484
383
297
491
507
11
475
5
1
172
35
1
715
723
3
719
761
747
1
24
2
3
402
1
22
351
572
11
439
1
1
426
340
273
525
12
102
290
1
1
68
2
1
500
2
507
598
184
11
3
101
97
128
372
5
118
299
288
121
165
694
715
229
838
94
32
49
50
51
45
99
4
5
30
46
55
44
56
6
1
1
95
2
3
81
80
602
11
806
9
19
100
29
107
109
125
509
76
2
3
119
12
115
8
117
7
30
22
91
16
168
130
6
97
3
92
144
131
137
37
96
48
247
582
728
180
46
1
762
146
74
103
79
145
71
125
110
587
1
108
405
523
574
623
387
524
234
549
27
1
4
85
5
2
6
89
28
189
300
2
1
28
3
146
16
33
31
188
87
208
13
23
29
172
2
1
96
16
19
17
21
4
1
2
3
89
109
75
2
16
5
23
8
1
22
4
361
1
218
287
753
679
248
461
121
37
51
119
118
2
32
128
1
30
34
86
48
17
25
63
64
49
3
136
85
156
40
27
100
397
29
24
1
2
61
323
189
31
89
51
3
2
59
4
87
2
14
26
1
4
3
505
352
1
52
38
15
160
2
5
42
53
13
23
50
175
82
4
17
35
20
3
7
174
3
64
11
1
1
9
10
12
253
328
371
35
36
40
364
309
520
24
48
1
15
8
98
151
1
23
256
1
373
235
54
2
3
167
12
1
10
1
22
70
1
10
27
5
3
43
611
2
23
501
658
520
639
475
100
68
3
16
24
22
119
26
7
118
20
88
1
35
46
122
173
218
15
16
12
1
253
1
86
29
55
130
133
295
2
835
915
539
496
2
50
1
7
78
269
5
542
787
71
2
621
9
113
468
7
591
4
1
5
185
99
96
393
2
71
88
295
698
107
177
540
296
461
260
404
82
350
47
131
408
56
649
556
733
441
564
707
76
397
662
133
103
68
565
59
50
530
185
1
59
23
964
678
773
808
983
365
704
867
643
76
668
26
125
899
969
766
34
1000
469
493
472
425
757
923
36
698
83
206
3
2
4
1
142
150
487
28
1
71
77
88
632
183
16
540
8
111
568
5
846
462
50
206
726
744
901
110
69
327
835
7
56
146
1
4
4
1
6
3
68
14
9
306
13
17
335
9
31
1064
2
4
305
586
364
375
5
8
4
14
1
7
1
1104
413
1080
501
19
25
34
32
45
40
59
51
72
57
296
330
335
74
65
82
77
308
160
1012
267
434
237
970
2
15
145
18
975
338
337
326
296
356
643
366
389
303
410
357
336
397
353
297
350
358
406
25
3
288
1
593
20
30
65
66
586
1
8
577
12
816
9
578
633
18
13
841
3
73
17
3
26
5
314
586
19
12
23
2
1069
78
163
455
166
5
2
1110
580
8
1051
160
14
489
1
23
11
381
914
5
54
1
32
7
6
11
17
71
15
584
21
7
3
540
10
31
22
829
453
588
356
417
1052
1
1
9
68
2
16
35
10
346
14
12
1
17
581
15
961
30
24
6
22
13
8
18
3
1
14
7
4
272
386
390
814
104
70
171
53
321
537
79
195
211
1
67
1
92
158
788
190
37
102
298
23
985
1
6
21
3
15
29
14
527
2
317
69
149
3
2
1
3
1
2
112
7
14
124
210
153
285
140
30
260
328
23
1
109
185
276
1
1
7
193
4
508
1
8
5
2
10
3
2
27
1
13
193
175
35
28
27
1
200
179
36
1
194
1
3
1
142
7
3
164
167
138
66
19
274
224
2
10
1
1
88
110
578
427
170
521
602
116
67
176
2
4
16
39
164
1
3
20
37
112
408
63
267
498
5
243
262
494
254
198
227
40
28
481
496
19
26
46
18
2
3
1
403
366
1
24
444
339
513
565
546
380
512
569
9
560
520
204
1
562
28
8
461
590
5
1
440
85
46
3
113
13
120
5
486
17
19
236
530
19
15
11
31
23
17
36
26
18
13
82
898
42
23
216
47
55
21
54
459
12
22
21
564
19
24
533
31
420
106
1
86
361
457
402
167
1
386
148
149
118
39
36
43
7
4
165
574
17
24
6
22
3
11
51
156
463
2
98
21
139
456
13
4
45
2
63
7
103
1
20
1
22
34
23
2
643
317
186
717
143
26
1
87
172
4
29
9
163
137
65
46
121
62
168
86
45
20
3
6
85
119
154
47
100
761
147
180
20
57
1
3
25
92
134
139
545
544
7
28
14
55
50
91
25
267
1
118
32
22
127
11
37
2
27
19
22
75
642
1
13
711
32
2
117
17
12
10
29
12
588
46
64
1
3
100
2
11
117
4
478
85
10
375
367
335
519
280
597
14
114
3
1
838
41
2
73
125
132
10
85
149
8
157
1
79
5
3
4
779
94
689
85
103
1
913
809
3
2
59
238
614
1
850
834
675
569
164
792
5
16
207
14
155
38
165
111
91
31
423
78
36
149
4
137
146
75
153
171
145
49
76
7
53
3
10
139
4
50
12
6
9
8
35
44
71
26
160
18
119
43
2
64
47
77
42
48
14
236
1
58
23
30
55
93
13
6
15
52
39
41
1
123
806
36
101
72
41
132
4
38
16
2
65
3
1
2
1
536
564
594
515
68
65
933
766
13
94
54
59
53
5
15
17
39
100
48
6
41
1
3
36
240
1
2
60
39
7
924
54
46
84
51
150
144
152
12
22
106
92
82
649
266
48
144
22
51
631
845
35
32
45
87
873
370
561
606
62
38
45
222
27
46
2
4
1
8
24
105
22
41
61
29
7
39
5
58
26
36
17
3
32
25
142
140
2
85
5
34
16
1
35
434
501
349
119
2
1
1
40
163
17
37
93
99
7
303
174
98
47
52
3
33
52
12
17
42
1
15
9
16
399
4
7
102
22
1
531
1
7
127
19
23
9
3
10
1
2
29
3
1
404
1
8
4
12
1
6
1
815
708
272
128
608
71
1
932
816
1
570
36
376
759
389
325
464
31
41
140
155
115
1
3
117
88
164
1
314
2
833
639
49
348
381
190
25
617
41
130
2
1
700
123
58
501
194
27
254
672
608
117
15
78
114
658
68
368
1
908
1
2
768
52
9
13
142
11
2
46
520
612
563
275
220
465
13
286
649
459
457
587
1
431
3
6
434
63
244
130
34
53
1
30
345
65
17
81
25
18
252
181
188
280
39
132
126
1
7
244
38
77
250
65
64
1
163
73
795
102
282
473
281
720
740
746
231
744
22
640
706
648
281
1
48
303
33
18
306
1
26
1
37
56
2
4
288
233
271
7
461
2
3
2
222
752
1
54
190
820
31
73
55
156
20
2
667
201
1
5
4
19
2
1
349
56
1
112
12
86
491
2
1
407
141
1
940
699
44
7
410
459
315
10
834
126
1
705
2
19
27
14
5
9
45
21
2
3
18
15
29
34
8
809
724
17
224
83
4
1
2
96
113
61
5
1
6
5
68
3
89
32
1
381
112
2
41
30
2
3
1
762
736
559
2
175
143
1
195
291
14
1
1
16
34
600
1
1
14
6
361
54
19
52
1
21
20
44
889
15
333
31
53
135
36
11
182
1
55
26
1
9
42
2
1044
35
59
120
4
55
2
6
557
5
43
66
479
7
5
1
266
4
2
437
611
114
9
3
20
666
155
706
111
642
13
44
18
112
450
714
1
157
58
1
1
50
412
71
67
60
54
83
512
1
1
81
597
74
1
5
114
876
77
1
13
3
34
2
2
31
36
141
61
4
134
188
1
378
1
30
2
3
1
10
2
21
9
43
1
889
950
902
387
8
185
881
147
403
2
149
171
1
27
32
23
51
56
299
1
3
95
127
650
713
163
101
60
319
26
315
723
1
35
21
49
3
11
3
189
359
34
24
26
1
1
128
22
20
30
6
252
40
42
2
30
35
18
24
5
1
1
4
3
20
2
8
36
69
121
4
490
662
115
5
2
591
520
686
110
172
23
1
3
106
72
1
2
48
41
54
66
83
39
1
25
69
100
49
47
44
53
43
128
42
45
46
67
8
60
678
237
9
9
50
195
29
23
1065
847
33
1
148
38
3
1
174
158
5
4
786
8
2
9
14
9
11
5
543
45
1
15
21
28
2
4
1
6
508
1
342
760
1
691
486
521
366
5
6
2
48
3
2
1
13
1
1
20
654
649
469
57
3
43
6
67
2
134
107
9
71
1
21
377
1
9
891
1
673
218
391
909
4
1
181
1
18
636
643
8
173
2
3
677
51
1
1
32
43
30
830
850
1045
10
292
878
9
15
10
35
7
19
246
1
40
6
5
702
2
25
82
672
52
1
995
515
6
437
626
8
59
34
53
287
44
24
13
78
98
24
2
1
143
9
2
1
7
1
352
588
50
150
46
26
2
16
52
48
723
28
1
64
113
1
2
37
26
35
52
134
1
11
1
42
6
1
2
1
9
4
40
134
217
82
5
75
37
77
1
85
336
1
408
511
10
1
4
405
84
214
279
281
110
2
126
6
1
69
84
409
156
153
326
11
452
5
176
278
1
78
55
26
93
127
30
9
40
10
70
71
68
28
129
285
73
7
39
12
410
194
89
377
493
339
60
495
266
442
67
321
584
248
368
490
215
98
444
8
237
189
273
194
596
120
536
142
64
1
994
860
519
2
11
10
26
6
1
2
401
3
42
296
9
490
1
2
2
285
3
243
191
503
56
277
286
321
1
796
250
6
7
14
721
724
5
757
3
174
17
668
137
316
590
28
185
2
1
3
541
538
1040
22
3
726
13
1
2
2
1
41
256
10
11
3
255
4
312
101
9
7
28
6
263
718
12
22
45
90
53
256
1
1
48
36
69
2
431
442
484
1
171
530
492
468
1
607
33
83
25
125
24
14
4
3
26
2
1
2
15
18
6
9
940
1
915
1
5
4
4
20
2
3
4
1
294
500
410
3
76
98
516
20
4
2
1
17
24
16
11
6
18
3
10
1
12
346
105
890
948
57
391
58
134
727
192
9
353
2
47
3
25
12
8
2
178
94
1
379
261
125
8
594
600
271
63
4
20
29
32
437
193
336
2
27
26
42
67
10
182
24
576
35
2
8
32
9
199
109
20
198
21
1
16
694
688
49
176
85
624
53
229
6
10
259
3
2
46
173
34
10
1007
103
96
20
19
40
1
1
842
2
28
43
2
58
1
37
2
9
1
263
134
1
823
27
1
156
2
504
293
316
519
568
41
26
5
28
424
161
5
31
3
3
21
47
107
945
1
26
689
36
76
167
155
127
64
1012
6
3
3
1
812
512
693
805
736
495
1
243
1
384
8
28
16
49
4
12
46
375
3
24
2
23
380
31
1
21
32
19
708
970
3
193
168
323
4
1
3
586
18
15
132
938
330
74
381
787
83
1
338
69
997
47
1
3
447
19
1
1
3
28
14
19
23
5
13
2
4
18
15
86
33
3
2
53
43
49
17
2
11
1
22
6
7
1
19
730
85
7
1
11
21
16
54
23
8
24
19
18
3
49
15
283
125
560
731
14
3
17
15
20
1
5
8
30
20
10
1
73
2
31
74
24
27
3
26
26
61
14
51
75
8
27
24
13
7
2
3
45
20
1
23
19
18
25
22
21
162
23
150
147
135
115
24
23
176
733
415
2
158
889
949
1
981
1073
4
30
14
13
14
1
2
6
8
7
3
493
103
35
14
8
3
38
5
17
5
8
6
59
21
40
20
16
648
4
2
48
27
1
722
9
12
3
16
14
8
1
73
50
35
4
12
1
1
3
9
73
1
417
425
292
113
44
134
143
16
5
204
203
1
2
2
1
158
19
66
395
31
233
315
32
7
10
1
9
70
1
73
23
77
87
12
11
8
67
2
447
14
561
5
4
42
1
9
3
6
78
10
14
12
2
1
75
6
10
231
3
13
36
1
77
7
1
23
1
2
9
28
18
36
7
31
67
41
11
10
1
255
2
509
1
7
24
4
408
72
4
282
61
24
57
9
1
4
20
28
70
1
61
286
734
9
60
2
42
6
70
404
2
585
1
22
15
1
21
10
25
1
8
5
223
1
492
113
3
39
7
23
23
32
294
40
43
287
1
449
324
101
1
75
430
413
137
293
199
112
189
778
358
420
334
10
256
4
9
6
52
1
58
2
1
10
12
4
3
8
7
355
6
1
249
84
86
83
85
87
62
76
81
79
80
82
136
68
43
182
5
58
668
193
99
1
27
492
364
126
503
1
125
1
698
858
282
99
57
318
149
196
181
197
48
27
107
1
157
2
33
512
1
6
130
7
111
4
103
47
60
35
26
52
21
55
20
13
1
202
2
339
17
343
37
1
62
3
403
41
44
52
20
58
25
57
3
6
5
45
13
38
11
24
79
54
551
13
8
1
10
16
3
14
12
2
3
1
566
5
17
18
417
20
6
1
4
4
3
651
27
65
1
4
2
398
181
202
429
18
2
49
1
8
1
3
7
9
89
267
28
17
13
12
65
64
3
1
10
61
97
6
4
8
2
90
56
55
95
7
1
3
6
2
1
3
5
35
1
2
2
11
9
277
1
27
867
998
28
793
4
3
21
5
13
17
19
4
8
998
5
389
58
58
45
738
1
13
537
555
17
144
1094
747
6
1
1
578
54
1
24
3
4
1
103
68
36
70
31
1
37
66
13
273
34
3
35
323
29
88
21
5
4
1
2
29
233
27
20
16
46
13
5
260
253
296
259
237
1
2
32
21
23
731
35
49
51
31
36
62
10
35
1
3
40
7
8
6
5
4
49
93
2
661
68
585
44
54
1
86
84
76
7
44
25
9
614
36
24
1
5
311
32
4
79
4
3
2
54
51
6
1
28
33
1
1
2
59
4
43
57
14
8
413
332
2
3
1
1
158
80
12
63
45
1
3
22
51
16
8
1
1
1
2
298
1
243
1
2
3
323
258
28
1
4
365
142
46
369
378
190
135
395
408
862
868
1
101
10
18
26
3
2
41
12
9
93
236
20
562
6
1
2
8
16
156
327
361
44
410
1
98
1
392
369
347
26
604
233
612
525
11
2
1
92
1
14
15
88
18
10
3
4
25
2
36
1
14
22
10
7
11
5
271
419
1
841
33
847
17
4
3
1
1
7
498
6
24
1
6
9
5
1
6
10
977
3
1
1
1
338
454
1
355
3
572
356
570
1
40
1
16
8
18
612
25
17
6
20
56
22
495
2
332
586
349
186
167
44
121
874
9
7
1
470
241
37
639
26
1
6
971
661
977
8
2
5
1
6
7
4
3
11
629
10
51
57
2
1
80
1
157
3
7
29
6
67
3
30
1
4
11
625
3
190
1
340
22
513
6
1
2
2
1
4
2
8
10
1
1
1
5
3
1
34
2
13
1
3
14
1
514
916
9
8
16
37
7
12
18
300
33
19
25
40
613
27
36
2
44
1
615
20
502
1
11
93
1
593
4
5
2
1
6
3
1
801
2
5
232
31
33
4
821
45
5
494
922
3
414
418
1058
1
269
667
717
958
1
1
31
169
294
133
109
469
587
671
167
1
2
5
1
1
1
14
6
8
12
7
16
2
1
3
18
10
66
132
1
10
25
19
6
7
1
18
15
30
8
52
61
22
2
51
1
586
17
1
1
3
5
32
600
40
2
1
1
572
17
3
15
1
11
43
11
1
4
1
406
558
374
19
2
515
95
4
625
523
14
8
16
20
2
25
1
1
34
33
5
108
611
1
1
2
2
1
12
2
3
15
2
3
38
1
861
913
4
3
1
10
3
6
7
2
54
1
4
1
609
1
2
2
1
1
1
1
399
1
24
14
13
15
1
44
606
2
332
3
10
1
2
7
1
32
3
16
1
8
239
1
592
540
1
14
345
1
2
6
2
7
4
5
1
1
438
4
26
1
3
2
1
1
2
1
4
2
14
81
1
511
20
962
27
2
3
2
696
780
2
2
1
1
6
3
1
1
1
1
14
1
553
186
714
292
694
801
19
268
29
720
84
857
235
1
1
17
4
626
1
99
1
1
2
36
8
1
42
10
1
1
354
390
420
1
4
3
2
14
1
705
64
1
17
2
3
11
5
6
1
35
2
1
1
5
4
36
1
1
1
27
766
419
1
24
23
20
11
3
2
1
10
21
12
637
618
21
1
639
19
19
6
3
7
2
4
5
4
1
1
80
4
9
11
55
7
13
1
3
5
1
253
1
1
10
19
1
16
2
1
7
557
8
4
1
8
5
3
6
5
4
8
1
11
1
4
5
3
2
55
35
6
21
2
76
1
28
34
188
2
1
8
4
3
2
1
1
4
6
5
1
2
1
1
15
24
269
19
111
15
16
12
13
17
9
43
34
11
4
1
2
3
4
3
9
6
7
418
14
9
1
1
3
1
7
2
64
4
1
1
6
1
1
4
2
1
2
3
962
4
2
2
7
23
5
1
3
1
3
7
1
1
177
501
1
2
4
2
1
7
6
4
5
7
20
5
6
4
14
5
3
561
3
5
278
1
2
2
2
1
7
1
2
1
30
1
1
2
18
1
13
12
1
19
1
1
4
3
2
1
1
2
1
4
1
3
2
1
728
1
5
263
3
7
2
4
1
12
5
10
11
3
700
1
3
880
3
6
1
9
2
6
7
6
1
1
3
5
6
7
8
5
3
2
4
5
1
1
1
1
296
1
1
1
1
1
1
2
4
5
10
8
1
8
1
1
7
41
16
53
1
2
1
2
1
7
5
1
10
4
2
1
2
1
3
2
30
7
25
43
334
1
1
5
5
8
4
7
13
12
15
14
1
4
1
3
1
65
1
1
9
10
9
11
6
1
2
1
35
1
52
1
1
2
11
3
2
10
1
1
1
1
2
1
1
1
22
