5
28
573
7
1
2
6
4
3
4
17
3
10
1
6
9
8
7
5
2
3
16
9
1
4
8
7
6
5
2
10
1
6
4
3
7
6
10
2
5
9
8
3
18
537
4
1
1
6
8
5
7
2
9
1
31
6
1
2
3
5
1
9
97
1
3
33
1
2
1
2
1
9
1
9
14
6
1
2
7
28
1
6
312
7
2
2
6
213
1
9
311
1
9
2
15
234
1
5
1
1
1
3
1
6
619
1
4
1073
1
4
628
1
5
1
2
1
9
1
8
26
2
11
1
1
5
3
4
1
8
1
3
578
1
9
6
1
4
1
12
1
10
1
8
1
1
1
5
2
1
10
505
5
1
5
1
3
1
6
14
1
4
16
2
11
7
1
7
768
1
9
781
2
1
1
8
49
4
3
1
5
1
6
797
2
1
1
1
8
35
2
1
9
753
1
2
1
3
1
5
29
2
2
1
2
1
4
75
1
7
3
1
3
3
4
8
4
7
782
5
4
3
10
1
2
9
8
6
3
40
2
1
1
5
9
7
4
8
6
7
493
4
3
10
2
6
9
1
8
5
2
482
10
1
5
9
6
7
4
3
8
6
471
8
3
7
4
9
5
1
10
2
1
52
4
2
2
8
1
3
7
6
5
3
256
2
1
1
5
2
7
6
4
3
36
1
1
5
8
4
9
7
6
2
4
26
1
2
6
8
1
7
5
3
2
1
2
5
1
9
7
4
8
6
3
2
1
1
3
9
7
4
8
2
2
27
1
2
1
8
7
2
786
1
2
3
7
6
5
2
3
8
1
669
3
11
10
6
2
9
12
1
5
1
7
6
4
3
2
1
2
9
59
1
1
5
8
7
6
4
2
10
3
4
3
1
7
6
3
2
2
1
5
8
1
59
1
5
8
7
6
3
4
2
2
2
12
8
7
3
4
10
1
5
9
6
1
48
6
3
2
2
1
5
8
7
4
2
17
1
1
4
9
8
7
3
5
6
8
1308
6
3
4
10
2
5
1
9
7
1
50
5
2
1
6
8
4
7
2
3
1
39
3
8
7
5
2
6
2
1
4
7
410
6
3
4
10
9
5
2
1
8
1
516
8
7
5
3
6
10
2
4
9
6
3
2
12
5
11
1
4
1
5
4
3
2
1
2
7
6
1
5
1
4
2
2
1
6
7
3
5
3
1
9
8
7
3
2
1
4
1
10
9
3
2
2
1
3
1
7
6
2
3
2
6
8
1
7
5
4
9
1
7
6
4
3
8
5
2
5
13
7
6
4
9
1
3
10
2
8
9
11
10
1
8
7
3
4
12
2
5
1
199
9
1
1
1
6
1
8
5
4
7
2
3
9
220
1
4
8
7
5
2
6
10
1
3
5
26
10
1042
9
5
6
3
10
1
3
7
2
9
2
4
3
21
7
1
8
1
4
9
2
8
1
5
6
1
9
5
2
4
8
1
3
7
2
6
3
187
4
1
1
5
8
2
2
7
6
1
25
2
4
2
1
6
8
7
5
3
5
10
1
7
9
8
2
2
4
6
3
1
4
5
2
1
6
8
7
1
15
2
2
3
1
4
7
6
5
3
3
36
1
1
6
4
2
2
5
8
7
6
27
2
4
10
1
5
9
8
7
3
3
2
1
2
5
9
8
1
4
7
6
1
2
3
2
1
4
7
6
5
2
16
3
10
1
6
9
8
7
5
4
1
6
3
5
4
1
2
10
9
5
793
7
1
6
2
3
9
1
4
8
6
1
2
8
1
3
7
2
4
6
2
5
9
11
7
3
2
1
3
8
2
3
4
6
1
1
3
4
2
7
11
1
8
1
2
5
1
531
215
6
2
1
10
1
4
8
5
2
3
7
4
18
1
4
1
2
5
8
1
5
7
2
6
3
3
1
8
156
1
5
11
1
1
5
4
9
2
6
10
1
41
6
7
9
5
2
3
8
1
4
6
9
23
4
2
3
8
1
5
7
24
2
2
594
1
5
297
1
1
3
4
2
1
5
7
3
6
7
607
2
11
1
4
8
12
6
2
3
9
1
1
10
1
3
1
1
1
7
3
1
3
436
1
1
6
1
5
4
5
7
1
1
2
6
6
11
9
2
2
1
7
12
7
12
2
8
1
1
9
4
3
2
2
5
10
1
424
5
1
8
3
6
5
7
2
2
9
578
9
4
6
4
11
1
5
10
1
9
5
3
2
8
4
1
7
2
6
4
3
1
6
1
7
5
2
2
3
8
1
5
1
4
3
10
2
6
9
1
20
2
1
6
5
7
4
2
8
3
11
10
7
3
2
9
1
4
8
1
4
5
2
7
1
3
6
2
1
4
5
2
2
3
7
1
6
13
14
12
2
3
11
1
4
8
38
1
7
2
3
9
1
6
4
5
1
49
1
5
7
2
6
4
3
8
2
4
8
7
1
6
3
2
1
1
1
8
6
54
5
4
3
1
2
1
1
1
1
1
1
1
2
6
3
1
1
1
1
4
9
2
5
2
3
1
224
2
5
7
2
6
3
4
8
1
4
11
3
8
10
7
1
2
9
3
3
1
1
1
4
7
11
2
1
2
3
2
1
2
1
1
2
1
3
1
2
1
10
1
1
1
2
1
2
1
2
1
1
1
1
1
1
1
1
1
1
2
1
1
1
2
1
1
2
1
2
1
1
1
1
1
1
1
1
1
1
1
1
1
1
1
1
1
1
1
1
1
1
1
1
1
1
1
1
1
1
1
1
1
1
1
1
1
1
1
1
1
1
1
1
1
1
1
1
1
1
1
1
1
1
1
1
1
1
1
1
1
1
1
1
1
1
1
1
1
1
1
1
1
1
1
1
1
1
1
2
1
1
1
1
1
1
1
1
1
1
1
1
1
1
1
1
1
1
1
1
1
1
1
1
1
1
1
1
1
1
1
1
1
1
1
1
1
1
1
1
1
