915
920
913
919
918
914
916
917
927
931
928
921
930
925
922
923
924
926
929
961
964
955
963
960
956
957
958
959
962
954
941
942
938
939
935
936
932
940
937
933
934
891
894
890
895
893
888
886
889
887
892
885
882
881
875
880
883
878
876
664
663
1185
1186
662
665
673
674
1173
1174
553
552
905
911
792
794
773
772
904
909
580
582
675
676
770
769
965
967
966
906
581
910
978
979
989
988
138
139
742
743
1187
1188
686
687
972
973
542
541
899
901
902
543
544
748
751
136
135
699
700
1202
1201
692
693
734
735
736
737
688
689
768
900
701
702
733
1069
1070
896
1177
1178
1179
1180
100
99
1028
1029
969
971
874
265
266
250
251
879
970
410
409
877
908
256
255
1167
1166
657
659
750
999
998
749
278
279
280
1144
1146
898
441
442
440
741
1106
1105
47
48
843
844
793
968
884
907
903
897
123
130
125
126
127
120
129
128
121
122
124
869
872
870
873
871
867
863
865
868
864
866
1398
1405
1401
1402
1395
1403
1399
1396
1404
1397
1400
1392
1394
1384
1393
1389
1385
1388
1387
1390
1391
1386
1377
1383
1375
1380
1376
1379
1374
1378
1382
1373
1381
861
860
856
858
862
852
859
857
853
854
855
41
44
42
45
43
39
46
37
38
40
80
83
84
82
78
75
79
74
76
77
81
89
93
94
91
87
85
92
86
88
90
95
116
117
112
118
108
110
113
109
111
114
115
106
105
104
102
96
98
101
97
103
107
1183
1182
1181
1184
1175
1176
982
1158
1160
369
371
975
976
977
980
368
974
981
143
994
140
132
133
137
141
134
131
142
1210
1205
1211
1203
1204
1206
1207
1212
1209
1208
507
516
515
511
508
509
510
512
514
506
513
568
572
573
565
566
569
570
574
571
567
564
61
60
59
55
52
53
54
57
56
62
58
1226
1228
1220
1221
1225
1224
1218
1227
1223
1219
1222
72
71
65
68
69
73
70
66
63
64
67
1197
1199
1200
1198
1195
1190
1191
1192
1196
1194
1193
1419
1427
1421
1424
1423
1417
1425
1422
1426
1418
1420
526
525
520
527
524
519
517
521
518
523
522
537
536
533
528
529
531
534
530
538
535
532
158
165
159
162
161
155
156
160
163
164
157
1090
1091
1083
1084
1086
1088
1085
1081
1089
1087
1082
666
672
669
670
660
667
661
671
668
562
561
556
557
558
563
560
559
554
555
728
727
723
725
729
726
721
720
724
722
730
746
747
738
739
740
744
745
548
549
545
550
539
540
546
547
551
696
697
694
698
690
691
695
1077
1080
1078
1074
1072
1079
1073
1075
1076
1071
684
685
678
679
681
682
677
680
683
714
719
712
713
715
710
718
716
709
717
711
1095
1104
1094
1103
1096
1097
1101
1100
1092
1102
1099
176
175
166
1429
1428
1278
1279
174
169
177
178
167
170
171
168
173
172
145
154
153
150
146
147
149
152
148
144
1005
1006
1010
1015
1406
1416
1407
1411
1410
151
996
1415
1413
1409
1414
1163
1172
1170
1412
208
211
204
212
1408
1171
207
202
209
203
210
206
205
200
199
194
197
195
191
198
196
192
201
193
184
187
183
188
186
182
179
189
185
180
181
350
349
347
345
351
348
343
341
342
344
346
1155
1150
1159
1153
1151
1152
944
946
1156
1154
1157
372
367
366
373
370
365
363
364
360
359
357
361
362
358
355
352
353
354
356
335
338
339
337
332
334
340
336
333
330
331
1062
1068
1066
1064
1058
1067
1063
1059
1060
1061
1065
1036
1039
1040
1037
1034
1030
1031
1038
1035
1032
1033
1026
1025
1023
1022
1027
1024
1021
1018
1019
1020
1055
1057
1054
1047
1056
1051
1048
1049
1050
1052
1053
274
273
267
270
268
269
272
271
263
264
243
248
241
249
242
246
245
239
247
244
240
260
254
261
258
252
259
257
253
262
1002
1000
1004
1001
997
995
1165
1169
1013
1016
1003
1007
1017
1012
1011
288
1145
282
1
0
276
275
285
284
286
281
277
289
1164
1305
1304
283
299
298
292
300
287
1162
297
294
290
293
296
295
291
807
811
1303
847
851
812
809
806
803
810
846
804
813
805
808
798
801
301
302
800
796
790
802
1107
952
953
797
842
799
795
791
789
788
782
781
779
783
786
785
780
787
784
832
838
815
834
836
835
830
837
833
831
814
771
233
235
757
758
226
227
236
232
231
237
234
230
228
238
229
215
222
849
840
221
218
214
839
216
220
219
213
945
850
841
1430
1431
1369
1372
223
820
819
818
390
393
394
1014
1009
224
225
217
389
388
1008
392
603
604
387
845
1230
1241
395
1370
446
447
386
1229
391
385
826
827
825
817
822
823
828
824
821
816
406
405
400
404
397
402
1235
1236
398
1239
403
445
454
396
401
399
450
443
453
449
444
476
475
470
472
473
467
471
474
468
477
469
459
463
462
457
464
456
458
465
461
460
455
416
417
412
418
413
414
407
415
411
408
487
486
484
485
480
481
479
482
488
478
483
752
763
753
756
760
761
754
762
759
755
310
311
306
305
308
303
309
307
304
312
438
437
433
432
439
435
434
430
436
431
765
778
764
766
776
775
767
777
774
420
428
429
421
426
425
419
427
422
424
423
327
326
325
321
319
328
320
322
323
318
324
379
383
376
384
448
451
452
1286
1285
2
3
1240
1233
377
329
378
1237
380
315
314
382
313
1282
1281
316
317
1109
1108
1283
1284
381
1098
943
589
588
1111
1110
1311
1312
587
584
579
590
583
586
585
600
599
597
594
592
601
593
596
595
591
598
990
983
991
986
984
987
993
992
985
1238
1213
1216
1217
1215
949
948
1168
1234
1161
1214
947
950
951
912
119
575
732
374
1093
190
1041
829
466
375
1044
1046
1045
1317
1316
1366
1365
706
708
1231
1043
638
639
1276
1277
27
26
605
1147
1149
1315
1314
606
607
1245
1244
1246
1247
1318
609
608
1441
1440
1293
1294
1242
1243
703
705
495
494
1362
1364
1449
1448
1263
1264
1368
1296
1295
8
9
497
496
1267
1268
1298
1297
10
11
499
498
1432
1433
489
490
1113
1112
1289
1290
707
4
5
1288
1287
1265
1266
1292
1291
6
7
492
491
1434
1435
505
504
1271
1272
1306
848
1232
1189
576
731
13
12
1308
1307
14
15
578
577
1273
1274
1310
1309
1269
1270
1300
1299
1042
500
501
1117
1116
1114
1115
1436
1437
502
503
1119
1118
1301
1302
1438
1439
1357
1356
640
1135
1134
1345
1346
1371
29
30
642
641
1460
1459
1348
1347
31
32
644
643
1275
1349
1350
632
633
1131
1130
1339
1340
1455
1456
634
635
1133
1132
1341
1342
1457
1458
28
637
636
1257
1256
1344
1343
647
648
1463
1464
651
652
1143
1142
1358
1359
1465
1466
602
654
653
1261
1260
1361
1360
1280
36
35
656
655
645
646
1137
1136
1351
1352
1148
33
34
1138
1139
1259
1258
1355
1354
1461
1462
649
650
1141
1140
49
51
1326
1325
1313
616
617
1123
1122
704
493
1444
1445
618
619
1353
50
1327
1328
1446
1447
620
621
612
613
1442
1443
610
611
1121
1120
1321
1322
1363
16
17
1320
1319
1249
1248
1324
1323
18
19
615
614
20
21
1255
1254
1336
1335
1450
628
629
1127
1126
1124
1125
1451
1452
630
631
1129
1128
658
1338
1337
1454
1453
1262
1330
1329
22
23
623
622
1251
1250
1332
1331
24
25
625
624
1253
1252
1334
1333
1367
626
627
1169
1173
1171
1174
1170
1168
1167
1172
1151
1150
1142
1148
1144
1147
1146
1145
1149
1152
1143
1131
1141
1137
1132
1135
1134
1133
1139
1140
1138
1136
1154
1163
1159
1161
1156
1162
1160
1153
1158
1157
1155
118
122
117
116
113
115
120
123
121
119
114
127
133
128
125
130
131
134
1260
1261
339
340
1258
1259
1262
1263
333
334
1245
1246
141
143
1091
1090
745
744
140
137
826
828
229
228
737
739
153
154
155
142
827
138
164
165
798
799
326
325
309
310
341
342
217
218
163
162
914
915
144
149
146
905
906
311
314
327
328
921
922
1192
1193
929
930
316
317
307
306
923
924
736
145
916
917
315
172
171
147
343
344
329
330
1003
1004
1226
1227
158
159
126
621
622
893
894
132
156
699
698
124
136
901
902
810
811
86
87
313
589
590
312
957
958
956
1343
1344
148
632
631
630
308
887
889
971
970
603
604
1089
157
129
135
139
150
264
271
270
272
267
266
262
268
265
263
269
283
282
281
280
273
278
276
274
279
277
275
109
110
111
107
106
102
105
104
103
108
112
97
99
95
100
94
92
93
98
101
96
91
302
303
298
304
296
305
297
299
295
300
301
290
293
292
294
288
289
284
287
286
285
291
980
979
977
974
972
976
975
973
978
981
1185
1187
1184
1178
1182
1179
1183
1181
1180
1186
1177
988
991
987
982
985
984
983
990
992
989
986
1202
1210
1206
1205
1203
1208
1200
1204
1209
1201
1207
998
1001
1002
996
994
993
1000
995
999
997
337
338
335
332
331
336
169
216
261
213
214
167
161
168
152
212
166
160
358
808
355
354
352
357
359
353
356
351
1199
1194
1191
1190
1198
1188
1196
1195
1189
1197
1290
1293
1294
1288
1287
1286
1292
1295
1291
1289
1285
1279
1283
1277
1275
1282
1284
1281
1280
1274
1278
1276
965
968
960
963
962
961
967
969
966
964
959
376
379
380
377
381
375
374
371
373
372
378
1238
1244
1243
1234
1242
1241
1235
1239
1237
1236
1240
369
368
366
360
365
362
361
367
370
364
363
408
413
412
414
411
410
404
409
405
407
406
1254
1256
1251
1250
1247
1249
1248
1252
1255
1257
1253
389
391
387
385
383
390
392
384
388
382
386
394
402
399
403
398
395
396
401
393
400
397
184
192
188
185
191
182
186
190
183
189
187
1271
1270
1272
1269
1267
1265
1268
1264
1266
1301
1306
1305
1273
1303
1302
1298
1304
1300
1299
423
424
425
422
419
415
417
416
421
420
418
323
322
319
318
321
324
320
912
911
907
904
903
910
913
909
908
918
927
925
920
919
926
928
179
181
173
176
175
174
180
170
178
177
220
227
223
221
226
224
225
222
219
433
437
432
436
434
430
428
438
429
435
431
456
461
455
451
454
460
462
459
458
450
453
469
474
468
463
464
1311
1312
466
467
13
14
472
475
470
473
465
471
445
448
439
440
443
441
447
449
442
444
593
600
548
554
237
236
238
235
234
446
599
239
231
233
240
815
818
816
230
509
508
503
502
232
819
507
505
498
506
499
501
504
496
495
494
497
491
490
487
492
489
488
493
486
485
484
483
477
478
481
479
476
482
480
1220
1221
1212
1219
1218
1213
1216
1215
1214
1217
1211
259
257
253
254
256
255
1126
1127
193
258
260
211
215
210
209
205
208
207
206
201
202
203
196
199
194
198
197
195
200
204
247
249
245
250
248
246
244
251
241
243
242
574
575
576
572
571
567
568
570
569
573
577
587
588
586
578
580
583
584
579
581
585
582
1232
1233
1222
1230
1228
1223
1224
1229
1225
1231
565
564
562
560
556
557
559
558
563
561
566
618
625
619
617
620
616
615
626
623
624
541
542
539
543
540
544
538
537
534
535
536
898
897
899
896
895
900
890
892
891
601
594
592
595
597
596
817
820
553
549
591
550
547
555
552
954
1345
949
532
533
20
19
955
953
946
948
951
950
812
943
945
952
1109
1113
1108
1106
947
814
1104
1105
1107
1112
1045
1111
1110
1064
1066
944
614
613
1063
1057
1059
1061
1058
606
1062
1060
1065
1067
1087
1088
1023
1024
1080
1082
1085
1083
888
1130
1129
1086
610
1079
1081
1084
1077
1076
1074
1071
1070
1075
1078
1073
1072
1068
1069
1098
1102
1096
1094
1103
1101
1100
1092
1093
1097
1095
738
519
518
752
753
17
18
517
520
515
514
510
511
513
512
516
529
528
611
608
530
521
523
607
526
531
525
524
1128
612
609
1342
1341
1404
1403
522
678
679
680
1053
1055
1054
545
546
15
16
527
1056
1052
551
1047
39
38
1051
605
653
652
1049
1402
677
676
1050
649
1046
1048
687
688
689
686
690
685
684
681
682
683
664
663
660
665
657
662
654
651
659
644
655
668
673
656
661
658
670
669
674
666
667
723
722
721
724
719
718
715
714
717
716
720
713
712
703
704
705
711
708
706
710
709
707
693
701
695
696
702
691
700
692
694
697
772
771
773
768
769
770
765
774
764
766
767
756
762
757
761
763
751
760
754
755
758
1033
1027
1032
1029
1031
1030
1022
1025
1028
1026
637
638
639
635
633
627
636
634
628
629
743
749
742
747
750
746
748
740
741
732
731
733
730
734
729
727
725
726
735
728
1041
1044
1036
1037
1039
1038
1043
1034
1042
1040
1035
1009
1016
1012
1010
672
675
671
1346
1347
1425
1424
645
648
1013
1011
1015
642
1014
931
932
1017
933
1458
1459
935
934
640
641
1313
1314
1018
452
1125
825
831
1430
1431
1323
1324
832
822
824
823
830
833
829
1121
1124
1115
1117
1119
1118
1123
1114
1122
1120
1116
800
802
801
804
803
807
809
806
805
643
348
347
345
349
1175
1176
821
650
813
350
1164
1166
1165
151
1019
1297
427
252
457
500
598
1099
759
1020
1021
1007
1006
940
941
1443
1442
1350
1351
646
1008
1421
1423
874
875
836
835
40
1410
1411
1462
1463
41
42
838
837
839
840
939
44
43
1367
1368
1370
1369
794
795
88
90
10
12
1373
1374
783
782
937
938
1444
1355
1356
0
1
26
25
785
784
1357
1358
1433
1432
28
27
1349
1348
21
22
775
776
1317
1318
1352
1427
1426
1316
1315
778
777
1353
1354
1429
1428
24
23
780
779
34
33
793
792
942
602
647
346
1296
426
3
2
1365
1366
1435
1434
36
35
797
796
1322
1321
787
786
1359
1360
1005
29
30
788
789
1308
1307
1362
1361
31
32
790
791
1319
1320
1364
1363
6
7
1422
870
871
1333
1334
1405
1451
1450
74
73
1449
1448
1406
1407
1453
1452
76
75
876
1335
1336
67
68
864
865
1331
1332
1397
1396
69
70
866
867
5
4
1399
1398
834
72
71
869
868
1400
1401
873
872
1416
1415
81
82
883
884
1339
1340
1418
1417
37
84
83
886
885
1419
1420
1460
9
8
1454
1455
77
78
877
878
1337
1338
1412
1457
1456
1409
1408
880
879
1464
1466
1414
1413
79
80
881
882
849
850
1378
1379
1461
51
52
847
848
89
11
1381
1380
53
54
1465
851
1329
1330
1383
1382
55
56
47
48
1372
1371
45
46
841
842
1327
1328
1375
1437
1436
1326
1325
844
843
1376
1377
1439
1438
50
49
846
845
859
858
1390
1391
781
63
64
860
861
1310
1309
1393
1392
65
66
862
863
85
1394
1395
1447
1446
936
1384
1385
1441
1440
58
57
855
854
1386
1387
853
852
60
59
857
856
1388
1389
1445
61
62
649
650
644
647
646
648
643
645
666
670
667
671
664
663
669
672
662
665
668
692
694
686
691
690
693
684
688
689
687
685
656
658
654
659
660
652
651
655
653
657
661
605
612
604
613
610
609
607
611
608
606
614
622
623
618
619
624
616
620
460
462
85
86
461
463
471
472
76
77
318
317
641
640
1269
1270
545
544
635
638
379
378
482
483
549
548
695
697
696
633
377
639
703
704
720
721
66
67
1394
1396
83
84
484
485
700
699
28
27
629
632
626
29
30
1384
1387
64
63
497
498
51
52
489
490
1390
1389
1392
1393
486
487
547
630
499
500
1391
810
811
627
78
79
80
81
1097
1096
792
793
707
706
625
217
216
1054
1055
617
705
1199
1200
621
637
1047
1048
979
980
456
457
1386
729
730
1385
231
230
229
873
875
628
1140
1142
1141
1395
2
1
16
17
575
576
1268
708
615
636
634
631
591
590
586
588
583
582
587
584
589
592
585
598
601
594
602
597
595
599
603
596
600
593
1331
1338
1336
1329
1328
1333
1332
1337
1334
1330
1335
1320
1327
1318
1324
1323
1326
1322
1321
1325
1319
1317
1309
1316
1315
1313
1306
1312
1314
1310
1311
1307
1308
4
11
6
9
12
3
8
7
10
13
5
20
22
23
24
18
15
21
25
14
19
1082
1081
1083
1078
1076
1084
1077
1080
1074
1075
1079
1116
1115
1117
1111
1110
1114
1112
1109
1113
1108
1118
1090
1094
1089
1093
1095
1087
1091
1085
1088
1092
1086
1099
1106
1103
1102
1104
1107
1101
1105
1100
1098
90
88
87
89
91
82
712
127
128
155
161
702
698
709
711
154
701
710
73
724
69
72
74
68
71
62
65
70
60
56
59
61
55
58
53
50
57
54
371
370
366
365
369
372
364
367
363
362
368
355
360
359
361
353
357
352
351
356
354
358
48
47
44
42
46
49
41
45
40
39
43
110
117
118
111
115
109
108
114
113
116
112
1069
1070
1063
1067
1071
1072
1066
1064
1068
1073
1065
104
106
75
102
101
105
107
98
103
100
99
1382
1383
1376
1380
1375
1374
1378
1377
1379
1381
1373
331
337
338
339
334
333
336
329
332
335
330
315
314
310
313
316
308
312
306
307
311
309
346
347
348
344
349
350
340
343
345
342
341
823
827
826
817
820
824
818
819
822
821
825
470
469
468
464
458
465
459
467
466
324
325
320
322
326
327
321
319
323
328
523
528
526
522
519
525
524
527
521
520
518
1399
1402
1401
1388
1398
1400
1397
35
37
33
36
38
32
34
31
26
492
495
491
494
496
488
493
807
816
812
809
815
813
808
814
806
805
478
480
479
481
475
476
474
473
477
510
514
515
509
511
516
512
513
517
508
507
839
840
838
836
828
832
837
831
829
835
834
194
195
196
1409
1408
931
932
191
190
197
198
188
192
186
189
193
187
184
183
180
179
182
185
178
181
119
176
734
736
752
755
1348
1349
1339
1343
1342
177
726
1347
1345
1341
1346
986
985
977
1344
1356
1359
1357
1360
1340
983
1352
1350
1354
1351
1355
1353
1358
1362
1372
1367
1370
1364
1363
1369
1365
1371
1361
1366
203
207
200
208
202
201
205
209
204
206
199
138
137
135
139
140
133
131
136
141
132
134
121
129
124
123
126
130
673
676
125
120
122
156
159
153
162
158
157
160
163
144
150
148
151
142
146
145
149
152
143
147
165
172
173
170
166
164
174
169
168
171
175
798
804
801
796
795
802
799
803
794
797
800
778
777
779
772
770
774
775
773
771
776
780
788
787
786
789
790
785
784
781
791
783
764
766
767
768
763
761
765
769
760
759
762
225
224
222
219
223
218
220
221
214
215
741
746
739
747
740
744
738
737
743
742
745
1051
1045
1052
1044
1043
1049
1046
1050
1053
733
727
732
728
735
725
978
982
756
757
731
748
758
754
750
237
874
238
879
880
227
226
235
239
233
232
236
240
984
971
970
228
250
249
248
251
234
987
246
245
241
244
247
243
242
1289
1288
969
580
581
1290
1283
1282
1286
1284
578
1287
1291
1281
1285
1278
1277
1212
1211
1275
1273
1279
1280
0
682
683
1271
572
1274
1272
1276
1267
1266
1260
1265
1257
1261
1264
1259
1258
1263
1262
567
568
559
563
565
561
560
564
562
566
558
546
1250
1252
535
534
212
213
1253
1249
1254
1255
1248
1247
1251
1256
1246
1174
1175
573
570
1171
1170
1173
569
1168
1172
1167
1166
674
574
571
1410
1411
1128
1129
1165
1295
1294
1293
285
284
279
753
751
210
211
1169
283
286
749
282
400
402
287
577
950
951
288
1126
1234
1235
278
952
281
280
1302
1301
1298
1292
1299
1303
1304
1297
1296
1300
1143
1153
1147
1151
1145
1149
948
941
1146
946
1150
1241
1242
1144
1148
1152
1243
1244
1238
1237
1240
1196
1195
1190
1193
1188
1187
1191
1192
1194
1197
1189
1228
1230
1227
1226
1229
1225
1231
1232
1224
1223
1222
1204
1208
1202
1209
1205
1206
1198
1203
1201
1207
1185
1184
1182
1178
1179
1180
1183
1181
1186
1176
1177
531
542
532
536
540
538
533
539
537
541
1219
1220
1214
1218
1213
1210
1216
1215
1217
1221
1137
1136
1134
1138
1139
1135
1131
1130
1133
1132
556
557
543
551
555
550
552
554
553
1163
1164
1154
1158
1162
1157
1155
1160
1159
1161
1156
266
265
261
260
264
267
259
262
258
257
263
276
275
273
277
1236
1239
1233
939
938
1413
1412
947
944
274
268
270
949
269
254
253
272
252
935
934
255
256
842
841
936
937
271
833
675
387
386
844
843
989
990
383
382
385
388
381
384
380
398
397
395
392
396
399
391
394
390
389
393
718
713
719
723
714
717
722
716
715
945
92
97
95
94
680
679
981
940
988
93
677
678
681
642
1122
373
530
167
830
1368
782
1305
1245
1123
1124
1125
1121
995
994
1059
1060
504
506
942
1120
436
437
928
930
1405
1407
403
876
878
993
992
404
405
901
902
904
903
996
407
406
1431
1430
959
960
1404
1403
502
503
295
294
1056
1058
1444
1445
908
907
1062
962
961
888
887
297
296
889
890
964
963
1423
1422
299
298
1414
1415
289
290
846
845
955
956
505
1417
1416
954
953
885
886
958
957
1419
1418
292
291
1420
1421
305
304
895
896
972
579
943
96
374
529
897
898
974
973
1429
1428
376
375
899
900
976
975
891
892
966
965
1119
300
301
848
847
894
893
1424
1425
302
303
850
849
967
968
1426
1427
1038
1037
438
864
863
1026
1027
1127
1456
1455
440
439
920
921
1029
1028
1458
1457
442
441
929
1030
1031
430
431
860
859
1020
1021
1451
1452
432
433
862
861
1022
1023
1453
1454
1406
435
434
918
919
1025
1024
445
446
1463
1464
449
450
872
871
1039
1040
1465
1466
401
452
451
926
927
1042
1041
933
924
925
454
453
443
444
866
865
1032
1033
877
1460
1459
867
868
922
923
1036
1035
1461
1462
447
448
870
869
1017
1016
1004
1003
991
414
415
854
853
501
293
1438
1439
416
417
1034
1015
1005
1006
1440
1441
418
419
410
411
1432
1433
408
409
852
851
999
1000
1057
1435
1434
998
997
905
906
1002
1001
1437
1436
413
412
882
881
914
915
1014
1013
1446
426
427
856
855
917
916
1447
1448
428
429
858
857
455
1019
1018
1450
1449
909
1008
1007
1443
1442
421
420
910
911
1010
1009
884
883
423
422
912
913
1012
1011
1061
424
425
