56
58
57
61
60
59
55
1114
1120
1113
1062
1105
235
850
1106
1116
1117
1061
1060
871
1063
1053
1057
1097
1054
1055
1089
1086
1079
1066
1071
1085
1075
1083
1073
1074
62
63
64
51
65
49
47
52
32
50
844
1104
237
239
234
233
1065
236
1064
1070
1069
1067
1068
1076
1078
945
946
944
952
942
951
841
950
939
851
890
848
856
1111
855
1115
889
891
881
888
882
886
884
883
954
1119
953
963
874
1118
968
965
974
964
875
967
879
885
1091
878
243
242
241
244
290
252
287
286
289
18
17
19
1150
1153
1152
1151
934
941
935
933
947
943
940
948
949
861
898
862
859
867
860
932
955
864
982
863
852
956
987
966
975
979
980
977
978
976
251
250
246
256
876
247
249
245
284
253
248
282
261
285
291
292
294
293
335
312
295
336
334
332
342
337
908
910
909
911
907
906
905
924
902
925
922
901
899
903
900
985
984
983
988
994
981
803
831
821
998
1000
989
802
992
823
997
999
962
995
493
957
960
961
991
494
255
491
254
499
259
264
498
257
265
267
266
263
281
279
280
278
277
1164
1171
1165
1169
1167
1170
1166
361
362
359
329
360
356
354
357
355
358
923
914
805
919
917
904
833
915
808
806
807
832
809
789
788
794
778
804
797
790
825
819
824
822
497
996
500
496
492
490
501
502
503
258
260
269
268
274
262
273
272
535
536
538
531
530
527
529
528
525
330
333
331
326
896
895
897
892
918
810
763
811
791
787
792
793
795
796
779
776
780
1023
812
777
476
814
775
1040
773
477
474
475
478
480
483
1038
479
482
505
461
485
508
481
468
507
467
469
466
470
472
473
464
471
441
454
541
442
439
540
539
543
542
544
514
450
515
520
449
537
513
516
519
511
517
518
526
522
524
24
26
25
386
385
387
388
412
381
389
392
393
391
397
390
395
376
402
394
400
403
405
401
418
406
417
416
760
762
759
758
893
761
749
815
757
785
1029
813
1037
774
1047
1035
1033
1039
434
431
1046
462
430
460
451
463
453
443
444
438
440
98
448
28
27
730
771
729
770
745
764
158
754
767
157
156
155
159
149
153
137
148
147
150
144
177
151
1011
152
131
1009
122
1010
1016
133
134
132
118
126
107
124
117
105
111
106
104
103
102
99
100
413
750
567
410
742
414
751
188
752
185
189
646
139
138
184
180
171
87
85
86
187
645
566
583
636
753
558
747
563
186
580
411
642
638
643
644
97
582
96
95
162
163
641
164
161
160
629
628
630
621
631
624
618
627
626
625
637
639
640
656
633
635
617
634
616
615
559
581
560
561
577
649
655
648
650
651
653
652
647
667
572
569
571
568
570
574
573
575
589
695
576
694
693
678
691
688
682
681
659
685
679
603
595
602
601
594
588
585
587
557
698
551
556
697
686
696
586
584
593
592
547
591
1130
1131
364
363
365
366
367
369
368
370
372
371
298
375
7
8
12
6
10
40
41
39
29
38
37
324
343
339
341
328
296
743
733
740
3
4
2
5
42
44
43
45
46
54
48
53
936
928
937
839
755
1028
194
756
1094
565
845
843
846
849
857
858
868
887
866
865
834
835
836
840
784
782
786
1030
1026
192
1021
191
190
154
193
136
654
669
668
661
671
689
663
657
692
690
552
549
553
546
545
590
1095
1112
800
801
1025
1024
1043
1020
1042
1041
1031
135
174
169
167
168
166
165
172
1093
1092
1090
1059
870
869
872
873
972
973
986
969
990
970
959
958
817
1036
798
488
1034
1048
1032
1004
1044
1017
145
1002
146
1003
1007
1001
1005
1019
1006
1008
123
181
121
125
182
120
88
92
89
91
93
622
83
623
632
665
666
664
662
658
660
683
675
684
1080
1082
1051
1058
1056
238
240
504
495
452
1015
1012
1014
84
90
1088
1087
288
446
128
445
447
705
704
728
702
703
701
700
699
275
276
534
114
101
727
713
725
711
706
712
710
709
15
16
11
13
14
9
1081
227
1084
1101
1099
1103
1100
1096
345
323
214
338
344
346
351
299
310
300
301
302
304
303
384
382
380
383
1049
1050
1052
34
36
35
33
880
930
931
309
311
306
305
308
307
349
350
353
348
352
347
1123
1122
1121
314
313
316
315
318
1128
1129
1127
1126
200
201
206
205
204
203
202
208
207
211
912
913
971
921
920
838
826
837
827
828
829
799
830
818
816
484
486
489
398
399
396
404
407
409
408
731
744
748
783
781
1045
433
432
435
436
437
420
428
419
769
765
768
1027
1018
1013
129
130
127
183
179
109
110
108
116
115
112
724
722
715
726
723
721
720
718
719
717
1140
1141
1142
1139
1138
170
173
94
606
605
604
608
607
609
612
611
325
327
297
373
378
377
379
374
317
320
319
321
322
66
67
210
209
212
213
195
340
415
30
31
916
766
746
562
564
599
600
894
842
578
579
1108
1109
1107
1110
854
853
1102
820
178
176
175
140
877
487
283
270
271
225
228
231
222
224
223
113
1162
1163
1161
1160
708
707
521
716
714
80
81
79
78
620
619
614
613
610
670
687
680
677
674
676
672
673
555
550
554
548
1154
1155
596
598
597
198
199
197
196
926
927
929
735
732
737
734
736
739
738
741
938
1022
1173
1172
847
1135
1134
23
22
993
772
1145
1146
1148
1147
1149
1144
1143
142
143
141
21
20
1098
1
0
422
421
423
426
425
424
429
427
1133
1132
119
73
75
74
76
77
68
72
71
70
69
82
232
506
465
459
458
456
457
455
226
230
229
221
217
219
218
216
215
1072
220
1158
1159
1137
1136
1077
1168
1157
1156
532
533
509
510
512
523
1124
1125
28
29
33
30
34
27
36
827
834
828
709
765
701
751
823
835
812
719
814
711
720
692
718
713
691
676
694
690
689
708
704
693
683
687
678
682
31
32
48
51
47
45
43
52
58
46
766
830
698
695
700
702
699
696
707
706
705
680
679
681
685
732
735
733
727
734
800
764
728
738
799
797
793
795
725
801
829
796
798
808
774
809
803
819
773
810
813
1048
1051
805
811
807
1052
1040
1049
804
806
802
874
817
875
876
877
879
891
890
886
888
863
889
1072
1071
1070
108
111
109
110
753
729
742
769
730
731
736
749
750
789
748
782
790
780
788
785
1046
781
772
783
776
1047
1055
1053
1041
1043
1042
1045
1035
1044
880
884
865
885
881
866
873
864
854
871
872
853
861
862
275
276
277
278
243
280
262
242
241
244
236
258
581
580
582
579
586
585
584
583
743
602
601
745
741
744
746
747
1056
1060
1054
1069
771
623
571
1061
1033
1067
1050
625
1025
1068
1032
1029
1028
1031
943
1026
1022
1020
1023
948
946
944
947
869
867
868
870
859
847
846
841
849
842
845
843
844
840
1092
1093
1089
1087
1090
1086
1088
224
226
228
231
225
227
223
221
222
220
600
597
606
593
590
757
615
599
610
607
627
616
609
626
1065
630
635
622
628
618
1066
1062
1064
1063
952
1030
951
954
945
956
950
949
942
858
860
857
839
838
848
837
836
547
548
546
518
514
517
516
515
510
232
245
230
229
591
592
595
596
594
589
649
608
604
650
603
605
631
629
636
633
1019
973
643
634
907
642
1016
997
1017
906
908
909
913
911
961
912
910
924
940
960
935
928
925
929
926
930
931
923
922
919
561
901
920
558
529
559
527
556
560
551
552
550
549
538
554
540
541
553
545
537
530
539
536
531
532
513
509
511
6
7
8
163
164
172
171
456
165
177
176
175
174
160
173
197
193
195
196
194
157
205
200
199
204
198
201
563
647
564
562
565
648
646
644
567
640
963
645
992
1015
982
993
988
999
984
980
1004
979
981
959
957
921
394
525
528
557
555
355
523
9
10
445
444
446
442
460
448
408
441
443
409
410
412
411
415
413
399
414
380
381
379
406
382
395
385
396
978
390
397
398
371
374
372
378
376
356
373
377
358
359
357
352
351
354
353
363
458
461
1169
457
462
202
426
427
425
350
1165
428
419
402
348
340
347
308
302
307
1167
424
1168
1163
486
440
1151
437
1159
1166
1164
455
421
488
422
423
344
1162
345
343
325
327
490
326
328
320
321
319
314
317
291
311
315
312
310
309
485
487
489
471
294
293
299
292
298
295
1153
1161
1150
1152
1160
468
472
469
470
467
466
465
464
484
1130
1131
1132
1133
1134
1148
1147
1149
1143
1095
1144
1104
1094
1105
1103
1106
507
506
502
491
505
1135
1138
1136
1137
1110
1139
1141
1140
1115
1098
1114
1118
1096
1099
1097
1129
1142
1127
1128
1122
1126
19
20
182
181
180
183
179
184
178
170
185
186
263
187
117
118
126
114
124
54
53
61
55
60
62
246
234
240
237
233
261
463
430
454
113
116
112
115
40
39
42
41
44
37
38
35
739
770
740
758
825
962
418
824
826
1154
752
762
756
792
794
791
779
775
613
612
611
614
573
568
639
637
641
967
964
965
970
966
416
420
417
400
473
474
477
480
475
1100
478
501
1101
1102
1120
1113
1121
1124
1123
1125
822
726
621
624
974
972
995
969
996
994
989
401
403
335
333
334
332
331
330
821
820
818
815
710
761
760
759
1057
1039
1058
1038
1037
1036
1021
1027
933
632
619
939
991
1002
990
1010
1000
1003
1009
1011
1008
998
1012
1013
977
1014
976
975
391
384
388
370
389
387
305
324
304
322
341
323
301
318
290
482
481
483
479
500
503
492
499
493
674
673
675
816
717
697
878
941
953
958
393
1005
392
306
303
662
688
887
521
526
524
522
156
153
155
149
151
148
147
146
850
851
542
362
364
154
150
138
152
140
145
143
144
121
120
119
122
123
125
663
664
686
833
716
832
715
714
256
217
85
239
257
255
254
266
279
268
267
265
259
260
169
168
166
167
670
671
672
64
63
65
59
882
786
784
270
269
272
271
274
273
251
252
250
249
253
248
1074
1073
1075
209
210
211
212
214
15
18
17
16
92
91
93
95
94
90
89
88
87
84
578
577
1034
588
587
754
569
572
576
575
574
620
570
932
934
936
938
955
161
162
159
158
206
208
207
451
459
439
638
617
1001
983
985
986
987
905
902
904
903
449
452
450
968
1007
1006
519
520
375
349
383
368
369
367
366
365
361
139
132
133
137
136
131
129
128
130
127
68
69
70
67
66
346
329
342
283
282
281
285
284
289
288
287
247
235
264
192
188
189
190
191
213
216
215
219
218
49
50
83
82
81
86
99
238
203
56
57
598
447
438
1158
1157
1156
1155
566
763
1146
1145
723
722
724
721
777
778
831
1059
407
405
404
337
883
937
852
856
855
657
665
668
651
656
652
360
1082
1085
1084
1083
142
141
508
135
134
4
5
2
3
316
313
296
297
286
476
1107
504
494
496
495
498
497
1117
1119
1116
1112
1076
1077
1108
1111
1109
97
96
100
98
768
767
787
431
429
434
432
433
436
435
453
737
971
1170
1171
755
24
23
1
0
1024
1018
102
101
103
106
107
105
104
339
338
336
11
12
712
1172
1173
892
893
894
895
898
897
899
896
22
21
386
76
77
75
74
78
79
80
73
71
72
300
703
927
900
914
915
916
918
917
666
667
669
655
660
654
661
659
658
677
653
1080
1081
26
25
684
1091
1079
1078
543
544
534
533
535
512
13
14
837
836
835
848
839
834
838
345
342
346
906
344
83
309
909
353
343
914
907
333
899
900
912
891
885
897
876
884
867
877
872
883
865
862
868
866
833
832
846
859
847
858
849
841
855
857
328
354
81
86
82
84
87
80
878
871
870
873
874
875
863
261
257
260
254
256
255
331
264
253
323
320
310
326
349
322
324
319
321
92
992
339
93
91
994
338
340
946
956
335
341
953
958
955
961
94
952
95
138
89
139
136
137
99
122
120
108
124
116
121
1148
1150
1149
9
8
6
7
308
258
318
311
263
259
252
262
265
304
266
997
305
987
303
300
947
988
996
982
991
945
941
957
954
949
948
113
951
114
112
115
111
107
98
110
102
109
103
106
101
105
119
117
796
797
798
799
801
787
757
800
802
813
789
794
288
287
286
289
285
292
291
290
294
275
279
293
315
296
298
297
983
980
960
959
995
1048
964
981
937
935
962
1046
917
933
940
936
922
938
921
923
919
920
915
1100
1099
1096
1098
134
125
126
135
129
127
148
147
150
143
146
144
140
145
43
40
42
38
37
39
41
817
816
806
820
815
805
808
804
807
803
278
280
1059
273
274
295
978
282
1054
1058
1056
976
1053
1055
930
1049
1057
1047
1052
1069
929
931
928
932
1105
939
1107
1102
1097
1104
1106
133
1121
128
118
132
151
152
149
153
154
1002
1001
1034
999
1000
998
1009
1008
1010
818
814
819
810
269
268
270
271
272
267
1083
1060
1039
1082
1041
1040
1050
1051
1066
1092
1133
1068
1071
1065
1129
1089
1134
1073
1132
1128
1131
1130
1114
1111
1115
1113
1112
1117
1119
1116
1122
1124
1118
1127
1125
739
738
748
737
735
734
746
736
729
602
730
600
1019
731
733
732
1032
1031
1036
1015
1029
1030
1014
1033
1035
1022
1028
1025
1023
1021
1005
1004
1007
1153
1154
1155
378
377
379
382
383
375
381
380
387
386
388
400
399
371
409
398
408
390
397
407
404
406
405
402
665
1084
667
664
662
1085
1086
1087
1077
1079
1074
1088
1137
1135
614
1090
506
518
726
610
615
611
612
613
608
747
607
606
601
1020
1018
593
1016
1151
1152
675
674
677
672
704
680
670
698
673
669
671
528
527
525
523
503
526
532
529
524
500
530
642
531
628
646
623
638
643
629
616
630
619
617
632
626
620
590
633
631
589
588
592
591
596
711
706
687
385
710
401
700
685
699
476
682
692
537
505
477
489
479
171
170
174
684
693
686
470
688
697
214
703
208
683
681
384
691
695
689
690
181
469
182
178
207
203
206
493
202
204
201
197
196
183
194
189
198
190
192
191
696
694
419
417
205
166
164
195
165
162
217
475
213
216
474
415
418
416
414
413
412
411
410
430
215
467
219
468
466
465
464
463
229
440
471
445
439
458
444
456
453
452
422
460
454
218
220
234
225
222
227
232
228
230
438
240
248
436
459
437
231
233
243
242
235
244
23
22
366
367
369
368
365
373
364
361
372
374
752
370
1159
1160
1161
1162
1169
826
825
824
827
823
831
812
755
790
793
754
756
709
661
708
1157
1156
1158
1163
854
853
852
851
850
843
840
842
317
312
316
969
901
1078
536
902
903
212
327
329
972
306
325
307
986
993
984
985
979
977
966
967
1081
1038
1080
1076
1075
533
1063
534
538
522
535
502
421
420
435
426
433
441
431
425
442
443
238
250
239
237
236
241
908
347
1044
1045
1061
1067
519
1062
520
521
507
504
498
490
495
491
494
492
497
905
904
90
910
332
334
336
337
944
943
942
927
926
925
918
924
1095
1091
1042
1110
509
510
508
513
517
511
515
648
514
512
649
650
647
644
641
645
624
483
625
627
481
622
177
175
176
187
180
188
185
184
193
428
427
429
432
424
423
462
448
461
880
879
898
913
911
88
100
1120
1101
609
639
651
640
173
172
881
860
123
565
605
1017
564
563
562
568
561
575
560
559
558
142
141
1012
599
597
569
574
567
573
576
572
571
570
1167
1166
1165
1168
1164
1170
882
555
861
888
890
887
889
893
795
762
62
791
775
783
781
785
788
784
786
751
749
750
360
363
376
362
895
894
896
829
828
830
856
96
301
299
771
770
769
774
773
772
779
780
778
777
782
776
1171
1173
1172
760
761
759
758
766
16
19
18
17
51
52
53
54
56
55
50
49
68
67
284
283
950
276
277
970
968
965
973
975
974
1043
963
1094
1093
1123
1108
1103
393
392
391
389
395
396
394
676
705
702
1037
1070
516
727
728
722
721
719
717
720
718
666
678
668
1072
653
652
603
604
618
478
482
637
636
635
634
598
595
586
585
587
566
583
584
580
579
578
577
44
48
47
45
46
480
496
179
155
158
157
156
160
159
167
168
811
809
753
359
356
355
357
358
765
764
768
767
763
844
845
66
65
64
63
61
792
403
822
821
281
679
701
210
209
211
226
663
330
473
472
351
350
352
348
989
990
886
934
488
501
499
487
97
1109
104
131
130
552
554
547
550
551
549
594
69
70
72
71
556
557
1003
582
581
3
2
5
4
199
200
161
163
169
434
457
455
446
449
447
451
450
246
249
247
245
1138
1139
224
221
223
58
57
59
60
314
313
302
658
660
656
659
657
654
655
707
251
1064
1140
1141
971
12
13
0
1
916
1136
77
76
75
79
78
74
73
485
484
486
10
11
892
1142
1143
712
713
714
715
716
725
723
724
24
25
621
30
29
28
27
26
32
31
33
34
35
186
85
1126
745
742
744
743
741
740
553
548
546
543
540
545
541
542
539
869
544
1147
1146
21
20
864
36
1144
1145
1013
1011
1027
1026
1024
1006
14
15
