2
1
3
3
3
1
5
13
1
6
1
58
15
885
270
14
4
3
2
1
2
191
1
261
1
2
822
4
1
2
2
11
46
2
4
1
12
8
4
2
36
1
1
774
1
1
2
828
1
1
1
1
3
1
1
35
1
2
1
2
10
1
1
1
1
35
32
4
10
23
18
4
4
4
6
4
3
4
1
3
2
1
1
1
861
3
4
1
2
2
4
1
19
1
2
4
1
1
5
1
1
1
3
2
2
8
2
1
1
6
4
1
1
111
2
13
100
2
1
1
39
3
5
10
260
4
264
1
3
1
1
1
2
9
1
1
10
36
224
3
1
5
3
31
235
2
1
72
2
7
1
645
207
99
5
165
1
1
7
1
156
245
2
1
5
2
11
1
93
1
1
2
11
1
4
8
1
14
4
1
3
635
1
1
2
2
1
46
3
8
43
4
38
1
4
25
1
7
1
1
2
3
1
2
7
1
84
1
6
2
6
1
1
7
5
1
1
2
1
88
51
1
1
2
6
1
71
93
2
120
1
10
1
1
2
1
1
2
4
30
5
19
9
31
3
1
1
1
1
1
3
2
1
725
1
4
9
2
6
626
1
2
2
35
4
1
2
2
246
3
11
1
5
239
2
6
6
1
2
1
42
19
2
1
13
2
2
2
1
1
1
2
8
3
1
3
1
8
14
123
1
15
47
1
1
19
1
2
1
1
2
1
1
19
22
1
8
2
1
3
1
120
6
8
21
92
10
1
1
1
3
1
1
107
154
65
85
2
1
1
121
3
4
11
2
180
152
162
4
6
6
5
192
2
171
1
1
2
1
25
1
1
503
1
181
4
1
7
4
3
2
35
2
3
1
5
7
2
3
2
469
5
2
1
29
1
1
239
3
1
1
1
1
1
2
2
11
1
4
15
3
1
2
1
1
2
7
1
2
4
1
4
1
1
3
33
2
3
1
4
2
3
2
1
9
3
1
1
2
1
9
2
1
1
24
1
1
1
6
24
1
1
18
8
1
5
11
15
8
1
14
3
37
1
2
1
22
175
6
1
3
1
244
3
33
2
260
22
288
2
1
1
1
48
1
1
1
1
1
1
1
6
3
1
1
2
1
20
10
1
1
2
1
1
3
5
1
4
1
4
2
1
1
1
1
4
3
1
1
1
1
2
22
5
2
1
20
2
24
5
2
1
271
563
3
5
1
1
2
1
2
1
5
1
304
34
5
4
260
7
2
1
1
3
4
2
2
1
2
262
1
1
18
5
3
10
2
4
2
1
603
3
2
1
3
2
5
560
3
1
1
22
22
2
26
1
1
40
5
1
1
13
1
2
1
3
1
6
7
2
1
1
32
19
3
1
100
1
2
12
1
11
2
1
2
1
562
3
315
2
1
1
2
4
1
2
30
94
6
1
6
65
23
1
1
352
2
5
4
1
9
2
1
1
1
2
1
3
1
1
2
1
25
6
1
1
3
1
1
2
4
1
1
5
14
1
7
1
3
2
1
3
15
1
2
4
1
1
17
1
12
1
2
1
1
2
1
2
133
1
1
12
66
8
38
1
30
214
2
1
1
3
1
1
339
1
838
2
9
1
616
1
1
6
1
31
1
14
2
1
1
2
6
1
9
3
1
4
8
1
594
1
5
3
1
1
1
1
3
10
14
1
41
1
1
14
26
7
612
16
3
6
14
1
3
2
1
1
1
2
38
2
34
1
18
2
1
1
4
10
6
22
1
1
1
1
38
3
3
30
1
1
1
1
2
860
1
1
2
1
880
2
889
1
5
29
29
2
1
1
3
60
1
1
2
1
1
1
14
16
8
8
11
6
1
1
1
2
4
1
1
2
1
1
1
3
1
2
623
337
154
3
329
1
1
5
380
78
1
16
69
186
9
180
4
563
1
1
1
486
3
1
1
2
1
3
1
458
49
50
1
5
14
391
4
8
1
54
2
1
40
1
1
2
2
1
2
6
3
1
2
2
2
1
1
1
1
479
2
2
8
1
2
469
1
2
7
3
6
12
1
3
2
2
1
1
1
1
1
1
16
7
1
1
1
18
1
1
2
1
1
22
1
2
75
1
4
4
1
34
1
2
15
1
2
1
5
20
2
1
1
3
11
1
1
2
4
1
2
16
120
1
1
4
1
2
1
1
1
16
3
6
4
10
1
1
23
3
3
1
2
10
1
1
2
1
5
8
1
32
2
6
1
17
30
7
141
6
1
1
5
12
1
2
1
6
1
1
1
1
1
1
46
2
1
1
1
2
1
1
2
1
3
3
14
1
2
73
4
1
1
4
6
2
1
2
12
1
2
3
1
1
2
1
1
2
10
3
2
1
4
1
1
1
1
1
1
1
2
1
2
1
1
38
1
350
1
1
1
9
31
1
3
2
1
1
6
1
1
2
1
1
13
1
2
51
36
4
1
10
34
1
7
1
3
28
2
4
10
1
3
1
1
2
2
7
1
1
1
2
4
3
1
887
10
2
11
1
1
1
1
7
3
2
1
3
28
1
1
4
21
1
31
1
1
1
1
2
7
1
330
1
44
4
31
903
2
1
2
858
1
1
5
1
5
1
28
2
18
4
14
11
1
3
1
4
1
1
1
531
8
1
2
2
1
1
2
1
2
25
2
1
7
1
2
1
4
1
258
1
23
2
1
15
3
1
2
10
7
1
1
1
1
4
4
1
1
2
9
2
1
1
1
2
2
1
1
1
5
3
2
2
1
3
1
1
2
2
2
1
3
1
1
1
2
34
5
1
2
1
2
4
1
2
1
1
1
2
1
2
1
1
5
1
3
1
1
3
5
1
1
1
1
1
1
3
1
2
1
3
1
2
1
1
5
1
1
1
1
6
1
4
1
1
1
2
1
2
1
31
1
3
8
1
10
1
9
3
2
1
1
17
9
27
1
1
1
1
2
2
8
1
1
1
1
1
2
2
1
2
1
1
3
1
74
1
3
1
1
1
4
1
2
3
1
1
1
1
2
5
1
1
2
1
1
1
2
3
1
1
1
2
1
1
3
1
2
5
1
1
1
2
1
3
4
2
1
2
1
1
2
1
3
1
1
1
2
1
4
1
2
1
1
1
3
1
1
1
1
1
2
1
2
5
1
1
2
1
1
1
1
2
3
1
1
5
1
2
1
2
1
2
1
9
4
1
1
1
1
2
1
2
2
1
2
1
1
1
1
1
1
1
1
1
2
1
1
