843
771
820
664
761
653
693
577
612
774
821
695
762
656
694
578
613
775
822
667
763
658
666
659
758
646
690
574
609
769
818
661
759
611
844
691
575
610
770
819
662
760
650
692
576
777
665
698
582
617
784
826
674
767
668
700
828
618
788
827
675
768
669
702
584
619
790
583
845
579
846
614
776
823
670
764
660
696
580
615
766
824
671
765
663
697
581
648
778
1909
825
672
755
600
739
809
645
750
635
680
566
601
649
810
647
751
636
682
567
602
741
811
737
563
598
807
641
565
747
633
678
564
599
738
808
643
748
634
740
679
654
684
640
687
571
606
746
815
655
756
642
817
572
607
749
816
657
757
644
689
573
608
745
688
752
637
683
568
603
742
812
651
753
638
814
569
604
743
813
652
754
639
685
570
605
744
616
798
834
718
673
782
704
728
590
625
799
835
731
783
705
730
591
626
800
836
721
785
706
719
715
779
699
720
587
622
796
832
716
780
624
722
588
623
797
833
1898
717
781
703
725
589
802
709
734
595
630
804
840
727
791
710
735
842
631
805
841
729
792
712
736
597
632
806
596
592
1757
627
801
837
723
786
707
732
593
628
789
838
724
787
708
733
594
629
803
839
726
701
793
829
681
772
676
711
585
620
794
830
714
773
677
713
586
621
795
831
686
559
1752
2887
2071
1896
494
400
411
398
491
388
432
153
263
510
551
403
492
267
436
154
265
512
552
405
493
395
437
155
518
410
450
162
284
523
556
426
498
419
454
558
286
525
557
440
499
422
456
164
292
527
560
163
159
274
516
553
415
495
408
445
160
278
497
554
417
496
412
449
161
281
520
555
434
120
530
196
409
515
264
413
261
333
121
197
394
517
269
406
266
335
122
198
416
519
271
414
389
511
257
386
248
318
118
193
404
513
332
390
250
327
119
195
407
514
262
392
255
124
279
441
275
347
126
202
423
526
289
442
204
349
127
203
425
528
294
444
280
351
128
277
268
340
123
199
418
521
273
429
270
343
524
200
420
522
276
424
272
345
125
201
421
371
113
502
239
360
229
288
110
181
372
234
241
364
230
297
111
182
376
504
243
362
366
178
99
500
233
356
226
283
180
108
179
368
501
236
359
290
109
503
228
249
379
242
310
115
186
391
100
508
251
382
189
316
116
187
396
509
253
384
246
320
117
244
300
102
112
183
380
505
245
370
238
301
507
184
378
506
247
374
240
561
307
114
185
259
387
317
377
142
218
465
543
337
480
319
381
545
219
464
544
339
482
322
383
144
220
472
143
215
459
540
328
474
313
373
140
216
478
541
330
476
315
375
141
217
462
542
334
326
481
548
346
488
331
399
148
224
483
157
549
402
489
336
401
149
225
484
550
98
350
490
338
348
341
485
324
385
145
221
470
546
342
486
223
393
146
222
479
547
344
487
329
397
147
461
354
131
101
207
431
532
304
453
291
355
132
308
433
533
305
455
293
562
357
133
209
435
534
208
427
529
296
446
282
352
129
205
428
287
299
448
285
353
130
206
430
531
302
451
361
537
321
463
306
365
137
213
438
538
323
139
309
367
138
214
452
539
325
466
311
369
468
457
295
358
134
210
439
535
312
458
298
447
135
211
443
536
314
460
303
363
136
212
1877
1769
1897
1758
1800
1908
1775
1774
1784
1878
1794
152
256
473
169
232
175
192
106
156
258
177
170
237
176
194
107
158
260
477
171
235
475
467
166
227
172
188
103
150
252
469
167
105
173
190
104
151
254
471
168
231
97
174
191
165
90
2734
2611
2672
2256
2440
2746
2862
2468
2736
2613
2864
2257
2447
2744
2863
2508
2737
2618
2676
2260
2450
2754
2674
2666
2251
2418
2739
2859
2466
2722
2605
2668
2253
2490
2741
2860
2488
2730
2607
2670
2255
2439
2743
2711
2861
2230
2394
2700
2851
2352
2680
2568
2627
2232
2397
2688
2852
2410
2683
2570
2630
2234
2399
2712
2853
2416
2706
2848
2367
2665
2559
2609
2228
2389
2693
2849
2370
2614
2651
2561
2606
2229
2392
2685
2850
2350
2659
2563
2238
2698
2583
2645
2407
2724
2857
2430
2701
2728
2650
2246
2409
2726
2858
2414
2703
2589
2643
2248
2413
2585
2573
2632
2236
2401
2715
2854
2420
2691
2575
2637
2856
2403
2717
2855
2425
2694
2578
2641
2240
2405
2720
2242
2428
2616
2657
2779
2684
2729
2315
2579
2791
2879
2619
2782
2795
2731
2317
2593
2792
2880
2663
2785
2687
2733
2320
2551
2686
2661
2723
2308
2553
2787
2876
2633
2776
2678
2725
2878
2495
2789
2877
2635
2778
2682
2727
2313
2526
2790
2780
2801
2884
2704
2794
2699
2742
2329
2625
2803
2885
2338
2796
2702
2745
2333
2636
2806
2886
2709
2797
2705
2747
2707
2881
2664
2788
2690
2735
2322
2608
2798
2882
2679
2628
2695
2738
2323
2602
2799
2883
2681
2793
2697
2740
2328
2302
2764
2867
2522
2753
2639
2708
2283
2459
2768
2868
2289
2755
2642
2710
2270
2471
2769
2869
2566
2757
2648
2713
2529
2516
2732
2623
2689
2264
2454
2759
2865
2524
2749
2462
2692
2265
2456
2761
2866
2535
2751
2629
2696
2262
2871
2718
2296
2483
2783
2873
2591
2771
2656
2719
2299
2775
2784
2874
2621
2773
2667
2721
2304
2506
2786
2875
2624
2505
2480
2777
2870
2532
2762
2652
2714
2292
2486
2760
2658
2572
2765
2654
2716
2295
2489
2781
2872
2598
2767
2188
2514
2817
2216
2484
2421
2442
2171
2271
2520
2818
2176
2512
2423
2434
2174
2275
2525
2819
2219
2515
2429
2453
2217
2207
2492
2408
2424
2166
2266
2509
2815
2208
2497
2269
2426
2168
2267
2511
2816
2214
2498
2417
2432
2169
2821
2470
2180
2290
2549
2823
2239
2533
2441
2473
2181
2550
2557
2824
2241
2548
2445
2477
2182
2294
2543
2825
2243
2293
2273
2531
2820
2233
2518
2431
2451
2178
2282
2523
2438
2235
2530
2436
2463
2179
2288
2544
2822
2237
2537
2412
2151
2225
2460
2805
2190
2444
2383
2390
2153
2227
2391
2807
2192
2446
2387
2398
2154
2223
2465
2808
2194
2437
2472
2448
2800
2186
2427
2364
2384
2148
2210
2455
2802
2388
2433
2365
2386
2149
2221
2457
2804
2189
2435
2375
2245
2476
2402
2415
2161
2259
2499
2812
2203
2478
2404
2814
2163
2261
2500
2813
2204
2481
2406
2422
2164
2263
2503
2419
2400
2155
2231
2487
2809
2198
2443
2393
2395
2157
2202
2458
2810
2196
2474
2396
2411
2159
2247
2494
2811
2184
2528
2562
2211
2345
2622
2840
2277
2620
2521
2564
2319
2346
2646
2841
2325
2638
2536
2560
2213
2358
2662
2842
2212
2205
2334
2626
2837
2297
2612
2513
2545
2206
2337
2600
2838
2272
2597
2510
2558
2209
2342
2634
2839
2310
2586
2314
2649
2552
2595
2222
2379
2673
2846
2355
2653
2677
2599
2224
2381
2675
2847
2357
2660
2556
2603
2226
2385
2554
2640
2538
2581
2215
2360
2655
2843
2340
2644
2540
2845
2218
2371
2669
2844
2336
2647
2546
2588
2220
2373
2671
2631
2250
2567
2464
2502
2185
2307
2590
2829
2254
2569
2596
2479
2191
2309
2592
2830
2252
2571
2469
2519
2193
2311
2467
2452
2482
2183
2298
2555
2826
2244
2541
2449
2491
2828
2301
2580
2827
2249
2565
2461
2485
2187
2305
2577
2576
2321
2610
2834
2279
2584
2501
2539
2201
2326
2615
2547
2284
2587
2504
2542
2200
2331
2617
2836
2286
2594
2507
2835
2831
2258
2574
2475
2517
2195
2312
2601
2832
2268
2199
2493
2527
2197
2316
2604
2833
2274
2582
2496
2534
2344
2752
2143
2351
2281
2327
2134
2165
2366
2758
2144
2170
2287
2330
2135
2167
2368
2756
2145
2359
2291
2332
2136
2353
2347
2276
2318
2131
2158
2356
2748
2141
2348
2278
2363
2132
2160
2354
2750
2142
2349
2280
2324
2133
2162
2147
2173
2377
2770
2150
2374
2300
2339
2139
2175
2380
2343
2152
2376
2303
2341
2140
2177
2382
2774
2156
2378
2306
2772
2369
2763
2146
2361
2285
2335
2137
2172
2372
2766
2138
2362
962
1974
1991
1907
1941
2023
2059
1931
1984
1975
1993
2001
1932
1913
1967
1900
1933
1985
1914
1901
1799
1916
1934
1763
1764
1899
1760
1998
1788
1977
1968
1988
2052
1976
1989
2051
1992
2053
1778
1937
2007
1766
1881
2056
1920
1970
1972
1777
1982
1905
1938
1923
2057
1922
2004
1973
1983
1906
1776
1939
2011
2058
2009
1994
1969
1978
1759
1880
1902
1935
1996
1768
2054
1917
1806
1997
1904
1767
1979
1882
1903
1790
1936
2006
2055
1919
2000
1971
1980
2021
2043
2063
1944
2033
1995
2017
1921
1959
2044
1947
1945
2034
1999
1779
2018
1924
1773
1960
2045
2065
1946
2035
2064
2030
1986
2013
1787
1912
1956
2039
2061
1942
2031
1958
1801
2015
1915
1957
2041
2062
1943
2032
1990
1765
2016
1918
1926
1803
1950
2038
2010
1789
2024
1928
1964
2049
2069
1797
1951
2040
1966
2025
1929
1965
1761
1771
1796
2050
2070
1952
2042
2014
2026
1930
1770
2012
2019
1925
1961
2046
2066
1948
2036
2003
2020
2068
1962
2047
2067
1949
2037
1772
2008
1762
2022
1927
1963
2048
1987
2027
1798
1981
2002
1780
1910
1791
1883
1953
1879
2029
2060
1940
1795
2028
1955
2005
1911
1954
2116
1870
1889
1816
1863
1845
1853
1807
1844
1802
1823
1861
1886
1813
1859
1842
1851
1804
1815
1862
1887
1814
1860
1843
1852
1805
1825
1865
1888
1891
1856
1810
1829
1874
1893
1820
1868
1849
1857
1811
1822
1875
1894
1821
1869
1850
1858
1812
1831
1876
1895
1830
1871
1890
1817
1864
1846
1854
1808
1827
1872
1848
1818
1866
1847
1855
1809
1828
1873
1892
1819
1867
1835
1836
1781
1792
1832
1884
1785
1839
1824
1837
1782
1841
1833
1885
1786
1840
1826
1838
1783
1793
1834
977
1723
1242
1266
1255
1522
1720
1232
1574
1455
1564
1192
1258
1524
1471
1233
1578
1464
1566
1195
1260
1526
1722
1235
1582
1203
1250
1598
1494
1585
1205
1278
1548
1727
1252
1600
1555
1587
1209
1284
1561
1728
1254
1614
1507
1589
1218
1286
1504
1462
1577
1202
1270
1540
1724
1244
1590
1487
1579
1726
1273
1543
1725
1247
1595
1490
1580
1206
1275
1721
1511
1413
1538
1165
1197
1479
1712
1213
1515
1417
1541
1714
1199
1481
1713
1215
1545
1419
1544
1168
1227
1476
1166
1161
1194
1461
1709
1204
1528
1404
1535
1163
1537
1468
1710
1207
1533
1411
1536
1164
1196
1451
1711
1211
1201
1428
1717
1225
1567
1424
1554
1180
1248
1516
1718
1190
1569
1448
1556
1188
1236
1517
1719
1230
1571
1452
1560
1228
1217
1553
1421
1547
1172
1219
1478
1715
1221
1558
1234
1549
1176
1238
1485
1716
1223
1563
1434
1551
1170
1619
1743
1307
1649
1575
1629
1274
1364
1617
1744
1310
1381
1573
1631
1277
1372
1645
1745
1316
1653
1581
1633
1280
1648
1643
1565
1615
1267
1346
1622
1741
1299
1646
1568
1628
1269
1348
1627
1742
1297
1647
1570
1625
1272
1356
1321
1400
1652
1749
1352
1658
1591
1640
1303
1408
1656
1644
1363
1659
1594
1642
1306
1412
1661
1751
1313
1660
1596
1750
1621
1746
1318
1654
1583
1634
1291
1341
1650
1747
1294
1655
1586
1636
1296
1398
1651
1748
1324
1657
1588
1638
1620
1302
1572
1732
1261
1624
1529
1601
1224
1305
1550
1604
1268
1626
1539
1603
1240
1311
1602
1734
1276
1630
1542
1733
1729
1256
1593
1510
1592
1220
1289
1576
1730
1259
1231
1496
1597
1222
1300
1584
1731
1263
1623
1531
1599
1607
1557
1610
1257
1329
1611
1738
1290
1639
1559
1612
1295
1336
1613
1739
1292
1641
1562
1616
1265
1339
1618
1740
1262
1243
1314
1605
1735
1282
1632
1546
1606
1246
1326
1637
1736
1281
1635
1552
1608
1251
1328
1609
1737
1288
1753
1454
1085
1112
1345
1678
1092
1415
1279
1457
1087
1420
1347
1679
1094
1418
1283
1460
1089
1119
1349
1680
1097
1110
1090
1340
1675
1065
1403
1264
1447
1081
1101
1342
1239
1069
1406
1249
1450
1083
1096
1344
1677
1086
1394
1093
1105
1430
1298
1473
1098
1128
1359
1684
1106
1433
1366
1475
1100
1130
1361
1685
1109
1436
1309
1477
1102
1133
1304
1285
1456
1091
1120
1350
1681
1099
1423
1287
1466
1683
1121
1354
1682
1103
1426
1293
1470
1095
1125
1357
1676
1377
1214
1422
1058
1754
1317
1667
1057
1379
1216
1669
1060
1070
1319
1668
1059
1380
1212
1427
1062
1072
1322
1425
1410
1051
1755
1308
1664
1053
1373
1208
1409
1052
1056
1312
1665
1054
1375
1210
1414
1055
1075
1315
1666
1226
1333
1672
1074
1389
1241
1439
1079
1084
1335
1673
1068
1392
1245
1441
1067
1088
1338
1674
1078
1397
1253
1443
1076
1061
1382
1229
1429
1064
1073
1327
1670
1063
1385
1082
1431
1066
1080
1331
1671
1071
1386
1237
1435
1077
1442
1700
1173
1491
1365
1519
1139
1178
1432
1701
1175
1181
1369
1520
1142
1179
1401
1702
1183
1498
1367
1521
1144
1493
1483
1358
1513
1134
1162
1405
1698
1169
1484
1360
1407
1136
1158
1416
1699
1171
1488
1362
1518
1137
1174
1189
1185
1446
1706
1193
1508
1393
1530
1155
1186
1453
1534
1198
1509
1396
1532
1153
1187
1449
1708
1200
1514
1399
1707
1438
1703
1177
1501
1374
1523
1147
1182
1440
1704
1151
1503
1387
1525
1149
1184
1444
1705
1191
1506
1390
1527
1512
1138
1371
1689
1122
1458
1323
1489
1111
1146
1376
1495
1129
1459
1332
1492
1114
1148
1378
1691
1126
1463
1334
1690
1686
1113
1445
1301
1482
1104
1135
1368
1687
1117
1108
1320
1480
1107
1140
1370
1688
1115
1437
1325
1486
1384
1351
1500
1123
1156
1391
1695
1127
1474
1353
1505
1167
1157
1395
1696
1160
1472
1355
1502
1132
1159
1402
1697
1131
1118
1150
1383
1692
1141
1465
1337
1497
1116
1152
1469
1693
1143
1467
1343
1499
1124
1154
1388
1694
1145
1663
1756
1271
1662
1050
1330
91
69
92
93
46
71
8
57
34
70
23
5
47
83
10
58
35
82
79
1
54
31
66
13
94
44
80
2
18
32
67
16
0
45
81
4
56
33
68
49
38
74
26
15
51
87
20
62
39
75
22
17
52
88
21
63
40
76
28
19
53
89
27
24
7
48
84
11
59
36
72
25
9
61
85
6
60
37
73
55
12
50
86
14
41
65
95
3
64
29
77
96
42
30
43
78
2130
2073
2089
2119
2110
2081
2125
2072
2088
2118
2096
2109
2095
2080
2117
2087
2102
2079
2108
2082
2124
2084
2113
2099
2121
2092
2076
2105
2128
2085
2114
2107
2122
2093
2077
2106
2129
2086
2115
2101
2123
2094
2078
2100
2111
2097
2120
2090
2074
2103
2126
2083
2112
2098
2127
2091
2075
2104
1049
1032
854
995
925
1013
858
850
951
875
1024
972
907
877
987
1042
908
1007
940
1025
927
958
879
988
1043
910
950
1008
941
1026
911
882
948
989
909
984
1039
902
1004
937
1022
904
964
872
985
939
903
1005
938
1023
905
874
986
1041
906
1006
1010
890
971
992
957
1046
918
1012
945
1030
852
919
892
993
947
920
1014
946
1031
921
894
994
1048
922
1015
1047
912
1009
942
851
1027
857
913
853
886
990
1044
914
917
943
1028
915
888
991
1045
916
1011
944
1029
1040
980
1035
873
999
929
1019
887
849
862
981
855
847
970
931
876
1000
930
956
1020
891
863
982
1037
878
1001
1036
996
926
1016
880
963
859
856
978
1033
949
865
924
997
861
1017
883
860
979
1034
871
998
848
928
1018
885
895
881
1002
934
1021
898
868
983
1038
897
1003
870
923
968
900
869
955
976
899
961
936
969
901
935
965
893
864
952
973
884
959
932
966
975
866
953
974
889
960
933
967
896
867
954
441
382
411
243
173
347
195
313
278
383
416
198
174
348
197
314
279
384
418
245
175
349
244
240
170
344
191
310
275
380
409
241
171
277
207
192
311
276
381
412
242
172
346
193
312
386
352
201
318
283
388
424
249
179
353
202
426
284
389
425
250
180
354
203
320
285
390
319
158
315
922
280
385
421
246
176
350
199
316
281
178
422
247
177
351
200
317
345
387
157
423
248
167
266
371
396
222
162
336
183
302
267
227
397
226
163
337
184
303
268
373
398
369
299
264
394
219
301
160
334
181
300
265
370
395
220
161
335
372
182
233
186
341
188
307
272
377
403
237
168
342
407
308
273
378
405
239
169
343
190
309
274
379
189
164
338
185
304
269
374
399
229
165
339
401
305
270
375
400
230
166
340
187
306
271
376
282
406
432
256
355
211
361
225
326
291
408
433
231
212
362
228
327
292
410
434
258
213
363
257
253
208
358
221
323
288
402
430
254
209
290
223
324
289
404
431
442
255
210
360
224
325
414
366
235
331
296
417
438
262
218
367
236
440
297
420
439
263
217
368
238
333
298
419
332
328
159
293
413
435
259
214
364
232
329
294
216
436
260
215
365
234
330
295
415
437
261
359
391
427
251
194
356
204
321
286
392
428
206
196
357
205
322
287
393
429
252
901
2130
2887
1215
1153
582
782
641
635
564
780
588
726
664
882
893
637
570
666
591
728
665
884
894
639
568
781
593
730
888
785
605
734
670
890
898
650
598
786
610
900
671
891
899
651
599
787
611
736
672
892
43
735
731
667
887
895
644
585
783
601
732
668
595
896
646
589
784
604
733
669
889
897
648
692
864
625
812
845
555
471
750
500
693
626
474
847
557
472
751
502
694
627
816
849
561
814
809
837
548
468
747
495
690
623
810
839
498
469
748
497
691
624
811
841
553
470
749
696
569
479
755
508
698
631
822
860
571
481
633
510
699
632
824
862
573
483
757
512
700
756
752
503
695
628
817
851
565
475
753
504
856
629
818
854
567
477
754
506
697
630
820
801
685
819
522
455
739
480
682
615
802
741
524
456
740
482
683
616
803
823
526
902
799
612
596
813
513
450
737
476
614
680
613
800
815
499
451
478
681
821
738
535
465
744
489
687
620
807
679
832
542
466
622
491
688
621
808
835
540
467
746
493
689
745
484
906
684
617
804
827
530
463
742
485
830
618
805
829
532
464
743
444
487
686
619
551
806
771
547
714
656
850
877
597
519
772
549
879
657
852
878
600
521
773
550
716
658
853
715
653
844
874
590
514
769
545
712
654
518
875
592
516
770
546
713
655
848
876
594
775
858
883
607
534
777
558
720
662
859
678
885
560
536
778
562
721
663
861
886
473
609
538
779
608
602
525
774
552
717
659
855
880
603
527
661
554
718
660
857
881
606
529
776
556
719
846
520
703
907
638
831
866
578
492
761
523
704
580
833
867
579
494
762
445
528
705
642
834
868
640
825
863
574
486
758
515
701
634
826
760
575
488
759
517
702
636
828
865
577
490
533
871
584
507
766
539
709
649
842
872
586
711
767
541
710
652
843
873
587
511
768
543
509
496
763
531
706
643
836
869
581
501
764
840
707
645
838
870
583
505
765
537
708
647
1105
1057
1164
923
909
910
1063
1062
1112
1106
1220
563
789
796
460
904
725
453
676
566
795
729
461
447
727
454
677
572
794
798
462
448
797
791
457
905
722
449
673
544
788
792
458
675
723
903
674
559
790
793
459
446
443
724
452
576
93
2256
2672
2368
2580
2483
2840
2836
2389
2259
2673
2839
2581
2484
2841
2838
2394
2261
2674
2371
2583
2485
2843
2370
2362
2574
2481
2831
2832
2383
2252
2670
2364
2576
2386
2833
2834
2385
2254
2671
2366
2578
2482
2837
2240
2835
2565
2472
2815
2816
2360
2216
2662
2304
2566
2473
2220
2817
2361
2218
2663
2307
2567
2474
2818
2819
2363
2811
2812
2357
2206
2659
2297
2563
2470
2809
2813
2358
2302
2211
2660
2300
2564
2471
2810
2814
2359
2213
2661
2569
2229
2667
2318
2478
2825
2828
2374
2232
2829
2321
2572
2479
2827
2830
2372
2235
2669
2323
2573
2480
2668
2664
2309
2568
2475
2820
2822
2365
2222
2665
2313
2826
2476
2821
2824
2367
2224
2666
2316
2570
2477
2823
2571
2369
2676
2437
2317
2689
2402
2604
2500
2871
2872
2439
2322
2874
2405
2605
2501
2873
2875
2441
2324
2691
2407
2606
2502
2690
2686
2396
2601
2497
2866
2865
2432
2311
2687
2398
2870
2498
2867
2868
2435
2305
2688
2400
2603
2499
2869
2330
2878
2882
2451
2332
2695
2420
2610
2506
2883
2885
2613
2345
2696
2423
2611
2507
2884
2886
2459
2347
2697
2425
2453
2877
2443
2328
2692
2413
2607
2503
2876
2880
2445
2505
2693
2415
2608
2504
2879
2881
2447
2338
2694
2417
2609
2602
2850
2844
2406
2276
2678
2377
2592
2489
2852
2848
2595
2277
2679
2378
2594
2490
2854
2849
2410
2282
2680
2379
2408
2392
2265
2675
2373
2586
2486
2846
2842
2401
2267
2488
2375
2588
2487
2847
2845
2404
2273
2677
2376
2589
2853
2381
2598
2494
2861
2859
2424
2294
2684
2384
2599
2299
2862
2856
2426
2292
2685
2390
2600
2496
2864
2863
2429
2495
2491
2855
2851
2412
2284
2681
2380
2596
2492
2858
2683
2418
2287
2682
2382
2597
2493
2860
2857
2416
2290
2251
2748
2746
2286
2164
2628
2228
2532
2427
2750
2747
2534
2166
2629
2230
2533
2428
2752
2749
2293
2167
2630
2231
2289
2279
2160
2625
2223
2529
2419
2743
2744
2281
2161
2422
2225
2530
2421
2738
2745
2283
2162
2627
2227
2531
2753
2236
2537
2434
2759
2758
2303
2171
2634
2237
2538
2173
2760
2761
2306
2172
2635
2238
2539
2438
2762
2763
2308
2436
2430
2754
2751
2296
2168
2631
2233
2535
2431
2755
2633
2298
2169
2632
2234
2536
2433
2757
2756
2301
2170
2626
2520
2391
2726
2724
2258
2148
2617
2201
2521
2393
2619
2727
2260
2150
2618
2204
2522
2395
2729
2728
2263
2151
2725
2719
2718
2247
2142
2614
2185
2518
2387
2721
2720
2190
2144
2615
2195
2519
2388
2723
2722
2253
2146
2616
2399
2156
2622
2215
2526
2409
2735
2739
2272
2157
2623
2742
2527
2411
2736
2741
2274
2158
2624
2221
2528
2414
2740
2219
2208
2523
2397
2731
2732
2262
2153
2620
2210
2524
2270
2733
2730
2269
2155
2621
2212
2525
2403
2734
2737
2541
2650
2268
2554
2461
2792
2793
2342
2189
2651
2271
2346
2462
2795
2794
2344
2191
2652
2275
2556
2463
2797
2796
2555
2551
2457
2789
2784
2335
2186
2648
2264
2552
2458
2188
2785
2337
2187
2649
2266
2553
2460
2791
2788
2340
2280
2352
2197
2656
2288
2560
2467
2803
2806
2354
2199
2807
2291
2561
2468
2805
2808
2355
2203
2658
2295
2562
2469
2657
2193
2653
2278
2557
2464
2799
2800
2349
2194
2654
2804
2558
2465
2801
2798
2350
2196
2655
2285
2559
2466
2802
2790
2314
2176
2639
2243
2543
2446
2773
2769
2315
2177
2777
2244
2544
2448
2774
2772
2319
2178
2641
2245
2545
2449
2640
2636
2239
2540
2440
2765
2764
2310
2174
2637
2241
2767
2442
2768
2766
2312
2175
2638
2242
2542
2444
2770
2180
2454
2783
2778
2329
2182
2645
2249
2549
2455
2786
2255
2331
2183
2646
2257
2550
2456
2787
2781
2333
2184
2647
2779
2771
2325
2179
2642
2246
2546
2450
2780
2775
2326
2548
2643
2248
2547
2452
2782
2776
2327
2181
2644
2250
2612
2706
2200
2134
2582
2147
2511
2339
2702
2707
2202
2343
2584
2149
2512
2341
2703
2708
2205
2136
2585
2154
2513
2135
2131
2575
2143
2508
2320
2698
2701
2192
2132
2577
2700
2509
2334
2699
2704
2198
2133
2579
2145
2510
2336
2209
2351
2712
2714
2217
2139
2590
2159
2516
2353
2713
2165
2214
2140
2591
2163
2517
2356
2715
2717
2226
2141
2593
2716
2705
2710
2207
2137
2587
2152
2514
2348
2709
2711
2515
2138
1225
1161
971
1080
1034
1191
1192
1002
970
1162
972
937
1031
993
1154
1073
1026
1178
994
1074
1216
996
1027
928
914
1072
925
1177
1121
960
1155
930
1179
958
929
1176
1175
1180
1066
1030
1186
916
1118
1187
999
1157
1159
1065
966
1078
1032
1001
1185
1000
938
1160
968
1079
1064
1033
1189
1190
1188
934
1156
961
924
1114
1075
1028
1182
918
1181
997
913
935
1077
917
962
1109
1076
1125
1029
1184
1183
998
936
1158
964
939
1199
1200
1018
953
1168
986
1095
1049
1201
1036
1019
954
1169
1067
987
1096
1061
1050
1203
1204
1020
955
1202
950
1165
983
1119
1092
1046
1195
1196
1016
951
1048
911
984
1093
1047
1197
1198
1017
952
1167
915
985
1094
1098
912
1023
959
1172
1122
991
1100
1054
1211
1212
1217
1024
963
1056
992
1101
1055
926
1059
1218
1213
1214
1025
965
1174
995
1102
1058
1173
988
1097
1051
1205
1206
1021
956
1170
989
1210
1052
1207
1208
1022
957
1060
1171
927
990
1099
1053
1209
1166
942
908
1163
975
1068
1084
1126
1124
1038
1110
1193
1194
1008
1219
943
1040
976
1085
1039
103
1139
1140
1009
944
1113
977
1086
1111
1081
1035
1133
1135
1005
940
1107
973
1082
1007
1134
1136
1006
941
1108
974
1083
1037
1137
1138
1144
980
1089
1043
1147
1148
1013
948
1120
981
1090
1015
1149
1150
1014
949
1123
982
1091
1045
1151
1152
1044
1143
1141
1010
945
1115
978
1087
1041
1145
1117
1011
946
1116
979
1088
1042
1146
1142
1012
947
1132
931
1069
1003
1127
1128
967
919
1103
932
1070
921
1129
1130
969
920
1104
933
1071
1004
1131
1423
2074
1679
1749
1746
2069
2068
1673
1505
1921
1591
1835
1747
2071
1923
1675
1507
1922
1594
1836
1748
2073
2072
1677
1509
1838
1685
1518
1927
1605
1840
1753
2080
2081
1686
1520
2084
1607
1841
1754
2082
2083
1688
1522
1929
1609
1842
1755
1928
1924
1599
1837
1750
2075
2076
1681
1514
1925
1601
2079
1751
2077
2078
1682
1516
1926
1603
1839
1752
2070
2064
1912
1572
1826
1738
2056
2048
1655
1490
1913
1574
2051
1739
2058
2050
1657
1491
1914
1576
1828
1740
2060
1827
1823
1735
2052
2044
1648
1482
1910
1567
1824
1486
2054
2046
1650
1484
1911
1570
1825
1737
2055
2047
1652
1736
1916
2061
1666
1499
1918
1584
1832
1744
2065
2057
1834
1501
1919
1586
1833
1745
2067
2066
1670
1503
1920
1589
1669
1659
1493
1915
1578
1829
1741
2062
2053
1660
1495
1743
1580
1830
1742
2063
2059
1664
1496
1917
1582
1831
1525
2114
1713
1562
1944
1643
1857
1770
2116
2115
1715
1772
1945
1645
1858
1771
2112
2117
1717
1568
1946
1649
1859
1566
1556
1941
1637
1854
1767
2108
2109
1711
1558
1942
2113
1855
1768
2110
2111
1712
1561
1943
1641
1856
1769
1721
1775
2127
2123
1726
1585
1950
1661
1863
1776
2128
1668
1728
1588
1951
1663
1864
1777
2129
2125
1730
1590
1952
2126
2121
2118
1719
1573
1947
1651
1860
1773
2120
2119
1862
1575
1948
1653
1861
1774
2124
2122
1724
1579
1949
1656
1639
1758
2089
2092
1693
1529
1933
1622
1846
1759
2091
1627
1695
1531
1934
1624
1847
1760
2096
2094
1699
1534
1935
2093
2085
1689
1524
1930
1613
1843
1756
2087
2086
1690
1845
1931
1617
1844
1757
2088
2090
1691
1527
1932
1619
2100
1938
1632
1851
1764
2103
2097
1707
1548
1939
1633
1710
1765
2104
2105
1709
1552
1940
1635
1853
1766
2106
2107
1852
1848
1761
2098
2095
1697
1538
1936
1629
1849
1762
1545
2099
1703
1532
1937
1631
1850
1763
2102
2101
1705
1615
1487
1792
1672
1982
1987
1569
1439
1879
1488
1793
1441
1984
1988
1571
1440
1880
1492
1794
1676
1981
1990
1577
1674
1665
1969
1983
1555
1436
1876
1483
1790
1667
1976
1878
1563
1437
1877
1485
1791
1671
1978
1986
1565
1438
1796
1587
1444
1884
1500
1798
1687
1995
1996
1592
1445
1999
1502
1799
1683
1998
2001
1593
1446
1886
1504
1800
1692
1885
1881
1494
1795
1678
1989
1992
1581
1442
1882
1497
1997
1680
1993
1991
1583
1443
1883
1498
1797
1684
1994
1985
1427
1867
1467
1781
1623
1960
1965
1541
1428
1868
1973
1782
1625
1961
1972
1543
1429
1869
1471
1783
1628
1962
1469
1460
1778
1611
1956
1958
1535
1425
1865
1462
1779
1539
1957
1966
1537
1426
1866
1464
1780
1621
1959
1963
1871
1968
1977
1553
1433
1873
1477
1787
1658
1970
1979
1789
1434
1874
1479
1788
1662
1971
1980
1557
1435
1875
1481
1554
1547
1430
1870
1473
1784
1647
1964
1974
1549
1431
1654
1475
1785
1646
1967
1975
1551
1432
1872
1476
1786
1448
2028
1620
1463
1901
1533
1815
1723
2030
2031
1626
1727
1902
1536
1816
1725
2032
2033
1630
1466
1903
1540
1817
1465
1458
1898
1526
1812
1718
2025
2024
1616
1459
1899
2029
1813
1720
2027
2026
1618
1461
1900
1530
1814
1722
1636
1732
2045
2039
1640
1474
1907
1550
1821
1733
2043
1559
1642
1478
1908
1560
1822
1734
2049
2042
1644
1480
1909
2041
2035
2036
1634
1468
1904
1542
1818
1729
2034
2037
1820
1470
1905
1546
1819
1731
2040
2038
1638
1472
1906
1544
1528
1698
2004
2008
1598
1450
1890
1511
1804
1700
2006
1513
1600
1451
1891
1512
1805
1701
2009
2013
1602
1452
1892
2011
2003
1595
1447
1887
1506
1801
1694
2000
2005
1596
1803
1888
1508
1802
1696
2002
2007
1597
1449
1889
1510
2012
1895
1519
1809
1706
2017
2020
1610
1456
1896
1521
1614
1714
2016
2021
1612
1457
1897
1523
1811
1716
2022
2023
1810
1806
1702
2010
2015
1604
1453
1893
1515
1807
1704
1455
2018
1606
1454
1894
1517
1808
1708
2014
2019
1608
1955
1564
1953
1954
1489
1424
94
95
48
35
77
14
23
96
60
13
49
36
79
80
24
2
61
78
74
20
97
57
10
45
33
73
75
21
47
58
11
46
34
72
76
22
1
59
12
85
64
17
52
40
88
87
28
6
65
18
30
41
90
89
29
7
66
19
54
42
91
92
53
50
37
82
83
25
3
62
15
51
38
5
84
26
4
63
16
0
39
81
86
27
68
9
32
44
8
55
67
31
69
56
71
70
152
119
127
153
154
112
142
118
126
105
134
155
133
111
104
125
140
110
156
113
141
115
100
137
107
130
122
148
146
116
101
150
108
131
123
149
151
117
102
139
109
132
124
138
98
135
106
128
120
143
144
114
99
136
147
129
121
145
1385
1350
1275
1224
1331
1237
1312
1294
1351
1313
1264
1413
1323
1304
1371
1370
1286
1243
1342
1265
1333
1223
1305
1373
1372
1287
1414
1244
1343
1266
1325
1306
1411
1375
1324
1364
1365
1283
1240
1339
1262
1321
1227
1302
1366
1341
1284
1241
1340
1263
1322
1303
1369
1368
1285
1242
1246
1309
1410
1379
1222
1381
1291
1248
1347
1270
1273
1329
1310
1380
1349
1292
1249
1348
1271
1330
1311
1382
1384
1293
1250
1383
1288
1245
1344
1272
1267
1398
1326
1274
1307
1376
1377
1289
1328
1345
1268
1327
1308
1378
1374
1290
1247
1346
1269
1367
1352
1357
1278
1231
1335
1254
1317
1391
1298
1360
1396
1389
1409
1337
1279
1232
1336
1221
1255
1318
1299
1361
1359
1280
1233
1358
1228
1332
1251
1314
1226
1295
1397
1353
1354
1412
1276
1404
1229
1297
1252
1315
1296
1355
1356
1277
1230
1390
1334
1253
1316
1319
1281
1236
1338
1259
1320
1300
1362
1363
1282
1238
1301
1403
1260
1401
1395
1421
1422
1388
1239
1408
1261
1402
1407
1256
1399
1392
1417
1416
1386
1234
1405
1257
1420
1393
1418
1415
1387
1235
1406
1258
1400
1394
1419
1711
1682
1543
1581
1500
1630
1481
1712
1635
1684
1545
1485
1501
1632
1484
1444
1638
1686
1547
1584
1502
1634
1583
1575
1497
1624
1476
1713
1629
1667
1538
1578
1498
1633
1465
1477
1442
1631
1679
1541
1580
1499
1628
1479
1443
1690
1641
1491
1448
1644
1693
1554
1590
1509
1643
1493
1556
1646
1695
1555
1591
1510
1645
1495
1450
1648
1696
1449
1464
1445
348
1639
1689
1548
1586
1504
1637
1487
1446
1640
1508
1550
1587
1507
1636
1488
1447
1626
1692
122
1552
1588
1492
1610
1655
1521
1562
1482
1609
1468
1714
1612
1564
1523
1563
1483
1611
1469
1435
1614
1657
1524
1652
1715
1606
1518
1560
1434
1478
1605
1466
1433
1608
1654
1519
1561
1480
1607
1656
1467
1570
1471
1619
1473
1439
1623
1665
1531
1571
1494
1621
1536
1440
1625
1669
1534
1572
1496
1622
1475
1441
1627
1673
1474
1486
1613
1470
1436
1616
1659
1526
1565
1489
1615
1530
1437
1618
1661
1528
1567
1490
1617
1472
1438
1620
1663
1642
1702
1569
1597
1647
1539
1664
1515
1456
1674
1703
1573
1520
1540
1666
1517
1457
1677
1704
1574
1599
1542
1671
1598
1594
1533
1658
1512
1453
1668
1700
1566
1595
1535
1672
1513
1454
1670
1701
1568
123
1596
1537
1662
1514
1455
1706
1678
1527
1461
1688
1708
1582
1603
1551
1680
1529
1589
1691
1709
1585
1604
1553
1683
1532
1463
1694
1710
1462
1458
1716
1681
1705
1576
1600
1544
1675
1522
1459
1685
1549
1577
1601
1546
1676
1525
1460
1687
1707
1579
1602
1660
1697
1557
1592
1511
1649
1503
1451
1651
1698
1558
1506
1516
1650
1505
1452
1653
1699
1559
1593
2180
2887
1421
275
412
1942
2156
2003
2000
1935
2150
1920
1764
2154
2172
1987
2001
1938
2161
1922
1765
2157
2173
1989
2002
1940
2153
1924
1766
2175
2162
1936
1770
2169
2177
1997
2007
1963
2164
1939
1999
2170
2178
1998
2008
1964
2165
1941
1772
2171
2179
0
1771
1767
2166
2174
1993
2004
1956
2158
1930
1768
2167
1959
1995
2005
1958
2160
1933
1769
2168
2176
1996
2006
1734
1911
2051
2125
1902
1960
1831
2044
1815
1735
2053
1834
1903
1961
1833
2046
1817
1736
2055
2127
1904
1962
2126
2122
1895
1954
1826
2038
1809
1732
2047
2123
1897
1813
1828
2040
1811
1733
2049
2124
1900
1957
1830
2042
1738
1967
1838
2052
1825
1740
2060
2131
1908
1968
1840
2063
1827
1741
2062
2132
1909
1969
1842
2061
1829
1742
2059
2048
1820
1737
2056
2128
1905
1965
1836
2050
1821
1907
2057
2129
1906
1966
1837
2054
1823
1739
2058
2130
2114
1727
1875
1944
1808
2023
1798
1724
2032
2115
2025
1945
1810
2024
1799
1725
2033
2116
1877
1947
1812
2112
2026
1779
1861
1937
1804
2021
1796
2030
1722
2028
2113
1863
1931
1806
1797
1723
1880
2022
1951
1819
2031
1803
1729
2041
2120
1818
1891
1952
1822
2045
1805
1730
2043
2121
1893
1953
1824
2036
1807
1731
2034
1800
1773
1726
2035
2117
1886
1948
1814
2027
1801
1889
2037
2118
1888
1950
1816
2029
1777
1802
1728
2039
1955
2119
2095
1859
1756
2096
2147
1927
1984
1887
2098
1865
1929
2097
2148
1928
1985
1890
2100
1867
1758
2099
2149
1757
2089
2144
1923
1981
1878
2091
1856
1754
2092
1884
1925
1982
1883
2093
1858
1755
2094
2146
1926
1983
2103
2155
1943
1991
1898
2107
1879
1762
2108
2159
1775
1946
1885
1899
2109
1882
1763
2110
2163
1949
1432
1994
1901
2111
1992
1986
1892
2101
1870
1759
2102
2151
1934
1988
1894
2106
1874
1760
2104
2152
1932
1990
1896
2105
1876
1761
2145
1839
1745
1774
2069
2136
1913
1973
1850
2070
1841
1746
1975
2137
1914
1974
1851
2072
1778
1843
1747
2075
2138
1915
2073
2133
1910
1970
1844
2064
1832
1743
2065
2134
2068
1971
1847
2066
1835
1744
2067
2135
1912
1972
1848
1846
1918
1978
1862
2080
1852
1751
2084
2142
1919
1979
1753
2083
1854
1752
2087
2143
1921
1980
1864
2082
1855
1871
1853
2074
1845
1748
2077
2139
1916
1976
1857
2076
2141
1749
2079
2140
1917
1977
1860
2078
1849
1750
2081
302
98
210
181
292
121
189
356
374
303
296
2011
2086
1793
1873
1787
2018
1783
1720
2012
2088
2020
1872
1788
2019
1784
1721
2013
2090
1795
1881
1789
1794
1790
1866
1785
2014
1780
1717
2009
2071
1791
1868
1719
2015
1781
1718
2010
2085
1792
1869
1786
1776
2017
1782
2016
97
976
1294
951
1422
1287
1396
1020
1113
980
1296
1033
735
1290
1397
1028
1114
978
1302
956
736
1292
1398
955
946
1423
1281
1393
1015
1110
970
1286
947
733
1112
1394
1017
1111
972
1289
949
734
1283
1395
963
1019
1424
1258
1384
979
1101
926
1271
908
725
1259
936
981
1102
933
1273
918
726
1261
1386
985
1104
1385
971
1096
922
1265
901
1425
1255
1382
974
1097
906
924
1267
904
724
1257
1383
977
1099
927
1269
728
944
1278
931
1270
1390
999
1108
957
1392
934
731
1272
1391
1001
1109
960
1280
935
732
1274
1279
1275
923
727
1264
1387
991
1105
940
1276
925
997
1266
1388
995
1106
938
1277
929
729
1268
1389
730
1107
1309
1129
1044
1341
1011
751
1352
1413
1082
1130
1047
1415
1016
752
1357
1414
1083
1131
1049
1347
1023
753
1362
1343
1333
992
748
1342
1410
1071
1127
1035
1337
1005
1078
1346
1411
1073
1128
1042
1339
1007
750
1348
1412
1056
1418
1098
1137
1060
1356
1038
757
1371
1419
1100
759
1062
1359
1045
758
1373
1420
1103
1143
1064
1369
1055
1139
1089
1132
1052
1350
1021
754
1364
1416
1091
1133
1370
1351
1031
755
1366
1417
1094
1135
1058
1354
1041
756
749
1401
1048
1118
989
1311
965
740
1307
1402
1050
742
1010
1318
967
741
1305
1403
1053
1120
1014
1320
969
1119
1115
984
1301
958
737
1297
1399
1040
1116
993
1299
961
738
1300
1400
1043
1117
1003
1313
962
739
1059
983
745
1323
1407
1063
1124
1027
1328
988
746
1036
1408
1066
1125
1026
1331
994
747
1334
1409
1065
1126
1336
1315
1404
1057
1121
1012
1322
975
743
1317
1405
1326
1122
1022
1324
973
744
1321
1406
1061
1123
1025
986
1314
869
1018
831
1193
811
1426
1183
1316
872
695
833
1195
813
694
1185
1319
876
1030
837
1197
817
1029
1013
823
1186
804
1427
1177
1310
863
1008
818
1181
806
692
1179
1312
865
1024
829
1191
808
693
883
825
698
1192
1330
890
1037
848
1204
827
699
853
1332
888
1051
850
1206
830
700
1196
1335
894
1046
1194
1187
1325
881
1032
840
1199
815
696
1189
1327
1202
1034
844
1201
822
697
1190
1329
886
1039
846
1188
1428
1164
1288
824
987
805
1165
793
684
1166
1168
832
996
807
1170
794
685
1167
1293
834
998
809
1291
1282
820
982
800
1159
789
1429
1161
1284
821
792
802
1160
791
683
1163
1285
826
990
803
1162
1171
814
1180
798
689
1173
1304
857
1006
816
1182
861
690
1174
1306
860
1009
819
1184
801
691
1175
1308
799
795
686
1169
1295
843
1000
810
1176
796
687
1004
1298
835
1002
812
1178
797
688
1172
1303
852
702
1242
866
715
1231
1372
950
1085
895
1245
871
1087
1234
1374
952
1086
897
1248
874
717
1238
1375
953
716
712
1224
1365
943
1080
887
1239
862
713
1226
891
945
1081
889
1241
864
714
1230
1368
948
1084
879
1092
914
1260
882
721
1249
1379
966
1093
917
1381
893
722
1252
1380
968
1095
919
1263
892
723
1254
1262
899
1253
877
718
1240
1376
954
1088
909
1256
964
719
1244
1377
959
1090
911
1251
885
720
1247
1378
1367
1068
859
1214
839
704
1205
1345
905
1069
867
1353
841
705
1207
1349
910
1070
868
1218
842
706
1209
1216
1208
828
701
1198
1338
896
1054
855
1210
836
903
1200
1340
898
1067
858
1212
838
703
1203
1344
873
1215
1360
932
1076
878
1228
851
710
1219
1361
854
1077
880
1233
856
711
1221
1363
941
1079
884
1236
930
915
1072
870
1220
845
707
1211
1355
912
1074
709
1223
847
708
1213
1358
921
1075
875
1225
849
1158
782
907
772
1144
762
1430
1146
1229
783
916
1148
1145
763
677
1147
1232
784
913
774
1150
764
678
773
769
1138
760
1431
1134
1217
780
900
770
1140
1227
675
1136
1222
781
902
771
1142
761
676
1141
928
1152
1243
787
937
777
1154
766
681
1153
1246
768
939
778
1156
767
682
1155
1250
790
942
779
1157
788
1235
785
920
775
1151
765
679
1149
1237
786
680
776
496
227
135
107
226
263
162
198
131
228
137
139
211
190
215
100
212
256
191
101
301
192
213
353
315
99
350
257
376
125
218
133
145
124
132
144
255
146
359
217
260
317
306
149
195
222
224
358
129
105
219
197
150
196
140
225
130
106
357
221
262
151
261
134
220
126
349
305
102
214
258
319
147
193
295
136
104
318
127
307
103
378
216
259
148
194
138
223
128
143
267
180
202
169
239
157
113
242
268
229
203
170
241
360
158
114
279
243
269
183
204
171
182
164
234
153
375
110
236
265
178
200
167
240
293
155
111
238
266
179
201
168
237
316
156
112
116
294
207
175
248
377
163
118
250
273
187
299
208
176
254
165
119
253
351
277
298
274
188
209
177
252
166
120
276
251
159
115
245
270
184
205
172
244
160
186
247
271
185
206
174
278
246
352
161
117
249
272
235
152
300
230
141
361
108
379
308
231
304
264
173
199
297
154
233
142
109
232
418
405
341
365
332
387
324
286
386
283
382
402
338
362
330
383
322
284
364
403
339
363
331
384
323
285
385
404
340
343
327
289
394
409
345
369
336
393
329
290
371
410
346
370
337
395
328
291
397
411
347
396
406
342
366
333
388
325
287
390
407
391
367
334
389
326
288
392
408
344
368
335
401
309
280
372
398
320
354
312
380
310
281
314
399
321
355
313
381
311
282
373
400
672
2483
2594
2731
2724
2857
2475
2591
2427
2747
2403
2238
2726
2858
2752
2592
2429
2750
2405
2239
2728
2859
2479
2593
2431
2241
2597
2447
2766
2425
2243
2738
2862
2501
2598
2450
2864
2432
2244
2741
2863
2503
2600
2452
2768
2434
2245
2744
2767
2759
2418
2240
2734
2860
2490
2595
2441
2755
2420
2496
2736
2861
2492
2596
2445
2764
2426
2242
2737
2477
2854
2730
2374
2229
2714
2849
2455
2583
2408
2732
2378
2460
2715
2850
2456
2584
2410
2733
2380
2231
2716
2851
2230
2226
2710
2846
2446
2580
2402
2727
2360
2227
2406
2847
2449
2581
2404
2729
2372
2228
2713
2848
2453
2582
2711
2739
2466
2588
2419
2742
2394
2235
2721
2855
2470
2237
2421
2743
2398
2236
2722
2856
2473
2590
2423
2745
2400
2589
2585
2412
2735
2383
2232
2717
2852
2462
2586
2414
2719
2387
2233
2718
2853
2464
2587
2416
2740
2392
2234
2459
2526
2615
2500
2787
2480
2260
2778
2879
2527
2616
2784
2794
2482
2261
2770
2880
2529
2617
2508
2798
2485
2262
2506
2494
2785
2474
2257
2765
2876
2524
2613
2498
2786
2878
2258
2762
2877
2525
2614
2502
2789
2478
2259
2772
2619
2796
2884
2539
2621
2516
2806
2495
2266
2797
2885
2499
2622
2519
2808
2497
2267
2801
2886
2543
2623
2520
2810
2541
2881
2531
2618
2510
2800
2487
2263
2788
2882
2535
2265
2512
2802
2489
2264
2776
2883
2538
2620
2514
2804
2493
2476
2749
2867
2509
2604
2465
2774
2443
2249
2751
2868
2451
2605
2469
2775
2448
2250
2753
2869
2513
2606
2472
2777
2511
2504
2601
2457
2769
2437
2246
2746
2865
2505
2602
2248
2771
2438
2247
2748
2866
2507
2603
2463
2773
2439
2871
2781
2458
2254
2758
2873
2521
2610
2488
2782
2468
2612
2760
2874
2522
2611
2491
2783
2471
2256
2761
2875
2523
2255
2251
2754
2870
2515
2607
2481
2779
2454
2252
2756
2486
2517
2608
2467
2780
2461
2253
2757
2872
2518
2609
2625
2284
2195
2643
2815
2350
2549
2320
2660
2285
2196
2326
2816
2354
2550
2322
2661
2286
2197
2647
2817
2358
2551
2646
2639
2812
2345
2546
2313
2656
2282
2193
2640
2813
2659
2547
2315
2658
2283
2194
2641
2814
2349
2548
2317
2199
2554
2334
2667
2290
2201
2655
2821
2371
2555
2336
2823
2291
2202
2657
2822
2375
2556
2339
2671
2292
2203
2665
2668
2662
2287
2198
2650
2818
2364
2552
2328
2664
2288
2369
2652
2819
2356
2553
2332
2666
2289
2200
2653
2820
2347
2296
2636
2272
2184
2627
2793
2325
2533
2298
2634
2329
2185
2628
2795
2327
2534
2299
2642
2274
2186
2629
2799
2273
2269
2181
2624
2790
2319
2528
2293
2631
2270
2182
2532
2791
2321
2530
2294
2632
2271
2183
2626
2792
2323
2645
2807
2337
2542
2306
2649
2278
2190
2637
2809
2340
2192
2308
2651
2279
2191
2638
2811
2342
2545
2310
2654
2280
2544
2536
2300
2644
2275
2187
2630
2803
2331
2537
2302
2635
2276
2188
2633
2805
2333
2540
2304
2648
2277
2189
2344
2422
2571
2381
2700
2338
2218
2696
2838
2428
2572
2699
2704
2343
2219
2698
2839
2430
2573
2388
2707
2348
2220
2384
2376
2692
2324
2215
2691
2835
2417
2569
2377
2694
2837
2216
2693
2836
2424
2570
2379
2697
2335
2217
2695
2575
2705
2843
2440
2577
2395
2720
2357
2224
2706
2844
2366
2578
2397
2723
2362
2225
2708
2845
2444
2579
2399
2725
2442
2840
2433
2574
2389
2712
2351
2221
2701
2841
2435
2223
2391
2709
2353
2222
2703
2842
2436
2576
2393
2702
2355
2330
2672
2826
2385
2560
2346
2677
2303
2207
2673
2827
2307
2561
2359
2679
2305
2208
2676
2828
2401
2562
2361
2681
2396
2373
2557
2341
2670
2295
2204
2663
2824
2382
2558
2206
2674
2297
2205
2669
2825
2386
2559
2352
2675
2301
2830
2685
2314
2212
2686
2832
2411
2566
2370
2688
2316
2568
2689
2833
2413
2567
2368
2687
2318
2214
2690
2834
2415
2213
2209
2678
2829
2390
2563
2363
2683
2309
2210
2680
2367
2407
2564
2365
2684
2311
2211
2682
2831
2409
2565
2312
2599
2763
2281
2484
2268
76
17
5
63
89
19
51
28
77
18
6
64
90
41
52
29
78
40
37
48
25
73
14
2
61
87
38
49
4
74
15
3
62
88
39
50
27
75
16
92
81
22
9
68
94
45
56
33
82
23
58
69
95
46
57
35
83
24
11
70
96
47
10
7
65
91
42
53
30
79
20
8
66
32
43
54
31
80
21
26
67
93
44
55
84
13
60
1
12
71
34
59
85
72
86
36
468
449
469
421
428
442
435
448
470
420
456
427
455
441
419
471
462
440
426
443
434
445
431
459
423
415
452
465
438
446
432
467
424
416
453
466
439
447
433
461
425
417
454
460
429
457
422
413
450
463
436
444
430
458
437
414
451
464
651
532
574
512
602
499
473
596
633
474
517
526
488
607
643
564
588
543
625
518
614
506
608
644
565
589
667
544
626
519
490
609
665
645
489
640
561
585
540
622
515
486
498
605
641
624
586
541
623
516
487
606
642
563
587
542
546
613
524
648
505
568
593
548
630
525
572
494
618
649
632
594
550
631
527
495
620
650
570
595
552
569
590
545
627
571
520
673
491
573
610
646
566
591
493
628
521
492
611
647
567
592
547
629
523
562
636
553
577
531
616
503
478
654
600
637
674
652
522
619
578
533
617
504
507
479
601
638
555
579
534
554
528
612
500
475
497
597
472
634
549
666
575
656
529
599
501
476
598
635
551
576
530
653
615
502
477
481
582
537
621
511
483
603
639
559
583
538
604
655
513
484
660
671
560
584
539
664
514
485
663
508
480
657
668
556
580
535
661
509
558
658
669
557
581
536
662
510
482
659
670
