384
960
773
857
770
776
784
1898
1897
1896
1716
1912
1895
1892
1888
1885
1883
1700
2045
951
353
601
602
383
2305
2304
2303
450
2308
2309
2298
2300
2416
2402
2348
2425
2310
2299
2122
2125
1826
1831
2123
1816
1813
2133
910
2292
2296
2290
2288
2297
2227
2289
2269
1060
2268
327
2257
2291
2247
2198
2042
2392
1843
1848
672
654
651
1484
1456
1457
1294
1293
1476
1485
382
1689
333
348
612
2204
1975
2106
1619
2157
2158
2159
2154
2153
812
814
2254
1026
967
964
2194
934
705
696
897
678
968
769
758
2199
2213
729
690
1030
909
913
1041
1876
895
1144
761
618
1635
2312
2318
2328
2311
2321
997
1038
1980
1419
1834
514
561
989
1579
1580
936
949
2394
2391
332
593
277
2389
2390
643
2028
2409
2410
493
496
1936
1478
125
1939
1719
1717
1938
253
1499
183
259
420
2100
2104
2098
1383
1369
1364
2011
935
1399
1448
1447
135
950
952
975
971
988
961
2126
1386
1461
1661
1655
2021
2019
1973
2020
2022
2343
2320
2347
2342
2341
2315
914
677
2024
2025
1272
2027
2276
2165
2167
2185
133
134
460
132
1412
1418
1405
1406
1417
1407
1404
1414
1411
1403
1401
1389
1400
1439
1436
1431
1437
1430
1426
1440
2381
2383
2380
1745
1743
1751
512
513
1744
1754
629
335
630
399
387
538
370
400
398
416
397
2121
554
555
580
552
556
482
504
502
551
151
138
168
129
171
172
137
176
160
166
136
153
128
157
127
158
159
154
209
126
162
140
142
147
150
148
1378
1376
2036
2035
1815
2388
1924
2378
1952
1925
725
724
719
722
1115
1116
872
617
1047
1046
716
1113
882
881
891
880
1064
1054
634
1080
899
865
1446
671
933
1445
657
658
574
2401
609
1035
2286
2283
2287
2278
311
463
557
2326
2338
2150
527
2259
664
668
667
666
1496
700
750
714
757
669
670
663
787
481
665
907
656
368
369
732
1738
1739
1725
1740
733
741
1741
1742
734
740
293
291
288
503
299
2362
2163
2161
2160
2162
2164
1416
1341
263
2351
270
499
500
1793
501
2212
452
272
266
2352
391
392
579
2246
319
442
448
447
445
1688
1024
1840
1019
334
342
521
1127
1128
1132
1020
1023
1015
1017
1094
2363
2365
2368
793
799
2266
2267
2263
2261
2262
1767
1940
605
1705
365
1727
1731
357
363
355
356
364
354
359
380
381
475
1096
1098
1095
1099
114
366
1029
373
2265
2264
573
455
1795
1822
1066
2120
870
1702
874
862
2116
1123
610
2186
1817
1358
424
2335
683
684
2007
2009
2018
390
548
1678
1681
1679
2316
943
2317
942
941
945
1704
1708
1651
509
510
506
511
642
146
1946
1951
1944
1945
1949
1950
701
1698
778
780
924
925
919
921
329
1339
1340
1042
947
948
2301
2302
599
600
1890
1891
194
177
632
1997
1995
1998
1994
2000
1996
1999
1993
2002
1965
1918
2233
285
284
1984
1985
1989
1986
1970
1987
258
2207
254
1832
764
1068
1075
1076
1065
904
596
1074
1072
1070
1069
1073
1071
2349
1623
662
1969
1967
1968
2001
1637
316
1642
1302
1297
1318
1319
186
320
1495
1493
1473
1472
1486
1482
1760
1771
1794
1780
1773
1755
1958
1756
1335
1956
1963
1325
228
229
213
216
227
217
225
226
212
220
214
233
211
210
231
232
2112
2111
2107
896
819
2108
1453
2109
815
546
544
547
659
417
2214
549
550
545
541
542
2119
2115
2114
2360
2358
469
470
466
464
465
461
1105
990
1110
1100
1079
1806
1842
2197
2156
2252
2253
1336
1357
1324
207
199
197
208
198
201
808
809
810
614
519
520
419
518
255
985
987
983
984
986
972
973
974
938
1137
937
1053
1009
1027
1028
2419
2420
879
1010
2184
2183
1450
345
346
343
344
816
1701
817
572
824
977
978
289
1135
1855
1850
953
1348
1356
1342
1346
1345
2256
728
828
827
1391
1396
1395
1393
1392
1394
940
269
101
102
100
681
840
871
1090
571
1722
1721
486
451
453
487
505
1361
485
498
274
273
2258
318
1451
1452
1101
1103
1104
516
1126
594
558
957
165
167
170
175
929
1823
2141
2136
2144
2405
730
731
443
994
1699
1694
1693
1692
1695
193
118
180
238
196
1636
117
111
1639
1935
192
190
185
184
753
576
578
577
575
569
1498
1332
1330
1327
1331
1733
1736
1136
2240
2232
2234
2237
2235
2238
2236
713
1460
1943
1942
1785
1789
1726
1750
1291
1292
1290
1276
1273
1295
1296
1288
1286
1285
1277
1312
1309
1304
1274
1275
1107
1289
2023
2206
438
1125
1124
517
581
583
582
2031
2015
330
2417
2418
641
1050
1049
1052
331
976
1317
1323
1306
1307
1303
1301
1298
476
480
1000
661
1011
622
1012
1013
1106
1109
358
628
444
1941
1948
1650
1856
2411
310
308
305
309
301
307
300
304
306
302
303
939
1359
317
314
312
315
1734
1349
2373
627
2191
2192
1102
837
191
2255
835
1444
1443
2277
436
430
437
433
2421
982
2327
592
1907
1909
1425
1421
276
1947
1644
1927
1638
1643
1649
1648
1647
1645
1646
726
969
981
838
774
265
1627
1363
2229
1141
2228
1333
1334
1165
1164
1360
2319
2322
2329
2331
2334
2147
2142
2148
2143
2149
958
1630
1625
1624
1626
1628
1385
1867
1631
1629
1368
1652
1653
1654
2385
2386
1504
1505
1149
1150
775
1910
1911
2046
2047
1503
1502
1148
1147
60
61
59
1198
1197
1196
1500
1501
2041
1146
1145
11
10
898
2081
2080
2082
20
21
1130
1131
2048
2049
1513
1512
1548
1547
1546
766
767
1836
1837
1511
1510
367
1886
1887
1
0
1508
1509
1153
1154
16
17
90
91
95
19
18
1086
1087
1088
1089
1085
1545
1543
1544
2132
911
912
2173
2174
2175
12
13
1573
1574
1572
1571
2078
2079
80
79
78
77
15
14
1152
1151
1506
1507
1267
1270
1268
27
26
2397
2398
1801
1802
4
5
1765
1766
1057
1056
1058
2060
2061
1541
1542
1540
1960
1961
1962
1959
1155
1156
22
23
905
908
906
2260
202
1160
1159
1367
1062
1063
1520
1521
2006
2008
2366
2367
92
93
1829
1830
1161
1162
2058
2059
1818
1819
1820
1821
2
3
1191
1190
1192
1515
1514
1119
1121
1122
1118
1120
2051
2050
1852
1853
2208
2210
2209
56
57
58
2090
2088
2089
2091
1195
1193
1194
2054
2055
1919
1920
2336
2337
1225
1226
1224
1227
29
28
2403
2404
2084
2083
2085
590
591
589
588
587
586
553
1518
1519
239
240
660
244
245
1517
1516
1466
1467
1468
2053
2052
24
25
1157
1158
2134
2135
2057
2056
1707
746
747
743
745
744
748
742
2243
2244
2270
2271
2272
2274
2273
131
130
181
182
73
71
72
112
113
1222
1221
1223
1220
1703
1799
1798
1800
1796
1797
1245
1243
1246
1242
1244
1181
1180
49
48
1279
1280
1284
1278
1281
495
1250
1248
1247
1249
1251
1863
1861
1864
1858
1865
34
35
2038
2039
1559
1560
1558
1351
1352
1555
1556
1557
1260
1258
1259
1261
1257
1656
2179
2180
2181
655
1749
1748
1081
1082
1084
1083
413
415
414
1175
1174
1660
755
756
1526
1527
1463
1462
38
39
1206
1207
1205
1362
1525
1524
1231
1229
1230
1228
36
37
623
625
624
626
1170
1171
1870
1871
1872
1874
1869
1873
395
396
1200
1201
7
6
41
40
1529
1528
1379
31
30
1167
1166
570
2063
2062
1380
1381
2102
2101
2103
33
32
1299
1300
205
204
206
64
63
62
1169
1168
434
435
432
1523
1522
1776
1777
1778
1775
1779
1772
1774
66
65
67
467
468
737
738
735
739
736
1172
1173
2221
2219
2218
2220
2222
2217
2223
2216
2224
2215
2226
2225
2356
2357
1470
1471
1469
1328
1329
1592
1593
1591
1594
1590
2065
2064
1355
1353
2375
2377
403
404
405
402
1550
1551
1549
1202
1203
1204
69
70
1568
1569
1567
1570
1256
1255
1253
1252
1254
42
43
375
376
377
374
378
379
1603
1601
1604
1602
1600
1605
1553
1554
525
532
531
524
523
535
536
533
537
529
522
526
530
1177
1176
2069
2068
313
786
785
44
45
2066
2067
1409
1410
1531
1530
807
46
47
1264
1265
1263
1266
1262
1271
2097
2099
1597
1598
1596
1595
1599
1178
1179
1382
1640
1641
2096
2094
2093
2095
2092
1533
1532
1536
1537
2075
2074
50
51
82
83
84
81
76
74
75
1578
1577
1575
1576
2004
2003
2005
2010
388
389
1674
1675
1676
1670
1667
1677
1669
1672
1673
1664
1663
1668
1666
1671
1662
1665
145
1902
1901
1903
1905
1889
1067
1584
1585
1586
1587
1583
1213
1212
1211
223
224
221
219
215
218
230
222
2294
2293
1402
1185
1184
2248
2249
2182
1563
1562
1561
195
928
930
1186
1187
993
992
991
995
108
105
104
109
103
107
110
106
1398
1497
2231
2230
712
1746
1747
1697
998
999
1014
361
362
360
1209
1210
1208
2371
2370
2372
2369
772
771
607
1422
603
584
598
597
606
515
1923
1928
490
489
488
491
492
1929
1930
1921
1534
1535
189
187
188
1163
834
832
830
833
831
2146
483
484
2072
2073
247
248
241
246
242
249
250
243
1442
1441
1565
1566
1564
9
8
1371
1370
2071
2070
1183
1182
122
119
120
123
121
124
637
636
638
144
143
1215
1216
1214
462
89
88
87
86
85
1449
173
174
161
156
152
169
1618
1611
1616
1613
1607
1608
1614
1615
1606
1612
1610
1617
1609
1143
709
708
706
707
1420
1142
1908
339
338
932
2034
2033
1006
1001
1005
1007
1634
2345
2346
797
798
946
321
322
340
341
640
1926
2382
2384
791
789
794
792
788
790
2332
2333
675
676
2424
2422
2423
296
297
294
295
283
282
286
281
278
287
1269
1851
916
917
915
1687
1683
1684
1685
1686
68
454
508
507
457
458
456
1438
324
323
325
1112
1241
1239
1238
1240
1237
1483
727
326
1875
235
236
1354
2195
2196
564
562
563
565
567
1632
1633
763
765
762
234
1991
1992
1990
1415
2172
2171
2169
2170
2168
2178
820
821
823
822
956
1077
1078
406
411
633
631
1435
1434
1433
1915
1916
1002
585
1022
94
2131
2130
2129
2128
1979
410
409
408
1972
1983
1860
1859
1709
1710
52
53
336
337
1714
1715
1712
1713
1711
1913
1914
2030
2029
2043
2040
621
479
477
478
2245
261
262
260
847
848
849
1408
2086
2087
2189
2190
2193
2188
1810
850
2325
163
164
1008
328
1373
1374
1377
1375
1372
1759
1758
1770
1764
497
674
673
1091
1092
1093
178
179
781
782
2044
1768
1769
2250
1458
1459
1899
1900
1906
1964
1922
446
1735
1111
1432
1138
1139
2379
1904
903
868
869
866
867
1387
1388
1728
1730
1729
1847
639
1862
1854
1849
1763
1762
1761
697
698
699
611
1133
1134
1129
1117
892
893
894
2013
2014
2012
2017
2016
1812
1811
1838
1839
1931
1932
1934
1933
1428
1427
1429
1235
1236
1233
1232
1234
2113
252
1338
1337
139
54
55
473
472
474
200
559
560
979
980
2387
371
372
264
923
922
920
926
1620
1621
1622
1218
1219
1217
427
428
429
418
423
426
116
115
615
616
2275
644
650
649
645
648
635
966
965
813
1846
471
1884
889
888
890
1978
1953
1954
1955
1283
1282
1474
1477
1475
1480
1487
1479
1481
1488
970
962
963
687
686
688
689
685
385
386
2187
1037
1782
1783
1757
1784
1781
2110
421
422
1696
1690
1691
1882
2118
2117
568
2026
811
2314
652
653
604
595
608
1021
927
996
2105
876
954
825
863
864
818
873
875
2323
2324
1589
1588
1188
1189
1018
1016
902
1320
1321
1322
1880
1881
1199
1658
1659
1657
918
1055
717
718
1981
710
711
1051
878
858
877
804
1786
1787
1790
1788
1792
679
680
347
1397
2251
749
754
752
619
620
1680
1682
1791
2306
2205
1140
1059
1061
2077
2076
1552
393
394
1311
1308
1310
2200
2201
2361
2364
449
2395
1365
2396
2359
2415
2413
2399
2400
2406
2407
2408
2412
2414
2355
2313
693
692
691
694
2282
2281
2284
2285
2279
2280
534
528
721
720
723
931
1732
801
800
802
803
1976
1977
350
349
2145
1893
352
1025
351
2353
2354
401
543
1384
412
760
2124
2155
2202
2203
2393
1097
251
256
257
1539
1538
759
1048
1043
1423
1044
1723
1724
1808
1809
2330
1366
1753
1752
2211
1917
155
2339
2340
1807
1857
1844
1845
431
2344
860
859
861
695
900
884
886
883
887
885
901
702
944
1108
715
1737
704
703
96
97
98
99
682
566
425
2037
280
279
1454
1455
1316
1313
1314
1305
1315
1878
1877
1879
203
275
1937
1966
1718
2295
1824
796
795
1988
1974
854
853
852
855
851
856
768
1982
1582
1581
494
292
141
2140
2137
2138
2139
1424
298
290
1045
646
647
439
440
1720
1841
2127
1326
1343
1347
1350
1344
407
1114
845
846
844
1894
959
1971
1804
1805
1803
1835
955
1828
1827
1814
1825
1866
1868
271
268
267
1706
826
2152
2151
2374
2376
1957
1287
1390
237
149
841
842
843
2166
441
2032
459
1032
1033
1031
1034
751
1040
1039
1413
2307
1036
2176
2177
613
1464
1465
540
539
829
839
836
2350
1492
1494
1491
1489
1490
2241
2242
2239
806
805
1833
1003
1004
779
783
777
279
1028
1244
1257
1245
1248
1256
1956
1955
1954
1854
1784
1952
1874
1872
1869
1865
2266
1959
1949
359
2051
2052
374
1594
1593
1598
2368
1600
1530
1636
1605
2416
2405
2093
2425
1531
1522
294
297
881
904
295
891
898
305
2283
1627
1603
845
1643
1548
1646
1529
1642
1221
1641
1655
1521
1604
1640
1484
1945
2392
1591
1586
1488
1483
1480
220
801
689
849
846
228
221
268
2251
335
354
381
1487
1888
383
388
1579
1580
1581
1575
1576
1003
1005
988
1416
1370
1240
1500
1164
1088
944
1068
1006
1008
1144
1107
1601
1489
1145
959
1062
1080
947
1204
929
1389
1452
1110
2111
400
1492
1508
1592
1647
1633
1339
1203
1889
764
1494
2068
2034
1057
1747
1746
1007
1019
2394
2391
243
2022
2313
2389
2390
1471
1931
2402
2401
275
278
1785
212
652
505
507
436
504
2325
239
563
555
2357
2223
2227
2221
741
730
2083
1035
1376
797
802
803
1025
1034
1036
1048
1039
1056
1029
298
808
933
688
673
1922
1923
1882
1926
1925
411
401
418
415
412
967
964
1457
1927
1928
827
1930
1905
1551
1553
1571
1020
1021
1971
1024
777
784
773
770
783
771
772
780
778
743
723
787
798
769
748
749
767
750
757
763
2381
2383
2380
440
438
446
2074
2075
439
449
1404
1305
1405
372
375
2110
379
373
361
320
325
293
2005
2006
2011
2003
2007
1994
2076
2073
2002
532
526
543
550
540
539
509
517
514
537
552
538
553
551
512
513
546
674
510
515
518
525
522
531
528
519
739
736
1936
1935
897
2388
573
2378
1793
574
989
992
997
994
1438
1436
1387
938
1162
1161
1491
1432
1315
1316
1317
1326
1229
1210
1414
1330
1070
1276
281
1358
986
1176
1361
1362
1165
2409
1966
1067
1547
1540
1543
1538
2284
1975
2063
1503
1620
1504
2105
1468
1392
1393
1390
1368
240
1061
1106
1097
1116
1374
1369
1391
1373
1993
1976
1078
1360
377
378
663
434
420
427
435
664
660
419
421
654
657
2300
2298
2295
2086
2306
1208
1526
1523
1524
1525
1527
782
708
2273
2268
2278
1501
1528
488
2072
1466
1163
2282
2276
2269
370
371
2028
366
508
2360
2366
2365
2363
2250
1300
1379
1283
1304
342
1234
1420
1419
1424
1296
1299
1279
1281
1170
1425
1159
1157
496
502
1515
1516
1512
1510
1511
464
1795
2036
1830
255
409
407
245
253
250
247
254
244
246
259
267
1987
1348
1351
1349
1347
606
256
1346
266
1514
1513
2059
2001
2008
475
1290
289
1407
1827
1381
1367
291
1311
2070
1574
1906
2078
2352
1626
948
950
1909
1911
1921
369
2045
2244
2254
2252
1009
1013
1010
1012
1011
1014
1829
1846
675
2090
2091
2087
2092
1470
530
1800
1805
1803
1796
1799
1804
1084
2264
1254
1253
975
976
972
977
1082
711
712
1417
1016
1018
1596
1597
2049
2050
1873
1871
596
554
1411
1838
1833
1832
1839
1837
1834
1831
1843
1836
1826
1791
1770
2293
2292
1894
1895
1903
1896
1880
1898
1879
1460
1875
334
1139
1293
1294
1295
1292
1075
2010
1289
1287
1284
1285
1288
1286
490
387
1303
1858
1856
1857
1835
665
568
1948
814
809
860
861
593
1648
236
233
213
216
218
226
235
450
489
452
458
437
1806
453
700
1810
1816
691
641
642
630
631
636
632
628
640
643
625
638
623
622
645
644
624
282
285
280
1209
1177
283
269
286
1241
2048
2040
2057
1306
2359
1549
2037
2024
2042
2062
2056
290
292
1031
1206
331
1981
1982
1978
1973
1977
1972
1353
1166
1461
1352
1237
876
1590
1507
1578
1519
1520
701
722
690
620
612
602
621
611
614
998
1000
1001
935
1232
1233
2348
1231
1877
1050
1052
1047
1049
1051
1054
1055
1053
1147
1445
1146
1277
1189
1174
1175
2420
2419
1318
1190
1570
1568
805
351
352
349
350
1171
1794
1172
2064
1199
1044
1046
2296
1429
921
916
1032
718
707
719
716
714
1518
2027
1128
1120
789
794
793
792
791
790
1215
2280
211
207
210
953
1274
1386
1345
963
424
423
1998
2071
1999
2069
2077
2080
1997
1639
878
877
1467
2322
1211
1212
1354
1356
1357
2013
1309
2023
2031
2055
536
549
542
516
982
899
1756
1751
1759
2397
661
662
2361
1333
2262
2260
2258
2259
2261
595
610
599
560
601
666
609
603
667
585
594
592
588
587
1112
2058
2043
2038
2047
961
238
692
697
695
466
429
432
1444
1778
1769
1771
1772
1774
1766
1773
1096
932
1797
1802
480
485
408
445
850
847
848
856
835
858
859
851
852
843
844
829
830
834
855
854
811
857
1924
1459
2346
1310
1312
1230
960
2066
2065
1943
1918
242
2417
2418
348
1217
1220
1219
241
1045
825
865
815
816
828
820
817
1988
1992
1180
1302
1191
1401
1192
1193
810
813
248
1403
2362
1792
1798
682
914
2403
2320
2318
2310
2307
2309
2315
2308
2317
2314
2319
2316
1214
2079
2321
565
566
567
430
720
2372
1402
1635
1632
1355
1083
586
1517
1135
760
762
1537
2344
2339
2345
2343
2421
1043
1634
2021
1779
1781
756
754
2312
1801
669
570
668
681
679
676
678
680
677
2025
1037
1042
1136
1246
2275
391
2082
1765
1449
1764
698
699
77
79
2085
1469
1637
1617
1625
1623
1761
1760
1762
1758
1763
1026
396
394
390
393
392
807
886
389
395
729
670
671
672
2386
2387
1685
1686
84
85
1247
1782
1783
2113
2112
1684
1683
83
82
52
53
51
130
129
128
1681
1682
1944
81
80
1
0
1069
2155
2156
2157
8
9
1422
1423
2121
2120
1694
1693
1725
1724
1723
1141
1142
1498
1497
1692
1691
376
1866
1867
2118
2119
1689
1690
88
89
6
7
69
70
72
2116
2117
1342
1343
1341
1344
1340
1722
1720
1721
304
945
946
1554
1555
1556
2
3
2185
2186
2184
2187
2114
2115
2182
2180
2183
2181
5
4
87
86
1687
1688
200
203
202
19
18
2411
2412
871
872
2131
2130
462
463
1223
1222
1224
2133
2132
1718
1719
1717
1812
1813
1814
1815
90
91
10
11
1076
1079
1077
1509
618
95
94
728
1227
1228
17
16
1908
1910
1155
1156
67
68
902
903
96
97
1657
1656
883
882
884
885
2123
2122
123
122
124
1696
1695
1440
1442
1443
1439
1441
12
13
918
919
1462
1464
1463
49
48
50
2190
2189
2188
2191
127
125
126
2129
2128
576
577
1618
1619
153
154
152
155
21
20
2395
2396
2168
2169
2167
2018
2019
2017
2020
2016
2015
2004
1699
1700
2329
2330
1301
2336
2337
1698
1697
2153
2154
2152
2124
2125
14
15
92
93
1749
1750
2126
2127
1845
1100
1101
1102
1098
1099
1103
1104
364
363
1532
1533
1534
1536
1535
1022
1023
561
562
2165
2166
2164
607
608
2175
2173
2172
2174
1828
869
868
870
866
867
173
172
174
170
171
113
112
41
40
838
841
842
839
836
277
178
177
175
176
179
909
907
910
913
911
26
27
1937
1938
1733
1734
1732
704
705
2162
2163
2161
192
193
190
194
191
686
1566
1567
1565
1359
444
443
1329
1328
1332
1331
317
319
318
107
106
687
1114
1115
1705
1706
2134
2135
30
31
138
139
137
2081
1704
1703
159
158
157
156
28
29
1395
1397
1396
1394
102
103
925
923
924
927
922
926
323
324
132
133
2136
2137
33
32
1708
1707
726
23
22
99
98
962
1961
1960
724
725
2226
2225
2224
25
24
818
819
616
617
619
2159
2158
2160
101
100
2340
2341
2342
1702
1701
459
460
456
457
461
454
455
54
55
56
1979
1980
659
653
658
655
656
104
105
1610
1609
1611
1607
1612
1613
1614
1608
1615
1616
987
1606
329
330
1962
1963
1964
693
694
2207
2208
2203
2202
2206
2142
2143
706
703
2376
2375
308
307
309
306
1727
1728
1726
135
134
136
57
59
2178
2179
2177
2176
189
188
186
187
185
34
35
261
262
260
263
258
257
2217
2218
2215
2216
2219
2214
1729
1731
2104
2101
2100
2096
2097
2102
2108
2099
2109
2094
2095
2098
2103
109
108
2138
2139
564
1372
1371
36
37
74
73
775
776
2140
2141
999
38
39
197
198
195
199
196
204
2220
2222
183
184
182
181
180
110
111
740
1947
1946
2213
2211
2209
2212
2210
1710
1709
1713
1714
2146
2147
44
45
65
64
66
63
62
61
60
1744
1743
1741
1742
1913
1912
1914
1907
368
367
2242
2243
2235
2241
2232
2233
2240
2237
2238
2231
2230
2239
2229
2236
2228
2234
529
1818
1817
1819
1821
1870
1291
2200
2199
2201
2197
2198
145
144
143
637
629
635
633
626
639
627
634
1645
1644
742
117
116
1899
1901
1569
1737
1736
1735
600
981
983
118
119
1336
1335
1334
1337
1666
1665
1667
1662
1660
1664
1661
1663
796
237
1768
1767
1095
441
442
2263
1178
1179
1194
251
252
249
141
142
140
2370
2371
2369
2373
1243
1242
2029
755
2046
2067
2044
2041
2030
2012
572
575
273
272
271
270
274
579
580
578
1711
1712
590
591
589
78
1133
1132
1134
1131
1130
1757
1995
1996
43
42
2334
2332
2331
2338
2335
2333
2327
2328
761
759
1739
1740
1738
2144
2145
732
731
1658
1659
115
114
649
650
647
646
648
651
344
343
345
520
523
147
148
146
1974
2195
2193
2192
2196
2194
804
548
533
547
545
511
541
1679
1680
1675
1671
1673
1669
1678
1677
1672
1668
1670
1676
1674
1450
1092
1091
1090
1089
753
1451
1780
339
338
985
1940
1941
1185
1182
1186
1187
399
416
417
501
500
1015
1649
1650
340
341
346
569
2382
2384
495
497
492
493
491
494
1621
1622
1455
1456
2422
2423
2424
2303
2304
2301
2302
2291
2289
2294
2290
2285
2286
201
917
969
970
968
2248
2249
2245
2247
2246
58
2000
2089
2088
1968
1969
1967
768
1652
1651
1653
1431
169
166
168
167
165
219
2026
1654
928
556
557
702
1506
1505
1150
1151
1148
1149
1153
397
398
1138
1137
1140
558
1840
1841
1842
781
1563
1561
1564
1562
1560
1559
1196
1195
1198
1197
2054
1235
1236
313
315
1412
1413
745
744
747
1786
1787
1184
2014
1298
71
303
301
300
302
1886
310
314
312
1893
1892
906
905
1852
1853
46
47
336
337
1849
1850
1851
1848
1847
1789
1790
1933
1932
1957
1939
1400
1990
1991
1989
365
2271
2272
2270
1262
1263
1264
774
2170
2171
1630
1631
1550
1629
896
1265
1502
535
534
1188
1081
735
737
738
734
733
470
469
468
474
1638
1454
1453
1167
1168
1169
597
598
1250
1251
1958
465
467
1900
930
931
1823
1822
1824
1825
571
2364
431
1433
746
1446
1447
2379
1820
1074
1408
1409
1410
1406
785
786
405
406
404
1584
347
908
920
915
472
471
473
1058
1059
1060
380
1427
1428
1426
1430
1383
1384
1385
1915
1917
1916
1920
1919
889
890
1499
1496
581
582
584
583
766
765
758
163
164
162
160
161
1030
2324
710
709
524
2149
2148
1985
1984
1986
613
2032
2033
1040
1041
2385
264
265
2274
974
973
978
979
386
385
384
150
151
149
2355
2356
2358
2347
2351
2354
605
604
936
937
1904
1473
1479
1477
1478
1476
1472
1378
1377
1004
1585
1983
1868
1314
1327
1313
1887
1808
1807
1809
837
840
227
223
214
225
217
222
224
215
1038
1239
1238
956
955
957
958
954
332
333
1628
1202
477
478
451
479
476
284
2350
2349
2265
2256
2257
1864
288
287
1154
1929
1002
966
1481
1482
2035
2009
1965
1297
980
1338
382
1380
1033
1200
1375
1363
1173
1388
1382
402
403
2204
2205
120
121
1282
1280
1073
862
863
864
1862
1863
131
684
685
683
971
1213
991
990
1890
1093
1094
1218
1320
1275
1319
1123
484
483
481
482
487
951
952
353
795
1902
1105
1113
1111
1398
1399
2253
2255
486
1595
1458
1448
1225
1226
2150
2151
1730
321
322
832
833
831
1307
1308
1207
1158
2367
2406
2084
2410
1205
2414
2413
2407
2408
2398
2399
2400
2404
2415
326
965
942
939
940
941
1545
1544
1539
1546
1541
1542
2107
2106
995
993
996
984
428
1118
1117
1121
1122
1885
1884
357
356
1950
1951
358
1415
355
327
328
362
2039
806
316
1109
296
1577
1485
1486
2393
1350
2323
1876
1878
1716
1715
1108
1421
1418
751
1278
425
426
892
894
1624
727
448
447
1465
1788
544
413
414
893
912
1582
1583
2326
410
1365
1364
1366
943
1071
1322
1325
1323
1321
1324
1072
1085
1017
812
1490
433
1087
1086
208
209
205
206
949
1152
2353
1934
2288
2287
800
799
823
821
824
826
822
1860
1859
1861
615
2311
503
1855
506
1602
900
499
498
1897
1883
1270
1271
1266
1269
1272
1273
1143
1891
1748
1745
276
2299
521
1755
1752
1753
1754
752
2305
2297
1160
1475
1474
1587
1588
422
1589
299
696
715
717
721
713
311
1437
1267
1268
1261
1953
1027
1881
875
874
873
1495
2053
880
879
895
901
888
887
2281
2279
2277
1844
1119
1573
1572
2377
2374
1811
853
788
559
527
1258
1259
1260
1552
360
1942
1970
1065
1066
1063
1064
1125
1435
1434
779
1599
1201
1557
1558
934
76
75
2061
2060
1129
1126
1127
2267
232
229
230
234
231
1775
1776
1777
1124
1216
1493
1181
1183
1252
1255
1249
783
145
186
121
189
192
200
1106
1103
1102
1635
1135
1104
1117
1099
959
1113
1562
1155
1152
2267
2300
2301
830
2006
2005
2003
2114
2008
2009
2010
2000
2071
2079
2062
2051
1952
2011
1879
1883
1729
1709
1880
1719
1717
1891
1949
1992
1951
1611
1989
1986
1953
1893
1988
356
1987
1979
1999
1980
1985
1948
1600
2166
1682
1668
1892
2128
2125
1613
1260
975
1617
1615
992
983
2194
1551
2197
2261
2196
2041
796
1872
1055
1813
1800
1811
1808
1810
293
409
1824
75
185
79
2081
219
133
127
138
70
33
1869
1845
2085
2022
1870
69
263
154
230
248
1663
424
519
222
2378
1067
2080
2086
2084
2097
2098
355
86
798
1345
1670
2371
2272
172
874
873
167
47
862
2200
2182
2290
1760
2164
2165
2117
1587
860
859
1797
1794
1049
969
999
1408
1407
1438
1403
767
865
1732
928
2201
1257
1253
1256
1401
1301
1291
175
450
1380
1381
1382
883
174
176
173
183
180
184
1887
1387
1324
1077
1071
1565
1581
786
1582
1564
2013
2016
2020
1413
1410
73
139
456
1583
1584
1261
1586
781
1814
1816
1823
881
882
2369
880
1356
1366
1367
1363
1365
1364
1361
1359
1357
1370
1368
1297
1325
1352
1338
1349
1348
1350
1333
1343
2159
2156
2158
1436
1493
1500
2276
2277
1494
1503
389
2275
391
774
836
2235
842
809
773
853
858
1882
2325
2326
2281
2323
2327
2342
2328
2377
2322
905
897
915
924
912
911
918
926
884
910
917
886
916
927
890
877
920
1078
887
891
885
899
904
902
901
894
1396
1392
1592
1590
1716
2163
2141
1703
1118
2142
304
303
298
301
495
493
419
2308
483
482
295
491
314
313
315
325
364
444
400
347
317
83
249
339
287
451
342
343
1779
2074
2297
262
1909
1897
1905
1895
1755
2351
2240
1523
2101
1809
2230
54
378
379
365
374
971
428
1788
1855
1861
376
375
377
403
2349
373
153
341
840
841
1830
1435
1427
1409
1428
1831
1839
1420
1421
1838
1832
1748
1746
1733
2341
1754
2211
1843
1841
1842
1840
1844
1362
1326
1932
2054
1966
1981
1984
1512
201
1965
76
1971
1956
1050
813
814
2314
808
2344
1911
1919
1914
1913
1550
309
1676
2056
2274
2255
57
488
487
506
305
308
2059
2061
37
484
440
82
332
338
1520
1521
1517
1516
1514
1442
1489
2293
964
2167
1415
1419
2169
2171
2173
2177
2168
2178
2170
2187
2193
2362
2150
2153
2151
2130
2136
2179
2129
2185
1519
1518
2309
2373
1726
1724
1725
1875
396
963
411
137
1876
496
2374
2088
782
2320
202
2109
61
63
1574
1576
1572
812
2247
1532
1542
1543
2082
44
2083
42
43
46
966
962
1083
2339
2340
2336
2335
2116
896
1125
1119
1129
1122
1124
1121
131
1559
197
196
277
276
274
278
49
1306
1307
38
40
41
2002
2001
2299
2298
1115
1116
1020
1024
397
1145
1146
1147
1139
1140
1148
1136
1144
1138
1048
1033
1940
1739
1738
803
791
788
787
779
790
772
1959
768
784
1864
217
218
208
215
148
2376
214
210
212
211
213
209
2052
1054
2037
778
776
777
1137
1080
1776
1151
1270
1278
1276
1275
1006
1973
982
978
987
970
974
990
1448
1473
1513
1488
1484
1482
1476
1437
1466
1477
1038
1472
946
947
948
931
940
932
938
945
934
952
942
929
933
939
943
930
251
254
2096
204
416
252
250
255
310
2236
2245
2246
2038
2248
2034
2241
2242
2243
2239
2212
1877
1878
171
2057
2218
2354
2355
2356
2357
2364
2343
203
227
1960
457
469
1693
1681
2112
1812
1997
1998
1458
1454
1439
1016
1008
1027
1017
1007
1010
290
288
291
2304
55
56
2198
51
769
164
166
162
163
165
178
179
177
443
512
442
485
478
448
449
2044
2043
116
479
1822
1820
1384
2256
2257
2259
2258
1404
967
1405
2315
835
160
161
1740
508
1642
1637
168
1313
1320
1314
1310
1308
1826
447
95
92
1376
1374
1373
1372
1371
1377
367
1968
30
32
31
60
104
418
466
438
1424
1423
2333
2268
2273
2334
2329
1293
2330
1982
1756
1757
2017
1778
257
256
225
226
223
2319
2280
2291
2269
142
909
923
914
925
282
1727
238
233
241
1492
1829
1828
1457
349
1560
1556
1557
1555
1554
1019
968
1023
957
1026
1079
2133
2149
1082
1096
1018
1004
1005
1000
1858
2310
2313
2311
2312
436
864
1456
1465
1462
1455
1430
1433
511
1937
1946
1941
1944
1947
1933
1945
1854
1323
1128
1123
1509
1507
1414
1499
1618
1616
1614
1622
1627
1601
1619
1625
1623
1602
1610
1263
1286
1282
1621
1620
1916
1626
1563
1957
1928
502
501
50
2370
2317
2316
1598
1569
2181
2046
2047
1806
370
368
372
2180
159
1281
1274
1288
1287
1262
1267
1264
2363
2348
207
2035
480
387
264
265
1915
1918
2176
390
1912
1120
1127
1089
1643
2066
1767
1770
1771
1763
1762
1766
1761
1769
1765
1764
1768
366
2321
1777
1773
1774
1775
1431
1302
1695
388
2094
2095
224
128
1827
1825
102
1339
1341
1894
1927
1921
1920
1925
2045
157
2103
2284
1130
1132
1332
1330
1759
1126
1091
2138
1090
1081
1087
1088
1086
1084
1085
445
181
156
94
190
1955
1058
1289
1939
515
1938
1459
1460
566
567
1294
2102
2042
2087
2108
2106
243
242
244
239
245
143
1063
1061
1060
1056
1059
1386
1644
1057
1062
1300
1069
1068
1070
2160
2161
1161
1160
588
587
191
1133
1134
1158
1159
585
586
522
523
622
621
620
627
628
626
1157
1156
1599
520
521
1
0
316
1218
1219
1217
531
530
504
505
1168
1169
595
596
569
570
568
1866
1867
1674
1673
593
594
839
1097
1098
2383
2384
1165
1164
592
591
527
526
21
20
25
2381
2382
462
463
464
465
461
872
870
871
1890
228
229
827
826
825
2
3
666
665
663
664
2379
2380
668
669
667
670
524
525
589
590
1167
1166
724
725
723
536
537
2077
2078
1690
1691
2388
2387
1440
1441
358
357
359
1182
1183
619
618
617
1035
1036
1034
1037
576
577
533
532
151
150
152
1515
1012
599
600
1299
363
362
866
867
1573
1575
80
81
22
23
1707
1708
1163
1162
1180
1181
1721
1722
1720
1723
2386
2385
1215
1216
1214
528
529
498
500
503
497
499
1171
1170
1639
1640
1961
1963
1962
1209
1210
1208
2412
2411
2413
2414
1211
1212
1213
1174
1175
2144
2145
2099
2100
674
672
671
673
538
539
1491
1490
1235
1236
1237
2287
2283
2286
2282
2285
2289
2324
1179
1178
755
756
2036
762
763
597
598
623
624
625
1173
1172
4
5
535
534
231
232
1177
1176
961
1782
1783
1784
1785
1781
1780
1786
806
805
1899
1900
1901
1902
1898
878
879
1730
1731
2409
2410
2408
2135
2134
660
661
659
662
965
1683
1684
1685
1687
1686
706
705
704
703
702
557
558
15
14
1607
1605
1608
1606
1609
1796
710
711
708
707
709
1660
1659
1656
1654
1661
545
544
1593
1594
645
644
646
1317
1318
1222
1220
1221
719
720
717
718
721
1072
1817
1818
1819
340
1497
1498
345
346
348
344
844
846
845
550
551
1076
1859
1860
1189
1188
608
607
549
548
642
641
643
1290
605
606
677
678
676
675
6
7
380
382
381
383
547
546
1649
1650
1648
1651
1652
1647
856
857
2391
2390
2392
2393
609
610
603
604
1399
540
541
601
602
437
1185
1184
1397
1398
1251
1252
1250
542
543
1265
1266
1013
1014
1015
2406
2405
2407
579
578
1923
1924
1922
1186
1187
1486
1487
1485
1483
1453
1474
1475
637
635
636
2352
2353
1837
1834
1836
1835
1833
580
581
2029
2028
2026
2025
2024
2030
2031
2027
2032
2033
2023
2021
2217
2216
630
631
629
1463
1464
1247
1248
1249
1243
1246
2399
2400
1319
1316
1701
1702
815
817
818
816
634
633
632
639
640
638
2396
2395
1230
1231
1232
1229
574
575
572
573
571
8
9
2191
2190
2189
2192
2186
2188
2422
2423
2420
2424
2425
2421
554
553
2228
2222
2221
2219
2226
2225
2232
2223
2220
2234
2233
2224
2227
868
869
1193
1192
1772
401
402
10
11
1190
1191
1354
1355
2397
2398
289
12
13
730
727
726
729
731
728
1255
1254
714
713
715
716
712
556
555
1400
1150
1149
2419
2417
2415
2418
2416
1194
1195
560
559
1203
1202
16
17
685
686
684
683
1224
1223
1225
681
680
682
679
1578
1577
1579
1580
811
810
1537
1529
1538
1536
1531
1527
1535
1524
1530
1526
1525
1534
1528
1539
1533
1540
895
1040
1041
1039
1043
1114
216
695
694
692
693
696
654
655
653
950
949
935
941
936
944
951
937
1990
1991
1369
611
612
1993
1994
1821
648
649
647
1025
283
281
562
561
351
352
350
353
738
737
739
735
736
733
734
732
1379
863
1942
1943
1853
1495
1496
1558
206
205
266
2174
2175
2172
652
651
650
1697
1694
1696
1698
188
187
2294
1331
2295
2318
2303
2302
2279
2278
2140
2143
1791
1790
1792
1789
1793
2147
2146
2148
1201
1200
1002
1003
1001
565
100
101
99
97
98
240
2332
2331
1198
1199
758
753
757
764
761
760
754
759
1340
1342
657
656
658
2401
2402
1394
1395
1197
1196
613
614
995
996
997
993
994
998
1802
1803
1801
893
892
1228
1226
1227
2350
698
699
700
697
701
1383
922
906
921
889
919
913
751
752
745
747
742
748
750
741
744
740
749
746
743
517
1848
1849
1847
1846
1329
518
1131
2254
2253
285
1596
1597
470
471
473
475
1066
2018
2019
336
337
39
1972
1974
2251
2252
1804
2137
2155
2154
331
333
329
327
328
330
2104
2105
454
455
2048
2049
2050
1750
1751
1749
1752
1742
1743
1744
1737
1734
1741
722
1638
270
271
272
1547
1546
1548
1549
1545
2394
2372
2338
2337
2367
2365
2366
1351
1976
1977
1975
490
689
690
691
687
688
1612
446
1978
1662
953
954
1315
2111
2110
431
432
429
430
434
1064
1065
1863
1862
1865
955
1141
1142
1143
1360
823
824
819
822
821
820
834
831
832
833
141
467
468
849
852
398
399
1334
1335
1337
1028
1029
474
2288
306
24
1889
1885
1886
1884
795
851
850
848
802
801
1657
1658
1633
1634
18
19
2249
2250
1630
1631
1632
1628
1629
1030
1031
1589
1588
1154
1595
386
2345
2347
2346
807
1930
1929
1931
114
113
115
1353
1233
1234
2093
2092
2091
2090
1715
119
1522
908
907
477
48
1391
1393
1390
1388
1389
1447
1446
1445
1452
1983
453
452
35
34
36
1021
1022
193
194
1153
1443
1444
1995
1321
1322
1045
1044
1046
1047
2139
1910
1432
492
1336
513
514
2157
1042
147
394
393
395
392
1295
1296
1417
1416
1418
1666
1805
1655
1641
1636
1450
1451
1449
426
425
427
2195
509
507
510
441
421
422
423
1567
1566
1568
1570
1571
1713
1714
1675
1672
1093
1092
1094
1095
1347
1346
1344
1242
1240
1241
1239
1238
170
766
1305
1304
898
2404
2403
2359
2361
2358
1009
2270
2271
158
155
2162
2183
2184
1954
275
269
279
280
1051
1052
1053
583
584
582
2205
2206
2204
2199
2209
2203
2131
2132
2307
2306
780
2124
2122
2123
2121
2120
2115
53
52
408
1667
2360
958
319
326
312
797
1479
1480
1478
1603
1604
989
991
984
988
973
985
986
972
182
77
78
66
67
65
64
68
837
838
2089
85
1471
1470
1467
1469
1468
253
2207
2208
1561
1553
1552
1112
1874
1873
435
1585
292
72
2126
2127
2292
2375
2296
307
286
354
1871
413
169
417
412
410
415
420
414
2014
2015
1244
1245
1205
1204
2055
2060
146
1272
1271
1273
1110
1111
2389
1073
1074
1075
273
311
297
296
799
1850
1851
371
118
120
117
406
1506
1508
1505
1504
1511
58
59
2260
1378
1996
1787
1857
1852
384
385
1541
1544
1510
2004
1958
516
360
361
1207
1206
552
854
855
1285
1284
1283
459
460
2210
439
2113
2076
1292
2075
2058
2069
2070
2073
2072
2063
2064
2065
2067
2068
2215
71
123
124
125
122
1907
1906
1896
1908
1903
1904
2231
2229
299
300
302
284
1429
268
267
404
405
793
794
2265
2264
1100
1101
2262
74
2263
2213
2214
804
2244
1385
843
221
1881
1807
2039
2040
861
2152
765
770
771
563
564
220
489
458
1327
486
1425
1426
1710
1712
2107
1298
1502
1501
1964
1032
888
1412
1411
1711
1653
1664
1665
1926
2012
135
134
136
126
318
323
321
324
322
320
149
132
45
1917
294
1434
130
129
29
26
27
28
62
433
2202
1591
1736
1735
1259
1258
1277
1268
1280
1279
1269
1108
1107
1109
1011
1758
1402
775
1406
1950
1728
335
334
789
792
110
111
106
109
112
105
1868
800
876
875
1795
1747
903
236
237
235
234
1328
1753
1745
481
2119
2118
1678
1679
1422
1680
1888
1461
1309
1311
1303
1312
847
494
107
108
90
1105
144
785
1689
1688
1692
1671
140
1704
1705
1718
1706
1646
1645
1970
1967
1969
960
91
1798
1799
1700
1699
1481
1624
1375
956
900
87
88
89
1815
1677
2266
2368
260
259
261
258
1856
247
246
1358
2007
84
828
829
2305
615
616
2237
2238
96
103
93
2053
979
980
981
976
977
1934
1935
1936
407
369
1669
476
472
198
199
195
