3754
3789
3755
3744
3787
3786
3788
3790
3824
3759
3765
3752
3735
3707
3743
3477
3453
3476
3475
3474
3460
3452
3478
3472
3473
3354
3355
3357
3486
2390
2392
2391
2388
2184
2188
2163
2189
2194
2186
2187
2191
2159
2094
2098
2095
2097
2104
2096
2091
2113
2068
2069
2067
2074
2044
2010
2073
2013
2038
2045
2008
2009
2072
850
2183
2012
2054
2040
2046
2039
2043
2049
2047
2041
2058
2042
2080
2103
2102
2101
1891
2093
2087
2099
2100
1892
2107
2109
2108
2105
2106
2180
1896
2179
2177
2112
2111
2110
2116
832
833
836
844
825
826
815
798
824
817
823
811
812
796
814
813
2123
2127
2122
2131
2130
2125
2124
2048
2057
2115
2114
2117
848
2129
842
849
840
846
2141
2055
2061
2062
2060
1907
2056
2070
2145
2144
2146
2148
2138
2140
2136
2137
2135
1903
1904
1905
1901
2152
1911
1906
1902
2151
2150
2149
2085
2155
1948
1910
2175
1978
1971
1908
2084
2083
2082
2081
2133
2154
1900
831
2120
2128
2092
2121
2033
2037
2032
2035
2036
1899
1929
1897
1898
2192
2006
2018
2071
2066
834
830
926
866
835
2118
2162
2161
2165
2158
2153
2160
2167
2164
797
1893
1894
2190
2193
2166
841
843
839
2126
2119
2147
1947
1946
1945
1956
1944
2174
2173
1957
1954
1943
1952
1939
1449
1981
1921
1976
1421
1975
1977
1974
1968
1969
1972
1909
2172
2169
2025
2029
2027
2030
2028
2016
2026
804
810
803
809
801
800
2031
2021
2024
2019
2017
1895
2001
2004
2088
2086
829
2185
2182
802
795
799
2079
2075
2076
2078
2077
2927
2156
2157
847
2143
845
2064
2065
2063
2134
2132
2139
1928
1925
1927
2171
2170
2168
2178
2930
2848
2890
808
794
807
2011
128
2059
780
2926
2142
2014
2020
2015
2022
2051
827
2052
828
2034
2090
2023
2181
2007
1984
2005
2089
2176
4515
4518
4516
4514
4513
4512
4542
4507
4517
4540
1044
3020
3018
3019
3023
3060
3017
4543
3024
3033
3022
3057
3054
3056
3058
3010
3015
3016
2963
2944
2966
2946
2942
2943
2934
2941
2967
2965
2959
2932
3052
2937
2945
2935
3025
3014
3026
3011
3013
3009
3040
3045
3042
3039
3043
3044
3006
3041
3046
3047
3037
3050
2976
3036
3035
2971
2975
2973
2972
2970
3038
3034
3051
3049
2979
2980
2981
2977
2978
2933
2938
2931
2936
2940
4509
4510
4511
4508
4541
4544
3053
4283
3055
2974
2950
2947
2949
2969
2953
2956
2954
2968
2948
2952
2962
2951
2955
2961
2960
4483
4484
4498
4482
4499
4497
2993
2994
2991
2997
2992
3004
3005
3002
3003
2988
2999
2982
2983
2985
2986
2987
3001
2984
3000
2964
3012
3008
2939
4228
4284
4536
4537
4535
4538
4525
4530
4531
4534
2998
2989
2990
2995
3059
3030
3027
3029
3032
3031
3028
3007
1045
1057
1048
1077
1039
4521
4488
4485
3048
2996
2957
2958
4539
3021
3796
3758
3791
3793
3794
3795
3756
3757
3792
3799
3803
3764
4921
3785
3768
1211
628
3823
3812
3813
3811
3810
3808
3818
3704
3705
3778
3777
3781
3753
3726
3713
3736
3774
3776
3771
3724
3819
3820
3703
3816
3687
3699
3702
3701
3815
3683
3688
3698
3697
3694
3692
4809
3685
3784
3807
3700
3763
3761
3762
3760
2324
4849
3831
4857
4920
4919
3814
3682
3770
3767
3751
4856
3732
3734
2321
2322
2317
3693
3696
3691
3690
4775
4811
1268
3684
3686
1265
3706
3769
4791
3695
1267
1266
1278
1277
3802
3797
3805
3801
3798
3804
3800
3809
3806
3766
4813
4810
4808
4812
1212
629
1213
3817
1264
3689
4788
4777
3745
3746
3741
3742
777
766
778
763
764
776
818
819
760
761
762
792
793
787
789
786
788
765
783
782
779
785
784
791
790
1700
4249
4250
4251
4253
4303
4248
4280
3645
3669
3649
3581
3660
3631
3491
3579
3642
3647
3640
3644
3654
3672
3563
3628
3629
3626
3622
3494
3648
3664
3624
3574
3577
4446
3580
3653
3656
3655
3658
3657
3667
3659
3630
3633
3488
3487
3496
3490
3489
3578
3641
3646
3639
3643
123
126
124
125
122
127
77
131
115
117
116
114
87
120
113
109
86
119
118
2758
99
100
130
97
121
105
102
107
68
78
95
67
73
76
75
106
83
74
88
96
94
84
66
72
71
82
69
70
79
81
80
104
103
101
923
933
883
928
948
912
820
920
917
921
922
925
924
4892
4893
4896
4894
4895
4888
4887
4891
4890
2873
4886
1384
864
865
863
876
112
110
2885
111
108
2884
2882
2881
129
90
92
89
91
93
98
85
2802
2759
2756
2891
2929
2928
1721
1738
1720
1718
1719
1717
1728
1694
1731
1737
1805
1809
1804
1807
1808
1797
1819
1774
1806
1701
1702
1689
1704
1685
1686
1688
1691
1687
1703
1709
1821
1822
1824
1820
1818
1768
1815
1823
1803
1746
1749
1757
1745
1744
1748
1747
1751
1753
1742
1844
1755
1787
1756
1812
1813
1811
1816
1810
1796
1788
1795
1792
1817
1773
1776
1842
1783
1794
1793
1790
1791
1789
1761
1814
1838
1839
1826
1829
1834
1767
1837
1825
1828
1836
1827
1766
1710
1733
1712
1714
1713
1716
1715
1711
1684
1683
1696
1699
1786
1732
1735
1734
1690
1726
1697
1727
1723
1725
1722
1693
1692
1706
1695
1729
1730
1724
1707
1708
1760
1759
1750
1846
1752
1740
1841
1798
1799
1801
1741
1800
1833
1835
1736
1845
1843
1832
1831
1840
1763
1758
1784
1772
1778
1782
1770
1771
1777
1780
1781
1765
1739
1762
1764
1775
1754
854
1705
1698
1830
1785
1779
1802
1769
1743
3115
3157
851
3273
858
806
2470
2471
2487
3783
2467
2469
2464
2473
2484
2486
3782
1145
2466
2465
2468
2376
2463
2461
2499
2460
983
2472
982
1141
981
3750
1065
1142
1143
1150
1090
1140
1146
1139
1144
2418
1149
1148
1089
3779
1138
1064
1063
1074
2416
2413
2401
2409
2417
2415
2485
2491
2375
2448
2474
2488
2450
2412
2411
2408
2410
2462
2399
2393
2397
2398
2496
1072
2498
2492
2497
1073
2495
1147
2407
2405
2400
2380
2381
2378
2379
2494
2493
2374
2377
2406
2446
2447
3780
1088
1086
2414
2395
2394
2402
1062
1061
3772
1136
1137
1100
1134
1087
1099
1103
1135
1085
1056
1131
1066
1059
2396
1101
1104
2404
2403
934
935
937
931
975
936
932
896
930
929
861
862
859
860
887
885
886
882
956
897
927
913
872
870
977
900
873
868
871
875
867
869
874
953
914
911
976
895
899
879
954
955
890
943
946
947
951
950
945
942
949
889
944
894
898
884
980
888
893
4884
4883
4885
2844
2845
2847
2846
973
974
970
940
880
971
969
962
972
941
878
968
965
961
958
957
960
959
910
908
909
952
978
891
979
877
938
892
907
939
881
906
903
967
966
964
963
904
905
902
901
1852
1853
1851
1850
1878
1991
1992
1990
1993
1994
1989
1865
1849
1951
1950
1949
1915
1987
1917
1912
1919
1922
1964
1966
1958
1934
1932
1931
1937
1967
1959
1961
1963
1962
1965
1960
1864
1867
1848
1847
1863
1868
2000
1995
1999
1997
1970
1998
1886
1862
1890
1887
1879
1875
1876
1877
1996
1983
1871
1874
1883
1869
1855
1858
1885
1873
1872
1882
1860
1870
1854
1856
1857
1888
1884
1866
1880
1859
1861
1935
1980
1916
1933
1938
1914
1979
1918
1985
1986
2002
2003
1920
1923
1988
1982
1889
1881
1973
1936
1955
1953
1926
1924
1930
1422
1423
1428
1913
4071
4059
4053
4065
4068
4061
4060
4063
4064
4069
4052
4058
1122
1043
1118
1120
1108
1058
1042
1038
1117
1119
1107
1046
1047
1106
1054
1013
1067
4665
1018
1079
1078
1165
1076
1082
1164
1075
1610
1611
1612
1609
1597
1602
1594
1605
1608
1614
1590
1582
1625
1596
1620
1580
1586
1576
1575
1622
1527
1581
1579
1587
4057
1574
1623
1624
1630
1528
1578
1577
1583
1588
4297
4054
4136
4055
4056
1187
1185
1186
1188
1184
1193
1189
3959
3887
3886
3957
3946
3954
3832
4020
3888
1233
3897
3881
3885
3958
3956
3945
3930
4009
3952
3953
3834
3994
3991
4019
3999
4012
4015
4018
4017
3879
1231
1261
1201
1232
4620
4619
4627
4723
4623
4618
4625
4626
4718
1182
4728
4722
4719
4287
4622
4621
4647
4831
4834
4823
4704
4806
4832
1219
4782
4828
4824
4833
4830
4816
1230
1235
1229
1218
1513
1234
1227
1228
1225
1217
1215
4715
4714
4705
4660
4670
4697
4679
4666
4717
4724
4721
4713
1571
1572
1569
1573
1570
4821
4798
4822
4686
4820
4799
4215
4214
4218
4213
4223
4225
4243
4247
4216
4706
4711
4656
4694
4819
4708
4698
1017
1026
1014
1084
1021
1031
1098
1023
1019
1083
1016
1080
1022
1028
4751
1035
1025
1030
1052
1096
4787
1097
1012
1001
1010
1113
1003
1020
1053
4222
4246
4224
4217
4221
4204
1011
986
1000
1002
1009
1112
1004
1015
1068
4262
4664
4668
4050
1161
1055
1060
1069
4230
4226
4234
4229
4236
4239
4231
4242
4233
4227
4235
4244
4245
4238
4237
4241
4240
1092
1094
1091
1095
4759
1105
4712
4655
4693
4818
4707
4699
4149
4294
4212
4142
4197
4146
4148
4293
4300
4130
4128
4211
4201
4124
4145
4155
4144
4147
4137
4132
4141
4198
4292
4298
3836
3942
3835
3865
1286
3868
3944
3941
3833
3842
1519
3864
1202
1282
1284
1285
3876
3866
1256
3943
3874
3940
3926
3850
3938
4189
4203
4206
4178
4170
4270
4183
4195
4180
4190
4177
4182
4187
4185
4202
4205
4179
4171
1250
1241
1249
1248
1242
1263
1259
1255
1251
1281
4669
1657
1245
1240
1247
1243
1262
1257
1258
1254
1272
1674
1512
1565
1521
1518
1658
1203
1260
1511
4138
4140
4133
4135
4139
4131
4090
4134
1216
4794
4797
4795
4796
4793
1591
1592
4678
1158
1155
1157
1154
1156
1603
1599
1604
1598
1613
1589
1652
1656
4267
4264
4275
4277
4162
4263
4266
4209
4274
4271
4261
4268
4276
4176
4161
4159
4156
4157
4158
4160
1040
1041
4523
4520
1199
1200
1198
1197
584
3890
1196
1206
1210
1207
1214
1102
1049
1050
1051
1168
1554
1553
1209
4438
3880
2713
1208
1560
1562
1559
1552
1563
1561
1555
1550
1548
1547
1675
1680
1673
1678
1666
1520
1679
4123
4122
4639
4617
4633
4616
4126
4121
1564
1566
1568
4103
4097
4108
4096
4125
4115
4100
4099
4106
4107
4028
4046
4041
4051
4095
4116
4102
4101
4739
4740
4738
4632
4736
4737
4744
3870
3872
3873
3878
1538
1032
1033
1034
1238
1244
1239
4285
4286
1180
995
4260
4269
998
1181
4282
4273
1194
1195
1173
1192
1172
1174
4151
4150
4127
4152
4143
4129
4299
4302
4296
4295
4091
4301
4079
1279
1280
1276
1130
1133
1129
1127
1132
1124
1128
1126
1123
4804
4805
4803
4801
4807
3939
1595
4761
4802
4815
4642
4624
4614
4641
4631
4644
4613
1037
1125
585
580
583
586
582
3898
3889
4207
4208
4210
987
999
1005
4667
4659
4255
4281
4252
4615
4279
4104
4105
4120
4089
4092
4076
4119
581
587
588
4743
4742
4748
4741
4747
3895
3894
3896
3893
608
566
579
590
1029
1027
1121
4265
3882
3918
4680
4710
4690
4638
4640
4637
4636
4635
4789
4790
4774
4768
4781
4770
4780
4769
4753
4779
4776
4783
4771
1070
1071
4756
4786
4755
4785
4752
4750
4749
4754
991
996
997
992
988
990
985
994
3955
4254
4256
4612
4696
4695
4645
4646
4030
4024
4029
4033
4023
4026
4027
4036
4031
4032
4042
3917
3916
3905
3913
3915
3914
3902
3920
3904
1024
1221
1223
4827
4826
4829
3840
3838
3841
3883
3899
3884
4674
4671
4672
4675
4683
4673
4676
4682
3900
3891
3892
1672
1682
1677
1665
1669
1655
1179
1253
1160
1151
1159
4784
4685
4681
4684
4687
1252
1220
1537
1585
1640
1532
1524
1539
1533
1536
1621
1584
1115
1116
4047
4037
4044
4048
4045
4038
4043
4049
4085
1204
4199
4200
4291
3927
3928
3937
4001
3961
3935
4005
1171
1170
4651
4735
4649
4650
1093
1628
1627
1629
1152
1153
4746
1671
1226
4778
1635
1617
1224
1205
1191
4437
4439
4259
4278
4220
4219
3951
3949
3950
4257
4258
1273
4098
4662
4661
4663
4630
4628
4643
4629
1522
1516
1515
4800
4677
4716
4734
4720
1109
1110
1111
1114
3862
3863
4272
4757
4758
4194
4192
4191
4193
4154
4745
989
984
4040
4067
4039
4066
4658
4657
4652
1081
4732
4731
1283
1177
4727
4730
4726
1178
1176
4025
4648
1175
4688
4689
1641
1639
3909
3912
1601
1593
1222
3849
3869
1543
3867
1162
1163
1166
3852
1662
1546
1567
1526
1600
4094
4184
4196
4181
4188
4186
4166
4172
4168
4174
4173
4088
4077
4093
1529
1531
1523
1525
4074
1626
4078
4072
1237
1236
1556
1534
1558
1535
3925
1007
1008
4729
4725
4733
4288
4765
4767
4763
4760
4772
4773
4814
4654
4634
3929
3936
3932
3924
4709
4062
4117
3848
3851
3843
3995
3837
3988
4004
3987
4003
3989
1183
3844
3998
1642
1644
1645
1643
1650
3871
1653
1654
1648
1646
3983
3971
3992
3990
4000
4013
4011
4014
4016
1275
1274
1271
4081
4080
4082
4083
4114
3910
3911
1557
3986
3996
3877
3875
4002
3972
3974
3976
3973
3975
3978
4792
1667
1517
1514
1664
1663
1542
3906
3907
3908
1169
3981
3982
3980
3979
3861
3860
3858
1661
1660
1637
1659
1681
1634
1631
1633
1632
1636
1549
1545
1607
1606
4113
4112
4110
4111
4118
4109
4075
4070
1544
3854
1551
3855
1649
1651
1246
1270
4700
4703
4701
4702
1036
3903
3901
1530
3839
3847
3845
1647
3970
3969
3993
3984
4034
4035
3960
1615
3985
4007
3948
3947
4153
4692
4691
1670
1668
993
4825
3997
3919
1541
3934
3933
3931
1269
3846
4766
4764
4817
3921
1616
1618
1638
1619
1676
3922
3965
3964
3967
3962
3963
3966
3968
3977
4087
4086
4084
4008
4010
4006
3853
1167
1540
3859
4073
4022
4021
4653
4167
4163
4175
4169
4762
3857
1006
3923
4165
4164
1190
4232
3856
4289
4290
3748
3747
3749
4939
4940
4928
4922
4930
4931
4846
4932
4934
4936
4937
4839
4835
4840
4842
4841
4844
4847
23
24
25
2333
22
1503
1508
1504
1492
1507
1506
1499
1510
2319
2320
2300
2303
2480
2316
2315
2478
2476
2435
2309
2310
2311
2318
2314
2323
2312
4843
4838
4897
4845
4836
4837
4848
3821
3830
3822
3829
3827
3828
3825
4859
4938
3826
4858
2308
4862
4850
4855
4854
4853
4909
4912
4918
4915
4905
4861
2305
2304
2306
4877
4878
4875
2307
2299
4874
2301
2490
2482
2489
27
2481
26
21
42
47
28
4876
4906
4907
4908
4911
4910
4935
4917
4914
4901
1491
1490
1489
1488
4900
4902
3739
3740
3738
3737
3731
4851
4868
4852
4867
4864
4860
2513
2483
2514
2516
2515
2524
2517
2519
2332
2331
2313
2329
2330
2479
4866
4865
1487
1486
1485
4873
4869
4872
4870
4916
4929
4933
3720
3721
3722
3719
3718
3723
2518
2204
1381
2328
2343
2373
2327
3727
3728
3730
4903
4904
3717
3714
3708
3711
3712
4882
2302
1505
2475
2477
4926
4925
4924
4923
4927
4871
3709
3710
3773
4899
4898
4863
3775
3715
3729
3725
3716
1383
4913
4880
4879
4889
4881
2423
1942
2053
1940
1941
2431
2425
2427
2436
3733
20
19
40
41
49
46
44
2452
2449
302
299
301
297
298
291
292
300
2711
2712
2714
2710
2602
2597
554
2702
565
2708
2705
2709
3598
3680
3651
3576
3627
3679
3681
3674
3671
3670
3531
3523
3530
3524
3522
3533
3529
176
179
193
175
512
623
178
167
197
183
132
191
4394
4418
185
138
192
173
174
2693
2695
2611
2720
4328
2694
2690
2699
2697
2692
2681
257
2551
2600
2601
2672
2605
2610
151
4429
3557
3558
3556
3509
3512
3549
3552
3534
3550
188
186
187
190
189
181
180
182
217
214
521
211
202
196
228
226
216
3609
3536
134
213
212
224
519
526
531
520
220
205
201
195
157
223
227
166
237
164
235
236
161
225
215
3610
3540
3535
3537
3539
3544
3528
3532
3596
3538
3617
3548
3545
136
133
263
265
264
2608
2723
4374
240
258
4368
261
262
253
2545
2607
2719
2722
2725
4369
4347
4358
4371
4373
4360
239
238
260
256
255
252
822
837
838
821
499
500
498
508
503
517
510
511
506
507
480
501
502
4385
4383
4402
4384
4393
4386
4401
4403
4392
4400
4420
4399
4397
4435
514
536
513
492
564
533
542
535
534
494
488
516
515
607
610
611
568
573
576
598
589
2721
2689
2529
2542
2700
2543
2544
2541
2606
619
618
615
735
617
616
620
613
614
726
734
733
732
137
750
730
4452
4453
4458
4460
4443
4451
4472
3593
3594
3595
3597
3605
3604
4454
4456
4455
4457
4417
4427
4419
4421
4426
4425
4423
4422
4424
2553
2550
2554
2547
2552
2549
2559
2560
2563
2557
2546
2587
570
606
612
609
2599
2585
2569
2596
2577
2589
2586
569
575
567
556
2701
184
254
249
247
248
3572
3573
728
746
729
727
744
745
741
3592
3591
3583
4445
3602
4367
4366
210
518
543
523
524
525
495
496
497
539
490
489
550
474
538
537
493
487
491
563
3506
3516
3508
3510
3614
3514
3515
3503
3507
3505
553
552
551
555
486
2623
2680
2622
2617
2632
2676
2674
2679
2624
2621
2619
2625
2616
2615
2631
2630
3652
3650
3575
4433
4447
2598
621
622
171
177
198
3525
3526
3527
3521
3615
3612
3571
3569
3570
3568
541
545
548
540
544
522
532
3618
3616
3677
3607
3678
3554
3555
3553
3520
4380
4382
4379
4440
4375
4459
4320
4378
4313
4381
4377
4310
4351
4305
4307
4308
4306
4309
4362
4348
4349
4350
4304
562
561
559
4398
4396
2684
2670
2664
2656
2673
2675
2678
3519
3518
3517
3541
2707
2706
504
505
478
479
3511
2703
2704
3560
3562
3551
509
2683
2604
2626
2671
2665
2655
2654
218
221
222
481
482
484
3590
3584
4444
3600
3601
3599
4441
4442
4430
4432
4325
4323
4327
4342
2718
2716
2717
2715
2724
4361
4363
4364
4355
4353
4346
4359
4365
3565
3559
3561
3567
3564
3608
3611
3666
3668
3665
4448
4479
4449
4450
4321
168
172
170
3625
3623
3620
3619
3621
3502
3492
3493
3661
3663
3662
2843
4312
4311
4376
2698
2696
2691
4480
4469
4470
4465
4463
4461
4471
4340
4329
4338
4331
4339
4341
4343
4319
4344
4324
4322
4326
4357
4337
4334
4336
4330
4314
4316
4315
4317
4318
2540
2688
251
246
2685
2687
2686
3582
204
259
2784
2783
2785
769
2780
2782
3240
2750
3233
774
768
149
3606
3603
3586
3589
3585
3588
3566
2591
2588
2583
2590
2581
2582
2584
2570
2571
2568
2567
2574
2575
2573
2594
2595
2593
2592
2533
2538
2539
2534
2537
2536
2530
2531
2532
2564
2527
2526
2528
2535
250
245
2682
529
530
528
141
154
153
148
140
139
135
152
142
147
143
483
2576
4436
4370
4372
194
4434
4388
244
4431
165
158
159
155
160
156
242
243
203
4395
209
208
558
560
557
2603
2609
150
4428
219
4332
4333
2778
2836
2775
2779
2781
3542
3543
200
199
3638
3637
3635
3636
3634
3613
485
207
547
546
477
549
469
468
473
470
471
472
476
475
241
3675
3673
4352
4356
2638
2637
2636
2635
162
231
163
3546
3547
601
604
599
605
597
600
2562
602
4467
4468
4462
4466
233
232
234
230
3632
4404
4406
4411
4405
4407
2566
2565
229
4354
574
571
4412
4413
4414
2548
3513
4391
4389
4390
4387
4335
751
731
2558
2555
2561
2556
595
593
594
592
591
2620
169
2618
3676
2650
2651
2649
2612
2613
2659
2660
2663
2639
2640
2643
2661
2662
2633
2634
2627
2628
2657
2658
2666
2644
2645
2646
596
603
4408
4410
4409
572
3498
3497
3499
3501
3500
3495
577
578
4475
4474
4478
4464
3504
2652
2653
2667
2668
2669
4416
4415
146
145
144
3587
2579
2580
2578
2572
206
4345
2641
2642
4473
4476
4477
742
527
2677
2614
2629
2647
2648
3404
3468
3403
3402
3317
3467
3465
3464
3466
3470
3401
3390
1319
1348
1323
1318
1316
1347
1311
3433
1325
1317
3438
1345
1346
1497
1313
368
367
364
360
359
373
354
366
355
365
361
356
358
372
374
381
350
353
351
352
425
371
357
440
3429
3432
3436
3437
3435
3431
3434
3371
3444
3482
3422
1460
1461
1464
1463
1465
1417
1388
1415
1416
1338
1337
1340
1336
384
1339
1341
3415
3418
3417
3414
3307
3405
3406
3362
3327
3479
3413
3416
3364
3409
3408
3306
3297
3300
3302
3274
3407
3483
3381
3424
3400
3419
3481
3484
3382
3423
3399
3428
1363
1362
1358
1343
1361
1356
1357
1342
1359
1360
1322
379
376
383
380
375
378
382
345
424
418
3377
3376
3398
3389
3387
3445
3395
3372
3378
3392
3383
3396
3427
3388
2268
3391
3281
3280
3384
3385
3397
3379
3447
3443
1350
3374
1344
3358
3369
3344
3353
3485
3368
3346
3363
3305
3295
3367
3366
3370
3343
3356
3350
3352
3351
3298
3296
3290
3284
3289
3425
3426
3386
3291
3283
3285
3288
305
323
3421
2232
1419
1418
1424
1420
1398
3323
3469
3336
3320
3322
3321
3455
3326
3335
3334
3330
3331
274
281
271
273
272
276
277
280
303
268
270
279
275
3311
3393
1374
1389
1378
1371
1368
1376
1377
1372
1369
1349
1387
1391
460
442
461
441
437
423
454
451
436
459
363
370
369
3309
3314
3310
3313
3312
3394
1355
1354
1353
1370
339
338
349
434
439
2216
1324
2269
2265
2267
2326
398
1352
1332
1443
395
401
1351
1331
1445
347
346
348
317
318
322
435
433
3480
1386
1385
1392
1453
1390
278
438
409
388
394
389
408
413
385
387
393
391
1452
404
400
3282
3279
3276
3277
3278
3380
304
324
3420
2233
455
453
467
452
450
466
462
458
446
3345
3347
3365
3304
3293
3294
342
343
341
340
344
3446
3450
3442
3462
3448
3449
3440
3441
2250
1382
321
311
310
309
314
313
328
327
337
326
332
325
307
336
431
432
427
428
426
420
419
422
429
421
430
3373
1438
1439
1437
1482
1448
1404
1433
1436
1435
3341
3340
3342
3339
3337
3456
3459
3458
3457
2258
2257
2256
2270
2264
1409
1411
1410
1430
1425
1400
267
266
3361
3360
1458
1459
1457
1456
1320
1321
3348
3349
3454
411
410
399
405
412
407
386
402
403
406
3316
3315
3319
3308
3318
3463
3461
3301
3299
3338
3451
449
448
447
3303
3412
3411
1471
1462
1466
1470
1468
1469
1472
1467
3359
1375
377
3275
3410
3292
465
463
464
3439
396
397
3329
3328
3333
3325
3332
3324
3471
3375
456
457
444
443
445
3287
3286
1413
1414
1412
269
3430
1474
1476
1473
1373
1475
1481
1479
1477
417
415
416
1334
1335
1333
362
414
1478
1484
392
1483
1500
1480
390
3092
3106
3093
3099
3105
3096
3091
3090
3089
3088
3098
3095
3094
3097
3116
3079
3078
3082
3081
3084
3087
3080
3086
3083
3102
3101
3100
3271
3183
3146
3270
3265
3184
3185
3191
3187
3186
3175
3197
3189
3190
3161
3195
3174
3176
3177
3269
3200
3226
3225
3114
3227
3224
3256
3113
3228
3272
3112
3248
3234
3250
3255
3254
3136
3103
3118
3117
3120
3137
3123
3125
3075
3074
3104
3263
3262
3266
3261
3145
3264
3267
3257
3147
3268
3218
3260
3259
3196
3181
852
3173
3182
3156
3142
3143
3131
3149
3144
3193
3192
3194
3188
3152
3151
3160
3158
3154
3155
3150
3180
3159
3163
853
857
856
855
805
3222
3221
3223
3220
3216
3219
3199
3204
3198
3212
3203
3210
3214
3213
3217
3209
3208
3162
3071
3076
3077
3070
3069
3068
3085
3171
3166
3164
3165
3169
3172
3168
3170
3178
3122
3135
3140
3063
3109
3119
3126
3124
3129
3072
3073
3107
3108
3133
3111
3132
3134
3121
3141
3130
3110
3153
3167
3128
3127
3179
3215
3062
3061
3067
3201
3211
3202
3148
3139
3138
3205
3207
3206
3258
3066
3065
3064
631
632
645
630
693
685
692
664
691
683
697
668
663
2871
2870
2872
2876
2866
2878
2874
2877
633
634
637
654
702
704
701
703
710
699
700
644
639
640
643
638
647
641
661
658
660
655
656
657
675
659
650
689
690
681
723
684
688
687
682
695
696
694
725
686
678
676
680
677
679
721
705
717
720
736
743
748
708
706
707
718
719
722
627
636
635
646
649
669
674
665
662
715
709
673
666
667
625
626
624
2875
698
716
714
652
653
651
738
737
739
749
740
2865
724
712
713
711
747
2864
2868
2867
2869
2863
642
648
2862
2887
671
672
670
3235
3237
3253
3236
3238
3239
3251
3246
3247
2747
2738
2777
2838
2835
2811
2837
2824
2834
2842
2841
2813
2812
2816
2815
2814
2797
2807
2791
2810
3244
3252
3245
2830
2832
2831
2833
2892
2909
2893
2921
2912
2908
2916
2917
2897
2915
2920
2895
2894
2896
2901
2886
2853
2861
2880
2883
759
752
758
753
757
756
754
755
2852
2850
2849
2851
2855
2858
2755
2748
3232
3230
3229
3231
2922
2907
2910
2889
2911
2913
2914
2860
2879
2859
2762
2734
2746
2732
2757
2754
2749
781
816
775
2768
2769
2767
2766
2765
2770
2763
2764
2761
2888
3243
3241
3242
3249
773
772
771
770
767
2795
2796
2794
2801
2733
2735
2736
2737
2743
2745
2744
2741
2739
2742
2740
2731
2728
2730
2727
2726
2729
2925
2924
2923
2854
2857
2856
2904
2906
2903
2902
2905
2919
2918
2760
2773
2772
2774
2771
2753
2752
2751
2776
2829
2820
2823
2821
2822
2819
2793
2792
2805
2806
2804
2803
2827
2828
2825
2826
2789
2787
2790
2786
2788
2808
2809
2800
2799
2798
2818
2817
2840
2839
2898
2900
2899
4554
4558
4548
4553
4547
4550
4559
4578
4557
4586
4556
4552
4555
4500
4493
4489
4491
4546
4545
4487
4549
4570
4573
4577
4572
4571
4591
4569
4574
4567
4576
4590
4492
4506
4490
4495
4494
4611
4502
4610
4503
4481
4562
4504
4608
4501
4606
4581
4593
4607
4609
4565
4563
4588
4603
4560
4561
4496
4505
4601
4564
4568
4598
4599
4596
4604
4602
4595
4600
4605
4583
4579
4575
4580
4592
4589
4582
4551
4584
4566
4597
4587
4585
4594
4486
4524
4529
4528
4533
4532
4527
4526
4522
4519
919
918
915
916
2263
2247
2272
2266
2259
2222
2281
2240
2246
2271
2298
2522
2525
2502
2523
2520
2521
2348
2511
2512
2346
2507
2426
2501
2295
2293
2292
2294
2276
2289
2291
2223
2225
2219
2224
2218
2220
2228
2229
2231
2342
2355
2340
2361
2341
2351
2354
316
2339
2338
2362
2353
1502
1395
1496
1495
1494
296
320
1380
1379
1397
2217
2215
2214
2432
2434
2459
2433
2262
2221
2283
2443
2442
2384
2437
2441
2386
2438
2458
2387
2455
2255
2254
2253
2251
2252
2245
315
2209
2210
2226
2213
2212
2206
2211
290
293
2421
2424
2420
2365
2366
2364
2369
2363
2242
2241
2261
2385
2383
2382
2227
2230
2360
2358
2356
2357
287
286
288
331
283
285
295
289
2439
2440
2428
2430
2350
2352
308
312
2359
2282
2278
2296
2297
2280
2277
2273
2290
2236
2235
2234
2244
294
333
319
330
329
306
2279
2274
1302
1300
1301
1296
2238
1295
1298
1297
1299
1306
2239
2237
282
1293
1294
284
2287
2286
2285
2243
1328
1330
1327
1310
2288
2349
2347
2368
2372
2334
2197
2367
2203
2200
2199
2371
2202
2198
1312
1314
1501
1309
1304
1305
1303
1308
1289
1315
1288
1287
2370
2429
2208
2207
2205
7
15
17
2275
2249
2510
2509
2508
2504
2503
1329
2336
2335
334
335
2345
2344
2248
2451
2457
2196
2195
2506
2337
2325
1326
2422
2419
2500
3
55
37
6
2284
2505
12
34
39
35
1291
2201
1307
1292
2454
52
51
53
0
5
4
2
16
14
18
59
58
54
57
56
62
33
1
65
50
60
48
63
64
32
8
61
11
10
13
31
29
30
45
43
9
36
38
2260
1290
2453
2456
1498
1366
1396
1365
1364
1367
1447
1446
1444
1509
1408
1399
1406
1403
1405
1407
1402
1394
1393
1451
1450
1455
1432
1429
1401
2050
1493
1442
1441
1454
1440
1434
1431
1427
1426
2445
2444
2389
4658
4661
4724
4657
4667
4659
4660
4664
4635
4653
4693
4721
4720
4686
4656
2137
2135
2136
2140
2090
2166
2134
2142
2088
2089
2077
2078
2080
2051
3248
3250
3249
3245
2256
2258
2264
2252
2263
2255
2257
2253
2243
2444
2450
2445
2449
2407
2448
2433
2446
2347
2349
2348
2354
2341
2357
2353
2360
2351
2342
2355
2356
2363
2306
2317
2359
2496
2352
2343
2350
2340
2346
2344
2338
2489
2339
2390
2406
2405
2402
2391
2463
2432
2400
2401
2392
2451
2404
2452
2403
2453
2399
2396
2314
2398
2437
2438
2447
2439
2285
2286
2289
2300
1385
1386
1389
1367
1384
1381
1363
1376
1377
1378
1387
1388
2457
2461
2456
2465
2464
2459
2458
2345
2499
2443
2442
2441
2304
2494
2298
2305
2296
2303
2374
2497
2492
2368
2491
2470
2498
2361
2370
2369
2373
2485
2488
2372
2483
2482
2487
2474
2475
2476
2473
2480
1213
2469
2472
2479
2477
2478
2388
2481
1203
1212
2308
1222
1170
1210
2387
2386
2385
2389
2455
2249
2471
2284
2467
2493
2462
2468
2495
2413
2408
2412
2410
2379
1151
2378
2377
2261
1148
2427
2362
2367
2288
2281
2279
2320
2287
2440
2265
2245
2267
2248
2250
2244
2260
2266
1379
2394
2393
2251
2259
2262
2297
2299
2292
2460
2466
2484
1201
1202
1200
1209
1199
2307
2309
1208
1204
1198
1206
1194
3633
1217
1224
1221
3613
1218
1220
1219
1180
1167
1171
1211
2312
2329
2414
2418
2416
2420
2417
2425
2415
1373
1374
1372
1375
1370
1369
2409
2419
2436
2421
2426
2395
1147
1144
2429
2431
2280
2254
2316
1371
1354
1368
2384
2380
2382
2381
2383
2335
2246
2247
2302
2376
2301
2364
2366
2365
2486
2454
2371
1153
1152
1156
2311
2310
2318
2313
2333
2325
2328
1351
1352
1350
2358
145
2490
1409
2334
2375
2423
2422
2424
2435
1191
2283
1190
2282
2411
2428
2434
2315
1141
1145
1138
2430
2397
3222
4876
3220
3221
4880
4879
4873
4885
4875
4871
3219
3341
3342
3340
3349
3367
3338
4874
3339
3352
3348
3323
3370
3369
3366
3333
3337
3336
3260
3282
3264
3325
3280
3281
3286
3279
3261
3263
3267
3388
3318
3289
3324
3287
3334
3328
3335
3327
3326
3332
3301
3298
3303
3300
3296
3297
3357
3302
3293
3294
3295
3321
3375
3291
3292
3372
3374
3381
3380
3371
3299
3290
3317
3320
3382
3383
3384
3386
3385
3389
3283
3387
3288
3285
4886
4877
4878
4884
4872
4893
3322
2825
3368
3373
3379
3376
3378
3272
3278
3269
3271
3270
3377
3277
3275
3276
3268
3274
3273
4882
4883
4836
4881
4837
4835
3311
3312
3309
3306
3310
3315
3316
3313
3314
3364
3356
3360
3361
3359
3362
3363
3354
3358
3353
3262
3331
3330
3284
2886
2826
4867
4868
4862
4870
4866
4863
4859
4861
3355
3307
3308
3305
3365
3346
3345
3344
3351
3350
3343
3329
3223
3211
3214
3218
3140
4855
4894
4889
3319
3304
3265
3266
4869
3347
4668
4652
4663
4665
4669
4666
4650
4651
4662
4672
4674
4679
4613
4649
4696
1339
1565
4634
4468
4469
4467
4458
4456
4466
4684
4683
4748
4680
4708
4747
4741
4699
4712
4705
4682
4709
4737
4460
4461
4447
4464
4459
4408
4446
4445
4463
4453
4451
4407
4406
4394
4405
4437
4455
4648
4647
4444
4676
4678
4675
4677
864
4612
4639
4632
1653
1650
4462
4452
4692
4695
4722
4631
4717
4719
907
862
871
4393
4396
4404
4403
4401
4436
4434
4454
4450
4449
4685
4691
4397
4395
4432
4433
1299
1298
4673
4670
4655
4645
4671
4654
4644
4457
4646
4694
4439
4435
4478
4438
1340
1566
1341
4465
4448
4402
4400
4414
4689
4690
4687
4688
1395
1392
1396
1360
1391
1394
1382
1383
1356
1357
1355
1366
1353
1359
1362
1358
1361
1390
1407
1406
1408
1347
1346
1365
1364
2572
2838
2837
2839
2849
2836
2840
2852
3894
3867
3914
1872
3831
3883
3844
1871
3889
3891
3912
3893
3825
3870
3910
3908
3907
3859
3863
3854
3913
3835
3857
1866
1869
1876
2014
3824
3827
3826
3828
3830
3838
3829
3882
3885
3843
3840
3852
3842
3841
1870
3888
3890
3911
3892
141
143
142
140
139
144
166
153
121
123
122
160
120
119
154
159
127
118
117
1981
108
109
152
135
138
116
112
111
161
167
134
163
169
165
164
110
175
170
130
133
136
125
162
168
173
174
171
172
176
178
177
114
115
113
2274
3961
3935
3922
4021
3941
2293
2270
2273
2275
2277
2276
2278
277
276
280
278
279
311
1652
313
310
312
1644
1651
3936
2319
3927
3952
156
158
150
155
157
149
147
148
151
132
129
131
128
124
137
126
1987
1978
1979
2332
2337
2336
2626
2629
2625
2623
2624
2622
2636
2663
2639
2628
2565
2569
2564
2567
2568
2579
2563
2523
2566
2647
2648
2646
2650
2642
2643
2644
2660
2645
2649
2658
2551
2550
2553
2549
2561
2585
2559
2552
2587
2606
2610
2603
2607
2605
2609
2608
2599
2597
2593
2510
2600
2582
2602
2555
2557
2554
2560
2556
2577
2578
2540
2576
2562
2522
2525
2504
2526
2538
2539
2573
2575
2574
2542
2558
2517
2518
2503
2521
2513
2584
2516
2502
2519
2515
2520
2583
2616
2612
2618
2617
2621
2620
2619
2615
2641
2640
2653
2571
2581
2611
2614
2613
2659
2634
2651
2635
2631
2633
2630
2662
2661
2655
2652
2637
2638
2632
2657
2656
2541
2544
2598
2512
2596
2595
2501
2588
2589
2591
2592
2590
2508
2514
2627
2511
2509
2507
2506
2500
2546
2543
2537
2536
2528
2532
2534
2535
2527
2530
2531
2548
2594
2545
2547
2524
2601
3509
2654
2570
2505
2580
2529
2586
2533
2604
3466
3573
3507
3501
3505
1349
937
938
936
920
932
946
3244
922
933
935
919
3120
931
930
945
944
3243
3240
3193
3242
4727
921
4726
3187
4725
4723
3203
3128
3122
3124
3127
3186
3119
3185
3121
3239
3123
3126
3149
4707
3184
3202
3205
3201
3237
3234
3259
3227
3238
3236
934
929
913
943
838
928
926
3233
3232
3230
3231
3241
3257
3251
3255
3258
3198
3199
3191
3192
3197
3200
3190
3125
3229
3226
3256
917
918
915
916
3189
3188
912
914
3228
942
940
4706
3148
3146
3235
3253
3247
3252
3204
3208
4710
3182
3183
3151
3179
3147
3150
3156
3180
3145
3210
3174
3195
3206
3254
3160
3155
3224
3225
3957
3958
3959
3925
3982
3962
3960
3953
3923
3924
3930
3926
3928
3929
4001
3933
4000
3934
4020
3954
3921
3942
3950
3943
4010
4011
3947
3944
3951
3949
3946
3945
3948
4029
3995
3940
4009
3956
3998
4012
4024
4019
3999
4018
4023
4022
4027
4028
3996
3994
4025
3997
4017
3955
4006
3931
3963
4002
4008
3932
1643
1642
2321
2322
2324
2323
3965
3981
3979
3985
4013
3980
3978
3971
3964
3986
4015
3974
3977
3968
3969
3967
3970
3966
3938
3937
3939
4026
4004
4003
4005
4016
3983
4007
3993
3984
4014
3992
3989
3972
3973
3975
3976
3991
3990
3988
3987
1083
1084
1082
1089
1108
1091
1090
1088
1093
1092
1098
1130
1087
1163
1162
1166
1187
1165
1189
1183
1216
1182
1161
1179
1149
1227
1228
1174
1176
1154
1150
1158
1160
1159
1178
1157
1129
1126
1085
1086
1128
1127
1096
1169
1095
1100
1168
1094
1111
1132
1104
1109
1118
1106
1105
1107
1099
1140
1125
1115
1120
1101
1137
1124
1113
1133
1114
1119
1122
1102
1136
1135
1123
1110
1112
1134
1116
1121
1131
1229
1215
1188
1226
1177
1185
1214
1225
1146
1164
1142
1143
1223
1181
1097
1139
1103
1117
1172
1175
1205
1207
1155
1186
1173
3614
3684
3618
1184
3018
3020
3016
3012
3025
3017
3021
3015
3011
3026
3034
3019
3136
3144
3130
3134
3069
3215
3142
3143
3129
3133
3068
3213
3212
3104
3060
3076
3194
2857
3086
3111
3110
3106
3217
3114
3105
3216
4268
4267
4271
4266
4262
4252
4270
4247
4265
4254
4251
4069
4259
4260
4169
4082
4074
4080
4081
4031
4194
4068
4078
4073
2832
4079
4030
4038
4039
4195
4077
4076
4072
4075
2835
2829
2664
2831
2830
1313
1312
1311
1314
1309
1310
1317
1051
1053
1061
4121
1016
1050
4107
1264
1054
1069
999
1057
1060
4122
4120
1015
1023
1270
1049
1048
4109
1288
1276
1262
1258
1257
1253
1263
1261
1052
1071
1067
1062
1068
2802
2801
2793
4352
2800
2784
2791
2792
4347
2821
4307
4351
4348
2678
2799
2798
2797
4324
4326
4361
4342
4476
4323
1074
4415
4322
4316
4325
4319
4314
1070
2822
1081
1065
4282
2820
4388
1080
1079
1064
1077
4327
4329
4344
2868
4293
4380
4305
2795
4346
4308
4350
4328
4149
4151
4145
4150
4146
4359
4353
4360
4357
4358
4355
2896
2895
2899
2894
2913
2893
2880
2954
2897
4343
4341
2862
4377
4315
4340
4334
3103
3118
3100
3116
3096
3094
3154
3095
3117
3115
3102
3113
3097
3084
2727
3092
3099
3093
3059
3159
3152
3153
3082
3067
3083
3074
3065
3088
3058
2912
2953
2892
2898
2891
2914
3081
3036
3061
3063
3080
3073
3066
3101
3196
2951
2856
2855
3032
3054
3209
3207
4383
2872
2884
2876
2871
2888
2879
2873
2883
2875
2885
2887
2959
2952
2878
2877
2882
2881
3164
3158
3163
3157
3168
3162
4332
2861
4376
4313
4339
4335
2690
2688
2682
2697
2683
2701
2689
2681
2674
2695
2694
2716
2687
2746
2700
2709
2699
2702
2703
2669
2696
2684
2680
2673
4111
4112
4110
4099
1307
4095
4114
4126
4108
4137
4040
4098
1344
1303
1305
1306
4094
4091
4295
4113
4118
4125
1012
4138
4123
2931
2771
2712
2935
2915
2963
2924
2922
2933
2917
2934
2925
2928
2930
2772
2713
2936
2916
4232
4244
4231
4227
4238
4287
4285
4294
4290
1297
4292
4273
4241
4243
4226
4239
4286
4284
4283
4291
1296
4061
4280
4177
4048
4046
4274
1345
1066
4281
2667
2705
2671
2666
2704
2668
2670
2665
1063
4473
4475
4472
4474
4471
4255
4256
4304
3045
3044
3042
3046
3043
4235
4246
4236
4245
4253
4250
4272
4279
2960
2958
2937
2692
2807
2957
2956
2718
2941
2938
2962
2948
2691
2911
2805
2808
2803
2804
2809
2806
3139
3141
4857
4854
1323
1324
992
1322
991
994
1321
1327
337
1343
1342
3161
3057
3056
3055
3048
4147
4148
336
1863
1056
334
335
4173
4175
4172
4190
4178
4174
4157
4189
4186
4185
4062
4064
4210
4060
4059
4047
4063
2743
2742
2817
2783
2780
2782
2745
2747
4176
4192
4171
2994
3002
2999
3005
2744
3008
2993
3001
2997
2998
2965
2986
3031
3033
3004
3009
2992
2991
2777
2778
2741
2779
2734
2740
2739
4144
4116
4117
4106
4087
3089
3091
3090
4237
4240
4242
2827
2828
2818
2950
2961
2949
2947
2819
2824
2940
1319
1318
1337
1320
1335
1338
2711
2710
2693
2706
2698
2848
2672
2749
2834
2833
2759
2748
2751
1301
1302
1300
3181
3176
3178
3173
3175
3170
3177
3172
3169
4390
4389
4441
4356
4477
4124
4261
4392
4440
4442
2770
2790
2786
2769
2774
2768
2785
3138
3171
1002
986
990
1001
988
1000
993
2714
2717
2715
3037
3062
3064
2853
2867
2842
2823
2844
2781
2851
2996
2995
2753
2758
2763
2765
2752
987
989
972
2736
2735
2723
2737
2722
997
996
998
995
970
971
976
968
3085
3087
3135
2955
1058
1047
4366
4330
4362
2815
2816
2814
2813
2811
4398
4399
4421
4431
4420
4417
4419
4418
2730
4410
4413
4416
4428
4382
4381
4412
4386
4411
4385
2728
2726
2725
2729
3041
2945
2946
2944
3035
3040
3039
2943
4119
2841
2843
2787
2789
2788
2796
2794
2967
2971
2966
2990
2972
2973
2964
2976
2988
2989
2981
1037
1043
1046
1038
1040
1039
1042
1017
1045
3098
1073
1076
4321
4318
4320
4135
4132
4136
1059
1004
1055
4373
4372
4379
4299
4371
4378
4298
4370
1005
1006
1003
4208
4051
4056
4054
4058
4278
1332
4288
3053
3049
3052
4384
4368
4369
4367
4365
4289
1072
4159
4071
4213
4199
4201
4088
4156
4158
4170
4070
3131
3132
2987
3023
2983
2984
2980
3022
2982
2985
2978
1326
2686
2685
2679
1014
1021
1029
1293
1269
1266
1279
1336
1334
2732
2733
2870
2731
3165
4037
4258
4034
3050
3051
2724
4209
4387
4409
4032
4164
1078
1325
1316
1862
1858
2846
2850
2890
2889
1011
1009
1010
2847
2845
1295
3000
2865
2866
2854
2776
2773
2767
2775
4049
4045
4044
4354
4303
4345
4306
4349
3071
3072
3070
3075
4100
4097
2939
3166
3167
2920
2919
2918
2921
2708
2738
2812
3038
3030
3029
3024
3028
2864
2863
2858
3112
4301
4302
1304
1330
4311
4297
4310
1331
1329
2970
2869
1328
4363
4364
4211
4215
1033
1036
4249
4269
1075
4142
4143
4182
4092
3108
3107
3109
4140
4218
4191
4065
4066
4248
3003
2926
2923
2932
2927
2929
2905
2907
2900
2909
2908
2757
2766
2762
4196
4198
4200
4067
2721
4257
2720
2750
4234
4233
4181
4154
4180
4155
1013
3078
3079
4296
4309
4300
2677
4427
4426
4423
4391
4429
4430
4443
2860
2810
1022
1028
1027
1025
4331
3014
3013
4141
4139
4130
1292
4133
1281
1283
1282
1278
1287
1308
4131
1291
4212
4220
4277
4219
4206
4115
4202
4203
4204
4275
1248
1237
1273
1275
1259
1252
1256
1254
1260
1294
4229
4230
2761
2755
2760
2754
4153
1034
1035
4179
1285
1289
4096
4093
1277
1244
1243
1246
1242
1245
1239
4470
4042
4043
4041
4053
4052
4183
1031
1030
1032
1333
1249
1250
1251
1247
4090
4089
4084
4217
4222
4216
4221
4050
4033
4036
4167
4035
4168
4188
4193
4264
4263
4152
4161
3007
4160
3010
3006
2764
3027
4184
4101
4187
4102
4207
4205
4228
4225
4333
4338
4336
4337
3137
1044
1041
4197
4134
4127
4128
4276
1236
1241
1274
1286
2974
2975
1268
4163
1284
1271
1008
1007
2707
4375
4374
4223
4057
2942
4317
1290
1018
4086
1265
1267
1026
4224
4129
4425
4424
4312
1020
4162
4166
4214
4165
4055
1019
1235
1232
1234
1230
1231
1233
1240
1238
2756
2977
2979
1272
1255
1280
4103
3047
4085
4083
2719
2969
2968
2859
2906
2904
2910
2901
4422
4105
3077
1024
2902
2903
1315
2874
4104
2675
2676
4745
4746
4744
1607
1608
1671
1661
1606
1605
1599
1673
1674
1590
1591
1593
1601
1595
1596
1594
1597
1600
1459
1460
1458
885
1457
1621
1622
1619
1616
1620
1618
1626
1624
905
906
904
895
911
865
866
842
841
846
868
869
867
870
861
863
859
1598
1604
1632
1658
1602
1603
4611
4633
4638
4637
4643
4641
4642
4636
4615
1592
4640
4614
898
4621
4623
4629
4630
4628
1648
1641
1649
1656
1637
4617
896
897
899
317
318
319
900
901
320
903
881
879
927
1462
880
1461
1448
1468
1453
1454
321
1645
1646
1647
1639
1640
1676
1659
1655
1638
1614
1615
1613
1612
1636
1635
4714
4715
4713
4711
4716
4625
4627
4624
4618
4626
4616
874
882
875
872
876
817
873
878
884
883
860
759
1485
909
4619
4622
1611
1610
1609
1666
1669
1665
1668
1675
1657
1672
4733
4734
4735
4731
4732
4736
877
205
757
758
1484
234
662
4739
4740
4743
1633
1634
4729
4700
4703
4697
4698
325
902
1617
839
840
1664
1663
1662
1660
1670
1667
4701
4702
4704
1631
1630
4620
4681
4728
4742
4738
4730
3668
1654
323
322
309
324
910
1197
1193
1195
1196
851
890
845
848
4718
1447
1446
1475
1467
1456
1450
1452
924
925
709
738
708
741
737
735
730
710
340
341
342
350
1831
1707
326
339
333
345
348
349
3750
3866
3821
1868
3823
3865
3822
3872
3869
3868
3740
3742
3739
3777
3741
3785
3738
4549
4548
4610
4546
433
4567
4543
4547
4805
4600
4587
4608
4503
4536
4602
4596
4609
4544
4545
1834
1849
1835
1708
472
1847
1848
1853
1851
1758
1846
1833
1774
1829
1830
1826
1823
1756
4553
1878
3919
3920
3876
3915
3917
3918
3718
3909
3716
4605
4603
4604
4607
4606
4598
4597
4599
4812
4797
413
4794
4801
4809
4771
4788
4811
3805
3707
4589
4796
4795
4775
411
418
409
412
4778
4804
4800
4808
4760
4774
4770
4769
4763
4766
4762
4761
4767
4787
4810
3806
3705
3706
3704
3703
3711
3784
3807
3780
3702
3813
3715
3712
4591
4588
1727
1730
1728
1752
1711
489
1721
469
485
1726
1729
1741
1751
1754
1713
1710
1715
486
482
434
481
488
490
1720
1719
471
1832
1743
1740
2295
2290
2291
2294
425
426
424
420
429
397
431
432
423
419
404
427
428
4496
4495
4506
4494
4493
4492
4505
4517
4497
4504
4533
4508
4511
1860
394
381
393
376
332
378
354
379
380
392
390
396
395
969
952
957
985
979
975
966
967
1709
1845
1767
1747
1854
1749
1750
1748
1753
4563
4562
4559
4586
4560
4561
4566
4557
4558
4491
4585
4584
4595
4583
4579
4581
3768
3769
3763
3771
3767
3776
3720
3747
3745
3814
3779
3798
3749
3761
3759
3760
3762
4535
4532
4534
4527
4531
4529
4530
4526
4528
1779
1777
1780
1794
1778
1776
1796
1789
1799
1792
1793
1682
983
956
958
951
1828
1690
1695
1706
1697
1686
1681
982
981
984
328
338
4601
1742
1739
1744
1738
1864
1865
4488
4487
4489
4490
4485
4486
4569
3746
3744
4785
1875
3802
484
483
4793
410
357
415
416
417
385
384
386
364
383
382
361
374
362
363
391
389
375
1737
3793
3797
3795
3796
3811
3786
3788
3790
3794
3792
331
330
329
327
387
1806
1820
1788
1812
1805
1816
1814
1819
1783
1787
1785
1782
1811
1810
1804
1803
3819
3820
1867
1882
1873
1827
4564
4565
4541
4542
4806
3781
3783
3782
3878
3778
3808
3904
3901
3902
3903
356
359
353
355
358
414
377
3815
3812
3818
3803
3864
3873
3875
3874
3877
3755
3758
3754
3764
3756
3770
463
3753
441
3757
3752
479
497
475
476
478
473
477
492
501
500
496
474
1736
1733
1735
4507
4510
1838
1825
6
32
1813
1815
1818
3701
3699
3700
3710
344
343
421
422
402
403
3916
347
346
3906
3900
3717
430
1837
1822
1781
1824
7
31
29
4777
4772
4773
398
399
401
3743
4786
1874
3800
3801
3799
3766
3765
1879
1881
455
468
466
457
1712
1716
1717
1718
1714
491
495
493
504
507
499
438
494
3898
3905
3899
3896
3897
3804
3791
3837
3839
3836
3773
3774
3772
3775
464
4539
4540
4538
3858
3856
3861
3860
3862
3849
3855
3853
3832
3834
3833
2013
440
439
3751
1852
1850
1757
3735
3737
3736
3734
3723
3722
3719
445
451
443
453
444
456
458
462
459
454
467
465
505
442
448
450
452
435
437
436
460
461
1773
1843
1840
1746
1842
1844
1841
4783
4803
470
2015
2019
2016
2029
2020
2017
1945
1917
2026
2034
2028
4556
3809
3748
4784
4782
4779
4781
3895
1685
1683
1688
1684
1680
1687
1689
1691
1692
1694
1693
1700
1701
1698
1704
1705
1703
1702
1763
1772
1771
1759
1768
1770
1761
1760
1762
1857
1765
1764
1766
1769
1839
1745
1836
405
408
407
4594
4554
4551
4555
4593
4592
4590
4550
4479
4484
4480
400
1696
1861
480
487
4807
1859
4499
1725
1880
4768
4756
4755
4758
4757
4759
1723
1724
4802
4509
4792
4791
1731
1732
1734
1821
1755
4552
1877
4776
447
446
1926
1998
1887
1996
2018
3709
3708
4799
4798
3881
3880
3887
3879
3886
3810
388
4789
351
352
367
360
371
370
373
369
368
372
366
365
1722
3816
3871
506
502
3
2
4
5
4764
4754
4765
3713
3714
954
950
955
949
965
953
1798
948
3725
3726
3721
3724
4749
4750
4752
4751
3884
4516
4519
4515
4518
4520
1856
1855
4753
503
980
977
4525
4524
4523
1775
3787
4502
4500
4501
4498
449
4580
4582
1795
1790
1797
1791
963
961
962
959
960
1786
4537
1784
3817
33
34
36
1807
1808
16
17
18
21
22
23
14
15
0
1
1800
1801
8
9
10
24
25
26
964
947
4514
4513
4512
978
3846
3845
3847
3848
3850
3851
974
973
3729
3728
3732
3733
3789
27
28
11
12
13
4522
4521
4481
4482
4483
4780
1677
1679
1678
1699
4790
498
19
20
3727
3730
3731
4568
406
1817
1809
1802
30
35
2118
2158
2116
2117
2040
2157
2155
2154
2156
2167
2121
2219
107
96
84
106
104
95
97
83
85
105
2132
91
94
1483
98
641
647
637
639
643
631
628
646
648
638
640
644
642
629
630
624
598
627
626
625
545
634
645
562
2131
81
2130
2129
2141
80
82
2139
2144
2045
2124
3679
3680
3678
3597
3677
3676
3663
3672
3675
605
604
607
603
617
606
610
2179
2183
2182
2181
2202
2240
2241
2172
2091
2049
2178
2180
2059
2174
2173
2201
2200
2199
2195
2204
2242
2047
2236
2222
2123
2127
2044
2046
2237
2223
2122
2128
40
39
38
93
49
46
37
92
47
48
101
622
621
612
623
620
619
611
599
544
546
2217
2216
2235
2221
2231
2145
2234
2215
2218
2108
2232
2229
2226
2220
805
2107
2209
2208
2233
2227
2230
2238
2150
2143
100
2214
90
2082
2064
2081
2086
2050
2061
2069
2058
2193
2057
2062
2063
2138
2076
2079
2083
2084
2085
2192
2191
2053
2188
2190
2224
2225
2228
2052
2187
2184
2189
707
694
2126
739
3674
3673
3685
3671
3686
2043
2168
2094
2041
2042
2037
2164
2092
2093
2101
2097
2098
721
728
718
719
720
723
724
727
711
715
717
726
722
2112
2120
3612
3662
3605
3609
3606
3603
3604
3610
3608
99
3661
3664
567
568
572
566
565
543
571
569
563
580
636
633
632
2110
2115
2111
2113
2114
2119
45
42
44
3607
597
596
613
559
561
770
86
800
803
804
661
533
43
608
3641
522
532
41
609
3643
615
616
614
691
692
693
564
558
2048
3660
3659
3667
3665
3666
725
560
527
540
517
519
528
515
537
539
518
521
3640
536
531
2211
2210
2207
2205
2206
2239
712
695
2125
745
570
542
582
541
590
581
573
577
586
2068
2072
2060
2194
2055
2056
593
595
592
591
594
2149
2148
2162
2152
2147
2146
2160
2161
782
754
689
185
184
186
183
189
683
682
684
681
696
690
686
680
556
557
555
550
549
552
551
554
548
553
547
2212
3697
3698
3695
3658
3638
3630
3691
3696
3694
2074
2073
2075
2067
2065
2104
2106
2105
2165
799
798
797
801
796
3623
3625
3624
3622
3617
3626
714
713
2171
2170
3587
3589
3588
3586
102
103
2070
2071
2163
513
512
526
525
514
524
538
535
534
523
2039
2038
2036
2109
2035
2153
2151
2198
2197
2066
2133
589
588
587
2196
2177
2176
3596
3595
3592
3594
3591
3593
3651
3590
2169
3602
618
2203
2175
2054
576
575
574
2159
529
530
2100
2099
2103
2096
2102
2095
2087
2213
578
579
583
584
585
2186
2185
3681
3683
3682
716
79
3650
3647
3649
3611
3646
3657
3655
3652
511
509
510
601
602
600
635
508
3648
3654
516
3653
1628
3656
520
3515
3518
3516
3517
3514
3521
3523
3522
3525
3524
3511
3520
3519
3510
3459
3414
3439
3420
3419
3422
3418
3415
3417
3421
3528
3527
3526
3531
3549
3408
3530
3585
3543
3544
3546
3542
3541
3554
3536
3540
3545
3537
3534
3553
3550
3551
3529
3489
3392
3391
3467
3499
3390
3430
3464
3500
3431
3465
1941
2025
1937
3429
3428
3462
3512
3452
3447
3444
3454
3448
3450
3437
3463
3513
3578
3577
3576
3580
3461
3584
3575
3581
3411
3574
3493
3579
3583
3548
3535
3506
3567
3547
3410
3406
3407
3403
3413
3460
3533
3496
3532
3539
3568
3572
3469
3470
3570
3409
3571
3557
3468
3538
3508
3503
3504
3502
1348
3498
3497
3490
3495
3492
3494
3488
3481
3487
3486
3478
3477
3484
3483
3482
3475
3474
3556
3440
3436
3438
3442
3432
3435
3416
3566
3558
3563
3564
3562
3565
3560
3561
3552
3446
3476
3457
3427
3395
3453
3451
3449
3401
3441
3443
3393
3394
3405
3398
3404
3396
3445
3458
3402
3397
3569
3559
3399
3400
3555
3491
3426
3425
3424
3480
3485
3479
3412
3456
3455
3472
3473
3471
3582
3423
3433
3434
1563
1564
1576
1562
1554
1552
1553
1506
1557
1550
1491
1511
1505
298
297
295
316
294
1486
314
1487
1585
1586
1589
1582
1517
1519
1521
1518
1513
1528
1520
1568
1570
1573
1567
1569
1578
1572
1497
1494
1495
1583
1493
1492
1499
1496
1584
1525
1556
1555
1514
1551
1524
1526
1549
1488
1490
1489
1516
1546
1544
1545
1548
1543
1547
1523
1538
1522
1530
4573
4571
4578
1540
1536
1539
1531
1529
1542
1558
1587
1588
1577
1575
1507
1498
1508
1504
1532
1512
1503
1509
1510
1560
1561
1559
315
1527
1533
1535
1581
1579
1580
4574
4572
4575
4576
4570
293
1515
1537
1534
1541
4577
296
301
300
299
292
1571
1574
291
308
1500
1501
1502
1927
1929
1942
1928
1943
1944
1934
1939
1940
1914
1923
1925
1999
1997
1970
2008
1950
2004
2012
2011
1962
1963
1966
1964
1965
1977
1986
1961
1969
1933
1935
1938
2006
2007
2005
2003
2327
275
2326
270
272
274
264
265
257
263
260
256
254
255
253
305
290
302
307
146
1404
1400
1402
1401
1403
1399
1398
1397
284
282
281
283
289
287
1995
1916
2024
2022
2021
2023
266
249
273
2331
271
261
262
304
306
303
1898
1919
1913
1905
1980
1994
1915
1405
1380
1393
1890
1895
1888
1889
1893
1894
1891
1892
1897
2330
1931
1930
1932
1936
2033
2032
2031
2030
2027
1976
1975
1990
1974
1918
1921
1920
1922
1910
1911
1912
1908
1907
1909
1906
1903
1900
1899
1902
1901
1904
269
267
268
288
286
285
244
247
246
245
248
259
258
1896
1883
1884
1886
1885
1993
1992
1991
1924
1955
1948
1949
1947
1946
2002
1989
1988
1984
1985
1983
1982
1951
1952
1953
1954
1956
1957
1959
1958
1960
1967
1968
1972
1971
1973
2001
2000
2010
2009
252
251
250
4913
4910
4911
4912
4890
4916
4906
4940
4909
4922
4908
4915
4907
4845
4900
4897
4898
4892
4891
4888
4917
4933
4935
4939
4934
4932
4927
4931
4936
4929
4938
4926
4899
4840
4902
4896
4901
4844
4849
4843
4846
4895
4821
4847
4841
4848
4818
4905
4924
4822
4842
4824
4825
4814
4826
4819
4820
4838
4839
4834
4823
4930
4816
4832
4831
4827
4828
4830
4833
4817
4921
4903
4937
4904
4923
4925
4920
4914
4919
4928
4815
4813
4918
4829
4887
4865
4864
4852
4860
4858
4851
4850
4856
4853
2269
2268
2271
2272
795
790
649
802
791
774
219
751
789
650
652
815
821
892
816
813
814
823
809
810
192
820
891
894
658
656
655
657
671
214
654
779
778
776
777
772
775
762
763
765
243
194
241
220
242
197
193
181
240
239
222
196
1629
1480
1481
1482
1477
740
688
756
755
3670
771
769
768
852
854
856
853
794
773
218
830
831
829
827
832
834
828
855
833
826
785
784
787
783
786
788
182
667
668
761
767
766
666
669
734
729
888
889
887
229
230
226
231
227
753
752
793
837
836
835
760
764
221
225
223
224
701
704
736
700
706
703
732
733
843
844
847
850
180
195
187
188
228
217
677
659
651
673
676
674
653
744
742
743
750
731
697
687
699
698
685
672
675
59
58
60
55
748
53
56
54
57
64
746
747
705
51
52
702
212
211
216
749
87
78
89
65
213
179
822
233
210
235
200
232
204
201
207
209
203
206
71
69
1627
66
61
63
62
68
74
70
72
73
208
849
664
663
665
1424
1442
1445
670
781
807
808
806
812
811
77
237
236
679
678
190
191
780
923
858
199
198
819
238
660
88
908
886
893
1421
1432
1425
1423
215
818
1474
1410
1428
1466
76
202
67
50
825
1414
1418
1415
1417
1422
1420
1419
1441
1443
1444
1436
1429
1431
1430
1437
1434
1464
1416
1440
1465
1435
1455
1438
1439
1463
1471
1433
1473
1472
1469
1413
1411
1412
1449
1451
1470
1426
1427
792
75
824
857
1625
3599
3669
3598
3601
3600
3645
3644
3642
1623
3632
3631
3628
3637
3629
3636
3635
1478
1479
3639
3634
3690
3619
3621
3627
1192
1476
3688
3687
3689
3693
3692
3620
3616
3615
941
939
3246
1185
1094
1192
1184
1088
1093
1092
1095
1091
1134
1191
1122
1137
1165
1183
4032
3872
4031
4026
4030
3869
3871
4035
4029
4027
3940
3941
3939
3948
24
25
23
26
2306
2307
2298
2300
2294
2305
2303
2302
2296
2234
2259
2233
2260
2262
2258
2257
2232
2422
2424
2423
2427
2426
2373
2369
2428
2416
2425
2374
2372
2370
2389
2439
2429
2411
2418
2415
2417
2421
2413
2414
2336
2419
2420
2366
2261
2263
2267
2247
2256
2252
2264
2266
2246
2242
2265
2241
2327
2243
2328
2329
2324
2293
2236
2235
2231
2239
2400
2401
2404
2394
3308
3309
3311
3313
3307
3298
3345
3316
3315
3317
3310
3312
2273
2279
2274
2283
2278
2276
2275
2412
2410
2238
2237
2240
2387
2361
2392
2388
2390
1572
2271
2407
2408
2331
2406
2381
2409
2368
2320
2319
2321
2309
2316
2322
2317
2318
2314
2378
2379
2382
2377
2385
2444
2380
2376
2384
2383
2386
2365
2312
1303
2443
2437
1275
1332
1662
2364
2362
2363
2367
2313
2310
2375
2399
2281
2360
2255
2282
2359
2337
2358
2339
2335
1283
1278
1281
1282
1284
1196
2353
2371
2334
2403
2396
1585
2432
2402
2244
2299
2297
2287
2286
2311
2295
2291
2288
3314
2245
2249
2301
2290
2289
2391
2393
3306
2277
2280
2308
1302
1290
1301
1298
1296
2436
2438
1297
1293
1295
1291
180
909
1329
1277
1272
823
1271
1273
1274
1309
1327
1320
1661
2442
2435
2340
2344
2342
2346
2343
2351
2341
3325
3324
3321
3323
3322
3319
2357
2345
2356
2347
2352
2248
1201
1194
2250
2251
2395
2304
2325
3320
3339
3318
3354
3352
3350
3353
3351
3484
2284
2285
1574
2270
1573
2330
2332
2333
2315
2272
2268
1280
1279
1287
2440
2441
2434
2323
3499
3477
123
3333
3335
3334
2430
1364
2405
3488
3485
2269
2350
2348
2349
2355
183
2398
184
2397
2338
2253
2354
2326
1197
1224
1198
2254
2292
225
4524
232
226
4520
4519
4522
4515
4523
2566
231
2553
2558
2552
2551
2557
2556
2559
2548
2547
2550
2447
2574
2474
2560
2536
2554
2555
2466
2452
2465
2454
2451
2448
2449
2455
2464
2463
2471
2495
2573
2458
2453
2450
2534
2533
2531
2539
2532
2535
2587
2584
2586
2581
2582
2583
2589
2585
2567
2568
2579
2569
2493
2577
2578
2488
2491
2489
2490
2487
2580
2576
2572
2571
2497
2496
2498
2500
2499
2456
2457
2494
2459
2461
4516
4518
4517
4525
4521
4536
2575
2445
2473
2492
2475
2486
2479
2485
2478
2483
2482
2484
2480
2476
2467
2477
2481
2469
2468
4528
4529
4527
4542
4533
4526
2525
2526
2524
2530
2527
2518
2519
2520
2521
2599
2590
2596
2597
2593
2598
2595
2592
2594
2591
2462
2540
2538
2460
1410
2446
2564
2565
2517
2563
2505
2512
2513
2516
2588
2522
2523
2529
2561
2544
2543
2541
2545
2546
2542
2537
230
264
228
270
257
2507
4540
4541
2570
2528
2472
2470
2562
2549
1089
1133
1096
1086
1085
1087
1135
1132
1084
1099
1112
1131
1729
1116
1188
2982
539
1090
1105
1106
4116
1108
1110
1103
1162
1163
1166
1148
1178
1123
1155
1169
1140
1175
1147
1176
1156
4114
4115
4118
4107
4113
4105
4117
4120
4108
4109
4126
4104
4103
4071
4040
4102
4111
1113
1114
4119
1130
1128
1129
1127
475
1728
1641
1726
1690
1689
4106
4112
1190
1186
1120
1710
1145
1138
424
472
474
4070
4073
4039
4037
4036
4101
4122
4110
4125
4124
1164
1189
4068
4072
2966
4121
2965
2967
1111
1097
1109
1101
1098
1102
1100
1107
1115
1187
4096
4100
4093
4097
2981
540
2983
1104
4123
4038
389
4044
1179
1180
1181
1182
3294
3342
3293
3343
3341
3296
3297
3300
3331
3332
3344
3329
3338
3346
3349
3347
3348
3340
3486
3490
3487
3328
3330
3326
3327
4292
3280
3281
3258
3282
3256
3257
3250
4897
4873
4940
4901
4880
4882
4894
4899
4934
4912
4910
4895
4874
4927
4795
4739
4737
4938
4928
4924
4939
4819
4937
4904
4905
4908
4900
4872
4877
4876
4879
4875
4825
4878
4881
4889
4890
4891
4921
4893
4892
4898
4933
4911
4909
4896
1367
1368
1366
1365
1377
1363
1354
1369
1395
1394
1393
1387
1396
1398
1388
1386
1333
1397
1385
3409
1373
1374
1376
1370
1371
1380
1384
1382
1360
1355
1359
1361
1356
1352
1353
1381
1348
1344
1336
1342
1358
1334
1362
1357
1350
1349
1351
1343
1345
1346
1347
1379
1378
1383
1578
1589
1600
1524
1625
1615
3303
1577
1580
1583
1586
1584
1582
203
207
206
205
204
201
211
202
186
198
209
210
2431
2433
1514
1570
1391
1390
157
1392
1389
156
154
155
1375
1338
1339
1337
1340
1341
1372
1335
3405
3408
3406
126
3500
3501
4268
4265
4269
4266
4267
4276
4258
4284
4251
4261
4326
4324
4325
4330
4323
4296
4328
4332
4329
4246
4247
4242
4248
4238
4240
4241
4244
4239
4245
4282
4339
4341
4336
4340
4327
4352
4338
4335
4358
4372
4373
4375
4365
4371
4369
4368
4354
4356
4364
4214
4367
4289
4374
4317
4320
4318
4322
4319
4295
4301
4308
4300
4321
4331
4334
4220
4309
4307
4306
4297
4298
4299
4348
4337
4234
4235
4219
4229
4225
4232
4233
4218
4228
4227
4230
4231
4273
4264
4277
4275
4270
4272
4271
4274
4236
4237
4287
4291
4293
4263
4262
4259
4243
4256
4288
4257
4255
4253
4254
4285
4283
4280
4286
4250
4249
4252
4278
4281
4349
4347
4353
4215
4355
4351
4216
4361
4362
4360
4363
4359
4224
4226
4260
4212
4213
4223
4222
4217
4344
4346
4310
4316
4311
4305
4313
4315
4312
4303
4304
4343
4350
4345
4342
4333
4366
3807
4279
4290
4221
4294
4302
4357
4314
4370
3782
3821
3805
3774
3802
3337
69
64
70
68
61
54
57
63
58
81
67
47
60
59
53
55
56
52
94
22
40
62
41
38
39
1121
104
50
46
45
51
37
48
304
49
19
44
43
33
66
305
303
311
103
17
21
31
13
18
16
80
79
90
75
77
463
83
20
11
14
12
32
3
28
10
2
99
101
95
93
100
102
98
42
1
8
4
92
87
88
86
97
96
91
89
0
74
73
65
34
35
15
29
30
6
310
316
1177
306
307
370
308
371
369
373
309
36
322
312
216
314
9
374
372
7
5
1555
1528
1554
1527
1547
1553
1588
1587
1526
1525
1513
1595
1512
1571
1596
1548
1594
1599
1635
1592
1523
1616
1562
1561
1560
1559
1563
1568
1566
1565
1567
1569
1564
1633
1621
1620
1557
1590
1516
1519
1627
1634
1517
1623
1626
1629
1631
1632
1622
1614
1628
1515
1624
1591
1593
1549
1552
1597
1602
1551
1550
208
3475
3474
3478
3476
1544
1546
1542
1608
1520
1543
1539
1533
1545
1609
1522
1541
1537
1532
1534
1531
1530
1529
1619
1618
1617
1630
1558
1598
1556
1521
1606
1601
1613
1607
1518
1604
1612
1540
1538
1535
1536
1605
1603
1611
1610
1203
1204
1202
1208
1257
1229
1226
1228
1227
1220
1231
1209
1207
1312
1311
1310
1266
1223
1268
1324
1270
1264
1307
1305
1300
1316
1314
1318
1319
1308
1299
1288
1306
1286
1304
1289
1211
1243
1206
1205
1210
1242
1215
1221
1217
1219
1328
1216
1251
1244
1248
1249
1260
1256
1254
1255
1218
1199
1237
1239
1262
1246
1232
1235
1253
1240
1238
1261
1213
1247
1233
1234
1236
1250
1252
1241
1258
1212
1214
1323
1331
1267
1315
1313
1326
1330
1269
1225
1222
1193
1195
1276
1265
1230
1200
1245
1259
1321
1322
1292
1294
1285
1263
1317
822
821
830
1325
3091
3092
3090
3099
3089
3085
3087
3102
3100
3088
3155
3086
265
261
252
331
266
357
259
260
253
330
267
227
229
356
355
365
218
234
345
272
271
273
269
344
291
268
2648
2647
2646
2662
2651
2656
2645
2665
2661
2655
2643
2726
2718
2649
2757
2727
2706
2728
2730
2715
2773
2725
2724
2705
3190
2729
2714
2717
2711
2774
2722
2723
2756
2704
3255
3191
3186
3189
3188
2914
2913
2918
2907
2911
2919
2906
2936
2945
2942
2937
2844
2813
3036
2933
2946
3010
2956
2943
2941
2940
2939
2843
2845
2898
2811
2812
3035
2877
2890
2932
2885
2927
2934
2929
2931
2947
3020
3008
2979
3009
3276
3275
3274
4211
3278
3265
3272
3273
4206
3011
4199
4210
4207
1500
3277
3279
4131
4153
4169
4185
4170
4090
4168
2998
4054
4165
4160
4167
4163
4174
3019
3021
3018
3006
2802
3016
213
3017
3002
3005
3003
4202
4201
4205
239
4145
4132
4189
237
4204
4198
4209
4200
2745
2743
2746
2744
2747
4182
4079
4184
4183
4181
4078
1422
1421
1423
1420
1433
1432
1416
1403
1424
4175
4158
411
4133
4173
4155
4150
354
348
363
339
349
337
385
350
347
338
364
341
351
333
4047
294
352
336
343
383
388
384
368
300
366
251
298
346
342
1425
1430
1431
1426
1429
1464
367
302
3121
296
359
250
299
362
217
1480
233
235
3153
320
321
315
221
1406
1405
1412
1411
1408
1400
1417
1415
1418
1409
1407
1402
1404
1401
1399
1413
1414
379
382
378
381
387
376
4159
410
4127
4172
4154
4151
1511
1509
1507
3198
1504
3203
3291
1508
1510
3292
1495
1472
1506
3247
3289
3288
3210
3204
3199
3192
3197
1505
1496
3261
3041
3063
3034
3040
2974
3046
3064
3061
3033
3077
2805
3043
2973
2971
2976
2972
3047
3044
2605
3062
3052
3060
2846
3059
4092
1444
3235
1450
1468
1457
1487
1441
1434
1466
1439
1467
1443
1447
1446
3236
1449
1469
1458
2630
2612
2611
2625
2629
2607
2610
2604
2603
2619
4144
2688
2616
2614
2626
2628
2606
2609
2608
2602
2618
2804
2803
2707
2797
2761
2689
2980
3007
2801
3202
3201
3194
3187
3200
3195
3193
3196
3004
4083
4085
4084
4086
4082
2690
2691
4188
279
280
278
277
284
2666
2663
2667
2664
2654
2642
2669
2673
1492
1489
1473
1494
3183
1488
1491
1474
1485
1483
1482
1478
1493
1463
3185
3181
3179
3180
3182
3184
256
258
2509
2511
2920
2922
2921
2924
2901
2954
2923
2910
2984
2985
2992
375
287
286
285
283
2752
2751
1936
4610
2952
1927
1935
2697
2696
2694
2698
2753
2695
2750
2768
2693
2692
2678
2799
2674
2686
2684
2800
2798
3246
3245
3133
3242
3237
3263
3244
3243
2708
2790
2783
3107
3111
3118
3110
3103
3097
3106
3113
3116
3117
3164
3166
3148
3154
3109
3098
3105
3104
407
409
405
408
404
406
394
3057
3053
3051
3049
3022
293
292
295
2668
2615
2613
3013
3014
3015
1479
1481
1477
3124
3012
3251
1486
2915
2916
2987
2917
2988
2986
3286
3287
3290
3283
3211
3173
3260
3262
3253
3254
3225
3259
3216
2970
2969
2968
327
326
328
325
313
324
329
317
323
4095
4094
4099
4088
4089
4091
2650
4067
4087
4098
3232
3271
3268
3241
3233
3231
3269
263
318
2960
2900
2899
2961
2903
2964
2953
1476
1475
1471
301
3120
297
245
238
3140
3252
3177
3264
3248
3115
3114
3218
3227
3219
3214
3217
2902
3602
3601
395
396
391
397
390
2957
2959
2955
2958
3600
3603
3580
3607
335
334
332
1490
2944
2831
4134
4157
4177
3134
3240
3138
3135
3137
4069
4065
4051
4075
4053
4064
4052
4063
4050
4043
4041
4055
4062
220
219
224
222
223
214
4048
4045
4046
4049
3131
3122
3123
3125
3132
3130
3127
3126
2938
3139
3178
3270
3267
3266
4130
236
3156
3161
3163
3143
3160
3162
3165
3146
3147
3142
3141
2828
2823
2816
2829
2827
2826
2817
2854
2815
353
2996
3000
4166
4162
4164
3079
3074
3076
2950
2948
2951
4143
4146
4141
4139
4138
4142
4140
4137
2949
2963
2962
2675
2775
2687
2685
2679
2670
2993
2601
319
274
281
215
4135
4136
4180
4179
2600
2997
2760
2755
2703
2770
2780
3023
2731
2759
2758
2754
254
255
3167
3150
3168
3170
3169
3149
3172
3171
3206
2909
1502
1503
1497
2847
2849
2838
2887
2878
2834
2897
2989
2991
399
403
241
398
377
2716
2709
2721
275
276
392
2676
212
4042
2712
2738
3001
2908
2905
4611
4631
3176
3249
1427
1428
2807
2806
2808
3174
3175
2617
3112
243
242
244
3239
3234
3230
3238
2778
2793
2792
4080
4191
4203
4197
4208
246
248
247
249
3039
3042
1484
380
386
1438
1437
1440
1436
3285
393
3129
3128
3152
3084
3151
3082
413
412
402
340
4190
4187
2975
2994
4192
4196
4193
2995
2977
3159
240
2978
4178
4176
2702
2700
2820
2830
2653
2644
2999
3056
3058
2786
3045
289
290
288
3081
2784
2791
2777
2781
2652
3108
1442
1435
1465
1448
1445
1452
1459
1455
1460
1461
3228
3215
3223
2772
2765
2779
2782
3212
2710
3209
3208
2658
2657
2748
2732
2749
2733
2848
361
358
4195
4194
4186
1499
4056
4060
4057
4066
4077
4076
4074
401
3136
2850
2835
2836
2840
4156
3101
3096
3055
3080
3072
3065
3075
2884
2882
2883
2881
2833
2912
3073
3068
2701
2641
2631
2640
2639
3054
2671
2672
2637
2633
2874
2876
2892
2891
2886
2928
2926
2935
2930
2623
2622
2624
3222
3221
3224
3220
2742
2824
2825
2785
2888
3066
3048
3050
2880
2863
2862
2873
2861
2872
2869
4081
2796
2794
2795
2682
2683
2787
2821
2822
2819
2990
2864
2865
2866
2867
3038
3037
3027
2766
2763
2764
2762
2776
2713
2719
2635
2720
2634
2769
2788
2660
2659
2741
2740
3094
2739
3095
3093
3213
3083
2789
3031
2767
3030
2636
2638
2627
2621
4152
4149
4148
4147
262
2814
2818
2771
3078
3069
3070
2632
2875
2871
2893
2832
3145
3144
2879
2736
2889
2894
2810
2809
3284
4129
4128
2677
2680
3119
4161
3067
2853
3025
2842
2841
2837
2620
3071
4059
4061
4171
2852
2737
2735
2699
2734
2681
2851
2858
2860
2857
2855
2859
2856
2870
2868
3226
3229
3205
2895
2925
2896
3032
282
3024
3026
3207
3158
3157
400
1451
1456
1462
1454
4058
3028
360
2839
1470
1453
2904
1419
3029
1501
1498
1118
1117
1119
1694
1695
1707
1702
1697
1696
1665
1698
1682
1693
1691
1647
1668
1645
1667
1646
1673
1666
716
715
718
483
717
1762
1764
1761
1737
1763
428
1757
1760
423
422
417
418
448
477
476
447
446
508
470
469
471
468
486
473
484
1672
1671
1654
1686
1670
1669
1727
1642
1638
1643
1639
1637
1640
1644
1720
1692
1636
1718
419
1712
1716
1709
1711
1708
1660
1664
1688
1681
1700
1717
420
421
415
192
194
193
414
416
190
426
464
467
462
720
466
719
721
724
663
666
191
1657
1658
1659
1663
1648
1685
1687
1680
1653
1736
1735
1734
1733
1652
1651
1141
1144
1142
1139
1143
1714
1721
1715
1722
1723
1719
459
465
461
458
460
454
457
456
482
481
485
479
480
449
1725
1724
1732
1731
1730
1674
1678
1675
1676
1684
1683
1699
1149
1150
1160
1151
1152
1161
455
438
820
478
2203
429
758
1154
1153
1158
1649
1650
1126
1170
1173
1167
1168
187
425
427
76
78
1704
1703
1705
1701
1706
1677
1172
1171
1174
1655
1656
1713
1146
1124
1159
1157
1125
812
1679
189
188
185
177
497
178
182
179
176
531
492
510
505
1136
722
668
693
723
665
660
662
85
82
2204
2116
2205
2122
2117
2114
2118
2206
1928
1929
1924
1917
4732
4613
1923
1914
1926
1913
1910
1916
4866
4771
4868
4871
4738
4773
4827
4932
4926
4925
4744
4743
4741
4752
4742
4766
4740
2033
2035
2029
2032
1870
2060
1987
2034
2011
2003
2018
2082
1961
1976
2022
2051
2028
2031
2030
4733
4651
4736
4597
4469
4650
4727
4646
4647
4643
4649
4735
4711
4728
4731
3648
4716
4661
4713
4626
4840
4841
4748
4842
4844
4832
4833
4794
4839
2027
2026
2025
2024
2023
2005
2004
2002
2096
2089
1857
2090
2069
2008
2099
2095
2067
4808
4757
2020
2088
2091
2084
1859
1861
1865
1856
1999
2017
2071
2009
1994
2083
2098
2105
2097
2103
2100
2101
2102
2094
2066
4810
4756
4758
4765
4764
4838
4770
4767
4775
4763
4822
4836
4837
2050
2019
4703
4705
4704
4662
4600
4401
4707
4423
4634
4702
4701
4700
4667
4664
4595
4599
4591
4635
4402
4409
4400
4390
4386
4706
4689
4425
4734
4698
4699
3302
3305
3304
3301
1867
1868
1866
1907
1880
1875
1872
1869
1901
1903
1906
1878
1879
1955
1953
1962
1954
1952
1951
1964
1966
1945
1963
1977
1959
1960
4630
1877
1884
1876
1892
1925
1886
1836
1883
1882
1894
1888
1874
1873
3599
3575
3598
3587
3583
3590
3608
3606
4598
4684
4673
4665
4644
4668
4669
4666
4663
2037
2006
2064
2040
2036
2065
2063
2062
2061
603
2039
2007
2038
2001
612
624
4857
4449
4862
4455
4448
4465
4436
4864
4865
4774
4776
4830
4855
4860
4858
4861
4859
1975
1982
1974
1984
1981
1980
1978
1983
1979
3550
4710
3551
3548
3549
4708
3564
3565
3568
3562
3547
4717
3588
3579
3576
3574
4730
4617
4623
4609
4615
4724
4718
3589
3585
3586
1922
1915
2021
4697
4696
4694
4695
4903
4902
606
622
605
604
621
623
608
4863
4854
4850
4907
4781
4633
4632
2092
1858
1840
1863
1860
1881
1895
1899
1896
1839
1897
1898
1833
1852
1837
1838
1893
1889
1891
1939
4798
4805
4800
4803
4814
4804
4807
4801
4799
4802
1920
1918
1919
1921
1890
3541
3542
3556
3540
3532
3546
3543
4675
3559
3555
3553
3558
3539
3538
3531
3534
4867
4869
4870
4628
1934
4729
2059
2058
1985
1986
2012
4768
4762
4769
4746
4751
4812
4793
4783
4784
4782
1841
1835
1844
1842
1834
1862
1885
4820
4821
4829
4796
4772
4750
4747
4749
4745
4457
4452
4456
4445
4450
4453
4454
4461
4408
4451
4459
4398
4392
4394
4396
4379
4395
4397
4388
4460
4380
4391
4393
1933
1931
1938
1958
1957
4677
3647
3643
3610
3545
3544
4676
4755
4754
4753
4759
1912
1911
1902
1900
1904
1905
4843
1908
1909
4792
4786
4831
1871
4679
4715
3557
3646
3644
3609
3611
2000
2080
2081
1827
1828
1826
4853
4849
4906
4780
4777
4779
4446
4447
4625
2014
4471
4420
4468
4477
4596
4594
4593
4592
4590
4387
4384
4385
4377
4404
4382
4410
4383
4790
4791
4785
4788
4789
4809
4811
4823
4826
4824
4463
4466
4462
4464
4484
1990
1991
1989
4935
4936
4930
4929
4913
4918
4922
4923
4816
4818
4817
3525
4406
4407
4458
4645
4648
4642
4432
4433
4434
4443
4442
4441
4435
4474
4411
4473
4413
4475
4476
4480
4483
4481
4470
4419
4467
4405
4472
4416
4418
4412
4478
4479
4482
4421
4422
4655
4682
4693
4691
4681
4680
4683
4845
2016
4424
3496
3495
3497
3498
3528
3493
3505
3516
3511
3483
3492
2042
4815
4856
4852
4846
4851
4848
4787
4726
4723
4618
4725
4720
4619
4616
4621
4622
4624
4620
4603
4604
4601
4607
4608
4606
4605
4659
4653
4654
4652
4638
4637
4657
4658
4656
4641
4670
4671
4672
4636
4692
4690
4678
1829
1864
1830
2047
2045
2043
2041
2046
2048
2049
2044
2052
2056
2053
1825
4614
4612
4399
4389
2010
4629
1947
4688
2013
2104
1996
1997
1992
1995
1993
4686
4687
2015
1956
2093
2085
1930
1932
1937
4714
4660
4712
4627
1998
4415
4414
3466
3527
3430
3414
3494
4760
4761
2072
2070
4883
4885
4887
4884
4886
4813
1887
2086
1843
1845
1854
1832
1851
1850
1848
1846
1847
1849
1855
1853
4685
4828
4931
4403
4378
3638
3639
3637
3640
2079
2076
2068
4834
4835
3571
3578
3570
3577
3605
3569
3567
3573
4438
4439
4440
4437
2074
2073
2078
2077
4888
1965
1969
1972
1968
1967
4640
4639
2075
4376
3584
3582
1943
1944
1942
4709
4806
1950
1948
1949
1946
4417
615
625
3563
3560
3566
3561
3596
3595
3597
3594
3593
3554
1988
3552
4778
3623
3626
3625
3536
3537
3628
3627
3629
3618
3619
3620
3630
3631
3641
3642
3529
3530
3633
3634
3632
3615
3614
3621
3604
3572
1973
1971
1970
3581
4914
4915
4916
4920
4917
4919
3591
3592
4428
4427
4430
4444
4797
3613
3612
3635
3636
3645
1941
1940
2055
2054
2057
4847
4722
4719
4721
4602
2087
4381
3616
3617
4426
4429
4431
609
1831
4674
3535
3533
3622
3624
4012
4001
4011
3989
4006
3999
4000
3856
4002
3865
4010
3990
1790
1791
1813
1789
1784
1793
1765
1819
1814
1785
1824
1795
1792
1766
1780
985
984
995
992
1007
989
981
983
1002
996
997
1005
1006
988
987
1061
982
979
980
978
1012
991
1004
1003
1815
1818
1821
1822
1823
1817
1820
4034
3847
3960
2227
837
838
836
867
835
847
839
878
846
1067
1068
1066
971
1075
1065
972
3907
3910
3909
3902
3889
3920
3918
3906
4013
3901
3899
3908
3895
3912
3913
3888
3887
3873
3891
3970
3919
3961
3915
3964
4009
2229
3959
3962
3916
3963
4008
2230
1805
1804
1807
1806
1810
1811
1803
1794
1808
1809
1786
1059
1062
1074
1060
1058
1064
1073
1083
1011
1043
1015
1014
3985
3988
3986
3846
3991
1800
1013
3976
3981
3983
3968
3987
784
3975
3978
3977
3982
3965
3984
3914
3850
3848
1798
1799
1796
3942
3958
3929
3937
3947
3955
3922
3894
3893
3953
3957
3956
4033
3933
3938
3934
3936
3935
3881
3880
3951
3883
3879
3969
3967
3966
3950
3882
3886
3878
2210
2170
2228
2125
880
879
890
881
889
3946
3866
4016
3943
3944
3945
3868
4014
4015
4023
4017
4020
2214
2208
2225
2212
2213
2217
2215
2207
2211
2222
2224
2218
2216
3993
3876
876
877
871
875
874
870
872
855
873
1797
840
953
1056
1008
1057
1009
1029
1010
1055
1030
1027
1051
993
990
986
3992
3997
3995
3996
3998
3877
968
969
967
1754
1077
1076
1071
1026
949
1000
1812
786
782
783
759
935
970
955
960
947
936
966
956
962
1069
1070
1072
2186
2187
2185
1028
1025
3900
842
841
954
952
888
2219
948
931
918
944
942
930
919
917
915
946
943
951
933
938
3980
3979
3974
3972
3973
3917
2209
2171
2226
2124
1038
1037
1041
1036
1044
1042
1032
1048
1054
3921
3925
3896
3892
3954
3952
1080
1081
1078
1079
1082
3849
3860
3854
3857
3845
3859
3852
3853
789
811
2169
2194
2193
2195
2196
2192
2176
2178
2179
2177
2182
2184
2189
2181
1021
1022
1020
1019
1018
1016
1017
1039
1023
1040
1024
1801
901
902
900
883
965
903
897
896
898
3932
3931
3930
3928
3926
3862
3863
3864
3861
805
804
803
785
780
832
834
833
825
831
911
2221
2220
3903
3905
849
850
851
848
1787
1788
3923
3924
3867
926
925
937
927
920
929
916
934
932
928
4007
4005
4004
3994
4003
3855
3858
3875
3874
3927
3870
1045
1047
1046
3890
3898
3897
868
866
864
865
863
861
859
862
3904
869
1063
3971
3911
3949
1034
1035
1033
3851
939
940
4025
4024
4022
4019
4021
4018
4028
1802
1049
1050
1052
1053
1031
3885
3884
844
845
843
2223
1816
853
857
852
854
858
882
884
860
921
924
922
958
959
957
994
923
856
886
945
885
1756
887
941
3695
3684
3694
3685
3683
3693
3690
3740
3689
3688
3687
3691
3692
3686
3744
3674
3723
3677
3676
3671
3675
3673
3672
3670
3796
3795
3797
3794
3799
3758
3793
3770
3808
3809
3817
3811
3810
3814
3790
3823
3816
3829
3787
3815
3812
3813
3792
3712
3780
3781
3783
3778
3772
3777
3785
3779
3773
3784
3502
3510
3440
3775
3776
3767
3681
3736
3741
3734
3678
3743
3738
3720
3730
3682
3654
3653
3715
3650
3766
3771
3717
3769
3754
3716
3718
3649
3652
3789
3791
3804
3844
3798
3757
3759
3752
3768
3755
3765
3788
3659
3786
3824
3833
3826
3819
3820
3834
3756
3825
3831
3818
3822
3806
3801
3803
3800
3336
3658
3657
3660
3655
3661
3656
3705
3701
3706
3704
3714
3708
3711
3710
3700
3709
3699
3828
3727
3721
3722
3726
3724
3725
3662
3842
3837
3841
3832
3838
3843
3836
3840
3830
3735
3707
3732
3664
3751
3737
3739
3742
3764
3728
3729
3748
3747
3750
3746
3760
3749
3733
3731
3761
3745
3835
3839
3762
3763
3827
3719
3663
3665
3667
3702
3703
3713
3753
3680
3679
3697
3698
3696
3651
3666
3669
3668
545
546
544
541
594
593
590
647
592
597
589
646
641
167
168
169
197
170
196
200
195
559
560
558
561
655
656
658
607
643
580
657
547
542
549
543
551
556
548
569
572
566
568
562
571
650
567
570
583
591
595
654
598
582
581
596
588
586
587
653
602
599
601
584
600
585
627
626
628
635
613
611
616
574
576
573
637
636
633
535
557
554
555
552
648
651
649
640
638
642
631
644
645
538
537
536
199
579
639
578
564
565
563
618
614
619
620
610
166
652
575
577
634
617
165
172
174
171
175
553
550
173
162
629
630
632
3460
3461
3506
3459
3504
3503
3519
3508
3509
3467
3465
3458
3381
3526
3396
3380
3375
3386
3524
3523
3397
3398
3395
3393
3394
3365
3369
3403
3391
3515
3520
3507
3383
3384
3382
3385
122
119
121
120
117
118
127
128
139
133
129
137
138
136
142
161
143
158
164
153
3421
3422
3419
3423
3420
3417
3418
3416
151
152
150
149
144
147
3415
3518
3472
3473
3471
3470
111
110
115
125
116
134
132
159
163
160
3432
3468
3451
3447
3407
3413
3517
3489
3299
3295
3425
3437
3424
3426
3435
3436
3434
3433
3439
124
3514
3513
3512
3441
3482
3481
3480
3479
3491
3366
3367
3356
3361
3469
3463
3464
3462
3455
3449
3450
3456
3453
3452
3454
3444
3442
3443
3448
3446
3445
113
114
112
148
146
145
105
106
109
108
107
130
131
3438
3427
3431
3428
3429
3410
3412
3411
3457
3378
3374
3373
3371
3372
3389
3357
3355
3363
3368
3362
3364
3376
3377
3379
3370
3399
3404
3400
3402
3401
3390
3392
3360
3359
3358
3387
3388
3521
3522
135
141
140
4560
4563
4561
4559
4534
4556
4575
4579
4562
4514
4565
4558
4564
4566
4547
4554
4553
4537
4535
4539
4555
4570
4571
4583
4568
4569
4567
4513
4581
4511
4582
4588
4546
4531
4552
4551
4548
4549
4543
4500
4572
4550
4509
4545
4498
4544
4502
4578
4589
4506
4499
4504
4505
4587
4490
4508
4507
4532
4530
4492
4503
4512
4493
4495
4497
4496
4487
4489
4491
4501
4574
4577
4580
4576
4584
4585
4573
4557
4485
4510
4494
4586
4486
4488
4538
2504
2506
2501
2514
2515
2502
2503
2508
2510
1576
1575
1581
1579
778
777
750
781
800
801
779
776
794
751
748
452
2160
491
453
450
451
2157
2150
2154
2162
2147
490
489
757
755
753
756
761
732
754
975
973
976
974
998
977
738
739
741
2201
2199
504
2202
2165
2164
2200
2197
503
502
810
2166
1779
816
1767
1768
1753
2123
2168
819
818
813
999
1001
744
532
533
534
530
799
802
728
518
519
517
516
524
526
515
529
523
522
798
797
796
790
795
793
2198
767
768
745
743
742
773
769
2113
2119
495
487
493
736
735
737
430
733
2142
2143
787
525
513
514
746
740
809
808
807
806
2111
2110
2112
2174
2109
2107
2121
2115
511
512
509
507
2158
2163
2191
2188
734
727
763
749
747
765
762
764
752
2127
2126
2140
2144
2120
2183
2167
2173
2172
2190
766
771
1739
2136
1738
2135
2138
2130
2134
2128
2133
1747
2139
2137
2108
2132
2129
2106
729
730
726
2141
1783
1777
1782
1742
731
2159
2156
431
434
498
444
432
437
439
443
436
441
442
1778
1770
1755
1743
1746
1744
1745
1741
1772
1769
1771
1773
435
506
775
774
772
710
667
669
770
792
2149
2151
2148
2153
2152
1776
500
499
2175
2180
2161
2155
791
84
528
445
433
2145
501
760
1781
496
494
488
704
708
712
709
725
2146
691
686
713
688
1775
440
1740
2131
521
698
699
700
697
703
702
701
672
671
670
682
706
705
707
679
676
680
696
678
687
674
664
673
677
681
689
675
690
692
694
685
684
683
659
661
695
711
714
788
1774
520
527
1758
1751
814
1748
1749
1750
964
963
961
1759
904
914
906
913
907
908
905
815
817
950
910
893
826
824
912
181
1752
892
895
891
894
899
827
829
828
72
71
27
