1090
3741
3353
2181
1242
2209
1091
1930
365
648
608
2413
152
388
2568
1532
3717
2419
2180
1172
1450
278
839
617
967
44
534
1912
1173
2185
1494
2203
619
2443
2756
709
2185
1262
568
989
1184
2931
428
2894
240
3062
3505
2847
3454
3375
1277
1959
240
3650
273
1502
2559
1261
2886
2948
1057
1446
1498
1977
80
1372
2204
1298
977
188
984
1625
62
1921
655
3013
1877
2700
2029
2642
1266
1402
308
1092
2103
1293
1222
3722
984
3195
823
993
671
269
3880
608
470
3272
1304
1961
3410
571
1311
1665
3264
932
924
138
294
271
672
1252
1718
807
517
275
817
1790
279
2390
1489
2059
1527
701
1142
2525
1358
1334
1924
2260
2298
1273
135
1515
6
826
590
3108
985
1245
1631
563
882
688
176
666
62
259
2893
361
103
297
1933
1069
2194
98
585
1455
1594
319
296
1641
1333
2442
691
156
641
444
2249
353
1597
889
916
1625
909
266
193
2329
987
2147
2162
2795
3201
847
50
509
1085
623
2136
2550
854
1529
648
1424
77
1726
1073
1021
1780
1126
93
1502
2580
2481
881
979
1926
1363
916
1347
1649
99
814
1482
2360
261
351
810
1700
2733
1200
797
218
1251
1807
1550
1160
90
7
2403
2994
1508
1161
2493
1332
110
868
1717
500
1486
2851
180
2715
812
769
1387
207
2535
737
2458
1207
1903
14
21
3327
2679
1946
1889
43
575
717
292
142
349
615
924
188
1427
778
309
163
1112
1147
747
1980
2144
1239
2259
2205
877
3916
1890
1910
3412
3866
1212
3039
2535
590
95
1193
4014
50
1846
3473
3926
1314
20
1522
1006
698
295
854
986
3281
3125
3423
2654
403
2251
2742
774
2386
151
50
491
2050
1477
1329
1377
356
889
148
724
632
101
2235
533
101
1356
573
2048
1914
1441
909
1475
700
336
2726
1383
374
2175
134
473
532
2390
1441
1207
813
206
2268
2349
2518
2686
1668
20
2254
3790
394
778
1413
1172
983
32
1210
2474
466
81
3657
3738
1723
1227
1201
823
867
377
1204
3191
708
2546
856
2313
3420
404
1604
2454
2068
3
409
2050
751
2564
850
2549
2521
1197
576
1581
412
1703
1464
594
298
239
1405
761
409
969
870
1937
2166
323
971
983
931
1954
669
2697
3061
1914
1285
2148
3162
2748
954
735
989
31
1516
3702
43
3737
2608
3016
219
766
2308
1020
3064
1368
2044
2340
422
2138
1955
1231
1935
1716
3030
1375
809
183
534
1201
2002
717
319
1295
20
704
1611
1590
327
3016
2616
1473
1572
1979
2252
246
1426
662
793
183
2689
1917
2289
761
772
3207
1143
99
407
273
131
2336
538
240
1541
1798
1690
385
795
1781
331
1230
1642
191
899
1561
97
1396
377
1973
662
1421
1451
1199
864
383
3361
2128
1851
1476
3531
3744
2511
3799
2234
3783
45
1233
652
1146
168
1272
1680
1059
2055
63
1853
1798
2739
202
614
941
2479
646
2904
1628
2043
2283
1014
2131
1429
2170
1761
2036
1538
837
1963
196
1658
1397
1446
1637
5
2499
1276
1117
741
1668
2843
1632
1462
359
1893
684
1173
2580
1499
1043
2400
9
1532
2577
2482
394
158
95
3443
3753
1081
907
3321
320
682
3020
2639
2404
301
1584
3621
3338
362
2700
501
587
1055
3201
1914
1426
803
171
2859
2937
488
945
632
1088
2688
1720
968
2230
1779
529
940
451
1090
144
2019
3170
2308
595
697
429
411
2333
2034
3005
2851
473
2235
2434
930
1979
931
1824
457
122
1034
57
458
199
256
716
1891
2979
2698
455
1503
1049
335
121
1160
822
500
1549
1054
1677
304
1689
2371
2511
1049
953
943
554
96
2731
1789
942
3469
1981
159
1385
1863
866
478
2062
1435
3184
3246
2404
1122
342
378
2024
1669
1811
1804
354
969
62
1556
3615
336
1390
720
1487
2088
75
2470
1562
983
944
1518
1379
2163
879
80
2015
382
2243
1179
2311
1264
183
1735
1927
1170
779
1815
246
539
2972
645
1147
1411
1802
381
1900
349
1025
807
876
767
1318
1792
2061
75
282
2039
954
2136
1792
3511
565
1139
2946
3702
89
2970
2213
64
3191
333
2302
3163
951
3280
2382
3034
221
2277
1253
3530
1032
2173
518
1524
392
9
1638
36
2456
1781
535
212
2042
509
472
2954
1807
1132
37
1173
2945
211
1647
1067
3763
2765
642
3595
1140
1950
86
1149
998
1778
1606
3121
3369
780
1616
3230
2442
498
2455
2540
1645
1279
1864
1063
1387
1357
1320
126
2818
1291
1483
1461
479
1940
3475
1591
1474
1515
1715
1215
1763
117
1729
2149
1609
221
1242
406
54
120
900
508
2135
523
1238
589
2370
2555
63
832
367
388
1346
3187
1463
293
1612
1397
1343
2039
1080
875
54
2272
1418
1008
696
1062
1536
729
1279
812
959
116
1955
2839
3690
477
1164
266
624
379
1641
743
1543
657
989
190
550
1082
2314
272
364
890
245
3293
1370
1319
1841
741
584
636
394
2236
1713
388
1476
365
1818
2158
35
2425
1205
3298
157
2454
1842
242
1842
612
523
2454
665
612
1188
1700
403
1676
2824
2274
1304
1678
120
805
2103
717
396
1386
312
2079
1259
1148
550
3030
346
970
2480
1765
86
1481
812
11
799
2898
3196
494
1754
966
1932
1395
998
885
669
2048
1379
823
2885
207
336
1619
244
1493
208
987
167
1313
1323
1107
2338
2463
503
126
551
1452
783
2359
1737
452
1649
742
1297
2001
930
1393
807
657
779
1749
796
907
1692
1857
2636
206
108
1950
3570
926
393
125
3024
1835
307
2644
54
260
2004
133
685
3804
1800
799
818
3119
2079
983
2052
192
2501
3080
206
1298
1069
2739
2627
1518
2258
2888
398
579
408
1495
2878
151
176
1714
827
1254
1357
215
1064
1405
1777
1872
316
913
1966
2135
1003
1240
2541
1499
776
2611
3277
1572
623
2195
723
657
1429
309
2292
851
1986
2314
863
2280
1086
161
2253
475
1003
1612
1160
1677
306
265
3504
3366
763
2134
539
2583
1362
2084
507
161
344
2493
3346
2125
332
772
2572
359
2935
17
1953
1376
1046
700
3014
2744
1793
2163
1503
2428
1454
2522
409
285
2573
163
781
383
2323
1077
1568
2210
2029
18
2366
2070
2645
628
655
2342
1095
3335
502
1483
1894
1806
183
2192
136
156
673
45
337
41
3003
2396
3044
1817
116
1660
246
538
1556
157
2923
580
1571
130
434
1440
2766
1122
366
564
748
1018
1049
1063
1814
1133
1009
1232
1162
1797
1995
1906
177
715
124
99
788
1084
70
635
1631
2302
1852
1508
3404
1119
1187
3881
344
1438
601
1692
2029
577
772
1800
1896
1094
2285
68
601
266
1663
1175
669
2694
1366
1189
1429
423
1006
1721
715
1112
3414
1924
130
3433
414
2984
926
366
2321
123
1872
82
3484
3000
2488
1053
1794
1509
53
1847
3430
219
284
1456
2058
248
1954
2306
1435
958
1270
781
990
1898
312
2255
243
302
577
177
2567
2728
3168
299
1505
209
790
2888
2652
787
236
3250
146
2042
2956
564
1048
871
1208
2202
1896
2810
1872
3361
690
1206
2392
938
484
746
848
2495
743
1649
195
1280
1749
551
2040
1572
3343
875
2497
2058
3451
1489
423
1019
767
1450
1882
1442
771
1190
2469
1593
911
2217
1341
876
1801
246
1023
571
1844
322
2203
1753
1555
2123
246
1269
127
3125
1594
1273
2166
2925
1347
609
99
1144
230
778
1221
203
126
708
1326
1075
308
839
1736
367
518
893
877
1124
1922
2934
2579
991
1012
247
366
1487
114
2257
3595
317
809
240
2108
1403
726
1741
813
678
1719
752
1940
1281
586
1448
949
2921
170
3355
2397
2121
1354
2665
107
170
2864
767
743
376
1247
2091
2558
3251
716
3646
143
2835
693
590
844
3034
639
2395
3809
1980
888
1395
1522
421
76
1619
2494
2410
2507
2917
254
1816
3171
497
521
1018
2101
1695
1578
3115
2157
278
561
3344
56
579
1300
439
878
229
3059
861
283
2783
406
287
728
563
2554
197
3152
528
3185
2532
2402
130
1296
64
1703
1172
701
935
1635
237
1823
463
1085
1068
2103
234
1417
1586
2478
383
1183
1838
1605
1062
1489
2589
2181
1070
1775
543
438
2129
3122
1015
2751
733
807
1829
826
1173
1622
299
889
319
2219
1032
349
2636
2556
1206
3119
19
2030
164
1430
2128
1309
1999
449
570
683
1900
2238
2806
1014
135
2545
177
568
1224
553
583
1467
2671
1531
2593
1408
760
965
210
2410
229
123
805
657
2106
354
1377
347
1148
1896
807
1490
424
1724
2184
1014
1495
748
2703
640
3148
1350
3258
503
74
3024
2904
110
2715
244
2584
34
847
1674
114
234
577
2978
2333
1788
2142
645
582
2493
1177
2340
79
801
2284
1654
1525
2064
180
1733
269
561
1604
24
1263
734
117
621
1715
320
759
220
1464
1474
2568
23
1929
1997
1094
657
262
1729
2003
2054
8
258
3678
919
3072
3685
1023
915
2153
1467
302
1165
274
992
51
2046
1545
250
1525
1050
7
764
411
2445
1754
74
236
1043
3392
2626
286
2319
1276
2436
764
719
1165
2396
404
2518
1992
2856
366
2490
2371
1680
526
525
1277
1346
1691
752
1166
705
735
685
69
47
727
345
1143
749
1488
994
1901
2023
2562
3835
1503
3207
733
2970
1704
1062
630
497
1333
1863
2686
1723
203
620
562
689
3447
1797
352
1592
685
512
271
1178
2254
1438
1351
963
2110
3276
1094
2172
1371
765
486
2135
1177
268
1074
2758
1649
2485
158
845
1913
1650
1709
1399
479
173
1076
235
621
1009
1163
341
185
1821
1269
388
759
1200
3862
106
203
1069
801
526
1610
1044
927
2112
2006
3722
2134
326
2396
26
519
703
2422
377
2748
321
2028
1445
2089
1307
2422
3494
3099
1102
1072
493
289
1009
2941
1684
1997
2427
1332
684
2061
930
2068
1624
308
1377
481
1384
896
1131
2554
556
1162
3692
310
3110
1668
2273
395
2350
1474
986
2410
703
605
817
2654
1878
199
1347
1679
1104
1079
876
3232
3336
2356
1334
1031
2050
2329
131
2520
631
1019
344
900
1506
1371
2423
2960
1768
2358
1556
2389
3151
1260
875
816
385
2076
2180
611
1691
104
101
265
205
563
2072
1036
306
112
1506
664
335
192
828
2256
19
273
1261
1807
702
418
2277
1772
505
2978
1117
2817
863
3503
254
1224
2401
709
1155
2386
2473
1954
686
252
573
1354
402
1790
162
821
825
3087
1073
2262
452
1217
1000
16
952
1516
1388
1036
2424
983
1053
70
2390
1266
135
3455
1761
741
1115
1124
1927
629
114
2294
1107
962
1717
2189
1010
625
1626
980
149
2714
374
1669
1295
1129
328
1298
367
967
2431
477
2648
1522
87
440
2439
2767
1126
972
1727
2561
2403
541
1082
585
1454
353
2536
3167
3207
2809
503
3039
3054
117
3670
3999
230
1121
2140
2333
1190
891
3553
2693
737
2449
860
40
109
1396
2210
66
3158
2154
1456
59
3049
2045
2228
1450
1089
216
1330
1762
367
1295
2144
56
1098
1154
183
251
2430
238
191
916
173
379
468
41
2681
3005
210
196
1836
2621
845
141
355
2193
2762
1196
2337
929
2080
771
2163
102
3244
3346
1445
1135
1665
724
2427
920
3562
2597
1816
1959
1166
2182
2661
3088
1871
559
1311
2604
348
2307
1855
1312
2219
1622
1619
752
1293
1729
3015
2952
597
2681
2552
572
784
3025
15
383
1196
3253
2696
2109
2408
473
1673
2567
2205
845
955
3186
2146
2231
813
901
1454
255
1618
982
941
2720
397
821
596
41
2136
612
3629
1300
1578
2095
3661
2323
2020
319
1218
573
303
1417
645
772
1746
2335
299
1142
843
2341
1819
1
1042
3008
3111
1320
1292
981
897
499
996
1530
1043
1321
102
1966
1589
377
2777
993
1385
103
2822
1309
1423
2016
397
1435
1635
2079
479
1832
2032
2900
104
1914
3714
1600
2172
471
2763
52
980
654
262
1687
1991
187
3029
2595
1989
2939
401
2176
662
3126
2717
704
2032
1040
3430
344
1367
258
2996
1514
1690
1711
1100
461
1149
1505
162
2124
974
1334
824
577
2132
3273
325
582
368
964
531
355
3150
2082
986
627
339
739
923
790
3893
2691
176
360
2464
2824
2363
3103
647
1662
304
584
58
284
412
2607
13
1026
342
2665
696
402
305
294
2378
425
1581
1231
992
1013
62
350
681
2817
688
787
865
697
111
1352
1593
168
2217
882
1828
586
1482
1953
2945
2005
1943
2260
1068
765
314
2470
3328
1495
2440
3046
2353
235
888
1382
1260
1705
676
1092
1230
1974
2156
587
1820
146
336
333
2381
2896
2054
53
28
98
1950
2504
307
466
25
693
45
285
573
2292
279
2038
1310
310
2048
2563
554
3204
2811
2317
2796
427
1908
1414
951
1994
1560
266
1481
2087
1378
798
606
2945
580
2740
2365
205
434
2154
1854
579
469
310
2552
576
454
2397
2487
2766
175
2859
1865
748
869
279
989
855
3210
259
267
1618
20
93
1680
1438
923
1044
519
994
1117
526
872
591
558
868
1074
453
1844
392
528
342
1432
548
834
314
202
1149
1459
3628
2169
1119
399
654
1398
1749
1321
86
1844
1153
1607
1967
1797
2148
972
744
1807
3120
3070
1407
1758
462
2997
2554
1196
2020
845
1695
981
1316
691
1502
667
850
1040
431
1049
1833
625
1983
884
235
1471
1882
1046
1012
1274
799
2894
608
1004
2058
228
824
215
2397
596
1170
39
2230
2244
3350
2740
291
157
1984
2205
252
2836
236
1120
1408
1416
1952
510
1302
2401
3059
3621
1823
182
2897
674
595
1236
16
1552
3032
790
1299
304
1924
665
2089
163
2714
3226
995
1137
969
2589
43
2632
221
2180
852
2600
2791
3886
1372
1756
1603
590
2577
2514
2283
1481
1063
782
1033
153
1166
198
1199
45
968
12
1211
1042
54
1985
958
298
854
875
579
2180
3124
3196
2169
294
905
1096
84
352
1406
556
2200
1688
1729
1454
446
978
176
913
944
11
72
191
281
4
1966
1977
13
2157
2168
459
277
1696
1962
1973
1709
1216
983
3060
1616
1965
2243
233
400
1386
2077
1095
349
1722
638
986
2144
446
199
522
78
645
150
978
740
2629
828
1366
2970
1036
2479
238
208
54
7
995
579
234
2003
1493
1009
1829
1574
1207
1229
2781
1588
376
723
1259
3496
994
539
1640
3245
1856
2251
455
1296
1964
687
1133
1811
1533
1491
1046
2251
2244
824
197
278
113
2461
2635
42
487
391
445
1696
1205
3068
2658
2484
2339
1759
885
439
679
186
145
725
2989
2264
2438
1118
1072
828
1277
1206
991
344
244
2824
2710
875
134
1012
65
2079
1544
2583
1011
462
71
286
2574
1146
3071
689
567
653
3660
3292
1074
1426
652
380
385
405
86
3137
2872
3093
2522
2639
2586
3463
1203
877
866
20
1315
1135
959
802
1825
184
1761
222
866
1650
1969
3222
111
2009
2014
5
339
452
2063
1467
1591
890
113
1724
692
1139
533
3058
134
3192
1604
330
491
154
1697
637
1586
1543
619
1026
3059
2652
18
560
2122
407
601
758
1773
2033
351
1845
3619
224
2634
3212
490
3020
124
1664
970
3395
2722
383
2352
937
1399
898
2130
1969
1747
1200
882
465
1415
1205
729
1240
1281
142
2336
2297
447
1232
219
2520
950
1098
1854
894
180
1044
88
1422
2700
148
94
1385
1937
2592
960
2034
356
3374
1631
150
1965
1959
209
3526
1443
2452
1553
2435
2759
522
487
476
1079
1912
800
376
1560
3735
879
1694
1762
1074
1009
1316
882
257
828
603
625
2563
1797
987
136
629
1268
292
539
1426
2255
1391
1064
695
1042
398
201
2362
1562
403
1133
1994
1897
1618
797
2057
1115
3515
864
831
3032
5
2854
716
227
511
1599
858
2603
1719
379
1393
279
13
1772
392
2243
1672
457
1505
860
292
4
1851
3261
193
3523
2555
3026
3098
3142
394
72
2345
417
817
3220
2632
2417
44
2748
1427
1252
411
11
700
467
1117
14
1527
1241
135
482
289
878
816
1410
1596
509
55
2432
711
650
369
1019
1878
77
2442
1393
1707
141
2083
1821
1470
1841
1784
1049
2301
1555
254
1612
1373
1566
3153
3431
2408
488
1051
278
2656
960
325
2665
1023
1212
1920
741
104
1430
707
1600
528
1963
2692
603
1704
2430
723
3244
170
1393
317
860
902
599
1235
1563
726
419
997
1406
53
1763
209
135
8
636
1482
1394
1398
2042
2093
188
1535
200
1972
1755
344
2118
51
344
2757
1975
632
218
1623
463
592
143
782
2294
2399
1302
2320
456
2346
352
414
2255
681
628
53
105
1042
1383
68
1603
1259
642
1451
2025
196
617
2221
1687
572
1143
1367
629
1115
3274
544
1903
3149
202
57
674
1292
788
2510
2605
1570
1996
1371
125
2559
127
1498
1035
2434
2517
754
686
948
438
868
387
491
3144
1226
1831
2026
2756
316
1141
1382
1590
1751
182
1479
1847
1904
1386
80
1066
104
870
1187
187
2854
465
906
589
421
105
140
1335
1459
4041
1652
531
376
2165
1677
3041
608
719
2897
2433
2364
1121
3197
1495
858
213
1266
430
1174
450
1029
1071
408
63
1949
1338
573
1008
237
171
1973
1696
471
360
82
744
452
1503
1336
145
472
1093
1417
579
1179
499
61
166
2586
1782
560
1354
333
1479
2912
1054
794
527
446
168
70
2525
2752
721
586
308
134
1590
1630
2009
994
1641
720
2216
997
2876
402
1793
1701
1683
1082
686
1456
662
318
379
18
2433
556
647
1346
995
351
2176
2067
1517
381
139
785
212
426
253
1136
2557
1362
1208
2037
550
2852
2261
621
1898
591
2795
681
2451
3129
202
2114
344
1085
2448
2249
581
2927
243
514
252
1520
321
1700
2740
298
1144
2702
472
98
2074
2755
264
610
1030
2926
1896
1519
165
1891
407
833
1050
2298
2941
2734
902
1240
536
704
192
502
526
350
1566
669
694
334
1064
176
852
676
1019
1181
1073
734
1520
897
380
409
478
2739
2775
3109
29
3489
2637
1351
887
2185
2261
3743
2256
862
493
631
3087
2176
647
2881
3112
2351
1625
1067
1775
1332
80
1076
369
2594
323
150
911
2917
27
578
1870
1208
987
605
906
1843
1974
301
139
1565
3078
1575
131
17
268
2195
537
276
1990
25
813
2527
3694
138
2700
674
2015
687
2665
1591
1386
1521
1671
1803
760
2662
3189
3029
49
2146
3297
2216
3454
132
1636
535
744
2021
2306
1225
44
892
411
105
761
370
2602
277
294
209
1813
1486
1604
285
1081
516
848
756
414
574
656
3363
2972
988
109
475
2497
2285
2662
2945
2176
1369
2271
935
660
662
109
1170
1992
283
391
452
1519
807
122
1137
392
1061
902
703
629
1605
275
177
273
1832
3001
1797
3316
349
2286
1675
315
2011
2640
876
3350
2326
2635
75
611
1015
1430
1490
1048
159
1511
520
139
604
232
1808
1589
1950
21
2010
150
1207
463
3029
1840
1198
1008
3083
3090
1577
1458
1189
54
3307
2804
642
1521
541
1615
1773
2163
1892
569
1019
1498
1990
450
3361
1506
3094
1632
151
1588
786
937
798
1932
1420
1013
2529
2718
634
2411
1134
465
2012
1682
2624
1557
156
307
3146
964
1004
2417
407
1357
177
2234
120
550
2390
1935
57
2213
2354
2291
670
1840
455
1992
902
1090
1168
1293
986
1856
1664
1919
994
1214
2200
2337
563
1189
333
192
925
2396
2765
705
137
920
1877
1707
443
598
1177
2320
3054
3018
1618
2643
696
1474
1264
3229
1965
846
631
2423
928
2387
1621
693
766
375
391
592
717
957
2829
900
997
3185
3421
1492
240
651
183
106
295
891
1872
289
408
655
1293
2642
2326
78
1150
1349
1115
2149
143
224
964
316
385
2778
2248
107
2662
1072
2372
1893
3757
3633
1782
112
479
590
1206
56
1864
1715
242
607
124
1851
1947
392
917
35
559
927
928
75
525
466
167
220
2424
559
994
882
893
368
387
231
405
37
1810
852
853
2495
573
3750
911
2555
1405
60
1982
832
2835
494
2003
629
1454
1067
1349
1116
1328
438
720
387
338
21
212
114
1187
326
2558
1966
661
298
777
504
2656
140
3021
1058
538
2218
1052
2516
1598
2595
1052
2881
501
3382
1963
2531
1615
1480
620
276
1464
142
412
32
1325
971
1489
1491
1644
1013
2296
164
2
153
2075
2102
2228
257
65
3177
61
25
2208
1247
2092
2359
2550
1549
36
2562
3546
256
3888
28
1534
984
2306
248
342
2717
2554
3632
3636
3669
449
1986
2271
3446
2355
3187
1365
660
1398
15
223
2555
1537
1460
1585
1413
358
1668
705
2332
3045
1098
1562
956
2061
2546
892
1782
1013
418
984
2200
1132
2054
206
2396
2097
930
1650
485
1169
647
532
724
2019
522
98
237
776
181
1909
805
279
1811
2929
924
1581
3208
206
2057
1104
1118
2222
1572
2718
2880
398
738
1024
1230
869
1146
1308
1165
1033
3456
2311
3278
2099
2341
340
3008
2423
1179
2279
1145
2619
1487
1001
1557
616
2200
1169
2350
145
826
150
113
1374
998
1314
1995
2481
3052
2892
2503
37
2205
1738
486
263
1091
3330
759
851
895
379
302
2696
517
588
1433
3050
632
332
513
1470
557
2571
1600
1338
2479
2766
2034
1062
1125
1274
2027
1086
9
2397
602
1374
1899
2333
3483
365
2206
2460
805
1810
2211
360
2406
611
3848
732
262
772
1097
3892
2163
2047
2691
1066
1576
48
950
1911
1760
1729
1201
1018
725
892
1982
644
961
2944
264
367
1196
2818
1065
650
3208
2294
2614
1754
2964
631
2815
1454
203
829
966
428
1622
137
1778
1753
156
2485
596
711
738
415
476
2491
891
2226
670
1219
1679
143
788
888
547
444
331
523
1685
775
645
1370
587
254
2015
341
192
2896
980
1460
149
219
841
2409
205
230
445
2016
655
2328
435
350
215
2347
1571
1361
2612
1871
2534
1188
780
653
1602
1315
1752
1091
7
2524
1546
699
408
2032
1771
1155
569
276
1901
1963
2926
192
868
576
787
273
1131
967
2983
263
1238
865
1835
808
211
1707
404
514
2136
193
1622
694
1501
3395
542
1580
2168
495
139
657
2075
1295
789
1777
1017
922
1441
582
671
368
2663
2825
1150
3370
796
879
1675
12
1860
1508
467
194
1872
1220
2608
206
425
1375
352
1447
1573
4
1041
741
1353
273
1378
178
2152
2671
2514
1161
1200
1124
217
1429
1203
1832
208
2598
1974
2629
307
519
375
157
1657
680
827
1628
1469
147
801
159
812
653
2521
796
2706
1688
298
586
1175
1449
2071
176
1512
274
337
3520
1327
1895
2193
1431
837
2293
3901
1848
1896
839
341
1088
1083
214
2218
625
1429
1006
294
127
2171
27
423
569
3301
2551
1593
2381
750
3287
591
3804
3518
3034
2498
1907
423
1408
2064
3567
780
770
65
790
484
381
1020
2731
334
2330
1789
1368
385
1037
1650
548
2311
3308
3157
3439
1983
153
983
933
1622
1138
2687
489
205
1
1984
1049
154
1555
429
2066
1624
895
104
506
188
464
1636
519
1043
1448
333
855
606
1562
1461
1592
1305
128
839
488
895
725
1468
1545
848
1813
2193
911
1467
2538
2316
2866
3417
3104
39
697
3358
1337
550
978
2113
250
681
1597
67
1571
2278
1776
804
721
890
502
541
528
1530
1638
1757
2378
1071
93
787
1432
1475
691
1450
546
1186
904
1732
657
508
860
672
244
630
1165
1829
372
1517
991
793
355
2185
1782
1138
616
916
42
376
2987
3138
2137
1436
3008
2762
1761
2306
2981
151
850
545
666
464
1226
316
202
1366
150
560
830
148
1635
910
830
1989
1477
1918
436
1478
2307
2308
1397
512
3162
1553
1482
440
251
268
535
1920
215
1779
356
519
284
1511
1111
2455
1340
2262
193
3355
1705
1564
1640
2622
917
76
691
1894
2016
1440
42
1317
2585
733
1675
1877
122
3456
805
184
1016
687
834
989
1812
1940
87
1892
118
832
999
2929
1831
182
1521
1194
2715
1626
79
239
1565
1808
1658
160
1737
732
918
2558
453
2047
698
815
243
93
2295
105
348
1349
90
821
2388
1254
2
99
1197
1996
1910
1123
1576
742
1339
656
1526
97
1774
1199
2009
799
2931
363
810
660
1773
520
111
2021
1320
480
2085
343
631
40
1068
1431
2939
3341
3286
2501
37
873
1631
1611
1845
1664
808
1580
758
2537
1055
20
350
1482
2472
1665
1961
807
172
2257
3354
798
1482
2989
626
197
1310
66
2434
1097
775
2024
2556
1808
1188
282
529
75
1746
454
695
2083
1388
1889
1535
273
357
1464
921
1664
1378
2385
2685
113
551
691
2242
46
1263
2712
156
443
2731
140
572
1141
3041
690
1139
569
2401
1767
1018
2229
2440
433
1968
526
711
1147
1211
2032
1890
1262
746
2418
1140
1402
2067
1286
2299
892
1013
1672
2786
921
1166
1218
612
1225
1465
1411
247
129
1540
84
613
1007
240
1293
287
630
1937
801
462
673
2007
2345
500
1715
213
223
2758
2142
172
3404
1065
2450
2545
1929
103
1919
395
2930
859
2978
2339
1414
732
1264
209
1385
3033
3247
1758
65
1441
658
1592
2375
2973
1145
1693
1376
447
2194
598
80
881
49
1701
593
1752
139
566
2259
1162
820
1523
1263
232
1750
2308
932
1907
1262
2845
1613
427
3105
611
148
474
1350
3359
367
2931
1755
254
1672
1079
502
2777
1824
3077
1253
924
2992
1333
1982
2685
665
593
1242
510
411
1222
243
2060
2373
141
2337
247
1151
1363
2471
1557
3085
2303
2215
102
1743
3000
313
1872
125
2584
3700
1828
395
2500
1398
1747
1842
707
679
1877
2556
3831
3718
2951
2801
3399
1005
593
1170
756
163
127
1926
3968
3659
1834
1616
866
2043
218
3601
951
121
458
1467
1552
1263
9
1389
57
720
1254
1621
502
66
418
367
352
1637
1316
391
1401
85
1050
1095
644
782
30
914
614
1443
632
437
1204
2113
1181
1988
472
245
1257
2075
223
503
1684
1485
532
649
1004
1913
601
1819
1217
1978
1626
2420
2140
2579
494
63
193
370
1948
3312
2914
1378
1442
2200
439
2077
628
557
3692
3499
2057
4062
1004
1053
3058
2318
763
2295
1555
1798
1364
398
413
241
974
2905
428
2456
2017
1931
1194
630
737
2477
439
909
364
100
243
264
2261
3144
331
188
2515
2276
452
2813
1323
131
868
2608
1824
850
1864
1466
2094
645
1185
1284
3353
2739
100
664
1669
1267
1605
2160
1397
2145
187
764
1505
402
63
292
338
465
1466
763
2347
2660
2572
2532
2348
1394
88
1266
103
1474
40
1386
2571
1254
262
1295
184
228
1298
530
2531
44
1284
1903
362
954
1163
1371
1185
1381
93
1897
1691
1379
350
2591
1288
516
2667
1736
206
3183
1097
3673
1937
235
383
490
109
840
714
1530
1554
1061
618
148
126
544
405
2741
470
493
1821
1029
1073
599
660
418
22
726
1738
236
748
2420
1760
490
242
1502
1378
240
812
3175
7
516
1149
1671
2763
2049
740
469
1851
2662
523
2139
659
1337
2518
1744
2659
139
1504
2798
522
1614
572
1439
596
1124
866
1290
2491
1197
2497
402
1521
872
151
1462
1886
2862
1373
2165
5
1106
722
2063
1201
976
225
970
3694
1098
1389
805
1119
2413
4009
2184
1302
1434
1209
229
464
1111
3056
1825
2707
693
1023
590
1473
1033
3013
2056
406
3018
3488
2289
895
1725
2612
1883
1672
2430
432
187
2119
2593
564
655
1278
547
830
1219
758
1240
619
2306
2265
1952
41
544
927
2893
2171
2040
669
1966
1244
1766
2224
3409
803
1182
522
2606
219
1473
2229
1079
379
1458
1233
2691
408
675
1825
3628
2886
1320
2555
1160
1566
1691
331
1896
1236
125
2797
489
2385
267
39
2409
765
1926
680
1440
519
1175
1523
1551
539
534
1812
1158
1441
754
5
645
3627
2046
2079
2709
110
324
738
1087
1055
1504
322
473
583
349
2242
881
148
1301
1572
3699
3258
1620
4023
1123
836
454
1966
627
1518
1870
963
1512
1081
1003
2145
907
51
856
263
1581
2971
3691
2049
3649
3951
2877
2110
1029
1936
1814
3033
720
678
1600
828
772
135
3025
537
867
3052
428
802
374
2870
2068
2185
778
832
3533
2125
1650
1241
1100
145
482
129
755
676
898
513
2615
472
2891
693
1795
206
2198
1313
1243
2341
971
586
25
753
79
2277
896
465
366
1935
1569
1361
3040
2831
2301
1579
1935
2924
756
16
722
251
1383
25
209
1148
3133
933
1770
1299
1773
2350
161
1125
1285
1529
195
166
3227
361
1464
170
1103
1229
296
2015
1615
2999
1719
2226
2908
507
400
1799
1384
1399
415
471
813
1285
146
2204
753
1952
1323
780
1139
1064
1700
701
1469
1593
877
3383
2912
1139
38
2063
669
1840
543
1394
1171
3200
275
924
1225
3475
1984
1120
2474
3160
446
1123
1231
636
187
195
2448
667
124
905
592
8
601
455
795
2141
1333
524
837
1693
1135
878
69
1346
538
1304
1905
2285
313
1123
1448
2097
2764
12
1192
2343
1316
1460
306
215
1154
2828
815
3100
661
2613
1153
2584
320
1643
1798
1532
842
645
1626
1868
1787
1181
379
2369
941
786
3057
813
58
184
1963
1162
1746
2271
690
1019
584
982
364
444
1541
668
2729
873
654
2061
849
897
2910
2439
2726
108
924
3621
494
162
2996
715
1032
298
2540
3104
1773
1279
2697
589
2108
3127
1603
656
2535
1648
560
3158
907
2956
2632
3035
1805
2084
1431
790
279
2288
2595
2794
1525
3515
641
1099
212
317
1126
827
2090
1825
1511
2242
2806
290
1627
1777
1953
699
989
1395
2917
494
3049
176
382
1917
2286
1032
985
2384
1284
584
503
437
202
1269
1256
1759
639
832
13
567
1474
554
1145
2757
2028
570
2518
729
2598
1107
1491
241
2992
173
3088
273
3549
1790
2344
2569
1462
3276
1189
2690
2022
907
225
1501
3115
161
3225
308
802
854
1498
1428
1556
871
168
1819
1009
1394
714
468
1574
2108
1651
246
869
328
122
885
487
134
1100
70
1019
2188
2129
1342
500
1903
670
484
694
1743
2403
2243
1233
1182
186
145
1234
210
331
2729
1702
1909
2858
837
456
977
2021
332
317
515
645
272
1027
1393
2787
151
820
1093
411
1072
1299
1755
1665
2844
1179
1394
3036
1666
2636
122
669
2263
432
2863
662
1331
920
2695
600
991
769
2918
1094
1943
2560
3141
391
617
2267
848
1181
680
1825
1894
1879
901
509
933
2820
501
672
796
2505
3221
3704
371
228
3333
978
599
1488
305
1672
534
788
716
1564
2206
3236
65
3156
393
1322
1813
720
1301
403
21
3301
1120
2101
891
1909
749
2763
2992
2800
2720
759
2960
2658
2032
1452
1348
496
299
2498
1838
1079
197
15
1039
2300
972
1
3347
3399
2813
581
1317
91
1328
1719
971
52
117
65
586
294
2232
2624
895
1558
1729
781
446
381
1939
1032
738
1038
1181
1201
2526
273
1067
129
1567
1530
1340
712
1294
628
2597
2740
521
1438
1687
1401
143
1515
2064
957
388
709
1843
523
2372
558
3689
653
992
221
515
2819
2407
1776
2587
2601
95
248
321
648
2231
15
3191
294
1729
1784
1408
2697
1237
388
1981
2304
2544
631
2220
180
1338
1160
259
298
1535
2695
1369
39
1328
1772
384
2871
539
542
1830
2156
1233
455
3255
2329
2051
3
639
258
68
3078
2755
1138
3154
2775
326
1385
3010
323
3651
1482
1384
399
486
2342
1159
3710
1524
452
688
1782
53
1342
1849
1048
660
1170
1054
323
1286
1229
1902
300
463
543
1026
2849
3170
59
2718
1203
321
532
2037
1176
162
713
1994
2098
1086
2194
1858
373
1045
144
2907
3184
175
504
2953
1568
233
1939
1393
3419
408
1192
2449
776
1435
1625
2026
1701
117
1472
2763
1386
553
3213
2169
2227
1666
685
212
564
2662
1878
897
659
776
984
2098
3114
2526
2751
161
1887
261
860
2319
3115
1707
87
2623
925
1294
1332
1794
405
1321
916
1389
1419
42
3548
1269
2279
2750
2654
369
2626
1377
272
645
2009
742
413
248
1755
1592
1949
42
1718
1364
2237
990
165
1342
2005
736
1348
731
1507
589
2668
348
2616
3101
2079
2512
2320
2268
485
683
2711
1904
2884
893
2239
3394
2587
176
1818
1760
715
1126
996
2905
1155
517
875
2415
2815
2171
589
2435
765
3950
130
1582
1779
1846
235
2206
1670
2296
2586
3185
2872
58
563
1163
289
1557
716
1792
1452
1879
2508
1058
2441
1450
339
989
893
1313
609
1495
777
1328
886
792
718
3014
654
248
258
434
844
458
1498
196
3243
3135
1738
210
1197
226
506
706
692
452
1144
573
410
1708
3047
202
2845
1505
1397
3345
2835
287
3450
1281
85
510
685
596
1677
13
1607
2186
2393
1068
288
1550
696
1148
2246
1202
2534
1542
260
1009
91
65
525
1988
891
548
1451
564
1028
1477
587
265
2248
1614
423
937
392
1312
590
2878
2110
3156
1097
1439
740
464
913
1503
391
1735
187
1039
852
1661
1495
3533
181
3681
3444
2830
1108
926
3621
703
157
2425
3862
3625
491
2988
132
851
3730
3287
2336
1176
3134
1754
3249
2497
2856
2979
1089
215
2821
845
1820
3002
3054
2209
3424
484
3486
1215
1810
2406
1690
3908
3284
1977
104
1335
417
2165
2126
792
1873
188
918
810
1748
1032
2750
1728
716
693
2118
99
996
1721
1072
1585
892
2882
2717
1888
2396
1501
649
513
2105
999
2255
1776
1466
3104
329
1387
3254
479
3066
1979
1058
852
1365
3012
551
2578
724
858
173
1932
490
1066
3100
2615
307
1759
3213
3672
1696
632
3614
843
2047
2612
1976
1060
1064
2160
211
2771
1567
1002
565
2355
920
201
3012
1989
1405
1233
733
1121
485
2692
1023
258
584
393
2710
354
1996
732
2378
2001
1020
1264
5
875
1767
1051
377
355
880
22
280
2415
483
2843
2905
1454
1238
2360
1066
446
2870
1420
2424
974
13
878
1328
1624
1769
2389
1415
2738
2402
891
1054
2583
17
1435
2098
796
2779
1148
485
2115
2578
1576
779
2231
712
425
568
463
2308
2943
134
629
526
1485
155
113
681
113
2422
1280
1518
103
1075
1254
1956
2094
1734
327
1431
136
1621
1244
23
264
1640
1991
179
3031
460
1478
222
3525
1221
1023
980
1792
2172
2861
2557
342
1401
380
884
765
689
504
1339
577
2519
779
1611
2215
1660
2502
67
2285
2166
336
1843
2621
82
242
636
1245
2503
1241
602
515
1003
1914
718
2585
1258
1251
2395
678
2505
2217
3653
606
548
25
2202
203
1596
2099
403
1360
2547
653
523
1654
496
1019
178
503
813
1386
1223
485
25
1361
1187
864
2548
366
3273
3236
966
3602
1332
829
3044
542
1895
37
2307
1707
1353
1405
1369
1342
622
1
796
2685
765
1453
942
36
2747
1404
2711
2165
2297
2141
910
623
174
1093
1708
1219
962
132
87
503
180
842
511
1417
137
2080
269
139
50
2877
2349
3107
717
870
1323
2219
156
1632
3016
215
1082
2927
590
2801
3529
3574
2219
3089
2140
1635
635
1939
170
1738
79
1333
1584
949
1454
2031
1492
1143
1254
577
1025
1769
1926
1383
1841
945
608
2160
251
807
2635
543
85
2579
1132
556
2036
896
138
1553
214
1034
167
1767
2768
2776
2967
64
1047
1058
1869
520
1602
405
154
1130
534
859
23
2300
983
473
2404
836
1358
975
108
1572
942
1630
1961
1583
1344
2185
867
597
2173
389
2770
2572
842
1148
736
3591
2951
1665
3159
2836
2261
311
1419
1354
381
1038
1455
306
973
829
417
16
758
1762
209
902
2816
2025
1746
225
2614
693
2839
3532
3479
2323
3718
1321
23
1093
3376
846
1116
3399
3301
2283
2455
1144
140
929
2912
98
230
154
2460
172
1206
75
920
1037
1387
1085
1547
1121
2307
2691
165
350
384
462
283
745
426
1247
89
1936
658
1657
2551
2594
589
3063
2315
3652
1209
2639
2443
3368
1280
2462
191
979
1480
1166
2277
2550
2842
1079
2688
56
2656
1763
1260
186
1609
2323
3585
1798
3803
3803
1384
3691
1893
79
2419
1910
2307
1496
236
827
1018
3558
1235
1617
2173
27
30
382
512
1154
989
2906
733
909
1646
2720
71
980
1178
2261
2296
1857
1883
2045
1511
1546
2387
1055
1333
2107
162
2938
954
2473
3556
35
872
3653
496
439
3838
3442
3720
3541
1984
3440
2826
324
486
1987
2547
3277
1514
2017
1933
3150
839
1083
1033
576
614
1217
263
1079
521
727
1177
2364
368
3443
1886
1427
1126
3229
1447
1744
2094
2122
1248
1698
1557
459
301
2103
2925
1782
615
1931
1869
1884
1160
920
735
1269
1687
545
62
2540
1011
1359
852
1396
709
2478
2048
1389
418
964
348
1181
3563
2382
544
143
26
1082
2481
1054
570
502
2416
2216
27
2449
2918
3891
2951
874
973
2443
96
796
857
3239
3352
1100
517
3
923
3317
2661
3368
2196
35
691
583
1103
177
782
926
2394
982
1514
561
330
790
1261
953
2775
2206
460
1194
610
2087
3792
616
3128
1694
2483
2179
2248
2518
1084
1705
396
573
1821
3021
1834
2694
3176
2512
789
1571
144
69
2328
530
339
999
115
1164
930
327
369
462
724
2015
1566
157
1564
2137
2739
842
2185
451
1702
2051
2918
1409
3052
540
3027
869
1721
1251
648
147
1049
1045
397
1193
1205
651
544
1046
404
3036
600
1195
290
113
1350
2955
2545
1428
1219
707
668
41
2803
1375
1640
1594
263
1502
703
1996
3234
3639
1572
1480
356
1572
1283
2297
1726
1396
2364
405
3127
2067
92
1928
1199
1836
549
62
154
1758
764
113
1772
1450
1584
1081
2769
634
776
988
861
1394
285
425
212
949
127
2313
474
1109
867
34
777
244
198
1008
1894
317
2452
897
2212
2217
117
1088
1428
558
1509
310
1363
2791
906
3446
1284
1067
190
2450
2382
851
2540
837
55
2162
14
2148
2369
1166
2260
1610
1531
1620
310
513
4
1944
1930
1322
767
324
1397
1473
1163
2242
203
146
57
2848
308
509
3808
3299
1948
464
1721
3259
3173
651
2868
2198
876
2510
122
670
555
1634
2388
251
265
1244
1000
1046
1897
1021
1313
876
3210
297
1529
432
1225
709
1097
358
2754
527
1581
1455
1141
2723
777
2155
1329
194
1753
349
1015
2196
402
277
1854
841
2590
751
2695
1103
3431
1592
2080
635
669
488
644
2161
751
1410
169
800
2175
932
181
602
2316
692
48
833
3008
2499
1030
2651
3172
815
1288
3667
495
769
3256
802
453
1482
3236
1465
2614
2746
216
3548
2768
1149
1303
2139
132
3332
3144
780
2659
188
836
2455
1879
520
24
2071
56
3236
496
3079
576
2583
2095
1525
2015
715
572
1741
570
2730
2471
1957
1869
387
535
2632
2952
2932
304
1664
443
2150
998
147
1042
217
1115
1634
2779
2925
1721
2107
1285
766
1691
666
2593
2366
3193
1415
3392
2460
1255
227
1058
2090
14
561
1792
240
2076
1529
780
1537
1778
883
748
733
1231
746
989
2309
227
1977
1773
1731
1567
77
2046
986
206
3819
3354
2523
199
3298
1654
93
312
762
3155
2324
2117
996
1328
3295
412
1707
2521
1098
1374
1120
2108
1125
124
2539
734
1250
3228
5
3493
1359
3017
1869
500
3071
3664
3498
2415
2645
705
230
147
356
606
1396
1260
251
1805
757
909
1969
1040
653
1616
1658
1144
2002
1363
1369
387
1511
928
2056
1646
1649
414
583
2562
204
2358
6
1325
2379
1129
1834
49
736
1054
509
1061
552
1989
1906
785
1110
1765
318
655
3730
1343
1228
2991
2712
149
607
576
2484
2495
2221
601
1763
1183
571
1614
2190
2496
612
3071
2592
11
3085
884
766
2822
1541
1830
1620
149
3371
286
558
1272
2178
1320
1958
2487
297
1410
584
300
548
59
1658
306
1709
1113
489
2253
1623
205
523
672
1206
1037
88
3459
2711
1216
728
3371
2623
1589
209
1495
2977
1034
3343
2245
9
2166
1098
3387
1177
2289
689
572
556
2254
2175
1455
2284
2978
2210
771
427
186
1660
1441
901
1644
2377
476
990
16
3019
352
2810
12
1224
1802
729
708
578
1296
2531
20
1874
3153
2511
594
775
999
1908
763
757
1652
18
1956
2814
2427
2878
3105
1854
2671
463
6
1358
79
73
512
551
1938
121
3705
50
2601
3584
3084
874
3158
899
171
500
1104
788
2651
3177
315
316
827
526
1713
2259
1070
755
50
1392
632
1356
71
406
262
242
1298
1342
456
1147
1902
490
965
703
226
1794
1568
691
1398
191
1189
986
469
660
412
1072
262
149
268
168
3116
332
2781
3637
2404
3586
100
2784
2449
1022
1809
1528
2057
2493
1795
1444
3355
938
351
57
1660
1329
1376
647
1696
539
288
2981
1157
1705
653
504
1361
183
993
1052
251
1865
1092
568
2354
1176
527
1235
769
1123
397
1396
259
295
1793
403
138
1707
1013
2196
3484
1101
444
707
1539
65
1454
554
875
2131
1108
1849
1304
3747
2720
718
2002
375
2383
3928
47
1151
3881
512
858
227
353
1281
794
2607
543
800
2192
916
1762
1343
1176
1813
1114
30
1469
669
1247
1022
2725
1439
1217
304
753
578
1508
449
2781
2683
3230
793
1230
943
2287
2189
333
3
2021
207
2982
1126
2240
19
2173
897
98
262
2024
2544
2243
34
1814
1990
1219
2094
92
2775
807
1784
2282
228
1086
413
174
301
313
1240
1008
1475
981
588
698
1371
2470
1772
885
1260
1569
532
2632
905
2735
1390
1321
901
232
235
887
1634
3197
1578
590
908
496
988
2126
1082
1949
257
2627
259
2537
2949
31
830
477
676
1980
1119
21
226
1878
220
2886
3104
319
3208
1652
2785
1304
1300
655
348
2180
1397
2194
1955
225
2269
1648
2098
687
1732
1277
650
459
1542
1447
1467
1740
679
1607
1667
462
1731
1090
1301
2381
1464
1232
2989
3273
2290
273
1005
790
1063
1191
3321
2391
1226
928
1445
529
217
60
215
917
682
983
69
616
1217
440
578
804
2683
2268
38
893
3196
3299
1657
1051
364
1724
226
760
855
2088
986
415
1345
930
928
2303
519
1727
103
1119
131
2020
1043
1045
57
1250
2164
1889
2077
2084
3613
162
1922
644
40
1849
228
339
1366
2156
1373
1495
2179
1705
2495
588
288
437
656
2861
783
1907
1278
2868
474
1130
2572
2467
876
629
1305
55
2988
382
1475
2917
838
2606
71
718
1093
1768
661
1442
3274
1984
381
1585
4
2816
1603
743
832
860
1204
459
1589
1718
2118
454
2820
49
1698
774
1147
1047
515
1159
721
2472
539
1921
1470
100
1399
1562
1674
1488
2079
1918
3275
1118
605
1357
1163
2312
2356
591
1787
137
1981
961
185
1650
3669
2329
449
1094
2798
190
1543
1159
1147
395
1097
1683
742
653
632
527
2410
2210
655
1297
1715
1260
89
1374
6
2
1140
1303
1305
1041
88
1974
2443
1228
2608
3201
953
781
267
468
2546
1095
1062
314
281
1502
1302
470
126
1463
1662
201
795
193
2078
997
602
100
1583
3779
2268
389
1173
25
3381
2218
3558
2606
3754
1627
1292
1879
1113
2474
1857
364
979
1252
2111
849
106
2208
1145
738
1340
591
273
138
1632
2196
1458
1605
3932
1770
1743
1470
2522
2186
174
1911
2960
1319
1509
2969
753
374
1972
3264
2807
179
1324
457
1396
526
914
1262
1765
671
957
246
1671
596
41
3027
2904
1508
1675
1094
286
220
711
506
205
3277
862
2258
2053
2890
2415
387
837
1502
2339
800
702
616
1402
1023
110
497
1899
2875
2686
189
1768
3114
327
308
254
725
925
139
648
2355
1379
1033
2663
1893
909
995
979
1179
860
786
1639
787
516
731
3734
3621
3177
3572
2257
236
479
284
2168
1189
329
2493
2541
243
3025
808
2452
1273
366
183
898
195
2500
974
17
2204
621
2517
296
1230
2211
1869
353
3441
173
303
455
3089
1546
4
699
1694
185
2859
598
3044
2494
783
797
1389
695
1423
2812
2221
3018
721
274
555
728
421
1701
1237
252
2122
785
2170
984
717
2406
2409
253
236
2423
1993
3652
957
1748
2267
2907
3126
3
1071
146
2503
1074
430
985
555
1036
2695
1904
519
504
1076
2245
310
2257
713
2497
363
760
1935
2375
1171
440
1947
240
1784
824
1392
825
1443
1883
504
1204
2217
1896
547
248
1521
1309
375
1492
722
615
299
1779
762
1480
1013
1256
1769
198
2118
2214
1090
757
1337
231
1156
969
1021
69
1847
109
2361
1568
878
925
96
1200
61
681
893
1673
1236
1363
1615
3019
2409
1574
216
147
971
976
2346
826
1806
1404
1523
1145
1254
3503
1983
3506
2412
354
661
259
2550
936
686
1267
2671
138
581
3085
250
1074
493
754
2287
1511
496
1552
2503
1316
2208
59
2907
3257
2070
3838
3867
776
79
2007
2048
262
629
951
1442
2321
1786
227
581
2732
2056
892
1608
48
575
2779
1110
2187
153
358
1033
1171
2592
623
2235
3763
1669
1077
1438
92
56
750
1814
2548
675
3981
3438
3327
2152
1604
19
2930
2001
1956
1695
2772
3579
1334
45
79
1865
306
205
1820
1623
2949
2245
1829
2609
2377
288
111
2121
1286
2159
195
780
232
437
2316
1040
693
2354
1081
70
678
175
1365
1011
1759
515
2926
906
105
1586
1708
693
1526
1540
1442
251
1603
1733
2132
3038
3441
3832
994
3294
2279
1605
674
2511
21
833
2089
1617
1268
2455
1991
3723
2678
1045
1815
2481
464
1693
2623
458
2772
282
3013
2165
390
119
2314
2490
2731
1112
854
669
2062
2325
3079
2263
3545
1380
3694
144
754
62
615
1282
1401
494
593
2483
3106
2112
1244
1961
1087
1467
2518
3076
258
1781
2818
623
2026
208
868
717
1445
1768
1051
2234
1704
708
2746
265
223
488
1024
2039
1252
1597
753
1385
652
76
1270
945
1521
1196
1698
1482
1309
2141
377
428
303
1130
728
1321
1433
425
249
1784
1910
3125
628
254
261
3013
126
1464
2022
1341
1590
1103
882
515
1357
176
17
1209
98
558
2693
1759
3619
3436
2968
2226
1902
1439
484
850
1565
1677
909
1791
112
183
651
3068
1789
2417
742
581
361
1863
324
1502
2046
1356
463
1280
955
366
791
3356
300
2841
1677
488
338
155
2558
339
1896
125
1997
1872
2791
74
1764
97
511
816
2381
2383
1027
2725
344
102
1665
446
1340
3180
3176
2275
1601
4
1864
353
1490
342
1453
1793
881
912
1867
267
1240
748
935
754
551
601
54
1239
853
1542
43
1502
802
1949
1708
384
1536
1305
1975
2427
547
1147
173
1629
313
3
2781
2741
2395
896
2539
3059
1418
664
530
1906
614
1643
694
1775
1320
3681
2391
3042
111
3141
3289
1185
873
2326
1282
1836
613
925
837
2315
1478
2010
1698
2104
963
312
1044
934
2375
336
984
440
1441
494
722
189
1529
648
544
228
2689
2882
1919
840
1350
928
1590
1783
321
653
510
2148
1161
2278
3365
1584
2658
193
1309
1998
1495
105
508
2103
267
1074
2739
2384
3163
118
746
355
1993
2363
2014
2266
2008
2843
2751
1211
426
2692
1540
2325
317
3708
3391
349
479
3488
1204
1547
1590
1027
2182
674
1038
3137
718
648
790
426
678
1508
630
2133
1622
684
3010
2270
1196
1631
2300
2326
213
947
1814
285
3294
2332
3500
2539
30
2099
669
1299
364
2926
1160
2617
962
213
206
961
229
1441
2487
112
1648
1662
734
1103
648
86
988
621
2764
291
2105
1484
1003
414
3413
3767
2350
2487
889
3806
1604
1284
2002
876
2917
2118
1087
1025
191
1309
1264
922
341
778
2941
1003
1376
2267
81
1565
2860
3201
3437
356
1119
236
1153
1041
2188
495
119
1133
479
189
1833
562
2257
1581
1062
119
2009
3654
1770
2073
1096
1161
189
1181
642
708
2670
2663
1869
264
2318
2973
2128
3844
1921
299
1346
1645
668
977
1350
3312
7
1654
3497
1647
1923
52
325
377
1570
934
2280
804
1894
3702
2054
1082
2777
574
845
265
377
1047
832
1695
702
1709
1967
948
903
1044
258
2657
1731
1989
3011
787
1312
1253
3736
2748
1306
1495
686
1159
963
2983
988
179
413
516
25
454
510
499
1242
573
689
1421
2334
103
86
952
1740
276
541
1843
1038
1625
743
913
75
1262
2907
1153
1944
658
900
788
1517
587
1370
1556
1393
122
1647
952
1990
1213
34
972
91
1590
1271
441
2032
1899
424
1769
1591
2165
3203
1956
112
860
648
1004
1566
203
212
1845
301
1655
1718
1752
2065
989
1680
2707
38
601
3169
2526
2913
3264
1258
2295
1339
2006
1188
1981
1239
82
622
1315
608
948
2236
961
704
690
741
1923
2263
51
1566
1073
1613
994
549
2744
337
2454
481
2117
1646
9
1437
520
532
2446
332
541
1429
352
2847
2437
1957
1769
1114
206
1864
12
3071
3325
1278
2778
333
2883
2445
254
152
1111
1772
55
2026
1334
457
207
740
138
1989
1182
2081
947
934
2193
112
607
2047
2125
105
1658
3211
1072
1876
1553
232
277
710
2392
846
540
2624
2563
614
558
987
263
1682
428
1031
1118
3297
61
3277
2110
1331
528
685
2819
815
595
2446
59
1881
242
1737
602
807
2387
2815
1355
220
756
1792
686
436
428
1880
1446
1036
3443
2925
1859
1651
1793
518
1650
3567
208
1344
554
1917
678
842
1207
2961
2686
1287
3326
916
1020
2255
1796
1162
910
1237
95
319
2367
16
634
768
3604
941
3845
3113
1220
2351
1221
1871
126
2359
224
863
2128
2686
1545
2663
650
134
1609
1475
1916
2904
2625
2410
63
1893
2678
762
480
2251
3264
1100
3235
2340
50
1992
1264
965
1167
1459
1541
407
701
1015
1134
3091
721
526
1957
1108
1716
376
2689
2082
2458
92
2565
3812
1153
1037
745
1310
408
2678
1631
2463
191
1540
292
2347
810
2270
163
2363
306
2203
2570
237
3081
2807
713
3414
3609
156
3649
189
3420
1229
572
1650
1518
2083
1682
929
1043
1898
1595
565
2447
3070
1002
2764
1567
931
3126
2264
2700
3097
2941
3493
2918
306
368
1762
697
187
1749
1273
1394
1641
440
2336
2884
2006
3259
3899
2092
2317
1173
532
330
407
1456
19
16
2463
375
2004
567
773
290
1199
77
833
640
1807
2623
397
816
919
1988
551
1231
765
1317
2195
1333
230
510
3145
722
337
1966
767
385
430
439
529
242
1199
356
1242
513
809
397
3023
729
433
3031
2598
1474
195
2099
2450
139
159
1897
3311
2927
249
1526
194
2497
3366
971
3560
3954
617
658
3255
238
3079
2827
3495
2841
2589
1980
416
861
298
2785
140
1007
550
1623
160
989
2782
2492
648
607
249
79
319
856
1714
216
467
697
1687
243
2680
1930
1534
967
184
122
1496
2711
2838
2173
567
38
1070
845
306
1680
497
254
751
393
352
103
230
1144
981
1621
1002
1752
1564
41
127
1996
483
1606
198
2097
1675
657
612
167
1245
751
375
779
2337
3116
3503
2151
2899
3039
288
532
1777
907
2260
619
1972
879
366
260
72
1962
33
1779
120
1545
3704
234
1665
225
1746
1440
890
172
1735
1617
63
1907
1528
184
713
254
396
1005
293
712
167
151
72
140
79
1244
2657
604
1326
1456
722
490
542
48
899
2496
130
1212
493
177
1389
1985
2242
1766
2206
1072
1212
1052
2029
969
1151
596
257
3081
2021
1774
1449
1624
2920
1682
2230
3679
2055
313
88
1894
548
195
2118
1148
1690
2466
547
1923
352
776
1919
2751
2702
2947
1539
3161
845
1387
3148
1560
784
201
3486
13
1787
2329
3687
1774
320
239
168
3106
630
3057
479
310
789
120
2836
1107
891
102
2938
1159
2145
1710
1011
788
1779
1117
986
662
1781
435
860
1840
265
1251
927
2700
3216
2763
2015
2525
1787
1345
2499
3100
453
2174
691
2233
510
1769
536
228
1573
1542
2279
882
2218
846
1292
1408
3064
540
713
1595
2004
922
2948
1353
1553
1253
3245
125
3488
3451
823
2242
3595
927
3795
2772
679
104
3193
1518
755
1535
1897
2032
612
348
1388
1014
2183
1210
1392
3424
45
320
1740
1150
1255
340
890
1559
193
1348
513
1420
3469
1042
2449
1420
1040
105
2498
2221
1906
1899
494
147
2633
2393
2048
2486
1541
277
905
2570
3101
1786
2587
1913
26
1665
78
870
1008
17
795
345
1315
3127
683
1939
1118
858
3057
945
948
2462
635
1086
1868
1514
1199
906
347
3035
3531
1705
1439
3540
3382
3887
1284
1725
1827
1330
1826
2764
2092
2037
121
2101
2603
506
3570
1566
2233
881
1159
2988
451
407
1422
2503
1352
1074
2107
1065
2040
1081
1042
445
2272
2890
231
1892
3817
1548
2607
51
1775
3121
998
988
1634
1925
3834
2269
2658
2537
347
1974
601
82
1082
2752
496
948
2130
1429
1802
2056
778
2614
599
519
3078
1565
3754
3392
128
2237
541
811
254
546
2432
646
2084
314
1722
958
1579
435
362
1649
2036
1177
515
1638
1272
3213
621
2588
1799
119
1855
1144
523
3209
978
990
2653
2412
796
1796
780
1616
3902
616
162
2400
1000
784
2189
2470
10
65
315
3122
164
312
3740
3434
2003
1215
2232
2238
1737
1405
695
2785
847
531
2634
2572
139
75
322
197
250
2377
2951
517
2473
188
574
2433
2235
1257
1245
1449
48
737
250
1166
1229
147
575
1181
1416
103
2006
329
63
722
268
2570
860
1903
606
1391
914
454
785
2380
570
2183
850
2630
1613
1420
122
3480
1542
2225
1917
14
127
397
3210
1867
308
358
2705
1161
1931
1469
383
2603
1591
524
2312
341
3083
227
2986
3405
2836
2856
1266
1343
2347
1511
31
77
1378
3165
613
2654
3318
548
787
664
3202
1232
1970
1311
628
41
1578
1587
1480
683
2889
587
145
546
1546
1643
1941
732
2049
488
1026
379
2885
1219
1017
2537
1023
1707
3540
2528
1323
3409
3264
3584
1666
1063
603
821
1728
1631
315
1856
1593
423
3455
3321
1555
1908
1305
11
1087
145
1316
1208
3281
175
1541
202
1965
3449
293
1890
1339
1766
1559
901
2252
54
714
1656
1351
85
1365
1372
187
1710
942
2411
2737
3029
971
468
2671
1623
997
2158
1064
151
2447
824
3444
2368
1163
1544
1393
1205
559
52
339
2409
396
2155
1554
2165
2805
244
1210
646
681
582
2551
2223
661
1665
402
493
601
1890
298
611
966
391
2708
1876
1498
144
1381
3354
1520
2020
495
1642
575
2217
594
1699
1973
884
99
711
2378
360
2399
1086
182
2406
1079
1617
1091
352
3725
7
2751
1608
1707
1059
2541
3016
727
3732
2018
1978
794
2959
3089
2477
1294
1025
892
1111
499
1705
2165
2178
1683
13
708
130
2564
2319
2405
1391
384
1482
534
780
892
131
2315
1293
2404
11
2446
1424
1402
104
848
157
473
22
1111
610
2808
1756
1599
2326
2229
1209
1684
482
3704
475
97
1099
3222
658
1002
39
669
534
2580
578
3142
262
1203
2741
3603
447
547
896
2335
2294
2194
1888
2880
1231
1924
974
1894
2474
2466
3883
307
3510
398
920
667
1409
1036
2280
1417
3203
3316
1994
278
2280
1036
1655
566
1606
793
2258
1294
1998
2025
387
3782
398
964
1313
1524
533
2004
991
2115
1438
3350
1152
3432
1777
2570
265
2198
2190
3607
2305
1846
691
2537
1124
2399
1829
87
1266
1777
662
937
1890
818
52
2491
1353
1837
575
2020
511
3630
2431
953
1554
1072
766
705
3242
2968
843
750
19
1829
2125
2949
180
2463
731
2151
1079
3129
3880
1765
2531
607
2877
753
2393
3649
3146
1888
1992
691
2999
952
252
2683
3690
38
337
271
1234
784
586
1855
480
1270
450
198
3442
161
2557
736
334
1259
2813
382
420
275
1593
2546
897
440
116
2036
1043
2051
2152
2167
1239
993
1567
574
1008
699
1457
309
312
928
551
313
343
1708
250
444
1385
469
1135
1148
1346
791
163
948
1579
675
403
1047
206
562
2478
1756
1353
78
1262
722
1216
922
410
2679
2113
804
566
1875
3526
1307
1309
371
1264
1651
1836
277
260
677
1940
235
1586
417
1542
495
2617
2051
744
1315
2681
1959
1387
1607
139
1376
1536
1054
1083
2108
499
1268
584
1650
1623
109
799
2092
3339
2938
2021
1247
401
3023
3132
573
1134
1508
2408
277
268
1376
2669
3916
746
2536
745
183
2711
113
1639
1965
1544
1928
859
928
296
306
3509
422
1209
10
918
3182
292
227
444
2655
1737
498
2738
527
2167
1239
656
1930
3087
1855
3472
1774
1754
235
2553
3631
2735
424
543
84
3986
896
3547
1357
1089
1496
3159
2271
888
3278
967
459
2190
1894
677
122
1896
3090
2629
1876
2887
258
255
568
299
738
2164
2463
2311
2902
2750
3209
152
1217
10
557
993
429
94
567
1003
2318
2915
867
1411
1176
1043
1739
1426
2278
1910
1192
3102
1356
3036
2782
1031
1623
248
1670
292
628
3676
676
256
3000
2451
2291
2939
2683
331
1104
1344
222
2700
1568
512
2264
240
592
292
1566
1183
785
1232
1790
1132
1315
2188
300
939
1970
1187
1029
3329
2701
685
2198
523
574
202
526
661
1513
1259
843
629
625
2575
2039
1472
1468
2668
3068
3200
1185
536
1424
1997
2792
2923
1113
2368
1078
1290
2755
964
609
2347
488
1536
1384
402
1791
408
347
572
2138
963
1951
3244
2950
1408
3619
1580
2377
294
1542
501
510
2211
3292
25
3742
797
343
1967
425
935
2468
656
1701
1591
3124
150
354
2974
226
3267
3326
2888
2748
204
1858
721
864
1922
385
143
3570
2718
1178
2634
537
1088
3423
1035
2485
2166
1701
1722
1755
1006
1758
1773
113
1886
1349
3320
880
2895
599
1557
329
427
836
1113
1362
1763
686
1996
2682
1518
2238
3103
2475
1971
469
1068
2264
2427
669
624
2391
2053
57
851
2228
1840
1611
3194
978
3
1377
848
1552
388
1911
862
1583
633
1164
2942
1424
487
704
1191
326
3066
1034
1049
865
20
2506
2032
2353
1119
876
255
2388
205
1502
573
1360
64
1117
2069
2218
752
1455
2324
2643
1555
411
1119
434
392
211
1911
1316
1273
1009
1996
2336
340
490
1709
1181
123
2890
1933
2895
253
1156
3148
2445
3562
3601
1992
770
1361
1289
660
2652
283
296
1696
579
1413
1360
2131
2059
946
1185
175
1335
110
1113
1223
1164
2912
3574
1491
2800
301
1748
2410
656
215
2571
1004
2356
1219
1308
1147
39
1520
1108
877
2125
311
2667
1985
3002
3680
471
1633
1498
356
52
896
427
948
663
375
1030
1114
151
1088
937
1919
928
1411
644
3128
2055
651
69
923
1625
1457
2306
682
984
1952
2988
1622
3621
238
3659
2037
593
193
61
2253
287
1952
2545
923
939
593
254
2060
2188
3706
1628
2812
1328
3017
376
2282
2078
1205
499
2102
157
894
2378
1484
887
1689
1978
289
2641
2746
2832
1779
1405
1088
1541
1091
426
218
1729
2400
731
896
1617
671
369
721
352
631
2163
13
3318
3369
2150
1269
881
2695
3305
1476
2930
2008
1600
2929
2247
2116
1024
1081
2693
2922
281
3233
1828
959
68
37
900
1956
2847
2797
1712
3158
98
1976
1845
970
1788
374
1414
1597
3256
2074
245
875
2799
2219
183
1187
63
3570
3815
20
3750
771
3795
26
2944
1120
580
951
466
2977
2111
1344
1958
204
2542
222
581
2129
2884
2710
2812
3532
2216
3255
229
1132
755
1992
59
102
720
889
1933
1239
2016
16
1468
1961
633
2362
240
302
2602
805
2300
55
323
2307
425
563
2732
2870
3325
2400
3105
750
3082
1783
1927
124
1870
2828
2227
1183
974
1854
373
876
1044
1249
3004
986
3477
2103
828
1709
1291
2423
797
1952
1314
86
1939
164
1228
1392
1540
1275
1076
649
713
442
1369
277
1173
588
427
363
612
3357
1078
466
2978
607
1896
3023
1035
2075
1127
2555
1497
3110
2806
3590
3202
576
304
1447
1359
545
2143
281
1598
650
2214
1422
625
89
1370
2222
1378
52
536
1995
2929
290
1983
577
844
1326
1567
599
2273
2814
1406
1400
267
494
1408
505
1902
1667
389
3234
1894
1190
521
805
1739
1248
1046
491
579
489
411
786
185
1109
611
498
2112
3030
2088
2738
280
918
2551
1488
1329
1704
346
752
1272
1617
768
1781
1046
966
487
571
1013
406
3262
283
863
926
1354
1688
345
1659
415
1630
180
1004
1124
824
300
1388
1718
596
2218
1066
1718
3251
1201
3327
1013
1642
76
2238
2918
3106
188
530
225
3107
334
1009
930
1264
1843
1638
79
3481
1574
165
227
97
1985
2084
1409
1347
987
33
1314
1752
1514
1020
1087
2526
3266
978
936
2083
1023
1825
1959
1196
1718
842
2034
745
2059
435
1631
1206
1180
3631
106
568
2535
1077
144
375
2878
3657
2100
2105
1814
2503
475
2390
1552
1784
5
1824
2003
1829
232
3096
556
712
2188
1349
108
346
1024
1888
2729
841
3200
3163
1957
1139
521
896
1245
287
806
1084
1264
2070
2801
731
2927
764
1286
2259
1430
257
323
453
1349
1715
227
2056
975
503
459
409
44
1938
2347
3752
632
682
1923
1021
1197
867
1056
1888
1420
728
1318
1520
2944
468
381
2218
849
2148
628
491
358
2064
584
2599
1706
1480
784
433
274
761
2015
2855
19
712
2215
522
1495
219
1646
800
1246
1173
1865
1436
954
446
270
3182
482
132
2856
2573
2614
319
928
41
2076
166
829
1303
23
960
1156
2158
231
196
729
510
2877
867
191
2010
3240
2074
1934
2935
159
1194
376
820
867
1236
1689
740
132
444
746
483
942
1243
1111
579
3704
3625
1285
267
3046
255
57
28
3863
2753
1044
522
118
1069
1110
892
219
2643
1109
2014
41
3535
539
2261
25
602
389
1659
1000
1084
2666
3123
670
3068
2115
293
1487
1061
426
244
1177
1667
807
2643
392
335
2156
1172
2844
3333
568
572
825
1199
3035
2308
4013
992
440
253
993
165
1855
133
1602
2024
693
2302
2315
560
553
1690
13
363
2862
1469
2613
422
1621
860
1322
1710
1342
536
1715
1588
2706
668
725
797
609
1473
2270
864
2727
385
1674
748
1418
2891
1053
1076
63
3129
1289
2377
363
221
1079
76
796
1819
886
3664
579
2181
223
1023
90
1602
8
800
1233
1009
133
1788
156
969
3823
1959
3540
145
76
3355
3414
2004
2102
1333
930
1209
1154
3291
55
519
925
2357
1836
1297
1086
820
679
2584
1121
1632
3263
318
1494
1572
735
390
1812
533
78
2214
2307
848
480
162
572
2292
72
2202
361
12
923
282
2201
145
349
79
555
2364
476
514
2907
164
757
904
935
680
31
1940
49
2338
1022
2819
83
2387
2736
2056
2015
1884
194
1647
1821
627
596
1957
892
1160
2849
3360
797
1323
2342
203
555
511
1944
1116
2862
60
2239
895
817
354
585
2691
128
2595
1079
2130
2154
672
2214
353
1755
311
1235
469
2108
2419
154
148
1842
675
2776
2586
26
3175
3403
3435
262
1986
190
808
185
2873
618
600
2248
2463
228
2563
32
1516
3173
2688
2274
1362
1274
2579
415
2629
355
983
2349
2589
1267
394
1366
1095
343
240
660
1322
13
900
1309
1602
88
788
752
567
173
1933
1273
13
160
737
1260
2019
759
897
2911
1794
1024
887
1117
2881
814
770
1361
1176
1764
400
2067
1130
588
3475
3380
3519
1598
95
3125
1656
1782
3905
3030
3252
1287
1461
875
2162
1746
653
859
1052
1357
54
33
2004
1408
900
1232
87
1354
822
1075
253
1374
1712
1539
321
3548
183
15
3869
690
893
817
2173
2316
3884
3519
215
342
1203
2198
1902
1516
444
1960
2263
49
2214
481
259
1287
2047
1356
879
2235
310
2094
514
2504
2512
1736
271
322
2950
205
527
2205
1186
2254
3166
480
2701
2482
1346
1210
1136
2686
2221
888
14
1414
1772
526
1436
136
1550
399
1575
394
1661
1181
148
159
2055
1942
1352
1792
666
598
1351
2458
1194
1329
1391
128
753
1410
135
881
812
1130
1282
475
807
1275
1131
2644
1837
898
1513
630
2265
3586
2523
536
1207
1635
1935
2184
1807
667
1968
1893
2474
1706
1558
2209
2107
155
565
544
518
2262
894
395
2781
1441
95
1880
1744
376
2084
1306
2726
19
1324
2688
2087
778
2568
26
922
1309
1312
2337
1121
1194
1641
1087
523
1118
1004
311
80
1161
1880
251
450
175
1689
199
1456
1631
34
700
1286
2549
3594
3647
586
2217
1864
624
382
230
1849
1045
687
358
1108
53
109
803
259
2178
1758
1134
624
2134
2037
1474
848
626
230
141
490
1116
576
363
1677
260
419
542
2040
1365
1417
111
896
66
1402
860
2066
1334
638
1766
467
1226
3400
1972
607
759
2763
2004
2174
170
497
437
1346
52
815
1398
1476
367
1808
923
19
2098
1031
1175
1862
108
1754
956
598
152
1156
2361
2573
2769
564
1797
1014
247
767
1612
133
574
2323
989
2508
375
508
2228
3016
858
3004
199
2146
791
2001
2053
2020
2792
1086
2368
2293
2104
189
147
3878
52
2139
956
283
174
1773
3058
645
659
2662
457
2230
1585
2542
742
1800
215
1255
896
1040
359
21
1166
2413
1373
3067
2893
2399
3060
1687
214
2853
7
2639
221
47
174
662
1134
1424
832
534
592
1281
2091
810
2308
308
1639
3127
719
3179
699
1440
1495
437
576
1859
1135
919
3279
2478
2121
1122
410
3689
3751
801
2922
62
2984
583
999
2595
1582
1543
244
918
3096
8
3088
3307
1419
2333
790
2186
2188
113
1102
2577
989
2583
455
192
87
1833
1464
479
529
1444
3236
935
1028
93
2042
1949
2183
3239
2520
659
711
3101
1248
1022
1310
1654
1063
3520
1337
3286
3318
1278
32
376
3256
192
1443
1267
1487
176
89
2993
2930
1840
1936
878
1822
1209
1101
16
1124
280
108
1085
1315
2294
455
585
3124
729
1404
388
1703
190
265
3511
49
443
1750
3314
1040
655
216
2193
3337
2395
3799
287
2737
757
1728
2754
188
3987
2284
537
1719
1529
1182
1491
994
1691
3377
1044
1441
228
2982
698
2818
1377
1316
280
2120
1531
3059
2693
96
1528
1238
2265
774
1370
1627
593
1141
457
510
543
1051
1644
83
1594
460
2051
548
204
1727
1673
967
1752
419
1725
1012
1982
2653
568
3430
2862
1784
1590
671
52
329
590
1674
2626
1454
542
1382
594
225
736
482
664
235
182
247
2983
1060
2631
1888
1014
684
569
315
1407
378
1418
765
114
641
780
1117
970
967
441
435
1541
1166
2112
1976
946
669
100
2088
264
810
2365
1824
1916
1861
792
672
727
65
2773
2838
3007
3221
1018
2434
3024
214
2305
2109
1095
460
1078
1150
2763
72
194
46
797
942
2393
1451
1597
2539
128
1046
159
3184
267
716
1178
434
1264
2393
744
1580
1844
475
291
264
2141
1871
423
1137
691
216
700
2412
1218
2431
941
3194
65
26
2583
2858
312
1633
1179
1068
1855
288
2939
2812
1345
2998
444
131
2247
2
571
369
324
387
682
805
3998
1401
3731
1923
2330
3112
2397
267
449
2075
407
775
782
7
2390
728
1757
1472
319
1999
2288
2201
1791
2338
2318
525
2410
87
1493
410
935
398
1542
49
558
873
573
2686
725
2066
2871
2547
3123
455
1879
711
676
576
220
1252
132
404
2401
593
1883
