1
2
473
3
4
5
6
7
55
8
450
9
56
57
39
124
10
11
12
13
14
15
58
16
17
18
19
204
40
429
9
19
8
38
54
57
58
59
13
20
1
6
11
21
4
3
5
22
7
474
23
10
23
11
39
7
3
4
58
17
13
24
398
25
5
6
475
8
9
80
37
26
474
2
10
16
12
177
362
40
28
452
490
489
472
84
41
42
4
5
6
132
1
564
7
124
9
133
10
11
481
135
12
534
13
487
14
1
28
92
6
452
84
43
60
44
1
15
5
56
44
28
35
6
60
14
368
2
451
45
29
85
10
45
73
9
6
337
34
324
117
74
449
14
4
29
270
30
75
75
42
50
82
52
2
171
8
165
13
7
29
2
44
19
51
6
45
32
489
30
48
33
11
12
5
13
14
15
16
16
3
6
17
177
2
15
18
827
1004
1003
1002
464
1000
999
462
450
821
819
441
817
376
23
20
580
1012
375
374
6
371
4
3
2
1011
1010
10
8
453
452
451
449
3
263
88
487
486
485
484
483
482
481
480
101
900
393
505
49
752
10
5
370
30
1
716
47
470
19
491
78
560
361
1
1036
941
1034
1033
1001
3
2
1032
1031
4
1030
1000
1029
12
1028
1027
635
1026
1025
1024
8
419
14
1023
1022
19
1021
1020
1019
17
1018
1017
1016
30
649
575
973
404
647
1001
2
400
571
646
1030
3
570
22
42
894
27
19
891
984
887
464
21
883
882
881
880
1
805
432
7
13
878
877
876
875
874
873
872
870
868
866
20
865
864
863
862
861
860
5
859
858
857
855
425
852
850
2
182
184
196
628
627
6
15
7
323
5
14
1036
3
8
1
4
645
511
1035
13
1034
1
7
50
1014
1033
358
959
53
492
965
641
1032
964
298
491
1031
15
22
493
647
20
18
640
14
288
494
491
15
586
2
1031
1030
28
3
485
13
73
635
277
188
266
1029
753
333
1028
1027
2
17
1026
39
427
840
836
847
30
756
505
24
332
493
629
752
786
480
263
12
23
38
1023
4
10
6
628
783
1035
253
9
1023
1022
1041
71
975
382
381
1
12
1032
13
922
626
10
728
506
240
1021
1020
487
67
411
420
33
859
429
775
621
697
15
419
295
618
20
957
852
1039
617
1002
418
231
8
628
9
954
1018
2
1024
500
953
826
952
180
499
1032
3
951
1007
1043
1002
526
18
1031
1
5
950
1042
1026
498
10
1006
1005
1041
1040
12
1
1042
9
458
1024
1046
726
943
264
482
228
411
357
752
303
16
305
227
648
43
365
1040
1042
6
899
15
624
276
895
41
500
979
678
316
961
543
542
541
2
7
731
1
451
912
911
910
231
909
908
907
906
2
904
230
1004
20
884
901
899
859
433
866
888
879
208
457
50
344
311
480
209
409
314
269
313
42
515
312
418
589
249
51
220
219
199
750
1
1007
1031
719
6
246
900
1020
17
1
671
208
512
249
977
1047
505
401
565
630
400
652
1037
1052
207
1021
363
403
666
939
497
1051
512
27
1041
231
421
1043
1045
1042
2
449
565
754
222
723
666
12
1
3
1033
5
219
45
2
888
652
955
933
858
513
855
3
215
851
848
1
216
437
679
465
11
784
509
878
842
461
662
1044
639
276
667
393
251
60
660
1042
196
937
853
874
4
658
392
1043
724
10
514
1017
492
386
498
657
508
470
401
313
195
400
497
648
655
292
450
201
539
656
940
668
63
340
328
327
448
326
236
610
325
324
323
322
321
144
135
298
426
381
224
199
223
447
622
346
273
302
478
23
233
42
132
198
282
28
130
518
424
29
345
347
615
375
18
374
51
232
239
512
518
499
1036
1014
1051
1047
812
774
772
771
780
770
769
800
768
607
448
569
803
766
765
633
1039
3
770
934
452
471
277
768
178
1054
766
175
2
306
58
541
173
202
1029
1056
628
1032
801
5
539
13
6
4
514
442
8
3
519
12
211
11
504
9
97
515
167
249
134
525
156
113
545
240
15
328
112
504
503
226
623
338
348
60
44
45
958
533
689
670
154
778
901
876
932
1
934
930
10
11
819
928
806
856
5
881
802
914
911
903
926
924
866
880
922
906
910
920
2
918
852
803
666
517
665
2
658
944
304
1028
543
1048
896
450
408
1036
227
938
772
105
387
540
532
192
426
154
574
106
168
148
208
313
348
110
128
166
160
3
166
192
148
141
519
510
4
473
277
33
255
517
151
161
526
143
165
449
284
313
67
164
256
254
223
121
168
351
323
45
359
197
364
11
676
1030
3
678
1000
600
697
606
463
1
307
306
1002
206
715
603
828
602
741
601
599
402
428
471
860
9
816
915
897
909
882
1
807
622
785
784
663
742
198
861
851
905
893
938
877
882
888
890
869
868
821
936
883
808
892
930
8
1048
889
871
2
867
3
1
226
129
97
355
176
177
178
2
518
8
517
10
227
5
6
522
180
363
181
114
269
316
554
370
9
1
4
5
7
528
2
518
519
523
387
428
529
201
45
6
527
363
54
414
488
526
366
525
476
505
46
538
3
4
7
6
520
1
519
8
118
369
363
374
25
377
242
669
555
665
656
429
663
668
674
667
447
117
2
204
525
264
446
445
436
450
471
441
466
371
7
6
3
100
4
220
215
214
213
583
111
212
217
119
124
126
132
100
523
118
3
5
358
234
2
243
647
242
245
8
226
97
241
73
188
226
98
253
192
164
173
2
3
524
523
4
123
528
121
434
525
175
533
357
98
317
527
240
227
245
244
247
6
649
242
243
123
653
537
103
284
358
149
388
98
525
2
527
267
317
100
129
151
287
145
567
357
268
104
129
542
5
541
1059
440
3
246
12
1003
1033
485
1021
1017
1013
483
1032
102
21
109
237
93
335
121
16
527
393
87
99
175
104
111
155
106
98
122
97
528
190
115
183
69
153
532
232
152
538
443
314
123
81
769
200
250
1035
173
373
256
327
341
281
418
339
47
660
715
309
604
639
576
462
1108
649
411
765
648
537
647
776
943
929
939
859
1007
158
442
260
374
354
456
455
465
257
481
451
21
388
458
485
393
679
677
1003
150
534
408
601
615
994
1022
14
35
742
578
1027
364
321
674
676
673
684
429
1019
403
207
568
434
1068
1031
817
404
39
1036
796
142
1010
426
784
981
933
913
890
805
655
8
1024
1029
948
906
1043
1042
1011
1010
258
811
1051
410
915
886
894
5
818
926
571
539
706
396
270
181
5
1
818
819
927
4
1014
922
814
808
921
896
862
996
1028
566
667
399
413
685
660
412
416
84
774
552
160
311
377
691
282
476
511
1041
868
1018
322
545
1026
555
1017
508
1073
1024
787
670
1030
7
312
644
657
192
468
903
409
185
167
116
349
115
467
454
266
251
489
101
485
455
476
104
483
575
912
911
874
813
867
909
891
907
871
901
942
908
860
884
819
811
910
828
906
256
1062
84
662
514
1
553
477
681
456
675
162
906
886
868
903
829
900
902
910
892
823
598
594
1
590
589
588
237
251
655
250
253
252
160
225
231
133
196
654
178
184
282
238
179
176
173
162
270
172
184
315
175
174
679
374
67
373
727
104
372
631
371
775
661
588
599
591
593
590
587
586
584
583
594
582
121
592
581
851
888
273
524
563
511
275
548
579
553
241
559
272
252
37
153
509
76
393
585
184
554
1026
96
216
228
191
215
62
378
19
376
28
446
592
594
14
843
679
841
860
32
743
407
263
410
599
114
490
11
382
1053
530
942
793
417
628
959
815
890
870
849
912
1
794
439
793
644
272
790
575
735
1073
480
681
1078
812
934
823
829
879
927
443
445
875
888
896
886
816
847
442
845
909
441
440
894
842
268
438
889
825
1
840
876
945
887
871
838
837
92
965
792
921
890
866
891
901
872
938
873
929
132
137
118
144
143
171
152
154
156
129
123
142
169
446
115
521
159
139
167
157
127
136
242
450
138
140
363
812
1049
1052
997
801
430
871
805
881
449
857
1014
1049
5
1020
1049
1017
1019
1028
1012
812
1076
1033
1020
1046
1012
480
1048
1018
1043
494
2
1041
1031
1044
438
840
1037
1032
1015
956
1044
1023
1019
1049
1023
1053
1
1035
398
627
630
290
629
320
292
626
298
284
631
820
422
700
818
544
481
915
819
817
813
841
928
934
830
888
816
935
901
875
877
943
848
887
880
876
930
892
947
814
241
889
895
439
989
1017
1054
1022
1047
283
1077
1053
1025
1021
13
212
106
37
63
378
82
5
23
2
32
467
250
5
33
4
27
16
25
28
12
3
20
18
24
23
32
22
30
15
13
8
34
17
31
25
7
28
21
29
23
26
186
22
191
189
188
190
606
378
192
32
15
7
33
352
22
685
3
37
709
351
596
184
186
13
35
553
7
9
10
1
24
6
94
9
10
65
109
52
20
22
75
28
239
541
259
285
70
105
84
100
128
102
3
56
118
196
126
4
80
117
69
130
75
9
5
7
4
486
334
7
8
86
99
8
73
9
124
2
127
1
614
3
340
13
11
16
4
121
240
341
586
126
126
635
342
1
2
366
6
1
5
3
527
352
201
761
770
637
17
50
180
129
14
1
17
659
11
125
572
136
132
13
630
127
269
7
653
15
535
118
170
228
265
260
131
16
268
137
646
478
7
293
194
531
351
186
380
282
315
14
231
346
159
304
168
21
24
19
341
163
568
54
75
32
152
18
295
660
332
314
129
151
148
152
149
150
157
238
461
153
823
385
350
716
524
512
43
622
1
724
523
834
483
658
319
134
180
829
21
729
423
265
522
867
305
22
18
32
33
192
5
12
232
189
25
126
27
28
204
681
116
374
26
21
24
10
35
31
23
705
157
696
160
33
32
3
30
34
13
23
28
2
35
29
186
15
31
25
113
351
9
36
35
33
37
349
625
693
229
475
201
376
211
222
233
223
7
8
17
43
15
29
286
185
165
10
691
9
37
164
27
3
26
31
692
538
344
355
345
346
445
543
26
31
717
15
1
16
30
309
14
21
16
23
5
305
7
25
13
1
22
4
238
20
16
2
24
3
762
281
456
631
436
6
5
738
343
3
852
455
12
372
16
21
7
407
100
11
127
5
305
4
26
7
13
22
10
17
21
1
3
175
2
18
9
304
376
340
453
24
409
303
11
23
19
8
30
3
26
451
10
7
12
13
14
6
65
23
4
5
26
6
7
8
11
2
9
3
72
10
569
15
210
1
7
221
4
263
135
3
9
245
5
465
7
122
115
2
174
274
45
1
486
289
2
6
3
259
4
7
5
231
110
425
10
1
225
1
2
391
388
64
107
12
81
41
24
42
115
132
97
43
282
19
20
555
110
29
8
3
4
109
1
496
6
8
2
36
1
3
6
15
19
2
161
11
21
22
20
33
105
738
21
24
2
294
12
30
189
93
5
150
123
122
322
6
124
105
92
5
390
21
12
314
407
764
118
63
6
332
7
556
670
8
23
20
518
3
25
6
2
498
227
88
128
414
78
77
131
521
138
42
113
172
79
40
278
5
80
82
4
3
324
398
27
463
4
5
140
316
5
16
11
51
10
7
695
2
109
222
5
1
65
696
393
9
327
1
164
207
167
332
124
1
228
336
274
4
2
62
3
6
18
1
2
7
13
1
8
22
9
103
180
6
1
157
2
7
2
6
9
8
3
2
334
7
3
142
5
101
587
172
591
58
20
21
40
103
12
42
7
38
11
41
30
8
82
8
584
73
1
2
4
27
23
34
16
91
4
21
44
80
62
16
34
34
71
24
12
77
33
28
4
11
19
2
15
353
102
109
79
12
28
36
84
5
67
1
8
38
76
28
2
50
5
19
17
11
609
29
38
21
40
31
30
17
37
87
25
7
18
40
27
66
51
37
18
574
575
31
7
20
33
19
9
72
31
52
36
17
18
6
85
8
40
36
88
24
47
113
41
53
810
135
55
31
42
19
28
35
20
55
22
425
2
4
464
5
402
1
3
613
397
6
185
349
365
302
348
177
380
442
100
98
358
54
1
5
25
45
54
79
53
20
25
6
8
99
97
98
173
462
458
15
31
7
56
76
74
69
86
139
69
73
3
30
355
169
95
207
59
16
39
56
1
22
96
10
9
48
7
76
3
24
40
15
68
12
57
17
39
77
13
23
13
65
40
15
10
17
4
25
47
41
24
9
12
33
58
14
2
59
58
8
81
75
13
77
11
66
7
34
12
23
41
48
27
63
10
20
9
56
13
8
26
24
12
79
28
403
37
13
6
44
71
43
9
26
79
7
28
10
81
58
60
227
346
67
55
48
41
13
56
4
73
32
303
1
8
56
68
72
32
65
22
4
33
34
31
4
24
626
36
751
14
55
764
7
3
1
71
53
23
455
72
750
25
62
608
17
33
35
53
21
606
65
344
600
69
9
61
55
90
38
63
41
72
4
1
12
9
16
27
23
11
52
68
3
43
38
15
35
3
73
44
61
8
26
22
2
65
34
433
552
341
243
7
72
28
807
296
9
13
37
59
10
78
133
63
21
48
112
64
61
31
45
33
24
34
7
40
62
60
36
76
21
39
35
554
43
14
3
7
81
23
52
54
31
33
49
234
445
102
2
330
2
328
4
346
1
3
1015
74
160
339
503
247
397
390
484
376
7
273
13
371
438
20
6
750
756
761
544
889
4
543
3
544
10
568
646
552
194
517
506
277
2
532
196
223
3
1
4
400
5
6
255
215
156
68
401
242
148
100
301
539
374
149
67
339
785
18
12
251
33
25
23
21
22
512
14
630
305
298
14
72
572
2
257
7
464
462
358
448
45
454
437
644
1
40
529
57
10
8
50
18
6
135
159
188
9
69
190
1
228
222
2
6
3
101
68
746
1011
7
22
140
11
756
762
20
340
312
149
208
24
23
27
19
25
385
137
283
247
9
1
27
247
49
233
255
471
257
470
219
69
472
217
512
134
174
191
55
3
4
3
104
277
1
2
754
843
6
636
1
44
4
2
355
10
3
1
4
3
5
5
596
985
1
793
527
800
2
2
1
520
146
1
3
146
835
757
336
644
558
632
542
635
636
240
522
328
411
6
13
14
9
15
17
10
10
28
1
2
437
443
277
402
129
155
109
2
353
35
298
39
291
17
19
18
18
471
363
4
2
31
35
76
119
108
1
37
750
346
1
401
239
23
114
127
145
107
5
89
58
6
39
131
3
998
792
956
838
9
3
10
31
16
2
20
6
22
177
11
44
25
10
13
23
304
42
27
303
30
371
257
437
52
6
14
37
311
2
6
188
3
463
146
156
1
772
4
258
3
1
786
404
14
767
2
295
830
838
387
264
356
98
298
466
582
374
809
480
1003
172
34
3
19
182
100
115
3
126
17
102
101
129
122
38
1
56
48
23
3
45
36
15
29
151
680
2
134
13
31
28
598
60
1
7
463
34
47
1
21
1
3
20
19
18
131
158
6
2
273
552
160
29
51
310
323
10
532
545
47
404
405
402
1
418
11
19
21
488
332
2
490
492
475
453
3
7
5
522
14
13
6
5
8
2
5
208
65
6
2
7
22
8
9
10
11
19
43
21
124
88
90
95
33
31
17
43
11
40
44
41
19
29
18
30
46
25
187
320
209
90
18
5
324
796
388
229
104
109
549
807
481
756
757
327
13
5
2
19
184
34
12
41
182
161
29
8
9
23
15
2
1
10
11
16
7
6
4
55
487
8
22
32
40
4
308
540
16
710
244
41
16
15
28
73
12
6
308
14
1
16
17
19
2
3
132
4
61
67
62
63
15
13
18
5
146
1
12
222
114
502
177
212
301
4
3
488
227
287
2
3
1
26
7
13
15
10
623
30
7
61
44
18
184
8
59
47
472
107
6
387
5
687
1
551
2
1
525
549
490
664
569
475
524
473
578
1
486
7
1
702
8
1
5
126
3
6
23
26
423
108
7
454
137
2
3
115
119
5
687
6
2
290
171
323
2
223
19
6
259
10
373
46
50
233
297
12
28
26
334
33
14
60
37
16
66
4
3
38
564
676
1
369
678
39
111
646
59
114
3
1
7
2
5
21
271
8
40
97
7
16
36
91
4
14
21
112
69
677
234
91
2
5
54
1
619
2
2
338
12
84
52
91
3
55
49
521
1
528
517
384
458
1
2
520
203
470
499
477
4
192
250
2
424
199
522
518
429
57
627
459
75
1
48
500
389
173
14
29
150
8
28
23
22
20
170
148
4
26
10
479
531
25
25
23
105
210
523
355
4
110
706
145
574
804
34
35
550
443
351
1
817
64
65
164
465
19
590
22
426
195
539
55
319
548
443
165
16
422
13
6
268
302
14
15
522
3
44
211
728
577
364
7
1
43
1
10
138
250
257
235
536
133
197
326
23
155
733
370
1
265
5
9
10
2
415
737
262
476
13
361
438
536
11
266
612
609
474
10
52
4
10
3
5
1
3
2
191
11
61
4
176
1
193
460
6
4
21
5
77
207
8
27
46
463
36
181
1
35
69
86
278
224
50
322
35
14
370
331
42
93
1
128
634
175
259
2
8
3
4
5
1
6
6
7
3
8
9
1
7
119
5
9
716
854
1
3
2
618
5
2
58
361
966
773
718
698
399
14
6
270
3
18
5
2
13
8
9
10
12
28
45
65
19
119
23
152
374
309
278
275
97
9
203
1
3
2
276
14
273
5
305
116
8
351
138
105
153
195
4
260
1
2
27
26
4
482
528
189
9
24
12
14
12
8
321
150
166
154
9
7
10
6
471
160
8
486
3
13
5
112
79
147
373
38
110
141
143
6
8
177
4
2
12
7
703
12
9
14
304
46
24
41
33
1
2
136
32
3
23
43
74
142
31
138
30
32
11
68
42
277
15
4
21
203
389
349
495
8
158
14
7
2
354
532
20
3
9
22
11
2
19
17
26
311
4
309
31
4
11
19
24
184
275
22
273
5
2
10
18
3
290
44
965
768
245
351
120
274
296
262
287
11
119
153
285
29
284
22
2
12
283
3
34
276
54
460
3
7
9
151
220
4
272
109
274
9
248
159
55
284
609
148
393
244
65
287
21
11
5
3
355
5
4
1
2
56
7
54
53
3
6
2
1
4
11
175
47
5
5
39
42
9
5
6
5
2
3
1
4
7
12
199
140
1
3
4
51
18
12
1
2
51
5
3
8
32
11
501
30
71
197
13
15
14
1
9
50
2
12
42
48
1
8
169
377
180
203
2
270
17
3
11
14
7
431
9
10
2
1
18
10
166
144
9
8
3
7
3
13
15
6
5
71
4
98
22
96
27
262
4
31
371
524
117
19
12
5
559
292
23
1
63
7
4
6
3
3
5
1
4
5
213
395
1
3
4
561
1
242
17
6
3
19
180
169
142
153
159
77
4
1
206
181
22
212
7
15
163
14
204
5
51
230
142
171
10
3
410
957
956
983
116
549
17
103
118
16
11
108
17
736
1
460
544
3
2
366
598
230
1
271
15
200
539
791
786
671
2
3
1
4
10
3
422
9
14
671
417
668
1
419
301
421
17
44
24
140
251
17
1
2
20
16
23
18
45
27
21
3
8
468
1
4
39
25
130
5
15
24
10
22
20
156
159
180
25
20
19
135
134
3
426
25
38
4
21
13
51
48
42
9
539
334
8
8
17
2
207
240
394
3
39
335
57
63
2
1
3
1
127
2
22
519
149
470
1
3
8
26
1
1
18
1
180
21
1
40
15
15
7
6
663
8
299
3
93
1
4
268
2
9
297
252
480
131
56
95
268
4
392
45
357
85
769
297
481
20
495
2
3
15
440
20
689
29
1
63
58
59
32
94
165
648
460
2
102
7
1
8
13
3
17
6
6
27
11
9
5
4
166
262
152
158
280
677
38
655
4
180
307
178
203
1
97
118
82
284
125
124
318
128
5
11
6
14
17
724
396
283
3
271
38
260
1
214
447
118
43
15
484
15
8
19
8
7
6
182
53
57
4
4
119
91
320
89
585
543
36
40
651
436
29
323
8
309
7
26
738
10
27
327
413
308
35
1
7
18
264
13
21
2
15
16
9
1
12
11
477
10
494
4
469
22
3
1
14
283
19
9
37
8
280
225
6
559
472
140
56
43
341
50
2
229
5
471
1
108
465
3
1
3
149
151
12
178
26
24
160
4
25
21
3
203
204
14
225
2
29
26
1
202
869
3
541
1
2
17
11
10
13
5
3
12
5
3
128
2
136
238
4
259
275
415
17
3
6
5
12
13
19
86
212
236
318
346
255
358
226
233
5
425
236
346
495
253
13
123
1
401
575
2
27
3
5
1
233
93
13
127
4
59
11
36
137
267
275
17
4
439
190
8
1
2
192
1
39
16
1
2
6
13
50
60
15
3
5
185
6
13
144
115
12
4
143
2
11
7
35
9
3
37
12
57
17
4
7
1
3
3
2
1
124
182
2
5
171
16
141
138
25
47
200
194
135
58
11
18
266
11
10
385
1
1
21
81
26
228
37
153
1
4
229
38
178
28
3
2
1
1
13
26
17
21
9
4
890
1
2
2
4
887
455
328
14
20
4
13
10
10
25
2
3
5
2
1
272
3
3
2
1
62
458
8
1
7
2
244
111
3
252
187
2
78
23
459
1
10
873
504
6
5
62
4
2
120
35
3
409
116
11
9
11
5
5
3
2
171
456
242
7
3
5
27
19
311
455
349
1
384
395
354
487
3
5
4
468
1
4
7
464
6
248
3
1
25
3
125
1
292
84
81
74
71
77
173
776
137
3
346
2
16
4
3
3
2
2
5
4
450
134
1
2
1
135
4
1
244
1
3
1
2
13
921
7
945
191
622
2
76
1
545
32
58
49
6
15
14
10
13
8
430
10
27
174
3
707
188
64
11
165
157
539
4
7
54
673
547
43
277
229
1
2
240
315
238
24
21
20
16
14
28
19
18
23
25
5
132
22
534
2
177
1
600
21
363
47
362
23
45
49
2
22
2
228
10
402
9
604
1
83
2
18
19
22
24
3
4
133
132
17
1
139
4
3
2
120
1
24
9
4
276
16
48
202
27
23
29
13
24
4
45
246
128
47
9
126
48
175
5
47
12
1
7
271
546
533
272
26
30
149
10
7
8
14
12
9
4
6
1
552
566
26
25
444
389
28
445
113
197
446
12
13
98
447
238
439
210
452
60
4
6
123
67
120
141
12
150
146
283
16
107
195
151
152
16
15
18
9
8
19
20
14
17
22
11
12
278
314
25
11
2
6
16
3
22
17
7
1
1
148
127
2
15
157
2
158
1
4
51
5
78
3
190
157
323
317
57
105
7
72
4
10
103
152
8
58
978
447
31
20
406
458
450
279
134
456
866
276
460
57
6
50
12
147
79
423
5
4
2
208
406
340
1
273
2
7
9
14
297
259
25
143
1
142
403
1
109
112
1
402
126
2
3
111
2
3
129
1
411
1
13
6
135
404
50
11
274
20
15
5
2
11
2
381
474
403
206
1
404
3
2
405
1
398
12
9
6
31
461
115
16
517
29
31
1
38
5
6
7
4
4
11
1
150
528
28
269
266
3
2
137
2
138
42
12
9
260
292
293
44
1
195
3
329
2
547
9
5
305
1
2
18
15
407
11
9
29
20
9
22
271
5
4
727
723
48
61
486
5
1
4
428
55
357
21
1
42
487
42
43
35
28
336
3
719
322
236
573
2
775
242
635
1037
21
2
10
13
15
14
20
68
65
121
28
9
16
17
11
2
29
1
880
879
12
14
75
8
1
138
2
265
659
4
17
4
12
7
26
20
21
13
6
18
1
2
81
314
30
1
20
3
4
8
10
5
6
1
3
1
646
7
21
12
143
11
10
1
2
2
483
195
9
91
5
14
13
3
2
13
1
256
4
7
3
12
1
11
2
4
3
205
1
122
5
4
2
3
2
429
27
2
24
1
11
3
22
25
605
5
1
115
5
3
1
82
1
1
10
13
100
3
11
8
11
3
225
7
435
5
8
7
3
6
1
26
55
5
7
6
5
4
5
4
11
2
1
529
142
3
1
5
1
249
2
4
227
2
3
9
1
118
2
7
6
2
1
4
69
6
283
6
166
18
20
3
358
661
1
9
2
3
708
657
2
1
1
29
6
8
11
14
12
49
92
6
15
12
62
9
23
197
20
5
380
2
3
710
33
91
95
2
6
5
666
1
1
18
2
17
52
1
17
53
28
15
10
1
2
3
1
2
1
4
8
2
18
49
652
2
8
759
10
1
6
2
9
7
5
9
1
4
273
9
1
1
3
135
1
2
5
4
2
3
119
251
247
2
1
5
8
5
138
137
136
9
6
8
3
1
1
7
1
29
3
2
30
88
5
1
1
6
1
7
260
6
8
20
18
260
1
5
1
2
3
2
4
1
473
1
2
4
3
4
544
4
62
23
2
204
49
2
1
3
7
1
8
14
6
7
13
8
57
4
1
3
5
1
2
4
7
3
2
6
1
1
4
3
183
8
15
2
1
7
4
6
1
3
5
11
167
1
5
3
1
1
42
