1
86
43
42
41
40
39
38
1
97
3
4
5
6
7
8
9
10
11
1
82
18
16
14
13
12
11
10
9
8
1
80
25
24
23
22
21
20
19
18
17
1
971
242
241
240
239
238
237
236
235
234
1
967
226
225
224
223
222
227
219
218
217
1
44
3
2
1
7
1
42
1
5
1
86
1
941
167
166
169
168
164
162
161
1
457
3
1
686
1
41
315
1
555
1
169
799
17
1
31
2
1
7
1
31
1
8
1
282
280
1
7
1
559
1
5
1
116
1
39
34
1075
36
37
38
1
120
1
269
268
270
1
10
1
591
1
43
1
603
1
266
258
1
407
1
607
1
618
1
130
1
1
1
3
1
125
1
153
1
6
29
5
1
140
1
150
1
608
1
138
1
730
1
1440
1
19
1
369
10
1
546
1
776
27
1
629
1
315
1
591
1
986
290
289
288
287
286
285
284
283
282
1
982
417
416
415
414
413
412
411
410
409
1
973
97
96
95
94
93
92
91
90
89
1
943
181
180
179
178
177
176
175
174
173
1
955
204
203
202
201
200
199
198
197
196
1
931
145
144
143
142
141
140
139
138
137
1
940
68
69
70
71
72
73
74
75
1
936
395
394
393
392
391
390
389
388
387
1
932
373
372
371
370
369
368
367
366
365
1
922
352
351
350
349
348
347
346
345
344
1
835
124
123
122
121
120
119
118
117
1002
1
2
3
4
5
1040
1
2
3
4
5
6
1
665
664
663
662
661
660
659
658
657
666
1
942
941
940
939
938
937
936
935
651
194
1033
1
2
3
4
5
6
7
8
999
998
997
996
995
994
993
992
991
21
1024
1
2
3
4
5
6
7
8
9
1
947
48
47
46
45
44
43
42
41
40
1
951
57
56
55
54
53
52
51
50
49
1
918
330
329
328
327
326
325
324
323
322
1
1011
55
54
53
52
51
50
49
48
47
1
947
452
451
450
449
448
447
446
445
444
1
1013
44
43
42
41
40
39
38
37
36
1
944
460
459
458
457
456
455
454
453
452
1
949
37
36
35
34
33
32
31
30
29
1
945
53
52
51
13
14
15
16
17
18
1
923
3
4
5
6
7
8
9
10
11
1
908
1
2
3
4
5
6
7
8
9
1
897
1
2
3
4
5
6
7
1
888
1
2
3
4
5
6
7
8
1
1
2
3
4
5
6
7
8
9
880
1
133
3
4
5
6
7
1
856
1
2
3
4
5
6
7
1
152
1
2
3
4
5
1
840
1
2
3
4
5
6
7
8
1
152
1
2
3
4
5
6
7
1
823
1
2
3
4
5
6
7
8
9
1
13
12
3
4
5
6
7
8
9
10
11
1
117
3
4
5
6
7
8
9
10
11
1
1
1
1
94
1
2
3
4
5
6
7
8
9
1
14
15
16
17
18
19
20
765
21
1
194
195
196
197
198
199
200
201
202
763
1
79
1
2
3
4
5
6
7
8
9
1
1
2
5
753
6
8
7
3
4
1
3
4
5
6
7
8
9
10
11
12
1
13
1
2
3
4
5
6
7
8
9
1
21
1
2
3
4
5
6
7
8
9
1
10
1
2
3
4
5
6
7
8
9
1
663
303
304
1
13
1
2
3
4
5
6
7
8
9
1
24
1
2
3
4
5
6
7
8
9
1
647
1
2
3
4
5
6
7
8
9
1
636
1
2
3
4
5
6
7
8
9
1
625
1
2
3
4
5
6
7
8
1
615
3
4
5
6
7
8
9
1
2
1
602
3
4
5
6
7
8
9
10
1
588
1
2
3
4
5
6
7
8
9
578
1
2
3
4
5
6
7
8
560
1
2
3
4
5
6
7
8
9
1
1
1
24
23
1
543
1
2
3
4
5
6
7
8
9
1
33
34
35
36
37
38
39
40
532
32
1
20
21
22
23
24
26
27
19
25
1
481
3
4
5
6
7
8
9
10
1
327
1
459
1
466
12
13
14
15
16
17
18
19
20
1
435
10
11
12
13
14
15
16
17
18
1
406
15
16
17
18
19
20
21
22
23
1
237
1
1
381
3
4
5
6
7
8
9
10
11
1
1
71
70
1
75
10
2
318
17
18
19
20
3
4
5
6
7
1
1
326
327
1
16
17
18
19
9
10
11
12
15
13
14
1
42
260
1
2
3
4
5
6
7
8
9
1
247
3
4
5
6
7
8
9
10
11
1
7
8
9
235
1
2
3
4
5
1
224
10
11
12
13
14
15
16
17
18
1
204
1
2
3
4
5
6
7
8
9
1
193
1
2
3
4
5
6
7
8
1
183
1
2
3
4
5
6
7
8
9
1
170
3
4
5
6
7
8
9
10
155
1
2
3
4
5
6
7
8
9
1
142
1
2
3
4
5
6
7
8
1
130
5
6
7
8
9
10
11
1
115
3
4
5
6
7
8
9
10
11
1
111
1
2
3
4
5
6
7
8
9
1
96
3
4
5
6
7
8
9
10
1
1
1
8
3
1
301
1
1
1
1
59
5
6
7
8
9
10
11
1
1
1
46
3
4
5
6
7
8
9
10
11
1
6
3
4
5
1
21
1
2
3
1108
1016
1
1
695
15
14
11
2
5
1
7
1
56
1
84
1
106
1
1
155
1
170
1
180
1
212
2
218
1
1
1
1
1
1
1
1
191
1
181
1
202
1
219
1
235
1
1
1
1
1
1
1
1
1
1
1
1
1
1
1
1
1
1
1
1
1
1
1
1
1
1
1
1
1
1
1
1
1
1
1
1
1
1
1
1
1
1
1
1
1
1
1
1
1
1
1
1
1
1
1
1
1
1
1
1
1
1
1
1
1
1
1
1
1
1
1
1
1
1
1
1
22
1
1
1
1
15
1
1
1
1
1
1
1
1
1
1
1
1
1
1
1
1
1
1
1
1
1
1
1
1
1
1
1
1
1
1
1
1
1
1
1
1
1
1
1
1
