3
716
2120
766
1792
2119
174
1490
852
65
3047
439
425
3491
3492
442
1215
1222
1516
1218
1217
2822
1
2
944
481
8
572
1752
563
1751
570
1191
328
1774
1994
2042
2040
1773
1991
154
306
10
3022
9
8
2622
3021
41
3
3271
550
543
2280
530
1
12
6
17
3656
4038
4036
3651
1
2
2640
2639
2638
1
3028
3027
3026
3025
1
2
26
1153
556
2233
2231
543
979
978
407
977
404
1
2670
2669
2668
2667
10
62
837
18
21
67
168
4
1802
2795
1801
1809
1799
2052
2051
2050
2049
260
1778
1777
1776
4
6
329
328
327
1345
1337
2718
1221
1220
2276
2271
2272
263
262
261
254
547
4
248
250
249
146
2381
455
454
46
45
44
3814
3815
3816
218
2462
2480
350
2465
2458
2482
349
78
622
621
440
451
615
9
3234
3233
3232
137
63
2972
2971
2970
1
2
8
2494
161
2
3374
2219
3373
2213
2231
3504
3503
3499
463
460
458
2358
2353
3728
3727
2355
4
3
2
2938
270
197
268
72
1891
1580
349
1
1735
1359
1734
2822
667
2821
2819
669
687
1
1586
83
84
85
96
98
99
441
440
443
442
1587
3238
3237
82
3236
2337
74
2383
735
2382
68
165
164
163
3483
396
214
234
1570
213
1830
1
1022
2520
1037
2522
1021
1020
2
1442
2109
1444
1445
184
245
303
2527
2526
2066
2057
141
640
1
641
3
4
1606
143
145
202
1742
1810
1747
153
192
1791
169
170
1749
1
1092
1091
2471
1090
1089
57
183
2917
181
1345
743
742
1316
2
3
573
572
3067
4
5
1334
1246
1245
486
2593
2598
2596
483
1004
1003
1131
1130
1426
1132
1432
51
2109
56
3624
2107
2108
5
243
238
240
241
79
2492
2490
2491
212
213
73
67
68
69
423
1067
2688
2689
2691
1069
2716
2717
776
777
1678
1677
1676
2426
1352
2428
1351
981
2429
981
974
975
1352
980
1351
1708
1714
1712
1711
1769
424
2000
1998
1770
1771
8
30
308
225
2100
281
2097
454
7
75
449
224
2114
2098
761
3305
2546
741
735
3304
3034
3031
3030
2279
3025
3026
85
2
2742
2740
2731
1967
2744
2827
2825
2824
1381
2094
2092
1372
2103
2368
2101
382
3
2695
2694
2693
1
178
2963
1969
197
1968
5
1656
1650
2364
2363
1660
1659
1
407
406
2172
2170
2169
2449
2170
2169
354
2450
2403
117
1117
1449
1448
1447
1
227
946
945
1085
1084
1494
1083
288
305
180
297
223
224
298
230
686
680
2
923
1735
1732
922
111
4
2916
2913
2915
1021
2917
210
217
2705
116
117
119
120
5
627
625
624
121
947
221
218
222
635
946
219
297
339
341
7
146
881
880
879
144
143
1748
872
16
68
67
217
1237
1238
277
556
4
884
1632
899
922
896
3
1167
310
1166
1165
940
1666
72
939
1263
938
174
197
198
1708
1707
1706
1660
1659
1658
6
550
2023
551
553
55
61
60
57
1532
1531
1528
1527
1526
1104
1079
1
419
4
1080
1075
1079
1074
418
2
1076
1099
1104
2
6
2088
500
1
28
1654
29
30
31
2804
522
2376
1464
220
221
1549
140
169
410
168
2672
2912
12
3024
3023
1
133
2496
330
2495
6
2497
2500
1714
904
1709
1708
1707
1451
1169
1167
1166
1
2
1171
206
1409
3
1876
1875
1874
1871
1
253
6
3349
779
3495
2235
510
344
1770
2847
2748
2747
2746
5
3496
3231
3230
24
2642
1687
1686
47
2641
150
2077
2076
334
2090
3314
3312
585
584
583
49
2583
3595
828
827
851
1
40
8
26
2651
2649
3664
904
4
27
3665
3664
798
790
3585
791
3579
2526
9
162
2776
3063
2774
3071
3566
3559
2191
3575
3567
2
3
132
746
741
117
3410
608
3409
3407
3405
2
757
3546
747
755
2477
2475
4040
4039
4037
32
54
1
736
2448
2447
2440
226
243
3095
1965
3099
250
170
2165
2164
2163
3284
2199
486
382
125
1
26
2875
2873
25
24
1
3033
3032
3031
1
2
1
331
2966
1819
2965
4
3126
3125
3124
3123
4
2
1820
2964
1812
260
2421
443
2420
2419
535
537
2679
232
2672
1538
1471
2641
233
2142
2138
767
2137
1
4
2896
2895
2894
3180
3179
3178
3177
3176
1723
2896
2895
2894
1
139
2310
1838
1
2618
2616
1447
1452
1446
279
2371
2370
2369
2378
1199
1198
2648
2647
2646
227
1480
1478
82
153
1
2701
3179
427
426
1084
1796
608
2162
607
8
7
1723
1148
1149
210
494
1667
1666
1665
138
1842
1841
1840
1839
2449
1978
782
4
1696
1697
21
1184
1182
1788
1787
1167
328
327
325
1
2255
2254
1014
660
2748
2253
1
211
314
2510
2509
2508
319
1270
2507
3
688
36
2293
539
540
1109
3167
3293
3165
491
1932
1931
3164
1
2913
2912
2911
1655
1665
1664
1663
2805
4
3016
3014
3013
70
113
1818
159
3040
3038
228
2763
2762
2761
2070
1
2549
1321
2548
1
251
635
1010
632
153
210
211
212
213
1612
217
218
165
1020
2597
334
2598
1013
343
337
345
347
348
20
1
539
540
541
21
4
559
564
3793
205
8
531
3747
2156
1849
2163
2164
334
1
160
159
2800
156
1441
1
1
431
3619
3621
410
413
2
430
431
427
1223
1222
1221
1
482
199
165
200
201
3162
1561
1
2098
576
577
2099
2101
783
1
1479
1478
1476
1475
244
2273
893
2311
2302
2
1
265
1310
1382
1384
2
2366
2365
2364
2362
2290
2289
2283
2282
2288
909
2086
1034
1033
2592
2092
2085
473
1
1980
1984
1031
1022
1021
1117
1855
1118
1119
1142
1
1928
1927
1926
2
1
1506
1484
1513
1506
1
1
1720
1754
1755
1216
1718
1719
1217
185
186
1720
187
400
1
79
74
78
77
2544
479
476
474
2552
634
633
632
2361
2362
662
3
2074
2081
2079
657
2073
40
2
1
31
39
444
442
439
1
160
59
60
2239
2236
1
2
966
2081
634
1407
1623
34
36
37
1405
1736
1816
1815
1738
1735
145
146
1818
146
1
2323
725
2324
1237
289
949
2617
434
433
2
3
754
753
698
1
1679
190
188
3252
1102
352
350
349
1104
215
216
1913
3478
3479
422
3481
124
544
3624
545
546
14
3372
402
403
404
3473
3365
3748
540
3749
3751
543
1
608
609
611
41
40
2109
607
610
153
3192
3193
112
3206
424
1442
575
574
1495
1496
1497
1
952
951
948
362
1
986
546
545
543
183
188
953
952
950
130
5
770
756
743
754
1
133
880
612
610
609
401
1150
404
1133
403
1316
1322
2873
1328
1329
1330
818
739
741
738
737
354
1934
359
360
353
2309
1941
630
621
624
627
628
776
778
779
773
775
135
136
1
48
1950
372
373
136
527
523
524
1957
3572
1960
1
3282
240
241
242
243
594
590
591
592
593
383
446
386
2030
3488
3489
445
2407
836
838
839
2403
2411
219
119
1477
123
122
464
466
465
468
467
56
858
853
162
864
2236
383
378
379
380
1989
81
210
845
212
847
77
664
657
658
659
26
2413
770
771
772
134
816
817
818
886
238
233
734
729
3776
733
84
85
106
13
1839
15
1836
14
221
1467
1468
228
2887
2911
107
102
103
104
106
1
306
471
329
330
252
251
296
253
472
471
329
330
177
1521
240
1536
1522
591
590
593
592
1698
1700
1425
1699
2078
2079
2080
1037
1036
1028
1102
1101
1103
2015
679
689
551
549
554
553
1083
1082
1080
1079
1079
2026
1081
1763
1072
1762
1133
1159
1966
1967
1970
2069
1463
321
320
1010
319
1479
1845
48
49
50
409
408
413
412
411
1852
2273
2271
464
466
2272
1250
1249
1248
1250
489
488
485
30
39
36
34
31
1141
417
415
458
1148
2659
1146
1605
209
207
1592
206
217
2105
171
299
226
2041
2039
2038
128
129
397
396
2186
2368
2367
1649
355
1786
1785
1784
1780
2490
2489
370
1426
1425
2135
338
147
226
2072
2070
265
2205
1485
1461
1460
1484
1
112
2
3146
589
588
506
2314
1
589
2400
3151
527
525
2315
524
3067
79
1
2219
2215
402
2956
3035
3034
3148
3152
3147
165
2221
2220
2219
412
3127
2385
2384
2382
2381
198
1969
2746
1
394
395
396
1420
2389
415
146
1731
1778
12
14
15
33
34
23
116
2580
1499
1835
1819
1817
1816
269
2216
403
1925
1924
1919
1947
264
1683
1726
1731
1749
1
2
790
789
788
801
785
790
789
1421
2390
1420
1419
1087
1101
1086
1085
2799
1813
2798
1812
1796
1798
1791
1811
1
1172
209
150
484
1
339
338
337
334
340
339
337
336
906
1633
1632
900
903
260
259
258
257
254
1
1234
1332
324
561
1233
1333
918
892
885
909
884
911
917
1035
1038
1036
792
750
790
747
1039
1137
1135
1134
1133
1419
1418
1416
1485
1414
1
1056
2044
2043
1765
1998
2046
2045
2043
1
207
2012
988
985
208
990
989
973
987
1
777
776
1009
775
778
1008
1009
766
765
1
1287
262
261
259
1049
1048
763
1016
2039
2038
2036
1797
1795
98
890
888
93
95
82
945
146
145
144
1633
1
349
350
351
352
2121
2122
455
347
348
351
1
3
85
648
649
2
648
649
650
237
249
263
1049
275
1052
1051
1524
242
238
1
1249
1250
513
1738
1737
1734
1
1663
101
99
98
95
92
1248
1249
509
102
99
670
669
667
666
450
107
898
73
72
2806
524
523
521
518
2359
2356
791
2912
47
549
1998
538
547
548
533
530
1993
544
289
290
292
294
548
1739
11
2
13
103
43
44
72
73
1808
146
175
177
1915
1916
1917
148
110
2417
2418
2419
648
649
82
648
650
143
1
3
752
753
142
57
2345
563
608
609
2346
568
199
2
335
332
2287
537
534
2288
243
7
334
332
2495
2498
577
509
2254
2255
750
336
335
2240
2263
2264
494
632
629
624
622
699
355
357
362
1
969
97
101
958
131
970
960
96
97
98
1
540
536
2246
537
64
538
539
2245
602
2309
535
538
396
403
478
694
1
2
887
886
883
1561
257
256
255
254
253
48
42
888
34
33
887
888
887
885
90
74
73
72
71
935
70
17
1049
9
371
684
1534
683
682
1
1053
1051
1171
1170
315
1169
1
1904
1052
1051
1050
2212
730
743
1027
1026
1025
1291
462
463
2362
475
1
658
1108
1499
1517
1516
600
560
578
659
1517
663
1881
1027
1026
2212
1880
1760
1759
1758
1
364
363
362
361
365
1374
363
2235
2236
519
524
602
601
938
706
128
704
173
174
387
2148
388
390
391
1
373
742
741
740
2087
386
387
68
2017
2019
2020
557
2021
2491
2500
60
63
62
61
101
2086
490
489
2089
392
386
394
308
2
610
1343
413
412
254
1391
360
367
361
359
1650
107
1651
105
1
1078
1106
229
1534
1076
1079
1078
1077
627
628
1075
1060
644
676
674
1
611
1342
1356
1343
1344
612
1341
1
343
334
332
331
719
198
1967
802
2291
2292
1352
1353
2293
1041
1040
1044
424
341
342
723
721
720
1
2
679
678
1062
679
678
677
676
683
681
1064
656
658
282
1025
990
751
1000
752
753
2463
21
1775
11
1773
1397
1396
347
348
1403
1399
1271
1274
1307
1272
1306
1303
430
432
1272
1275
433
1274
189
1371
323
1374
1
2
4
1257
509
2090
1182
1185
1
2091
40
1
1259
2092
41
1140
1139
1138
1181
2093
495
494
1189
1188
2785
2784
2783
2307
2124
2306
557
2305
3459
1
2058
309
2054
2053
2052
3376
3375
290
310
289
2055
286
1
600
598
588
585
579
2364
2363
2362
613
607
2354
1
1797
1790
1752
29
26
1796
470
2216
469
468
2217
2215
1856
1855
1848
99
93
309
164
3163
1864
1863
1
1554
1550
1532
196
2928
2927
2054
2053
2029
3327
2028
36
1026
2246
1047
1046
1043
1041
242
2502
1309
1286
2506
1551
706
1905
1051
919
701
1047
1046
1045
1044
1043
166
446
445
444
443
280
1237
278
1
398
946
570
944
910
932
51
947
941
954
933
992
991
990
1005
1308
2290
2288
1334
1333
1330
996
995
994
992
991
1531
1530
210
1529
1528
264
237
236
1964
232
2929
2926
1426
1425
1424
302
1436
2402
2355
1364
1361
1360
2343
1382
2352
889
1882
1879
1874
902
901
191
1428
1425
1424
2418
526
525
3242
3241
3242
3077
3241
3085
3084
3075
2697
1619
2696
1615
3235
2241
3234
144
284
2083
358
3072
2082
2227
2226
1
1937
237
1966
206
205
2363
3356
638
637
2366
1967
1965
207
1963
231
205
1903
1910
158
23
26
27
2665
73
24
1800
1799
1798
1797
2063
2062
315
3319
2061
2060
2133
383
381
2120
2119
2118
379
2206
2205
2204
2202
2201
1
2336
3318
587
2334
553
533
3656
609
2337
3319
3318
2460
2458
2457
715
743
2460
2459
2458
724
723
2549
2545
2544
2543
807
877
2628
876
42
772
680
2516
2514
777
2472
735
2466
2471
2464
2470
2594
867
2611
2610
865
864
3656
2624
3650
896
2623
3669
3668
3663
2623
831
3637
8
1
772
770
2489
2488
756
2449
2500
762
2482
2487
2481
2495
2489
757
1
152
2205
612
2204
2258
2366
2365
2205
2261
2259
2357
764
631
630
2352
601
2340
599
595
2464
2281
708
704
703
270
584
573
2307
2306
587
1
134
3547
2489
2488
3551
2539
2537
2535
2534
2533
2535
2533
2531
2530
11
2587
4046
4042
2586
3673
4057
2470
2469
2468
2461
745
787
792
790
2487
788
2508
2469
3548
749
2414
2413
3777
2415
695
3417
609
3411
3410
3409
3408
2086
2092
245
2091
2090
2377
3734
3732
3731
2164
2168
446
2167
2165
2169
2168
2167
333
2430
2429
2428
2427
2425
22
2410
2409
2426
2422
708
2408
2400
682
66
2334
615
614
587
2337
3421
2336
623
2401
2400
684
683
680
1
2256
537
2252
2251
1
2257
2256
2253
53
3546
2448
2441
2498
3599
2494
2613
777
1
2367
656
2361
2366
2517
2516
2515
2513
2512
124
2257
2254
2243
2362
2378
2367
1
2351
2350
2349
2351
2350
2366
2365
637
2349
1
2248
2247
537
535
2246
2378
2254
541
2252
2249
2248
536
2098
2097
404
375
367
2096
1
2
1994
1993
1982
1
244
1986
1985
217
1983
218
1996
27
4
29
1491
1525
1524
239
1522
1738
1741
1740
1739
3
2743
2740
99
127
2750
2876
2875
2874
2873
111
96
108
1820
1819
110
1821
1820
2960
92
91
7
2986
1854
1853
1852
2985
2116
2114
2113
2479
637
2313
594
2312
2310
2309
2315
8
1857
1856
1855
1849
1847
1846
1844
3122
2003
3120
3118
2
2934
239
2623
2622
1
403
2
2628
2935
1
5
248
251
2624
2623
401
3031
3030
2629
250
2738
2737
130
139
141
1
31
2
2658
1
2643
1518
1495
2659
1507
243
2628
2627
2
2962
2960
329
122
2954
102
2964
1810
2964
1488
1483
1482
1481
1487
1485
1484
1483
1623
1619
1618
1551
1617
536
2681
2680
2678
2144
720
2142
2135
2142
2141
2140
2139
1006
720
1566
1565
1563
2681
1557
1555
1553
2678
73
1567
1566
1565
1636
2783
1658
2780
1641
1640
1638
150
1840
2973
1837
1836
2971
1686
1680
1679
1678
1677
2821
1520
1496
1
2
3
509
2209
2207
610
510
508
2210
1
2210
2209
2208
620
619
2212
2211
2892
2890
1977
1976
3135
1974
3134
107
1594
1593
1592
1591
112
2766
1
123
122
2913
2911
121
2912
2910
122
1
544
559
561
1156
1155
1161
1
2
1157
1156
2290
2289
2288
542
1
680
679
678
677
149
1
1004
1003
2639
1
148
1153
1158
1146
320
1158
1147
1
1478
1467
1466
1465
2618
2617
2616
2615
1470
1469
1467
1466
2642
2170
991
998
997
2641
1008
1004
1012
1003
1010
2645
2650
2643
2644
1477
1
235
2832
1688
1682
2783
1614
3264
3147
362
1683
1616
1615
3029
3026
157
375
3029
3028
3027
1376
218
1217
1221
1220
1219
526
339
2707
2700
3178
187
1
2652
2191
2189
1000
999
2368
2366
2378
2377
2363
699
697
696
676
670
1458
284
1457
281
1
2190
2172
2164
2161
1001
1715
2084
1716
1157
2083
1716
1161
1155
1715
2173
1006
1002
1001
2172
163
1199
496
493
492
491
1429
161
571
572
577
1121
578
1085
1795
1794
1080
1089
1091
1093
1094
1
1360
1735
97
1361
185
181
1529
1459
265
282
1431
1432
261
1
583
582
581
579
105
1700
1180
1912
315
456
454
453
452
451
426
425
421
1228
427
486
485
1
681
680
676
682
620
678
677
563
2257
564
1073
1072
1071
1
557
540
537
2224
523
2235
2225
2234
1732
2224
1127
582
580
297
1391
1392
317
296
295
294
179
185
183
182
1
2254
2253
2252
169
2065
356
1325
349
346
1564
350
361
665
664
663
662
1
1787
1786
1785
1784
565
1787
1785
1121
1108
1109
1008
707
634
1011
598
597
596
1244
1259
1258
1257
1243
425
201
954
908
950
949
948
947
1
1206
1205
1202
447
449
1207
1203
468
2671
2172
2668
2667
2171
2170
2255
2253
2747
2508
2507
1481
197
1480
2718
203
200
1878
1875
202
1874
1754
1753
1748
2968
1881
1879
1878
1877
3167
254
253
3165
1929
3163
1
3387
3383
2031
3245
2021
2019
2023
2022
2021
2020
1
2
1893
1892
1
1895
1893
50
46
2927
1692
2926
3343
2924
1730
7
1896
3539
218
1901
1895
1244
1243
1242
1241
1
2
1110
563
565
1106
1
1642
1641
1640
1643
1662
1660
1636
1635
1642
3122
3119
1864
3118
2209
1863
2089
2057
2084
2083
2056
167
2279
266
265
264
3176
3012
3011
2112
2294
2111
3009
2999
2990
1732
2989
2998
2997
3000
1733
2990
1726
2989
110
2548
1292
1291
109
2547
1602
1601
416
413
411
2858
1
2
912
910
1
2
913
909
908
1
1498
912
1497
256
257
2177
2178
950
947
911
564
1152
1108
1107
1112
1111
1109
1108
1151
759
760
885
884
883
764
1
886
883
882
892
889
887
883
881
761
1
995
996
645
644
997
764
1255
648
645
996
642
136
491
126
122
490
430
1
10
626
7
6
2060
2492
419
2496
420
2490
2491
8
7
6
1740
1741
119
1739
131
120
352
1
427
2060
435
424
428
436
430
1
76
84
86
75
184
85
76
427
428
429
309
118
107
1738
1745
1746
1752
1754
1755
188
108
2055
2494
417
418
2495
1
2783
2786
1150
1151
1154
1155
1149
1151
1152
1153
2879
1258
1259
1250
1260
1261
1696
1697
3188
1148
1160
1150
96
1
1696
1697
2227
2228
3337
1695
1696
3723
1697
1842
1835
1836
1837
1854
1855
1856
1857
1844
541
1857
3484
1859
3766
1860
1
3264
326
1959
1645
1646
3263
1647
1958
888
891
855
848
2450
851
414
3055
1520
1480
126
1481
1527
696
697
698
2278
699
1
1573
1579
218
212
1566
211
1565
212
1567
213
214
1
3308
348
3321
351
3309
1704
344
3320
350
1706
1784
1787
1788
1789
1790
1759
3381
3382
433
411
434
1
202
203
3129
3137
204
1518
266
1777
3134
1775
1360
1492
1361
1365
1362
200
201
3128
168
169
863
472
859
991
2474
1
281
1055
1056
2680
264
873
838
2447
2448
2449
2457
829
736
737
738
740
776
741
2365
1054
2665
2676
1055
2677
1
2178
2180
2103
2181
2185
2639
1105
2640
2641
1106
1457
1459
64
1460
442
443
445
2102
2184
783
782
278
1088
1087
274
279
280
281
160
101
93
348
347
92
188
68
69
71
72
1663
184
574
2193
2198
607
2199
190
1669
78
79
1671
1673
1674
1
1665
1666
181
192
79
188
38
1664
77
78
1669
733
734
738
739
2369
781
2370
2372
1
269
178
179
1207
1694
176
177
1695
1
196
195
528
1673
1671
527
1666
264
1
1476
1478
1477
1285
1785
208
205
206
1284
210
202
1184
1181
204
205
271
1546
51
52
50
1816
1171
218
219
221
19
1423
175
1567
1424
1549
169
168
765
834
833
767
770
832
2789
2289
2288
2287
2787
1220
151
1530
150
1529
477
176
2830
2362
2360
178
969
625
977
968
2362
791
797
802
803
2
298
2654
794
792
791
2186
2193
795
794
2199
796
795
794
1894
2356
491
496
2354
1156
300
568
1925
552
544
2527
2526
2033
2029
2067
268
2225
837
2223
2222
1120
1117
1116
1115
1105
1154
2563
2562
1153
450
573
1035
572
571
1937
408
1187
414
1193
415
1192
63
62
86
1453
61
1543
60
1927
1926
1924
1923
532
1922
1484
1507
1504
1508
1030
1987
1008
1029
1020
2
1076
956
2605
2606
660
796
661
795
662
663
664
1543
1514
1483
1484
1507
1489
1482
1
460
464
470
471
1000
999
1790
1791
1721
1793
1755
459
460
462
463
213
2558
1077
1073
1075
2561
2596
2599
1078
1
864
865
866
867
334
865
1188
606
866
160
2799
2800
1320
1323
1324
161
160
730
159
157
1522
940
1521
519
2602
2603
2604
427
163
160
159
2923
158
1300
89
80
78
76
2501
2502
550
2503
548
1039
2519
1038
1
2839
1347
1236
1237
1238
145
2844
143
2845
1346
1237
2850
640
2
20
1960
1946
1592
1443
19
398
168
1438
1440
1439
186
211
214
1836
1219
212
1
1031
1029
1025
1024
12
1
294
290
261
258
1032
1025
1024
1023
182
11
267
270
33
444
449
436
452
295
294
257
256
38
1
411
416
1
1864
455
454
501
1865
443
689
61
2238
2237
1
123
1549
1548
1547
474
470
469
468
1893
124
1548
133
131
473
480
472
471
470
412
403
410
1
2
345
1947
1944
2083
2082
1
1948
219
112
2083
636
2082
2076
1
107
871
1
661
670
879
2298
872
871
863
86
1
2
833
784
779
778
872
747
871
870
864
1
781
780
786
772
771
770
783
782
748
764
747
745
864
1093
2468
2469
2470
153
155
156
157
8
152
154
158
1796
1811
1093
1092
1091
1090
209
1804
1819
1818
1803
152
1608
1609
361
726
1238
723
2269
721
722
724
453
2687
302
1139
1140
755
687
760
754
2
761
755
696
757
684
695
696
687
2283
2284
763
694
1
2
544
894
880
883
879
880
881
882
542
880
881
882
883
269
1118
345
349
350
341
352
2027
460
621
623
624
2296
2773
2774
350
1103
2775
1
2
1659
1662
1664
1
2
1249
1238
216
215
1250
1243
2833
216
1242
1243
1247
1248
1249
1250
1108
1099
1109
1110
1101
1106
1107
2688
1174
2743
1129
1132
1175
1176
1
1658
3263
1664
1526
37
1527
1528
1524
1678
3249
3250
3251
3261
1675
421
422
3480
1681
3158
1676
1677
1679
428
2024
2020
427
429
2023
151
1
3
1732
317
1733
1883
170
392
167
166
2
1732
1733
267
1731
1732
1738
1733
1742
3284
1728
1729
1731
1732
1733
1660
1661
1696
1697
1
2720
2722
1141
917
2723
3038
3040
577
575
3064
1
2005
3593
2007
2008
2009
3603
2006
2007
2009
2030
2031
2032
2033
2034
560
3789
561
562
1
2148
2155
2149
2150
2153
2154
1834
650
1835
2093
2094
2095
2096
1
3341
3347
3349
1760
1761
3344
1
238
3281
242
3284
3348
3363
3364
3368
325
3371
1759
1760
1
748
749
749
750
880
640
624
636
883
2470
1140
1099
918
1
979
981
983
352
1200
1203
2772
351
978
979
981
982
1
446
448
450
447
2015
448
449
623
624
907
911
546
545
544
543
613
611
609
762
747
745
748
1288
1289
1291
234
1259
231
57
1291
1287
801
2870
1289
1290
1348
744
742
133
131
135
240
241
231
49
365
366
1998
414
416
36
1670
1666
3253
1660
1661
1664
1665
1635
1630
1707
3228
1628
1481
1578
1579
1580
8
6
5
1543
1
1553
7
3
1
12
1548
1550
1551
3
1552
1539
2328
6
1541
3
1566
2
1565
1
2
1
6
1554
1552
5
6
1555
1559
1
1555
5
4
1
2
3
1565
1
2
1564
1995
1996
787
3894
5
4
3899
1
3
1542
1
422
3
10
1
3
4
5
1525
1526
2376
3
1527
1
57
1583
1594
6
58
60
1593
7
1
1582
1580
1581
3102
4
5
4
3
3675
2086
77
1
1
1533
4
3
2
4
3
2
15
4
5
2
3
1
93
1945
1
3
1940
1955
2
1
2
1581
3097
6
5
73
2
1
74
1515
1516
1
5
3
2
1
3
3092
4
3
3116
3117
1578
1577
1
1554
1580
1
1577
583
1
3
7
67
68
1580
2
3
2
1
1577
95
1578
1582
2
100
1
1579
1
2
1
3
3045
3046
1
2
5
1583
1
3
4
3
2
4
1
5
1
2
3
484
1
1577
1576
5
4
2
1
4
3
495
496
2
501
5
4
3
2
3
2
7
5
507
4
3
2
1
1593
506
2257
2256
3
2
7
1
2268
4
2353
2354
2250
3
46
2
1
2269
2267
2266
1
2
5
2269
2254
661
6
5
1609
1076
1079
2
1604
1
1608
4
2439
5
2442
1610
3
7
6
4
3
2
1598
845
1
1596
3
2
2443
2
1
7
3
2
1
843
864
3
2
6
859
2
1593
1597
3
10
8
7
1203
1497
6
4
1492
1489
7
14
6
3
1494
1
3
15
1608
1607
1488
12
2
5
4
1487
1610
6
1609
3065
3066
5
1606
1562
1456
1
47
56
4
1489
3
2
1493
1
4
3
1473
2
17
4
2
1
2
10
1470
1473
1476
16
1
6
4
2146
2
3
7
5
4
1
2
1
2128
2130
2142
2143
3
2
259
3945
262
3947
1
2147
2152
3
1496
1497
5
43
3644
4
3
2
1
2
2401
3860
2
47
1
3859
128
129
4
1
2
1
1
3
1479
2
1482
1485
22
1467
16
19
1478
3
1640
1463
1464
1465
2
1643
5
4
3
2
81
3
2272
2270
86
87
11
10
7
6
5
4
5
4
1455
3
2
2
3
1375
1381
1384
2
1
4
3
1455
17
25
5
3
2
1
6
4
3
2
44
1435
1436
1437
1438
5
4
19
8
7
6
2
12
1
1644
1645
2
1
1645
9
6
5
3
1654
3103
3
2
1
15
6
2332
2331
1449
1692
1687
1688
3108
5
3
1
3114
3138
3139
3144
1
17
8
32
31
7
30
3
2
8
31
2
2
1699
3
6
5
1
9
5
4
1394
1731
1701
7
6
1732
1729
1705
1702
4
3
775
2
44
45
3909
40
9
2
2515
1
2286
1402
5
2285
300
2520
3916
3917
5
4
3
1
2
4
3
2
7
5
6
4
3
2528
6
299
1402
5
1
1736
3
2
1
54
58
1737
4
1729
1734
1733
15
1711
1710
9
1705
1709
30
45
4
3
2
62
6
15
4
1
2
824
822
1
1
1703
1724
3
1702
3106
3110
826
2855
5
2860
4
1
2861
3
1384
4
2
1
5
6
1
7
3
2
8
3
2
2566
2570
2
1
819
820
2567
2652
5
3
6
7
34
36
8
2572
4
3
2
1
6
4
3
2
2423
3
2
1
8
2429
24
23
4
3
13
2
10
34
4
33
31
1
3
2
1
5
4
2
1
4
2
3784
3786
2445
3
2
1
2425
2444
2424
1
4
3
2
1
2454
5
1800
2453
5
4
3
2
15
14
3121
2
1332
6
1333
5
1334
2
1
1780
2
1
4
3
3110
1788
1789
1790
1773
1795
4
3
2
1326
1780
4
3
1
1802
1324
7
6
3
2
1353
1763
1762
1317
1
1318
1781
22
26
3099
3114
1793
4
3
2
1
6
5
4
3
2
1
921
5
926
3
2
927
5
4
1
174
167
6
5
2
916
7
919
2563
2731
4038
1
1861
2735
1304
1305
177
15
1
66
1861
1862
1
6
5
4
3
5
4
3
366
1
3
2
1415
1430
1797
2
369
1
5
4
2
1792
16
6
1793
2
2756
2755
3
2
1
1
2
3081
3082
1798
1
5
1805
1820
22
18
1804
1
4
1
3
2
1
1387
1386
1385
420
1
5
3
1388
1
1410
6
1387
1408
1416
2
429
1
431
2
1386
419
2550
2556
2557
2
1
2573
3
2
2562
2565
8
2
7
1809
3
2
1
2572
2570
10
3072
9
1
4
3
1267
2
1803
1272
1258
1263
1
1259
1264
8
6
4
3
1761
4
1802
21
2
1784
1782
7
6
5
4
2
683
1
1
1269
1273
1274
1275
1
13
1
1811
1276
1277
2
1275
15
13
4
3
2
1795
1
3
1
9
10
11
2
1810
2
2540
1808
3
8
1811
1812
1
1815
5
1
2
9
1818
4
1820
1
3
1
1819
7
1
6
5
1
7
1902
1822
4
2
1818
1815
6
1
2
3
2
1
6
3
1
705
702
1821
1
713
987
714
1
2
1
1
1
2
4
1
2
31
3
1
3
716
29
2
720
745
718
731
1
48
47
1765
51
3
4
5
1
1
6
28
2554
2
2546
2
3
5
6
1
4
8
1
3
1808
1
1810
2
1791
1811
1793
751
2544
2543
5
2564
8
3
1805
3
2
1806
1
1811
1808
2558
2556
750
2
1809
1
2
752
1
1808
3
746
743
3
2
1
1810
1
2569
1809
760
2570
2839
1810
1811
905
748
746
1
2716
1
2
2979
265
157
2553
164
1
3
2717
2550
260
2977
1
2
1
9
1078
1079
1080
2
2
3
764
1
1077
1
99
2551
2810
993
12
994
336
335
659
2
3
1
1
2
5
1
3
4
2785
19
17
1
2783
1
2
1
2548
1
2547
2
1
2548
1
18
1
1816
2
55
985
14
1
3
4
10
1
971
970
16
12
1
1
1803
2
4
3
31
5
1
1799
2464
2
12
3
5
1801
1800
3
4
1799
1
6
7
13
665
1
658
1
3
4
5
657
653
652
1
2
1
1
991
1
3
1481
1480
7
2
1479
10
1478
1
2
990
1488
4
1
3
1486
1487
1
2478
2476
2477
1
3
4
5
1
1793
2
3
2519
1
2
4
1526
9
1
1
3
1
1529
1522
7
2
1530
1517
3
7
962
1
3
2
1515
963
965
726
3
1
3
2
3
1
1802
2521
28
719
748
747
38
36
1
733
1
3
3
4
1
8
3
1
4
5
7
1
2
7
3
772
5
4
1
1793
4
2565
2
805
790
2583
767
1794
3
1
1795
1
2587
2804
2569
1828
1
1
2
4
40
1
2
3
11
42
53
732
733
2
71
1
70
1786
1856
732
731
2588
1
217
48
45
2
3
1
2
1
1
2
1
2
3
1
1
2523
2836
2757
2835
1909
47
78
79
2886
2887
1
3
1024
1027
2809
1
1
235
234
1021
786
1
787
785
1
3
788
1782
1
1
1779
1781
1780
1
1784
1
2807
1023
2808
2805
1775
3
1
1028
238
241
792
1023
2
3
4
231
230
1
797
1
1027
231
1030
799
2578
1
1
14
15
1775
1778
1777
3
1
2572
2
2553
1
2556
1817
1816
1818
1817
2573
1
1774
875
1173
1172
799
298
297
19
2577
795
806
1
1
6
1
1172
4
1168
1
2779
2780
1
2
10
13
1
2
2766
1769
1767
2770
1709
2768
5
2
1787
2
3
1
3
12
1
5
9
10
14
1
2
1
2
15
1
2
13
1
2
3
4
1
2
1
2
1
2575
327
1757
2902
1764
1763
1758
1
3
5
4
4
1
2
7
11
15
31
1
2
29
1
1145
2
3
1
2
3
1147
1150
2647
2688
926
3
1
4
3
1
2
3
4
2883
1497
2885
1499
8
2
3
826
833
829
838
1
2
1
2
1752
3
1
1750
16
1734
1
2
1749
1736
1737
1739
1740
1735
1
1
1751
2
1752
1
8
4
3
4
5
1071
1
11
12
4
3
1
45
1784
1785
1786
1
1738
1739
1
41
1
1769
1
19
1770
1789
1785
1
1
2
1
2
8
9
1
10
11
1
2
9
1
4
7
1
3
7
1
2
1054
1
1050
4
2799
2822
1053
3
1046
1004
1
2
42
1086
1044
1003
1
2832
2834
42
2
2831
1
2825
2827
2824
2827
1
3
2
2
1
2586
1
1745
1749
1746
2
1744
4
1746
2792
1046
1747
1748
1749
1746
1747
1744
1753
1756
1748
1
2
1
15
18
2
3
3
9
2560
14
1
3
2567
2
2576
2572
2574
259
2569
5
1
1
2
3
2833
1
2
1
2835
2829
1717
2832
1066
1
1112
1
2
1
7
8
23
1769
1770
1768
1766
2
1
2
5
1
2
3
4
834
2605
2606
836
2
2
1
3
4
1769
1738
1
3
1739
3
1191
1737
2
3
1
17
2
1740
20
19
18
17
1
2
1761
1773
1772
1
1763
1760
12
10
1
3
1
2
11
1066
1058
1
1059
311
854
4
5
316
1
2
1
865
1
2
3
742
746
745
735
1
739
4
1
1
1
2
1
10
11
1615
1617
1
2617
1
2
856
2
855
857
2
1
2
3
19
855
850
1
1
2618
5
1
2611
5
3
5
4
1618
1
1
1
16
1180
1196
1194
2
7
6
1
1071
1754
1755
2942
1187
1
1
1
1065
131
130
132
1753
1754
2826
3
1196
13
240
2595
2596
2597
2592
2660
2837
1684
1
1676
1682
1683
1
3
2
1684
85
1
86
1
85
1766
1691
7
1
2609
2607
1696
1
2
4
2
2588
1698
1694
1
4
2
3
6
5
2610
1
1
2
2611
1
2
5
1
5
3
2
1
1
2
5
854
1
1
1186
324
8
1
332
7
877
1
1763
1111
1112
1
1762
1761
4
5
1760
1
2610
1761
2
1762
1
2611
1763
1758
1752
1
1
8
2
5
1764
1
1760
1763
10
11
1115
13
1
1126
1
1
2827
2828
1
2
3
1
1
1
884
897
2130
7
6
1
2
1
1757
1
3
5
7
1764
1753
2
1
13
1769
1756
2708
2709
1233
1
2
4
5
4
950
955
1
12
1758
2
1757
3
4
13
953
1
2
14
1
2
3
2
15
1749
12
1
2
3
2
17
2631
11
1
2617
2620
1
2632
3
2616
2612
1
4
3
25
19
6
3
1
2
1707
6
1704
1
2
3
1
2
25
1743
1
2
3
1
1
2
1
2
1
1761
1760
1
1761
1767
392
388
1
6
9
2
2159
5
4
1
2
3
6
1
4
5
2154
1
2
3
1
397
399
3
408
396
12
11
5
3
2
1
2
1
2
3
4
6
1
396
617
1
5
4
1013
1015
1
6
7
600
2
586
587
607
1
14
9
1
3
585
586
1
2
1
2
5
1
1753
1
2
1751
1
1
1
2
2434
1
1
2436
1751
1
2437
1752
2438
1
1753
1228
1
2
3
1183
1
1256
1
1185
1184
1
1262
1180
1183
4
5
1267
1274
1
3
1259
1261
2461
1
693
7
3
1257
1263
1187
2442
690
691
1754
1764
4
1760
1
1755
1763
1762
5
1756
1755
1754
1764
1698
1697
1
1682
3
6
1
10
1
1
1142
690
1
74
2833
1
2
5
73
1
3
1
2
3
1
2
68
66
67
68
3012
1
1
1
2909
1
289
8
446
1153
1
1161
1
873
872
1
454
1
453
452
1
2
10
717
707
1
1
181
2
2013
183
1152
182
183
1749
11
1756
2011
1748
1738
1154
1749
10
1739
1745
4
10
6
3
4
9
1
3
4
5
6
7
1590
2
5
143
2
1593
3
8
9
1591
1592
7
1733
1590
1749
1589
1
1
5
1647
1646
3
133
1
2
1769
105
160
1750
8
1763
1764
1767
6
2
1747
3
1747
1
2
3
6
1
1741
1767
2
1740
1
1755
5
2
1
2
1760
1
2
3
1763
1762
1759
18
1
1
3
4
1
7
6
7
1
1
1761
1763
1
3
4
5
3
7
1
2
4
1
1769
3
27
1
2
1
24
1
1
1
1750
18
23
1
1728
2
5
4
1749
1
1726
3
6
1727
1718
1
2
1
7
2
1
2
9
1
8
1
1220
1199
1
2
1
3
1620
1621
1
1
2
1
1620
1613
7
11
2
4
9
8
1515
1
1
2
1
1514
1
1480
9
1481
8
1
982
961
1
2
962
970
1
2
972
1
3
4
961
955
1
3
1
3
4
1
2
1
2
1726
44
1733
1
1719
1724
1
3
4
5
3
1
2
3
1
2
1
1777
1776
1777
1
1
1698
1699
1
1700
7
1732
1729
1728
1739
3
4
1752
1
2
1732
1
2
1
2694
4
5
1730
1
2
3
1
958
2
2695
1
2703
3
956
1740
2696
1738
2704
1
1
3
2452
1
2
1
2706
2705
2706
2707
2449
1
1
1735
1737
1
2
1722
1725
13
1736
258
3
1735
259
260
261
2714
1
2715
1
2716
1
2715
1
2714
993
1725
1
8
18
1679
3
1729
6
7
1732
10
1
1727
2
3
1742
1756
1
1737
1738
1736
1728
1
4
2709
2
1
3
1
2
1
2711
10
1
2
2731
2713
2712
1
2721
3103
2
1697
1
1746
2
1
1741
6
1748
1740
2
3
1747
1737
1748
1
2
1750
1754
1747
1
1748
2
65
3
1736
64
1735
1729
1
49
2
50
67
1
17
1
1738
1
2
1741
3
6
7
1665
1664
1
3004
1738
3005
1739
1736
1731
3003
1266
2
3
1258
3
1
5
1
2
1
2
1775
1650
1
1272
1773
1
2
3
5
1
1
1255
3005
1
1254
3008
2
1
2
3
4
3004
1
3
1253
1254
3005
1
1
1751
1750
3123
1
3124
1388
1389
3105
1735
1
1
2
1717
1
1736
1
1735
4
1742
1
3006
1731
3007
30
1
21
1
22
1755
1732
3036
3037
1
1727
1734
16
21
1
20
1711
1723
1726
1713
1731
1736
1737
6
1
2
1
29
28
30
1
2
5
1
31
30
1
1699
29
1
30
1700
1693
1726
7
1723
1719
1
2
3
1
10
9
2
3
1727
3
10
1
1
2
2
1
1717
2768
2769
1
2744
1751
1750
1
2
1752
1
2
3
3
1724
1
1750
22
1792
1
2
1728
6
2768
1
2769
2770
2771
2772
2743
1
1725
4
6
8
1
3
5
1
2
1607
1733
1
7
1
2
3
29
1
2
1
2
3
2
125
1
126
130
1606
1736
1735
1
6
1738
1
1
1
2
1737
1693
1
1694
1739
1698
1697
1696
1695
13
1736
1756
43
1723
1
2
1728
1743
1722
1
1726
148
149
1
1
14
15
148
147
146
7
13
1
1
153
149
1569
433
1
2
5
1
2
4
2
3
4
11
3
6
7
1
2
4
1
2
6
1713
1720
2
5
6
1
7
1719
1718
1714
8
1715
1
2
10
1720
1712
1
8
7
2795
2794
1730
1
1
6
1064
1070
2
8
2
6
1
7
6
3
2
9
1
1722
1723
1467
1
10
1458
1459
1
2
1
1721
3
1
1718
1769
1
51
1770
2806
3190
384
1
2
3192
3198
3193
3
1461
1
1512
3233
387
1511
1512
3196
1514
1
4
1721
1
2
3
1
2
1
2789
1731
2
3
5
1682
2
1456
1458
1
2
1
1058
1
1063
1072
7
9
5
1722
1
1728
4
1
2802
1722
8
1723
6
1
1719
4
1722
1
2
1723
1724
2
1725
1
2
8
1357
1354
1740
21
24
1724
7
1365
1364
1
1372
2
1371
1362
1370
3
1841
5
9
1374
1718
3
2
1
3094
3092
1719
1
2
1
1720
2
3
1718
5
2
2
3
21
4
3
1721
1713
121
1
1700
1699
21
18
39
17
1718
1714
1
2
1718
1712
1
102
1600
1
3
4
1710
1711
1
2
1713
7
9
3
31
1
2
4
1715
1712
1
1720
3
1719
1
2
11
1714
2
3
2819
1723
1833
1831
1826
1709
1096
1097
1098
986
1
14
1
1836
1
1838
2
1820
2846
2
1026
1
1821
1822
1727
1726
93
1820
6
1727
92
5
1
1819
1836
1
1837
1
2
121
3
4
1711
6
116
4
124
5
2
1731
1730
1
2
7
1
2
122
124
1842
164
1
120
1
2
1
2
2
1827
1710
16
117
1
1707
18
1709
1
1708
1725
10
1
8
1727
1728
1
1711
1708
1712
1
2
1696
1707
1
2
1709
1
4
1710
2
3
2
36
43
2
1
1694
1731
1733
1712
1693
1694
1695
1720
1721
1722
11
2
1
22
27
28
1
2
1
26
2
4
6
27
5
1
28
1
2
2834
1704
1706
1708
2
1
1
2
1714
1703
2835
1
2
1
2
1705
1721
1
2
2
1727
1
15
3
4
1729
2
1722
1726
1
2
3
18
4
1
2
1710
1
15
16
1712
1
14
5
4
5
4
21
1728
16
9
1724
1722
7
2
1
1
1139
2
1694
1709
1726
1728
2869
11
1141
15
3
2
32
3
18
21
1
34
1
2
3
4
7
1
2
1
1
2858
1
1722
1721
2859
3
1723
1
2
1
2
3
1724
1138
1
1141
1130
4
3
1
7
1138
6
1145
1142
1721
4
5
1125
8
1
1717
1
2
3
1718
1
1
3
1130
1
2
1
6
7
1135
1133
1130
1
2
5
3199
1128
1
4
1117
1
5
1115
2
1
1118
1117
1
1132
1
2
3
7
1
2
1
1729
1732
1133
1440
1120
1731
2849
2851
2852
3194
1
3
3169
4
2
3
307
1
2879
28
1
4
29
30
2
1754
7
9
1
3
2
1
1
2
3
1
1
25
1
2
1755
1750
1749
1756
34
35
24
1759
69
1
1690
1758
1757
1752
1
11
4
5
63
62
13
12
18
1
2
3
22
1
5
1125
3
1136
23
1
2
1761
1762
1
1
2
3
2
3
1761
1
2
1
3173
2862
1
2
3
6
8
1
2
1
1152
1
2
3
1131
7
1733
1
2
4
5
1
3
1136
7
1134
1
2
4
6
1143
2
3
1140
1
2863
2862
2858
2864
5
4
2864
2860
1
2
4
5
2859
2855
2860
1142
1143
25
2
1726
1
19
1
11
18
1
2
1
1118
2
3
24
23
1
2
23
1133
3
1
2
4
21
23
1143
1142
1124
3
1
2
1157
1156
1
2
3
4
2
1166
1161
1
3
1154
7
2
1
2
1
7
6
1
1
1
68
1144
1
1769
1770
1077
1076
1
1
2
3
4
1778
1
1779
1778
2847
2
1
2849
1150
1151
1
1781
2
1698
1699
1
1783
11
1121
1714
1085
1713
1
104
103
1
1592
3
1592
1581
1
2
2
11
1
9
1
139
1583
1093
1170
1168
1582
1722
1
1836
955
954
1
1834
1837
1838
1
2
3
4
5
1
2
2791
3
1
2
1
77
2
2794
3
4
17
5
6
1
2796
5
2873
2797
2796
4
1
78
77
2797
1
2796
6
8
14
2802
2788
1
2
9
106
14
1
2
3
5
8
4
5
6
1
2
3
1
3323
2824
1634
3322
5
2821
1
1
2
2820
1
12
1
2822
13
1
16
2810
15
1705
1702
1
2826
1
2825
2
1
2826
5
1712
1
2830
2831
1
3
1633
60
62
1717
1713
1
1713
4
4
5
1
1717
6
8
13
1
2
3
14
1173
1171
13
1
1703
1
2
1
18
21
1184
1127
2
3
1125
1
1172
26
1163
1164
1
5
5
1
2
4
5
1
4
1
1707
1198
1709
2
1
2
3
1
3
2905
2904
1
2
1
2905
1141
1
67
66
1
1170
67
1172
1
2
3
1171
1169
1
2874
1
1168
1707
2
1
2
7
1
11
9
1
1169
1170
1
1654
3353
3360
117
1
1653
1
1
2
2
472
1
2
1666
1667
1196
29
1179
1
6
2
1
1636
1664
1693
1
2
1
1173
1167
1174
1
1175
4
6
1174
1194
1177
1171
20
369
8
1
376
377
1
1176
1
3
2
5
1
1709
1710
1166
1
4
1
2
1708
1
1706
7
1
8
4
13
3236
1
7
1
3
6
2876
1
2
2880
9
1693
1692
1
366
2873
2874
367
1
9
1
2
3
7
238
3249
2
3
5
4
1
2
1
1
1
1371
9
1698
1697
8
1702
1362
1
2
1695
1694
1
2
5
1
1
2
3
4
5
6
1
1704
1710
1922
1
1
3
6
1381
216
218
1
2
5
1
2
3
4
1
212
1384
2879
1
1205
1203
20
1
1
1204
1
1
16
2
18
11
1191
1689
4
3
4
5
1180
15
3
2880
1183
1
1692
1
3
1
2
9
1
4
7
2
3
1
58
59
1
3
1
1
2
1
2
4
3384
1
2
1707
16
17
1
2
3
2
3
1
1
499
1
2
1688
1687
1
1
2
1
3388
3387
2
1
2
1
3390
501
502
3385
1
1685
3
1709
1
2
1
6
3
1688
8
5
1680
1
1681
6
5
3
3
8
3
2
1
1218
1216
2
4
5
1214
1
2
1
1
2
1672
1
2
1222
1673
1671
1
3
4
25
27
2
1697
1698
1216
1
2
1225
1224
9
1
11
1
2
1465
1215
1216
1
1463
2901
2902
2906
2954
1
3
4
5
1
2
52
1
50
1665
51
52
1
1666
1
11
8
1664
1678
1667
2
12
1
3
4
3
1
2
21
22
1
1656
14
1
1
2
3
4
5
3
1680
1680
1
2
4
5
1681
1682
1
4
1680
1668
1
3
1667
2
2
1677
1236
1234
1668
1669
1
1672
1673
1674
1734
1733
1676
1671
1675
1
1
2
1
2913
1
3409
496
2913
1
2
1589
90
97
1678
1679
1
1677
1678
3
7
1
1238
1679
2917
2902
2
3
4
1
2
4
1675
1
2
2912
1
2
118
1963
119
118
2914
120
1845
1847
2
1722
952
951
1
1
2
1
1
4
1720
5
1
1
2674
1719
6
1720
2675
1
1720
1
2
2676
1
5
6
1358
1361
1
2801
1721
2
1714
2
4
1368
1
2
1
2
1
1352
1
2
3
1214
1
5
2
3
4
1
1
1233
1234
15
1672
1
1657
1658
1
1659
2
3
1651
1685
417
2906
2907
2
1223
2
3323
3319
1663
1644
1
1656
1653
2
19
2
3
1643
2
3321
1683
2906
2905
1684
1682
1
1224
1
2
6
1
2
32
5
1
1375
30
1376
7
8
1735
1734
1
1053
1052
1405
353
1
1
352
1
22
5
345
1
2
27
24
353
350
1
3
1719
1
2005
2
1718
2002
2003
2004
1
1
2912
2003
909
1
2
1
7
1200
1
1205
1207
1
1655
1204
1665
1654
1655
1
10
12
1
2
3
461
2
1217
2445
1212
460
1
1
1227
3
1228
1
5
1
2
4
36
1
39
3
1
11
1
38
2
1673
37
40
43
6
1671
1672
1
2
3
4
2
2
3
4
1716
1
2
1
1
1723
2
3
1720
1
2
46
7
1677
1
44
1
1
83
1718
1717
1715
2
1714
1
4
77
80
82
1
2
1
1670
1669
1
1715
1605
1604
1603
1495
1716
73
3
1
1609
4
2
1647
1
2
1
3
1648
1649
1
2
1
2
1
10
1642
1
2
1641
1
1637
6
1638
1620
1637
1
1631
1
1
1
1557
3
2
4
1605
439
1
2
1567
1531
1564
1
1631
2
1627
1532
1
1633
3
4
1636
11
1
1
1
2
99
1
3
108
100
103
108
1
2
3
1
1529
2
3
1
1359
2
111
1522
1
2
98
1633
1
95
96
36
1
3
1
3
4
34
33
1
3
35
1535
1
2
1531
1
1607
1532
1530
1528
2
3
1606
1
40
1
1574
1575
1580
1578
1
2
6
14
7
10
11
1614
1
3
2931
1
2
1616
20
1579
1559
1
21
1560
20
2
18
3
21
19
1609
2
1
3
1628
1635
1625
2941
2940
8
4
5
1
2932
1
2942
3345
2934
1315
2931
1
1347
2948
1601
1602
1603
5
9
1
3
4
4
4
2
5
5
1
1
2
4
3
1
1
13
403
1623
12
1602
1601
4
1614
3
1636
1
2
1616
1617
1
2
1605
310
312
1614
1
2
318
1304
1
1316
1319
2938
1616
1
2
1623
1315
1318
1603
1618
1
15
14
6
1
2
1624
3
1605
3
6
7
1597
1
1602
8
1
1604
1603
2952
1627
2953
1625
1
3
6
1621
1623
1348
1
2
1349
1348
1
3
2
1
1360
2
1361
6
5
6
3
8
1600
1604
1
2
1
4
1599
3
1
1355
1
1401
1
34
33
31
1
1396
2
1
1336
1
1335
1611
8
2960
1
3
1
4
1601
5
2930
7
1
2933
1
2
3
1
1
1614
1
2
3396
1612
12
1615
1
2
1
3398
2950
2947
448
1784
1596
1
2
3
1783
1617
1605
1600
1609
1
5
3
4
8
1603
1606
1616
132
1329
2
3
11
12
13
8
1784
1616
2043
4
3
2
1
3
4
1
2
1484
1
1
1480
1481
1485
1484
3
1
2
1
131
132
1
1485
1486
4
133
3
129
1331
132
1483
1484
1
2
3
10
11
5
1
1
5
33
35
2
4
1
2
6
1
2
3
4
1
4
1
1
1627
1626
1631
36
1610
1605
42
35
1574
1624
1
5
1
1563
1
2
1622
1624
1629
1
1621
1620
1
1601
5
1602
1
4
1603
75
3
1
1627
4
5
1628
1629
1
1631
1628
1
2
1586
1
2
1588
1587
1
1601
1366
3
8
9
11
2967
1590
1
1361
5
1
1
2
5
1
4
254
250
1
2
3
4
1
1
1
2
1
3
1
2
1
1
1592
1847
1
1
2
5
4
1
2
1859
268
3
1
9
10
1857
1213
1203
1
5
1579
3069
4
3070
1
2
265
1
1592
267
3
1564
1
1589
1563
1
1564
1592
1
1588
1871
1595
28
2
3
4
1587
1
1586
1585
2
1
1386
3
1586
1587
2
1
1584
2
3
3
3471
3472
3466
1402
1403
1398
1
1647
1648
1
74
1
2
1647
1
1
1405
1406
1593
1
1
2999
2987
1595
1594
1389
1
1393
2
2998
1388
3
2
1
1385
1
1597
1596
1
1
1597
1596
1599
1
1391
2
3
1
1590
1598
1591
1392
2991
2996
2
2973
3
4
5
6
2975
1
1598
2
3
2976
1
4
1377
2975
2
1
3
4
1
1052
1
3
1
1699
1698
1
1697
231
1928
1559
3487
500
2
3
3509
1
7
1
1
2
1
1373
1
3488
2
3
4
2988
501
500
1378
1379
3489
3
6
1610
1
2
1
1
4
2997
15
18
1
2
3
1
3
1
2
1
3001
3000
1616
3001
1614
1
4
3012
1
2
1387
1
2
1
3
1602
1385
1395
1394
1
1
460
493
1
3510
492
2974
4
3466
3470
3471
3509
2972
2970
1
4
2
5
2997
1
1381
3
8
1612
2
4
1380
1409
1604
1
3008
1409
3007
1598
1599
1601
1603
3
1
2
3
4
1
2
4
10
9
1610
1
1595
2
1611
1
2
15
5
1610
1
2
1
2
3
10
1597
1
3
1
8
9
10
7
1596
1595
6
1
4
5
1607
1549
1608
1364
58
1607
1
1366
6
1
43
1409
1
3
4
24
5
37
19
1367
1386
1
1392
1390
1601
1604
2991
2992
3
4
1603
1
1602
1
3006
1603
22
2995
1
3016
3
2996
2997
5
1599
1
2
1605
1604
1601
40
1
2
3
3
1
2
3
4
1457
3057
61
1462
1463
2
1600
1
2
3
5
6
23
37
36
1
35
1
3
1
2
37
38
1
2
1
73
2
6
72
1
2971
1402
1
1459
1
2
1460
1
1
1533
8
6
1527
6
2
3
1
2
1
1521
1
1471
2054
572
2055
1
1459
1
1
2
2040
574
2032
3681
1641
570
1483
573
2
1
2
3
2965
4
1600
1482
1477
4
3
3082
1597
3012
1
5
1458
1389
1648
1650
3016
3015
1
1601
3014
1
2
4
3038
3013
3016
3037
2966
1
3
2967
2969
1474
2
2969
2968
1495
1603
1602
1
3
108
1
1586
1476
2
2
1490
1
2
1491
1489
3
1
2
2987
1
4
2
1
2985
3
5
58
5
2994
59
111
1413
1611
1
3023
1
3020
3024
1610
1
3021
1613
1926
1611
1
3539
3538
49
53
55
3539
54
1
3542
2
3
3562
1982
3588
3537
3541
4
5
3022
1
3540
3027
1
3028
2
3
3
2994
2995
1
4
29
28
27
3026
5
1
3035
6
3034
2
3029
3030
39
2991
1
1
6
3024
3019
1
2
9
3018
1
1
4
3053
2
3
1
2
3
6
3067
1437
1
3066
3067
1
1
1404
1433
3
1
1403
1
29
3
1430
8
2
5
1419
6
16
1606
1607
2
7
8
1622
1431
1
1611
3551
1605
1604
1610
1
1
2
7
6
1425
9
2
3
1417
1
1
2
1940
1
3552
3553
3538
3542
2
3
1
4
1
3
1
1629
2
1630
1
1
3559
3543
1580
1
1963
3542
1
3541
3540
3552
2
5
1
1
3
2
1
3
4
2
3
3032
3
1
2
1596
13
11
3033
1
3034
1601
1600
1598
1
3
4
1
2
1424
1
3
1
2
3
17
1
1611
1
14
2
1
1609
12
1
1619
5
2
1
1621
1620
2
1
1614
1
1613
1
7
3
1
1614
1613
1609
6
4
10
4
6
3040
11
1
5
4
3044
3051
1
4
1447
3052
1463
1578
44
2076
3050
3048
1
2
3
1
3030
2
3029
1589
1
2
3
1963
2
2
3
4
1
1442
1
1443
1
1605
1957
1604
1954
3
1
1589
3048
3047
1
2
1
2
3561
2
3566
1
1
1955
3560
3564
1605
1
1
1604
2
4
1
2
3
1579
1606
4
1
1
2
2
1
3
1
2
1
3
3053
3052
1
3050
1
2989
3
1
2
2990
2
65
1548
1547
1
2988
1
63
64
3051
1484
3064
63
1567
1
2
1569
2
1580
1
1613
1614
1441
1
3
1447
1446
1
6
1
2
4
1
2
4
9
1
2
1
2
1
14
13
1
33
43
1
10
2
3
4
32
1
2
3
5
4
5
6
7
1
6
1
5
36
34
7
1
2
1
24
27
23
11
12
11
3
1
2
1
1454
2
1
3050
1
2
3049
1590
1
3
3048
1497
1
3
7
1
9
2
10
1
5
6
20
11
4
19
10
7
1
3
1593
1
2
2
5
1498
1
1591
1556
5
1551
1592
3
4
35
1
1491
4
1595
1
2
11
12
1
1599
7
2
1
3059
2
14
15
1597
1
1
1582
1
1
5
5
1586
2
4
1587
1588
1
2
3063
3062
1
2
1
2
5
3065
10
3070
1
3060
3073
3071
3
3061
1
2
4
5
8
2
1
7
8
3070
3
3070
1
3
1
3071
2961
108
1587
2
1479
1
3
1
2
3
1594
3188
1
3187
1588
1589
1593
1
4
5
1
1
2
6
3081
1
1
2
3
4
5
3208
1
1
1
2
3
1
3234
1328
1
1
2
1
3645
1
3209
3208
1
561
3
4
1
3
2063
2064
436
437
3646
436
3087
3080
558
3078
3059
559
3058
2050
2061
1
11
1
5
1588
1593
1589
1594
1555
1
5
9
1587
1586
1
4
4
3
2
3613
5
1596
2
1
1
1598
1597
1594
3
5
1
1
1597
1
2
1627
1629
1625
1596
1597
1
2
4
1
2
1906
3228
1322
1907
3221
3229
1
1323
3220
1
1592
1591
1898
1906
3221
1
2
1593
1
2
1
2
1595
1
6
1597
1
7
1
4
1598
1
1
1
1502
1
2
1512
1504
1
2
1498
1
1594
1583
1497
1507
1499
1
3095
3097
3099
1511
8
4
5
1510
6
11
8
3
1
3080
3094
3630
2
3631
3632
3636
3641
1
5
6
3
2
1
2
5
1
2
1
2
3
1
15
1581
11
13
14
1
2
3
4
6
1
41
5
1592
42
2
3
2017
55
1466
45
3640
3568
3608
2069
40
1
2
1501
1499
39
1
2
1554
1
1503
1556
1550
1551
1552
1
1
2
2
2
3
1
1
1
1569
1527
1521
1568
1
2
4
1528
1
3123
1567
1568
1
1453
1672
1
1569
1568
1567
1
1534
1532
3
6
1
1535
3102
4
2
3
3101
1
3
1
2
1
1512
11
3098
1511
1
1521
1516
3
1
1522
1523
1542
3109
2
5
1567
1540
1539
4
1
2
3
1
18
1569
2032
17
2
1489
4
1560
1551
1
1499
2
3
1498
2
1499
3093
3094
3099
1
1587
1
2
3
6
2
1
2
3
4
1
1
3039
3038
1
1
3042
3
3043
2
3
1
3039
1
3098
3659
3038
2088
3
1
2
1
621
620
611
1
9
1
2
3061
1575
1579
3
1
2
4
1
2
3
1551
2
1
2
1548
1582
1581
34
3
4
6
1553
1
2
1520
37
1
1493
2
3
1491
1
2
1
1556
1557
1
2
1
1553
1
1537
2
1542
1536
1566
2
1535
1569
1554
3105
1547
1551
4
5
1
7
1572
2
1
3
4
5
1565
1564
2
3
1
2
1573
1
4
1571
1539
1540
1542
1
16
2
3
15
23
1531
463
1
8
14
1553
15
1557
1558
3
1554
1554
8
1538
1
1
1
3
3899
1
2
1
2
1591
1588
10
9
3902
1
2373
3903
2
2372
3902
3901
2
1544
1
2375
2371
2370
3903
3904
2370
4
1526
3
9
5
1530
1593
1
3
1596
1595
1594
16
12
1
1
2
4
1596
3
1578
1
3
4
1
2
1
6
1
3
7
10
1486
1496
13
1509
4
1508
3678
1593
1505
2170
2169
2168
1
2
3
1
2163
2085
1
3678
3704
2169
1
26
3096
25
1
1521
1522
1523
1536
2
1537
1
1536
3106
3105
1538
2
2
1572
1569
12
1574
13
7
8
1
2
3
6
1
5
3114
6
1
3
1
2
1
3109
1
1
2
3
4
1
3
4
1
3120
3
3108
3121
1371
1
1368
3
1753
1
1
3
4
1372
3
9
10
1
3
1
1
1383
67
1
2
2
3046
1
3045
9
3047
1
2
4
3692
7
3
2
3036
75
1
3111
73
74
1
1
648
1
1
3685
2
1553
1549
1548
2160
1
2
1567
5
1566
27
26
4
1
2
3
1
1572
1574
1579
1
1
1593
1523
1595
1594
3
3118
1
3
4
1526
1
2
3119
1
1530
5
1
97
1531
1532
1
3
1535
2
1
1
1482
98
1530
1
1
1529
1578
1
2
1437
1584
1
1582
1615
1
1
2
1609
1614
1
1611
1
1583
5
1588
1
1
1
2
1516
1666
1
150
147
1
3
482
1665
4
483
1
1
487
497
2
1
1183
10
1184
1
1622
1
1621
1
1622
1623
14
13
1
1639
1642
1638
1637
1640
3
4
532
1
5
1081
1
1
499
1
5
6
503
1
1
1578
2
1577
1
1
1579
1
3
1576
612
611
1
4
1593
1592
1
3
1647
1087
1
1086
3
526
4
2
4
832
1
1457
1
1458
1
3934
844
4
2
1
1
1491
6
535
2026
2
2031
2030
2028
529
530
2027
2028
1
2026
1
411
2032
2033
1621
1619
1
2
1
12
2
10
11
1046
1
1054
1047
1
8
2043
3089
2042
3
4
1
1046
1
3087
3088
3
1
2045
2044
1
1
2
2
2077
1
4
620
2
3
2067
1
2
1
2064
1026
1
3090
1597
3100
1
1196
1503
3
4
1596
2698
2699
2700
1
2
1
11
954
951
940
3
2
3
5
1
2
4
5
1
8
2
7
1
2
1605
1603
9
1
2
1
1593
3
1
1607
1
2
1
1612
848
2460
1595
1594
865
1
1
1609
1604
5
48
44
1
10
23
1492
43
9
52
1549
2
4
13
1
1469
1472
1
3
1
1500
2
3
1
2
1
1497
1502
1496
7
6
1
1
2
3
1471
1469
8
1
1
2
1
1475
1474
1
2
1
2
1
2
12
1
1477
5
10
1
2
5
1
4
1
3
8
2146
1
2
4
2147
2143
1
4
2142
1
1
1460
1459
2448
1499
2
3
1
7
3
3731
1
2
3
1
1492
1
1491
2
2
1492
1
2
3
1495
4
3738
1
1
2
3739
2
2
3
1461
1465
1464
1
3
1451
3107
1
2
1
1453
1465
1464
7
1454
1460
3
1
5
1472
3
3
1
2279
84
6
3737
3738
2195
1
1
1547
1543
1546
1
2
3
1
2
1
2
1
6
2292
103
2290
1
1
5
3
4
1
2291
1396
1465
1467
1
2
2296
2292
1
2298
2
3
4
2187
1
2
1
1
3686
3687
1
68
69
1450
1454
3
1
2
4
1
1457
2
1458
2
1459
1
1460
1
1459
1442
1441
1451
1438
1
2
4
10
1
4
6
4
1
3
42
41
1447
179
2
42
1
1488
1489
3
3118
2
1
1404
3
1
1405
1
2
1406
5
1403
1440
1401
1438
1409
1
1437
1443
1268
6
1
4
7
169
1
2
1
5
6
8
9
10
4
1
9
10
9
2
1
2
5
6
1
5
6
1
3
1
2
1
2
5
5
1695
6
1
2
4
1
1
1443
1
1449
3115
3139
1
3
3110
3111
3759
1318
3758
3113
4
1793
1794
1
2
3
1
1
6
1
7
8
29
3120
1
3119
3118
3125
1
7
638
1
3
1
2
633
1
2
1
24
777
23
1
1
1
2
3
5
1
4
1
2
3
46
1
45
3947
1
3686
3687
39
1
3
1
1
38
1
1
2
1
3
3685
3688
1
2
1
3948
2
3
3949
1
3918
1
3919
1408
1411
19
2515
1
2585
1407
3
1410
1408
1451
1449
1
1404
1392
2
1405
1402
3
2
12
3
1
11
2534
1
12
2
13
1
56
10
3
1
1
7
801
1
4
5
1
1
21
49
47
66
4
22
1
2
1
28
2
23
1
22
2419
30
27
1
1
1726
2
22
21
1404
1
1727
1403
1
3
4
1404
5
2859
1
2
4
1
2
1
2
1
2865
3
2862
1
2
1
3936
3940
3938
2
1381
1
3
4
1380
2876
2
3938
1496
1381
2
2877
2874
1386
5
2
3
1
1
1
1
2564
7
27
1
2
3
821
1
1748
20
35
28
1
15
1
14
20
1
2
3
2
29
11
2
3
18
17
1
3
4
27
1
18
1776
1762
1795
2
1794
1
653
2
30
2456
1334
2451
1
32
31
1
2426
1
7
2441
2440
1
1
3790
2441
1
1
6
1
2
5
1
2
1
2
3
3785
1
3780
1
2
3
2436
3786
2442
1
1344
2332
1
1448
1
3780
2433
1347
1346
1345
2
3106
1
1
2424
1
650
3776
2439
4
1
649
3
648
1
2
647
3124
1
3126
20
1
3791
3771
654
1
655
3790
3135
3123
3125
3124
1
1337
1
3
4
3125
3126
3155
1
1
2435
2436
1
1332
3768
1782
1331
1781
1
3113
1
3116
1782
1336
1326
1
3
5
9
10
11
1777
1
2
1
3
1350
1
2
1
1788
1787
1788
2462
1347
1
1778
2
3
675
3
674
1
1776
1
2
910
1
1
3106
2
1
2
3
3108
1
3107
1
3098
1
1
2
3
1794
1782
1780
1793
1806
1810
1800
1
1
4039
1284
923
922
921
1
4
1
1
912
922
911
1
2755
2
10
1
8
1
1644
1
2
1477
5
1
1475
1
1306
1307
1305
1306
1
2754
874
1846
1851
66
1
73
1878
4039
2752
1482
1
162
161
4
5
1
188
177
189
1936
1
11
1
2
1747
10
1750
1
1749
1937
1
1
65
2
5
6
7
1
3
4
67
1795
2
1
367
368
21
3
1
1
18
15
1
2
3
1
1798
1797
1
1796
1795
1
2
1
1797
1
1
10
2
1796
9
1805
2
8
1
9
1799
10
1790
1791
17
1
1822
2
5
1823
4
1824
3107
1
1283
1284
2
1
2
3
3064
3106
1283
5
1282
1
1288
6
1
2552
1264
3840
1
2
1
2
21
1
3
1389
20
19
1
2
1533
1392
1
1541
2925
1545
1546
1384
2576
8
1265
1
2
3
1
2
1994
1562
1
2568
2567
20
1
2571
1273
2
3844
1
765
2588
3082
1
2
3
1
2
3
1
6
3067
1
5
3074
3073
4
1
5
1
4
1
2
3081
5
1
2
12
3080
11
1823
13
1808
3078
2
3
2
1796
1
1276
3
1797
1799
1270
3077
3076
2
3070
1
3078
3079
1
3073
3071
1
2
3076
3
3072
1
42
2
43
690
691
1
3
4
682
1272
3073
3805
1
1801
1273
1274
3811
3810
3808
3807
1
3
9
5
1
3806
1
2
1
678
1
3808
3809
1
1269
2
1270
1269
5
1
1271
1270
1274
6
4
1
7
3
2
1288
2
3
1
14
1286
1
1272
1273
1290
1810
1
2
1
1
