1012
1013
1014
2
1020
966
623
389
1037
967
844
397
165
963
103
972
1133
1026
968
538
981
1164
962
924
961
1209
1051
1702
1506
140
63
389
708
57
124
160
1654
151
4
1675
1
1983
13
1585
421
1984
1985
78
127
592
1360
424
388
1921
895
1105
886
14
1215
1106
56
1996
1547
629
1614
1985
1444
1991
701
948
1997
1995
1993
1216
1988
2003
2002
2001
114
1881
1994
2008
944
12
1992
831
2000
1999
1998
70
1990
1989
2005
2004
706
704
696
12
854
798
720
705
819
360
409
1507
448
1561
196
390
125
3
161
3
1676
1629
95
1468
841
75
3
261
1787
129
128
1785
120
76
1335
1790
817
1382
66
4
164
180
664
236
1779
1764
666
1777
448
1015
1280
204
358
1254
1419
1774
219
33
1167
359
1476
1765
672
1158
1464
1791
1793
906
165
643
951
258
82
1249
315
1135
298
100
1436
1782
768
123
78
1780
245
222
2
779
599
632
1775
864
1770
1781
260
667
335
1778
518
1788
1769
125
384
1012
1435
247
772
237
551
1252
1783
1773
305
1792
1623
1768
1767
75
303
390
1784
749
1215
336
1253
1343
1766
1789
33
120
1552
4
96
911
1505
1109
61
105
69
53
1844
247
99
1599
32
34
27
1479
30
392
1422
1210
1166
1207
172
173
175
1156
2
177
179
257
1142
1136
1133
122
3
180
1171
1163
1144
418
1701
1437
176
119
261
253
1145
1808
1586
1828
178
390
1573
508
1583
1588
1824
1803
687
1697
1783
1685
1577
218
1704
1721
1702
1584
1579
1488
681
1805
818
1744
1686
1782
1780
1745
1724
1830
1634
1827
918
412
414
1123
1703
1607
191
1815
1585
21
1810
1806
1804
1725
1802
1801
1443
1788
1784
409
1904
1718
1781
1832
1831
1829
1595
1826
1575
1591
105
1698
1825
1823
154
1696
1708
1822
1683
548
1719
1821
408
44
1820
1227
1576
1587
527
1819
543
550
1705
1689
1817
1218
1816
1438
1814
771
65
1813
1812
1811
1288
1720
1618
1809
1807
838
29
1684
1800
1799
1798
200
1797
212
1688
1436
1796
1602
1795
1693
1794
1793
1722
1792
1791
683
1790
1691
1627
1700
1238
163
836
1338
1789
1572
1787
396
502
65
1786
1016
1785
190
217
321
1596
1542
356
83
1233
1325
275
706
734
694
735
815
732
733
738
736
625
1077
737
1
220
880
268
348
305
1
15
501
499
10
7
1164
285
735
1167
241
1173
652
841
210
1306
12
10
1529
1
2
3
4
5
1856
1843
139
1850
1849
1853
1851
874
1848
1847
1363
1119
48
704
1855
1852
1854
1857
173
149
233
83
157
159
120
54
118
644
15
1438
1129
82
2004
83
1129
1
391
397
193
387
1553
510
1508
1677
118
86
55
126
190
2
87
233
1330
1225
565
918
490
1
1431
3
1432
161
1466
405
1067
406
401
400
1303
413
72
410
404
403
402
979
417
142
414
412
409
408
407
411
121
1035
693
276
429
190
1340
1086
1286
19
5
1
7
9
10
11
4
12
13
14
1670
1669
6
3
8
1664
5
16
1666
118
6
4
1
46
5
144
43
52
87
12
80
339
52
56
1265
1264
1262
53
55
1243
1256
1
1276
57
1817
1697
1253
1283
1823
1704
1327
1819
1693
1842
1064
1865
644
2
1608
1822
1821
1816
1813
1864
60
1698
1806
141
1805
381
1828
1838
1841
1705
1136
1563
1695
712
1820
938
1549
1824
1706
1818
1815
1814
137
1812
1811
283
1809
1808
1807
1568
1804
1803
1827
1826
80
1825
1013
2024
1291
26
44
340
3
72
36
1
2
6
12
5
8
11
14
7
1672
1671
1666
1667
250
99
1668
3
682
249
31
252
680
259
251
47
11
309
1595
389
319
1525
686
1556
987
782
930
1122
512
780
135
758
3
437
1327
190
505
617
659
400
957
1319
1043
1555
1244
739
639
403
256
1754
1554
1289
1224
1205
546
250
36
195
346
1553
1333
709
434
131
1756
56
41
365
240
1256
359
1318
1552
752
360
1551
1550
1549
322
134
86
1548
1463
302
507
327
695
333
373
138
1681
527
1671
1424
13
407
122
990
1381
1781
1006
430
1372
902
911
1008
1176
1013
627
1233
543
43
1005
214
198
1245
84
622
205
62
770
199
55
200
932
121
666
348
692
112
807
320
93
147
667
119
91
1680
208
630
313
1651
849
1271
297
245
1231
316
305
1157
556
906
1002
45
1278
631
1682
876
237
1547
285
958
1546
370
202
189
632
318
311
1768
427
1075
148
508
22
1585
337
1584
980
433
1765
13
34
1324
1583
1582
1094
374
1581
1760
1316
1580
1323
1044
68
1579
354
314
1578
231
149
1421
139
1135
331
1322
1183
1014
615
183
671
203
115
1577
1576
365
179
1575
840
830
907
1574
290
55
1573
1572
855
614
248
1571
670
1119
1348
58
284
289
288
1321
409
72
26
665
113
1107
1118
198
1570
1466
159
101
688
1569
1320
985
1568
578
866
1567
1067
1335
1282
633
804
82
361
1566
363
785
668
144
544
1565
1564
541
1563
1562
1440
619
517
33
1676
1629
56
194
872
1269
366
992
588
868
92
894
1782
25
854
640
1561
1064
865
571
259
125
54
799
317
629
84
18
669
1275
959
67
64
1615
54
1619
58
1618
1560
211
1559
1558
538
487
214
1290
1557
27
1138
1
284
160
1842
1841
1839
279
1181
568
1
1509
1383
5
1621
6
499
7
8
1495
1
607
173
522
625
669
525
229
133
164
153
186
496
1514
176
1015
89
162
941
156
152
192
1147
1308
174
891
172
105
282
1466
92
158
155
189
185
186
179
177
1557
138
599
168
160
157
154
41
194
191
188
118
184
893
87
178
886
175
225
150
171
1310
170
109
220
163
161
159
1661
469
157
448
151
150
193
896
190
187
183
182
181
180
452
810
166
165
296
341
2
73
1462
3
350
1
1
921
582
265
286
2
1570
1
1059
1455
49
2
147
9
307
1139
1429
1
2
4
573
963
569
205
637
524
219
1009
894
512
774
438
516
174
520
515
517
522
519
518
1192
1200
443
951
648
47
862
1571
3
2
5
11
9
4
1669
1675
1674
1671
8
256
1805
178
1670
385
34
28
611
604
725
1
179
1800
1668
685
247
808
196
264
1436
1672
1707
105
96
39
1
50
1330
306
343
843
704
849
238
644
502
1084
311
131
170
1036
295
281
699
279
1058
42
1497
392
181
802
733
1824
115
139
744
292
289
1043
262
985
194
1289
1453
701
639
1498
396
159
633
112
1503
460
708
1836
748
1725
984
132
239
706
1041
306
707
28
700
136
1045
683
571
1499
43
1484
1483
1228
1500
1808
645
1159
294
747
675
606
1495
134
1314
1494
1493
977
214
1588
252
742
1491
1490
1185
1489
1488
1696
1487
1486
490
50
1492
1485
702
1501
1512
148
923
1033
1365
1247
924
5
1437
20
573
1668
1298
181
126
130
1784
249
215
296
4
239
303
1432
1404
104
98
1442
740
1243
344
210
206
866
735
806
103
730
454
517
349
1174
1344
786
1772
644
185
1193
133
533
1407
1148
150
118
191
647
657
329
1795
228
751
1439
1111
294
58
74
24
947
1480
797
648
688
1025
1780
1443
238
1286
299
1260
382
161
1144
1782
634
857
305
166
1773
214
103
1441
167
529
72
1350
694
832
104
1440
354
1293
1799
302
1435
371
1800
229
194
1455
1785
1454
1434
1129
218
593
331
1697
248
1438
643
1436
1453
356
649
1452
1474
1015
1128
886
917
1451
1450
216
1449
1299
65
620
1693
189
199
1448
588
217
286
67
686
346
1678
1447
799
192
1026
1771
216
24
1446
1699
652
1445
1444
155
387
110
918
1049
861
324
509
442
1
222
477
915
468
28
1
3
6
469
1656
1655
1654
1657
1652
486
68
1653
94
6
1
376
2
3
7
4
274
1
8
10
1675
1672
1674
1671
56
7
90
741
1190
14
1539
139
13
162
823
18
824
1569
890
1457
1152
15
1518
1395
1090
1415
1347
12
817
23
805
1496
1696
799
24
1
11
1416
875
365
1651
1506
22
21
2
20
1583
19
1577
1
2
81
887
13
1662
1710
42
1
3
1157
507
951
77
52
30
52
294
74
346
1
1633
1631
74
233
1632
1026
234
245
1725
144
218
861
98
161
179
1722
40
149
1350
1349
116
94
8
199
317
5
1529
342
301
994
850
1214
110
110
232
145
994
129
500
223
346
565
230
1147
115
1215
1221
226
347
219
345
358
357
562
1160
314
622
359
355
201
354
361
1242
353
352
324
351
350
995
1194
1190
995
1533
2
13
1130
576
1131
409
1950
661
1272
1763
1234
1439
624
961
549
901
23
905
1253
1243
35
789
1
898
1248
1448
115
1042
1445
628
1
97
1449
90
892
4
1447
1239
894
349
1441
1438
1440
1444
1446
992
40
1182
175
1301
1023
348
392
1300
1318
216
839
134
1239
1326
307
623
366
741
1317
218
1316
1315
15
1330
1314
1475
1062
1271
121
224
1329
57
1180
1312
235
1453
19
1310
354
355
905
105
143
314
628
526
1792
1685
702
306
357
597
1791
649
941
294
75
1628
1247
1309
547
1299
310
341
84
1070
1308
1150
1145
858
1660
1454
199
391
1328
1783
664
648
1298
45
204
337
1307
811
672
311
32
350
1327
1306
1297
1305
1304
311
336
382
206
1433
1153
116
815
67
113
213
212
214
211
1390
1185
920
817
1015
376
1691
809
83
357
65
99
447
1005
202
1817
1689
1690
998
207
1680
197
841
1280
638
254
1763
808
82
1186
1004
1782
555
639
614
1789
1029
1278
112
65
198
916
885
189
34
1265
1193
641
322
1131
1296
42
1717
632
1064
379
849
1781
64
81
550
778
1787
1325
323
1001
1313
1311
1224
1291
1776
194
1303
1638
1774
95
626
199
636
1622
678
631
50
850
96
1765
356
1
343
352
1428
620
1324
1323
591
13
1290
246
442
314
1302
43
1333
205
919
1332
133
616
158
1322
1321
1320
1319
111
1331
1780
1551
1396
1637
1496
59
971
45
303
1371
1362
1351
1363
3
1358
1494
1476
1278
1352
597
1366
620
1365
450
219
1348
1349
1359
1885
1370
1368
1367
1027
971
346
623
1634
198
53
127
770
189
1
31
1631
1
1407
87
88
79
85
82
80
81
86
1
1780
829
1223
226
1227
1646
86
82
1627
274
1572
531
1521
81
230
337
1463
287
84
273
1800
452
293
79
1759
1630
876
62
554
83
1558
1781
1489
1553
1645
87
227
12
916
1671
594
1493
178
1723
1016
78
547
271
1777
925
465
5
1318
1757
1
1345
1316
1310
1337
796
435
1348
1756
1319
5
427
1763
1762
1307
130
724
2
1895
1754
3
1753
1297
4
1752
1751
857
1749
831
1747
1748
1746
1758
1745
1750
1761
1759
1760
6
1412
2078
722
195
145
1755
347
4
3
1079
1736
1637
209
219
883
1596
541
1470
1740
1240
435
668
1757
210
959
1254
682
290
1758
291
552
1243
221
220
312
215
74
1078
213
315
434
1206
1632
1626
216
330
1755
528
1221
1578
1796
1464
1526
303
1652
1611
217
1534
218
214
1587
286
711
198
309
420
1
901
2
1
104
1538
1066
206
1
168
109
273
4
274
78
6
281
1250
1445
284
248
1232
1227
1366
1228
694
1226
1
1260
1833
1154
388
147
262
1230
1209
1844
206
216
1222
1220
585
1261
1259
1258
1255
843
957
1035
382
1386
1251
1249
589
49
1245
1241
582
1240
798
1180
1670
1781
1231
1229
1492
976
788
631
1225
826
1224
1223
113
591
1494
132
513
1257
139
1256
1254
1253
432
1190
250
287
271
287
1252
626
1144
11
1248
1247
1198
687
14
1246
1182
1369
956
1450
1243
51
437
796
1242
1187
689
178
1239
1238
1237
261
1236
1235
1234
1233
1244
653
14
86
653
286
376
575
458
566
299
578
564
893
574
570
916
577
576
565
573
568
299
459
826
1
873
805
940
937
24
458
788
727
939
938
1158
68
138
267
25
28
1500
2116
600
265
43
1806
177
947
941
262
1009
1498
522
1053
360
1104
1248
423
1506
589
258
1730
1515
948
1508
578
1014
1896
2132
1293
990
1007
1055
1499
114
29
881
2
1115
2144
353
603
1687
1791
226
203
214
1621
208
1520
46
2094
1808
1517
2161
1514
362
1344
1054
704
564
1114
768
1511
1510
901
1052
1761
1016
2149
1056
1503
1353
1597
1792
1502
2
1732
988
551
597
1516
172
1513
1501
989
998
328
426
2135
1273
1061
325
168
1505
169
174
832
196
126
2023
211
145
1799
209
1752
1429
571
218
289
203
571
575
574
572
573
531
673
303
161
1134
533
579
619
995
1974
1976
114
1975
4
348
254
1065
55
3
301
343
1599
281
286
1413
277
284
274
280
1171
282
1509
285
232
567
276
1118
1694
279
243
664
1702
1697
1168
1563
275
489
22
1524
1409
128
348
486
1510
283
278
1094
571
1
2
210
701
163
801
847
653
533
554
395
72
242
85
1330
196
294
830
1717
154
77
9
1
426
471
121
1426
116
1342
123
124
1372
4
394
680
126
127
117
1529
120
559
165
492
149
811
1122
122
496
675
1315
430
705
125
1260
940
172
283
389
382
636
968
398
400
1155
831
378
390
459
521
377
313
255
365
18
118
386
385
56
372
384
505
383
321
1051
1469
294
268
940
466
271
865
281
305
1665
528
284
41
44
1293
932
283
1177
447
395
570
361
1023
270
1507
1140
285
1128
269
282
869
273
274
1686
275
276
266
255
300
277
272
1265
278
279
280
1399
550
2048
556
1777
455
1
1320
221
1325
1322
101
402
1319
102
692
102
92
879
1323
815
1318
1324
1752
786
163
870
1287
916
1163
1414
1065
2
5
511
198
197
833
196
194
1561
308
15
484
486
488
266
1903
610
118
925
1858
1908
365
772
221
420
929
1725
1297
1624
1418
522
640
298
1680
1344
223
1940
129
612
1701
134
847
482
1188
1393
127
1353
743
1517
528
170
1585
1787
871
1109
215
1454
924
1052
875
1427
185
213
876
714
1853
874
1776
1888
1409
931
518
1751
519
237
710
877
955
1134
1633
1237
521
1727
467
1398
1662
469
470
471
218
1399
672
1861
475
1307
1951
222
833
1328
477
902
609
1583
478
479
922
480
1581
534
1631
481
1750
337
1781
448
454
1403
1209
1690
1404
702
736
911
1470
485
87
1292
1626
489
491
1519
1342
872
209
415
410
676
1920
677
496
786
1105
498
1392
1905
1296
1347
211
1215
499
240
932
1906
76
500
502
1412
226
507
508
1205
509
510
511
512
513
1189
514
515
138
1835
1480
443
760
808
1320
696
1726
181
1108
517
1634
1657
1560
490
1149
1172
881
1535
1508
1636
472
1042
1194
873
634
487
493
47
1862
1742
501
504
286
505
1655
520
1486
1864
1310
474
1663
1740
1402
359
242
1689
239
281
203
1
1201
330
929
1202
1199
933
110
1203
26
1558
454
1
2
1397
1217
1
1214
1210
1097
1209
1221
787
872
336
1219
1218
1213
1216
1215
90
1222
1611
1220
1212
86
917
93
85
1677
62
1014
200
813
118
964
291
846
549
64
1771
202
1251
314
380
1179
1026
990
90
1787
675
1011
638
115
78
1789
544
96
370
838
877
1686
243
1007
1293
1061
12
764
993
1288
436
354
633
1275
992
232
137
1769
775
13
637
991
938
506
51
1128
1778
394
1779
989
882
192
230
1786
414
155
1777
988
305
456
161
514
1423
1287
987
1118
986
985
439
984
983
1299
1784
10
898
76
1092
368
1766
1322
393
1063
360
320
283
99
1427
628
765
946
186
337
982
146
1298
1020
621
677
197
277
1008
174
933
492
395
1297
173
562
1773
1236
913
211
1323
981
620
369
780
558
980
979
978
522
77
977
976
1284
876
975
1029
671
204
1472
153
95
227
974
429
1404
872
83
1277
1111
973
972
416
1814
1308
251
403
76
971
1148
444
674
150
550
547
970
311
625
523
39
1183
969
396
360
998
1384
968
624
860
967
646
966
805
635
78
1281
965
1621
1620
205
673
617
1296
68
1052
313
1531
1667
692
223
1067
238
1142
203
786
1363
855
615
141
196
160
626
623
665
963
1780
962
661
239
645
397
250
1760
1658
560
1295
176
256
42
201
340
1249
1339
961
134
715
905
136
205
960
125
1245
35
959
359
1785
1262
152
958
1688
1294
316
957
851
92
2
1469
616
29
340
331
956
955
1687
533
1071
898
1096
132
1586
184
1466
1
379
1
1366
10
500
348
349
1272
1356
145
1273
351
342
343
264
1279
346
148
1514
1568
1466
347
1658
352
872
350
638
1053
1068
380
344
345
751
3
11
24
623
1126
5
886
16
578
376
2
571
14
574
24
577
576
538
575
1338
931
573
572
1224
229
570
495
1407
612
1241
569
919
577
908
904
94
1090
924
906
637
544
1
607
1438
506
597
1
2
692
44
1057
1312
384
1055
1066
1791
1548
75
140
387
1056
1054
653
1948
370
36
1060
668
1052
1080
1051
1140
694
309
147
1061
1059
1053
1876
67
218
1058
1540
1
3
592
1143
434
1151
351
1190
1558
202
1
3
142
1444
1682
141
185
1579
312
303
44
778
1228
222
230
1227
352
353
448
35
218
318
561
1199
560
117
997
258
1
312
2
970
51
687
1026
980
1023
38
9
1304
570
1015
6
182
1043
344
1941
1914
120
625
1027
358
727
1875
824
316
1766
707
1022
1305
763
114
135
1676
1021
1940
720
1017
1016
1028
383
174
1134
173
939
1030
1029
1020
1019
1018
545
570
777
846
1
3
1
3
6
1134
1435
1135
1137
1140
1431
503
1136
784
1133
1132
910
1138
1139
1580
84
201
645
1106
1431
646
956
49
591
1645
656
649
882
1543
1876
1879
847
248
1482
106
657
268
161
1470
822
1765
647
267
1425
897
661
650
644
716
1599
888
846
104
658
374
1003
1068
1650
1662
1325
1155
1441
1771
223
972
182
1303
284
1316
1646
1459
264
1429
1492
1365
820
432
1318
1181
504
1377
659
1218
156
143
662
293
509
985
1403
745
683
54
114
708
643
421
56
271
1317
1270
1527
1760
1812
1713
1085
1597
1310
1022
282
1114
258
239
1831
1443
239
651
1833
1900
253
497
798
1770
652
928
2
653
1201
165
1284
1422
331
1376
501
1664
1718
270
654
300
1723
675
959
100
1658
108
128
1460
125
660
901
1638
289
1589
341
655
1015
167
240
237
746
64
1311
109
1115
278
377
381
107
721
711
277
1200
618
1483
281
280
378
1585
234
219
521
970
791
821
748
1244
553
871
819
2
463
624
93
313
1643
195
849
1462
1903
1891
646
923
117
1915
1914
1913
76
1896
1885
567
1908
1306
122
1884
126
1901
1886
175
327
1911
1894
799
1883
118
1895
274
1545
929
630
1890
1897
1000
1909
1811
467
1893
319
320
263
163
960
1902
1131
1810
1912
583
1898
1904
985
112
1910
1551
1006
1812
1224
1465
1464
1310
58
1906
806
13
149
658
3
1
567
573
1
271
281
574
169
470
1052
565
1310
771
1328
1491
1521
1346
570
1202
1535
275
571
859
642
575
572
280
1608
568
773
1149
1413
566
743
1155
1598
365
564
1213
310
1
3
221
364
361
363
362
359
450
360
358
1
700
219
78
79
80
83
76
571
81
1076
77
141
744
84
82
965
531
1250
605
555
1
544
320
537
538
1478
1444
549
209
534
542
894
539
540
543
546
548
819
550
554
318
1644
1328
536
1540
728
2
508
541
1403
545
551
190
1093
552
1643
553
535
547
1032
649
1447
1
961
282
404
405
408
410
947
403
3
631
1188
1627
901
3
152
2
1494
72
276
11
1554
1
2
1042
1040
1043
141
1039
1041
1044
1698
853
1089
153
407
157
154
155
156
506
1067
996
615
181
63
513
506
430
512
511
508
514
510
314
528
442
484
326
89
101
86
1239
439
1751
900
1343
1246
410
30
836
899
491
1768
1258
837
634
908
464
1884
85
569
1253
629
841
1450
16
561
833
417
1248
830
829
828
906
1244
1766
304
897
554
851
887
835
120
839
838
272
834
840
355
966
4
832
831
29
912
1749
827
852
1453
850
849
633
848
1747
847
846
845
903
844
843
842
676
1443
1750
245
334
357
222
1331
490
23
65
705
1050
20
711
1918
1488
752
1031
358
1855
862
1852
217
1051
111
1519
1368
817
1907
603
814
94
46
811
355
624
810
812
1285
462
1294
1854
639
204
813
694
819
657
458
1874
39
89
1027
698
818
816
1654
815
90
1
1555
239
2
1498
336
1333
89
1009
1466
617
300
331
851
1555
1632
850
786
327
95
203
1497
1089
164
38
72
35
849
848
218
195
325
1440
93
840
844
1482
853
908
852
847
13
326
845
846
967
568
1026
1165
1157
36
1521
918
1534
837
719
1159
654
1719
175
1208
781
716
1644
232
778
743
289
81
955
638
55
713
177
714
715
1653
717
718
346
720
971
272
133
722
723
1209
60
725
768
777
1048
161
171
174
1102
182
483
323
1072
1149
322
1008
325
321
345
324
412
1137
319
320
928
1938
1950
25
56
17
507
393
817
815
813
94
820
685
1922
406
822
1428
1902
1342
226
366
148
814
821
812
1035
2
1067
408
818
133
816
668
412
1
16
18
17
131
1044
393
12
668
227
673
11
215
318
709
399
174
557
1235
214
213
216
86
409
517
1230
832
407
977
976
950
155
815
241
723
1914
102
100
1643
1
1017
1016
1015
877
118
23
5
1329
1710
720
1061
1
1700
1814
260
1702
918
864
488
867
1502
1576
802
1512
157
885
1348
1156
1810
1730
1432
1296
1728
1345
882
884
1816
1146
1008
1653
865
873
881
1354
28
872
862
1615
1086
1424
1408
212
1343
1705
1893
780
1344
876
1609
1298
874
825
1813
1487
218
826
400
801
878
1418
1161
225
725
695
1642
1157
186
868
354
480
879
1120
567
880
1410
1772
869
1132
870
875
317
1529
1578
1165
883
1419
1587
877
1299
742
871
1356
1588
1061
1063
1
142
328
250
252
73
247
2
147
72
974
256
258
613
1
1
542
65
900
66
1047
790
811
856
1072
1457
674
665
668
1618
304
623
667
324
366
395
666
149
664
46
280
167
816
1853
373
78
65
74
1854
1881
602
835
662
285
581
130
318
433
673
147
628
922
230
669
672
671
622
670
1160
1065
319
660
661
663
45
997
36
1
434
2
889
1084
1538
1580
1269
508
1044
1251
507
512
513
514
1077
515
161
591
380
565
1205
1462
900
1272
516
1400
2049
217
235
1
2057
1095
129
712
56
662
941
1467
2
7
832
121
1610
567
1142
407
398
831
874
1000
380
834
1458
393
382
745
498
833
1582
90
1677
197
1619
836
830
434
835
1204
829
104
218
103
102
101
146
1231
1230
1269
1232
1608
1345
1020
740
1218
139
1682
2
879
877
874
306
878
365
873
872
875
881
880
876
369
371
368
370
619
139
252
311
311
74
1038
509
45
1502
1041
98
344
1033
1037
441
213
1483
1039
1036
255
1035
1034
1561
454
403
380
163
989
1922
693
108
248
140
252
253
245
247
254
326
250
255
256
249
246
860
251
76
262
260
424
1190
729
44
943
882
883
1
2
39
1
298
184
182
183
445
1
1398
644
5
234
346
727
1484
1067
776
312
318
491
670
145
287
996
1076
775
676
554
552
827
989
550
1224
837
630
714
231
206
731
544
1709
314
543
59
541
1704
319
539
1812
54
835
1237
562
561
51
1619
560
559
47
177
1817
1523
190
1820
555
1002
637
553
995
730
284
161
1454
289
1183
665
621
1839
551
549
107
548
547
546
1162
545
208
1884
542
540
563
1016
558
557
3
556
78
106
116
1751
299
1
1461
1111
560
1554
1460
1331
2099
1460
1
871
566
368
1280
280
279
24
1243
568
1776
499
691
1507
569
918
686
1254
1247
573
566
637
572
562
565
357
10
1452
1512
577
684
6
574
615
571
570
914
642
1252
575
567
1240
578
1261
217
576
103
43
303
127
642
604
231
421
530
589
1589
278
502
1743
533
529
250
532
226
222
521
531
206
524
53
863
103
254
1562
300
79
391
706
219
1020
1474
566
825
30
29
1385
28
1754
31
817
495
1
496
497
318
498
1284
512
752
587
162
294
236
947
1
288
715
105
526
714
354
713
236
273
1217
296
1085
283
1120
1077
59
1773
1231
1241
829
1236
284
296
1076
1224
1668
837
1800
1256
276
716
1615
1659
1075
767
1467
1486
199
619
1391
1583
1064
9
1436
1066
527
1398
360
1242
329
1394
915
1070
704
1220
1222
991
1071
1072
270
1073
1074
595
913
274
712
1082
705
1086
20
1087
236
1088
579
1089
54
768
1090
1091
1092
1751
891
1065
539
1746
1704
1067
546
1068
1069
1078
1079
134
1080
1780
11
1081
1083
1736
786
1084
779
1
599
598
391
432
435
602
794
1610
1618
744
156
991
968
1030
786
835
1
5
2
36
371
1
203
175
2
490
1
695
832
423
1213
1255
261
1
2
4
3
1588
777
100
1689
507
2143
2185
1494
1
3
542
1
2
116
2
1332
529
42
1
1
2
1541
1140
1714
2062
1083
1
457
2
942
427
661
105
587
4
501
6
298
142
331
939
1412
540
655
351
287
3
752
462
424
28
688
1276
287
796
1
6
670
110
1427
457
249
433
136
91
4
1442
800
1431
8
293
1424
2
1436
1429
544
1
492
682
471
72
444
3
5
304
1419
948
173
31
294
166
940
7
240
40
512
516
667
136
135
134
131
671
1
1
3
29
354
8
9
2
22
1
6
17
2
1
403
862
446
861
1
1
1331
286
1
4
2
5
445
2
330
1
2
3
655
4
196
244
324
281
1
444
446
20
21
1146
520
838
1033
22
821
23
1136
995
1387
1521
346
61
24
25
369
648
26
27
855
381
257
1208
337
428
1486
28
254
29
406
344
197
331
567
353
30
989
1007
284
645
31
589
584
279
590
382
521
73
225
485
84
606
685
32
326
854
840
160
422
523
284
434
73
333
330
16
210
956
607
328
402
969
33
1000
118
199
34
201
264
137
1141
98
545
36
151
254
61
1485
958
35
231
493
1356
1394
584
42
253
1173
213
3
295
1469
1496
436
849
87
1467
1480
143
82
831
988
330
495
371
447
200
276
1364
289
342
230
520
405
280
1384
1473
1030
242
332
598
982
532
1093
87
47
512
26
399
1172
211
890
343
89
613
56
408
1492
1363
1468
88
376
1
946
1015
203
83
233
175
944
55
720
4
605
183
163
1481
5
396
542
1133
1478
902
1491
6
379
300
807
2
655
686
1466
7
8
27
144
1393
9
10
124
194
11
653
407
1484
12
13
1005
727
1163
16
52
495
154
269
1128
543
215
1100
3
232
603
14
1169
573
15
832
229
17
2
695
1
215
997
18
1018
19
824
582
461
588
678
487
1179
120
250
4
1
2
6
8
1012
3
368
5
7
37
814
580
977
972
966
1
1061
492
961
2
70
4
968
114
4
5
2
4
3
1
1
140
389
1
245
391
2
191
332
270
1
246
116
550
1048
1099
2
3
539
692
764
962
71
961
286
533
433
199
1
1
1
1
379
618
1
1
1334
2
713
1
2
3
1
381
495
180
4
561
429
509
275
576
244
4
401
1586
436
1
1562
3
232
44
314
352
448
513
426
1483
1140
1302
107
1091
351
434
439
428
404
447
3
2
606
1
1468
282
496
394
1570
146
4
148
121
7
391
609
2
5
5
695
1
269
1
1
1
395
265
2
499
1520
1611
1632
2055
4
4
223
3
3
220
6
7
2
37
218
67
71
301
1
489
5
2
187
1
2
349
512
1
1
1
2
2019
1444
1825
968
801
1336
613
4
2
239
351
1817
1125
1237
1660
1007
2
1025
575
1
1187
884
248
1073
253
1430
1429
1343
861
1
658
1
553
1727
1748
1098
1521
12
1
86
1
299
390
338
8
124
20
603
356
381
1196
588
281
223
12
306
44
974
1202
1010
649
658
651
1005
277
1540
128
718
243
1226
266
386
996
799
1
213
5
24
564
19
6
412
883
11
10
1000
9
1413
340
587
509
1011
451
2
244
246
495
6
1498
104
1510
586
1651
7
1502
428
322
654
316
1001
1629
1501
365
1100
1
8
2
3
4
1526
7
12
5
956
4
13
3
491
2
6
4
3
1
5
2
199
1
75
323
532
1
1
853
1
13
2
1
473
3
405
2
215
3
1
129
1
210
2
506
1161
1
3
1124
12
525
449
2
1
1819
987
1495
628
635
626
293
2
339
405
228
1182
289
3
151
1
1
1244
302
1030
363
1475
5
1
3
2
1
1
63
63
72
2
3
1
5
1179
4
2
1678
318
693
588
374
567
6
1176
381
246
372
1
1072
1
1
4
5
491
4
3
2
6
335
388
920
716
1760
1216
25
2046
2168
1
248
240
1654
197
1086
1
428
834
670
240
3
1095
1260
1043
630
566
4
1
180
759
932
2
1047
1322
1323
336
804
9
10
768
1163
767
7
885
6
5
657
1196
1723
3
7
4
527
81
236
451
1341
251
1714
8
63
6
162
5
970
2
762
1
9
11
10
268
7
1491
1
1042
48
7
308
5
4
1
341
1631
29
1205
178
1715
83
124
246
1731
2
1
520
1732
8
501
197
6
275
460
490
3
322
857
150
164
1
3
2
1776
543
1252
1735
434
15
330
230
750
264
1754
481
1265
612
14
338
9
8
664
110
1262
569
227
632
315
5
322
335
1736
305
3
498
2
132
650
13
1746
1657
294
1097
1
431
132
611
12
740
995
11
537
914
1263
419
6
16
1308
10
4
3
1340
496
1342
1355
217
1350
1622
1471
707
1161
1203
1
2
1
61
265
136
64
60
2
1
129
499
339
356
155
424
1218
503
303
116
151
99
1812
748
1
1
1380
70
160
2
1156
1
625
7
295
841
21
853
834
566
826
378
8
4
298
313
3
1133
336
1
623
1
547
2
10
6
9
748
566
407
1
240
1
799
255
1137
5
432
2
3
1
1
1192
567
369
1
1903
1
2
1376
1418
509
1282
1033
4
146
1829
8
5
783
1669
2
1764
1204
1770
2
1771
6
893
678
264
168
9
827
7
582
1762
10
1
1
897
815
4
470
3
1
125
2
1
4
612
284
5
282
7
4
1
1
57
17
1277
229
1
29
2
1
5
3
288
647
1214
1
2
3
91
212
4
5
758
583
188
322
719
197
313
272
800
1
1
24
1
1
1
694
210
110
618
1
220
1184
697
1095
697
692
516
696
35
1874
694
693
1081
1211
235
1
36
195
628
3
2
138
1663
613
1
3
798
928
1
1
303
327
1
2
1391
256
1192
43
689
17
18
373
1
214
1
7
1643
1058
73
386
1412
1
1590
2086
1855
912
91
496
437
1
82
1936
1181
2
999
1913
449
945
2
1523
144
1
3
257
398
383
1
3
2
499
511
2
198
1
121
265
245
668
74
129
178
2
819
1985
498
1553
1193
1
1
668
1
68
6
684
835
1
4
3
611
637
70
749
4
2
2
831
1
1
687
789
814
1148
2
1
2
1
1409
1072
1
3
2
1930
1
2039
146
1939
1039
79
1
212
69
7
42
51
198
1302
122
840
129
2
1398
4
6
5
1986
92
3
1976
106
1
2
244
9
1185
11
2045
6
5
10
2
3
1
12
1
4
8
7
3
1
1
5
79
4
148
114
84
97
859
2
86
3
24
143
111
2
1
1890
505
1
85
2
1
1219
1217
2011
3
1
2
489
2125
1
757
2
1
862
128
904
1
1
2
152
370
1
5
153
494
464
2
459
1746
677
505
1131
1173
1835
1899
438
1
1462
1
26
1073
1
62
715
2
451
8
389
108
1306
20
539
1
4
1673
405
6
424
416
1
337
3
7
2
4
31
24
1
138
3
3
4
3
345
1
117
1
3
1074
562
1839
1
1
1
1380
2
101
1
1
1
5
602
1585
51
417
1
948
84
1
2065
1
4
1485
193
1
1394
107
149
2127
2169
406
2042
2084
1
991
1
1033
1
1
2
1
2
613
767
1531
1524
1
170
6
1
2116
2158
1
589
1991
1
241
812
1405
467
7
2196
1
3
2
16
1546
189
321
1
3
1
2
756
4
10
659
1
1358
190
320
1044
2
1
2
374
1262
1304
154
196
1828
5
3
1162
1
1
1571
2
43
2
85
1313
365
2
1680
2
1
1
551
643
993
3
1
6
12
3
2
11
4
9
8
5
1
1315
1
4
2
195
1
1
1
953
321
1
1127
1673
772
5
155
6
559
1491
2141
2183
47
6
2038
459
1
1
1
3
492
699
2130
5
12
6
455
13
14
1
2
7
8
9
552
391
3
10
3
2
11
594
1
5
4
1232
1
155
96
2
3
991
5
948
19
18
17
3
16
15
14
13
12
437
2
11
10
9
4
1
949
1206
8
7
1
57
1
1
