1
1
7662
7661
7660
7659
2802
1
3016
2803
2801
1
2
2911
3
4
2912
5
6
2913
7
8
9
10
11
12
13
14
15
16
17
18
19
20
21
22
23
24
25
26
27
28
29
30
31
32
33
34
35
36
37
38
3123
39
3124
3125
40
2800
3015
2802
10
1
2
3
4
5
189
6
7
8
9
10
11
12
40
39
2801
41
2800
42
2959
2960
2962
2963
2964
2965
2966
2967
2968
2969
2970
2971
42
645
2909
1
3124
3084
2
213
2977
3
4
46
2912
2911
5
47
48
49
50
51
8
52
53
54
55
56
10
57
58
59
11
60
2913
61
207
2881
12
2979
2882
13
14
15
17
18
20
21
22
23
25
26
62
28
29
31
32
33
35
36
63
1301
1302
64
65
66
3085
218
3125
3086
221
37
67
68
69
2883
2884
70
71
2885
72
73
646
74
75
76
2886
77
78
2887
65
79
80
81
82
2956
2957
2958
8972
2908
2870
2907
178
1
2906
2905
9180
9198
9197
9179
9178
9196
4448
4070
2863
9195
3
2
4036
8971
8970
8969
8968
8967
8966
8965
8964
8963
8961
8960
8959
8958
8957
8956
8955
8954
8953
8952
8951
2904
8950
8949
8948
8947
8946
8945
9177
4445
9193
9192
9176
9175
9174
8944
9173
2903
9171
9170
9169
9
9003
8943
8941
8939
2862
2861
2860
2859
2902
2858
2901
2856
2855
2900
2854
2853
2899
9474
9473
2852
9443
2851
2850
2898
9472
9470
2849
4
2848
9347
2702
9441
2897
4444
4443
9168
9167
7074
2934
9181
8998
8914
9166
9165
9164
9163
9162
9161
9191
9190
9188
9187
9186
9185
9184
3998
2896
2895
2894
2893
2892
2891
2890
2889
2888
2887
2886
2884
9160
2883
2882
2847
2881
2880
2879
2878
2877
2876
2875
2874
2873
2846
9428
9468
7095
7073
9159
8777
9158
8997
9172
2845
2844
2843
9157
9481
9480
2872
2842
4932
9462
2841
9427
9461
9426
2840
2839
9156
9459
9155
9154
7072
2838
9153
9152
4035
7071
9151
4439
1472
7070
9150
9149
9148
9147
9146
9145
7069
9425
9182
9144
7068
9424
9476
6546
2867
9482
7100
1510
9000
6775
3090
38
3083
1
3086
213
2
3
4
48
6
7
8
9
58
10
6533
11
26
12
13
14
15
16
17
18
19
20
21
23
25
26
61
27
28
30
31
32
33
34
35
65
6572
66
69
5889
70
6516
6511
41
6574
3031
6236
3085
6233
6514
1473
1
2
2909
5343
1129
3
4
5
6
6563
10
6260
6280
12
13
14
15
16
17
18
19
23
24
25
60
29
30
31
32
34
62
63
6489
35
65
66
6520
6519
67
1071
1072
1073
1074
1075
1076
68
6487
1493
6249
363
5291
6552
6486
1077
6485
40
3030
2907
2906
9181
9199
9198
9180
9179
9197
4449
4071
2864
9196
2
1
2868
177
1
6274
2909
2908
2
3
4
5
6
7
8
9
10
11
12
13
14
15
16
17
18
19
20
21
22
23
24
59
25
26
27
28
29
30
31
32
33
63
6575
34
64
6275
2908
2907
6058
1
2
3
4
5
6
7
8
9
10
11
12
13
14
15
16
17
18
19
20
21
6255
22
23
58
24
25
26
27
28
29
30
31
32
9179
4447
9195
9194
9178
9177
9176
8946
2905
9173
9172
9171
7
8943
2862
2904
9169
2896
2847
2846
2843
9429
9158
9154
9148
4450
9200
9198
4072
2869
2865
1
176
9182
6046
6045
6044
6043
6042
6041
6099
6035
3
4
5
6
7
8
9
10
11
12
13
14
15
16
17
18
19
20
21
22
57
23
24
25
26
27
28
29
30
31
61
6577
6576
32
62
66
6291
6068
6067
6066
6065
6064
6063
6062
6061
6060
6059
6058
6057
6056
6055
6054
6053
6052
6051
6050
6049
6048
6047
6578
43
1
54
5344
1836
9
57
5336
5329
5346
5325
5320
5308
6491
6253
6522
6448
6447
6446
72
40
2906
5350
5347
6273
6518
2883
44
1
45
2
48
49
3
6573
6572
6571
50
6541
52
4
6568
53
54
6
7
8
9
10
11
12
13
14
15
16
17
18
19
20
55
21
24
25
26
27
29
56
6443
59
6579
30
60
61
6525
62
6438
6558
6437
6516
6254
5991
32
35
6580
40
42
43
1750
44
45
46
1
47
48
2
6574
6573
6572
49
6542
50
51
3
6571
6569
52
2905
53
6446
199
4
1543
1542
6412
5
6
7
8
9
10
11
12
13
14
15
16
17
18
19
54
20
21
22
23
24
25
26
27
28
55
6437
6527
6485
58
6580
6579
29
59
6561
6439
1537
6436
31
34
6581
38
2904
39
40
41
42
43
46
47
1
6575
6574
6573
48
6543
49
50
2
6570
51
52
4
5
6
7
8
9
10
11
12
14
15
16
17
18
53
19
20
21
22
23
24
25
27
54
6438
6486
57
6581
28
58
6440
6560
6439
6518
6430
6576
33
6582
38
39
40
41
42
43
6576
6575
6574
47
6544
48
49
1
6573
6571
50
51
6448
2
6414
3
4
5
6
7
8
9
10
11
12
13
14
15
16
17
52
18
19
20
21
22
23
24
25
26
53
6439
6529
6487
56
6582
27
57
61
1967
1968
1969
1970
6422
6421
6420
6577
1137
29
32
6583
36
2902
37
38
39
40
41
43
44
45
46
2907
50
6449
6016
2
3
4
5
6
7
8
9
12
13
14
16
51
19
20
21
22
23
24
25
52
6583
26
56
6578
1138
6577
6576
31
2901
36
37
38
39
40
41
42
43
44
45
46
47
48
1
2
3
5
6
8
9
10
11
13
14
50
16
17
19
20
21
24
6583
25
55
59
748
47
1
2
3
4
5
6
7
8
9
10
11
12
13
14
49
15
16
17
19
20
21
22
23
2404
53
6585
6584
24
54
2411
6498
5517
1657
1664
1658
6559
5516
6557
26
46
1
2
3
4
5
6
7
8
9
10
11
12
13
48
14
15
16
17
18
19
21
22
52
6586
6585
23
53
57
45
1
2
3
4
5
6
7
8
9
10
11
12
47
13
14
15
16
17
18
19
20
21
51
6587
6586
22
52
55
6524
56
6530
5360
6576
24
44
2898
192
40
1
2
3
5
6
7
8
9
10
11
12
13
16
18
20
50
6588
51
6447
6525
6589
1
2
3
4
5
6
7
8
9
10
45
11
12
13
14
15
16
17
18
19
49
6588
20
50
54
42
1
2
3
4
5
6
7
8
9
44
10
11
12
13
14
15
16
17
18
48
6589
19
49
52
53
6533
6591
43
1
2
3
4
5
6
7
8
43
9
10
11
12
13
14
15
16
17
47
6591
18
48
6450
6528
6592
1
2
3
4
5
6
7
42
8
9
10
11
13
14
15
16
46
6592
6591
17
47
39
1
2
3
4
5
6
41
7
8
9
10
11
12
13
14
15
6592
16
46
5283
6587
6586
18
38
1
2
3
5
40
6
7
9
10
11
12
14
44
6594
6593
15
45
6595
37
1
2
3
4
39
5
6
7
8
9
10
11
12
13
43
196
197
6595
6594
14
44
199
200
6362
201
6565
191
192
193
16
19
3064
36
6399
1
2
3
38
4
5
6
7
8
9
10
11
12
6596
13
43
6455
6533
1
2
37
3
4
5
6
7
8
9
10
11
41
6597
6596
12
42
1
2
3
4
5
6
7
8
9
10
40
6597
11
6599
35
1
2
3
4
5
6
7
8
9
39
10
40
6458
6536
6567
187
188
12
15
6600
3060
34
1
3
4
5
6
8
1556
38
6600
6599
9
39
1473
1555
1154
1554
1553
1552
1551
1550
1549
1548
1547
1546
1545
1544
1543
6565
617
31
33
2
3
4
5
7
6465
37
6601
6600
8
38
42
10
6602
30
32
1
3
4
5
6
1474
1724
6602
6601
7
37
184
2763
31
2
3
4
5
35
6603
6602
6
36
2
4
34
6604
6603
35
27
5097
29
5404
1
2
3
31
5302
33
6605
6604
4
34
1244
6568
6606
5383
3564
1594
28
1
2
32
6606
3
33
6465
6464
6543
3419
6607
27
1
6607
2
32
4
26
6608
6607
1
31
23
8989
8984
8983
30
3051
8996
9671
2358
18
1
19
20
21
2
22
4163
4162
9013
9060
9059
4153
9105
9104
3082
3079
34
8992
6987
25
30
6609
6608
31
17
3052
18
19
20
1
21
4164
4163
9061
9060
4154
9106
9105
3083
3080
32
16
19
6414
3635
3112
3115
3121
3114
3563
3116
3118
2874
2
948
947
946
2872
5
6579
2912
6
2873
2920
7
8
944
174
171
432
2911
2819
951
2877
2879
1
2
5
6
1291
6181
8
9
10
175
2870
2818
2947
6590
3007
2876
2878
1
168
6579
2
6578
6577
3
4
6
6576
7
8
6554
9
6575
6574
6573
6572
6571
176
173
2817
2872
6591
6728
2875
1
6590
6588
6587
6586
3
2917
4
6
7
6555
6571
1270
177
174
2816
2871
6592
6600
1
2
3
4
5
6
6556
6593
6584
1
2
3
148
5638
6602
179
3
4
6558
5
180
177
2868
6595
2871
1
6112
6602
2
3
6559
4
6601
6600
181
2864
2904
2865
425
424
2903
2863
1
6561
6598
6562
6599
6563
6600
3052
3045
6552
3054
20
6317
1446
5527
235
6424
31
6554
6539
5528
6538
35
104
1240
1221
1233
6537
1447
6536
1219
6023
6022
6535
6534
5508
6533
6532
6531
6530
6529
6528
6527
3
1244
2993
5519
5515
6415
1613
3789
3788
3784
1
2
2
2
1
4121
6832
6841
6840
6831
6839
6838
6837
1338
6845
6844
1
2
1
2024
1017
2
3
4
5
6
7
8
1
2
3049
3499
1211
1210
1209
1208
6609
2989
2990
2991
3082
2992
3042
2935
3045
3041
2994
6331
6330
6329
1581
1203
4
6328
2870
4188
1169
3052
5679
1578
6326
6325
5
6
7
8
9
10
11
12
13
14
6608
6607
6606
15
16
17
6605
6603
18
2871
19
165
1577
1576
3053
3002
6324
6323
6322
6321
6320
6319
6318
6317
6316
1131
21
6601
6600
6599
6598
1126
1573
23
3043
3044
3092
3054
3055
3056
5937
3057
3058
6597
6596
2065
6595
6594
1101
6593
5936
6592
6591
5935
1572
6315
6590
3059
3061
3062
6589
1084
1083
5934
1571
5531
5933
6587
6030
6029
5932
6583
5914
6028
6027
2656
2682
6581
1207
6580
6026
6025
6578
6575
6573
6572
6571
6570
6569
6568
1588
6567
6566
6565
6564
6563
6562
2921
2932
3070
8
6540
47
8631
11
4619
12
2
3
13
14
15
9634
8977
8976
20
21
9071
9070
8955
9069
9068
5697
8968
4207
8983
5723
106
29
716
41
51
50
49
48
4
1
1
2
3
4
1
3
4
1
4
5
6
7
1
3
4
2
6
4
3
8779
8778
8777
8776
8775
8773
8702
1
8725
8707
8782
900
8657
1
1
8788
8799
8714
8660
8685
8713
8712
8785
8798
51
8784
8797
8783
8659
6
8658
8796
8795
7827
8704
8715
8800
1
1
6
1
2
3
4
5
6
7
8
9
10
11
12
13
14
15
1
2
3
4
5
6
7
8
9
10
11
12
13
14
15
1
2
3
4
5
6
7
8
9
10
11
13
15
16
17
18
19
20
21
22
23
24
25
26
27
28
29
30
31
1
2
3
4
5
7
8
9
10
11
12
16
31
23
24
26
32
33
2
3
4
5
6
8
9
10
11
17
33
34
19
35
36
37
38
39
1
2
3
5
6
8
9
39
12
40
41
42
43
44
45
13
15
16
17
46
26
47
11
1
2
3
4
5
6
7
8
9
41
13
47
15
16
31
48
49
50
51
52
32
53
17
54
55
56
57
58
33
59
60
34
61
62
19
20
21
22
23
24
29
30
63
64
65
66
1
2
3
4
5
6
8
10
40
42
11
149
66
12
836
13
276
253
67
68
46
69
70
161
71
14
72
124
73
74
75
15
30
47
48
49
50
76
51
31
52
16
17
77
53
54
78
55
56
57
32
59
33
60
61
18
79
19
20
81
21
22
23
24
82
84
86
28
25
88
90
26
91
2200
92
93
94
95
96
97
98
99
100
101
102
1
2
3
4
5
6
7
36
9
37
38
39
40
42
10
102
26
73
103
18
43
19
21
104
105
106
107
108
27
28
1
3
4
5
6
1
2
4
5
7
9
10
11
13
15
16
18
19
20
79
25
26
107
108
109
2
3
4
6
36
62
8
9
42
10
70
11
26
43
44
45
46
47
27
48
13
49
50
51
52
53
109
28
54
55
29
30
56
57
14
15
16
17
19
78
24
25
110
58
111
112
1
2
3
1
2
4
6
7
21
13
16
76
22
23
1
3
5
6
7
68
8
9
10
25
11
12
13
14
15
16
21
85
2
32
3
109
58
4
60
38
6
66
7
22
39
40
41
42
43
23
44
8
9
69
45
46
47
48
49
105
24
50
51
25
26
52
53
10
110
11
12
13
14
15
74
20
21
106
82
54
1
84
107
108
111
6
27
28
29
30
31
32
33
1
8577
3
4
64
8576
9
34
14
35
19
8575
8574
26
27
28
29
30
31
32
1
35
3
19
40
20
66
46
8571
7
8555
92
8554
107
8553
33
13
34
75
8552
8551
77
5228
80
5222
8846
8549
8547
8545
8543
8541
8538
8536
8534
8532
8531
8530
8529
28
1
8584
91
8583
34
2
62
8578
3
18
8575
35
36
37
38
64
39
19
40
4
65
42
43
44
45
20
46
47
21
8572
48
49
6
7
8
9
10
11
70
8568
16
17
8552
50
79
8582
8581
8580
54
28
29
30
8489
8585
90
14
6
16
8487
8546
8544
8582
8490
24
26
28
29
32
58
110
59
7123
8614
60
1
16
33
34
35
36
37
17
38
2
63
39
40
64
8576
41
43
18
8575
45
19
8609
46
47
4
8573
8558
8557
104
65
5
8556
30
6
67
7
8
9
8608
10
31
68
8572
70
72
135
822
239
54
55
56
57
25
31
8502
15
8578
32
33
34
35
61
36
16
37
1
2
38
39
8577
40
41
42
98
17
43
8576
44
18
19
8575
45
46
3
8574
89
7
30
67
8573
8572
8571
91
93
94
13
59
60
88
8514
8581
14
15
24
30
31
32
33
34
35
36
61
37
38
62
39
40
41
16
42
43
17
44
45
8645
58
13
14
23
29
30
31
32
33
34
35
36
37
38
39
40
41
42
16
8612
43
44
1
3
67
57
12
13
14
15
16
22
28
29
30
31
32
34
35
36
37
38
39
40
41
42
43
8577
100
1
2
3
5
64
8576
58
60
95
8581
8580
8579
1
2
3
4
9
10
8627
1
2
3
4
8
9
8627
8626
8625
1
2
1
6
7
14
16
18
19
20
21
50
1985
1984
6473
69
8601
3681
8600
8602
2140
8575
2479
2439
2480
2441
6144
1
6143
6142
6141
6146
12
675
90
40
89
37
88
8672
7270
8761
80
39
1
38
9633
9099
2478
9098
9097
9096
9095
9094
9011
9093
92
8732
7
3
9
8970
9342
3109
1
41
2
8583
9051
8972
9634
9050
9049
52
1585
6613
2866
1
2
3
4
5
6
7
8
9
10
11
12
6609
15
5384
2835
17
5376
5369
5386
5365
5360
5356
6522
6521
3184
6520
3041
5390
6316
6315
2843
8975
4451
9479
9201
9200
9199
9198
7058
8973
8972
8971
8970
8969
8968
8967
8966
8965
8964
8963
8962
8961
8960
8959
8957
8956
8955
8954
8953
8952
8951
8950
8949
8948
9180
4448
9196
9195
9179
9178
9177
8947
9174
9173
9172
6
9006
8946
8942
2865
2864
2863
2862
2861
2860
2859
2858
2857
2856
2855
9446
2854
2853
1
2851
9350
4447
4446
9171
9166
9194
9193
9192
9191
9190
9188
9187
9186
2849
4443
4935
2844
9159
1704
9107
9157
9155
9149
9185
1507
304
175
9182
9181
6614
1
2
3
4
6411
5
6
7
8
9
6613
6612
6611
10
6581
11
12
6610
6608
13
2866
14
6485
6615
2
3
4
5
6
7
8
6614
6613
6612
9
6582
10
11
6609
12
13
6486
15
6567
1
2
3
4
6
6615
6613
8
6583
10
6612
6610
11
2864
12
14
6485
6602
6484
19
466
6567
6601
6617
1
2
3
4
5
6
6616
6615
6614
7
6584
8
9
6613
6611
10
11
13
6603
1896
1897
6484
6483
6482
6618
1
2
3
4
5
6617
6616
6615
6
6585
7
8
6614
6612
9
2862
10
6309
76
12
6619
1
2
3
4
6618
6616
5
6586
6
6615
6613
8
9
6490
1918
1919
1920
6620
6626
1
2
3
4
6587
5
6
6616
2860
8
10
11
5183
3557
5181
6623
6478
6621
1
2
3
4
7
9
1743
1744
6477
6622
1
6621
6620
6619
2
6589
3
4
6618
6616
5
6
6493
8
6574
6475
6474
6473
6472
6471
6470
6623
1183
6622
6621
6620
1
6590
2
3
6619
6617
4
5
7
6575
6609
12
6456
6470
6469
6624
6623
6622
6621
6591
1
2
6620
6618
3
4
6495
6
6477
6476
6473
6472
6625
6624
6623
6622
6619
2
3
5
6466
6025
6592
6626
6625
6624
6623
6620
1
2
6337
3
4
7
8
6466
11
12
6626
6625
6624
1
85
3
6466
6611
6481
6307
1911
6465
6594
4040
8395
2706
8373
4448
9171
9195
9194
9193
9192
9191
9189
9188
4002
2848
4442
6627
6626
6625
6622
6499
2
6580
6538
6595
1746
1334
5689
5669
5668
5667
5666
5665
5664
5663
5654
1742
6465
6485
143
142
6725
1737
1813
5638
5636
1736
5683
5670
8189
8183
7914
4720
4270
8264
8178
8176
8269
8093
8239
7967
8237
8012
8177
8025
8024
8036
7966
8235
8199
8234
2
3
8174
4418
7974
7973
7972
4326
8170
7984
8166
4321
7965
4323
8175
7964
7963
7962
830
8252
8227
8226
8289
8274
7905
18
1
1017
8214
8224
3644
8221
4541
8247
8198
8244
8195
8194
8191
8241
8225
8344
8222
8219
8293
8287
8285
8283
8
8217
8215
8222
4721
8301
8240
8026
8169
172
8300
8299
8298
8297
8296
1200
17
6088
8227
8226
7069
8286
6584
4
6634
6633
5
6310
6630
6629
6628
6627
6626
6624
6597
6501
1
5488
6319
6325
6324
6323
6322
5457
5128
5333
1
5194
2
2836
477
2827
2829
2831
2835
5276
5404
5391
5414
5088
5402
6322
845
3
6583
4
825
858
903
2885
872
6461
6460
6131
1192
6626
6343
5473
3022
2133
1614
6638
6637
1
6634
6639
6
7
9
10
40
1
49
11
8584
12
13
8980
14
15
8422
4621
4620
9117
2
39
9634
9100
2479
9124
9099
9098
9032
9097
5
6
8
9
10
8585
11
12
8981
13
14
18
2440
8423
4622
9118
1
4
6639
6638
6586
1
6293
6554
6482
6292
6291
1195
6326
6549
6548
6547
6327
6587
6586
10
16
1
8081
2
8080
8079
8078
8254
8228
8226
8210
590
8224
8221
8185
8065
6
8082
8225
8222
8066
6477
6585
1112
6580
1111
95
6586
3
7914
8305
8083
1
6149
6148
6150
6145
6504
6461
6460
6589
3
6
6548
8306
1
12
8270
4944
2
6554
1
2
5610
1
8593
17
18
19
20
46
21
1
22
47
23
24
48
8592
25
26
27
83
2
28
8591
29
3
8625
4
8590
30
31
8589
10
16
44
21
22
23
47
8593
24
26
82
1
27
8592
28
2
8626
3
29
30
8590
8589
9
15
16
17
18
19
20
43
27
1
28
29
52
59
60
68
8
14
15
17
18
19
20
21
22
23
24
25
8628
1
8593
27
28
8592
49
8591
8590
8589
7
13
14
15
16
17
18
19
20
21
22
23
24
25
26
41
43
45
80
8594
26
27
6
12
13
14
15
16
17
18
19
20
21
22
23
24
25
40
44
79
1
2
3
4
5
6
1
2
3
4
5
36
6
7
1
2
3
4
5
1
2
3
6
34
8603
7
8
9
10
36
11
12
13
14
38
8602
15
16
17
73
8601
19
8600
20
21
8599
4
5
42
8598
8597
8596
8595
8594
1
2
3
8594
8593
1
2
3
8592
8591
8590
8589
8588
8587
1
2
8596
8595
1
6648
8609
1
2
3
4
30
5
6
7
8
32
8608
9
10
11
67
12
8607
13
8606
14
8605
8588
36
8604
40
1850
1844
8538
8537
8536
1
2
3
29
4
5
6
7
31
8609
9
10
66
11
8608
12
13
14
8606
35
8605
8604
8603
27
8610
1
2
28
3
4
5
6
8610
7
8
9
65
10
8609
11
8608
12
13
8607
34
8606
8605
8604
26
8611
1
27
2
3
4
5
29
8611
6
7
8
64
9
8610
10
8609
11
12
8608
33
8607
8606
8605
25
8612
26
1
2
3
4
28
8612
5
6
7
63
8
8611
9
8645
8610
10
11
8609
32
8608
8607
8606
24
8613
1
2
3
27
8613
4
5
6
62
7
8612
8
9
10
8610
8609
8583
8581
8681
23
8622
25
8614
1
2
26
8614
3
4
5
61
6
8613
7
8612
8
9
8611
30
8610
8609
8608
22
24
8615
1
25
8615
2
3
60
5
8614
6
8613
7
8
8612
29
8611
8610
8609
21
23
8616
24
8616
1
2
3
59
4
8615
5
8649
8614
6
7
8613
28
8612
8611
8610
20
22
8617
1
2
58
3
8616
4
8650
8615
5
6
8614
27
8613
8612
8611
19
21
23
8618
8617
1
57
2
8617
3
8616
4
5
8615
26
8614
8613
8612
18
20
22
8619
8618
1
8618
2
8617
3
4
8616
25
8615
8614
8613
17
19
8620
8619
1
8653
8618
24
8616
8614
20
8621
8620
8619
1
2
8618
23
8617
8616
8615
15
17
19
54
8622
8621
8620
1
8619
22
8618
8617
8616
8615
14
16
18
53
8623
8622
8621
8620
8620
21
8619
8618
8617
13
15
17
52
8624
8623
8622
8621
8656
53
54
8550
28
6571
6569
8108
6049
687
5949
5202
5201
5200
5199
5185
6566
104
5180
80
79
78
77
25
76
8660
70
5948
5164
5135
6090
5218
6048
5953
5947
8107
5946
8109
5945
1948
8106
5163
5179
5198
8105
5944
5184
8104
8103
8102
5197
5196
5195
8101
8100
5134
8099
5943
5950
8098
8097
8096
5942
8095
5941
8094
8093
5940
8092
5248
3708
8656
27
34
8686
768
9407
7676
767
766
765
764
763
9347
881
757
7882
8528
8634
8633
8632
8631
8527
8526
8525
8630
8629
1
8524
8623
9641
6555
8554
8523
8522
113
8521
8520
4464
8519
10
14
20
7794
7518
5710
7125
9244
7832
2972
7831
4152
7830
2963
7829
4151
4150
2956
7828
7827
2948
7813
7812
7826
7825
3495
7824
7823
2947
2943
7822
7821
7820
7819
7818
7817
7811
7816
7815
7814
7833
185
7269
183
180
7362
298
9310
9221
172
9
55
3847
2
3
585
644
7750
9309
10
12
4
7749
7745
7748
270
587
589
593
600
614
619
622
625
630
681
682
5
263
6
7
1
8638
8567
6907
1
2
3
56
5
7177
13
20
59
1
1558
2
8666
9266
3
9265
9264
1554
9317
55
9545
4
9263
8580
9544
61
1557
9262
9122
8640
1
2
54
3
7179
8670
9
11
1
53
2
8582
4988
5538
1543
8642
6822
1
8583
7
6810
178
8665
8664
4
5
6544
51
9376
9357
9374
4626
4248
7233
4214
7
8724
9355
4623
9371
9370
4622
4621
8
43
9643
4618
9
10
11
8982
12
13
9638
8981
8980
14
17
8978
9075
9074
8977
9628
8959
9073
9072
8664
8663
8662
8693
8640
8561
8637
4
8636
39
8634
8633
8
8632
8558
8557
8556
8631
8630
32
8611
8639
8555
8609
8607
8605
8603
8602
8643
8554
8596
8553
29
8573
8641
8641
8562
31
33
8574
8638
8637
8636
8635
6
8634
8633
8632
8639
18
8640
35
8639
8638
8637
4
8636
8635
8634
7906
8706
8641
5878
8688
8590
47
7190
8652
92
93
1836
94
1835
8639
8638
28
29
8645
8642
8677
29
8689
8628
8613
8629
8628
8600
1
8621
8618
8616
8599
8598
8597
8596
5288
6768
5291
5285
8600
8599
8598
1
8601
8600
8599
8675
1
2
3
4
5
8640
8668
8729
8577
8725
8730
8720
1
2
3
4
8717
8716
8715
1
3
8593
1
2
8672
1
8685
8595
8674
1
8708
8702
8701
8700
8699
8698
8697
8728
1
1
2
3
4
38
5
6
45
73
7
8
9
21
10
224
26
11
12
223
13
32
14
15
16
17
18
19
20
8
54
21
22
23
24
25
26
27
28
29
30
39
31
32
33
34
35
36
37
38
39
40
41
42
43
44
45
46
47
48
49
8537
8542
8541
8540
8458
8457
8456
8455
8454
8453
8452
8547
8546
8545
8439
8438
8430
8428
8230
8373
4815
3373
8353
8352
8351
8350
8226
8097
8349
7837
7832
720
8348
8347
9956
7182
8346
8345
8137
8129
8047
4573
3361
3353
8042
8344
3797
8406
8343
8342
8341
3347
8340
8339
3388
8338
89
8337
8336
8335
8334
3343
8333
3337
8332
3329
8331
8330
3322
8329
8328
8327
8326
3655
3352
8325
3318
8324
8323
8322
8461
8321
8320
3317
3316
3336
3313
3304
8319
3293
8318
8317
8316
8315
8314
8313
8312
8311
3290
8310
8309
8308
8307
8306
8305
3278
8304
8303
8302
8301
8300
8299
8298
8297
8296
8295
8294
8293
8292
8291
8290
8289
8288
3275
8287
3725
8361
8356
8354
763
8537
8531
13
14
8530
8529
8532
8309
8308
8307
8306
8305
8310
882
8429
8687
8657
8635
8634
8633
8632
8631
8630
8629
8540
8528
8526
7991
8628
8627
8626
55
57
541
62
8525
8614
67
8740
8613
3
16
33
44
49
98
8298
8297
8296
8295
8531
8530
8529
883
8683
59
61
581
8761
2
4
15
30
31
32
584
34
37
40
43
51
56
97
8557
8556
8285
8287
8286
8547
8547
8546
8544
8545
8307
8306
8305
8304
8303
8363
8362
8361
8364
1
8543
8542
8544
8544
8543
8545
8561
1
2
1
8562
8563
8555
8554
8264
8256
8255
8258
8257
8551
8544
8551
8553
8560
8575
1397
1
2
3
4
5
6
7
8
9
10
1395
1
2
3
4
5
6
2221
2213
2212
7
1
2
3
4
7
8
1
2
3
6
1
2
1
4
3
3
8794
8791
8790
8789
8666
8665
8721
8720
8719
8718
8717
8716
8804
8803
8691
8787
8664
8802
8801
8782
1
2
3
8678
5845
276
277
278
4
5
8693
279
325
8690
4108
8755
2845
8754
8753
8752
8751
8750
5702
280
8749
8748
8747
988
2829
8746
8745
863
271
954
275
7
57
1
2
8679
1
8680
5847
8756
8754
8753
8752
8681
8680
1
8757
8756
8733
8658
8755
8657
8754
8656
8655
4
8725
8672
61
8726
8673
4966
3457
8
4973
4972
4971
4979
3465
1
6454
3466
6455
4973
4972
2237
5977
3159
4213
5827
5826
5825
5824
5823
5822
5821
5820
5829
1
1
6405
6404
6403
6402
6401
6400
6399
6398
6397
1
2
3
4
5
6
7
2
4
6
7
8
9
10
11
12
13
14
15
16
17
18
19
20
21
22
23
24
25
26
27
28
29
30
31
586
32
33
34
35
36
37
38
39
40
41
42
43
44
45
46
47
880
48
49
50
51
585
52
53
584
54
55
56
57
58
59
60
61
879
62
63
64
65
66
67
68
69
583
70
71
72
73
74
75
76
77
7
77
78
38
79
80
81
82
83
84
85
86
57
87
88
2
4
507
5
7
8
9
11
12
14
88
16
17
18
89
19
20
90
21
22
91
475
23
26
92
27
28
30
31
32
33
93
94
95
96
97
36
39
40
98
99
42
43
100
44
101
102
103
47
49
587
52
104
54
59
151
105
106
61
107
108
109
66
585
68
73
110
111
112
113
113
114
2
7
8
10
12
86
16
87
17
89
114
40
98
42
52
57
115
115
3
588
921
4
6
8
9
10
84
12
13
85
15
16
86
17
18
87
412
856
24
592
91
920
587
586
585
115
584
39
96
116
538
596
595
50
55
117
118
119
583
582
120
484
121
103
104
122
123
105
581
124
125
126
855
127
128
129
130
131
132
133
134
135
8680
1
8679
8678
8677
6
83
14
19
8676
23
28
32
34
8675
44
46
591
50
51
52
101
8674
66
8681
8680
8679
2
8674
9
8673
26
29
32
8672
72
33
45
50
51
77
8612
1
7
10
11
84
35
113
8611
121
8610
6574
8620
6590
8673
8680
1
8671
2
8670
8669
6
8676
7
80
8668
8667
8666
8
8675
9
8685
69
8665
10
8664
81
11
12
8663
8684
82
13
8662
14
8660
6581
6580
6575
6574
8621
1
8670
5
81
5544
8619
9587
69
9578
33
45
74
75
117
121
8658
8657
8622
4
8656
8655
3
77
78
7500
15
81
16
17
8653
19
20
21
22
23
82
24
25
8677
28
29
30
88
8652
90
8651
8650
8649
8648
8647
8646
8645
8644
8643
8642
36
38
598
40
41
44
8641
8640
8639
95
8638
8637
51
596
60
61
8654
8636
8635
4676
8634
7562
7560
7559
1
6
8
7557
7555
7554
7553
8575
109
105
8573
111
7552
8572
492
8571
8570
8569
8568
8567
7551
7550
8566
7549
8565
8564
7563
7560
87
7556
7555
7554
8576
7567
104
8574
7533
7532
110
7531
7553
7546
74
2
3
4
75
5
6
7
77
17
26
29
86
30
106
35
40
8641
94
8558
112
113
114
54
8568
116
8683
73
23
63
34
36
39
68
69
8557
8556
8555
1
3
4
65
104
105
114
1
72
3
4
9554
25
26
83
27
35
36
37
42
91
46
111
113
8541
71
2
3
8538
9569
9568
20
8365
25
82
9567
36
8537
90
8536
8535
110
50
4514
4513
4512
113
8534
70
8686
71
9
22
100
23
24
25
30
85
35
40
89
107
109
8533
57
70
1
22
23
80
100
34
108
8532
8531
70
8525
22
23
99
33
38
8524
52
68
69
8608
8486
1
2
69
9
10
13
16
18
8482
8481
22
23
8480
24
25
26
610
27
28
8479
609
1
7513
2
68
8478
8695
3
4
5
8666
612
6
8477
7
8
9
10
69
67
8
14
30
4108
8477
21
1
3
66
9
12
22
8468
8467
8466
8464
612
8463
8462
65
9681
8699
9682
1
2
3
5
67
8
9607
9678
9677
9595
9538
8720
8694
16
8562
8668
8667
8665
8560
8559
8462
8663
8662
8461
8661
8660
8659
18
24
42
8460
8459
61
4
22
27
41
621
681
624
629
5
6
8
1
2
643
9
11
3
7746
680
4
264
1
3
63
10
19
8458
8658
8549
8657
7520
2
3
5
8
67
68
18
21
24
8459
8458
8659
8550
8457
75
8658
8657
61
6
4097
8475
17
25
8474
42
8487
8486
1
3
5
8699
6
14
16
620
18
619
19
22
23
8458
24
618
37
8457
8456
59
8488
7523
59
2
5
5572
8456
8485
7418
7662
8455
4685
4686
58
3932
4
5
8662
8806
8490
8489
8677
11
14
16
8485
28
8800
621
8799
56
57
1
8703
41
2
8033
8794
39
53
1
8794
9574
9632
8793
7
11
13
15
8668
18
19
20
9629
8792
8791
9628
8789
8788
8786
8035
1
8
11
12
13
16
8488
8669
17
18
8487
23
624
8786
32
33
54
1
58
8763
8762
8761
8760
59
8759
8758
8712
8758
8757
1
8695
58
2
78
47
49
8702
77
11
16
78
65
20
83
84
66
85
30
87
8555
45
9581
76
8684
8683
8682
5
10
8695
45
7727
4
8
8825
8826
8986
7138
7014
1
7018
7015
7012
403
8463
1
8
8716
8715
2
8467
6
7
8
8477
8677
8568
8676
634
4291
8465
8464
8463
1
639
7861
2
8463
7907
8722
2
8681
5
6
7
14
76
8805
638
7862
1
8809
8822
8821
8820
41
8719
1
8683
3
8478
4
187
8805
5
40
8721
8479
5
29
7
9
14
19
23
24
35
36
39
942
8825
8503
69
8681
8822
8804
38
8723
944
8728
8723
8506
8482
8476
8687
1
8
8729
8688
8647
8789
8640
8788
8787
18
7608
8787
8786
8535
8785
62
30
35
41
61
8758
8757
8603
12
49
18
19
58
607
8551
30
28
8843
8842
60
8503
1624
8825
8824
43
8746
20
8736
8607
8615
8668
8573
8571
8669
8668
8667
8666
8665
15
2
6239
8664
8663
8662
9
8680
8661
8660
8659
8658
8657
8656
8745
6649
6
7
8746
8745
1
6
4003
12
5592
3638
9615
4009
8783
8782
8781
8748
8556
3
4
8599
8555
8622
8776
1
33
1
5
8664
3
5
7737
7736
7282
7281
7280
7279
7278
7277
7276
7275
7274
7273
7272
7271
7270
7269
7268
7267
7266
7265
7264
7263
7262
8170
8169
602
7261
604
7247
609
7047
7246
615
7245
6478
6477
7244
7243
7242
7241
7240
7239
8756
1
8759
5
9444
32
9456
8627
4
32
20
8604
9638
18
8683
8680
8577
8695
8576
5056
7264
7260
7259
7258
7256
7254
7245
7244
7235
7234
8549
8541
8540
8539
980
7891
8513
8512
8511
8360
8542
8771
8615
4024
8657
8871
8638
8772
2
678
677
675
8452
4016
13
672
4567
7804
8871
4013
8870
8869
8868
679
8773
4026
8659
8602
8774
4545
8869
8820
8819
8818
8817
7648
7647
7645
8782
8780
20
21
7619
23
7630
31
746
988
8712
9723
8646
8710
8708
8707
7856
1
4023
27
7857
4024
8584
4343
4021
7604
7792
8618
8616
1229
8615
12
8809
6
8671
5468
1
5962
7765
5955
5954
5459
5458
5
6
7764
8300
4480
4850
8297
8737
8034
4462
8294
4479
8292
8291
8290
8289
4454
7206
5143
7212
7203
444
7211
7209
9128
7208
3819
7201
7200
6762
6759
8728
6768
270
8684
272
8662
8661
8660
8659
274
8664
8663
8662
8661
8660
8295
8659
8745
7776
8233
8260
8230
8228
8352
8235
8234
8227
8348
8225
8224
8222
8221
8219
8232
8215
8212
8210
8229
8208
8206
8252
8203
8202
8199
8249
8197
8194
8191
4278
8189
8186
8184
8247
8242
8159
8706
4426
8178
8174
8171
8168
5645
3949
4861
2904
5963
1
7763
7762
7761
7766
5956
7760
7759
7758
2
5955
1
4758
2
4
7758
5
711
4759
1
7278
7754
7759
7755
8787
8816
8815
8668
8661
8596
7767
46
1
3
7775
7774
7773
1
8657
8724
8770
6
1483
4807
2040
8496
3902
7073
3083
43
8208
7067
7072
7071
7070
1484
7000
6999
6993
6988
1
6989
6968
6967
6966
7668
8803
2
8681
6
10
8730
8594
8768
7671
7670
7668
7665
8686
8684
8805
7663
8683
8
8723
3743
2
8684
4783
8622
8698
8697
7068
7067
7065
8081
7051
7050
7049
7040
7036
7034
7046
5657
5639
5637
2
5629
1
8790
8678
8677
1
8604
1
2
3
385
3
4
6932
6869
6867
7108
9325
6927
6925
2125
6930
2184
388
1334
6934
6933
7496
7326
7325
1
2
1
2
1
2
3
6001
8891
5661
4139
8889
4118
8888
8887
8886
8885
8866
4114
4110
8883
4101
7764
7763
4084
8882
8881
8880
8879
8878
8877
8876
8875
4083
8874
7762
4077
8873
8872
8871
8870
8869
8868
818
1
2
1
1
2
1
6064
1
2
3
3
4
5
6
7
8
9
10
11
12
13
3530
3299
3531
6
7
3530
3529
3528
1
5
4
1
3306
804
1
2
3
4
5
802
536
798
797
796
533
795
794
1
2
3
4
5
6
7
793
1
4
811
11
12
1
2
3
12
1
11
1
7039
7060
7059
7058
7082
262
7056
7055
7081
7287
261
260
7080
7079
7053
7038
7037
7036
7035
7033
7031
7029
7028
7027
7026
7025
7024
7023
7022
7021
7004
7020
7018
7017
7015
7014
7013
7012
7011
7010
7009
7008
7007
7052
540
7305
7006
7005
7003
7076
7000
7002
803
804
6739
805
6814
6820
6798
6797
6843
6795
6794
6793
6819
1
2
6817
6792
6791
6790
799
800
801
802
6778
1
6818
6793
6792
242
7004
7003
7332
7001
7000
6999
6998
6997
6995
6994
6992
6989
6791
798
799
800
801
7045
6821
6820
802
7044
803
6987
6815
6799
6798
6797
6796
6795
6794
6844
7026
6779
6822
6821
6819
6794
6793
6792
797
798
799
800
801
802
803
6815
6800
6799
6798
6797
6796
6845
7027
6987
6986
6984
6981
6980
6979
6978
1271
6976
6989
6988
7000
6790
6803
6804
7576
7617
1
2
3
7843
4
7842
5
4669
1
2
3
4
5
1
7845
2
7844
3
7787
7860
4671
7579
7846
1
7845
2
7541
3
7805
7804
7802
7795
7793
1043
1
7848
7847
6847
7839
6852
7066
6994
1
2
3
1
2201
4715
4714
4713
3396
3997
1
2354
1
2353
2352
2351
2
3
4
5
6
7
8
9
2350
2526
2806
2349
2348
2347
2346
2345
2344
10
11
5611
2355
4047
4046
4045
1
2
3992
4044
3
3996
1
7959
7958
7957
2
8263
7956
7955
7954
7953
4
7952
6
8
7951
6397
6396
2350
6395
2349
3
4038
4037
4046
1
2355
5613
4048
4047
2354
941
4049
4048
4047
7960
7958
1
8264
7957
7956
7955
7954
3
8352
6425
4
7953
6424
5
8243
8240
6
6423
8236
8233
8195
2688
1617
8235
7952
6434
9466
6433
6432
6431
6430
8237
7958
7956
2
3
7954
4
8200
6
2351
7961
7959
7956
8167
7962
7960
7959
1
7956
2
8246
8202
8267
7963
1
8247
8244
2
6427
6408
3
8239
8171
2354
2353
8268
6429
7963
7962
7961
7959
7958
1
2
8240
7957
2356
2355
6400
2354
7935
2351
7934
7933
8269
7964
8242
8239
8201
8111
8257
8226
8003
8254
8189
6403
5394
5403
7931
8270
2922
8249
8246
8203
7923
8237
6402
2356
7939
4039
4040
3847
3850
2710
3848
2554
3846
638
1875
3347
3534
3533
3476
3482
3498
3515
3481
3475
3529
3525
3520
3480
3492
2392
3479
3359
3102
3543
3540
2757
3549
3486
3478
3500
3499
1884
4046
4045
1
2
5
4045
4062
1
4
4048
4046
5777
4051
4063
1
4051
4066
1
2
3
4
5
6
1
2
3
4
5
6
7
1
2
3
4
3060
5
6
910
7
1
2
3
1
2
1
1
3507
3506
3505
2726
2725
3504
6066
2721
3503
3502
3501
2713
3500
2702
3499
2690
2686
2684
2664
5809
2643
3563
3498
3497
3496
3494
3492
2632
2625
2617
3490
3489
3488
3487
3486
3485
3484
3483
3482
2598
3481
3480
3479
2624
3478
3477
3476
3475
2593
3474
3473
2589
3472
3471
3470
3469
3468
3467
3466
3465
3464
3463
3462
3461
3460
3459
3458
3457
3456
3455
2780
3509
5570
5569
5568
5567
5566
5565
5573
5571
1
1423
1
3717
3716
3715
3714
3713
5589
5855
3718
7279
40
1
1
2
3
173
4
86
42
43
5
6
7
8
9
44
45
46
47
10
48
11
12
13
49
50
51
1840
52
8974
2299
2
174
3
4
5
7
8
11
8962
2303
8981
176
8974
1
2
3
4
6
9
9276
9282
9012
8952
8948
6762
9095
9177
3259
7083
9190
9007
8923
4584
1061
1054
9054
4578
6761
7142
9006
5933
7099
7133
7014
7132
7090
6759
6758
6757
6756
6755
6753
6752
6751
6750
9181
6747
8049
7004
7003
8073
178
179
180
182
8735
7750
7646
7644
7658
7749
7748
7546
7746
7744
9004
9048
1561
9155
9255
9083
9053
9052
9011
7659
7002
1047
9051
9050
9206
9204
8979
8978
8977
8976
8975
8974
8973
8972
8971
8970
8969
8968
8967
8966
8965
8963
8962
8961
8960
8959
8958
8957
8956
8955
8954
8953
7775
7109
7108
9185
9184
9183
9182
9180
9179
9178
9152
9087
9009
6784
1
2
3
4
5
8
8975
6426
6405
9028
2
3
4
8
9083
9130
9129
4670
4669
2949
1
4
7
1
3
6
7
2
5
9092
8997
9035
9091
1
3
8998
8997
9092
9091
8996
9090
9089
4227
9103
1
2
1
9017
9098
9031
9099
9073
9074
9098
1
2
3
4
9143
1
9106
9105
9104
463
464
1
2
433
6344
1
1890
1
9142
4454
2322
4455
2323
1
2
3
4
5
6
7
8
9
10
11
12
13
14
15
16
17
18
19
20
1
2
3
4
5
6
7
8
9
10
11
12
13
14
15
16
17
18
19
1
3
4
5
7
8
14
15
17
18
19
781
20
21
792
22
23
24
25
26
27
28
29
1
2
3
4
5
6
7
8
9
10
11
12
13
14
15
16
17
2
3
4
5
6
7
8
9
10
11
12
13
14
15
16
1
2
4
5
11
12
14
15
16
19
21
25
26
27
28
1
2
3
4
5
6
7
8
9
10
11
12
13
14
26
1
2
3
4
6
7
8
9
10
11
12
13
1
2
3
4
5
6
7
8
10
11
12
26
1
2
4
5
6
7
8
9
11
2
3
4
5
6
7
8
9
10
1
2
3
4
5
7
8
9
21
1
2
3
4
6
7
8
1
2
3
5
6
7
1
2
4
5
6
1
3
4
5
1
2
3
4
2
4
7
9
13
14
1
2
1
13
3
5
9
10
14
24
23
909
908
4
5
6
9
7
8
1475
2
3
2523
1
2
2
6
7
4
5
1
32
1
154
155
67
156
16
3145
66
4228
4239
170
4245
171
15
10
20
6
8
9
10
11
2
1
4
5
6
3
4
4
1
2
1
9
1
2111
2100
60
2090
228
229
206
20
125
1
59
130
131
4195
1
2
3
4
5
6
7
8
1
2
8
639
512
1424
9
647
648
661
666
10
11
1
5
6
7
11
12
13
14
15
701
648
16
2
4
6
10
12
16
700
2
3
16
16
15
16
16
2815
17
5864
6
8
24
9
23
4387
9
8
7
4278
6
13
19
5
12
4
3
10
2
1
3120
11
3387
2121
2119
3388
3389
8
9
10
155
1742
2136
2133
1881
1880
176
6913
146
115
144
68
3675
73
110
2072
7995
159
134
128
92
188
83
2
13
1
7
11
2
1
1
2
6
21
19
13
14
7106
12
1
7219
323
14
4
15
7220
322
13
14
7219
15
18
19
28
27
26
25
8
23
22
21
3
20
2
30
29
9
1
8
3
4
5043
2353
9468
1
2
3
4
5
3
1
3
4
2
4
8
4502
2860
4
3
2
1
4458
4485
1
2
3
13
22
37
23
4
5
405
6
54
1
2
3
4
5
6
1
2
3
4
5
6
7
1129
32
1
2
39
3
4
5
1
2
3
16
7
8
4
15
14
5
6
1
2
496
3
4
2303
5
560
6
7
8
9
580
10
11
12
13
597
14
15
613
618
16
642
1538
17
18
19
20
619
21
22
23
24
25
1
1
3
4
5
6
1
2
1
3308
1
43
4907
1491
38
37
36
5149
35
2123
8
9
1940
5354
10
11
12
13
14
15
16
17
18
19
23
20
269
45
44
6
1945
2221
1207
8
1104
962
7
2231
1076
6
5
4
3
1098
2426
752
612
1053
1176
5034
1214
3
8
9
2
3
10
11
7
12
13
2322
2329
4244
1544
6
3
138
927
2
13
4
932
1444
2168
605
2
928
7
8
6
6
8
1
2
1386
3
2
3
43
44
9
45
42
1322
1451
1452
585
1323
812
877
1352
7
9
816
843
18
965
817
1453
818
966
1454
1476
819
1478
820
821
1225
1321
1345
2183
28
596
890
448
1009
447
1066
1093
29
27
1010
123
30
1107
1108
31
32
33
34
731
827
8
1
7
6
9
62
40
1665
41
3
6
7
64
45
8
25
9
65
11
12
14
15
19
21
85
83
57
5886
2292
35
12
3990
12
33
34
43
6
17
18
8
11
13
15
1
2
3
4
5
47
48
49
50
51
1
3286
11
369
52
53
54
51
3
61
59
37
2
3227
11
62
11
12
8
2
3
1
58
635
34
35
1650
57
51
13
626
38
22
23
627
1649
1657
17
1
37
20
16
31
36
1647
105
3
1
2
1
847
4
49
12
6794
13
6791
6792
11
6
1
1297
692
2
31
26
2
4
37
6871
28
6
45
37
6857
31
7
12
3
96
38
39
462
27
40
39
38
3
1
1
2
3
1
3
4
2
4
1
1
1
2
3
3
4
4
4
5
6
7
8
9
10
1
2
3
4
5
6
7
8
1
2
4
5
6
7
8
65
1354
9
10
11
12
13
77
78
1
2
4
5
6
13
9
10
11
14
15
16
17
1
9
17
18
1
2
3
4
11
10
18
12
19
20
1
19
7
20
1
2046
2044
20
2042
3
21
22
73
23
24
4
4
5
6
8
16
17
3
2048
18
6
68
112
114
69
68
67
1430
66
116
65
3478
63
103
60
102
101
38
59
67
100
99
98
97
58
96
57
56
95
94
55
54
25
93
92
91
53
90
89
52
88
87
51
107
108
110
70
1
36
37
27
28
29
31
1
34
12
16
19
24
26
3092
3030
1153
1072
1073
1
2980
13
2021
20
20
2987
1048
3033
2973
8
1
2
1
4
3
2
5
18
1
17
2054
18
19
27
2030
53
52
2031
51
51
46
7
8
11
12
13
14
15
504
16
17
71
134
3
4
5
6
7
8
18
39
40
42
38
1
1
2
3
4
5
6
1
4
8
1
3
6
5
4
7
1
2
3
2236
9
8
1
2
3
4
1
1
3
7
7
2
3
2
4
1
2
1
4
5
28
34
35
3135
4
3
5
1
1
9
8
3
7
6
6363
5
4
1
2
2
1
1
1
1
71
1
5
4
7
8
7
1
1
2
3
4
5
63
64
65
66
50
51
52
53
54
55
56
57
58
5
6
88
7
89
8
9
1
10
1
2
3
4
2050
47
48
1
6
2
3
1
2
1
3
6095
3
1
15
16
13
862
3
2
4
36
1591
5611
1631
3
5
7
2
57
55
4
3
5
1
1
4
7
2
5
28
28
29
30
29
29
28
29
10
9
6
1
1
24
34
34
3
1
39
41
9
8
40
36
56
2010
35
1
2
1
2
2
1
1548
51
39
10
28
61
27
1
2
91
92
3
2
4
93
96
1
97
4
92
5
6
98
3
101
91
4
5
6
102
2
1
3
1
121
120
121
122
93
88
2
91
86
1
2
3
4
5
6
7
8
9
10
11
12
13
14
15
1
2
3
4
5
6
7
8
9
10
11
12
13
14
15
16
1
2
3
4
5
6
7
8
9
10
11
12
13
15
1
2
3
4
5
6
7
8
9
10
11
12
15
16
13
14
17
1
2
3
4
5
6
7
8
9
10
11
1
2
3
4
5
6
7
8
9
10
16
11
12
1
2
3
4
5
6
7
8
9
10
11
1
2
3
4
5
6
7
8
12
1
2
3
4
5
6
7
11
1
2
3
4
5
6
12
7
8
1
2
3
4
5
11
12
9
13
6
7
10
1
2
3
4
11
13
14
8
15
1
2
3
5
1
2
3
4
1
5
1
2
1
28
9
34
38
38
1
8
1
1
9
2
26
3
4
5
6
7
1
2
3
4
5
6
2852
5752
1
2
3
4
5756
5
6
7
8
9
10
11
16
2
3
4
1
4
9
8
4079
1
9
1
2
4171
10
9
9
11
8
28
860
861
30
2
32
34
36
38
39
3
41
43
45
6
67
79
29
1
2
4
28
61
30
32
34
36
37
43
59
6
35
1
2
3
4
5
6
7
1
33
2
3
4
5
6
1
2
3
4
5
1
2
3
4
1
2
3
1
2
37
1
1
65
57
57
70
30
1
8
1
2
3
2
24
50
49
9152
2
22
2
142
49
88
46
5
25
1
2
3
4
5
2
3
4
1
2
3505
1
4
5
6
7
8
3481
11
3
4
5
2989
6
1803
1
3
3
2
3
28
56
53
1
2
1
2
3
20
4
5
6
7
8
8
2914
141
35
744
9
2
713
42
46
4
52
10
5
11
12
13
14
15
16
606
6
1
5391
2
1
18
6
7
257
256
3599
1866
2170
251
249
1867
2313
2179
266
65
43
39
30
37
29
6
592
593
594
595
28
476
596
1580
460
594
1588
27
597
598
26
25
24
602
13
7
1542
1442
53
4
42
40
6
12
41
1166
22
2201
872
9
10
5
1
5
1
1
1
3
10
3539
1
3
24
5
6824
5
6
4
1
2
3
1
2
3
4
5
6
1
2
6
1
2
3
8
1
2
6
3
1
11
1
1
2
3
939
5
1
1012
4
2
3
38
37
36
35
34
32
31
30
1
27
5
1
5
24
25
26
1
27
28
29
23
4
22
6
3
5
3021
27
2
3
4
1
5
30
6
7
8
9
31
32
29
33
10
34
140
16
3023
8
2
145
17
16
2
15
14
116
2141
2308
4
1
2
4
3
1
2
1
5
2
3
4
5
4
6
1
4
5
274
526
1159
119
1728
6
174
5
1
4
788
3
2
2518
2916
2957
2963
3265
1108
2982
128
4
5
2958
629
2991
2959
2997
4332
3005
6
7
1
8
3010
3022
9
10
11
12
13
14
3
10
11
12
9
2
3
488
4257
934
141
8
15
14
13
17
12
11
10
9
1256
1257
1270
18
6
16
30
24
18
23
1
2
2160
1
741
16
8
1
2
2
5
6
7
9
10
4
6
1
2
1
6
4
1910
8
1
4
5
7
8
9
1
2
3
4
5
6
1
7
8
9
10
11
12
13
3
6
16
13
1
17
18
2
6
5
4
8
3
3941
3944
1
3133
26
1
2
3345
13
3
1
1
11
3
1
6
1
6
5
232
227
215
214
164
145
7002
3
4
5
6
7
2490
8
865
8
1
33
2
1
9
1
2
3
4
4230
9
27
34
10
11
1
2
3
1
2
3
1
2484
2
3
1
2
35
1073
14
33
3
13
20
13
12
1
23
7
6
4
5
24
1022
26
4905
3
2
4
18
2334
7
11
12
2410
17
1
13
14
15
16
17
32
18
2
2411
19
20
21
22
23
24
25
26
69
49
45
43
41
40
35
561
589
1696
38
72
70
68
27
66
64
62
60
59
58
56
1599
54
52
2795
50
48
2796
46
559
44
42
407
541
606
2396
1
972
550
3432
554
553
551
549
2463
3450
3449
3448
19
1296
1337
2
35
12
25
18
11
12
13
28
27
14
599
542
3220
7
551
6
554
5
4
552
545
544
3
2
9
2363
37
1077
9
1
8
7
6
5
2
5
4
10
20
2177
1
2
3
4
5
4
53
5
6
7
8
9
10
11
37
36
35
34
15
1
33
1
2
1
3
4
1
1
2
3
4
11
5
4
5
6
2
6
1
2
2
1
1
1
7
6
5
4
3
2070
2069
3986
2068
2067
2066
3985
2065
2064
2075
2074
2073
2072
2071
6
1960
9
1
3
1916
4
11
5905
51
1
2
1917
3
1
2
1919
1
14
1920
6512
58
6516
22
23
24
25
12
73
2
55
218
3
4
5
1
2
1
1
10
897
8
1
2
8
7
4
6
5
4
3
1
1
2
3
4
4
22
23
42
1
24
43
2
25
21
23
1
2
46
47
48
49
50
1
18
5
3
1
1
1
2
3
4
5
6
7
8
9
10
11
12
13
14
33
1
4
5
34
35
36
7
37
38
39
40
12
67
32
1
2
40
3
4
33
5
41
34
35
36
7
37
38
9
39
11
66
1
39
2
3
32
4
40
33
34
5
35
6
36
37
1
2
32
37
2
38
31
3
33
4
34
35
36
8
63
36
29
1
37
30
2
32
3
33
5
10
41
35
42
43
7
44
611
45
46
2452
47
48
49
50
51
3612
40
52
53
28
35
29
30
1
31
2
32
4
34
6
61
27
28
29
35
30
1
31
32
5
52
26
27
29
34
30
31
32
4
4053
7
8
1
5
3738
24
25
26
27
31
1
30
2
40
41
42
43
45
46
35
57
10
11
4055
3
5
15
3673
4
3702
4239
3740
22
23
25
26
27
28
29
30
55
1
1
1
2
3
1
2
1
1
5
6
4
9
10
15
17
2592
3801
2
3
4
5
30
6
7
8
3
8
20
21
23
25
27
3853
3860
1
2
3
4
5
6
7
9
10
1
2
35
37
38
40
41
43
46
18
48
50
51
52
53
54
20
55
57
22
3850
58
1
2
3
4
5
8
9
2
3678
3864
33
3865
58
59
3743
61
64
4007
67
3744
38
70
3565
4015
77
4049
49
84
3866
50
86
51
4008
89
1
6
8
4054
91
3855
96
100
31
44
49
5
7
520
103
2124
90
95
99
108
111
118
121
124
126
128
130
3839
115
13
4047
3704
1
2
96
2
2
6115
301
302
303
3948
3817
890
3912
55
10
11
12
1
2
9
10
11
1
8
9
10
7
8
9
1
10
6
7
8
10
32
92
244
95
3851
103
105
345
115
346
7431
331
17
28
42
43
48
102
5
86
93
2663
3830
3839
4032
121
1
1
73
74
75
2
76
77
78
4
961
6
8
79
80
72
4
142
7
16
17
18
73
2
5815
5804
6
22
5805
5816
77
23
24
72
5803
13
74
12
2
126
10
9
5
21
14
125
71
73
100
1
957
2
4
20
75
69
70
71
72
73
74
124
125
6
138
956
7
3
123
68
69
70
71
72
15
14
98
2
5670
73
81
80
81
657
135
23
1
1954
3616
15
15
4
2628
6
5
306
307
308
310
92
67
25
26
33
89
88
1840
21
24
65
28
31
70
73
34
5
8
11
69
3532
71
15
75
2
16
18
29
1843
78
3834
81
84
87
90
93
95
97
27
304
305
7232
7069
7415
197
5354
24
30
3527
8
39
7
223
12
48
13
7953
263
191
192
4550
21
29
3706
237
117
174
80
207
206
3
20
5
10
87
78
18
20
23
19
58
2
4
7
90
67
73
84
246
14
15
30
16
22
3821
82
73
302
303
304
12
13
20
56
63
212
1
63
66
80
10
11
16
27
52
54
61
65
71
51
1
77
102
7
8
13
51
73
7
4028
2
11
4022
1066
2198
18
19
20
21
2327
191
3810
3825
2187
2186
2185
1303
195
22
23
1309
24
3996
25
26
27
1466
1314
1315
2184
2189
2188
2183
28
2182
29
2181
30
31
2321
2180
32
33
34
398
35
36
2208
2204
2202
2201
2200
1
2
29
26
412
4729
3
4745
4
5
3058
566
2
8
35
3064
37
1
1354
2
38
3100
39
40
9
41
10
34
42
43
44
45
46
47
48
3059
3101
3138
49
50
51
52
53
54
55
56
57
4750
3805
4731
4730
116
114
113
101
238
6
51
19
50
202
53
70
61
244
247
249
42
136
2
117
7
2
5
3685
35
43
3506
45
18
202
190
27
52
3808
69
3714
242
60
4259
735
251
1
118
4058
4062
8
20
3
2146
41
3806
111
139
140
141
142
1
2
4
5
13
166
23
26
27
32
38
40
43
45
13
235
44
47
237
55
238
294
240
68
38
36
316
7804
4
119
1
1
2
8
10
163
1
4
5
2616
3677
3498
7924
67
3547
7
145
4059
179
3667
33
36
37
40
41
29
14
3678
11
46
219
10
13
40
49
41
42
43
44
38
45
46
48
3505
25
22
24
26
4001
3955
5532
49
38
225
274
275
23
32
1
4
4657
3
565
1
4609
2
1
10
5
3955
97
5168
5505
8
1
7330
7331
3
243
7332
9
11
13
244
245
242
19
2
1
240
234
113
230
156
1
1
1
2
931
710
1627
15
16
1641
17
18
1241
1648
19
20
21
22
24
26
969
27
28
29
30
31
32
33
34
1655
35
36
1665
1674
37
1683
38
1685
1695
39
40
41
42
43
45
1696
46
47
48
49
50
51
52
53
54
1708
55
56
57
58
59
60
61
62
1264
1076
63
64
65
66
1697
67
1194
68
69
70
71
1721
72
4361
73
74
75
76
77
78
79
80
81
82
1456
14
1
1
2
3
1
8
1
1
2
13
12
8
7
6
2
4
23
19
17
1
2
3
1
2074
3
28
29
43
12
23
4450
24
10
3319
21
1
1
2
3
2
1
2
2
1
2
3341
3335
3347
3348
3342
3343
2
4
6
129
3344
3349
3345
3346
437
3351
3337
3340
19
20
2
21
4753
5
6
81
82
83
84
85
86
87
88
2
20
16
199
283
88
420
200
201
5739
158
7645
89
2651
2097
197
198
19
4751
3
4
17
18
5107
5122
374
4214
2507
5316
2508
4172
4065
2
4064
4063
4061
4059
3
340
1
4
5
6
7
8
9
2764
2768
2769
2770
10
11
12
2765
2771
3968
223
224
225
226
227
228
229
230
231
232
233
235
236
237
238
239
240
241
242
243
244
245
246
247
248
249
250
18
20
21
251
22
25
26
192
252
254
256
27
86
7650
89
90
7651
7640
7642
2806
4281
408
407
5392
5350
5430
43
5333
5391
374
6
2816
1
403
5273
7
8
9
10
11
12
13
14
3
15
16
17
18
19
2825
20
21
22
23
24
5411
4217
4061
1975
27
29
26
4747
1
2431
3797
74
3929
75
76
77
78
3118
3119
3321
3097
2430
3120
79
2260
81
83
4732
1
120
121
122
123
16
4748
5136
5124
5137
5138
5139
5125
5121
5126
5127
15
1
2
32
5
148
149
135
15
145
1
31
4
127
136
134
14
144
165
156
30
3
126
135
146
147
13
143
6768
2
10
140
127
27
1
97
98
99
4747
4745
4744
4743
4741
4740
4739
446
73
74
75
76
77
100
562
6
4
31
3129
4360
1595
101
34
104
105
35
106
107
5
4738
108
38
40
41
109
110
43
111
44
1603
78
48
80
112
113
114
54
3809
96
97
98
7
30
3059
3691
3322
3319
100
3
33
103
104
34
105
3630
37
39
40
114
108
1438
109
42
110
43
53
5182
1
2
3
4
5
5183
6
7
8
5193
5
6
7
8
1
4
5
5191
7
4240
19
18
7959
1
3
4
5
18
1
2
3
4
5402
18
5
5181
17
5182
16
15
14
13
1
2
1
2
42
5190
196
14
5182
5183
5184
1147
1
8
950
2
1
87
1
2
19
5
445
6
7
8
9
10
11
12
13
4
95
3694
3319
3316
3317
97
103
3627
104
111
1876
84
3053
110
3642
3813
1
152
1
130
657
10
12
6
9954
292
1
131
36
35
34
33
37
1
6
7
6
10
1956
3639
5
6
5
8
7
9
4
3
1955
14
13
12
11
10
9
17
36
19
20
21
9
13
16
915
34
35
2
1
2
1
41
4
38
40
9029
1
139
1
1
3
1
2
3
1
2
3
4
5
6
7
8
9
1
2
11
3
12
4
5
7
8
66
67
13
14
68
69
9
10
1
10
2
9
1
2
4
6
1
3
4
5
8
10
8
1
3
4
7
1
2
3
6
1
2
5
1
4
2124
12
3
11
1
2
3
1
2
3
4
1
2
3
4
6
7
1
2
8
9
1900
6
1
5
2
3
6
175
1
2
3
4
5
2
3
4
5
6
2
1
2
3
4
5
6
1
1
2
1
1966
1969
1
55
30
4
56
57
1532
58
59
60
61
62
11
1533
63
1534
64
65
54
67
29
1
2
84
3
4
83
64
55
56
63
82
81
69
887
62
53
1
85
2
84
54
55
64
83
82
68
63
53
52
28
68
52
86
1
85
53
54
84
83
885
64
8
27
51
86
53
85
84
884
65
50
49
48
87
51
85
66
5761
5853
1
46
61
25
1398
158
52
53
54
55
159
160
161
258
147
56
57
58
259
59
60
61
66
969
954
4668
5597
1
2
7
2
3
4
5
6
13
5
6
7
8
9
4371
1
2
1
1
2958
1
1
1
2
3
4
5
6
7
8
9
2991
1
23
22
17
1
18
2
1
3
5
2
4
19
2
13
26
19
1
27
24
19
18
11
1
18
17
5
1
1
2
1
8
9
10
7
9
2
3
2678
4
5501
5
6
7
8
2279
1
10
9
8
7
6
5
4
3
2
1
11
6
1
5
6
7
1
3
2
1
3
3
4
4659
4663
2
19
4
3
2
6
7
1
24
8
7
6
5
7
5
10
3
13
14
13
14
15
2
3
15
12
3
2
15
1
1
1
2
3
4
3
1
2
2
3
4
5
6
7
8
9
10
10
1
2
3
4
1
3
2
4
13
14
2
11
1
1
3
4
34
9
1
1
607
1
2
3
4
612
608
609
5
2
5
848
1
2
3
1
3
4
2083
2081
2079
2
3
4
5
2
7
16
22
117
26
27
29
4
120
146
2
7
44
94
77
72
178
1
1
1
965
45
46
47
48
49
50
51
52
3386
140
1951
53
54
962
139
2837
55
212
213
66
65
64
67
1
2
3
107
108
206
4
5
6
207
7
8
11
106
1
2
106
107
108
205
94
3
4
5
206
7
8
105
1
105
106
107
204
93
2
3
4
205
5
7
108
9
16
104
104
105
106
203
92
1
2
3
204
4
5
6
107
8
169
17
103
1345
202
1
2
203
3
4
5
102
103
105
1
3
4
105
16
6
101
104
201
1
2
3
89
100
102
103
1
2
14
198
1
15
16
18
19
99
101
86
100
181
182
105
10
195
98
99
200
109
59
2
2
1608
4
6
8
1609
10
2747
14
16
550
18
20
22
24
551
26
20
26
28
29
30
1586
140
2
3
4
5
6
7
8
9
10
11
12
1599
1587
1
2
3
4
12
1576
12
23
32
33
34
12
29
30
1
2
3
4
8
29
30
529
6
14
8
1588
11
1592
1593
1594
27
26
3595
4
1104
917
5
3284
1116
1123
108
3286
109
1131
6
1132
1133
7
8
114
1142
9
10
11
12
13
14
15
16
25
26
27
28
8
1440
2
3
1
2
6
38
4
2
1
21
29
1
2
4
24
25
7
8
767
15
16
17
18
19
20
1
2
1
6
29
1
2
17
4
16
15
18
7
10
4809
11
20
10
1
21
18
22
23
625
39
38
4
1
2
3
1
1025
1033
3
996
3392
1008
8
1025
1
6
2
4493
3
5
3566
7
984
2
987
3
3
1
4
3
46
19
19
20
60
61
62
63
64
66
67
171
165
7
19
20
21
23
24
25
26
4945
3600
17
4726
18
3601
4727
3613
38
39
16
40
41
42
43
44
45
46
47
48
49
50
3608
2
3
5
6
1
11
10
1126
1
1127
9
1128
13
8
7
1345
9
7
8
7
6
5
2157
3
2
1
1125
1
1113
1118
5
2338
2339
6
1126
1127
7
1128
1114
3291
4258
4221
1119
3
4
1141
9
4278
4
2061
1307
1114
5
4
2
23
24
22
60
1
51
1
208
1
2
249
31
211
32
3
5
33
34
302
4444
4
35
36
209
3588
212
5691
5698
210
1
1
2
2
3
4
5
6
7
8
9
10
11
12
13
14
15
7
8
9
10
11
12
13
15
1
2
3
1
2
3
16
4
1
2
15
3
16
17
18
19
2
19
13
10
9
1
3174
3173
1
2
3
1
14
225
270
15
4
5958
462
2
9
8
2
13
1
13
1
2
3
13
1
2
2
3
4
4
5
1
12
1
2
6
14
10
7
4
2
8
1
3
1
2
4
3282
3288
1
2
3
1
2
3
2
1
2
5102
1
1
2
54
98
37
2
53
52
51
55
53
38
2
2
1
2
3
4
1
2
3
5
6
7
12
13
1013
8
15
17
18
19
1008
9
10
20
21
22
11
23
24
2
6
24
8
9
24
25
2
3
4
25
27
5
12
14
15
16
3161
28
6
29
3167
3176
7
30
17
3168
31
3136
1
2
1
8
23
2
4
9
11
19
31
32
18
17
1
2
3
1
2
1
2
9
880
1
15
1
2
13
1
14
4
14
13
2
25
8
9
30
11
12
13
14
1
1
2
3
1
5
1
72
826
151
149
148
147
827
152
150
149
148
2
4
6
8
9
2
4
6
7
13
67
66
89
59
2
4
5
7
9
11
2
3
9
7
97
6
98
2
62
104
1
15
1449
11
12
13
14
1077
65
4222
4908
15
204
203
1
2
238
239
175
11
245
2209
4924
12
13
14
15
97
94
133
93
77
4757
79
81
35
37
30
108
107
106
105
2189
103
98
82
1
2
3
100
101
1
100
1
98
99
98
1
96
89
1092
1
45
43
42
3870
17
42
44
1
1
108
107
113
112
26
27
92
110
91
155
83
82
96
10
11
49
48
1
6
2
4
1426
1
8
1
3350
1556
1553
1618
3290
12
3306
3315
11
10
3326
9
2840
1619
1620
8
3336
7
6
3316
5
4
3
2
1
1617
13
7
1
7394
4267
507
5
61
5930
14
43
46
233
1
1
2
3
1
4860
4
2
1
2
3
4
5
6
7
8
9
10
11
12
13
1
1
1
2
3
4
5
3
12
1
2
3
12
13
1
2
13
14
15
16
17
18
19
20
928
11
3
12
21
22
4
23
10
25
27
5
6
7
8
9
45
47
9
47
10
11
18
19
1
49
50
15
22
21
20
19
18
1
2
934
15
1
935
1
1
1
2
3
3
2
268
269
243
1
2
16
3
4
4
13
1
2
3
4
41
4528
2
42
5270
53
3
4
1
4
1
4
1
7
4
8
7
6
5
9
1
6
5
4
2
3
2645
219
4
1
5311
5
6
7
8
9
251
250
249
215
246
245
184
244
243
248
241
238
235
233
232
247
230
228
3
5312
220
4
3
3
9
5318
13
2005
3
1
1
1
1207
1
2
4
4004
1
4010
3
4003
2
159
11
13
125
1
2
3
4
5
15
6
7
16
355
1
2
3
4
5
15
354
1
2
3
4
1
2
3
4
16
34
115
1
2
3
127
129
136
138
164
3922
357
34
120
1
1
10
914
168
27
7665
33
1
31
41
1
31
2
34
1356
7
6
5
1
37
13
1
13
1
2
3
29
20
1
3
2
16
1
3
4
16
7
1
3
2
5
36
35
2
1
6
29
37
29
2394
3
28
5
38
3
31
1
1
1
1
3
1
2
3
4
5
1
2
3
4
5
1
2
3
783
4
5
6
7
8
9
1
2
1
2
2612
3730
863
34
3910
33
32
31
864
865
866
30
35
9
1
1
2
1
3540
2
3
4
5
15
4016
6
7
8
3
8
162
122
477
9
1
136
5
4
3
2
1
2
3
4
1
2
3
12
4
5
5
6
7
1
4172
3
2
1
11
12
1
1
10
2
3
4
5
6
7
8
9
9
8
7
11
1
9
10
11
12
10
9
8
13
14
21
20
19
1
2
3
4
5
6
7
8
18
17
16
9
8
7
6
1
6
2
3
4
5
6
2
3
5
1
2
3
6
18
17
2
3
1357
1356
1
2
1
22
11
12
1
2
1
3879
3880
26
25
24
1
2
3
4
5
3882
1
24
23
2
1
13
2
3
27
2
15
4054
1
4
7
6
1
2227
1
1
5
9
2
3
22
23
2201
24
25
1
2
1
22
8
17
39
40
42
44
3611
137
136
135
3612
3613
134
1952
133
128
127
125
124
163
123
122
121
120
119
118
117
3614
2284
151
3615
150
138
1543
5
12
1714
1
11
25
19
207
4514
14
1171
11
3547
5496
1009
5495
5494
2
1
2174
9
2530
10
2
4
1
3
11
12
28
11
54
3
3
360
4
5
16
1
1
2
6
5
4
3
629
7
1565
1567
2
3
4
5
1568
6
1
2
4
7
1549
8
1
3
1542
2219
8
9
1
2
3
4
5
6
250
1537
6375
6376
245
243
1
2
3
5
1
3
4
5
1536
2
3
205
1
2
206
1533
5544
205
204
1
6378
1534
1535
6338
1529
290
2
1624
1750
3069
1846
1734
1538
17
1733
178
8
7
6
5
11
4
3
3971
1676
43
3970
9
3986
28
1533
184
1
2
1
2
3
4
5
1
3
4
1
4
5
1
2
1
7
4071
1
1
38
2
3
4
5
6
7
8
9
10
11
12
13
14
15
16
17
18
19
20
21
22
23
24
25
26
27
28
29
30
31
32
33
4
3
2
3122
1
7
1
6
20
2
2884
4311
13
981
17
2925
51
49
48
15
497
5664
2
3845
3
4
5674
4
5
6
7
1405
8
1
6
8
1
276
3
4
1
2
6
1
1
2
15
55
44
1
2
1
2
3
4
5
6
7
1
2
3
4
5
6
7
1
2
3
1
2
1
4
11
40
39
37
1
18
17
16
15
1
2
3
4
121
138
137
1
2
117
135
116
115
114
1
118
136
117
96
95
94
5803
93
92
91
139
138
137
118
103
80
101
140
139
12
11
10
9
8
7
6
36
37
36
35
13
7
6
5
14
79
78
7480
125
12
10
17
8
7
26
20
19
1
3
1
2
55
1
2
3
23
1
18
17
16
15
14
13
12
11
10
1
9
8
7
6
5
4
1
5706
1
2
3
1
2
1
1
2
2
3
8
4892
7
9
1
8
9
10
8
7
5
1
18
21
1
222
62
24
61
63
2
22
3
4
5
21
227
20
19
6
7
220
1
23
2
3
4
22
21
20
5
6
4744
7
17
220
219
16
24
1
2
3
229
22
21
4
5
2453
218
217
244
216
215
551
214
213
2452
2368
2451
2450
2626
7
554
25
1
2
24
23
22
3
357
5
213
6
212
26
24
23
2
3
212
18
17
16
27
25
24
1
4755
3336
17
4
4756
16
28
27
26
3
14
29
28
26
194
464
12
1
2
234
3727
1435
4
3
2
1993
71
887
885
6
4
2
1
3
2379
13
1
12
29
28
51
30
100
56
5
1
1
10
8336
1
314
1
157
2
158
158
1
3
317
2
159
304
162
126
86
125
132
1
293
4
6
309
308
307
127
35
40
130
6
5
2
171
182
640
6
6197
864
5
197
350
7
1
1
1
2
3
3
1
2
3
1913
2
3
4
1
3
3844
1
2
3
4
5
1927
6
7
8
1932
9
10
333
1938
11
12
1950
13
8
7
6
5
10
41
83
1831
82
258
327
326
325
324
323
125
322
6579
332
88
329
321
320
319
318
317
316
315
314
6508
1814
267
7739
6497
86
7817
85
84
2303
3
21
21
20
19
6
5
7
4
3
1
22
14
6
2
2
24
6
8
7
10
9
3
27
27
34
32
2
38
37
36
35
1
1
45
1
9
7
5
7168
7169
7176
7170
4
6
1
2
1
3
2
152
1
1
2
3
4
5
6
4261
7
8
9
10
11
12
13
14
15
16
17
1
2
9
8
3
7
6
11
3892
12
1
1
6188
63
62
61
60
112
1
15
14
13
12
11
10
9
8
7
1
3
4
6
5
4
3
16
1
1
3
10
11
12
7
8
16
17
16
1
1
1
4835
1
2
5232
6
5
4
3
24
271
4845
22
6446
6447
21
4832
3
4
8
5
375
1
1
21
3
22
2
21
60
61
62
63
19
39
1
1
2
3
6
1
2
7
8
4
1
1
2
3
4
1
2
3
11
4
5
6
7
11
18
19
1
20
21
22
1
1
2
3
4
5
22
1
11
11
1
1
2
3
1
2
3
4
1
4
5
6
7
8
2
9
10
11
7
9
10
2
1
9
3035
1
505
6
7
503
5
2
1
2
2
1
4574
47
1
2
1
2
3
2618
2
1
4
5
6
1
2
1
2
3
1
2
1
2
2
2
3
4
1
5
6
1380
1383
1367
5
4
6
1
3
4
8
3
4
1
5
15
1
2
3
3
11
4
5
2
5
3
6
7
1
6
13
1
1
2
2
18
2
3
4
4
5
1
12
6
7
8
3
9
10
11
2
11
10
9
4
8
9
46
47
48
49
14
39
97
28
66
67
5
4
1
23
2
81
85
21
66
3
5
64
6
63
8
9
11
12
14
18
4581
21
23
6563
6575
25
27
54
52
30
50
974
48
47
46
4384
31
34
36
39
42
3803
43
41
311
39
44
37
47
3
11
18
22
27
31
36
39
44
157
159
1144
904
7018
161
162
163
153
36
3
162
4
6
7
9
13
4576
163
16
18
113
151
8
15
19
24
28
33
36
38
42
3801
245
246
247
248
3893
7031
3707
7363
249
3896
6292
7381
1
4
6
10
13
15
91
3
5
12
14
7856
157
107
6915
6916
104
16
25
111
6189
6223
105
6894
6227
6917
6190
4171
51
102
106
6256
2315
7869
3302
6224
6261
6896
54
7039
110
6897
112
6262
115
6898
6899
118
120
122
6900
124
126
128
156
6228
2
6
9
11
4
7
9
16
20
28
33
3
5
126
2
9
13
21
26
122
5
9
168
165
167
58
4
20
95
86
90
190
191
192
91
88
141
4
9
12
191
16
82
86
186
188
8
11
45
2
197
12
26
17
3973
40
3763
205
9
209
190
1
39
40
4
36
37
38
45
33
1223
11
209
1446
56
53
106
3002
4
6
3
1
2083
2
5
6
38
40
66
4
5
70
4462
19
14
5
6
2077
24
25
26
3
4067
4
1
11
1468
1
3
4
1
75
15
48
47
3
49
16
3164
2
3
31
1
2
3
649
71
1
69
54
55
51
53
1
51
2
51
60
3
50
1
52
53
5785
1
2
3
2081
4
5
6
7
8
9
10
11
12
13
14
15
16
17
18
19
2072
20
21
22
23
11
12
5084
13
14
835
2
71
72
163
32
33
1
5352
5805
2
165
32
10
28
11
27
13
25
94
24
23
22
17
18
542
20
12
38
99
39
40
41
42
43
303
5802
1
3
4
346
8
10
27
15
54
57
58
61
66
67
49
333
334
336
337
5155
2
7
8
9
11
28
12
25
14
15
16
17
18
95
6009
307
183
184
185
2440
9
142
64
63
8494
37
62
8502
61
181
2406
182
2570
6
31
26
14
1900
14
13
6428
11
485
79
80
22
81
82
83
5
8
9
30
10
12
3637
16
84
85
6795
831
86
87
6432
836
72
73
74
75
76
342
103
1
6114
6115
39
6126
104
2
105
3
6114
40
103
1
38
37
36
33
88
47
112
1945
113
340
6124
41
103
1
6125
6118
6119
1903
6120
14
6121
6122
6123
3133
101
6112
6113
13
121
101
338
1
37
2
3
35
6
85
7
8
9
102
95
103
20
96
10
105
107
129
6753
97
130
2049
42
37
3
36
35
4
34
33
32
101
94
2
3
4
9
136
137
35
4
39
7
136
137
138
40
39
1
5
29
139
41
2
5
42
39
1
2
3
216
143
43
40
39
1
3
328
329
44
333
334
338
343
142
1
188
81
190
191
54
76
77
78
79
172
2397
173
174
176
45
46
42
263
264
262
2
1
2
3
1
3
3
4
5
6
3
6
1
3
3
1
3
1
3
1
1
1
1550
5
1
2
2
11
13
14
15
4175
4176
4177
32
7
8
9
10
1716
1
2
3
4
5
1713
3
2
2
5
3
4
14
1
1
3
4
2
4
5
2905
2906
6
7
4
8
5
1
1
2
2
8
1
6
1
2
1
8
3
254
1
5
6
5123
6
7
4
8
9
9
1
26
25
4
5
3
1
1
2
3
4
5
6
7
8
9
10
8
7
7
1
1
2
3259
2
1
2
1
2
2
1
2
1
7
6
1
4
3
1
2
8
2507
2
1
1
1
2
3
2
3
4
1
2
1
220
219
3
2
4
1
27
28
29
7
1
2
7
8
2
5
2
3
1
2
3
16
15
14
13
17
12
11
13
4
3
14
15
15
1
2
1
19
20
1
18
17
18
1
1
2
3
4
5
6
7
8
442
9
1
2
3
4
5
6
1
2
3
4
5
1
2
3
4
1
2
3
4
1
2
1
3
1
1
1
1
2
4
3
2
3
2
1
1
1
3
4
5
4
3
1
1
1
1
2
3
1
1
2
3
4
1
6
5
4
3
2
4
86
85
3775
5
4
3
2
1
3
4
5
87
25
24
18
56
57
57
58
54
54
3
1
57
58
5
5
4
3
2
1
8
7
6
3
2
35
34
36
2
3625
2
1
6
5
4
3
29
1
28
32
31
30
29
33
32
31
30
17
19
1
3
2
42
43
1
49
44
45
46
47
4
5
1
1
43
4
2
44
3
5
10
1
2
33
1
1
12
11
10
9
8
7
6
2874
3
2
3
1
2
1
2
3
4
5
6
7
8
9
10
11
12
13
14
15
16
17
18
19
2337
19
1
20
2
3
4
5
6
21
7
22
8
9
10
11
23
24
12
25
26
27
28
13
29
30
31
32
14
1
2
3
4
5
9
30
18
22
1
2
3
4
21
19
7
11
19
17
18
23
1
2
3
22
18
6
7
9
10
16
17
1
2
23
17
3
5
6
7
8
22
9
21
19
15
16
25
1
24
14
15
13
14
4
20
24
19
2
24
10
19
1174
1
3
4
9
2
3
8
20
19
18
13
18
1
4
6
18
3
5
1
2
2
13
1
1
39
38
2
37
40
39
1
37
36
35
34
41
40
32
29
29
51
1
4
1
2
344
2
3
4
540
550
564
5
566
6
7
8
9
1
2
2
3
12
6215
2
4
56
53
4
59
55
56
2
2
3
47
46
2
3
1
2
3
2792
4
1
2
3
4
5
35
36
6
1
2
6
3
4
1483
1
2
3
6
2837
1
2
3
4
5
6
7
8
9
6
7
1
2
8
9
10
16
3
16
9
17
18
2
2
3
1
4
5
6
2
3
4
5
19
18
17
7
2
3
4
5
6
8
1
8
37
36
4
2
2
1
2942
4
3
2798
266
6
7
8
9
10
11
12
13
1
2
5514
5
2
3
4
2837
1
2
36
37
16
17
18
19
20
21
22
1
23
14
15
1
1
1
2
6
5
4
1
2
3
4
1
2
3
1
2
1
1
5
4
5
6
7
8
5
4
3
4
3
6
12
11
1
2
1
2
3
1
2
2
3
4
3
1
2
3
3
1
4
5
6
5
4
3
1
1
2
3
4
5
6732
1
2
3
1
2
1
1
2
1
2
3
4
5
6
7
3702
8
1
2
1
1
2
3
1
2
12
1
3
4
2
4
5
6
3
3
2
1
1
1
2
3
4
1
2
3
4
1
2
1
1247
1270
1
2
3
263
4
2
3
4
5
1
72
73
74
71
74
75
77
82
1664
26
27
28
30
31
630
1697
76
77
78
10
8
8
30
253
128
126
124
122
119
118
448
17
10
18
105
11
106
6031
4590
60
61
20
62
22
44
63
6
5
4
3
2
1
2
6
5
876
2
1
1
1997
1
2
3
4
5
46
43
42
40
41
39
39
3
2
1
2
56
56
55
54
44
44
43
1
2
1
5
1
5
4
3
6
1
4
1
2
43
43
42
40
39
38
37
41
33
3
1
37
7
36
37
38
1
2
2
5
6
1
2
3
4
5
1
44
43
3
44
1
1
1
2
43
44
9
38
37
37
37
36
35
34
69
3
1
35
1
2
40
28
23
2
1
6
5
4
28
2
3
1
4
5
1
2
3
4
3
1
3
4
5
2288
6
7
3
5
1
1
2
7
2905
5
6
1
6
28
3
2906
27
26
8
4
5
17
21
20
19
40
5
919
3
10
2908
2
4
2909
30
5
2
4428
2910
9
35
36
81
39
2912
2869
47
5
69
48
49
4
41
44
1
1
1
1
7
1
1
2
1
4
5
6
1
3
1
3
4
5
1387
1908
5
6
7
3
4
2
1
2
1
2
3
4
5
1
5
6
9
1
2
5
4
2
1
1
2
3
4
1
2
3
1
2
3
4
5
6
7
8
9
10
11
12
1
2
4
7
9
11
12
1
6
9
10
9
8
11
2
3
5
7
9
4733
1
14
2
4
19
18
1
1
154
1
2
1
2
3
4
2
3
1
2
1
8
9
10
1498
11
1405
12
13
56
55
10
31
33
34
36
37
38
39
41
42
43
45
47
49
50
51
52
53
55
57
58
31
60
7101
62
29
7983
27
7984
26
25
7985
24
7986
64
7987
2248
8
7
6
5
4
3
2
244
14
3
8
1
2
1
2
3
11
5
49
48
47
46
45
44
8
7
6
5
4
3
8
8
1
1
2
1
2
1
2225
1
6852
2
3
4
5
6
7
248
208
20
21
22
2002
23
2222
24
218
219
1997
25
220
26
27
28
29
5009
1996
31
32
5010
2221
5011
5015
5021
221
33
34
35
152
36
37
38
144
142
141
140
120
1
1866
2
3
119
4
3
2
4887
1
1
1
2257
2836
245
8342
2387
122
11
10
1
248
8203
9
8
7
12
8363
8
9
2068
41
9458
38
6850
36
2026
2027
31
30
28
1
3
1
2
2
2
5
1
2
3
2
11
10
9
1
26
1
2
3
4
5
1
3
4
2
1
2
3
4
5
6
2
1
2
3
1
2
3
1
3
4
4
5
6
10
3140
1
2002
1
1
12
5
1
4
20
550
19
372
1611
121
18
17
75
80
7248
122
89
16
15
14
569
13
12
11
10
9
8
7
35
1
687
688
666
1
689
2
846
3
8
6
1911
489
4
527
3
2
1
15
4
24
23
14
14
1957
1576
13
12
11
10
9
14
12
7
6
5
4
77
76
28
36
34
25
24
33
33
1
38
22
15
21
20
14
13
12
18
16
11
10
9
8
7
6
5
28
29
30
11
31
32
2362
920
32
6
1
77
26
24
37
38
11
75
2
132
119
160
12
1
7
5
4
3
1
7
9
4
1
2476
5
4
2
1
3
1
1
1
2
3
1
2
3
1
1
1
2
2
3
5
6
1
1
2
3
1
2
1
2
3
4
5
6
7
33
30
29
27
5
19
17
13
38
26
1
1
3
2
2078
1869
7304
6
3
944
949
2687
2546
4
1765
2
1
2
4
5
6
7
8
495
496
9
10
4808
323
3
322
4814
44
2
1
3
1
1
2
3
4
5
1
2
3
4
1
10
1
2
11
12
2
7
6
3
1
3
3
1
3
4
2
5
1
2
3
4
1
2
3
1
3
4
5
6
7
8
9
10
11
12
13
1
2
3
4
5
13
8
9
11
2
12
13
7
8
10
1
2
3
1
2
36
5
35
34
6
7
8
1
31
30
29
28
1
1
1
7
6
5
4
3
43
41
40
1
2
3
4
6
8
10
11
12
13
14
15
16
17
18
19
20
21
22
23
24
25
26
27
28
29
30
31
32
33
34
5
2
2
3
6
2
1871
4788
11
1
34
1
2
3
5
7
9
10
11
1
4
6
8
9
10
11
12
13
14
15
16
33
17
18
19
20
21
22
23
24
25
26
27
28
29
30
3
5
7
8
9
10
11
12
13
9
10
11
12
29
32
1
3
33
2
4
5
6
7
8
9
10
11
12
13
15
19
20
21
22
23
24
25
2
3
4
5
6
7
8
9
10
27
11
12
13
14
15
16
17
18
19
20
21
22
23
24
1
2
3
4
5
6
1
2
2
3
4
5
6
7
24
8
9
10
11
12
13
14
15
16
17
18
19
20
21
1
2
3
4
1
18
2
4
8
9
10
11
12
13
14
17
1
2
3
4
5
6
7
8
9
10
11
12
13
14
6
7
8
9
10
11
12
2
3
4
8
12
15
4
5
6
7
8
9
10
1
2
6
10
13
1
5
9
12
4
8
11
1
2
3
4
5
6
1
2
3
4
5
1
2
3
4
11
34
1
2
3
7
1
2
1
36
35
3
3
43
26
4662
27
4693
40
8
103
1155
7
321
1
177
1
5975
5985
5
5126
7
2
1
56
55
54
52
50
48
438
936
49
1
197
118
6295
172
198
5
4
3
2
1179
1
1
3
4
2
3
1
3
1
2
179
180
28
661
45
42
38
26
45
44
5
542
1
4
7
2
4
5
161
5787
198
199
201
13
25
24
23
22
2205
1
1
3
4
5
6
7
9
10
11
12
15
178
179
23
5
6
7
1340
7306
5772
2
3
4
5
6
8
9
10
11
14
236
173
235
234
358
174
242
233
231
33
32
175
176
1
3
185
212
16
5589
574
572
2
186
15
1
12
3
4
6
7
8
9
12
6595
5571
5572
1216
11
10
1
2
3
5
6
7
11
1
2
4
5
10
2092
1
3
4
5
6
9
2
3
4
5
8
1
2029
81
80
13
79
78
1
3
6
1
2
184
5
1
11
10
9
8
7
518
6
1616
5
4
3
2
3
2
1
7212
2
1
188
4
3
52
48
47
6779
206
6606
6607
6608
63
62
61
330
67
2228
68
1
2
5
1
1
1
2
3
4
5
6
7
8
9
10
11
12
13
14
15
16
17
18
19
20
21
22
23
24
25
26
27
28
29
31
33
35
36
37
38
39
7234
40
41
42
43
44
45
2048
46
47
49
6368
1
2
3
4
5
6
7
8
9
10
11
12
13
14
15
16
17
18
19
20
21
22
23
24
25
26
1
2
3
4
5
6
7
8
9
10
12
13
14
15
18
19
20
21
22
24
25
26
27
29
31
7829
1044
118
117
1
2
3
4
5
6
7
8
9
10
11
12
13
14
15
16
17
18
19
20
21
22
23
24
25
26
28
30
1
2
3
4
5
6
7
8
9
10
11
12
13
14
15
16
17
18
19
20
21
22
23
24
25
27
29
1
2
3
4
6
7
8
9
10
11
12
13
14
15
16
17
18
19
20
21
22
23
24
26
28
119
201
1
2
3
5
6
7
8
9
10
11
12
13
14
15
16
17
18
19
20
21
22
23
25
27
202
1
2
3
4
5
6
7
8
9
10
11
12
13
14
15
16
17
18
19
20
21
22
24
26
1
3
4
5
6
7
8
9
10
11
12
13
14
15
16
17
18
19
20
21
23
25
1
2
3
4
5
6
7
8
9
10
11
12
13
14
15
16
17
18
20
22
24
189
1
2
3
5
6
7
9
10
11
12
13
14
15
16
17
21
1
2
3
4
5
6
7
8
9
10
11
12
13
14
15
16
17
20
22
1
2
3
4
5
6
7
8
9
10
11
12
13
14
15
16
17
21
1
2
3
4
6
7
8
9
10
11
13
14
15
18
20
1
2
3
4
5
6
7
8
9
10
11
12
13
14
15
17
19
210
2
3
4
5
6
7
8
9
10
11
12
13
16
18
1
2
3
4
5
6
7
8
9
10
11
12
13
15
17
1
2
3
4
5
6
7
8
9
10
1
2
3
4
5
6
7
8
9
10
11
13
15
1
2
3
4
5
6
7
8
9
10
12
14
1
2
3
4
5
6
7
11
13
1
2
3
4
5
6
7
10
12
217
1
2
3
4
5
6
7
9
11
1
2
3
4
5
6
8
10
2
3
4
7
9
1
2
3
4
6
8
221
1
2
3
7
139
138
137
136
135
134
1
2
4
6
229
226
225
1
5
222
221
220
219
218
217
1811
213
122
211
121
120
202
119
117
116
115
114
113
408
112
111
110
232
231
230
4
225
1869
1870
215
81
1871
1873
1875
79
77
2
73
72
6632
71
227
226
225
224
223
222
218
216
71
1
5
4
1
146
1
16
17
6207
1
2
3
18
4
5
19
6
7
20
8
21
1
4
3
2
7
15
4
1
2
3
3
4
2
8
122
52
4
1
3
5
7
2
8
10
2
3
4
154
2022
152
155
156
157
158
159
160
161
2030
1
2
4
6492
85
172
173
1893
80
119
9
65
8
79
64
176
132
140
133
142
2
3
5
6940
1998
1
3
4
7
177
68
178
2
6
182
168
8
9
10
2
11
1680
3
4
12
13
14
1948
15
16
17
6
7
7
8
9
1
1
3
7
8
7
329
330
37
46
14
6
1
2
3
4
5399
2
3
1
42
7
8
6
1
2
3
4
7724
4
1
5
6
10
11
9
38
39
36
1
14
1
2
2
3
4
5
6
7
8
9
10
11
12
2
27
10
2
3
5
6
7
10
5
9
10
11
10
9
1
1
2
263
264
265
266
267
268
269
1052
270
271
272
7293
32
1047
3310
2186
4
5
6
7
5
12
2613
3
9
10
11
12
13
272
21
2
272
273
270
271
272
272
214
103
272
3842
37
40
111
41
112
42
44
45
46
47
116
49
50
56
93
118
285
287
1
4706
3
4
5
6
7
8
3
4
5
8
1
2
1
3
1
1
2
1
2
3
3
6623
6624
6645
11
2
19
155
7768
46
50
53
130
265
269
270
69
176
204
1
4
5
3
7
8
1134
3
1385
9
1093
10
11
12
13
14
1144
15
16
4730
17
18
6
1113
1
3
1364
3032
1
2
3
4
3033
3034
3035
3036
1
2
3
4
5
1
2
3
1810
682
683
4
5
6
1
2
1
1812
680
681
2
4
682
683
5
4809
141
142
63
3
2
2
3
1822
7434
1859
1860
1861
1819
4
5
6
7
8
9
4
5
661
9
4
12
1
3
11
12
681
4123
2
3
4
19
20
34
35
36
37
38
1507
39
5324
17
18
19
5
175
15
14
3
13
12
1374
11
10
9
8
12
13
11
3
4
16
5
1
6
7
7
8
10
1
1
1
2
3
4
5
11
1
14
23
10
22
5734
1
1
52
1787
53
1735
7
8
9
1640
1
3
4
2
1
196
7005
199
200
160
7297
201
202
203
204
109
149
190
192
152
7833
1110
127
3965
6
2795
125
201
11
184
7703
177
229
1128
11
12
13
2
14
15
16
17
18
29
19
20
21
22
30
3
4
5
6
7
8
9
10
1
5
3
1
2
3
4
5
2
1
4
5
6
7
8
1
2
8
9
10
11
12
13
14
15
16
17
18
19
3
20
21
22
23
24
25
26
4
27
28
29
30
31
5
6
7
32
33
34
35
36
37
38
39
40
41
9
40
10
22
26
29
30
31
33
34
41
35
17
16
1
1
2
1
1
1
2
1
4
18
16
17
1
2
3
10
6
56
2432
1709
2441
2442
2
3
18
19
6
20
21
915
3
4
2
10
1
2894
1
10
1
1
9
10
5
6
1
8
1429
1
15
1004
1
27
2
3
4
1
4
5
1
2
3
4
3
4
3
678
689
707
712
4
1
5
6
7
8
687
1217
4
3
3
5
708
1
2
4765
72
1
6151
3107
3108
3110
1
2
3
5
6
7
1
2
5
6
29
1
4
5
28
2
3
4
120
121
2996
122
123
1
2
1
24
121
122
126
567
133
82
260
136
43
293
25
254
372
153
155
157
6029
1
159
3
6
161
163
164
165
6351
6036
2
3
4
1
5
6
7
1
2
3
48
4
5
1
2
3
4
8
1
2
3
7
2058
1
2
6
8
100
106
50
49
48
1
5
2110
7246
8523
8524
8525
8526
2109
4
98
5398
14
15
69
156
59
60
61
2
3
5
62
63
66
67
50
51
52
53
54
55
57
58
90
8957
8958
134
136
138
139
140
141
137
8991
9
32
294
36
37
6
37
38
39
8
265
90
91
92
95
96
178
97
98
89
180
230
157
1
4
159
161
117
232
7680
7683
7684
1
3
64
3
5
5958
4
2
63
228
60
226
227
112
168
127
128
31
9799
46
169
9800
85
5
128
129
6
1202
437
5
6
1191
4
1
1
2
3
4
5
6
2034
7
8
5
1
2
3
4
5
5
6
7
369
1
2
3
4
5
7986
2
3
2
3
4
12
13
14
15
16
16
17
18
1
2
18
7961
1
2
3
4
5
6
1
9
10
11
13
18
7589
624
27
7591
1266
1
18
19
79
67
66
1
78
79
537
538
65
3
1
26
3
1
2
4
97
9
2
3
15
13
12
11
10
1
3
2
7
1
2
8
3
5
17
10
11
6
6
1
7
2
8
3
4
16
10
5
5
6
1
7
2
3
15
9
4
1
2
7
8
3
2139
1532
2127
9
10
2153
11
12
13
1648
3
1
13
6
7
2
3
4
12
5
6
1
8162
1
4
7979
56
57
59
61
10
9645
9
1
1
96
1
6
95
1
5
22
4
6
68
8315
8325
133
134
1
2
7
2
2
1
14
2
13
12
11
8
11
4
1174
2
3
2174
2
7
8
9
4
1
2
1
2
6
1
4
74
110
210
2
3
124
30
512
1
510
511
2530
509
1
3
6
6
1
2
1
3
3
4
75
5
7
9
10
3735
12
13
58
19
3740
3739
4
262
6750
263
261
569
570
5
6
7
8
9
10
11
12
13
8
14
5321
15
7
16
2
31
30
29
30
4794
26
71
1
72
2
25
23
17
7
31
32
33
34
35
36
37
4976
878
880
883
667
23
2
1
27
21
22
70
71
1
3
4
5
6
8
9
15
69
5
7
100
68
1
2
3
67
71
5
66
1
3
4
65
3
9
16
16
63
1
7
62
12
13
14
1
2
1
1
2
1
27
26
25
24
23
22
21
20
19
18
17
16
15
14
13
12
11
10
9
8
7
1
6
5
4
3
48
74
75
26
25
5367
30
24
15
8
1
4
7069
5
1
49
13
14
15
1
2
3
12
7013
7010
1
3
2
188
186
7012
2
4
5
36
35
189
36
2
1
2
1
3
3
2
1
3
1
4
3
2
4
5
6
7
8
9
6
1
2
1
2
3
4
5
6
7
8
9
10
11
12
13
14
1
3
4
5
6
7
8
9
10
11
14
15
3
5
9
10
14
12
1
2
4
5
6
8
11
14
15
12
16
1
2
3
4
5
6
7
11
15
1
2
3
4
9
10
14
2
3
4
5
9
13
14
15
1
2
4
7
15
1
3
6
7
14
11
1
2
5
6
13
10
1
11
110
4
9
1
10
8
4
8
1161
8
1
2
1
1
6416
56
54
6411
1
2
1
5783
5782
2
3
4
5
6
7
8
9
10
2
7
9
1
50
58
59
11
1913
1
5
7
4886
1909
6
3
5
2
4
5
2
1
14
15
7
4
30
8
1719
1720
31
1729
1730
32
11
33
1737
34
35
36
37
38
22
39
40
1738
41
23
42
1739
29
19
145
1
72
8
71
108
33
32
10
103
105
74
1
9
8
94
1
1
2
3
4
1872
2
1
2
3
2
3
1
4
1
16
8
7
2
6
1
2
1
2
3
58
4
5
6
7
8
1
46
4
1
2
3
3
12
1
2
3
4
5
6
1
2
3
4
5
4851
1
2
3
4
1
2
3
1
2
1
13
12
4743
3
55
54
53
53
2
29
55
54
6
4
3
2
1
1
1
2
1
2
3
4
3
4
2
2
3
1
4
103
2
109
107
11
10
4
1
2
3
1
1
2
3
4
5
6
7
2
6
1
6
7
8
9
4
9
9
1
1
1
1
2
3
4
5
1
5
4
3
1880
2
2
6
5
1
4
3
1
106
107
1514
108
4373
4374
4375
1
2
3
5
6
7
8
9
10
1
2
3
4
1
3
2
1
31
2
30
29
32
1
31
30
33
32
31
1
2
1
12
11
1
2
87
88
1
2
3
3
4
1
1
2
3
4
1
2
3
15
4
6
2
15
3
16
2
17
1
3
14
1
13
1008
1009
12
11
10
9
8
7
6
688
5
4
2
15
14
1008
13
12
11
10
9
8
7
689
6
5
1
19
17
4
2680
1485
3
2
3
9
8
311
304
2
690
19
6
7
17
1309
3049
56
55
1
2
3
1
2
11
12
13
1
1
2
516
521
2
3
4
3
2
1
2
1
1
4
1
1
2
3
4
5
6
28
1
1
208
17
1179
1594
2
1
1289
941
733
3
435
2
286
3
2
1
1
12
11
10
9
8
3
2
1
3
4
5
17
1308
1
1
2
1
7
6
1
5
4
2
4
1
2
1
184
5
6
1
2
1
1
20
43
1
2
1
14
8241
1
2
3
4
1
2
1
176
175
1
7
6
612
129
643
644
5
4
3
7
7
8
115
1
116
6
7
9
11
1
70
137
93
92
51
50
49
221
4176
48
10
3
2
2
3
1
1
2
1
2
1
2
1
2
3
4
5
1
2
3
4
1
2
3
1
2
3
4
5
1
2
3
4
1
2
1
6
10
9
8
1
3
3
4
5
6
2
3
4
8
1
3
4
5
6
7
1
2
3
4
7
1
2
3
6
1
2
4
5
1
2
3
4
3
17
1
4
1
2
1
2
3
1058
3
4
5
6
7
8
9
1
2
3
4
5
6
384
1
2
1
281
36
6845
100
3
57
54
3
1
4
5
6
894
7
8
9
10
11
12
13
14
15
16
17
18
19
20
916
21
2
5
1
2
3
4
1
18
2
3
2
7
38
1
2
1
2
1
2
3
5
6
7
8
9
10
11
12
13
5
37
22
1
2
4
5
6
7
8
9
10
37
11
12
21
1
4
5
11
24
12
13
37
20
4
5
6
1
2
3
4
5
6
7
8
9
10
8
39
40
41
38
41
1
2
3
4
5
6
33
7
8
1
2
3
4
5
6
7
9
1
2
3
4
5
6
1
2
3
30
4
5
29
27
28
30
32
1
2
29
3
4
1
2
3
27
1
2
1
2
25
1
25
31
30
29
15
16
23
5
1533
1
23
1
279
6003
25
23
22
21
19
26
3
4
5
1
2
2
38
1
27
8
1262
13
1
12
11
10
5
2
15
17
1
14
18
126
1897
1
7
6
5
8
8
7
84
83
1
4
5
2
3
4
1
2
1
49
72
1
2
2
1
148
19
8
6
1
105
104
106
104
1
339
4
5
12
16
18
4
1
1
55
27
296
12
7
6
23
24
25
26
45
108
106
1
65
7
26
21
6
1
2
3
3648
42
1
2
3647
3
1
3646
3645
1
82
81
80
79
78
77
2
76
75
74
73
7
71
70
3
83
1324
2
2
35
156
158
203
27
28
10
22
9
88
1
4
25
29
3
4
8
28
1
2
3
5
6
7
30
1
2
4
5
6
31
27
3
4
5
32
2
3
4
1
2
35
36
781
2999
3003
2998
3
2
2997
37
4850
4
5
1
6
1640
1
2
352
3
4
5
1
356
1
2
3
4
5
6
7
109
8
9
10
11
12
13
14
15
16
17
18
19
20
21
22
2
3
4
5
6
7
4
5
11
24
1
2
1
2
10
9
1
1204
7
1205
6
5
4
5
1
2
3
1
31
30
29
28
27
26
25
24
23
1
8
10
32
33
34
35
3634
36
31
25
2
19
126
20
19
11
12
13
1
24
22
18
54
1551
2
307
12
3208
300
1
7
11
10
3206
1
7
9
4
5
6
2213
2
3
2
2
2
1
18
1
1
4
3
1
6
5
4
3
7
1
5
1
10
1
2
5
1404
1
152
1
1
5
4
1023
3
1
224
1
3
1600
147
164
1
12
1
11
10
9
8
7
13
1424
1426
1457
2532
7
14
28
30
8
7
14
13
6
1
9
5
4
1
12
11
15
14
10
9
7
16
211
1
2
3
4
5
6
7
8
9
10
11
1
2
4
8
9
1
6
7
8
9
2
5
6
7
8
3
5
2
3
19
18
17
16
15
14
5
4
1
2
1
1
8
2
3
1
1
1
12
11
10
4
23
1767
9
8
7
13
1
2
3
28
4
1
2
29
3
1
30
31
30
148
1
1
2
5
4
1
1
2
7
6
4
7
4
8
7
1
13
2
185
2
4
5
42
14
6
40
13
15
2
3
4
42
1
46
2
44
47
1
46
48
3
1
2194
2
1
5
1
2
2211
1
2
3
5
1
2
11
5
11
1145
1
2
2
3
304
836
163
4
1
1
2
1
70
1
7632
8
9
10
1
2
3
4
11
1
2
1
4
1
4
3
5
2
2334
1
1
4407
1
1
2
294
1
25
26
2
10
11
6
7
8
2
5
1
1
1
1
9853
262
8732
8460
8459
1307
5
6
7
4
22
1
1
3
5
7
18
2
4
48
2
47
2
44
46
45
42
46
47
165
127
168
122
123
178
5329
5
2
5
6
7
2
3
5
331
19
156
157
157
1
14
7
11
296
298
294
3
2
1
6
309
1
2
3
4
5
6
1
3
4
2
1
6
10
2
1
2
1
1
1
417
1
2
94
95
96
1
1
2
1
1
2
1
1
2
1
1
1
2
2507
2
3
11
2
1075
36
1
1
1
15
1
3748
8
14
13
12
35
34
33
22
1092
11
10
2
9
8
7
6
5
4
5
7
2
11
12
13
15
16
3753
21
22
23
24
3736
25
8
9
10
9
10
11
12
13
2
1
8
18
6
7
8
46
9
10
11
1
2
17
15
14
6
7
8
9
14
7
8
5
251
4
1133
5
10
6
7
8
29
9
1
365
2
14
7
4
385
7
8
2
108
1
2
1
1
6
3
1
2
1
1
2
4603
1
4592
209
208
1
2
3
1
3
1
2
1
50
1
2
4
2
1
1
2
4
7
9
8
8
1
7
1
1
2
2
3
1
6
2
3
2
3
4
3
2
3
1
3
2
169
1
2
1
2
3
5
3
1
1
2
3
4
1
2
3
4
5
6
7
1
7
8
9
10
9
9
16
14
15
1
3
1
2
3
4
5
2
3
4
5
1
5
6
4
2
1
1
5
3
1
2
1
3
4
5
3
3
2
6
4
66
69
1
2
3
4
5
6
85
7
8
9
10
11
12
13
87
84
56
4822
1
2
3
4
5
6
7
8
9
75
10
11
12
57
58
4849
59
60
4850
94
95
1
2
3
4
83
5
6
7
8
74
9
19
10
11
1
2
3
82
4
5
6
7
73
8
9
10
92
53
1
2
4
5
6
72
7
8
9
54
55
56
58
2
3
4
5
71
6
7
8
79
1
2
3
4
70
5
6
7
22
50
1
2
3
69
4
5
6
4837
4839
4840
22
21
78
1
2
68
3
4
5
1
67
2
3
66
2
3
75
1
2
4827
74
64
1
73
63
6
5
4
3
2
7
92
511
510
3041
507
508
505
1137
2
3
1298
8047
1
1
2
2
3
4
5
1
7
2
3
4
5
6
2
3
4
11
12
8
5415
13
14
15
3
5
9
2
15
16
17
1
2
3
4
5
6
7
5
2
3
3
1
2
3
1
2
3
4
5
6
7
8
9
10
11
12
13
14
3
1
2
6
7
8
1
1578
3
1
2
11
10
1753
1
3
1
2
3
4250
171
4
763
5
6
7
1
2
3
4
5
6
7
8
9
10
11
12
13
14
15
16
17
18
19
1
2
3
4
5
6
7
8
9
10
11
12
13
14
15
16
17
18
1
2
3
4
5
6
7
8
9
10
11
12
13
14
15
16
17
1
2
3
4
5
6
7
8
9
10
11
12
13
14
15
16
1
2
3
4
5
6
7
8
9
10
11
12
13
14
15
1
2
3
4
5
6
7
8
9
10
11
12
13
14
1
2
3
4
5
6
7
8
9
10
11
12
13
1
2
3
4
5
6
7
8
9
10
11
12
1
2
3
4
5
6
7
8
9
10
11
1
2
3
4
5
6
7
8
9
10
1
2
3
4
5
6
7
8
9
1
2
3
4
5
6
7
8
1
2
3
4
5
6
7
1
2
3
4
5
6
7
1
2
3
4
5
1
2
3
4
1
2
3
1
2
1
6
7
1
23
1
31
30
29
1
1
2
473
2
1
1
10
11
6
3
1
1
2
3
1
2
1
1
2
1
2
3
1
2
1
1
1
69
74
73
1
38
1
216
1
19
16
18
5
1
13
19
12
11
4
15
1
1
2
2
3
5
2
1
2
3
2
3
3
3
3
1
2
3
1
2
3
1
3
4
3
2
1
2
3
4
3
1
1
5
4
1
1
2
3
4
4
5
1686
2
285
1
63
1684
3
4
283
64
5
5
41
1
1
2
3
4
5
6
7
191
22
24
25
25
1
4
1
4
4
10
9
8
2
4
6
22
1
2
3
2435
4
5
6
7676
5
6
7
8
9
10
11
78
5
29
30
31
11
5554
12
1
4
3
10
4
671
21
20
25
26
200
1
2
24
23
21
17
16
15
20
11
4
5
9
1
1110
27
9
2
3
4
7
8
9
10
4
10
11
12
1
2
6
12
13
14
3
4
12
6182
1
2
3
4
5
6
7
8
9
10
11
12
322
414
736
2
3
1
4
2
4
1
1431
2
1590
2
3
4
1
3
1266
2
1267
1
1
1
4
7
1
2
3
1
2
3
1
9
1
8
7
6
3325
1
2
1
2
3
6
4
1
2
1
2
2
3
4
5
19
31
40
42
28
5
6
63
101
6
157
1
1
5
4
5
6
3
5
1
2
3
1444
7
1
1
2
1
2
45
4
3
2
1
72
22
2
1
2
3
23
1
3
4
5
6
2
2
3
6
1
6
25
24
26
3
14
14
15
2
11
11
11
9
8
1
1
6
1
2
3
1
1
2
3
4
5
7
8
9
10
11
1
2
3
4
6
7
8
9
10
11
12
13
14
1
5
6
7
9
10
11
2373
2374
2375
12
13
1
2
4
5
6
7
8
9
10
1
3
4
5
6
7
8
9
2
3
4
5
7
8
1
2
3
4
6
7
8
1
2
3
5
1
2
3
4
5
6
1
3
1
2
3
1
1
2
2
10
9
8
7
1
6
5
4
11
3
2
2
3
4
1
101
102
103
1
2
3
3
4
8
831
1
1
1
2
1
2
3
4
5
6
7
8
9
10
1
2
3
6
7
9
10
1
2
5
6
1
3
4
5
2
3
4
4167
4168
2
1
4175
1
5
2
7
1
3
5
2
3
3
1
1
497
1
2
3
4
5
6
7
8
1
2
12
6
5
3
2
1
13
1
12
1
13
1
1
15
4
1
1
2
304
7
6
5
4
3
2
2371
2384
7
6
5
4
47
4
4
92
4
1
2
1
19
18
1
1
2
1
5
1
2
4
3
2
1
1
2
8
7
3
1
7
1
2
1
1
3
2
1
2
1
2
3
4
4
1
1
1
1
1
1
2
1
2
14
7
6
5
4
5
6
36
7
8
2
6
7
5
1
4
8
7
1
6
3307
3305
5
1
1
2
4
8
29
6
7
6
4
3
2
1
12
3
2
1
7
7
4
8
6
1
1
2
2
3
4
409
1
2
410
6475
6476
2
3
27
4
26
45
62
27
43
38
12
1
2
1
15
4
5
1
1
8
7
1
1
10
9
2
8
1
2989
2990
2
1
3773
1
2
3
4
1
2
3
3
2
3
1
1
872
576
1
4
4
3
2
1
1
1
14
15
6
8
2606
13
14
1
2
3
4
11
9
1
2
3
10
8
1
2
9
7
1
8
6
7
7
5
22
21
27
27
1
1
2
3
4
5
6
9
8
7
1
3
6
6
1
2
6
15
10
1
1
1
1
2
3
1
1
130
1
2
1
3
24
23
22
21
20
19
18
17
7
8
4
3
2
2
3
4
5
6
15
14
4
15
7
2
3
4
33
2
8
81
80
7
6
4867
17
16
15
18
3
14
4190
16
7
4
3
2
1
35
34
1
2
3
4
5
6
32
28
27
26
25
24
23
30
21
11
1
10
2
3
9
4
19
5
1
2
3
1
2
3
1
2
1
9
2
3
20
72
71
309
303
8
7
1
12
67
65
1
1
466
467
1
2
3
4
5
6
7
1
3
5
6
7
6
1
2
3
4
5
1
2
3
5
1
2
9
1
2
7
1
1
4
1
1
1
1
1
2
3
4
5
3
8
3
2
6
5
1
1
1
2
3
4
5
6
7
4
5
7
2
5
1
3
4
3
3
1
3
4
5
6
11
10
9
14
1
1
2
3
15
970
14
13
6
5
2
1
7
6
1
29
4
1
4
605
3
2
5
4
939
1
2
6
5
4
4
2
6
4
6
2
1
2
1
2
2
10
21
13
12
300
307
308
11
7
5
315
4
3
2
1
2
3
4
4
9
2
5
10
1
1
1
2
3
1
38
10
9
8
7
2
56
24
6
454
477
63
478
5
4
3
40
40
18
4
1023
3
2
1
5
1
4
3
2
6
4
8
3
2
6
4
6
6
2
1
7
12
4
2
21
1
119
118
1
2
9
8
7
6
3
1
2
7
4
3
2
3
3
2
1
9
8
1
2
3
4
5
6
7
8
9
10
1
2
3
4
5
6
1
2
3
4
5
1
2
3
4
5
6
37
36
35
34
33
32
1
2
3
1
2
1
14
13
42
15
1
1
2
3
4
5
6
7
2
3
4
3
71
1
57
38
56
59
16
15
14
13
1
2
2
5
4
1
2
3
4
1
3
4
3
1
9
8
7
6
5
48
196
195
53
1
54
3
2
1
1
3
1
2
3
3
1
1
2
19
16
12
10
20
1
1
2
1
2
1
1
2
4
1
8
7
1
9
1
2
3
11
2135
12
5
4
8
9
2145
7
6
5
1
11
7
1
2
1
2
3
3
1777
4
4
63
61
60
1
1
2
3
8
9
2
1
391
392
393
18
28
31
32
1
2
3
4
3
4
5
6
4
5
1
2
1
2
6
3
1
6
2
8
1
2
762
1
2
763
3
4
5
1
2
1
1
5996
1
1
4427
2
3
4
3
4
1
5
1
1
2
9
1
2
3
4
1
5
6
76
1
2
1
2
3
2
3
5342
1
1
1
2
24
1090
26
27
64
1
1
1
1
4985
2
4
5
1
5
2
1
1
2
3
3234
1
2
3
3
1
1
1
2
12
3
2
4
6
4
3
1
3
4
5
6
4
43
5
6
8
3
4
40
1
5536
10
11
12
4
2
20
21
22
23
25
26
32
31
35
36
37
34
1
1
2
2
3
2
3
4
5
5
8
9
6
2
3
1
14
1780
5
1
1779
8
29
2
31
32
30
1
2
3
4
5
6
7
8
9
1
2
4
5
6
7
8
1
3
4
5
6
7
2
3
4
5
6
7
8
5
8
1
2
3
4
1
2
3
1
2
1
1
2
1
2
1
1
2
2
77
75
1
251
1
270
1
2
3
4
15
1
2
1
1
3
5
1
4604
2
3
4
5
4598
1
1
1
1
1
2
1
3632
1
8
8
9
10
11
1
8
8
1
2
3
1
2
3
2
24
1
6
14
7
8
1
12
13
19
26
20
21
25
544
8
1
12
13
22
3
2
1
4
3
3
2
3
8
1
2
3
1
2
1
2
25
1
1
1
2
5
2
3
4
1
2
3
1
2
666
4
1
26
1
2
1
2
241
1
2
1
1
2
5
244
1066
7
1
2
3
1
2
1
2
1
1
1
2
2
3
4
4
4
5
2
3
5
1
17
16
427
3
2
5
30
31
29
1
1
2
1
1
2
2
414
1
2
7
6
5
4
3
8
10
1
1
1
2
3
4
5
1
2
4
1
12
11
10
13
10
9
13
8
7
12
6
5
4
14
1
2
3
4
5
6
3413
1
5
2
1284
3
4
6
7
8
9
5
6
4
5
1
2
9
8
1
6
9
7
9
1
2
3
4
555
2
8
9
10
11
12
3
11
11
12
13
1
2
13
14
15
16
17
18
10
1
2
1
1
4
5
4
4
5
9
167
2
2
1
4
1
114
65
1
1
13
12
3
6
8
8
15
1
2
3
1
3
6
7
6
1
2
1
25
2
3
4
2
3
25
1
1
1
1
2
9
3
4
5
6
7
1
3
4
1
1
2
3
4
5
6
7
8
9
10
1
6
5
6
7
1
1
2
3
4
5
4
3
1
2
1
87
1
1
2
3
1
3
4
1
2
1
4
4260
2
3
6
7
2
1
3
3
2
1
1
2
3
4
5
4787
4788
4789
4790
15
17
8
2
33
1
1
1
6
1
1
2
3
3
4
4
1
6
1
1
2
4443
16
17
18
10
1
2
3
5
7
1
2
3
6
7
8
9
10
11
12
4
21
22
9
1
7
1
2
9
15
17
16
23
4
6
6
5
1
5
3
2
2
3
1
7
1
1
3
1
1
2
1
6
21
20
19
18
17
2
1
1
2
6
1
7
1
2
3
4
1
6760
1
2
3
4
5
1
2
5
1
4
3
1
2
3
1
2
2
1
1
2
3
4
5
3
4
5
4
8
1
1
1
2
1
2
3
3
1746
6
1
1
14
9
8
7
6
5
4
3
2
11
63
60
1
1
5915
1
2
3
2
3
1
2
3
11
11
1
1
12
9
1
2
1
2
3
4
5
13
5
6
1
1
1
5
1
43
1
4
1
2
1
4
3
1
6627
7337
4
4
8298
3
1
2
3
1
1
1
3
2
1
1
2
3
4
4
23
1
1
11
3
1
2
3
3
1
1
230
146
1
8
1
8
44
1
1
2
3
1
1
1
2
3
4
2
3
4
1
27
30
29
6
5
4
3
1
2
3
4
5
2
5
3
1
2
3
1
2
1
2
3
1
2
1
12
1
3
1
2
1
10
10
11
1
2
9
8
7
6
5
4
3
79
3
1
2
3
1
421
3
1
4
6
7
2
3
4
5
1
27
28
28
28
27
5
1
1
1
1
2
3
4
5
6
7
8
1
1
4
1
1
2
1
2
3
4
5
920
1
7
2
10
1
1
2
1
8
2
1
2
3
1
4
3
3
2
3
1
1
1
1383
5
2
1
5
5
1
2
2
82
180
179
8
7
10
13
9
6
5
4
7
4
3
5
2
1
2
3
1
2
1
1
2
3
1
2
1
1
2
3
4
5
5
3
2
1
2
1
1
131
130
132
1
6
1
2
3
1
3
4
1
4
5
3
1
2
1
1
4
1
1
7
2
1
3
4
2
1
4
3
2
1
5
1
2
5
1
6
7
1
2
1
3798
3797
2
3
4
1
2
3
1
2
3
1
1
1
1
2
3
4
190
6
5
1
2
1
5
4
1
2
1
1
1
1
2
2
3
3
160
3
1
17
4
1
6
5
3
5
4
2
1
57
1
1
1
2
4
7
8
4
1
7
6
1
1
2
1
2
11
1
12
10
1
2
1
1
2
1
1
2
1
44
2
1
5
2
2
2
1
1
1
1
2
1
2
3
4
4
1
5
6
7
7
4
1
2
3
2
3
4
1
8
1
1
7
6
1
7
2
1
2
1
5
6
4
1
3
4
2
2
1
64
1
2
19
20
18
1
2
1
2
2
2
3
1
5
6
7
1
1
3
1
1
2
1
2
3
4
2966
2965
1
2967
1
1
1
2
1
1
3
2
271
2787
2
1
1
2
3
4
5
1
2
3
4
1
2
3
1
2
1
2
3
1
2
4
1075
1
2
3
1
5
1
1
4
2
1
1
1
1
2
3
4
4
5
6
7
3
1
1
7
8
9
1
1
2
1
2
1
2
3
1
3
2
1
14
1
2
2
3
4
2
1
1
2
3
1
2
1
1
3
2
2
3
1
1
1
2
3
4
5
6
7
1
1311
6
1
3
5
1
1
1
4
5
6
2
2
1
1
1
40
1
3
2
1
2
3
1
3
4
1
2
4
1
3
4
2
1
2
1
131
134
1
2
3
4
5
6
7
1
2
3
4
5
6
2
3
4
5
6
7
1
2
3
4
2
3
4
5
6
1
2
3
4
1
1
1
7
1
1
2
2
1
2
3
1
1
2
3
4
5
6
2
2
3
4
5
1
2
1
2
1
2
3
4
5
1
2
5
6
1
1
1
2
1
6
7
1
2
3
1
2
3
1
168
167
1
44
1
1
2
1
1
2
3
3
4
1
4
1236
1
2
3
4
5
1
2
3
4
1
2
3
1
2
3
4
1
2
1
2
2
3
4
4
5
1
2
3
4
1
2
4
2
2
4
3
1
1
8
9
2
7
1
2
1
3
1
1
1
1
10
11
1
2
3
1
3
3
1
1
1
6
6
7
1
10
2
1
2
1
2
3
4
6
5
1
1
2
3
1
1
1
2
1
3
2
2
3
2
3
1
3
2
10
1
2
3
1
1
2
2
2
3
6
7
18
1
4
5
6
3
11
12
13
3
5
6
1
1
1
1
4
1
2
1
2
3
1
1606
1
160
1
2
1
1
2
1
23
22
3
1
1
2
3
1
1
6
11
1
2
3
1
1
2
1074
3
1
2
4
3
2
2
1
1
2
3
1
2
2
4
5
3
2
3
1
1
2
3
4
2
1
1
1
1
1
2
1
1
3
6
5
1
3
4
5
1
1
1
1
1
2
3
7
8
1
2
6
7
1
10
1
6368
1
2
6
4
1
2
1
2
3
7
4662
1
2
3
2
1
2
1
1
2
1
1
1
1
1
1
1
2
3
2307
2
1
1
5
7
1
1
1
1
1
2
1
1
2
1
1
2
1
2
3
1
12
2
2
3
7
6
3
1
2
2
2
2
1
1
2
3
1
2
1
1
2
1
1
3
4
3
1
1
1
1
1
1
2
4
2
1
1
1
2
16
1
1
1
1
1
2
1
5
4
1
1
2
3
4
3
1
4
2
1
2
3
132
4
1
1
5
1
1
1
3180
2
2
4
5
1
3
4
24
2
1
2
18
1
1
1
1
1
6
7
19
1
1
2
3
1
2
1
1
1
2
2
1
1
2
3
1
2
1
1
1
1
1
1
2
3
4
1
4
3
2
1
2
1
1
1
4
4
2
1
2
3
1315
8
1
2
1
8
7
4
1
27
26
1
2
1
2
2282
3
1
1
1
5
4
1
1
1
2
2
1
3
4
3
1
2
1
1
1
1
1
2
1
2
1
1
1
1
2
3
4
3
12
13
1
4
2
2
2
2
7
2
8
7
2
7
11
1
2
28
26
1
1
2
3
1
2
1
3
3
4
1
1
1
1
12
13
1
1
2
3
1
2
1
1
1
2
1
2
3
4
5
6
1
1
2
33
1
2
1
2
3
4
1
2
3
2
14
1
1
1
1
2
3
4
5
6
7
8
1
2
1
3
2
1
1
1
1
2
1
1
2
1
1
2
3
5
4
2
1
1
1
1
6
1
2
3
7
1
2
2
27
25
1
1
2
3
4
4
279
2
43
3
2
3
4
1
2
1
2
1
1
2
2
1
2
2
4
5
3
1
2
2
1
1
1
1
1
1
1
1
1
1
1
1
3
4
2
1
1
2
3
3
1
1
1
1
1
2
1
2
1
1
2
3
1
2
1
1
2
3
1
2
3
4
5
6
1
989
2
249
2
1
1
2
3
4
2464
2
1
2
1
1
1
1
2
3
4
3
2
1
1
2
3
1
2
3
1
1
2
1
1
17
1
1
2
1
2
1
1
2
3
2
1
1
1
12
1
1
2
2
1
39
1
4
1
2
3
4
1
2
3
4
5
6
1
2
4
1
2
3
1
2
4
5
3
4
1
1
1
2
7
1
1
1
1
1
2
2
1
1
1
2
1
2
2
1
1
1
1
2
1
2
2
65
4
5
6
2
2
3
4
1
1
2
1
1
9
1
1
2
3
4
5
6
1
2
3
4
5
6
1
2
3
5
1
2
3
4
5
1
2
3
1
2
1
1
1
1
2
1
1
2
1
2
1
2
2
3
1
1
1
1
1
3
4
2
1
1
3
1
32
33
31
31
30
4
4
1
1
1
3
1
32
1
2
1
1
1
1
2
1
1
1
1
1
1
4
1
1
1
1
2
2
1
1
2
3
4
1
1
1
1
1
1
2
3
4
2959
1
1
1
2
2
2
1
1
2
4
2
1
1
1
1
1
1
1
2
3
1
2
3
1
2
3
1
1
1
2
3
1
2
3
1
1
2
1
1
1
1
1
2
3
1
2
1
1
1
1
1
2
1
1
2
1
2
3
4
5
1
1
1
2
1
2
1
2
4
3
1
1
1
1
1
1
2
1
1
2
1
1
1
1
1
1
2
1
1
1
2
3
2
1
2
1
1
1
